#name: M.musculus - Gut epithelium, SC (Kruger,Cell,2008)
#score: 2.96
#weight: 100%
#description: abundance based on Spectral counting, from<a href="http://www.sciencedirect.com/science/article/pii/S0092867408006958" target="_blank">Kruger,Cell,2008</a><br/><b>Interaction consistency score</b>: 2.96&nbsp<b>Coverage</b>: 3
#organ: GUT_EPITHELIUM
#integrated: false
#coverage: 3
#publication_year: 2008
#filename: Mouse_gut_epithelium_Kruger2008_cell.txt
#
#internal_id	string_external_id	abundance	raw_spectral_count
2111843	10090.ENSMUSP00000109348	636	9
2106344	10090.ENSMUSP00000075945	857	11
2097921	10090.ENSMUSP00000030665	424	2
2104570	10090.ENSMUSP00000064755	332	2
2115497	10090.ENSMUSP00000137406	177	7
2101323	10090.ENSMUSP00000045606	1447	4
2095803	10090.ENSMUSP00000023353	266	2
2104638	10090.ENSMUSP00000065275	691	2
2093883	10090.ENSMUSP00000007130	710	5
2113524	10090.ENSMUSP00000127808	617	14
2095081	10090.ENSMUSP00000021133	744	4
2104571	10090.ENSMUSP00000064758	953	4
2106923	10090.ENSMUSP00000079070	1071	18
2102014	10090.ENSMUSP00000049315	651	4
2110282	10090.ENSMUSP00000099634	3073	18
2109332	10090.ENSMUSP00000095927	824	6
2095215	10090.ENSMUSP00000021550	1934	5
2098145	10090.ENSMUSP00000031314	3529	20
2095217	10090.ENSMUSP00000021554	1068	10
2098302	10090.ENSMUSP00000031766	267	2
2096899	10090.ENSMUSP00000027438	9393	21
2097337	10090.ENSMUSP00000028892	3374	10
2096897	10090.ENSMUSP00000027432	1547	10
2098551	10090.ENSMUSP00000032705	272	3
2115264	10090.ENSMUSP00000137011	217	7
2106445	10090.ENSMUSP00000076503	1311	7
2105923	10090.ENSMUSP00000073626	644	5
2104320	10090.ENSMUSP00000062996	1122	6
2093721	10090.ENSMUSP00000005651	3835	10
2104836	10090.ENSMUSP00000066715	2277	5
2114204	10090.ENSMUSP00000131802	1736	5
2112802	10090.ENSMUSP00000120115	1633	8
2099334	10090.ENSMUSP00000035033	2203	13
2096700	10090.ENSMUSP00000026704	4541	22
2106903	10090.ENSMUSP00000078971	350	4
2093147	10090.ENSMUSP00000000767	315	2
2103417	10090.ENSMUSP00000057543	111	5
2097274	10090.ENSMUSP00000028683	3788	18
2097640	10090.ENSMUSP00000029770	1475	5
2100491	10090.ENSMUSP00000041104	1145	8
2094000	10090.ENSMUSP00000009256	578	2
2109848	10090.ENSMUSP00000097605	835	3
2098098	10090.ENSMUSP00000031181	2573	6
2114001	10090.ENSMUSP00000130546	2980	7
2110201	10090.ENSMUSP00000099453	1098	6
2100014	10090.ENSMUSP00000038540	2392	3
2110797	10090.ENSMUSP00000101854	6998	13
2095178	10090.ENSMUSP00000021424	521	3
2096356	10090.ENSMUSP00000025642	1488	5
2109537	10090.ENSMUSP00000096753	700	3
2113758	10090.ENSMUSP00000129186	3261	12
2097782	10090.ENSMUSP00000030201	789	5
2099426	10090.ENSMUSP00000035366	1440	8
2096360	10090.ENSMUSP00000025649	626	3
2110798	10090.ENSMUSP00000101858	906	3
2093590	10090.ENSMUSP00000004232	4392	11
2106112	10090.ENSMUSP00000074658	304	3
2108549	10090.ENSMUSP00000091659	113	2
2098489	10090.ENSMUSP00000032440	990	2
2093258	10090.ENSMUSP00000001592	477	4
2100694	10090.ENSMUSP00000042155	1198	4
2110429	10090.ENSMUSP00000099947	1383	3
2093226	10090.ENSMUSP00000001365	2071	11
2105930	10090.ENSMUSP00000073695	491	3
2097029	10090.ENSMUSP00000027863	2137	6
2097458	10090.ENSMUSP00000029259	416	3
2102406	10090.ENSMUSP00000051619	844	3
2110307	10090.ENSMUSP00000099681	1465	7
2096883	10090.ENSMUSP00000027384	1230	10
2109938	10090.ENSMUSP00000098076	704	5
2114459	10090.ENSMUSP00000133523	5386	13
2093413	10090.ENSMUSP00000002790	1239	11
2096187	10090.ENSMUSP00000025083	1842	18
2106305	10090.ENSMUSP00000075690	7815	14
2108017	10090.ENSMUSP00000087453	1516	4
2106191	10090.ENSMUSP00000075067	3464	7
2096138	10090.ENSMUSP00000024944	1426	8
2099173	10090.ENSMUSP00000034567	1585	9
2094319	10090.ENSMUSP00000015877	520	2
2108340	10090.ENSMUSP00000090155	3389	13
2096706	10090.ENSMUSP00000026743	1495	3
2115304	10090.ENSMUSP00000137080	184	2
2112594	10090.ENSMUSP00000116108	2665	10
2102025	10090.ENSMUSP00000049355	3862	16
2111407	10090.ENSMUSP00000106018	563	3
2094903	10090.ENSMUSP00000020538	793	6
2112772	10090.ENSMUSP00000119564	662	5
2100750	10090.ENSMUSP00000042457	3955	12
2107692	10090.ENSMUSP00000084586	626	7
2100399	10090.ENSMUSP00000040550	1116	8
2098971	10090.ENSMUSP00000034046	2750	13
2112691	10090.ENSMUSP00000118046	283	7
2107691	10090.ENSMUSP00000084582	2839	12
2104756	10090.ENSMUSP00000066181	2006	17
2093313	10090.ENSMUSP00000001989	3034	16
2095110	10090.ENSMUSP00000021226	1188	3
2101132	10090.ENSMUSP00000044630	3881	10
2108125	10090.ENSMUSP00000088249	543	3
2101808	10090.ENSMUSP00000048218	320	3
2103711	10090.ENSMUSP00000059192	318	3
2095840	10090.ENSMUSP00000023467	826	4
2093376	10090.ENSMUSP00000002436	2250	5
2096059	10090.ENSMUSP00000024709	1425	4
2099122	10090.ENSMUSP00000034441	931	11
2100853	10090.ENSMUSP00000043123	472	2
2100621	10090.ENSMUSP00000041814	595	4
2104853	10090.ENSMUSP00000066806	252	2
2096819	10090.ENSMUSP00000027189	922	4
2096665	10090.ENSMUSP00000026576	6578	11
2110349	10090.ENSMUSP00000099776	905	3
2106616	10090.ENSMUSP00000077535	1331	7
2106221	10090.ENSMUSP00000075234	113	2
2101825	10090.ENSMUSP00000048285	1029	5
2094555	10090.ENSMUSP00000018727	537	2
2106692	10090.ENSMUSP00000077909	440	3
2096328	10090.ENSMUSP00000025546	414	3
2113530	10090.ENSMUSP00000127842	457	3
2096463	10090.ENSMUSP00000025931	400	3
2098192	10090.ENSMUSP00000031423	735	11
2093878	10090.ENSMUSP00000007005	381	2
2108054	10090.ENSMUSP00000087736	320	3
2104322	10090.ENSMUSP00000063005	379	6
2107085	10090.ENSMUSP00000080074	1694	7
2103448	10090.ENSMUSP00000057771	2807	10
2093551	10090.ENSMUSP00000003906	584	4
2112805	10090.ENSMUSP00000120152	443	4
2097427	10090.ENSMUSP00000029135	1004	4
2110475	10090.ENSMUSP00000100038	2225	13
2097944	10090.ENSMUSP00000030734	823	4
2110474	10090.ENSMUSP00000100037	646	2
2110473	10090.ENSMUSP00000100036	646	2
2110469	10090.ENSMUSP00000100030	646	2
2110471	10090.ENSMUSP00000100033	646	2
2110470	10090.ENSMUSP00000100032	646	2
2111254	10090.ENSMUSP00000105028	281	3
2100886	10090.ENSMUSP00000043340	1188	3
2104593	10090.ENSMUSP00000064893	908	5
2096372	10090.ENSMUSP00000025684	416	5
2097681	10090.ENSMUSP00000029885	2164	5
2109377	10090.ENSMUSP00000096149	922	5
2105429	10090.ENSMUSP00000070957	1047	3
2096427	10090.ENSMUSP00000025833	3083	15
2099357	10090.ENSMUSP00000035105	317	2
2096429	10090.ENSMUSP00000025835	378	4
2110370	10090.ENSMUSP00000099823	456	2
2107132	10090.ENSMUSP00000080354	608	2
2113427	10090.ENSMUSP00000127198	326	3
2100155	10090.ENSMUSP00000039269	768	6
2097627	10090.ENSMUSP00000029729	516	2
2101117	10090.ENSMUSP00000044556	3389	14
2112105	10090.ENSMUSP00000111093	959	4
2102668	10090.ENSMUSP00000053129	567	4
2104735	10090.ENSMUSP00000065987	1730	10
2108177	10090.ENSMUSP00000088618	266	2
2093516	10090.ENSMUSP00000003572	1462	13
2104986	10090.ENSMUSP00000067830	1619	7
2098366	10090.ENSMUSP00000032078	3824	11
2096312	10090.ENSMUSP00000025486	1240	5
2107732	10090.ENSMUSP00000085006	646	2
2095447	10090.ENSMUSP00000022268	1040	4
2099004	10090.ENSMUSP00000034138	836	3
2106523	10090.ENSMUSP00000076971	547	4
2095937	10090.ENSMUSP00000023760	8089	15
2105711	10090.ENSMUSP00000072438	554	4
2098947	10090.ENSMUSP00000033975	848	3
2099000	10090.ENSMUSP00000034131	1332	9
2108421	10090.ENSMUSP00000090844	741	4
2095466	10090.ENSMUSP00000022322	1916	11
2097495	10090.ENSMUSP00000029400	1760	9
2096310	10090.ENSMUSP00000025483	656	3
2111263	10090.ENSMUSP00000105094	555	2
2093534	10090.ENSMUSP00000003681	624	4
2098399	10090.ENSMUSP00000032175	1824	19
2107572	10090.ENSMUSP00000083555	246	2
2097739	10090.ENSMUSP00000030078	1811	8
2100570	10090.ENSMUSP00000041543	659	2
2098845	10090.ENSMUSP00000033673	385	2
2103619	10090.ENSMUSP00000058683	834	3
2112852	10090.ENSMUSP00000120976	4791	24
2099655	10090.ENSMUSP00000036696	2143	6
2096797	10090.ENSMUSP00000027123	7475	22
2101399	10090.ENSMUSP00000046079	299	2
2098880	10090.ENSMUSP00000033775	902	4
2113648	10090.ENSMUSP00000128525	625	7
2108019	10090.ENSMUSP00000087466	327	2
2107071	10090.ENSMUSP00000079967	1037	18
2095732	10090.ENSMUSP00000023116	3315	20
2112349	10090.ENSMUSP00000113213	4178	13
2104530	10090.ENSMUSP00000064518	782	7
2098640	10090.ENSMUSP00000032992	750	6
2100406	10090.ENSMUSP00000040580	1107	3
2112417	10090.ENSMUSP00000113672	2233	5
2102032	10090.ENSMUSP00000049407	2353	8
2095136	10090.ENSMUSP00000021306	734	5
2101866	10090.ENSMUSP00000048489	408	2
2100521	10090.ENSMUSP00000041260	2595	9
2104057	10090.ENSMUSP00000061498	608	3
2096808	10090.ENSMUSP00000027153	1630	8
2099717	10090.ENSMUSP00000036993	579	6
2093740	10090.ENSMUSP00000005826	887	3
2095517	10090.ENSMUSP00000022517	741	3
2109161	10090.ENSMUSP00000095316	2226	9
2096075	10090.ENSMUSP00000024755	1857	6
2096769	10090.ENSMUSP00000027015	715	3
2114031	10090.ENSMUSP00000130738	405	3
2111580	10090.ENSMUSP00000107492	7412	22
2112280	10090.ENSMUSP00000112727	481	3
2106815	10090.ENSMUSP00000078540	5138	38
2105416	10090.ENSMUSP00000070871	642	3
2099574	10090.ENSMUSP00000036178	408	3
2108188	10090.ENSMUSP00000088729	360	7
2095990	10090.ENSMUSP00000023934	1249	6
2111954	10090.ENSMUSP00000110158	1437	9
2094878	10090.ENSMUSP00000020484	1867	4
2110942	10090.ENSMUSP00000103012	440	5
2108446	10090.ENSMUSP00000091041	1798	14
2094724	10090.ENSMUSP00000019967	405	2
2102313	10090.ENSMUSP00000051033	286	4
2100314	10090.ENSMUSP00000040140	1436	3
2095770	10090.ENSMUSP00000023231	769	2
2100900	10090.ENSMUSP00000043424	507	5
2105495	10090.ENSMUSP00000071370	1125	3
2097712	10090.ENSMUSP00000029987	4524	13
2105514	10090.ENSMUSP00000071486	1709	8
2101673	10090.ENSMUSP00000047551	375	2
2096490	10090.ENSMUSP00000026013	2289	8
2100187	10090.ENSMUSP00000039429	1602	11
2111839	10090.ENSMUSP00000109288	1831	16
2093151	10090.ENSMUSP00000000804	396	7
2106867	10090.ENSMUSP00000078746	372	4
2096478	10090.ENSMUSP00000025979	1605	13
2110479	10090.ENSMUSP00000100044	646	2
2110480	10090.ENSMUSP00000100045	1215	4
2098679	10090.ENSMUSP00000033096	721	5
2110478	10090.ENSMUSP00000100042	646	2
2110482	10090.ENSMUSP00000100048	646	2
2096632	10090.ENSMUSP00000026495	1426	7
2096447	10090.ENSMUSP00000025891	1826	9
2098103	10090.ENSMUSP00000031195	722	3
2110405	10090.ENSMUSP00000099888	186	3
2097693	10090.ENSMUSP00000029919	1616	10
2105880	10090.ENSMUSP00000073371	5375	11
2099830	10090.ENSMUSP00000037555	589	4
2101283	10090.ENSMUSP00000045409	248	3
2096666	10090.ENSMUSP00000026577	1276	10
2112566	10090.ENSMUSP00000115704	1904	4
2093545	10090.ENSMUSP00000003843	707	3
2093696	10090.ENSMUSP00000005431	3527	17
2107362	10090.ENSMUSP00000081782	80.5	2
2097599	10090.ENSMUSP00000029663	778	3
2103885	10090.ENSMUSP00000060246	319	3
2093449	10090.ENSMUSP00000003038	791	7
2097978	10090.ENSMUSP00000030826	1021	2
2100689	10090.ENSMUSP00000042123	6743	8
2097467	10090.ENSMUSP00000029303	211	4
2107232	10090.ENSMUSP00000080854	1324	2
2108386	10090.ENSMUSP00000090564	2601	8
2113065	10090.ENSMUSP00000124625	397	3
2107283	10090.ENSMUSP00000081141	1015	6
2108962	10090.ENSMUSP00000093945	1621	12
2110158	10090.ENSMUSP00000099364	1141	8
2111007	10090.ENSMUSP00000103531	896	9
2105387	10090.ENSMUSP00000070682	975	3
2106455	10090.ENSMUSP00000076564	1222	7
2099016	10090.ENSMUSP00000034173	1549	7
2094574	10090.ENSMUSP00000018875	598	5
2111232	10090.ENSMUSP00000104883	1037	3
2108430	10090.ENSMUSP00000090895	1225	5
2108431	10090.ENSMUSP00000090897	1225	5
2094405	10090.ENSMUSP00000017188	2591	10
2094634	10090.ENSMUSP00000019323	3749	10
2097757	10090.ENSMUSP00000030134	679	4
2095600	10090.ENSMUSP00000022706	3094	12
2103553	10090.ENSMUSP00000058308	303	3
2098389	10090.ENSMUSP00000032143	3316	17
2096564	10090.ENSMUSP00000026270	789	4
2114194	10090.ENSMUSP00000131735	315	2
2094448	10090.ENSMUSP00000017743	771	2
2111650	10090.ENSMUSP00000108086	169	3
2099015	10090.ENSMUSP00000034172	2060	13
2100015	10090.ENSMUSP00000038555	524	2
2095484	10090.ENSMUSP00000022380	1117	3
2108415	10090.ENSMUSP00000090808	1650	8
2108665	10090.ENSMUSP00000092348	1004	4
2107032	10090.ENSMUSP00000079727	1183	9
2113518	10090.ENSMUSP00000127774	1286	3
2099587	10090.ENSMUSP00000036258	424	6
2104876	10090.ENSMUSP00000066915	837	3
2111479	10090.ENSMUSP00000106534	646	4
2114895	10090.ENSMUSP00000136357	646	2
2099877	10090.ENSMUSP00000037819	1414	14
2105443	10090.ENSMUSP00000071054	458	2
2093295	10090.ENSMUSP00000001834	1409	4
2099024	10090.ENSMUSP00000034198	140	5
2097906	10090.ENSMUSP00000030623	480	4
2094088	10090.ENSMUSP00000010899	835	4
2096794	10090.ENSMUSP00000027111	1645	7
2098906	10090.ENSMUSP00000033873	1890	7
2102452	10090.ENSMUSP00000051922	740	5
2099085	10090.ENSMUSP00000034355	1428	9
2096778	10090.ENSMUSP00000027050	496	3
2095330	10090.ENSMUSP00000021907	2732	6
2107591	10090.ENSMUSP00000083705	1829	8
2100132	10090.ENSMUSP00000039109	289	3
2109057	10090.ENSMUSP00000094778	293	4
2101403	10090.ENSMUSP00000046101	5663	27
2094967	10090.ENSMUSP00000020756	324	2
2099291	10090.ENSMUSP00000034905	549	2
2095160	10090.ENSMUSP00000021375	1816	8
2109942	10090.ENSMUSP00000098096	1127	5
2102781	10090.ENSMUSP00000053818	89.1	5
2099818	10090.ENSMUSP00000037497	1153	6
2104843	10090.ENSMUSP00000066743	356	2
2113247	10090.ENSMUSP00000126192	2961	8
2104794	10090.ENSMUSP00000066461	1108	4
2110786	10090.ENSMUSP00000101727	1023	3
2098766	10090.ENSMUSP00000033444	376	4
2103251	10090.ENSMUSP00000056502	1760	3
2093321	10090.ENSMUSP00000002043	868	3
2093467	10090.ENSMUSP00000003183	437	3
2095044	10090.ENSMUSP00000021018	1043	3
2096298	10090.ENSMUSP00000025439	2367	12
2105611	10090.ENSMUSP00000071939	569	2
2104805	10090.ENSMUSP00000066516	283	2
2113253	10090.ENSMUSP00000126224	212	4
2100781	10090.ENSMUSP00000042691	288	3
2097891	10090.ENSMUSP00000030561	103	5
2094713	10090.ENSMUSP00000019937	439	2
2093347	10090.ENSMUSP00000002198	842	6
2106354	10090.ENSMUSP00000075987	453	2
2094458	10090.ENSMUSP00000017841	789	2
2110826	10090.ENSMUSP00000102050	661	3
2106448	10090.ENSMUSP00000076521	4134	23
2093237	10090.ENSMUSP00000001460	588	5
2101697	10090.ENSMUSP00000047665	578	3
2101373	10090.ENSMUSP00000045912	440	2
2107714	10090.ENSMUSP00000084846	1515	11
2097250	10090.ENSMUSP00000028617	1484	5
2104267	10090.ENSMUSP00000062670	706	3
2094336	10090.ENSMUSP00000016081	784	3
2110676	10090.ENSMUSP00000101023	482	2
2109383	10090.ENSMUSP00000096173	453	3
2105428	10090.ENSMUSP00000070946	2255	11
2109386	10090.ENSMUSP00000096179	7721	30
2096514	10090.ENSMUSP00000026122	6073	25
2102324	10090.ENSMUSP00000051092	763	2
2098186	10090.ENSMUSP00000031411	2024	6
2099363	10090.ENSMUSP00000035116	442	3
2107452	10090.ENSMUSP00000082548	2740	2
2106874	10090.ENSMUSP00000078774	6407	12
2094333	10090.ENSMUSP00000016033	2853	21
2114424	10090.ENSMUSP00000133166	1279	9
2097107	10090.ENSMUSP00000028117	443	3
2104824	10090.ENSMUSP00000066639	867	18
2093106	10090.ENSMUSP00000000394	630	5
2099261	10090.ENSMUSP00000034834	3582	15
2094799	10090.ENSMUSP00000020238	4413	28
2097617	10090.ENSMUSP00000029699	583	5
2093665	10090.ENSMUSP00000005041	2344	5
2093249	10090.ENSMUSP00000001544	560	4
2093997	10090.ENSMUSP00000009234	1901	13
2096219	10090.ENSMUSP00000025217	4674	25
2094674	10090.ENSMUSP00000019649	138	2
2109543	10090.ENSMUSP00000096777	505	3
2106975	10090.ENSMUSP00000079379	581	3
2105283	10090.ENSMUSP00000070019	229	4
2097887	10090.ENSMUSP00000030541	495	2
2093176	10090.ENSMUSP00000001042	778	3
2110770	10090.ENSMUSP00000101651	578	4
2107167	10090.ENSMUSP00000080531	1443	4
2108667	10090.ENSMUSP00000092375	181	2
2099526	10090.ENSMUSP00000035943	211	2
2094245	10090.ENSMUSP00000015100	281	3
2113948	10090.ENSMUSP00000130195	2401	3
2113947	10090.ENSMUSP00000130194	2599	7
2093220	10090.ENSMUSP00000001304	1811	5
2103666	10090.ENSMUSP00000058936	4799	20
2113094	10090.ENSMUSP00000124963	206	2
2107701	10090.ENSMUSP00000084713	294	4
2112603	10090.ENSMUSP00000116271	1066	8
2104772	10090.ENSMUSP00000066314	489	2
2093594	10090.ENSMUSP00000004327	643	2
2098841	10090.ENSMUSP00000033662	2331	2
2103429	10090.ENSMUSP00000057632	112	2
2097768	10090.ENSMUSP00000030164	1562	13
2100629	10090.ENSMUSP00000041839	758	3
2097306	10090.ENSMUSP00000028807	983	2
2093827	10090.ENSMUSP00000006629	459	8
2099164	10090.ENSMUSP00000034547	2165	9
2097498	10090.ENSMUSP00000029405	726	5
2099126	10090.ENSMUSP00000034453	320	3
2095553	10090.ENSMUSP00000022597	169	4
2101746	10090.ENSMUSP00000047898	280	2
2097527	10090.ENSMUSP00000029477	295	2
2115769	10090.ENSMUSP00000138081	4178	13
2115439	10090.ENSMUSP00000137310	184	2
2100545	10090.ENSMUSP00000041378	733	2
2101237	10090.ENSMUSP00000045216	878	2
2097135	10090.ENSMUSP00000028207	2904	7
2109931	10090.ENSMUSP00000098053	401	2
2095148	10090.ENSMUSP00000021335	1391	7
2094519	10090.ENSMUSP00000018506	184	2
2093859	10090.ENSMUSP00000006838	740	6
2096804	10090.ENSMUSP00000027144	706	6
2098651	10090.ENSMUSP00000033012	2216	16
2115369	10090.ENSMUSP00000137194	505	3
2095522	10090.ENSMUSP00000022529	5648	19
2115370	10090.ENSMUSP00000137195	217	7
2094963	10090.ENSMUSP00000020749	324	2
2108189	10090.ENSMUSP00000088736	319	2
2103190	10090.ENSMUSP00000056152	2287	10
2105593	10090.ENSMUSP00000071864	398	2
2094815	10090.ENSMUSP00000020277	3656	15
2099053	10090.ENSMUSP00000034267	450	4
2106911	10090.ENSMUSP00000079022	2242	11
2095240	10090.ENSMUSP00000021634	465	2
2094996	10090.ENSMUSP00000020886	652	3
2112879	10090.ENSMUSP00000121358	1309	7
2095867	10090.ENSMUSP00000023538	622	7
2114071	10090.ENSMUSP00000130941	480	4
2106032	10090.ENSMUSP00000074259	137	5
2106054	10090.ENSMUSP00000074392	632	6
2100776	10090.ENSMUSP00000042658	1106	9
2105077	10090.ENSMUSP00000068568	2175	8
2098299	10090.ENSMUSP00000031741	1626	6
2097199	10090.ENSMUSP00000028378	556	3
2113909	10090.ENSMUSP00000129930	646	2
2097493	10090.ENSMUSP00000029387	377	3
2097492	10090.ENSMUSP00000029386	1405	9
2103246	10090.ENSMUSP00000056479	34.4	2
2097490	10090.ENSMUSP00000029382	1215	5
2103075	10090.ENSMUSP00000055455	492	2
2111627	10090.ENSMUSP00000107827	1199	7
2096283	10090.ENSMUSP00000025402	137	5
2095060	10090.ENSMUSP00000021062	2368	10
2093397	10090.ENSMUSP00000002640	2643	12
2105941	10090.ENSMUSP00000073764	959	2
2096287	10090.ENSMUSP00000025408	462	4
2106900	10090.ENSMUSP00000078940	550	6
2093447	10090.ENSMUSP00000003029	960	4
2095182	10090.ENSMUSP00000021443	2549	22
2096112	10090.ENSMUSP00000024860	444	5
2097078	10090.ENSMUSP00000028014	960	4
2097389	10090.ENSMUSP00000029017	347	2
2098009	10090.ENSMUSP00000030903	1158	3
2094335	10090.ENSMUSP00000016072	3074	17
2100669	10090.ENSMUSP00000042004	798	4
2111266	10090.ENSMUSP00000105129	187	2
2105205	10090.ENSMUSP00000069508	2557	13
2114469	10090.ENSMUSP00000133649	3624	13
2095061	10090.ENSMUSP00000021063	807	4
2112669	10090.ENSMUSP00000117509	1314	4
2110424	10090.ENSMUSP00000099939	2181	6
2097824	10090.ENSMUSP00000030340	1097	5
2097825	10090.ENSMUSP00000030345	1958	13
2110421	10090.ENSMUSP00000099930	1180	3
2099407	10090.ENSMUSP00000035261	377	7
2101491	10090.ENSMUSP00000046585	4412	24
2111242	10090.ENSMUSP00000104938	356	2
2094434	10090.ENSMUSP00000017572	751	3
2098216	10090.ENSMUSP00000031524	777	3
2094389	10090.ENSMUSP00000016771	304	6
2108482	10090.ENSMUSP00000091317	5605	24
2095371	10090.ENSMUSP00000022039	1257	4
2104134	10090.ENSMUSP00000061923	204	2
2093663	10090.ENSMUSP00000005017	1591	3
2100150	10090.ENSMUSP00000039243	877	3
2094278	10090.ENSMUSP00000015501	508	3
2100060	10090.ENSMUSP00000038763	748	3
2094686	10090.ENSMUSP00000019726	1205	3
2096872	10090.ENSMUSP00000027366	7888	34
2098951	10090.ENSMUSP00000033992	372	2
2097514	10090.ENSMUSP00000029446	880	6
2095510	10090.ENSMUSP00000022496	1018	3
2107483	10090.ENSMUSP00000082822	543	2
2099856	10090.ENSMUSP00000037665	123	2
2099188	10090.ENSMUSP00000034607	1378	5
2102632	10090.ENSMUSP00000052912	761	2
2095567	10090.ENSMUSP00000022629	378	4
2100734	10090.ENSMUSP00000042342	319	3
2109043	10090.ENSMUSP00000094515	705	4
2094257	10090.ENSMUSP00000015256	663	4
2099189	10090.ENSMUSP00000034609	989	4
2099323	10090.ENSMUSP00000034989	891	4
2096274	10090.ENSMUSP00000025385	3663	17
2097534	10090.ENSMUSP00000029490	914	8
2097675	10090.ENSMUSP00000029871	2706	13
2100865	10090.ENSMUSP00000043190	826	4
2097721	10090.ENSMUSP00000030018	2246	6
2105274	10090.ENSMUSP00000069932	116	2
2094310	10090.ENSMUSP00000015800	7235	22
2099770	10090.ENSMUSP00000037239	2111	11
2100133	10090.ENSMUSP00000039110	534	2
2093289	10090.ENSMUSP00000001806	832	3
2098515	10090.ENSMUSP00000032508	3922	11
2093290	10090.ENSMUSP00000001809	871	14
2099594	10090.ENSMUSP00000036288	987	8
2099083	10090.ENSMUSP00000034349	583	3
2096065	10090.ENSMUSP00000024727	577	3
2114672	10090.ENSMUSP00000135967	341	9
2113581	10090.ENSMUSP00000128163	220	7
2099784	10090.ENSMUSP00000037328	919	2
2111779	10090.ENSMUSP00000108895	743	4
2099816	10090.ENSMUSP00000037484	332	2
2110289	10090.ENSMUSP00000099650	614	3
2110292	10090.ENSMUSP00000099653	353	2
2096196	10090.ENSMUSP00000025137	396	2
2106968	10090.ENSMUSP00000079341	69.7	5
2112880	10090.ENSMUSP00000121390	289	3
2112487	10090.ENSMUSP00000114180	58.2	2
2094109	10090.ENSMUSP00000011492	2253	8
2093093	10090.ENSMUSP00000000317	925	5
2107183	10090.ENSMUSP00000080600	374	4
2108135	10090.ENSMUSP00000088298	216	7
2110532	10090.ENSMUSP00000100546	646	2
2110486	10090.ENSMUSP00000100059	436	2
2103425	10090.ENSMUSP00000057595	2263	7
2096003	10090.ENSMUSP00000024031	532	3
2096458	10090.ENSMUSP00000025918	7666	15
2097044	10090.ENSMUSP00000027916	2304	7
2105614	10090.ENSMUSP00000071956	370	2
2095085	10090.ENSMUSP00000021142	724	11
2103802	10090.ENSMUSP00000059717	2143	14
2101522	10090.ENSMUSP00000046759	78.8	2
2096456	10090.ENSMUSP00000025912	517	2
2108126	10090.ENSMUSP00000088263	561	2
2093669	10090.ENSMUSP00000005066	931	2
2112200	10090.ENSMUSP00000112081	1495	6
2111211	10090.ENSMUSP00000104731	2291	3
2107082	10090.ENSMUSP00000080058	2100	8
2114016	10090.ENSMUSP00000130666	956	4
2093231	10090.ENSMUSP00000001416	1156	4
2104382	10090.ENSMUSP00000063412	368	3
2106490	10090.ENSMUSP00000076777	293	4
2099113	10090.ENSMUSP00000034414	1519	4
2096343	10090.ENSMUSP00000025590	287	2
2111434	10090.ENSMUSP00000106180	1114	6
2103741	10090.ENSMUSP00000059395	310	2
2100896	10090.ENSMUSP00000043401	137	2
2098075	10090.ENSMUSP00000031103	1686	5
2098607	10090.ENSMUSP00000032898	780	7
2093238	10090.ENSMUSP00000001479	892	6
2094054	10090.ENSMUSP00000010205	117	5
2101679	10090.ENSMUSP00000047571	2788	14
2096603	10090.ENSMUSP00000026425	653	3
2093912	10090.ENSMUSP00000007449	554	2
2097245	10090.ENSMUSP00000028607	1014	3
2096318	10090.ENSMUSP00000025505	392	3
2097224	10090.ENSMUSP00000028517	701	2
2107186	10090.ENSMUSP00000080608	534	2
2103558	10090.ENSMUSP00000058320	1623	6
2096436	10090.ENSMUSP00000025851	1501	9
2098184	10090.ENSMUSP00000031402	6525	14
2113099	10090.ENSMUSP00000125003	478	2
2107184	10090.ENSMUSP00000080601	595	4
2097124	10090.ENSMUSP00000028167	4119	13
2104819	10090.ENSMUSP00000066621	1803	6
2093754	10090.ENSMUSP00000005953	614	3
2099510	10090.ENSMUSP00000035823	1221	8
2108562	10090.ENSMUSP00000091742	1047	15
2093048	10090.ENSMUSP00000000001	137	5
2098706	10090.ENSMUSP00000033176	1186	4
2093667	10090.ENSMUSP00000005057	522	3
2097045	10090.ENSMUSP00000027921	261	2
2110310	10090.ENSMUSP00000099685	3156	8
2095112	10090.ENSMUSP00000021239	512	2
2113434	10090.ENSMUSP00000127250	3000	18
2100749	10090.ENSMUSP00000042433	1571	9
2108302	10090.ENSMUSP00000089728	1122	5
2115003	10090.ENSMUSP00000136544	2153	12
2109278	10090.ENSMUSP00000095794	1249	6
2093530	10090.ENSMUSP00000003655	1069	5
2110260	10090.ENSMUSP00000099587	307	3
2096205	10090.ENSMUSP00000025181	1508	3
2093501	10090.ENSMUSP00000003493	2632	8
2102636	10090.ENSMUSP00000052942	975	4
2095646	10090.ENSMUSP00000022849	1391	10
2107126	10090.ENSMUSP00000080302	2153	12
2095645	10090.ENSMUSP00000022842	3586	12
2097483	10090.ENSMUSP00000029367	1035	5
2097454	10090.ENSMUSP00000029240	1330	3
2097011	10090.ENSMUSP00000027810	1257	5
2097014	10090.ENSMUSP00000027817	207	5
2095671	10090.ENSMUSP00000022925	1953	4
2094098	10090.ENSMUSP00000011178	1127	5
2099437	10090.ENSMUSP00000035417	687	6
2097750	10090.ENSMUSP00000030118	1023	3
2094417	10090.ENSMUSP00000017365	1073	5
2096836	10090.ENSMUSP00000027252	592	5
2101025	10090.ENSMUSP00000044050	369	3
2106941	10090.ENSMUSP00000079198	255	2
2103089	10090.ENSMUSP00000055535	1916	10
2105775	10090.ENSMUSP00000072775	242	7
2096922	10090.ENSMUSP00000027498	469	4
2100075	10090.ENSMUSP00000038839	1171	5
2105163	10090.ENSMUSP00000069209	2250	15
2094928	10090.ENSMUSP00000020630	3371	24
2112157	10090.ENSMUSP00000111471	303	3
2104019	10090.ENSMUSP00000061227	2718	14
2093778	10090.ENSMUSP00000006137	2144	12
2093682	10090.ENSMUSP00000005234	3713	15
2094893	10090.ENSMUSP00000020522	283	2
2100230	10090.ENSMUSP00000039657	3707	24
2098995	10090.ENSMUSP00000034097	2205	8
2114150	10090.ENSMUSP00000131457	514	2
2094588	10090.ENSMUSP00000018992	2590	13
2094573	10090.ENSMUSP00000018851	111	3
2109937	10090.ENSMUSP00000098066	1709	8
2112079	10090.ENSMUSP00000110897	2075	12
2096815	10090.ENSMUSP00000027174	631	3
2104538	10090.ENSMUSP00000064545	776	4
2097722	10090.ENSMUSP00000030021	1170	3
2110979	10090.ENSMUSP00000103267	1052	4
2107717	10090.ENSMUSP00000084882	469	2
2100330	10090.ENSMUSP00000040222	1012	5
2115145	10090.ENSMUSP00000136791	316	2
2106271	10090.ENSMUSP00000075513	1183	9
2111829	10090.ENSMUSP00000109237	2456	18
2104869	10090.ENSMUSP00000066886	397	2
2109056	10090.ENSMUSP00000094750	638	3
2095871	10090.ENSMUSP00000023559	1811	12
2095266	10090.ENSMUSP00000021698	3190	15
2107913	10090.ENSMUSP00000086542	416	2
2100529	10090.ENSMUSP00000041299	527	4
2111164	10090.ENSMUSP00000104478	551	3
2095845	10090.ENSMUSP00000023486	1498	7
2094385	10090.ENSMUSP00000016678	1155	3
2095991	10090.ENSMUSP00000023952	4734	13
2093889	10090.ENSMUSP00000007212	266	9
2109769	10090.ENSMUSP00000097444	1580	12
2098248	10090.ENSMUSP00000031617	1155	5
2108819	10090.ENSMUSP00000093101	477	3
2097248	10090.ENSMUSP00000028610	1413	10
2097859	10090.ENSMUSP00000030456	434	3
2097858	10090.ENSMUSP00000030455	1578	6
2096970	10090.ENSMUSP00000027675	622	4
2108940	10090.ENSMUSP00000093816	179	3
2095313	10090.ENSMUSP00000021853	313	2
2101839	10090.ENSMUSP00000048350	834	3
2104671	10090.ENSMUSP00000065542	844	6
2111307	10090.ENSMUSP00000105321	655	4
2104370	10090.ENSMUSP00000063325	603	5
2095721	10090.ENSMUSP00000023087	741	2
2095065	10090.ENSMUSP00000021077	3017	5
2094195	10090.ENSMUSP00000014339	1719	6
2104426	10090.ENSMUSP00000063734	6120	21
2098166	10090.ENSMUSP00000031355	1525	12
2105717	10090.ENSMUSP00000072483	2159	4
2097075	10090.ENSMUSP00000028004	992	5
2110037	10090.ENSMUSP00000098648	3034	14
2095186	10090.ENSMUSP00000021458	73.8	2
2093554	10090.ENSMUSP00000003911	949	4
2093555	10090.ENSMUSP00000003912	2566	6
2110756	10090.ENSMUSP00000101514	2058	14
2114309	10090.ENSMUSP00000132472	1511	8
2110468	10090.ENSMUSP00000100029	646	2
2096913	10090.ENSMUSP00000027478	2189	6
2097000	10090.ENSMUSP00000027777	380	3
2099692	10090.ENSMUSP00000036881	787	6
2094020	10090.ENSMUSP00000009667	245	3
2109854	10090.ENSMUSP00000097629	264	2
2101281	10090.ENSMUSP00000045394	544	2
2095771	10090.ENSMUSP00000023237	699	3
2093234	10090.ENSMUSP00000001452	2249	9
2098226	10090.ENSMUSP00000031542	542	2
2105750	10090.ENSMUSP00000072652	491	3
2103873	10090.ENSMUSP00000060194	102	2
2110414	10090.ENSMUSP00000099908	302	2
2093907	10090.ENSMUSP00000007317	1293	5
2103597	10090.ENSMUSP00000058567	385	6
2107214	10090.ENSMUSP00000080743	577	4
2099236	10090.ENSMUSP00000034756	4550	13
2097067	10090.ENSMUSP00000027986	516	2
2097065	10090.ENSMUSP00000027981	846	6
2096616	10090.ENSMUSP00000026459	792	6
2095379	10090.ENSMUSP00000022062	1128	6
2093062	10090.ENSMUSP00000000137	1721	6
2093538	10090.ENSMUSP00000003720	868	5
2099514	10090.ENSMUSP00000035851	575	2
2099371	10090.ENSMUSP00000035158	961	14
2112697	10090.ENSMUSP00000118179	415	5
2093239	10090.ENSMUSP00000001480	1267	11
2096954	10090.ENSMUSP00000027602	2599	7
2108969	10090.ENSMUSP00000093965	919	8
2097472	10090.ENSMUSP00000029325	1573	5
2104120	10090.ENSMUSP00000061851	326	3
2106926	10090.ENSMUSP00000079098	789	7
2107800	10090.ENSMUSP00000085580	294	4
2101964	10090.ENSMUSP00000049007	4616	26
2096538	10090.ENSMUSP00000026196	2965	9
2107723	10090.ENSMUSP00000084918	1505	7
2106213	10090.ENSMUSP00000075178	319	3
2104208	10090.ENSMUSP00000062392	269	4
2113854	10090.ENSMUSP00000129654	584	3
2094367	10090.ENSMUSP00000016463	2138	5
2113058	10090.ENSMUSP00000124551	803	5
2111474	10090.ENSMUSP00000106481	1761	8
2108509	10090.ENSMUSP00000091435	225	2
2110941	10090.ENSMUSP00000103007	615	2
2093726	10090.ENSMUSP00000005705	446	3
2108634	10090.ENSMUSP00000092157	1298	9
2104748	10090.ENSMUSP00000066068	2947	24
2100736	10090.ENSMUSP00000042351	782	5
2095140	10090.ENSMUSP00000021314	394	4
2094930	10090.ENSMUSP00000020637	2171	9
2099177	10090.ENSMUSP00000034585	3230	12
2112642	10090.ENSMUSP00000117030	3358	13
2110863	10090.ENSMUSP00000102381	1085	4
2097708	10090.ENSMUSP00000029968	313	2
2110183	10090.ENSMUSP00000099411	2227	9
2113144	10090.ENSMUSP00000125405	1265	6
2097737	10090.ENSMUSP00000030069	4060	7
2095908	10090.ENSMUSP00000023684	678	4
2105272	10090.ENSMUSP00000069922	453	3
2109154	10090.ENSMUSP00000095270	835	4
2093756	10090.ENSMUSP00000005964	1522	4
2107326	10090.ENSMUSP00000081544	2531	11
2107290	10090.ENSMUSP00000081239	888	6
2098659	10090.ENSMUSP00000033040	1258	3
2099788	10090.ENSMUSP00000037348	3754	8
2101362	10090.ENSMUSP00000045841	298	5
2101396	10090.ENSMUSP00000046046	620	3
2110216	10090.ENSMUSP00000099487	480	3
2105039	10090.ENSMUSP00000068267	1020	3
2100663	10090.ENSMUSP00000041968	789	3
2107956	10090.ENSMUSP00000086852	534	2
2105038	10090.ENSMUSP00000068260	3839	10
2114460	10090.ENSMUSP00000133564	337	3
2113480	10090.ENSMUSP00000127526	2654	7
2097139	10090.ENSMUSP00000028222	3465	19
2093917	10090.ENSMUSP00000007708	1818	11
