#name: A.niger - Whole organism, SC (GPM,Aug,2014)
#score: 4.05
#weight: 100%
#description: abundance based on Spectral counting, from<a href="http://www.thegpm.org/" target="_blank">GPM,Aug,2014</a><br/><b>Interaction consistency score</b>: 4.05&nbsp<b>Coverage</b>: 6
#organ: WHOLE_ORGANISM
#integrated: false
#coverage: 6
#publication_year: 2014
#filename: 5061_GPM_201408.txt
#
#internal_id	string_external_id	abundance	raw_spectral_count
695025	5061.CADANGAP00008069	432	17
689143	5061.CADANGAP00002173	60.7	4
688759	5061.CADANGAP00001788	243	14
689145	5061.CADANGAP00002175	422	16
687998	5061.CADANGAP00001027	466	11
695017	5061.CADANGAP00008061	1504	36
696115	5061.CADANGAP00009160	677	8
696120	5061.CADANGAP00009165	59.3	3
691290	5061.CADANGAP00004324	123	4
696722	5061.CADANGAP00009769	457	14
695104	5061.CADANGAP00008148	7.24	10
697829	5061.CADANGAP00010878	955	42
689584	5061.CADANGAP00002618	2253	116
699690	5061.CADANGAP00012741	49.8	4
691223	5061.CADANGAP00004257	671	31
692260	5061.CADANGAP00005300	262	8
699611	5061.CADANGAP00012662	315	11
687381	5061.CADANGAP00000410	459	17
693069	5061.CADANGAP00006109	229	10
692699	5061.CADANGAP00005739	213	12
693065	5061.CADANGAP00006105	173	6
691899	5061.CADANGAP00004936	335	10
690581	5061.CADANGAP00003615	197	24
695018	5061.CADANGAP00008062	1420	63
690579	5061.CADANGAP00003613	33.7	3
697047	5061.CADANGAP00010094	47.6	3
689794	5061.CADANGAP00002828	1200	91
687748	5061.CADANGAP00000777	177	3
695741	5061.CADANGAP00008786	1014	32
689786	5061.CADANGAP00002820	124	3
686980	5061.CADANGAP00000006	720	140
686979	5061.CADANGAP00000005	1210	120
692006	5061.CADANGAP00005044	783	30
690769	5061.CADANGAP00003803	179	4
690767	5061.CADANGAP00003801	328	7
691547	5061.CADANGAP00004584	3902	176
696775	5061.CADANGAP00009822	63.2	4
696351	5061.CADANGAP00009396	176	5
696345	5061.CADANGAP00009390	137	3
693156	5061.CADANGAP00006196	50.1	3
699018	5061.CADANGAP00012068	28.4	3
691546	5061.CADANGAP00004583	7705	184
694752	5061.CADANGAP00007796	105	18
698423	5061.CADANGAP00011473	106	4
693741	5061.CADANGAP00006782	57.2	3
698425	5061.CADANGAP00011475	1096	32
693739	5061.CADANGAP00006780	83.2	4
693384	5061.CADANGAP00006425	5.62	5
700910	5061.CADANGAP00013963	6262	182
700914	5061.CADANGAP00013967	3815	59
689194	5061.CADANGAP00002224	49.4	3
689358	5061.CADANGAP00002389	218	6
689356	5061.CADANGAP00002387	29.6	3
689353	5061.CADANGAP00002384	595	18
698262	5061.CADANGAP00011311	91.0	3
689014	5061.CADANGAP00002043	19.4	3
692724	5061.CADANGAP00005764	359	18
688165	5061.CADANGAP00001194	145	9
699907	5061.CADANGAP00012959	5874	346
693880	5061.CADANGAP00006922	643	56
693886	5061.CADANGAP00006928	60.4	3
693887	5061.CADANGAP00006929	509	8
689657	5061.CADANGAP00002691	93.2	3
693809	5061.CADANGAP00006850	1029	72
689661	5061.CADANGAP00002695	133	4
700635	5061.CADANGAP00013688	222	7
700962	5061.CADANGAP00014015	766	9
694089	5061.CADANGAP00007131	102	3
696740	5061.CADANGAP00009787	584	42
693513	5061.CADANGAP00006554	374	8
693217	5061.CADANGAP00006257	1237	30
693210	5061.CADANGAP00006250	1180	14
687678	5061.CADANGAP00000707	279	9
688330	5061.CADANGAP00001359	3224	32
693293	5061.CADANGAP00006333	1294	32
692864	5061.CADANGAP00005904	246	19
692866	5061.CADANGAP00005906	56.3	3
687869	5061.CADANGAP00000898	182	13
689978	5061.CADANGAP00003012	317	4
690938	5061.CADANGAP00003972	1502	27
699101	5061.CADANGAP00012152	428	13
694677	5061.CADANGAP00007721	49.3	3
700090	5061.CADANGAP00013142	1511	122
694682	5061.CADANGAP00007726	185	12
700096	5061.CADANGAP00013148	97.7	11
699517	5061.CADANGAP00012568	288	22
687785	5061.CADANGAP00000814	129	4
687786	5061.CADANGAP00000815	2477	104
689496	5061.CADANGAP00002528	827	33
689289	5061.CADANGAP00002319	260	15
699768	5061.CADANGAP00012819	693	17
688784	5061.CADANGAP00001813	790	19
691149	5061.CADANGAP00004183	673	45
691147	5061.CADANGAP00004181	577	44
699766	5061.CADANGAP00012817	39.5	3
693105	5061.CADANGAP00006145	85.2	16
691853	5061.CADANGAP00004890	602	13
693109	5061.CADANGAP00006149	196	3
691175	5061.CADANGAP00004209	81.4	10
691127	5061.CADANGAP00004161	32.4	6
691128	5061.CADANGAP00004162	165	10
693733	5061.CADANGAP00006774	437	57
696224	5061.CADANGAP00009269	4846	23
697726	5061.CADANGAP00010775	32.7	5
695143	5061.CADANGAP00008187	165	12
699895	5061.CADANGAP00012947	1063	28
699337	5061.CADANGAP00012388	161	3
691171	5061.CADANGAP00004205	1181	20
696084	5061.CADANGAP00009129	124	10
696328	5061.CADANGAP00009373	382	11
700336	5061.CADANGAP00013388	515	14
687892	5061.CADANGAP00000921	153	14
691082	5061.CADANGAP00004116	205	20
691079	5061.CADANGAP00004113	246	7
700330	5061.CADANGAP00013382	59.6	4
700331	5061.CADANGAP00013383	134	5
692420	5061.CADANGAP00005460	345	7
690540	5061.CADANGAP00003574	9000	500
687326	5061.CADANGAP00000355	210	7
698636	5061.CADANGAP00011686	57460	2376
687422	5061.CADANGAP00000451	57.3	5
687423	5061.CADANGAP00000452	317	4
695009	5061.CADANGAP00008053	2246	161
695463	5061.CADANGAP00008507	576	25
698483	5061.CADANGAP00011533	388	6
698482	5061.CADANGAP00011532	798	15
697758	5061.CADANGAP00010807	433	32
687510	5061.CADANGAP00000539	1100	51
694871	5061.CADANGAP00007915	502	21
693545	5061.CADANGAP00006586	1152	43
698816	5061.CADANGAP00011866	24.4	7
695594	5061.CADANGAP00008638	284	8
694874	5061.CADANGAP00007918	17.6	3
691327	5061.CADANGAP00004361	306	7
698136	5061.CADANGAP00011185	61491	1816
697317	5061.CADANGAP00010366	247	6
687065	5061.CADANGAP00000091	48.3	3
688144	5061.CADANGAP00001173	115	13
689171	5061.CADANGAP00002201	285	10
697516	5061.CADANGAP00010565	53.9	3
688150	5061.CADANGAP00001179	1390	61
691476	5061.CADANGAP00004513	1147	4
688589	5061.CADANGAP00001618	718	21
697043	5061.CADANGAP00010090	363	7
688586	5061.CADANGAP00001615	305	4
693253	5061.CADANGAP00006293	355	3
688582	5061.CADANGAP00001611	483	24
691898	5061.CADANGAP00004935	62.5	6
687044	5061.CADANGAP00000070	1139	17
696225	5061.CADANGAP00009270	8930	85
687144	5061.CADANGAP00000171	644	54
687143	5061.CADANGAP00000170	1138	70
693760	5061.CADANGAP00006801	13.6	4
687642	5061.CADANGAP00000671	234	8
697062	5061.CADANGAP00010109	431	10
697058	5061.CADANGAP00010105	947	61
693853	5061.CADANGAP00006895	78.2	4
694218	5061.CADANGAP00007260	20699	287
691748	5061.CADANGAP00004785	994	25
687554	5061.CADANGAP00000583	128	7
695570	5061.CADANGAP00008614	254	5
687552	5061.CADANGAP00000581	1056	45
700592	5061.CADANGAP00013645	562	35
695569	5061.CADANGAP00008613	178	14
700594	5061.CADANGAP00013647	329	19
694944	5061.CADANGAP00007988	101	7
689410	5061.CADANGAP00002441	202	4
689462	5061.CADANGAP00002494	428	24
694940	5061.CADANGAP00007984	285	16
689461	5061.CADANGAP00002493	732	50
697848	5061.CADANGAP00010897	570	12
696430	5061.CADANGAP00009476	270	17
698272	5061.CADANGAP00011321	105	4
697997	5061.CADANGAP00011046	28.4	4
691461	5061.CADANGAP00004498	45.6	3
691462	5061.CADANGAP00004499	1001	28
687355	5061.CADANGAP00000384	492	7
690552	5061.CADANGAP00003586	609	158
688283	5061.CADANGAP00001312	3077	96
687354	5061.CADANGAP00000383	367	14
697690	5061.CADANGAP00010739	80.9	3
688289	5061.CADANGAP00001318	523	27
700019	5061.CADANGAP00013071	655	9
696989	5061.CADANGAP00010036	60.1	4
695833	5061.CADANGAP00008878	2818	377
691626	5061.CADANGAP00004663	95.1	3
691629	5061.CADANGAP00004666	407	16
699979	5061.CADANGAP00013031	249	17
699476	5061.CADANGAP00012527	1118	54
699473	5061.CADANGAP00012524	96.3	3
689188	5061.CADANGAP00002218	165	15
689532	5061.CADANGAP00002564	808	32
688881	5061.CADANGAP00001910	37.9	3
688634	5061.CADANGAP00001663	1515	96
689180	5061.CADANGAP00002210	67.2	3
692044	5061.CADANGAP00005082	22.1	3
699478	5061.CADANGAP00012529	47.9	3
689183	5061.CADANGAP00002213	250	22
688199	5061.CADANGAP00001228	86.8	4
695235	5061.CADANGAP00008279	237	3
698084	5061.CADANGAP00011133	604	7
698085	5061.CADANGAP00011134	10138	128
698592	5061.CADANGAP00011642	42.6	3
693029	5061.CADANGAP00006069	64.2	8
693028	5061.CADANGAP00006068	277	6
698714	5061.CADANGAP00011764	91.5	5
694567	5061.CADANGAP00007611	4928	89
699732	5061.CADANGAP00012783	476	22
692758	5061.CADANGAP00005798	330	52
690013	5061.CADANGAP00003047	288	17
690008	5061.CADANGAP00003042	6856	138
688951	5061.CADANGAP00001980	26944	400
690006	5061.CADANGAP00003040	79.9	3
697849	5061.CADANGAP00010898	1228	54
700458	5061.CADANGAP00013510	925	21
687938	5061.CADANGAP00000967	753	56
690980	5061.CADANGAP00004014	56.6	3
691503	5061.CADANGAP00004540	243	14
691098	5061.CADANGAP00004132	53.0	4
690255	5061.CADANGAP00003289	224	10
689682	5061.CADANGAP00002716	72.2	4
699248	5061.CADANGAP00012299	25753	194
696360	5061.CADANGAP00009405	1723	47
696361	5061.CADANGAP00009406	441	27
687289	5061.CADANGAP00000318	1040	18
690246	5061.CADANGAP00003280	49.7	3
692508	5061.CADANGAP00005548	293	6
690249	5061.CADANGAP00003283	72.2	3
692386	5061.CADANGAP00005426	676	97
688880	5061.CADANGAP00001909	236	8
688004	5061.CADANGAP00001033	1426	6
689630	5061.CADANGAP00002664	287	21
694972	5061.CADANGAP00008016	197	10
689628	5061.CADANGAP00002662	715	5
697916	5061.CADANGAP00010965	5482	281
697915	5061.CADANGAP00010964	49.1	3
691204	5061.CADANGAP00004238	80.5	6
694941	5061.CADANGAP00007985	180	48
691496	5061.CADANGAP00004533	793	76
693473	5061.CADANGAP00006514	6636	305
691215	5061.CADANGAP00004249	433	8
699621	5061.CADANGAP00012672	502	8
687374	5061.CADANGAP00000403	2392	50
690370	5061.CADANGAP00003404	551	47
687378	5061.CADANGAP00000407	86.6	3
689032	5061.CADANGAP00002061	739	12
695338	5061.CADANGAP00008382	84.7	3
690706	5061.CADANGAP00003740	176	3
695078	5061.CADANGAP00008122	176	7
690595	5061.CADANGAP00003629	219	5
696680	5061.CADANGAP00009727	759	19
690712	5061.CADANGAP00003746	575	27
696795	5061.CADANGAP00009842	311	20
690784	5061.CADANGAP00003818	227	18
687007	5061.CADANGAP00000033	121	7
687004	5061.CADANGAP00000030	6536	193
692016	5061.CADANGAP00005054	78.0	3
690776	5061.CADANGAP00003810	99.9	3
692013	5061.CADANGAP00005051	107	13
695029	5061.CADANGAP00008073	1788	86
699026	5061.CADANGAP00012076	198	21
697348	5061.CADANGAP00010397	755	43
697345	5061.CADANGAP00010394	115	11
692719	5061.CADANGAP00005759	239	22
692889	5061.CADANGAP00005929	4491	132
692577	5061.CADANGAP00005617	416	11
698413	5061.CADANGAP00011463	5424	458
688012	5061.CADANGAP00001041	270	3
688014	5061.CADANGAP00001043	158	14
694180	5061.CADANGAP00007222	82.5	3
698457	5061.CADANGAP00011507	632	8
695510	5061.CADANGAP00008554	1016	56
687512	5061.CADANGAP00000541	592	67
690835	5061.CADANGAP00003869	642	34
689930	5061.CADANGAP00002964	44.9	3
687868	5061.CADANGAP00000897	196	7
692901	5061.CADANGAP00005941	56.5	3
699904	5061.CADANGAP00012956	228	4
699905	5061.CADANGAP00012957	254	3
693684	5061.CADANGAP00006725	300	20
689366	5061.CADANGAP00002397	485	35
689367	5061.CADANGAP00002398	657	29
695035	5061.CADANGAP00008079	1384	99
693893	5061.CADANGAP00006935	30.1	6
700626	5061.CADANGAP00013679	129	13
693806	5061.CADANGAP00006847	508	14
689695	5061.CADANGAP00002729	63.2	4
697286	5061.CADANGAP00010334	165	12
700619	5061.CADANGAP00013672	22.0	11
693808	5061.CADANGAP00006849	119	5
693523	5061.CADANGAP00006564	2230	57
697736	5061.CADANGAP00010785	116	3
689411	5061.CADANGAP00002442	337	19
695787	5061.CADANGAP00008832	184	6
700021	5061.CADANGAP00013073	380	33
696045	5061.CADANGAP00009090	1377	30
688404	5061.CADANGAP00001433	4903	167
692930	5061.CADANGAP00005970	599	26
688313	5061.CADANGAP00001342	74.1	4
687192	5061.CADANGAP00000219	320	12
693266	5061.CADANGAP00006306	296	13
695193	5061.CADANGAP00008237	1322	146
688231	5061.CADANGAP00001260	493	35
690928	5061.CADANGAP00003962	43.5	3
700047	5061.CADANGAP00013099	240	6
688152	5061.CADANGAP00001181	479	11
695195	5061.CADANGAP00008239	1477	64
691656	5061.CADANGAP00004693	64.8	8
689192	5061.CADANGAP00002222	133	3
700361	5061.CADANGAP00013413	156	9
689966	5061.CADANGAP00003000	1197	29
699363	5061.CADANGAP00012414	2395	96
699362	5061.CADANGAP00012413	1656	35
688915	5061.CADANGAP00001944	713	17
692465	5061.CADANGAP00005505	589	25
689334	5061.CADANGAP00002365	1215	57
688503	5061.CADANGAP00001532	266	16
691157	5061.CADANGAP00004191	58.8	3
699368	5061.CADANGAP00012419	1679	50
689216	5061.CADANGAP00002246	175	21
688997	5061.CADANGAP00002026	1825	169
693114	5061.CADANGAP00006154	709	21
693112	5061.CADANGAP00006152	7173	487
690411	5061.CADANGAP00003445	1211	85
695296	5061.CADANGAP00008340	116	5
695297	5061.CADANGAP00008341	44.1	4
700275	5061.CADANGAP00013327	284	5
697879	5061.CADANGAP00010928	394	5
697877	5061.CADANGAP00010926	161	7
691236	5061.CADANGAP00004270	15424	1074
692539	5061.CADANGAP00005579	779	60
690281	5061.CADANGAP00003315	161	3
697694	5061.CADANGAP00010743	463	28
690223	5061.CADANGAP00003257	247	10
690222	5061.CADANGAP00003256	101	3
700206	5061.CADANGAP00013258	223	3
692434	5061.CADANGAP00005474	129	5
693353	5061.CADANGAP00006393	3201	152
699684	5061.CADANGAP00012735	1197	92
699367	5061.CADANGAP00012418	140	5
696934	5061.CADANGAP00009981	429	17
690530	5061.CADANGAP00003564	388	7
687412	5061.CADANGAP00000441	396	12
698058	5061.CADANGAP00011107	223	9
694999	5061.CADANGAP00008043	50.5	4
694998	5061.CADANGAP00008042	74.3	3
695473	5061.CADANGAP00008517	7738	407
689617	5061.CADANGAP00002651	489	26
695116	5061.CADANGAP00008160	1371	13
688739	5061.CADANGAP00001768	68.4	3
695118	5061.CADANGAP00008162	2474	113
697762	5061.CADANGAP00010811	28.6	4
696699	5061.CADANGAP00009746	1857	129
693551	5061.CADANGAP00006592	175	7
693550	5061.CADANGAP00006591	357	9
691274	5061.CADANGAP00004308	549	54
698462	5061.CADANGAP00011512	22062	1226
696007	5061.CADANGAP00009052	180	3
694864	5061.CADANGAP00007908	1585	78
692851	5061.CADANGAP00005891	1305	16
692674	5061.CADANGAP00005714	40.2	3
697307	5061.CADANGAP00010355	311	16
692670	5061.CADANGAP00005710	422	10
693044	5061.CADANGAP00006084	36.0	3
693046	5061.CADANGAP00006086	302	24
691670	5061.CADANGAP00004707	1053	12
689067	5061.CADANGAP00002096	1819	27
689068	5061.CADANGAP00002097	270	12
694004	5061.CADANGAP00007046	17.5	3
689126	5061.CADANGAP00002156	47.3	3
689125	5061.CADANGAP00002155	37950	1077
687974	5061.CADANGAP00001003	651	29
693481	5061.CADANGAP00006522	137	13
689451	5061.CADANGAP00002483	280	3
696222	5061.CADANGAP00009267	165	8
693244	5061.CADANGAP00006284	410	20
696197	5061.CADANGAP00009242	314	3
690791	5061.CADANGAP00003825	1092	24
691986	5061.CADANGAP00005024	162	7
687116	5061.CADANGAP00000143	65.5	6
689268	5061.CADANGAP00002298	89.5	6
688633	5061.CADANGAP00001662	58.9	3
687117	5061.CADANGAP00000144	238	42
689962	5061.CADANGAP00002996	580	43
689537	5061.CADANGAP00002569	207	5
693619	5061.CADANGAP00006660	939	29
697709	5061.CADANGAP00010758	230	4
688685	5061.CADANGAP00001714	254	30
688686	5061.CADANGAP00001715	620	16
687564	5061.CADANGAP00000593	2413	52
693847	5061.CADANGAP00006889	11913	25
700681	5061.CADANGAP00013734	963	77
694780	5061.CADANGAP00007824	85.4	3
690740	5061.CADANGAP00003774	651	17
687569	5061.CADANGAP00000598	226	16
687582	5061.CADANGAP00000611	91.9	3
699850	5061.CADANGAP00012902	297	10
688450	5061.CADANGAP00001479	34.8	6
700541	5061.CADANGAP00013594	325	18
696434	5061.CADANGAP00009480	81.3	3
700545	5061.CADANGAP00013598	120	5
691452	5061.CADANGAP00004489	61.7	4
697014	5061.CADANGAP00010061	2405	127
697673	5061.CADANGAP00010722	553	52
697678	5061.CADANGAP00010727	481	8
694551	5061.CADANGAP00007595	23.8	7
694413	5061.CADANGAP00007457	190	4
700807	5061.CADANGAP00013860	14272	496
690385	5061.CADANGAP00003419	112	9
694150	5061.CADANGAP00007192	1534	23
689741	5061.CADANGAP00002775	93.2	10
693937	5061.CADANGAP00006979	929	77
695815	5061.CADANGAP00008860	141	19
688649	5061.CADANGAP00001678	54.7	4
694009	5061.CADANGAP00007051	261	6
692798	5061.CADANGAP00005838	997	52
699462	5061.CADANGAP00012513	19.1	3
695902	5061.CADANGAP00008947	372	28
700132	5061.CADANGAP00013184	981	19
687298	5061.CADANGAP00000327	1657	17
693316	5061.CADANGAP00006356	113	6
693318	5061.CADANGAP00006358	153	6
693011	5061.CADANGAP00006051	184	7
688208	5061.CADANGAP00001237	493	16
700842	5061.CADANGAP00013895	66.4	4
695263	5061.CADANGAP00008307	528	14
695257	5061.CADANGAP00008301	207	7
700116	5061.CADANGAP00013168	58.4	3
688852	5061.CADANGAP00001881	1085	29
690158	5061.CADANGAP00003192	151	6
690159	5061.CADANGAP00003193	58.8	4
689472	5061.CADANGAP00002504	6965	81
690017	5061.CADANGAP00003051	888	42
687946	5061.CADANGAP00000975	391	3
690021	5061.CADANGAP00003055	215	8
692494	5061.CADANGAP00005534	484	51
690319	5061.CADANGAP00003353	494	14
692496	5061.CADANGAP00005536	166	15
692497	5061.CADANGAP00005537	1206	17
696620	5061.CADANGAP00009667	101	4
686984	5061.CADANGAP00000010	636	19
690325	5061.CADANGAP00003359	617	20
688377	5061.CADANGAP00001406	792	19
689252	5061.CADANGAP00002282	734	7
691839	5061.CADANGAP00004876	296	10
691841	5061.CADANGAP00004878	121	6
693670	5061.CADANGAP00006711	115	8
695050	5061.CADANGAP00008094	123	8
699717	5061.CADANGAP00012768	771	49
700309	5061.CADANGAP00013361	689	21
691465	5061.CADANGAP00004502	149	6
692953	5061.CADANGAP00005993	123	3
700313	5061.CADANGAP00013365	331	6
692403	5061.CADANGAP00005443	734	33
695054	5061.CADANGAP00008098	68.6	3
698050	5061.CADANGAP00011099	186	9
690516	5061.CADANGAP00003550	1012	17
688258	5061.CADANGAP00001287	236	21
687406	5061.CADANGAP00000435	1511	8
690521	5061.CADANGAP00003555	30.2	3
688098	5061.CADANGAP00001127	3113	117
693084	5061.CADANGAP00006124	217	4
700755	5061.CADANGAP00013808	678	10
687409	5061.CADANGAP00000438	961	42
695346	5061.CADANGAP00008390	3214	251
695602	5061.CADANGAP00008646	73.3	4
695092	5061.CADANGAP00008136	1105	58
696691	5061.CADANGAP00009738	299	4
696692	5061.CADANGAP00009739	7052	78
694933	5061.CADANGAP00007977	2476	52
697773	5061.CADANGAP00010822	1046	29
697832	5061.CADANGAP00010881	304	21
697775	5061.CADANGAP00010824	282	17
696683	5061.CADANGAP00009730	167	5
693954	5061.CADANGAP00006996	103	7
696276	5061.CADANGAP00009321	883	8
690117	5061.CADANGAP00003151	88.8	4
687603	5061.CADANGAP00000632	180	10
697336	5061.CADANGAP00010385	514	23
699039	5061.CADANGAP00012089	180	11
700804	5061.CADANGAP00013857	128	6
699031	5061.CADANGAP00012081	35.4	3
689857	5061.CADANGAP00002891	83.4	3
690229	5061.CADANGAP00003263	239	10
688729	5061.CADANGAP00001758	87.7	3
688027	5061.CADANGAP00001056	522	9
694193	5061.CADANGAP00007235	341	22
696935	5061.CADANGAP00009982	144	4
688722	5061.CADANGAP00001751	184	9
688185	5061.CADANGAP00001214	28.2	3
696306	5061.CADANGAP00009351	211	31
696308	5061.CADANGAP00009353	1024	51
689840	5061.CADANGAP00002874	122	5
688601	5061.CADANGAP00001630	30.2	3
690837	5061.CADANGAP00003871	784	59
690836	5061.CADANGAP00003870	107	8
700882	5061.CADANGAP00013935	327	8
687272	5061.CADANGAP00000299	765	17
693785	5061.CADANGAP00006826	79.9	3
700745	5061.CADANGAP00013798	10742	355
687266	5061.CADANGAP00000293	563	8
700741	5061.CADANGAP00013794	452	7
693899	5061.CADANGAP00006941	294	6
700879	5061.CADANGAP00013932	1953	10
693379	5061.CADANGAP00006420	654	32
689696	5061.CADANGAP00002730	1488	117
694477	5061.CADANGAP00007521	58.6	5
700653	5061.CADANGAP00013706	172	5
700654	5061.CADANGAP00013707	211	17
698158	5061.CADANGAP00011207	443	15
695591	5061.CADANGAP00008635	178	3
700013	5061.CADANGAP00013065	42.3	3
692505	5061.CADANGAP00005545	2146	80
698160	5061.CADANGAP00011209	119	3
700656	5061.CADANGAP00013709	2813	125
695691	5061.CADANGAP00008736	58.7	5
699784	5061.CADANGAP00012835	56.7	3
688344	5061.CADANGAP00001373	102	4
687288	5061.CADANGAP00000317	1406	6
688245	5061.CADANGAP00001274	1284	92
694421	5061.CADANGAP00007465	1326	27
688242	5061.CADANGAP00001271	3327	81
698580	5061.CADANGAP00011630	173	11
694658	5061.CADANGAP00007702	92.1	24
694661	5061.CADANGAP00007705	64.4	11
698584	5061.CADANGAP00011634	58.2	4
695184	5061.CADANGAP00008228	115	3
699966	5061.CADANGAP00013018	64.1	7
700988	5061.CADANGAP00014041	533	14
694022	5061.CADANGAP00007064	1493	19
694023	5061.CADANGAP00007065	209	15
699965	5061.CADANGAP00013017	224	10
687803	5061.CADANGAP00000832	92.9	4
694426	5061.CADANGAP00007470	2097	57
688655	5061.CADANGAP00001684	72.4	7
689347	5061.CADANGAP00002378	175	6
696412	5061.CADANGAP00009457	1063	49
699881	5061.CADANGAP00012933	308	25
689342	5061.CADANGAP00002373	828	21
690869	5061.CADANGAP00003903	210	8
690420	5061.CADANGAP00003454	5446	169
687445	5061.CADANGAP00000474	98.4	3
693123	5061.CADANGAP00006163	359	11
690795	5061.CADANGAP00003829	36.1	4
697945	5061.CADANGAP00010994	576	13
694525	5061.CADANGAP00007569	9.07	10
692358	5061.CADANGAP00005398	546	34
693718	5061.CADANGAP00006759	234	26
699361	5061.CADANGAP00012412	578	3
691107	5061.CADANGAP00004141	496	7
695551	5061.CADANGAP00008595	3530	231
696062	5061.CADANGAP00009107	215	3
693578	5061.CADANGAP00006619	240	16
693712	5061.CADANGAP00006753	519	18
689073	5061.CADANGAP00002102	99.7	3
690268	5061.CADANGAP00003302	471	35
692478	5061.CADANGAP00005518	362	4
687243	5061.CADANGAP00000270	105	3
687244	5061.CADANGAP00000271	22870	602
687300	5061.CADANGAP00000329	76.3	4
687246	5061.CADANGAP00000273	469	10
699669	5061.CADANGAP00012720	587	9
699672	5061.CADANGAP00012723	50.6	3
692325	5061.CADANGAP00005365	333	11
699636	5061.CADANGAP00012687	487	18
690482	5061.CADANGAP00003516	15.6	6
697219	5061.CADANGAP00010267	236	31
700790	5061.CADANGAP00013843	150	3
692320	5061.CADANGAP00005360	1016	38
689610	5061.CADANGAP00002644	149	8
696414	5061.CADANGAP00009459	1397	33
689607	5061.CADANGAP00002641	256	8
696126	5061.CADANGAP00009171	18.2	3
697897	5061.CADANGAP00010946	115	7
697895	5061.CADANGAP00010944	408	52
692343	5061.CADANGAP00005383	15.3	3
692342	5061.CADANGAP00005382	882	48
692341	5061.CADANGAP00005381	111	3
692340	5061.CADANGAP00005380	6159	504
696030	5061.CADANGAP00009075	23.2	3
699009	5061.CADANGAP00012059	18.8	3
690994	5061.CADANGAP00004028	1316	39
696034	5061.CADANGAP00009079	1185	23
691284	5061.CADANGAP00004318	48.4	3
694893	5061.CADANGAP00007937	972	30
699069	5061.CADANGAP00012119	784	15
699759	5061.CADANGAP00012810	160	48
690783	5061.CADANGAP00003817	81.4	3
699158	5061.CADANGAP00012209	2003	17
695477	5061.CADANGAP00008521	220	4
689136	5061.CADANGAP00002166	241	16
696891	5061.CADANGAP00009938	95.1	4
693643	5061.CADANGAP00006684	172	3
701000	5061.CADANGAP00014053	886	94
691789	5061.CADANGAP00004826	158	7
691888	5061.CADANGAP00004925	1241	64
693496	5061.CADANGAP00006537	1257	30
690573	5061.CADANGAP00003607	198	31
689804	5061.CADANGAP00002838	739	3
691885	5061.CADANGAP00004922	2728	57
691886	5061.CADANGAP00004923	1488	68
689803	5061.CADANGAP00002837	2936	36
692001	5061.CADANGAP00005039	711	15
686989	5061.CADANGAP00000015	30.3	3
690801	5061.CADANGAP00003835	3649	57
698783	5061.CADANGAP00011833	71.9	3
689897	5061.CADANGAP00002931	2260	131
690798	5061.CADANGAP00003832	965	141
696208	5061.CADANGAP00009253	122	20
690796	5061.CADANGAP00003830	424	85
688666	5061.CADANGAP00001695	93.5	21
698797	5061.CADANGAP00011847	285	9
693148	5061.CADANGAP00006188	236	25
689128	5061.CADANGAP00002158	224	11
694158	5061.CADANGAP00007200	1511	10
700940	5061.CADANGAP00013993	62.3	3
695530	5061.CADANGAP00008574	183	8
695630	5061.CADANGAP00008674	80.8	11
700945	5061.CADANGAP00013998	1948	61
690731	5061.CADANGAP00003765	199	12
690846	5061.CADANGAP00003880	145	3
689201	5061.CADANGAP00002231	306	15
689910	5061.CADANGAP00002944	793	20
696183	5061.CADANGAP00009228	95.8	3
693177	5061.CADANGAP00006217	1870	100
699927	5061.CADANGAP00012979	193	10
694745	5061.CADANGAP00007789	682	32
691481	5061.CADANGAP00004518	102	3
696971	5061.CADANGAP00010018	414	15
700705	5061.CADANGAP00013758	344	4
700645	5061.CADANGAP00013698	152	6
694472	5061.CADANGAP00007516	45208	241
696969	5061.CADANGAP00010016	615	3
696611	5061.CADANGAP00009658	167	48
700947	5061.CADANGAP00014000	772	68
693502	5061.CADANGAP00006543	231	8
688615	5061.CADANGAP00001644	399	6
696608	5061.CADANGAP00009655	229	14
697359	5061.CADANGAP00010408	591	24
693187	5061.CADANGAP00006227	421	20
697394	5061.CADANGAP00010443	210	6
698107	5061.CADANGAP00011156	1839	12
698104	5061.CADANGAP00011153	1437	27
692812	5061.CADANGAP00005852	52.5	6
696075	5061.CADANGAP00009120	357	25
687310	5061.CADANGAP00000339	884	19
687309	5061.CADANGAP00000338	1500	52
688171	5061.CADANGAP00001200	1600	23
700119	5061.CADANGAP00013171	64.1	4
689670	5061.CADANGAP00002704	1203	167
699437	5061.CADANGAP00012488	90.9	3
700702	5061.CADANGAP00013755	124	8
695267	5061.CADANGAP00008311	76.8	3
697884	5061.CADANGAP00010933	94.0	5
700422	5061.CADANGAP00013474	190	3
700526	5061.CADANGAP00013579	958	31
687831	5061.CADANGAP00000860	363	10
689487	5061.CADANGAP00002519	132	16
689040	5061.CADANGAP00002069	3357	69
700228	5061.CADANGAP00013280	166	7
700231	5061.CADANGAP00013283	336	8
699426	5061.CADANGAP00012477	86.4	8
700237	5061.CADANGAP00013289	3624	29
688383	5061.CADANGAP00001412	996	32
687209	5061.CADANGAP00000236	231	3
697966	5061.CADANGAP00011015	1312	99
688779	5061.CADANGAP00001808	56.4	3
698349	5061.CADANGAP00011398	269	12
692489	5061.CADANGAP00005529	110	3
688084	5061.CADANGAP00001113	209	3
693093	5061.CADANGAP00006133	236	19
689013	5061.CADANGAP00002042	84.7	4
689016	5061.CADANGAP00002045	932	80
689015	5061.CADANGAP00002044	1086	18
693096	5061.CADANGAP00006136	60.3	3
693602	5061.CADANGAP00006643	130	8
693600	5061.CADANGAP00006641	308	23
689097	5061.CADANGAP00002126	310	3
695362	5061.CADANGAP00008406	149	7
693604	5061.CADANGAP00006645	6035	220
693603	5061.CADANGAP00006644	609	67
691182	5061.CADANGAP00004216	681	21
687894	5061.CADANGAP00000923	174	7
698542	5061.CADANGAP00011592	157	6
697851	5061.CADANGAP00010900	1241	25
696321	5061.CADANGAP00009366	5823	69
693727	5061.CADANGAP00006768	174	5
698549	5061.CADANGAP00011599	615	55
690297	5061.CADANGAP00003331	161	24
699668	5061.CADANGAP00012719	400	3
690303	5061.CADANGAP00003337	58.4	3
692941	5061.CADANGAP00005981	92.3	13
692943	5061.CADANGAP00005983	3934	68
692417	5061.CADANGAP00005457	401	8
690792	5061.CADANGAP00003826	450	46
692947	5061.CADANGAP00005987	68.4	5
690507	5061.CADANGAP00003541	483	32
699605	5061.CADANGAP00012656	275	31
690512	5061.CADANGAP00003546	866	83
687392	5061.CADANGAP00000421	285	28
692256	5061.CADANGAP00005296	682	27
698640	5061.CADANGAP00011690	322	12
693563	5061.CADANGAP00006604	53.0	4
692997	5061.CADANGAP00006037	600	9
700898	5061.CADANGAP00013951	148	8
692428	5061.CADANGAP00005468	1028	69
691062	5061.CADANGAP00004096	369	26
695056	5061.CADANGAP00008100	313	8
698475	5061.CADANGAP00011525	1047	10
700905	5061.CADANGAP00013958	318	17
690709	5061.CADANGAP00003743	11042	218
696676	5061.CADANGAP00009723	148	14
698217	5061.CADANGAP00011266	236	7
698973	5061.CADANGAP00012023	97.0	13
698970	5061.CADANGAP00012020	641	27
691116	5061.CADANGAP00004150	955	80
694205	5061.CADANGAP00007247	184	18
699569	5061.CADANGAP00012620	56.1	3
693431	5061.CADANGAP00006472	251	15
697328	5061.CADANGAP00010377	186	4
688714	5061.CADANGAP00001743	1086	10
688040	5061.CADANGAP00001069	6953	204
700921	5061.CADANGAP00013974	107	6
689828	5061.CADANGAP00002862	50.7	3
696571	5061.CADANGAP00009617	70.0	3
693006	5061.CADANGAP00006046	527	21
700430	5061.CADANGAP00013482	774	35
693001	5061.CADANGAP00006041	1922	92
689873	5061.CADANGAP00002907	1222	83
696215	5061.CADANGAP00009260	61.0	4
688174	5061.CADANGAP00001203	1665	68
690606	5061.CADANGAP00003640	94.2	3
687824	5061.CADANGAP00000853	7373	172
687261	5061.CADANGAP00000288	192	16
687136	5061.CADANGAP00000163	1308	46
691970	5061.CADANGAP00005008	253	8
696229	5061.CADANGAP00009274	116	6
696248	5061.CADANGAP00009293	345	3
698926	5061.CADANGAP00011976	278	37
694209	5061.CADANGAP00007251	509	25
689668	5061.CADANGAP00002702	360	17
690625	5061.CADANGAP00003659	68.5	6
693424	5061.CADANGAP00006465	620	29
690761	5061.CADANGAP00003795	190	6
699393	5061.CADANGAP00012444	430	4
690764	5061.CADANGAP00003798	3280	212
691566	5061.CADANGAP00004603	20.3	5
696422	5061.CADANGAP00009467	8.61	10
698004	5061.CADANGAP00011053	196	12
696064	5061.CADANGAP00009109	101	4
700122	5061.CADANGAP00013174	241	15
692916	5061.CADANGAP00005956	249	10
698008	5061.CADANGAP00011057	54.7	3
700863	5061.CADANGAP00013916	2255	212
690685	5061.CADANGAP00003719	3639	216
690559	5061.CADANGAP00003593	1160	46
698575	5061.CADANGAP00011625	757	9
688339	5061.CADANGAP00001368	196	5
698577	5061.CADANGAP00011627	2537	27
700082	5061.CADANGAP00013134	69.7	3
692017	5061.CADANGAP00005055	411	84
694934	5061.CADANGAP00007978	915	88
697702	5061.CADANGAP00010751	48.4	3
700998	5061.CADANGAP00014051	451	11
691635	5061.CADANGAP00004672	195	16
694031	5061.CADANGAP00007073	88.3	3
699952	5061.CADANGAP00013004	134	4
688898	5061.CADANGAP00001927	210	7
700943	5061.CADANGAP00013996	2915	194
688668	5061.CADANGAP00001697	15.5	3
695015	5061.CADANGAP00008059	1518	94
689231	5061.CADANGAP00002261	656	10
699870	5061.CADANGAP00012922	629	12
699488	5061.CADANGAP00012539	56.2	3
687561	5061.CADANGAP00000590	112	5
690901	5061.CADANGAP00003935	85.5	3
693845	5061.CADANGAP00006887	29959	425
700821	5061.CADANGAP00013874	786	9
698600	5061.CADANGAP00011650	58.5	12
688975	5061.CADANGAP00002004	597	36
700826	5061.CADANGAP00013879	161	9
695318	5061.CADANGAP00008362	52.5	3
694188	5061.CADANGAP00007230	1977	45
700296	5061.CADANGAP00013348	91.4	3
693560	5061.CADANGAP00006601	1013	9
691117	5061.CADANGAP00004151	10.7	3
694565	5061.CADANGAP00007609	10020	96
698447	5061.CADANGAP00011497	1087	56
687822	5061.CADANGAP00000851	102	3
694632	5061.CADANGAP00007676	117	8
690344	5061.CADANGAP00003378	102	3
699023	5061.CADANGAP00012073	388	14
700448	5061.CADANGAP00013500	43.4	3
687829	5061.CADANGAP00000858	364	14
688551	5061.CADANGAP00001580	77.1	3
688822	5061.CADANGAP00001851	591	25
692512	5061.CADANGAP00005552	143	26
691513	5061.CADANGAP00004550	589	18
698075	5061.CADANGAP00011124	1121	30
693336	5061.CADANGAP00006376	334	7
