#name: D.rerio - Kidney, SC (Kelkar,MCP,2014)
#score: 7.9
#weight: 100%
#description: abundance based on Spectral counting, from<a href="http://www.ncbi.nlm.nih.gov/pubmed/25060758" target="_blank">Kelkar,MCP,2014</a><br/><b>Interaction consistency score</b>: 7.9&nbsp<b>Coverage</b>: 9
#organ: KIDNEY
#integrated: false
#coverage: 9
#publication_year: 2014
#filename: ZF_Kidney_Kelkar_2014_SEQUEST.txt
#
#internal_id	string_external_id	abundance	raw_spectral_count
1494015	7955.ENSDARP00000095691	0.244	2
1495465	7955.ENSDARP00000099928	80.8	1
1500275	7955.ENSDARP00000109497	4014	13
1500271	7955.ENSDARP00000109491	31.7	1
1484448	7955.ENSDARP00000033069	556	2
1487871	7955.ENSDARP00000062655	76.0	1
1493136	7955.ENSDARP00000092020	429	3
1503252	7955.ENSDARP00000115723	117	4
1491555	7955.ENSDARP00000083396	7.69	1
1502634	7955.ENSDARP00000114101	118	1
1484875	7955.ENSDARP00000038651	446	14
1499428	7955.ENSDARP00000108019	113	1
1505999	7955.ENSDARP00000122796	706	21
1488473	7955.ENSDARP00000066176	131	11
1504602	7955.ENSDARP00000119184	26.9	6
1483902	7955.ENSDARP00000026086	126	5
1482327	7955.ENSDARP00000011269	67.2	51
1486345	7955.ENSDARP00000053266	46.4	1
1502055	7955.ENSDARP00000112568	0.51	3
1481495	7955.ENSDARP00000003468	148	4
1500533	7955.ENSDARP00000109944	32.6	2
1482806	7955.ENSDARP00000015727	58.6	1
1493714	7955.ENSDARP00000094479	36.4	1
1482427	7955.ENSDARP00000012119	79.3	1
1484693	7955.ENSDARP00000036317	124	1
1503903	7955.ENSDARP00000117418	23.5	1
1494045	7955.ENSDARP00000095876	82.0	1
1496169	7955.ENSDARP00000101574	46.8	1
1502872	7955.ENSDARP00000114741	0.28	2
1482512	7955.ENSDARP00000012767	430	29
1485880	7955.ENSDARP00000049625	43.6	1
1504598	7955.ENSDARP00000119179	232	30
1497661	7955.ENSDARP00000104909	21.4	2
1483670	7955.ENSDARP00000023871	215	1
1504326	7955.ENSDARP00000118495	0.275	2
1505407	7955.ENSDARP00000121314	292	2
1506054	7955.ENSDARP00000122934	683	4
1495584	7955.ENSDARP00000100192	15.7	1
1505043	7955.ENSDARP00000120318	85.1	1
1485426	7955.ENSDARP00000044682	815	15
1495585	7955.ENSDARP00000100195	1484	88
1485427	7955.ENSDARP00000044689	23.5	2
1495765	7955.ENSDARP00000100615	94.2	1
1492137	7955.ENSDARP00000087580	116	1
1499514	7955.ENSDARP00000108169	189	2
1484014	7955.ENSDARP00000027118	758	15
1486564	7955.ENSDARP00000054690	382	12
1484013	7955.ENSDARP00000027115	1123	9
1486312	7955.ENSDARP00000053076	4565	24
1482373	7955.ENSDARP00000011642	44.5	1
1488024	7955.ENSDARP00000063491	32.8	2
1506274	7955.ENSDARP00000123530	320	4
1482132	7955.ENSDARP00000009555	68.2	1
1506282	7955.ENSDARP00000123539	0.274	2
1506281	7955.ENSDARP00000123538	226	1
1497990	7955.ENSDARP00000105496	910	87
1488732	7955.ENSDARP00000067558	39.6	1
1482773	7955.ENSDARP00000015397	3702	18
1488617	7955.ENSDARP00000067004	29.9	1
1495598	7955.ENSDARP00000100229	125	2
1507023	7955.ENSDARP00000125563	0.273	2
1493657	7955.ENSDARP00000094251	255	2
1507026	7955.ENSDARP00000125566	0.471	3
1486969	7955.ENSDARP00000057173	198	1
1481706	7955.ENSDARP00000005448	290	6
1506608	7955.ENSDARP00000124562	16.3	1
1506612	7955.ENSDARP00000124569	232	1
1496263	7955.ENSDARP00000101805	50.3	1
1496262	7955.ENSDARP00000101802	65.0	2
1488775	7955.ENSDARP00000067775	115	1
1504039	7955.ENSDARP00000117779	57.7	1
1488963	7955.ENSDARP00000068662	241	7
1503458	7955.ENSDARP00000116247	0.279	2
1498414	7955.ENSDARP00000106218	675	2
1488082	7955.ENSDARP00000063788	829	5
1481317	7955.ENSDARP00000001565	159	2
1492250	7955.ENSDARP00000088115	82.3	1
1506157	7955.ENSDARP00000123225	0.225	2
1487508	7955.ENSDARP00000060309	4963	77
1506197	7955.ENSDARP00000123323	298	39
1492893	7955.ENSDARP00000090972	52.9	3
1487507	7955.ENSDARP00000060303	71.7	1
1492892	7955.ENSDARP00000090970	52.9	3
1481396	7955.ENSDARP00000002746	5.03	1
1502502	7955.ENSDARP00000113767	39.9	1
1488844	7955.ENSDARP00000068085	35.8	2
1488187	7955.ENSDARP00000064375	3680	16
1488845	7955.ENSDARP00000068086	523	4
1483326	7955.ENSDARP00000020656	227	1
1503763	7955.ENSDARP00000117043	132	1
1492804	7955.ENSDARP00000090576	930	11
1485301	7955.ENSDARP00000043311	171	1
1503519	7955.ENSDARP00000116407	59.6	1
1498430	7955.ENSDARP00000106245	910	87
1499697	7955.ENSDARP00000108469	68.4	1
1482813	7955.ENSDARP00000015805	214	10
1485329	7955.ENSDARP00000043659	209	5
1481718	7955.ENSDARP00000005533	423	1
1481826	7955.ENSDARP00000006624	332	1
1506979	7955.ENSDARP00000125473	0.528	3
1500631	7955.ENSDARP00000110121	184	8
1503617	7955.ENSDARP00000116667	78.0	1
1494722	7955.ENSDARP00000098194	278	1
1502325	7955.ENSDARP00000113290	15.7	15
1502327	7955.ENSDARP00000113293	0.282	2
1489105	7955.ENSDARP00000069336	25.4	1
1492850	7955.ENSDARP00000090794	1078	30
1494967	7955.ENSDARP00000098757	178	2
1496634	7955.ENSDARP00000102682	1078	30
1492578	7955.ENSDARP00000089645	461	12
1507425	7955.ENSDARP00000126548	0.546	3
1500693	7955.ENSDARP00000110238	500	15
1493386	7955.ENSDARP00000093187	165	2
1504850	7955.ENSDARP00000119862	0.537	3
1481876	7955.ENSDARP00000007117	172	2
1487667	7955.ENSDARP00000061327	75.9	1
1500692	7955.ENSDARP00000110237	189	6
1484438	7955.ENSDARP00000032935	11.0	1
1493321	7955.ENSDARP00000092817	0.728	3
1486261	7955.ENSDARP00000052729	2116	9
1489866	7955.ENSDARP00000073284	229	1
1493393	7955.ENSDARP00000093211	477	16
1486100	7955.ENSDARP00000051749	376	5
1493554	7955.ENSDARP00000093850	88.7	1
1503983	7955.ENSDARP00000117628	2449	30
1502952	7955.ENSDARP00000114932	1466	12
1501568	7955.ENSDARP00000111723	23.5	2
1484059	7955.ENSDARP00000027635	7.72	1
1489355	7955.ENSDARP00000070658	197	3
1491416	7955.ENSDARP00000082411	207	2
1490136	7955.ENSDARP00000074552	646	15
1487123	7955.ENSDARP00000058094	106	3
1485678	7955.ENSDARP00000047390	883	5
1502550	7955.ENSDARP00000113905	156	8
1500121	7955.ENSDARP00000109226	113	3
1486019	7955.ENSDARP00000051183	111	4
1486020	7955.ENSDARP00000051185	625	4
1501336	7955.ENSDARP00000111296	64.8	1
1481375	7955.ENSDARP00000002502	101	2
1484419	7955.ENSDARP00000032688	312	8
1501333	7955.ENSDARP00000111292	0.233	2
1500595	7955.ENSDARP00000110052	189	2
1501337	7955.ENSDARP00000111298	298	39
1501451	7955.ENSDARP00000111507	49.3	1
1506809	7955.ENSDARP00000125167	0.518	3
1504223	7955.ENSDARP00000118203	0.243	2
1493154	7955.ENSDARP00000092100	39.3	2
1504188	7955.ENSDARP00000118117	0.253	2
1493274	7955.ENSDARP00000092617	528	2
1483706	7955.ENSDARP00000024210	160	25
1504313	7955.ENSDARP00000118446	158	3
1490210	7955.ENSDARP00000074935	123	9
1502521	7955.ENSDARP00000113831	121	1
1485396	7955.ENSDARP00000044330	30.5	1
1485681	7955.ENSDARP00000047408	36.0	8
1484829	7955.ENSDARP00000038063	2455	17
1500174	7955.ENSDARP00000109315	278	39
1501606	7955.ENSDARP00000111784	113	3
1485680	7955.ENSDARP00000047400	22.5	1
1499775	7955.ENSDARP00000108601	365	5
1494014	7955.ENSDARP00000095687	124	1
1501608	7955.ENSDARP00000111786	910	87
1503045	7955.ENSDARP00000115194	0.228	2
1481602	7955.ENSDARP00000004473	73.3	1
1481463	7955.ENSDARP00000003276	53.1	2
1491037	7955.ENSDARP00000079716	114	1
1502642	7955.ENSDARP00000114116	0.497	3
1502641	7955.ENSDARP00000114114	34.6	3
1505879	7955.ENSDARP00000122470	0.293	2
1504624	7955.ENSDARP00000119246	0.271	2
1505883	7955.ENSDARP00000122475	51.0	2
1506553	7955.ENSDARP00000124366	464	34
1501970	7955.ENSDARP00000112409	0.209	2
1484838	7955.ENSDARP00000038205	225	4
1505597	7955.ENSDARP00000121783	0.22	2
1482898	7955.ENSDARP00000016595	135	1
1486042	7955.ENSDARP00000051361	682	242
1499985	7955.ENSDARP00000109000	163	1
1499762	7955.ENSDARP00000108576	41.5	1
1487219	7955.ENSDARP00000058628	717	86
1493339	7955.ENSDARP00000092924	26.3	2
1497297	7955.ENSDARP00000104203	15.0	1
1483592	7955.ENSDARP00000023241	21.1	1
1491538	7955.ENSDARP00000083252	93.3	1
1487095	7955.ENSDARP00000057912	9.0	4
1484768	7955.ENSDARP00000037326	13.0	1
1499854	7955.ENSDARP00000108753	0.413	3
1482697	7955.ENSDARP00000014732	96.6	2
1507353	7955.ENSDARP00000126372	0.223	2
1485831	7955.ENSDARP00000049108	1068	13
1487766	7955.ENSDARP00000062009	8.39	1
1496811	7955.ENSDARP00000103088	41.4	1
1506889	7955.ENSDARP00000125309	0.255	2
1494190	7955.ENSDARP00000096468	371	2
1481610	7955.ENSDARP00000004582	269	2
1499818	7955.ENSDARP00000108688	47.4	1
1490215	7955.ENSDARP00000074959	1348	6
1481565	7955.ENSDARP00000004055	58.3	2
1485466	7955.ENSDARP00000045125	32.1	4
1496425	7955.ENSDARP00000102203	182	4
1484341	7955.ENSDARP00000031658	34.3	2
1505411	7955.ENSDARP00000121323	409	12
1483678	7955.ENSDARP00000023938	330	2
1490443	7955.ENSDARP00000076040	74.1	2
1505498	7955.ENSDARP00000121523	0.522	3
1505383	7955.ENSDARP00000121255	955	7
1499527	7955.ENSDARP00000108190	1179	17
1499532	7955.ENSDARP00000108197	981	4
1486255	7955.ENSDARP00000052682	488	40
1506946	7955.ENSDARP00000125410	0.251	2
1493901	7955.ENSDARP00000095265	66.0	3
1481588	7955.ENSDARP00000004298	11.9	1
1489566	7955.ENSDARP00000072012	40.9	2
1493295	7955.ENSDARP00000092712	63.1	2
1503195	7955.ENSDARP00000115570	0.757	3
1484010	7955.ENSDARP00000027102	281	3
1498085	7955.ENSDARP00000105649	371	1
1488598	7955.ENSDARP00000066942	316	5
1486868	7955.ENSDARP00000056539	683	4
1502844	7955.ENSDARP00000114642	3137	1
1507113	7955.ENSDARP00000125774	8.28	2
1499580	7955.ENSDARP00000108280	560	2
1498082	7955.ENSDARP00000105646	229	39
1484600	7955.ENSDARP00000035027	352	9
1499049	7955.ENSDARP00000107359	120	2
1499047	7955.ENSDARP00000107355	22.7	1
1488058	7955.ENSDARP00000063661	4074	38
1481292	7955.ENSDARP00000000803	67.0	9
1498636	7955.ENSDARP00000106592	109	1
1498638	7955.ENSDARP00000106594	41.7	2
1501104	7955.ENSDARP00000110917	118	1
1496955	7955.ENSDARP00000103429	0.677	3
1485447	7955.ENSDARP00000045014	20.4	1
1503127	7955.ENSDARP00000115408	352	4
1483013	7955.ENSDARP00000017569	1417	19
1496997	7955.ENSDARP00000103528	280	1
1488817	7955.ENSDARP00000067945	1078	30
1488816	7955.ENSDARP00000067943	565	18
1485061	7955.ENSDARP00000040755	257	3
1492953	7955.ENSDARP00000091305	102	1
1484667	7955.ENSDARP00000035977	11.5	1
1485400	7955.ENSDARP00000044377	6.3	1
1487439	7955.ENSDARP00000059960	730	4
1487538	7955.ENSDARP00000060465	194	3
1485307	7955.ENSDARP00000043402	383	3
1495706	7955.ENSDARP00000100461	1352	14
1498333	7955.ENSDARP00000106080	433	5
1492891	7955.ENSDARP00000090968	76.4	3
1486902	7955.ENSDARP00000056744	133	4
1488098	7955.ENSDARP00000063848	342	34
1492889	7955.ENSDARP00000090963	86.9	2
1485175	7955.ENSDARP00000041938	7.37	1
1484960	7955.ENSDARP00000039656	1721	27
1481336	7955.ENSDARP00000002126	56.3	1
1502498	7955.ENSDARP00000113756	214	10
1503966	7955.ENSDARP00000117582	16.5	7
1481959	7955.ENSDARP00000007817	63.0	1
1507124	7955.ENSDARP00000125799	1683	3
1487281	7955.ENSDARP00000058964	310	5
1484968	7955.ENSDARP00000039787	350	1
1482054	7955.ENSDARP00000008722	19.7	1
1487280	7955.ENSDARP00000058963	9578	51
1503498	7955.ENSDARP00000116346	0.474	3
1502689	7955.ENSDARP00000114262	0.212	2
1483996	7955.ENSDARP00000026992	57.3	3
1485661	7955.ENSDARP00000047158	2686	13
1497047	7955.ENSDARP00000103634	1868	20
1489165	7955.ENSDARP00000069695	14.9	9
1484241	7955.ENSDARP00000030050	49.7	7
1485435	7955.ENSDARP00000044837	1998	21
1502343	7955.ENSDARP00000113335	101	1
1502450	7955.ENSDARP00000113622	70.9	2
1495320	7955.ENSDARP00000099561	149	1
1485689	7955.ENSDARP00000047470	29.8	1
1495321	7955.ENSDARP00000099565	44.0	1
1495919	7955.ENSDARP00000100985	14.3	1
1500639	7955.ENSDARP00000110138	0.305	2
1486456	7955.ENSDARP00000053935	229	1
1495920	7955.ENSDARP00000100986	104	1
1494714	7955.ENSDARP00000098182	700	17
1483252	7955.ENSDARP00000019915	78.2	4
1494959	7955.ENSDARP00000098745	32.0	1
1507432	7955.ENSDARP00000126570	0.662	3
1486148	7955.ENSDARP00000052089	23.4	1
1503738	7955.ENSDARP00000116988	0.259	2
1496736	7955.ENSDARP00000102928	119	2
1487312	7955.ENSDARP00000059181	62.4	1
1486000	7955.ENSDARP00000050970	30.8	1
1483297	7955.ENSDARP00000020358	1857	6
1497766	7955.ENSDARP00000105079	340	2
1487350	7955.ENSDARP00000059346	284	4
1488428	7955.ENSDARP00000065850	326	4
1502495	7955.ENSDARP00000113739	49.6	2
1496597	7955.ENSDARP00000102588	0.582	3
1489173	7955.ENSDARP00000069745	69.9	1
1489172	7955.ENSDARP00000069744	3.18	1
1497140	7955.ENSDARP00000103854	49.1	7
1481929	7955.ENSDARP00000007588	530	6
1495411	7955.ENSDARP00000099768	54.7	2
1482562	7955.ENSDARP00000013243	23.9	1
1481928	7955.ENSDARP00000007584	376	2
1494795	7955.ENSDARP00000098365	0.315	2
1483829	7955.ENSDARP00000025466	202	5
1488215	7955.ENSDARP00000064522	688	6
1495726	7955.ENSDARP00000100503	73.2	1
1485018	7955.ENSDARP00000040327	672	30
1481926	7955.ENSDARP00000007566	248	2
1502723	7955.ENSDARP00000114340	44.9	3
1496011	7955.ENSDARP00000101178	706	21
1502726	7955.ENSDARP00000114344	0.775	2
1502727	7955.ENSDARP00000114345	14.9	1
1493429	7955.ENSDARP00000093331	479	13
1506819	7955.ENSDARP00000125177	0.502	3
1504346	7955.ENSDARP00000118532	38.6	1
1482419	7955.ENSDARP00000012048	353	13
1489887	7955.ENSDARP00000073383	115	1
1484139	7955.ENSDARP00000028641	87.4	1
1504249	7955.ENSDARP00000118276	118	1
1500452	7955.ENSDARP00000109811	0.554	3
1500429	7955.ENSDARP00000109765	3576	14
1490849	7955.ENSDARP00000078255	39.3	1
1485618	7955.ENSDARP00000046783	266	2
1490075	7955.ENSDARP00000074169	4736	25
1482861	7955.ENSDARP00000016160	202	3
1487210	7955.ENSDARP00000058585	202	2
1494057	7955.ENSDARP00000095921	174	1
1505796	7955.ENSDARP00000122263	4340	126
1484830	7955.ENSDARP00000038075	142	2
1502512	7955.ENSDARP00000113805	5.97	1
1495696	7955.ENSDARP00000100434	717	86
1500248	7955.ENSDARP00000109451	5.19	2
1482472	7955.ENSDARP00000012444	181	2
1505894	7955.ENSDARP00000122502	26.4	33
1487874	7955.ENSDARP00000062670	328	12
1487206	7955.ENSDARP00000058564	278	1
1486698	7955.ENSDARP00000055503	1012	6
1483455	7955.ENSDARP00000022077	244	14
1493852	7955.ENSDARP00000095078	6.27	2
1484204	7955.ENSDARP00000029601	43.8	1
1503260	7955.ENSDARP00000115747	0.223	2
1493258	7955.ENSDARP00000092551	496	10
1487165	7955.ENSDARP00000058363	254	1
1503349	7955.ENSDARP00000115964	108	61
1503259	7955.ENSDARP00000115743	21.6	1
1484205	7955.ENSDARP00000029607	13.8	4
1483604	7955.ENSDARP00000023354	193	5
1485943	7955.ENSDARP00000050398	149	1
1493851	7955.ENSDARP00000095074	25.3	1
1481636	7955.ENSDARP00000004866	180	4
1493245	7955.ENSDARP00000092488	21202	186
1493244	7955.ENSDARP00000092484	4835	39
1484358	7955.ENSDARP00000031864	75.6	1
1482678	7955.ENSDARP00000014456	1795	23
1504772	7955.ENSDARP00000119655	0.512	3
1499751	7955.ENSDARP00000108560	112	1
1497300	7955.ENSDARP00000104211	489	10
1504771	7955.ENSDARP00000119651	142	2
1489730	7955.ENSDARP00000072687	3355	456
1484428	7955.ENSDARP00000032748	220	5
1505315	7955.ENSDARP00000121065	8.86	1
1484993	7955.ENSDARP00000040031	77.3	1
1494243	7955.ENSDARP00000096674	217	8
1503105	7955.ENSDARP00000115363	181	3
1483471	7955.ENSDARP00000022217	137	1
1493702	7955.ENSDARP00000094415	563	5
1504082	7955.ENSDARP00000117879	1582	26
1499852	7955.ENSDARP00000108749	0.756	3
1506004	7955.ENSDARP00000122802	74.6	3
1495070	7955.ENSDARP00000098989	81.5	7
1496484	7955.ENSDARP00000102325	0.724	3
1496483	7955.ENSDARP00000102324	0.43	2
1499542	7955.ENSDARP00000108215	155	15
1485824	7955.ENSDARP00000049002	150	6
1483092	7955.ENSDARP00000018197	559	9
1491970	7955.ENSDARP00000086483	10.8	1
1497435	7955.ENSDARP00000104502	65.3	2
1485832	7955.ENSDARP00000049134	1121	17
1494051	7955.ENSDARP00000095894	145	2
1483187	7955.ENSDARP00000019229	15.3	1
1481515	7955.ENSDARP00000003641	2432	12
1486378	7955.ENSDARP00000053443	27.9	1
1488919	7955.ENSDARP00000068459	29.5	1
1498799	7955.ENSDARP00000106906	325	4
1482129	7955.ENSDARP00000009521	53.7	2
1501061	7955.ENSDARP00000110851	303	35
1481623	7955.ENSDARP00000004738	200	6
1505422	7955.ENSDARP00000121339	120	1
1491119	7955.ENSDARP00000080204	55.7	1
1492307	7955.ENSDARP00000088354	517	7
1502097	7955.ENSDARP00000112695	198	1
1489588	7955.ENSDARP00000072101	686	3
1482928	7955.ENSDARP00000016831	177	3
1486799	7955.ENSDARP00000056088	120	6
1486604	7955.ENSDARP00000054908	119	2
1505181	7955.ENSDARP00000120686	3238	17
1498102	7955.ENSDARP00000105678	450	16
1486864	7955.ENSDARP00000056522	52.7	2
1501354	7955.ENSDARP00000111326	449	213
1498935	7955.ENSDARP00000107168	215	1
1483884	7955.ENSDARP00000025865	70.6	2
1481864	7955.ENSDARP00000006973	298	3
1485598	7955.ENSDARP00000046575	178	4
1499015	7955.ENSDARP00000107296	23.5	1
1505206	7955.ENSDARP00000120759	115	3
1503128	7955.ENSDARP00000115410	0.294	2
1481569	7955.ENSDARP00000004139	892	19
1485889	7955.ENSDARP00000049792	369	8
1506447	7955.ENSDARP00000124045	24.4	2
1506449	7955.ENSDARP00000124049	0.507	3
1492288	7955.ENSDARP00000088283	0.317	2
1504482	7955.ENSDARP00000118870	93.6	1
1484030	7955.ENSDARP00000027342	937	5
1504485	7955.ENSDARP00000118874	60.2	1
1499467	7955.ENSDARP00000108086	75.9	5
1486296	7955.ENSDARP00000052929	107	2
1498385	7955.ENSDARP00000106169	283	1
1498381	7955.ENSDARP00000106164	185	23
1498379	7955.ENSDARP00000106162	52.7	1
1487443	7955.ENSDARP00000059971	46.8	1
1488693	7955.ENSDARP00000067373	187	2
1484380	7955.ENSDARP00000032177	77.0	2
1484952	7955.ENSDARP00000039535	106	1
1501744	7955.ENSDARP00000112030	77.3	2
1506167	7955.ENSDARP00000123249	292	5
1483221	7955.ENSDARP00000019585	69.4	1
1501748	7955.ENSDARP00000112034	910	87
1506576	7955.ENSDARP00000124433	31.8	1
1483069	7955.ENSDARP00000017995	49.5	1
1504607	7955.ENSDARP00000119201	26.2	1
1497876	7955.ENSDARP00000105290	1078	30
1497879	7955.ENSDARP00000105296	181	2
1504500	7955.ENSDARP00000118910	110	1
1488177	7955.ENSDARP00000064310	4336	18
1503376	7955.ENSDARP00000116043	34.8	3
1491285	7955.ENSDARP00000081474	200	4
1492692	7955.ENSDARP00000090133	116	6
1485203	7955.ENSDARP00000042258	135	2
1506721	7955.ENSDARP00000124943	11.7	1
1506723	7955.ENSDARP00000124947	44.4	1
1487278	7955.ENSDARP00000058955	928	12
1490298	7955.ENSDARP00000075390	59.3	1
1497041	7955.ENSDARP00000103621	89.8	1
1487045	7955.ENSDARP00000057604	1151	11
1481367	7955.ENSDARP00000002453	155	2
1489504	7955.ENSDARP00000071656	250	1
1486150	7955.ENSDARP00000052096	819	4
1487581	7955.ENSDARP00000060744	421	7
1502339	7955.ENSDARP00000113325	0.524	3
1487718	7955.ENSDARP00000061692	55.4	1
1496549	7955.ENSDARP00000102463	70.5	1
1487719	7955.ENSDARP00000061697	1100	4
1483833	7955.ENSDARP00000025500	51.1	1
1495324	7955.ENSDARP00000099570	79.6	3
1503927	7955.ENSDARP00000117486	0.243	2
1483287	7955.ENSDARP00000020214	47.8	3
1495327	7955.ENSDARP00000099577	61.0	1
1490996	7955.ENSDARP00000079424	51.3	2
1492024	7955.ENSDARP00000086825	104	1
1503625	7955.ENSDARP00000116689	0.206	2
1506822	7955.ENSDARP00000125184	0.444	3
1503757	7955.ENSDARP00000117024	1021	12
1481818	7955.ENSDARP00000006510	214	4
1491041	7955.ENSDARP00000079733	131	1
1483164	7955.ENSDARP00000018980	1965	12
1494712	7955.ENSDARP00000098175	473	5
1482828	7955.ENSDARP00000015917	515	10
1490788	7955.ENSDARP00000077832	910	87
1496623	7955.ENSDARP00000102662	4.19	1
1496727	7955.ENSDARP00000102911	4.56	1
1486227	7955.ENSDARP00000052528	748	3
1496627	7955.ENSDARP00000102666	171	2
1507431	7955.ENSDARP00000126566	1.36	3
1489359	7955.ENSDARP00000070677	353	1
1483298	7955.ENSDARP00000020361	179	3
1502557	7955.ENSDARP00000113920	85.4	1
1502559	7955.ENSDARP00000113928	0.363	2
1494364	7955.ENSDARP00000097248	1095	2
1481440	7955.ENSDARP00000003107	88.6	2
1486258	7955.ENSDARP00000052702	204	2
1487352	7955.ENSDARP00000059359	379	7
1483021	7955.ENSDARP00000017622	134	2
1504411	7955.ENSDARP00000118683	0.548	3
1495415	7955.ENSDARP00000099772	442	208
1484063	7955.ENSDARP00000027655	155	2
1484062	7955.ENSDARP00000027654	2259	8
1500971	7955.ENSDARP00000110694	450	16
1486104	7955.ENSDARP00000051762	792	4
1481756	7955.ENSDARP00000005952	47.9	1
1490142	7955.ENSDARP00000074570	921	17
1500869	7955.ENSDARP00000110519	15.0	1
1488820	7955.ENSDARP00000067953	1129	9
1493737	7955.ENSDARP00000094590	387	3
1495973	7955.ENSDARP00000101100	1174	18
1504820	7955.ENSDARP00000119791	0.471	3
1481865	7955.ENSDARP00000007002	39.2	1
1484104	7955.ENSDARP00000028107	97.6	1
1500610	7955.ENSDARP00000110078	95.8	2
1500448	7955.ENSDARP00000109802	136	3
1500446	7955.ENSDARP00000109800	10.5	2
1490412	7955.ENSDARP00000075883	149	2
1488761	7955.ENSDARP00000067677	140	1
1483712	7955.ENSDARP00000024272	420	44
1504680	7955.ENSDARP00000119402	57.2	1
1482978	7955.ENSDARP00000017258	252	3
1485394	7955.ENSDARP00000044313	45.4	1
1502516	7955.ENSDARP00000113812	233	2
1505799	7955.ENSDARP00000122279	889	3
1482474	7955.ENSDARP00000012454	1449	12
1490642	7955.ENSDARP00000076844	386	8
1483453	7955.ENSDARP00000022064	594	16
1482901	7955.ENSDARP00000016622	23.9	2
1483175	7955.ENSDARP00000019103	27.1	1
1504259	7955.ENSDARP00000118311	0.574	3
1506535	7955.ENSDARP00000124307	7.06	2
1504260	7955.ENSDARP00000118312	1.19	3
1500061	7955.ENSDARP00000109119	224	7
1490829	7955.ENSDARP00000078114	5.45	1
1490150	7955.ENSDARP00000074623	1438	4
1500058	7955.ENSDARP00000109113	106	1
1503315	7955.ENSDARP00000115884	0.56	3
1503313	7955.ENSDARP00000115880	195	2
1503316	7955.ENSDARP00000115888	136	2
1506898	7955.ENSDARP00000125323	3.07	3
1484454	7955.ENSDARP00000033180	206	33
1501342	7955.ENSDARP00000111308	48.3	1
1493196	7955.ENSDARP00000092307	352	9
1506510	7955.ENSDARP00000124236	28.5	1
1483778	7955.ENSDARP00000024900	689	13
1499549	7955.ENSDARP00000108226	309	11
1498195	7955.ENSDARP00000105846	38.4	1
1484911	7955.ENSDARP00000038993	80.5	1
1484843	7955.ENSDARP00000038227	770	2
1502815	7955.ENSDARP00000114570	6.7	1
1507342	7955.ENSDARP00000126355	8.75	1
1494179	7955.ENSDARP00000096443	122	3
1487770	7955.ENSDARP00000062066	317	6
1494035	7955.ENSDARP00000095791	17.4	2
1494182	7955.ENSDARP00000096449	108	4
1499418	7955.ENSDARP00000107999	23.6	1
1499417	7955.ENSDARP00000107998	910	87
1503054	7955.ENSDARP00000115222	0.627	3
1481619	7955.ENSDARP00000004700	347	3
1488283	7955.ENSDARP00000064973	1573	17
1483499	7955.ENSDARP00000022440	84.4	1
1506324	7955.ENSDARP00000123652	89.1	1
1493978	7955.ENSDARP00000095538	9.26	1
1481621	7955.ENSDARP00000004708	402	5
1490217	7955.ENSDARP00000074972	13.4	1
1493894	7955.ENSDARP00000095248	5981	6
1485882	7955.ENSDARP00000049650	464	8
1502773	7955.ENSDARP00000114456	10.7	4
1505492	7955.ENSDARP00000121507	0.276	2
1500437	7955.ENSDARP00000109780	482	5
1506959	7955.ENSDARP00000125435	0.61	3
1486396	7955.ENSDARP00000053541	2884	13
1503277	7955.ENSDARP00000115796	1862	5
1498950	7955.ENSDARP00000107199	210	1
1505044	7955.ENSDARP00000120324	8.42	1
1507019	7955.ENSDARP00000125552	114	3
1507020	7955.ENSDARP00000125554	0.295	2
1488602	7955.ENSDARP00000066960	55.7	1
1482255	7955.ENSDARP00000010745	269	1
1500451	7955.ENSDARP00000109807	132	14
1498937	7955.ENSDARP00000107173	3836	14
1492918	7955.ENSDARP00000091094	1938	4
1497865	7955.ENSDARP00000105275	0.607	3
1504998	7955.ENSDARP00000120216	107	1
1504849	7955.ENSDARP00000119861	91.9	1
1505202	7955.ENSDARP00000120742	1083	19
1504996	7955.ENSDARP00000120213	10.2	1
1499180	7955.ENSDARP00000107578	113	3
1498622	7955.ENSDARP00000106573	0.569	3
1499178	7955.ENSDARP00000107576	437	6
1488536	7955.ENSDARP00000066567	30.8	1
1484636	7955.ENSDARP00000035494	107	2
1499009	7955.ENSDARP00000107286	0.756	3
1496963	7955.ENSDARP00000103447	0.291	2
1486322	7955.ENSDARP00000053132	493	1
1504477	7955.ENSDARP00000118861	8.58	1
1498518	7955.ENSDARP00000106393	0.598	3
1488544	7955.ENSDARP00000066619	5.06	2
1492310	7955.ENSDARP00000088385	37.6	1
1486493	7955.ENSDARP00000054204	579	3
1492735	7955.ENSDARP00000090306	29.2	33
1496350	7955.ENSDARP00000102009	87.0	1
1481674	7955.ENSDARP00000005224	65.9	9
1495168	7955.ENSDARP00000099212	16.8	2
1485360	7955.ENSDARP00000043931	36.4	3
1495169	7955.ENSDARP00000099216	208	1
1489198	7955.ENSDARP00000069904	67.1	1
1482083	7955.ENSDARP00000009096	849	4
1482082	7955.ENSDARP00000009095	731	1
1482971	7955.ENSDARP00000017217	387	5
1506581	7955.ENSDARP00000124448	138	3
1491785	7955.ENSDARP00000085102	10.8	2
1498300	7955.ENSDARP00000106024	72.0	1
1487733	7955.ENSDARP00000061750	7.73	1
1484935	7955.ENSDARP00000039257	18.3	1
1498373	7955.ENSDARP00000106154	379	10
1483031	7955.ENSDARP00000017693	37.8	2
1483265	7955.ENSDARP00000020027	3975	25
1490011	7955.ENSDARP00000073908	374	2
1488665	7955.ENSDARP00000067187	6.0	2
1493092	7955.ENSDARP00000091899	884	6
1486116	7955.ENSDARP00000051817	51.7	1
1497962	7955.ENSDARP00000105443	411	2
1485333	7955.ENSDARP00000043687	2956	14
1486065	7955.ENSDARP00000051545	95.1	3
1483323	7955.ENSDARP00000020595	11942	36
1485564	7955.ENSDARP00000046121	35.5	1
1502402	7955.ENSDARP00000113485	0.25	2
1506085	7955.ENSDARP00000123009	0.266	2
1486800	7955.ENSDARP00000056094	362	2
1500828	7955.ENSDARP00000110449	1396	9
1502334	7955.ENSDARP00000113314	0.481	3
1502335	7955.ENSDARP00000113317	0.298	2
1485533	7955.ENSDARP00000045815	326	11
1503932	7955.ENSDARP00000117497	400	6
1485804	7955.ENSDARP00000048827	1697	99
1501691	7955.ENSDARP00000111930	910	87
1502515	7955.ENSDARP00000113810	0.487	3
1492762	7955.ENSDARP00000090434	1806	15
1481409	7955.ENSDARP00000002844	1805	22
1482223	7955.ENSDARP00000010413	49.7	7
1486232	7955.ENSDARP00000052551	451	2
1482983	7955.ENSDARP00000017326	141	13
1496628	7955.ENSDARP00000102672	688	17
1494425	7955.ENSDARP00000097494	379	4
1485338	7955.ENSDARP00000043714	93.3	2
1497752	7955.ENSDARP00000105058	121	2
1497753	7955.ENSDARP00000105059	910	87
1501717	7955.ENSDARP00000111975	71.1	1
1491966	7955.ENSDARP00000086457	12.0	1
1485627	7955.ENSDARP00000046890	397	4
1497750	7955.ENSDARP00000105055	0.283	2
1487354	7955.ENSDARP00000059368	159	2
1487353	7955.ENSDARP00000059365	892	12
1494766	7955.ENSDARP00000098301	136	1
1485122	7955.ENSDARP00000041423	136	6
1482105	7955.ENSDARP00000009277	72.3	1
1484064	7955.ENSDARP00000027662	316	3
1502966	7955.ENSDARP00000114965	0.227	2
1504816	7955.ENSDARP00000119785	69.2	1
1481924	7955.ENSDARP00000007548	291	2
1504050	7955.ENSDARP00000117812	0.212	2
1501616	7955.ENSDARP00000111799	80.9	1
1492505	7955.ENSDARP00000089263	305	16
1504178	7955.ENSDARP00000118091	412	16
1487132	7955.ENSDARP00000058161	304	8
1485260	7955.ENSDARP00000042894	2503	52
1482916	7955.ENSDARP00000016749	371	12
1500166	7955.ENSDARP00000109299	910	87
1482595	7955.ENSDARP00000013511	96.2	2
1482543	7955.ENSDARP00000013042	316	28
1494824	7955.ENSDARP00000098436	54.1	3
1494867	7955.ENSDARP00000098544	0.286	2
1493394	7955.ENSDARP00000093222	15.4	1
1482952	7955.ENSDARP00000016984	165	3
1496564	7955.ENSDARP00000102498	214	10
1486656	7955.ENSDARP00000055262	32.1	1
1504686	7955.ENSDARP00000119413	690	15
1499814	7955.ENSDARP00000108684	121	1
1502534	7955.ENSDARP00000113864	0.224	2
1486830	7955.ENSDARP00000056279	5.46	1
1484501	7955.ENSDARP00000033622	159	3
1490858	7955.ENSDARP00000078299	39.2	1
1487864	7955.ENSDARP00000062617	832	9
1482747	7955.ENSDARP00000015132	88.1	1
1494007	7955.ENSDARP00000095652	27.7	5
1500508	7955.ENSDARP00000109904	65.0	1
1504261	7955.ENSDARP00000118321	1.26	2
1487169	7955.ENSDARP00000058383	1222	15
1500510	7955.ENSDARP00000109908	49.8	1
1487450	7955.ENSDARP00000060004	337	1
1487191	7955.ENSDARP00000058490	106	1
1483808	7955.ENSDARP00000025226	108	1
1485794	7955.ENSDARP00000048728	265	5
1499722	7955.ENSDARP00000108507	103	1
1506769	7955.ENSDARP00000125089	26.5	33
1499720	7955.ENSDARP00000108502	910	87
1496875	7955.ENSDARP00000103264	14.3	2
1501361	7955.ENSDARP00000111337	1704	24
1501358	7955.ENSDARP00000111333	280	22
1495537	7955.ENSDARP00000100082	136	1
1482324	7955.ENSDARP00000011226	146	1
1483563	7955.ENSDARP00000022947	76.8	1
1491410	7955.ENSDARP00000082359	23.8	1
1499840	7955.ENSDARP00000108724	400	39
1499841	7955.ENSDARP00000108727	26.1	4
1484864	7955.ENSDARP00000038520	371	3
1502041	7955.ENSDARP00000112527	293	39
1499679	7955.ENSDARP00000108439	551	10
1481643	7955.ENSDARP00000004932	348	11
1507274	7955.ENSDARP00000126183	368	2
1485961	7955.ENSDARP00000050602	641	4
1500066	7955.ENSDARP00000109127	0.601	3
1499676	7955.ENSDARP00000108433	53.4	1
1499621	7955.ENSDARP00000108344	61.6	1
1499200	7955.ENSDARP00000107618	87.0	2
1507338	7955.ENSDARP00000126346	367	4
1489876	7955.ENSDARP00000073345	4.08	3
1503012	7955.ENSDARP00000115095	0.412	3
1499195	7955.ENSDARP00000107611	30.6	1
1497453	7955.ENSDARP00000104528	714	3
1485106	7955.ENSDARP00000041303	412	3
1503059	7955.ENSDARP00000115235	0.486	3
1483481	7955.ENSDARP00000022302	164	8
1482519	7955.ENSDARP00000012808	701	8
1485867	7955.ENSDARP00000049463	109	2
1506320	7955.ENSDARP00000123643	90.3	1
1491491	7955.ENSDARP00000082917	178	38
1484717	7955.ENSDARP00000036667	61.6	1
1501868	7955.ENSDARP00000112233	563	12
1483577	7955.ENSDARP00000023121	11491	99
1506186	7955.ENSDARP00000123299	407	21
1496017	7955.ENSDARP00000101193	1582	26
1497552	7955.ENSDARP00000104702	28.4	1
1488567	7955.ENSDARP00000066773	226	3
1505146	7955.ENSDARP00000120591	285	2
1503823	7955.ENSDARP00000117212	250	7
1489546	7955.ENSDARP00000071885	946	10
1499285	7955.ENSDARP00000107762	76.5	1
1503825	7955.ENSDARP00000117214	198	4
1486737	7955.ENSDARP00000055709	1959	35
1485102	7955.ENSDARP00000041278	666	51
1484412	7955.ENSDARP00000032575	1408	21
1507003	7955.ENSDARP00000125526	0.22	2
1501909	7955.ENSDARP00000112301	1078	30
1482673	7955.ENSDARP00000014414	72.9	1
1507005	7955.ENSDARP00000125528	0.205	2
1498924	7955.ENSDARP00000107144	81.2	1
1483774	7955.ENSDARP00000024860	102	5
1503614	7955.ENSDARP00000116663	0.324	2
1498577	7955.ENSDARP00000106496	910	87
1498926	7955.ENSDARP00000107148	910	87
1492916	7955.ENSDARP00000091083	207	2
1487953	7955.ENSDARP00000063051	114	2
1486583	7955.ENSDARP00000054816	33.4	1
1484815	7955.ENSDARP00000037844	94.4	1
1499155	7955.ENSDARP00000107547	910	87
1482125	7955.ENSDARP00000009474	221	11
1482831	7955.ENSDARP00000015937	155	10
1486595	7955.ENSDARP00000054875	149	1
1506174	7955.ENSDARP00000123269	18.6	1
1482387	7955.ENSDARP00000011778	368	4
1484606	7955.ENSDARP00000035103	426	2
1504905	7955.ENSDARP00000120005	60.5	1
1484609	7955.ENSDARP00000035109	49.2	1
1485147	7955.ENSDARP00000041699	642	7
1493012	7955.ENSDARP00000091557	76.7	2
1484375	7955.ENSDARP00000032153	92.4	1
1488954	7955.ENSDARP00000068620	408	2
1483735	7955.ENSDARP00000024463	271	8
1497130	7955.ENSDARP00000103823	14.7	1
1489208	7955.ENSDARP00000069977	402	3
1488028	7955.ENSDARP00000063528	30.8	3
1484291	7955.ENSDARP00000030881	490	17
1486896	7955.ENSDARP00000056711	214	3
1488027	7955.ENSDARP00000063524	353	6
1485038	7955.ENSDARP00000040498	99.7	1
1496056	7955.ENSDARP00000101282	74.2	1
1487730	7955.ENSDARP00000061743	7.93	1
1485081	7955.ENSDARP00000041034	8.02	1
1493088	7955.ENSDARP00000091884	487	2
1498658	7955.ENSDARP00000106634	910	87
1485586	7955.ENSDARP00000046430	145	3
1486114	7955.ENSDARP00000051806	182	1
1488872	7955.ENSDARP00000068197	189	1
1492374	7955.ENSDARP00000088646	1316	14
1487584	7955.ENSDARP00000060765	97.0	4
1482338	7955.ENSDARP00000011338	577	2
1483296	7955.ENSDARP00000020340	17.1	1
1502331	7955.ENSDARP00000113307	1582	26
1492636	7955.ENSDARP00000089879	69.4	7
1495313	7955.ENSDARP00000099550	229	39
1495316	7955.ENSDARP00000099554	212	5
1501684	7955.ENSDARP00000111921	122	1
1483974	7955.ENSDARP00000026816	0.313	2
1492687	7955.ENSDARP00000090113	184	5
1494491	7955.ENSDARP00000097640	55.9	2
1506615	7955.ENSDARP00000124587	49.0	1
1494493	7955.ENSDARP00000097644	427	5
1488939	7955.ENSDARP00000068572	26.8	1
1495144	7955.ENSDARP00000099156	1332	8
1497657	7955.ENSDARP00000104899	4.06	2
1482228	7955.ENSDARP00000010427	32.2	1
1498021	7955.ENSDARP00000105545	0.283	2
1494459	7955.ENSDARP00000097572	466	4
1497655	7955.ENSDARP00000104897	58.2	1
1489184	7955.ENSDARP00000069804	186	2
1490257	7955.ENSDARP00000075204	494	6
1502319	7955.ENSDARP00000113278	190	1
1504104	7955.ENSDARP00000117916	42.4	3
1483429	7955.ENSDARP00000021850	244	2
1492119	7955.ENSDARP00000087462	1125	20
1483406	7955.ENSDARP00000021565	175	1
1487674	7955.ENSDARP00000061365	90.8	4
1504121	7955.ENSDARP00000117952	39.4	1
1502664	7955.ENSDARP00000114204	0.24	2
1483407	7955.ENSDARP00000021569	276	40
1481372	7955.ENSDARP00000002475	118	2
1484119	7955.ENSDARP00000028345	87.2	1
1481947	7955.ENSDARP00000007716	436	2
1496951	7955.ENSDARP00000103419	0.284	2
1506115	7955.ENSDARP00000123109	25.1	1
1496685	7955.ENSDARP00000102802	897	16
1484065	7955.ENSDARP00000027672	176	1
1504169	7955.ENSDARP00000118068	101	9
1504168	7955.ENSDARP00000118067	0.427	3
1482107	7955.ENSDARP00000009285	51.4	1
1485789	7955.ENSDARP00000048675	169	2
1495980	7955.ENSDARP00000101121	293	2
1486696	7955.ENSDARP00000055491	48.8	1
1487406	7955.ENSDARP00000059711	417	4
1501604	7955.ENSDARP00000111782	134	1
1483925	7955.ENSDARP00000026327	111	3
1504174	7955.ENSDARP00000118083	0.251	2
1489032	7955.ENSDARP00000069027	472	2
1494108	7955.ENSDARP00000096200	1120	4
1504176	7955.ENSDARP00000118088	0.481	3
1487800	7955.ENSDARP00000062263	563	6
1500756	7955.ENSDARP00000110339	502	8
1483368	7955.ENSDARP00000021095	5224	12
1493583	7955.ENSDARP00000093966	521	16
1482575	7955.ENSDARP00000013329	1695	21
1483692	7955.ENSDARP00000024096	146	4
1501531	7955.ENSDARP00000111658	432	5
1493531	7955.ENSDARP00000093780	1078	30
1493532	7955.ENSDARP00000093781	1582	26
1490431	7955.ENSDARP00000075994	11.1	4
1493534	7955.ENSDARP00000093787	1078	30
1502421	7955.ENSDARP00000113541	298	39
1488226	7955.ENSDARP00000064608	23.9	2
1483336	7955.ENSDARP00000020784	66.7	1
1495710	7955.ENSDARP00000100467	2.14	3
1500196	7955.ENSDARP00000109355	910	87
1484017	7955.ENSDARP00000027139	109	1
1505780	7955.ENSDARP00000122218	52.5	3
1486831	7955.ENSDARP00000056285	645	3
1481335	7955.ENSDARP00000002122	295	4
1481915	7955.ENSDARP00000007446	298	2
1487199	7955.ENSDARP00000058536	136	2
1481524	7955.ENSDARP00000003700	126	1
1507343	7955.ENSDARP00000126357	0.551	3
1481525	7955.ENSDARP00000003705	74.6	2
1486026	7955.ENSDARP00000051230	15.1	1
1501408	7955.ENSDARP00000111434	113	3
1495487	7955.ENSDARP00000099971	74.5	1
1494004	7955.ENSDARP00000095645	99.7	5
1503339	7955.ENSDARP00000115939	0.242	2
1504266	7955.ENSDARP00000118334	0.639	3
1489476	7955.ENSDARP00000071527	647	5
1500424	7955.ENSDARP00000109758	0.577	3
1481483	7955.ENSDARP00000003389	1852	14
1490574	7955.ENSDARP00000076519	32.8	1
1489856	7955.ENSDARP00000073228	114	1
1505082	7955.ENSDARP00000120430	273	2
1488401	7955.ENSDARP00000065648	37.2	2
1499736	7955.ENSDARP00000108536	33.9	29
1504780	7955.ENSDARP00000119683	549	1
1489177	7955.ENSDARP00000069759	208	4
1487893	7955.ENSDARP00000062735	185	3
1482870	7955.ENSDARP00000016261	71.4	5
1482164	7955.ENSDARP00000009867	39.3	1
1504578	7955.ENSDARP00000119114	0.554	3
1503525	7955.ENSDARP00000116421	27.0	1
1505975	7955.ENSDARP00000122727	259	1
1504577	7955.ENSDARP00000119113	39.3	1
1498258	7955.ENSDARP00000105955	277	7
1499469	7955.ENSDARP00000108089	718	5
1500341	7955.ENSDARP00000109621	0.315	2
1502134	7955.ENSDARP00000112824	1582	26
1500344	7955.ENSDARP00000109625	400	43
1504806	7955.ENSDARP00000119753	0.278	2
1490732	7955.ENSDARP00000077445	24.2	2
1497378	7955.ENSDARP00000104399	1078	30
1482412	7955.ENSDARP00000011966	113	1
1506823	7955.ENSDARP00000125185	0.438	3
1496220	7955.ENSDARP00000101702	26.4	1
1483694	7955.ENSDARP00000024104	619	6
1485384	7955.ENSDARP00000044161	9.42	1
1506468	7955.ENSDARP00000124107	125	3
1498827	7955.ENSDARP00000106959	0.263	2
1499654	7955.ENSDARP00000108396	1306	18
1501072	7955.ENSDARP00000110869	1078	30
1485468	7955.ENSDARP00000045149	126	5
1506332	7955.ENSDARP00000123671	266	2
1482703	7955.ENSDARP00000014790	11.9	1
1482739	7955.ENSDARP00000015065	528	3
1483583	7955.ENSDARP00000023158	326	15
1505144	7955.ENSDARP00000120586	105	2
1499833	7955.ENSDARP00000108714	0.282	2
1497277	7955.ENSDARP00000104171	29.9	1
1505512	7955.ENSDARP00000121564	632	2
1505513	7955.ENSDARP00000121565	0.516	3
1499563	7955.ENSDARP00000108249	1104	3
1505053	7955.ENSDARP00000120344	1582	26
1486398	7955.ENSDARP00000053567	487	3
1482645	7955.ENSDARP00000014106	72.7	2
1489537	7955.ENSDARP00000071853	224	4
1489712	7955.ENSDARP00000072610	10.4	1
1491193	7955.ENSDARP00000080769	47.5	1
1482308	7955.ENSDARP00000011148	592	3
1492244	7955.ENSDARP00000088095	61.1	4
1486753	7955.ENSDARP00000055809	178	2
1498612	7955.ENSDARP00000106559	25.7	1
1487760	7955.ENSDARP00000061954	81.1	4
1484819	7955.ENSDARP00000037871	993	16
1496518	7955.ENSDARP00000102398	92.4	2
1487761	7955.ENSDARP00000061957	5149	19
1490291	7955.ENSDARP00000075348	103	4
1498759	7955.ENSDARP00000106827	57.3	1
1490320	7955.ENSDARP00000075511	5.19	1
1483517	7955.ENSDARP00000022550	363	10
1483518	7955.ENSDARP00000022552	415	2
1489686	7955.ENSDARP00000072500	11.2	1
1486325	7955.ENSDARP00000053151	85.5	1
1486326	7955.ENSDARP00000053152	29.6	3
1485666	7955.ENSDARP00000047205	23.5	2
1485665	7955.ENSDARP00000047200	128	5
1495273	7955.ENSDARP00000099464	120	1
1488706	7955.ENSDARP00000067432	74.6	2
1498708	7955.ENSDARP00000106731	62.0	1
1484374	7955.ENSDARP00000032142	9.28	1
1490258	7955.ENSDARP00000075208	258	5
1507056	7955.ENSDARP00000125625	159	3
1483730	7955.ENSDARP00000024411	31.4	1
1493559	7955.ENSDARP00000093898	1277	20
1495956	7955.ENSDARP00000101059	74.9	1
1496586	7955.ENSDARP00000102559	1579	14
1485049	7955.ENSDARP00000040644	52.9	2
1503677	7955.ENSDARP00000116832	0.64	3
1484590	7955.ENSDARP00000034885	807	12
1498642	7955.ENSDARP00000106602	603	3
1481697	7955.ENSDARP00000005382	3211	45
1484025	7955.ENSDARP00000027268	141	4
1495207	7955.ENSDARP00000099301	259	3
1485593	7955.ENSDARP00000046526	155	2
1483321	7955.ENSDARP00000020578	324	5
1507421	7955.ENSDARP00000126533	0.211	2
1503722	7955.ENSDARP00000116946	39.6	1
1486620	7955.ENSDARP00000055063	115	2
1486619	7955.ENSDARP00000055061	572	5
1485164	7955.ENSDARP00000041841	280	2
1483334	7955.ENSDARP00000020775	2034	41
1485287	7955.ENSDARP00000043172	393	1
1492125	7955.ENSDARP00000087500	2422	16
1488863	7955.ENSDARP00000068144	43.0	2
1503748	7955.ENSDARP00000117011	1.17	3
1483258	7955.ENSDARP00000019957	11.9	10
1483725	7955.ENSDARP00000024354	93.8	1
1504357	7955.ENSDARP00000118564	1.16	3
1481352	7955.ENSDARP00000002269	164	1
1484049	7955.ENSDARP00000027536	69.0	1
1488176	7955.ENSDARP00000064306	0.256	2
1481348	7955.ENSDARP00000002260	28.7	2
1487623	7955.ENSDARP00000061000	980	13
1491066	7955.ENSDARP00000079877	70.3	2
1485269	7955.ENSDARP00000043001	26.8	1
1489110	7955.ENSDARP00000069386	631	2
1502940	7955.ENSDARP00000114894	0.486	3
1495356	7955.ENSDARP00000099639	346	16
1481877	7955.ENSDARP00000007140	37.8	1
1490774	7955.ENSDARP00000077773	0.282	2
1493355	7955.ENSDARP00000093027	430	42
1497128	7955.ENSDARP00000103819	1078	30
1482076	7955.ENSDARP00000009052	75.8	3
1492191	7955.ENSDARP00000087875	2965	3
1483770	7955.ENSDARP00000024796	39.4	1
1492188	7955.ENSDARP00000087872	2470	5
1492187	7955.ENSDARP00000087871	193	1
1492470	7955.ENSDARP00000089105	0.363	2
1496044	7955.ENSDARP00000101257	246	1
1493538	7955.ENSDARP00000093801	216	39
1500800	7955.ENSDARP00000110410	24.8	1
1485976	7955.ENSDARP00000050846	96.1	2
1490173	7955.ENSDARP00000074789	78.6	1
1483690	7955.ENSDARP00000024082	105	2
1492419	7955.ENSDARP00000088880	15.8	4
1486005	7955.ENSDARP00000051004	35.2	1
1493536	7955.ENSDARP00000093791	298	39
1493535	7955.ENSDARP00000093790	1582	26
1481322	7955.ENSDARP00000001845	323	3
1489462	7955.ENSDARP00000071442	40.3	1
1486650	7955.ENSDARP00000055240	33.0	1
1485638	7955.ENSDARP00000046980	232	3
1485639	7955.ENSDARP00000046982	40.6	1
1484134	7955.ENSDARP00000028571	320	8
1502614	7955.ENSDARP00000114052	43.9	2
1502756	7955.ENSDARP00000114418	87.7	1
1481528	7955.ENSDARP00000003738	330	10
1494170	7955.ENSDARP00000096416	136	1
1494196	7955.ENSDARP00000096504	1718	31
1500213	7955.ENSDARP00000109385	121	6
1503030	7955.ENSDARP00000115147	567	3
1504270	7955.ENSDARP00000118348	450	3
1494272	7955.ENSDARP00000096798	0.491	3
1481464	7955.ENSDARP00000003281	2328	29
1493253	7955.ENSDARP00000092510	346	16
1497774	7955.ENSDARP00000105094	519	22
1493164	7955.ENSDARP00000092179	730	6
1483722	7955.ENSDARP00000024338	316	6
1484141	7955.ENSDARP00000028687	60.5	1
1494168	7955.ENSDARP00000096411	95.8	2
1500403	7955.ENSDARP00000109720	53.4	2
1499223	7955.ENSDARP00000107661	1486	3
1490036	7955.ENSDARP00000074011	39.9	1
1489218	7955.ENSDARP00000070001	270	7
1489219	7955.ENSDARP00000070002	811	12
1505532	7955.ENSDARP00000121626	92.6	1
1498998	7955.ENSDARP00000107270	291	1
1505531	7955.ENSDARP00000121623	115	2
1490572	7955.ENSDARP00000076508	450	2
1488402	7955.ENSDARP00000065651	465	2
1486503	7955.ENSDARP00000054289	54.6	1
1499185	7955.ENSDARP00000107585	910	87
1501430	7955.ENSDARP00000111476	425	2
1498626	7955.ENSDARP00000106579	32.6	1
1482513	7955.ENSDARP00000012776	54.8	1
1481596	7955.ENSDARP00000004394	33.1	5
1483104	7955.ENSDARP00000018319	205	2
1498221	7955.ENSDARP00000105899	42.2	1
1483663	7955.ENSDARP00000023819	595	8
1484764	7955.ENSDARP00000037286	123	2
1504613	7955.ENSDARP00000119219	0.476	3
1499661	7955.ENSDARP00000108411	28.9	1
1499665	7955.ENSDARP00000108417	1078	30
1506828	7955.ENSDARP00000125193	111	3
1490337	7955.ENSDARP00000075601	891	5
1499394	7955.ENSDARP00000107946	910	87
1494176	7955.ENSDARP00000096436	6.11	1
1494601	7955.ENSDARP00000097928	0.583	3
1505364	7955.ENSDARP00000121190	4530	9
1493174	7955.ENSDARP00000092224	2.32	1
1502024	7955.ENSDARP00000112496	894	16
1493173	7955.ENSDARP00000092223	5.91	1
1498819	7955.ENSDARP00000106947	22.1	2
1493908	7955.ENSDARP00000095292	53.3	1
1493909	7955.ENSDARP00000095293	56.0	1
1506330	7955.ENSDARP00000123666	0.656	3
1505358	7955.ENSDARP00000121177	29.4	1
1499928	7955.ENSDARP00000108896	539	9
1489365	7955.ENSDARP00000070746	92.8	1
1497274	7955.ENSDARP00000104168	494	7
1497271	7955.ENSDARP00000104161	436	5
1507303	7955.ENSDARP00000126252	871	8
1499250	7955.ENSDARP00000107702	298	39
1502840	7955.ENSDARP00000114634	0.232	2
1491521	7955.ENSDARP00000083081	21.2	1
1496830	7955.ENSDARP00000103150	188	3
1487782	7955.ENSDARP00000062142	96.9	5
1486400	7955.ENSDARP00000053576	42.0	1
1505065	7955.ENSDARP00000120377	0.443	3
1482170	7955.ENSDARP00000009909	213	4
1493777	7955.ENSDARP00000094762	61.5	1
1506993	7955.ENSDARP00000125504	0.424	3
1493778	7955.ENSDARP00000094764	302	2
1498915	7955.ENSDARP00000107128	0.54	3
1492241	7955.ENSDARP00000088086	24.6	15
1498074	7955.ENSDARP00000105632	292	9
1498911	7955.ENSDARP00000107122	392	42
1484305	7955.ENSDARP00000031042	6.2	2
1488563	7955.ENSDARP00000066759	36.0	1
1490456	7955.ENSDARP00000076092	19.5	1
1483202	7955.ENSDARP00000019400	208	3
1496869	7955.ENSDARP00000103251	29.2	1
1496513	7955.ENSDARP00000102385	27.7	4
1489702	7955.ENSDARP00000072577	396	2
1482043	7955.ENSDARP00000008646	1196	33
1486857	7955.ENSDARP00000056459	142	4
1498975	7955.ENSDARP00000107232	1033	30
1488638	7955.ENSDARP00000067081	2986	9
1482264	7955.ENSDARP00000010840	9.73	1
1488639	7955.ENSDARP00000067085	43.2	1
1498977	7955.ENSDARP00000107234	1078	30
1488417	7955.ENSDARP00000065771	851	4
1498981	7955.ENSDARP00000107238	10.3	1
1504913	7955.ENSDARP00000120028	719	15
1491873	7955.ENSDARP00000085809	19.8	2
1505159	7955.ENSDARP00000120625	0.329	2
1499913	7955.ENSDARP00000108870	140	3
1499915	7955.ENSDARP00000108873	528	3
1481978	7955.ENSDARP00000007995	66.3	1
1507046	7955.ENSDARP00000125611	0.249	2
1489321	7955.ENSDARP00000070488	245	9
1484026	7955.ENSDARP00000027276	183	3
1485656	7955.ENSDARP00000047100	114	6
1482821	7955.ENSDARP00000015866	40.4	1
1497682	7955.ENSDARP00000104943	0.597	3
1484957	7955.ENSDARP00000039596	39.5	1
1489401	7955.ENSDARP00000070953	6.7	1
1489399	7955.ENSDARP00000070950	201	2
1487478	7955.ENSDARP00000060165	766	12
1488104	7955.ENSDARP00000063891	410	13
1503673	7955.ENSDARP00000116826	119	1
1487522	7955.ENSDARP00000060362	222	2
1498316	7955.ENSDARP00000106050	91.4	2
1492825	7955.ENSDARP00000090664	4482	14
1496810	7955.ENSDARP00000103087	459	2
1489801	7955.ENSDARP00000072971	2733	26
1491309	7955.ENSDARP00000081585	91.2	2
1489661	7955.ENSDARP00000072408	1411	3
1503480	7955.ENSDARP00000116310	120	2
1483588	7955.ENSDARP00000023215	9.53	1
1493596	7955.ENSDARP00000094017	366	7
1501794	7955.ENSDARP00000112105	0.237	2
1506643	7955.ENSDARP00000124670	924	14
1503483	7955.ENSDARP00000116319	146	1
1506644	7955.ENSDARP00000124672	144	2
1485589	7955.ENSDARP00000046453	22.0	4
1486958	7955.ENSDARP00000057089	1230	7
1507416	7955.ENSDARP00000126524	0.456	3
1493078	7955.ENSDARP00000091844	81.1	1
1484524	7955.ENSDARP00000033971	61.4	2
1506098	7955.ENSDARP00000123052	61.1	2
1487646	7955.ENSDARP00000061164	2006	226
1484532	7955.ENSDARP00000034094	89.1	1
1495305	7955.ENSDARP00000099532	9.6	9
1481687	7955.ENSDARP00000005284	52.5	1
1487497	7955.ENSDARP00000060244	99.2	1
1485214	7955.ENSDARP00000042367	293	2
1505271	7955.ENSDARP00000120922	193	2
1486333	7955.ENSDARP00000053188	159	1
1486553	7955.ENSDARP00000054618	119	3
1495249	7955.ENSDARP00000099404	48.9	1
1498036	7955.ENSDARP00000105565	231	3
1494498	7955.ENSDARP00000097665	450	16
1485650	7955.ENSDARP00000047072	167	2
1497081	7955.ENSDARP00000103712	2.49	2
1481310	7955.ENSDARP00000001291	69.5	1
1492832	7955.ENSDARP00000090716	152	1
1495353	7955.ENSDARP00000099629	58.8	1
1503821	7955.ENSDARP00000117207	19.8	1
1481950	7955.ENSDARP00000007739	28.1	1
1482034	7955.ENSDARP00000008513	66.7	3
1503880	7955.ENSDARP00000117370	142	2
1486922	7955.ENSDARP00000056852	27.8	34
1481949	7955.ENSDARP00000007735	98.2	1
1486152	7955.ENSDARP00000052103	111	2
1504005	7955.ENSDARP00000117684	109	2
1504006	7955.ENSDARP00000117685	31.4	1
1504396	7955.ENSDARP00000118646	58.7	1
1502961	7955.ENSDARP00000114958	0.206	2
1482334	7955.ENSDARP00000011311	51.8	2
1494930	7955.ENSDARP00000098682	3.75	1
1484067	7955.ENSDARP00000027695	81.9	1
1484630	7955.ENSDARP00000035419	29.9	1
1507372	7955.ENSDARP00000126415	0.247	2
1507371	7955.ENSDARP00000126414	0.281	2
1483371	7955.ENSDARP00000021124	24.7	2
1483372	7955.ENSDARP00000021126	373	4
1502530	7955.ENSDARP00000113859	798	10
1502529	7955.ENSDARP00000113858	30.8	2
1494918	7955.ENSDARP00000098660	47.5	3
1483395	7955.ENSDARP00000021430	41.7	1
1494922	7955.ENSDARP00000098664	293	7
1481433	7955.ENSDARP00000003038	93.4	3
1493307	7955.ENSDARP00000092760	1210	9
1494926	7955.ENSDARP00000098668	4.18	1
1482619	7955.ENSDARP00000013839	76.8	1
1488358	7955.ENSDARP00000065396	144	1
1497178	7955.ENSDARP00000103937	269	39
1488357	7955.ENSDARP00000065391	352	9
1494748	7955.ENSDARP00000098264	0.266	2
1503819	7955.ENSDARP00000117196	147	1
1487243	7955.ENSDARP00000058736	72.9	2
1484531	7955.ENSDARP00000034077	1268	26
1491939	7955.ENSDARP00000086261	7.61	2
1484423	7955.ENSDARP00000032730	337	12
1507244	7955.ENSDARP00000126089	9.6	1
1493523	7955.ENSDARP00000093747	964	30
1505722	7955.ENSDARP00000122094	137	3
1501555	7955.ENSDARP00000111693	1.12	2
1489651	7955.ENSDARP00000072376	1880	8
1483598	7955.ENSDARP00000023313	38.3	1
1484171	7955.ENSDARP00000029090	9.64	1
1500238	7955.ENSDARP00000109429	15.0	1
1481527	7955.ENSDARP00000003721	28.4	1
1490115	7955.ENSDARP00000074464	367	5
1500217	7955.ENSDARP00000109390	46.3	1
1494071	7955.ENSDARP00000095998	433	2
1504749	7955.ENSDARP00000119591	0.27	2
1482848	7955.ENSDARP00000016064	52.3	2
1502625	7955.ENSDARP00000114081	0.476	3
1485722	7955.ENSDARP00000047864	20.9	4
1483944	7955.ENSDARP00000026495	102	1
1485946	7955.ENSDARP00000050456	101	1
1504135	7955.ENSDARP00000117990	273	1
1505901	7955.ENSDARP00000122524	20.7	1
1481510	7955.ENSDARP00000003613	93.6	3
1485933	7955.ENSDARP00000050270	116	3
1496798	7955.ENSDARP00000103066	41.0	1
1484798	7955.ENSDARP00000037670	80.0	1
1482756	7955.ENSDARP00000015262	169	2
1492631	7955.ENSDARP00000089834	86.7	1
1483565	7955.ENSDARP00000022971	407	8
1505743	7955.ENSDARP00000122141	1012	5
1497372	7955.ENSDARP00000104379	910	87
1505748	7955.ENSDARP00000122149	177	2
1485967	7955.ENSDARP00000050670	189	6
1490539	7955.ENSDARP00000076404	132	1
1499695	7955.ENSDARP00000108465	1078	30
1498217	7955.ENSDARP00000105884	175	3
1507362	7955.ENSDARP00000126394	0.289	2
1495451	7955.ENSDARP00000099884	22.4	1
1494607	7955.ENSDARP00000097937	387	5
1497474	7955.ENSDARP00000104575	164	4
1507361	7955.ENSDARP00000126393	0.244	2
1484910	7955.ENSDARP00000038975	62.9	1
1489759	7955.ENSDARP00000072799	52.2	1
1486921	7955.ENSDARP00000056848	54.0	33
1487088	7955.ENSDARP00000057866	875	12
1483094	7955.ENSDARP00000018231	134	2
1487089	7955.ENSDARP00000057868	81.7	1
1489894	7955.ENSDARP00000073415	26.4	30
1483655	7955.ENSDARP00000023774	444	6
1505344	7955.ENSDARP00000121147	25.2	1
1505340	7955.ENSDARP00000121142	0.228	2
1506307	7955.ENSDARP00000123611	647	3
1493784	7955.ENSDARP00000094800	42.7	1
1505346	7955.ENSDARP00000121149	0.513	3
1483585	7955.ENSDARP00000023177	3098	18
1502129	7955.ENSDARP00000112803	0.738	3
1482433	7955.ENSDARP00000012165	16.9	1
1497250	7955.ENSDARP00000104118	56.6	2
1497251	7955.ENSDARP00000104119	11.0	1
1484689	7955.ENSDARP00000036252	88.9	2
1485096	7955.ENSDARP00000041228	197	1
1490360	7955.ENSDARP00000075688	102	3
1482007	7955.ENSDARP00000008262	364	4
1505225	7955.ENSDARP00000120817	59.5	1
1499582	7955.ENSDARP00000108282	122	2
1495033	7955.ENSDARP00000098911	652	1
1495034	7955.ENSDARP00000098912	0.247	2
1499585	7955.ENSDARP00000108286	0.572	3
1493765	7955.ENSDARP00000094719	59.5	2
1499587	7955.ENSDARP00000108289	197	32
1488594	7955.ENSDARP00000066929	1117	12
1497506	7955.ENSDARP00000104621	435	3
1488507	7955.ENSDARP00000066382	383	16
1488508	7955.ENSDARP00000066383	272	12
1482276	7955.ENSDARP00000010925	66.7	3
1487982	7955.ENSDARP00000063150	102	1
1482275	7955.ENSDARP00000010921	149	10
1484274	7955.ENSDARP00000030612	118	1
1498854	7955.ENSDARP00000107003	0.276	2
1485131	7955.ENSDARP00000041530	251	1
1485132	7955.ENSDARP00000041532	25.9	4
1505187	7955.ENSDARP00000120702	113	3
1505456	7955.ENSDARP00000121437	377	4
1483643	7955.ENSDARP00000023685	72.0	1
1483734	7955.ENSDARP00000024433	119	1
1493746	7955.ENSDARP00000094626	634	53
1500103	7955.ENSDARP00000109203	487	3
1483608	7955.ENSDARP00000023429	552	36
1485149	7955.ENSDARP00000041710	28.9	1
1484948	7955.ENSDARP00000039459	168	1
1504915	7955.ENSDARP00000120032	129	2
1484947	7955.ENSDARP00000039450	154	3
1485672	7955.ENSDARP00000047268	1582	26
1491365	7955.ENSDARP00000082023	9.36	1
1498549	7955.ENSDARP00000106441	169	72
1492908	7955.ENSDARP00000091054	80.0	4
1490050	7955.ENSDARP00000074081	11.6	1
1485195	7955.ENSDARP00000042199	465	12
1489016	7955.ENSDARP00000068947	87.3	1
1494197	7955.ENSDARP00000096509	352	16
1489201	7955.ENSDARP00000069948	1712	23
1492379	7955.ENSDARP00000088691	93.4	1
1489398	7955.ENSDARP00000070941	18.2	1
1483248	7955.ENSDARP00000019888	257	21
1482977	7955.ENSDARP00000017257	306	4
1481277	7955.ENSDARP00000000069	49.4	1
1488804	7955.ENSDARP00000067896	1582	26
1488803	7955.ENSDARP00000067895	1078	30
1488802	7955.ENSDARP00000067894	565	18
1488801	7955.ENSDARP00000067893	1078	30
1488800	7955.ENSDARP00000067891	1078	30
1497510	7955.ENSDARP00000104630	1078	30
1498675	7955.ENSDARP00000106669	298	39
1483590	7955.ENSDARP00000023227	24.0	1
1489445	7955.ENSDARP00000071301	1752	19
1488970	7955.ENSDARP00000068701	29.2	2
1495214	7955.ENSDARP00000099321	1582	26
1496661	7955.ENSDARP00000102755	69.4	1
1484307	7955.ENSDARP00000031098	143	1
1485588	7955.ENSDARP00000046442	197	32
1483752	7955.ENSDARP00000024643	176	2
1490792	7955.ENSDARP00000077866	9.36	1
1484163	7955.ENSDARP00000028970	460	11
1506097	7955.ENSDARP00000123049	0.23	2
1503729	7955.ENSDARP00000116967	3.79	1
1484727	7955.ENSDARP00000036825	67.0	1
1481693	7955.ENSDARP00000005344	38.5	1
1492660	7955.ENSDARP00000090014	1.4	1
1485573	7955.ENSDARP00000046217	1.68	1
1501702	7955.ENSDARP00000111949	3.85	1
1502233	7955.ENSDARP00000113049	95.0	2
1482050	7955.ENSDARP00000008690	99.5	8
1487052	7955.ENSDARP00000057637	34.5	1
1498325	7955.ENSDARP00000106067	235	8
1486190	7955.ENSDARP00000052354	67.2	3
1486191	7955.ENSDARP00000052356	15.9	1
1483276	7955.ENSDARP00000020154	7.0	1
1501715	7955.ENSDARP00000111973	298	39
1506680	7955.ENSDARP00000124804	868	4
1506681	7955.ENSDARP00000124805	61.5	4
1482027	7955.ENSDARP00000008455	59.3	1
1485642	7955.ENSDARP00000047007	307	2
1492772	7955.ENSDARP00000090491	60.4	2
1487449	7955.ENSDARP00000060000	206	3
1506127	7955.ENSDARP00000123136	956	7
1503586	7955.ENSDARP00000116589	1165	9
1486630	7955.ENSDARP00000055135	1051	90
1484925	7955.ENSDARP00000039143	531	3
1487627	7955.ENSDARP00000061036	320	2
1494403	7955.ENSDARP00000097435	314	2
1500877	7955.ENSDARP00000110534	375	4
1484439	7955.ENSDARP00000032940	514	2
1483123	7955.ENSDARP00000018594	3025	3
1494335	7955.ENSDARP00000097050	303	8
1494661	7955.ENSDARP00000098055	218	5
1492033	7955.ENSDARP00000086897	430	2
1504529	7955.ENSDARP00000118986	111	5
1494938	7955.ENSDARP00000098698	15.3	2
1497135	7955.ENSDARP00000103838	4.09	1
1484645	7955.ENSDARP00000035593	53.4	2
1497811	7955.ENSDARP00000105168	910	87
1506138	7955.ENSDARP00000123163	149	2
1488236	7955.ENSDARP00000064656	546	3
1502419	7955.ENSDARP00000113539	1366	25
1486515	7955.ENSDARP00000054355	221	1
1501588	7955.ENSDARP00000111758	139	2
1494304	7955.ENSDARP00000096898	123	9
1484434	7955.ENSDARP00000032834	1109	19
1486247	7955.ENSDARP00000052644	47.2	1
1498551	7955.ENSDARP00000106443	910	87
1502970	7955.ENSDARP00000114988	16.9	1
1490882	7955.ENSDARP00000078496	35.6	1
1482110	7955.ENSDARP00000009320	139	13
1494755	7955.ENSDARP00000098279	145	4
1493567	7955.ENSDARP00000093918	128	2
1489145	7955.ENSDARP00000069612	1255	6
1494752	7955.ENSDARP00000098276	0.323	2
1503815	7955.ENSDARP00000117185	0.231	2
1487629	7955.ENSDARP00000061057	280	32
1481743	7955.ENSDARP00000005830	117	1
1481744	7955.ENSDARP00000005837	1678	2
1484142	7955.ENSDARP00000028689	73.4	2
1485724	7955.ENSDARP00000047901	44.5	2
1483364	7955.ENSDARP00000021064	101	3
1501849	7955.ENSDARP00000112199	20266	148
1484106	7955.ENSDARP00000028118	960	5
1481453	7955.ENSDARP00000003197	24.1	2
1501009	7955.ENSDARP00000110759	871	30
1502766	7955.ENSDARP00000114437	1042	69
1502763	7955.ENSDARP00000114433	0.528	3
1486425	7955.ENSDARP00000053774	214	10
1502657	7955.ENSDARP00000114189	55.2	2
1506881	7955.ENSDARP00000125288	0.222	2
1487821	7955.ENSDARP00000062382	363	10
1500139	7955.ENSDARP00000109253	0.74	3
1489481	7955.ENSDARP00000071557	61.5	1
1484235	7955.ENSDARP00000029935	104	5
1500141	7955.ENSDARP00000109257	910	87
1481885	7955.ENSDARP00000007188	98.3	2
1504132	7955.ENSDARP00000117985	590	7
1495966	7955.ENSDARP00000101080	67.3	1
1505672	7955.ENSDARP00000121970	273	1
1505674	7955.ENSDARP00000121973	121	1
1500498	7955.ENSDARP00000109890	412	11
1499383	7955.ENSDARP00000107927	7.2	1
1482064	7955.ENSDARP00000008857	125	2
1507358	7955.ENSDARP00000126385	0.222	2
1494167	7955.ENSDARP00000096410	215	7
1481374	7955.ENSDARP00000002483	270	11
1486292	7955.ENSDARP00000052916	181	3
1500032	7955.ENSDARP00000109071	910	87
1504592	7955.ENSDARP00000119169	97.4	1
1493349	7955.ENSDARP00000092990	205	1
1504280	7955.ENSDARP00000118368	352	5
1506618	7955.ENSDARP00000124593	232	3
1482956	7955.ENSDARP00000017029	2.62	1
1490541	7955.ENSDARP00000076414	58.0	2
1502014	7955.ENSDARP00000112479	148	2
1482766	7955.ENSDARP00000015328	222	2
1486742	7955.ENSDARP00000055741	24.7	2
1503071	7955.ENSDARP00000115274	372	4
1502009	7955.ENSDARP00000112471	178	1
1502011	7955.ENSDARP00000112476	30.8	1
1501895	7955.ENSDARP00000112279	70.1	1
1497480	7955.ENSDARP00000104583	0.244	2
1494038	7955.ENSDARP00000095811	62.7	6
1486923	7955.ENSDARP00000056857	444	1
1499781	7955.ENSDARP00000108614	13.3	4
1503205	7955.ENSDARP00000115589	200	4
1484778	7955.ENSDARP00000037484	739	4
1501892	7955.ENSDARP00000112276	0.604	3
1502171	7955.ENSDARP00000112905	40.2	1
1482435	7955.ENSDARP00000012198	259	2
1492624	7955.ENSDARP00000089804	186	3
1502157	7955.ENSDARP00000112873	307	2
1496128	7955.ENSDARP00000101467	910	87
1490986	7955.ENSDARP00000079311	59.4	2
1506867	7955.ENSDARP00000125260	0.509	3
1505510	7955.ENSDARP00000121554	0.482	3
1502832	7955.ENSDARP00000114613	0.272	2
1506872	7955.ENSDARP00000125268	2.88	3
1487818	7955.ENSDARP00000062369	717	86
1495554	7955.ENSDARP00000100117	96.6	2
1493939	7955.ENSDARP00000095389	49.0	1
1498770	7955.ENSDARP00000106853	50.1	2
1483616	7955.ENSDARP00000023507	82.8	1
1488518	7955.ENSDARP00000066429	696	83
1491515	7955.ENSDARP00000083043	38.8	1
1486873	7955.ENSDARP00000056582	300	3
1489378	7955.ENSDARP00000070803	812	3
1489379	7955.ENSDARP00000070807	400	7
1497214	7955.ENSDARP00000104033	5.44	3
1497576	7955.ENSDARP00000104744	33.1	2
1482298	7955.ENSDARP00000011083	90.5	2
1485067	7955.ENSDARP00000040797	27.0	1
1483683	7955.ENSDARP00000023984	28.4	1
1486338	7955.ENSDARP00000053207	800	3
1499184	7955.ENSDARP00000107584	64.7	1
1481594	7955.ENSDARP00000004352	1205	25
1502062	7955.ENSDARP00000112584	66.3	1
1503893	7955.ENSDARP00000117394	30.6	1
1506064	7955.ENSDARP00000122958	108	3
1501760	7955.ENSDARP00000112054	156	2
1485367	7955.ENSDARP00000043960	434	13
1482046	7955.ENSDARP00000008663	119	3
1488061	7955.ENSDARP00000063702	103	1
1482266	7955.ENSDARP00000010862	16.8	1
1488549	7955.ENSDARP00000066644	702	1
1490233	7955.ENSDARP00000075079	2.88	1
1504921	7955.ENSDARP00000120042	25.6	2
1499605	7955.ENSDARP00000108316	1511	23
1485090	7955.ENSDARP00000041141	625	45
1486610	7955.ENSDARP00000054986	4340	126
1493229	7955.ENSDARP00000092429	144	5
1498902	7955.ENSDARP00000107105	112	1
1485120	7955.ENSDARP00000041411	22.1	1
1505149	7955.ENSDARP00000120603	0.261	2
1485248	7955.ENSDARP00000042765	966	7
1498841	7955.ENSDARP00000106981	49.9	4
1488009	7955.ENSDARP00000063383	78.4	1
1493692	7955.ENSDARP00000094384	23.9	2
1506636	7955.ENSDARP00000124654	87.6	2
1481359	7955.ENSDARP00000002360	62.8	1
1482976	7955.ENSDARP00000017246	1220	24
1492941	7955.ENSDARP00000091264	100	1
1491131	7955.ENSDARP00000080303	59.0	1
1492756	7955.ENSDARP00000090396	34.3	1
1488744	7955.ENSDARP00000067603	84.7	5
1505750	7955.ENSDARP00000122154	134	2
1503999	7955.ENSDARP00000117665	60.6	2
1498679	7955.ENSDARP00000106674	300	2
1485456	7955.ENSDARP00000045068	268	4
1492723	7955.ENSDARP00000090249	67.8	2
1496656	7955.ENSDARP00000102749	1078	30
1481314	7955.ENSDARP00000001459	73.1	1
1503504	7955.ENSDARP00000116372	33.5	34
1495217	7955.ENSDARP00000099331	1.81	3
1496287	7955.ENSDARP00000101862	910	87
1496289	7955.ENSDARP00000101866	1025	39
1496601	7955.ENSDARP00000102600	763	3
1483112	7955.ENSDARP00000018458	109	3
1491299	7955.ENSDARP00000081541	21.0	1
1492852	7955.ENSDARP00000090804	145	3
1483313	7955.ENSDARP00000020522	9.94	1
1492851	7955.ENSDARP00000090800	0.726	3
1487644	7955.ENSDARP00000061148	628	49
1487642	7955.ENSDARP00000061142	310	4
1488200	7955.ENSDARP00000064461	176	3
1499876	7955.ENSDARP00000108798	875	7
1502238	7955.ENSDARP00000113059	0.301	2
1503580	7955.ENSDARP00000116574	1078	30
1486972	7955.ENSDARP00000057191	1523	13
1501709	7955.ENSDARP00000111963	51.3	2
1498331	7955.ENSDARP00000106078	30.8	1
1495257	7955.ENSDARP00000099423	37.1	1
1494477	7955.ENSDARP00000097606	3.77	1
1485645	7955.ENSDARP00000047019	13.4	1
1483156	7955.ENSDARP00000018923	180	7
1483873	7955.ENSDARP00000025779	283	5
1482086	7955.ENSDARP00000009133	504	3
1481754	7955.ENSDARP00000005930	268	4
1483702	7955.ENSDARP00000024189	300	2
1506129	7955.ENSDARP00000123142	0.276	2
1483280	7955.ENSDARP00000020181	347	8
1503589	7955.ENSDARP00000116598	173	2
1486433	7955.ENSDARP00000053833	129	2
1481347	7955.ENSDARP00000002234	112	2
1481668	7955.ENSDARP00000005183	294	9
1503595	7955.ENSDARP00000116609	71.6	1
1504225	7955.ENSDARP00000118210	0.506	3
1502589	7955.ENSDARP00000113988	2360	399
1501624	7955.ENSDARP00000111810	108	1
1506252	7955.ENSDARP00000123469	0.24	2
1503871	7955.ENSDARP00000117350	112	2
1494334	7955.ENSDARP00000097045	755	16
1482992	7955.ENSDARP00000017410	406	4
1497834	7955.ENSDARP00000105213	74.0	1
1497132	7955.ENSDARP00000103825	0.255	2
1488194	7955.ENSDARP00000064399	565	18
1486155	7955.ENSDARP00000052121	44.1	1
1506217	7955.ENSDARP00000123388	0.224	2
1502919	7955.ENSDARP00000114843	0.466	3
1488193	7955.ENSDARP00000064393	42.3	1
1484518	7955.ENSDARP00000033828	241	3
1492093	7955.ENSDARP00000087338	62.4	1
1483819	7955.ENSDARP00000025342	226	1
1492091	7955.ENSDARP00000087334	10.6	1
1492449	7955.ENSDARP00000089039	65.2	2
1481898	7955.ENSDARP00000007267	47.5	1
1487324	7955.ENSDARP00000059227	375	12
1487323	7955.ENSDARP00000059226	121	1
1485784	7955.ENSDARP00000048631	135	6
1502973	7955.ENSDARP00000114999	134	2
1483396	7955.ENSDARP00000021450	66.8	1
1486251	7955.ENSDARP00000052655	49.6	1
1490387	7955.ENSDARP00000075802	713	16
1501580	7955.ENSDARP00000111742	704	21
1507373	7955.ENSDARP00000126422	0.277	2
1489073	7955.ENSDARP00000069198	94.3	1
1489158	7955.ENSDARP00000069669	438	12
1494315	7955.ENSDARP00000096950	23.5	2
1499120	7955.ENSDARP00000107491	79.3	7
1488818	7955.ENSDARP00000067948	298	39
1486007	7955.ENSDARP00000051054	506	4
1493573	7955.ENSDARP00000093927	204	1
1484529	7955.ENSDARP00000034052	225	2
1502116	7955.ENSDARP00000112772	97.2	1
1497929	7955.ENSDARP00000105375	12.6	1
1482328	7955.ENSDARP00000011271	435	7
1488347	7955.ENSDARP00000065355	11.7	4
1504448	7955.ENSDARP00000118774	289	16
1487856	7955.ENSDARP00000062555	388	2
1481529	7955.ENSDARP00000003744	406	9
1502758	7955.ENSDARP00000114421	0.449	3
1482587	7955.ENSDARP00000013441	341	8
1483900	7955.ENSDARP00000026070	105	1
1493997	7955.ENSDARP00000095608	159	2
1489044	7955.ENSDARP00000069063	332	11
1482726	7955.ENSDARP00000014978	963	23
1486838	7955.ENSDARP00000056318	1017	3
1488251	7955.ENSDARP00000064738	585	3
1488250	7955.ENSDARP00000064737	2252	9
1501877	7955.ENSDARP00000112253	0.293	2
1499388	7955.ENSDARP00000107935	192	3
1505485	7955.ENSDARP00000121497	31.2	1
1505484	7955.ENSDARP00000121495	628	8
1505483	7955.ENSDARP00000121492	13.0	1
1499385	7955.ENSDARP00000107930	346	16
1481398	7955.ENSDARP00000002767	14.9	2
1484095	7955.ENSDARP00000027984	57.2	1
1487173	7955.ENSDARP00000058402	6.25	1
1485380	7955.ENSDARP00000044127	94.1	1
1495978	7955.ENSDARP00000101116	178	1
1506932	7955.ENSDARP00000125383	3.38	2
1501372	7955.ENSDARP00000111361	0.483	3
1494032	7955.ENSDARP00000095774	52.6	4
1482868	7955.ENSDARP00000016228	1480	23
1505987	7955.ENSDARP00000122764	16.3	1
1485932	7955.ENSDARP00000050257	185	5
1499769	7955.ENSDARP00000108591	253	7
1482774	7955.ENSDARP00000015404	190	4
1505754	7955.ENSDARP00000122167	0.647	3
1483802	7955.ENSDARP00000025160	91.6	1
1499686	7955.ENSDARP00000108448	0.718	3
1482500	7955.ENSDARP00000012691	771	10
1484110	7955.ENSDARP00000028148	65.0	7
1505567	7955.ENSDARP00000121708	61.8	1
1505233	7955.ENSDARP00000120830	0.267	2
1506986	7955.ENSDARP00000125493	0.543	3
1506989	7955.ENSDARP00000125496	111	3
1483439	7955.ENSDARP00000021916	1868	20
1503063	7955.ENSDARP00000115246	56.2	1
1494037	7955.ENSDARP00000095806	65.0	7
1501887	7955.ENSDARP00000112265	376	16
1491528	7955.ENSDARP00000083123	80.1	1
1491485	7955.ENSDARP00000082893	47.6	1
1491405	7955.ENSDARP00000082327	910	87
1482434	7955.ENSDARP00000012186	112	3
1484266	7955.ENSDARP00000030479	116	2
1506302	7955.ENSDARP00000123601	77.9	13
1493424	7955.ENSDARP00000093318	32.2	1
1486716	7955.ENSDARP00000055592	2.49	1
1499273	7955.ENSDARP00000107737	1582	26
1490144	7955.ENSDARP00000074585	99.2	2
1489594	7955.ENSDARP00000072130	59.0	1
1485557	7955.ENSDARP00000046049	271	2
1483783	7955.ENSDARP00000024981	379	4
1499191	7955.ENSDARP00000107596	13.6	1
1491769	7955.ENSDARP00000084961	52.9	2
1499937	7955.ENSDARP00000108912	490	4
1502070	7955.ENSDARP00000112604	0.723	3
1483524	7955.ENSDARP00000022592	1517	12
1493940	7955.ENSDARP00000095394	239	5
1490464	7955.ENSDARP00000076115	10.8	1
1490192	7955.ENSDARP00000074862	208	4
1494820	7955.ENSDARP00000098432	298	39
1499494	7955.ENSDARP00000108139	129	2
1496152	7955.ENSDARP00000101525	298	39
1497199	7955.ENSDARP00000104001	1.67	3
1482763	7955.ENSDARP00000015318	294	4
1499789	7955.ENSDARP00000108629	370	4
1484618	7955.ENSDARP00000035273	1075	4
1482014	7955.ENSDARP00000008333	84.8	1
1482936	7955.ENSDARP00000016879	38.0	1
1484404	7955.ENSDARP00000032453	2647	9
1490382	7955.ENSDARP00000075790	3389	26
1484405	7955.ENSDARP00000032456	9.72	1
1507074	7955.ENSDARP00000125667	72.8	1
1507073	7955.ENSDARP00000125666	0.807	2
1489560	7955.ENSDARP00000071960	177	2
1505396	7955.ENSDARP00000121285	42.2	1
1489561	7955.ENSDARP00000071962	21.0	1
1489562	7955.ENSDARP00000071963	415	5
1482688	7955.ENSDARP00000014578	58.7	1
1488498	7955.ENSDARP00000066358	105	3
1482185	7955.ENSDARP00000010055	408	3
1498160	7955.ENSDARP00000105775	28.9	1
1488077	7955.ENSDARP00000063773	10.9	1
1485900	7955.ENSDARP00000049899	118	1
1502389	7955.ENSDARP00000113453	193	3
1484352	7955.ENSDARP00000031764	502	1
1498905	7955.ENSDARP00000107110	1026	9
1481501	7955.ENSDARP00000003519	354	3
1496915	7955.ENSDARP00000103352	15.0	1
1499890	7955.ENSDARP00000108828	1078	30
1485251	7955.ENSDARP00000042774	62.3	1
1488645	7955.ENSDARP00000067116	85.9	1
1506631	7955.ENSDARP00000124627	128	1
1496672	7955.ENSDARP00000102775	298	39
1486483	7955.ENSDARP00000054142	49.3	1
1490280	7955.ENSDARP00000075304	36.3	1
1489402	7955.ENSDARP00000070966	2.84	1
1487475	7955.ENSDARP00000060156	366	6
1484539	7955.ENSDARP00000034171	105	2
1498434	7955.ENSDARP00000106249	0.605	3
1497667	7955.ENSDARP00000104918	1078	30
1501139	7955.ENSDARP00000110972	95.4	1
1491678	7955.ENSDARP00000084277	1582	26
1481857	7955.ENSDARP00000006888	135	7
1483743	7955.ENSDARP00000024560	229	5
1482722	7955.ENSDARP00000014955	24.8	1
1488676	7955.ENSDARP00000067292	78.1	1
1493067	7955.ENSDARP00000091816	942	28
1497617	7955.ENSDARP00000104823	208	5
1483019	7955.ENSDARP00000017613	75.9	1
1483315	7955.ENSDARP00000020535	96.7	3
1496983	7955.ENSDARP00000103495	0.468	3
1492996	7955.ENSDARP00000091498	472	3
1498335	7955.ENSDARP00000106083	0.611	3
1492993	7955.ENSDARP00000091490	16.9	1
1492824	7955.ENSDARP00000090658	216	1
1487727	7955.ENSDARP00000061735	398	3
1488277	7955.ENSDARP00000064925	37.1	1
1489133	7955.ENSDARP00000069525	112	2
1484314	7955.ENSDARP00000031181	1402	6
1486181	7955.ENSDARP00000052330	4843	11
1489339	7955.ENSDARP00000070561	2095	36
1490972	7955.ENSDARP00000079237	27.5	1
1485177	7955.ENSDARP00000041959	649	11
1491959	7955.ENSDARP00000086433	203	3
1481345	7955.ENSDARP00000002223	139	1
1495374	7955.ENSDARP00000099679	185	3
1502234	7955.ENSDARP00000113050	27.2	6
1483244	7955.ENSDARP00000019846	37.9	2
1500809	7955.ENSDARP00000110426	72.3	1
1494514	7955.ENSDARP00000097707	29.4	1
1503461	7955.ENSDARP00000116252	0.435	3
1502114	7955.ENSDARP00000112765	377	1
1483768	7955.ENSDARP00000024752	1093	41
1485031	7955.ENSDARP00000040421	112	1
1504890	7955.ENSDARP00000119966	228	1
1483871	7955.ENSDARP00000025772	115	1
1484519	7955.ENSDARP00000033859	58.8	1
1502543	7955.ENSDARP00000113885	192	8
1502431	7955.ENSDARP00000113555	308	1
1483823	7955.ENSDARP00000025374	26.4	1
1502429	7955.ENSDARP00000113553	368	2
1483825	7955.ENSDARP00000025377	30.4	1
1489088	7955.ENSDARP00000069273	619	3
1503995	7955.ENSDARP00000117657	257	4
1482617	7955.ENSDARP00000013803	946	17
1482615	7955.ENSDARP00000013777	414	3
1500865	7955.ENSDARP00000110511	298	39
1481941	7955.ENSDARP00000007676	216	4
1493372	7955.ENSDARP00000093111	15.2	1
1483591	7955.ENSDARP00000023235	44.4	2
1485820	7955.ENSDARP00000048939	25.7	1
1489162	7955.ENSDARP00000069676	2.07	1
1504263	7955.ENSDARP00000118326	102	17
1486140	7955.ENSDARP00000052060	265	3
1484637	7955.ENSDARP00000035513	703	2
1492412	7955.ENSDARP00000088840	491	217
1483243	7955.ENSDARP00000019829	523	14
1497907	7955.ENSDARP00000105344	1071	10
1505663	7955.ENSDARP00000121951	0.495	3
1492080	7955.ENSDARP00000087212	5.96	1
1481340	7955.ENSDARP00000002175	261	31
1493522	7955.ENSDARP00000093734	687	41
1481451	7955.ENSDARP00000003177	36.4	2
1482890	7955.ENSDARP00000016453	2594	123
1501259	7955.ENSDARP00000111175	910	87
1489628	7955.ENSDARP00000072300	1117	4
1501382	7955.ENSDARP00000111380	11.6	1
1505801	7955.ENSDARP00000122284	1664	17
1494065	7955.ENSDARP00000095947	111	1
1481632	7955.ENSDARP00000004830	612	7
1501261	7955.ENSDARP00000111179	35.4	1
1493303	7955.ENSDARP00000092736	0.64	3
1500153	7955.ENSDARP00000109278	47.2	1
1487227	7955.ENSDARP00000058679	346	5
1504739	7955.ENSDARP00000119567	314	1
1506398	7955.ENSDARP00000123883	1245	26
1486677	7955.ENSDARP00000055379	538	45
1504666	7955.ENSDARP00000119366	0.554	3
1489831	7955.ENSDARP00000073095	1099	4
1504829	7955.ENSDARP00000119816	73.4	1
1487936	7955.ENSDARP00000062982	366	3
1505477	7955.ENSDARP00000121484	26.4	33
1481400	7955.ENSDARP00000002775	73.5	1
1499830	7955.ENSDARP00000108711	2518	122
1489873	7955.ENSDARP00000073325	133	1
1502622	7955.ENSDARP00000114072	20129	20
1482063	7955.ENSDARP00000008834	45.0	1
1501475	7955.ENSDARP00000111558	178	1
1503003	7955.ENSDARP00000115072	33.5	34
1501391	7955.ENSDARP00000111398	0.577	3
1486039	7955.ENSDARP00000051312	215	5
1500017	7955.ENSDARP00000109050	1619	6
1506938	7955.ENSDARP00000125399	0.236	2
1493151	7955.ENSDARP00000092080	9.97	1
1482452	7955.ENSDARP00000012352	143	1
1501439	7955.ENSDARP00000111488	35.2	2
1481874	7955.ENSDARP00000007090	62.8	1
1500089	7955.ENSDARP00000109185	3762	22
1486484	7955.ENSDARP00000054152	364	2
1488379	7955.ENSDARP00000065503	101	1
1484592	7955.ENSDARP00000034904	147	2
1490605	7955.ENSDARP00000076693	216	2
1490352	7955.ENSDARP00000075658	11021	245
1486394	7955.ENSDARP00000053534	25.2	1
1502003	7955.ENSDARP00000112458	67.3	1
1506982	7955.ENSDARP00000125481	0.25	2
1488023	7955.ENSDARP00000063483	41.2	3
1505939	7955.ENSDARP00000122621	26.2	1
1483098	7955.ENSDARP00000018261	22.3	1
1490314	7955.ENSDARP00000075490	427	47
1485834	7955.ENSDARP00000049150	57.6	1
1504292	7955.ENSDARP00000118396	31.7	3
1502175	7955.ENSDARP00000112920	0.246	2
1502176	7955.ENSDARP00000112921	225	2
1504549	7955.ENSDARP00000119035	347	3
1505337	7955.ENSDARP00000121132	184	3
1489264	7955.ENSDARP00000070225	2304	17
1499446	7955.ENSDARP00000108050	226	5
1483788	7955.ENSDARP00000025022	5.6	1
1485027	7955.ENSDARP00000040396	980	10
1502150	7955.ENSDARP00000112851	51.3	2
1505295	7955.ENSDARP00000121002	247	2
1488408	7955.ENSDARP00000065673	59.0	1
1500384	7955.ENSDARP00000109694	92.0	1
1487810	7955.ENSDARP00000062341	29.0	1
1500558	7955.ENSDARP00000109989	0.468	3
1499719	7955.ENSDARP00000108501	0.282	2
1489591	7955.ENSDARP00000072121	36.2	1
1489901	7955.ENSDARP00000073439	609	7
1494265	7955.ENSDARP00000096763	2.35	2
1506859	7955.ENSDARP00000125244	111	3
1487097	7955.ENSDARP00000057943	249	1
1496862	7955.ENSDARP00000103212	665	5
1484896	7955.ENSDARP00000038835	223	3
1491586	7955.ENSDARP00000083591	40.5	1
1500820	7955.ENSDARP00000110439	83.7	1
1498782	7955.ENSDARP00000106877	1078	30
1489928	7955.ENSDARP00000073559	386	1
1506346	7955.ENSDARP00000123712	513	6
1483619	7955.ENSDARP00000023524	91.7	5
1482347	7955.ENSDARP00000011426	77.7	1
1506347	7955.ENSDARP00000123715	57.8	4
1490194	7955.ENSDARP00000074872	143	1
1497520	7955.ENSDARP00000104653	83.2	4
1490463	7955.ENSDARP00000076104	2027	15
1485115	7955.ENSDARP00000041384	466	4
1499245	7955.ENSDARP00000107694	54.6	3
1507253	7955.ENSDARP00000126116	189	1
1505091	7955.ENSDARP00000120445	0.284	2
1503905	7955.ENSDARP00000117422	146	1
1503233	7955.ENSDARP00000115658	10.6	1
1485519	7955.ENSDARP00000045668	33.4	3
1482761	7955.ENSDARP00000015293	63.0	2
1489575	7955.ENSDARP00000072059	255	7
1498582	7955.ENSDARP00000106506	45.5	1
1498879	7955.ENSDARP00000107058	32.9	1
1506224	7955.ENSDARP00000123407	0.453	3
1485858	7955.ENSDARP00000049374	11.6	1
1481983	7955.ENSDARP00000008048	166	3
1486861	7955.ENSDARP00000056493	54.9	3
1505014	7955.ENSDARP00000120260	10399	45
1505017	7955.ENSDARP00000120266	147	1
1494665	7955.ENSDARP00000098062	0.512	3
1488076	7955.ENSDARP00000063763	112	1
1483949	7955.ENSDARP00000026546	1303	22
1498142	7955.ENSDARP00000105746	298	39
1486158	7955.ENSDARP00000052125	35.9	1
1506664	7955.ENSDARP00000124757	0.23	2
1488711	7955.ENSDARP00000067447	640	9
1482220	7955.ENSDARP00000010384	72.4	1
1492620	7955.ENSDARP00000089794	10.3	1
1484658	7955.ENSDARP00000035859	10.6	1
1493004	7955.ENSDARP00000091530	90.6	1
1493032	7955.ENSDARP00000091666	270	2
1486146	7955.ENSDARP00000052081	723	3
1501115	7955.ENSDARP00000110935	910	87
1498667	7955.ENSDARP00000106653	0.661	2
1504535	7955.ENSDARP00000118999	0.799	2
1492967	7955.ENSDARP00000091392	363	2
1501819	7955.ENSDARP00000112146	0.378	2
1498109	7955.ENSDARP00000105693	0.247	2
1493725	7955.ENSDARP00000094530	98.6	7
1482235	7955.ENSDARP00000010482	180	1
1497622	7955.ENSDARP00000104832	0.57	3
1492955	7955.ENSDARP00000091324	143	9
1502379	7955.ENSDARP00000113434	0.298	2
1481726	7955.ENSDARP00000005644	669	3
1484967	7955.ENSDARP00000039779	55.5	1
1481725	7955.ENSDARP00000005640	79.4	1
1492788	7955.ENSDARP00000090532	0.273	2
1492789	7955.ENSDARP00000090533	0.849	3
1481809	7955.ENSDARP00000006445	227	2
1496342	7955.ENSDARP00000101995	108	3
1489708	7955.ENSDARP00000072597	378	28
1503647	7955.ENSDARP00000116757	0.235	2
1506145	7955.ENSDARP00000123183	301	2
1481987	7955.ENSDARP00000008085	913	12
1486179	7955.ENSDARP00000052324	319	6
1485936	7955.ENSDARP00000050307	352	9
1483017	7955.ENSDARP00000017597	382	3
1489131	7955.ENSDARP00000069513	410	4
1497027	7955.ENSDARP00000103599	125	2
1507391	7955.ENSDARP00000126456	0.601	3
1484634	7955.ENSDARP00000035453	90.8	4
1481679	7955.ENSDARP00000005260	236	3
1486808	7955.ENSDARP00000056150	314	9
1487458	7955.ENSDARP00000060055	2665	30
1502490	7955.ENSDARP00000113724	78.6	1
1481781	7955.ENSDARP00000006201	119	2
1503780	7955.ENSDARP00000117083	42.7	1
1481782	7955.ENSDARP00000006207	384	6
1492201	7955.ENSDARP00000087919	54.9	1
1507050	7955.ENSDARP00000125615	0.672	3
1492844	7955.ENSDARP00000090756	120	1
1495369	7955.ENSDARP00000099664	89.3	1
1504854	7955.ENSDARP00000119870	71.5	1
1495366	7955.ENSDARP00000099661	74.7	1
1482785	7955.ENSDARP00000015515	97.6	4
1488853	7955.ENSDARP00000068111	88.4	2
1483860	7955.ENSDARP00000025673	24.1	1
1503899	7955.ENSDARP00000117405	0.266	2
1486169	7955.ENSDARP00000052255	703	2
1503898	7955.ENSDARP00000117403	32.2	4
1494642	7955.ENSDARP00000098004	45.6	4
1497842	7955.ENSDARP00000105230	304	8
1497913	7955.ENSDARP00000105353	0.583	3
1497313	7955.ENSDARP00000104241	200	4
1490081	7955.ENSDARP00000074190	547	9
1495902	7955.ENSDARP00000100956	0.844	2
1481953	7955.ENSDARP00000007792	186	2
1502546	7955.ENSDARP00000113893	109	1
1501285	7955.ENSDARP00000111217	62.0	2
1481768	7955.ENSDARP00000006065	18.8	1
1502547	7955.ENSDARP00000113895	0.5	3
1504083	7955.ENSDARP00000117880	560	10
1487054	7955.ENSDARP00000057641	159	1
1503593	7955.ENSDARP00000116604	609	11
1500773	7955.ENSDARP00000110363	89.4	3
1496715	7955.ENSDARP00000102881	35.6	1
1503837	7955.ENSDARP00000117246	132	1
1501283	7955.ENSDARP00000111214	37.6	1
1504016	7955.ENSDARP00000117718	0.282	2
1506310	7955.ENSDARP00000123619	1078	30
1481938	7955.ENSDARP00000007646	26.1	1
1505614	7955.ENSDARP00000121828	782	12
1484527	7955.ENSDARP00000034038	50.1	1
1492409	7955.ENSDARP00000088831	42.3	1
1505652	7955.ENSDARP00000121927	0.247	2
1492513	7955.ENSDARP00000089300	141	1
1499357	7955.ENSDARP00000107877	109	2
1483362	7955.ENSDARP00000021016	486	39
1481449	7955.ENSDARP00000003167	223	1
1494863	7955.ENSDARP00000098532	0.217	2
1482624	7955.ENSDARP00000013902	207	2
1487302	7955.ENSDARP00000059062	116	2
1489640	7955.ENSDARP00000072334	368	4
1482103	7955.ENSDARP00000009258	464	9
1492345	7955.ENSDARP00000088494	34.3	4
1501591	7955.ENSDARP00000111762	522	19
1506144	7955.ENSDARP00000123181	155	1
1489048	7955.ENSDARP00000069087	226	2
1489047	7955.ENSDARP00000069085	138	1
1504354	7955.ENSDARP00000118555	0.252	2
1490753	7955.ENSDARP00000077647	84.0	1
1482477	7955.ENSDARP00000012500	2.73	1
1484553	7955.ENSDARP00000034327	160	1
1495955	7955.ENSDARP00000101055	105	3
1504438	7955.ENSDARP00000118753	91.9	1
1487592	7955.ENSDARP00000060821	286	2
1500016	7955.ENSDARP00000109049	828	10
1484749	7955.ENSDARP00000037108	6.39	1
1505930	7955.ENSDARP00000122587	0.562	3
1500279	7955.ENSDARP00000109510	0.281	2
1485929	7955.ENSDARP00000050237	3585	493
1485928	7955.ENSDARP00000050236	298	39
1500012	7955.ENSDARP00000109044	910	87
1501443	7955.ENSDARP00000111493	298	39
1484228	7955.ENSDARP00000029876	905	2
1482470	7955.ENSDARP00000012437	3.23	1
1484887	7955.ENSDARP00000038757	23.6	1
1481381	7955.ENSDARP00000002544	116	6
1500098	7955.ENSDARP00000109194	94.5	2
1500099	7955.ENSDARP00000109196	135	6
1504074	7955.ENSDARP00000117864	660	3
1488940	7955.ENSDARP00000068574	121	6
1494129	7955.ENSDARP00000096287	416	3
1490665	7955.ENSDARP00000076916	508	2
1500101	7955.ENSDARP00000109199	49.7	7
1493836	7955.ENSDARP00000095008	21.0	1
1494264	7955.ENSDARP00000096752	2503	14
1482005	7955.ENSDARP00000008223	78.1	2
1487079	7955.ENSDARP00000057824	120	1
1484408	7955.ENSDARP00000032505	32.2	1
1487078	7955.ENSDARP00000057822	19.5	1
1484198	7955.ENSDARP00000029477	57.1	9
1498187	7955.ENSDARP00000105825	362	6
1485861	7955.ENSDARP00000049419	107	2
1496821	7955.ENSDARP00000103118	264	7
1490312	7955.ENSDARP00000075482	342	3
1507218	7955.ENSDARP00000126028	1814	7
1507219	7955.ENSDARP00000126029	238	5
1493216	7955.ENSDARP00000092389	0.241	2
1500379	7955.ENSDARP00000109682	371	12
1492045	7955.ENSDARP00000087003	143	1
1494226	7955.ENSDARP00000096596	203	1
1506854	7955.ENSDARP00000125238	111	3
1502853	7955.ENSDARP00000114665	94.5	2
1500559	7955.ENSDARP00000109990	831	5
1500560	7955.ENSDARP00000109993	119	2
1486712	7955.ENSDARP00000055576	538	11
1482808	7955.ENSDARP00000015775	247	4
1496859	7955.ENSDARP00000103208	255	39
1493670	7955.ENSDARP00000094289	366	4
1497414	7955.ENSDARP00000104468	289	16
1488577	7955.ENSDARP00000066805	312	2
1482352	7955.ENSDARP00000011459	37.0	2
1507335	7955.ENSDARP00000126335	0.537	3
1505468	7955.ENSDARP00000121459	298	39
1496158	7955.ENSDARP00000101541	44907	299
1493871	7955.ENSDARP00000095139	2233	8
1482948	7955.ENSDARP00000016957	856	2
1503220	7955.ENSDARP00000115626	76.4	1
1505033	7955.ENSDARP00000120295	32.0	1
1506344	7955.ENSDARP00000123705	32.8	2
1487980	7955.ENSDARP00000063146	5.63	1
1497006	7955.ENSDARP00000103549	31.0	3
1490651	7955.ENSDARP00000076883	377	4
1499879	7955.ENSDARP00000108805	837	5
1497261	7955.ENSDARP00000104140	0.331	2
1484345	7955.ENSDARP00000031690	1953	10
1505022	7955.ENSDARP00000120273	0.46	3
1482187	7955.ENSDARP00000010070	30.3	1
1488739	7955.ENSDARP00000067585	386	4
1488531	7955.ENSDARP00000066500	75.9	4
1488532	7955.ENSDARP00000066505	302	1
1492225	7955.ENSDARP00000088020	520	36
1495634	7955.ENSDARP00000100307	137	2
1485089	7955.ENSDARP00000041113	501	3
1504986	7955.ENSDARP00000120183	282	2
1486774	7955.ENSDARP00000055955	91.4	2
1490221	7955.ENSDARP00000074998	3126	16
1483496	7955.ENSDARP00000022426	47.6	1
1489944	7955.ENSDARP00000073630	212	1
1498529	7955.ENSDARP00000106408	52.9	3
1482420	7955.ENSDARP00000012049	46.0	1
1491326	7955.ENSDARP00000081681	59.1	2
1484109	7955.ENSDARP00000028137	52.8	1
1482999	7955.ENSDARP00000017456	1047	25
1501215	7955.ENSDARP00000111104	10.8	1
1488005	7955.ENSDARP00000063332	66.7	1
1502821	7955.ENSDARP00000114580	13.4	15
1485142	7955.ENSDARP00000041626	113	2
1490903	7955.ENSDARP00000078672	129	1
1493802	7955.ENSDARP00000094849	1183	96
1483063	7955.ENSDARP00000017923	52.4	1
1501124	7955.ENSDARP00000110951	8.42	1
1492928	7955.ENSDARP00000091125	22.0	1
1485483	7955.ENSDARP00000045298	197	2
1496897	7955.ENSDARP00000103318	1078	30
1493662	7955.ENSDARP00000094267	317	2
1506267	7955.ENSDARP00000123509	0.22	2
1493663	7955.ENSDARP00000094269	69.1	1
1501823	7955.ENSDARP00000112153	250	1
1490029	7955.ENSDARP00000073983	103	1
1490230	7955.ENSDARP00000075074	447	3
1496275	7955.ENSDARP00000101838	147	6
1482581	7955.ENSDARP00000013402	403	6
1484615	7955.ENSDARP00000035207	179	1
1487075	7955.ENSDARP00000057787	225	39
1481792	7955.ENSDARP00000006315	12.4	1
1481812	7955.ENSDARP00000006476	24.5	1
1492856	7955.ENSDARP00000090833	243	2
1481688	7955.ENSDARP00000005309	66.2	1
1484521	7955.ENSDARP00000033907	312	8
1488751	7955.ENSDARP00000067634	461	4
1484583	7955.ENSDARP00000034822	45.8	2
1503640	7955.ENSDARP00000116723	232	2
1488969	7955.ENSDARP00000068697	133	2
1490899	7955.ENSDARP00000078619	88.7	1
1504456	7955.ENSDARP00000118803	52.0	1
1489323	7955.ENSDARP00000070509	234	2
1505030	7955.ENSDARP00000120291	94.4	2
1503942	7955.ENSDARP00000117528	0.564	3
1495279	7955.ENSDARP00000099474	55.7	1
1481343	7955.ENSDARP00000002199	102	2
1483861	7955.ENSDARP00000025702	3305	95
1485028	7955.ENSDARP00000040404	214	6
1506143	7955.ENSDARP00000123179	0.575	3
1496588	7955.ENSDARP00000102562	0.329	2
1485029	7955.ENSDARP00000040408	72.8	1
1495291	7955.ENSDARP00000099496	24.7	2
1503611	7955.ENSDARP00000116658	0.508	3
1503612	7955.ENSDARP00000116659	163	1
1485637	7955.ENSDARP00000046972	189	3
1483899	7955.ENSDARP00000026065	225	11
1490762	7955.ENSDARP00000077706	1941	12
1507179	7955.ENSDARP00000125918	185	17
1484966	7955.ENSDARP00000039745	69.0	3
1504251	7955.ENSDARP00000118280	96.0	4
1503901	7955.ENSDARP00000117414	28.8	1
1497837	7955.ENSDARP00000105220	1582	26
1502356	7955.ENSDARP00000113373	12.4	1
1490080	7955.ENSDARP00000074186	262	10
1488243	7955.ENSDARP00000064699	63.8	1
1484566	7955.ENSDARP00000034555	561	3
1503884	7955.ENSDARP00000117380	0.41	2
1497897	7955.ENSDARP00000105328	131	1
1491297	7955.ENSDARP00000081533	15.0	1
1486215	7955.ENSDARP00000052440	142	5
1504002	7955.ENSDARP00000117673	812	8
1496722	7955.ENSDARP00000102897	117	1
1485763	7955.ENSDARP00000048394	62.3	4
1489083	7955.ENSDARP00000069254	352	2
1495131	7955.ENSDARP00000099126	76.1	1
1496751	7955.ENSDARP00000102961	59.1	2
1495964	7955.ENSDARP00000101076	153	6
1484075	7955.ENSDARP00000027775	112	1
1503842	7955.ENSDARP00000117259	255	3
1494940	7955.ENSDARP00000098704	60.0	5
1484074	7955.ENSDARP00000027770	654	2
1490083	7955.ENSDARP00000074210	57.0	1
1491298	7955.ENSDARP00000081539	16.3	1
1491949	7955.ENSDARP00000086334	156	1
1482578	7955.ENSDARP00000013353	33.3	1
1502798	7955.ENSDARP00000114517	0.563	3
1486497	7955.ENSDARP00000054229	1049	13
1491955	7955.ENSDARP00000086365	34.9	1
1487664	7955.ENSDARP00000061314	35.3	1
1481397	7955.ENSDARP00000002761	52.9	2
1494151	7955.ENSDARP00000096361	108	1
1486009	7955.ENSDARP00000051080	337	22
1501515	7955.ENSDARP00000111628	37.6	1
1493402	7955.ENSDARP00000093249	131	2
1501511	7955.ENSDARP00000111623	0.347	2
1482840	7955.ENSDARP00000015985	10.9	1
1493495	7955.ENSDARP00000093629	195	2
1502612	7955.ENSDARP00000114046	123	1
1486256	7955.ENSDARP00000052687	730	46
1497735	7955.ENSDARP00000105030	58.3	2
1485693	7955.ENSDARP00000047527	12.5	1
1500566	7955.ENSDARP00000110001	16.8	1
1485542	7955.ENSDARP00000045900	993	5
1487793	7955.ENSDARP00000062219	916	11
1486770	7955.ENSDARP00000055912	298	39
1494104	7955.ENSDARP00000096178	500	2
1495448	7955.ENSDARP00000099877	47.9	1
1483146	7955.ENSDARP00000018820	352	9
1481542	7955.ENSDARP00000003841	28.2	1
1500290	7955.ENSDARP00000109528	247	2
1502981	7955.ENSDARP00000115012	2195	371
1494020	7955.ENSDARP00000095720	187	32
1484094	7955.ENSDARP00000027982	338	1
1485628	7955.ENSDARP00000046901	82.2	1
1491437	7955.ENSDARP00000082533	6.45	1
1490345	7955.ENSDARP00000075639	252	5
1500179	7955.ENSDARP00000109323	0.248	2
1484745	7955.ENSDARP00000037025	631	8
1500250	7955.ENSDARP00000109455	0.259	2
1489850	7955.ENSDARP00000073185	60.5	1
1486287	7955.ENSDARP00000052906	67.1	2
1494133	7955.ENSDARP00000096295	991	14
1502745	7955.ENSDARP00000114387	189	6
1486910	7955.ENSDARP00000056766	249	3
1502743	7955.ENSDARP00000114381	288	2
1505521	7955.ENSDARP00000121591	1380	8
1501414	7955.ENSDARP00000111447	269	39
1505524	7955.ENSDARP00000121595	469	5
1499109	7955.ENSDARP00000107467	120	1
1482896	7955.ENSDARP00000016540	17.5	1
1498182	7955.ENSDARP00000105815	265	6
1501987	7955.ENSDARP00000112435	135	2
1490111	7955.ENSDARP00000074422	301	5
1499713	7955.ENSDARP00000108490	95.3	1
1484806	7955.ENSDARP00000037759	237	2
1484805	7955.ENSDARP00000037758	2121	10
1484357	7955.ENSDARP00000031822	50.2	3
1483789	7955.ENSDARP00000025042	410	2
1505693	7955.ENSDARP00000122009	298	39
1494222	7955.ENSDARP00000096581	47.5	8
1494223	7955.ENSDARP00000096586	86.0	2
1486429	7955.ENSDARP00000053793	752	3
1489903	7955.ENSDARP00000073455	566	5
1487807	7955.ENSDARP00000062323	993	15
1505122	7955.ENSDARP00000120516	113	1
1483476	7955.ENSDARP00000022256	76.5	2
1498524	7955.ENSDARP00000106400	106	1
1485511	7955.ENSDARP00000045601	51.6	1
1493956	7955.ENSDARP00000095458	217	1
1498525	7955.ENSDARP00000106401	262	1
1483575	7955.ENSDARP00000023098	161	3
1505368	7955.ENSDARP00000121203	164	2
1506366	7955.ENSDARP00000123778	18.5	1
1505333	7955.ENSDARP00000121112	0.591	3
1481628	7955.ENSDARP00000004795	85.9	1
1485005	7955.ENSDARP00000040189	258	4
1506840	7955.ENSDARP00000125214	124	3
1502191	7955.ENSDARP00000112949	0.556	3
1484800	7955.ENSDARP00000037689	171	2
1505544	7955.ENSDARP00000121660	0.297	2
1506917	7955.ENSDARP00000125358	0.265	2
1498732	7955.ENSDARP00000106781	269	39
1501790	7955.ENSDARP00000112099	78.1	3
1483074	7955.ENSDARP00000018027	627	10
1482636	7955.ENSDARP00000014010	137	2
1486352	7955.ENSDARP00000053303	287	22
1498736	7955.ENSDARP00000106788	194	2
1501783	7955.ENSDARP00000112092	298	39
1491703	7955.ENSDARP00000084449	115	1
1483463	7955.ENSDARP00000022120	164	6
1481855	7955.ENSDARP00000006882	884	19
1495662	7955.ENSDARP00000100377	18.1	1
1489860	7955.ENSDARP00000073256	69.9	2
1505571	7955.ENSDARP00000121716	4.43	1
1505166	7955.ENSDARP00000120649	131	5
1490307	7955.ENSDARP00000075459	41.8	2
1486122	7955.ENSDARP00000051889	32.9	1
1506013	7955.ENSDARP00000122829	109	2
1493612	7955.ENSDARP00000094070	219	1
1506009	7955.ENSDARP00000122822	0.236	2
1499030	7955.ENSDARP00000107320	0.569	3
1499032	7955.ENSDARP00000107323	110	5
1487537	7955.ENSDARP00000060457	155	3
1499755	7955.ENSDARP00000108568	133	2
1487429	7955.ENSDARP00000059885	273	4
1482221	7955.ENSDARP00000010393	352	9
1498992	7955.ENSDARP00000107258	82.5	1
1504939	7955.ENSDARP00000120086	0.249	2
1507036	7955.ENSDARP00000125585	0.526	3
1488102	7955.ENSDARP00000063876	442	3
1490660	7955.ENSDARP00000076902	310	3
1492550	7955.ENSDARP00000089463	43.8	2
1487996	7955.ENSDARP00000063250	864	5
1484318	7955.ENSDARP00000031228	257	1
1488814	7955.ENSDARP00000067933	331	31
1485196	7955.ENSDARP00000042217	18.3	1
1491992	7955.ENSDARP00000086620	70.4	2
1502371	7955.ENSDARP00000113417	464	4
1503717	7955.ENSDARP00000116933	0.616	3
1493049	7955.ENSDARP00000091733	28.4	2
1492746	7955.ENSDARP00000090351	0.233	2
1503644	7955.ENSDARP00000116739	298	39
1482384	7955.ENSDARP00000011713	118	1
1483987	7955.ENSDARP00000026895	140	2
1497678	7955.ENSDARP00000104937	0.682	3
1484037	7955.ENSDARP00000027389	921	17
1497017	7955.ENSDARP00000103576	1078	30
1504517	7955.ENSDARP00000118953	0.276	2
1491244	7955.ENSDARP00000081180	155	2
1488779	7955.ENSDARP00000067802	609	6
1481670	7955.ENSDARP00000005206	34.3	1
1488791	7955.ENSDARP00000067865	614	2
1493100	7955.ENSDARP00000091917	36.2	3
1496585	7955.ENSDARP00000102557	62.5	1
1486276	7955.ENSDARP00000052837	717	86
1484595	7955.ENSDARP00000034945	66.2	1
1503606	7955.ENSDARP00000116646	22.9	2
1503773	7955.ENSDARP00000117066	37.8	2
1482325	7955.ENSDARP00000011243	1285	16
1487713	7955.ENSDARP00000061671	243	2
1487270	7955.ENSDARP00000058912	327	9
1485604	7955.ENSDARP00000046625	56.3	1
1501647	7955.ENSDARP00000111851	1582	26
1484738	7955.ENSDARP00000036961	37.5	1
1490237	7955.ENSDARP00000075110	717	86
1494648	7955.ENSDARP00000098022	24.0	1
1502106	7955.ENSDARP00000112736	22.3	1
1502351	7955.ENSDARP00000113362	10.1	1
1493701	7955.ENSDARP00000094413	214	10
1491986	7955.ENSDARP00000086571	74.2	1
1483412	7955.ENSDARP00000021652	247	4
1488894	7955.ENSDARP00000068317	32.3	2
1489077	7955.ENSDARP00000069226	224	3
1495916	7955.ENSDARP00000100979	22.5	2
1494435	7955.ENSDARP00000097516	0.275	2
1481770	7955.ENSDARP00000006085	201	3
1499966	7955.ENSDARP00000108965	1918	10
1497114	7955.ENSDARP00000103794	553	16
1483572	7955.ENSDARP00000023063	810	14
1499964	7955.ENSDARP00000108963	639	26
1486895	7955.ENSDARP00000056685	82.3	5
1503845	7955.ENSDARP00000117264	0.253	2
1502928	7955.ENSDARP00000114862	50.9	1
1481894	7955.ENSDARP00000007240	54.8	3
1482115	7955.ENSDARP00000009356	0.682	1
1496068	7955.ENSDARP00000101311	910	87
1502930	7955.ENSDARP00000114868	0.294	2
1484640	7955.ENSDARP00000035541	169	2
1504839	7955.ENSDARP00000119844	0.318	2
1486668	7955.ENSDARP00000055323	315	2
1499364	7955.ENSDARP00000107891	0.276	2
1494148	7955.ENSDARP00000096352	105	17
1489822	7955.ENSDARP00000073057	1706	22
1482644	7955.ENSDARP00000014099	57.3	1
1487843	7955.ENSDARP00000062517	783	7
1493411	7955.ENSDARP00000093277	83.6	2
1501517	7955.ENSDARP00000111631	90.8	4
1501239	7955.ENSDARP00000111142	98.0	3
1506750	7955.ENSDARP00000125036	46.8	3
1494277	7955.ENSDARP00000096822	1.29	2
1494279	7955.ENSDARP00000096826	15.1	1
1489489	7955.ENSDARP00000071587	402	4
1487632	7955.ENSDARP00000061097	200	32
1500107	7955.ENSDARP00000109208	0.255	2
1502578	7955.ENSDARP00000113965	12.9	1
1497438	7955.ENSDARP00000104505	0.548	3
1501464	7955.ENSDARP00000111526	910	87
1501461	7955.ENSDARP00000111523	23.5	1
1485002	7955.ENSDARP00000040170	136	1
1482424	7955.ENSDARP00000012094	458	2
1490162	7955.ENSDARP00000074719	94.3	1
1484089	7955.ENSDARP00000027947	5573	85
1485729	7955.ENSDARP00000047992	6.64	1
1504902	7955.ENSDARP00000119990	100	1
1498011	7955.ENSDARP00000105531	34.4	1
1493288	7955.ENSDARP00000092675	0.359	2
1484169	7955.ENSDARP00000029074	1018	23
1484170	7955.ENSDARP00000029079	2792	9
1500243	7955.ENSDARP00000109442	30.6	1
1485024	7955.ENSDARP00000040379	252	4
1486377	7955.ENSDARP00000053439	0.916	2
1494950	7955.ENSDARP00000098726	1078	30
1502747	7955.ENSDARP00000114396	271	5
1489851	7955.ENSDARP00000073195	174	32
1501202	7955.ENSDARP00000111087	38.3	2
1482886	7955.ENSDARP00000016376	648	3
1502643	7955.ENSDARP00000114134	77.2	2
1505251	7955.ENSDARP00000120878	244	1
1484892	7955.ENSDARP00000038799	3005	17
1493193	7955.ENSDARP00000092299	18.8	1
1498177	7955.ENSDARP00000105809	253	7
1506562	7955.ENSDARP00000124384	80.2	1
1484199	7955.ENSDARP00000029491	312	7
1490562	7955.ENSDARP00000076487	190	1
1493840	7955.ENSDARP00000095029	271	5
1489190	7955.ENSDARP00000069870	96.4	1
1503076	7955.ENSDARP00000115283	111	3
1484574	7955.ENSDARP00000034733	529	11
1505560	7955.ENSDARP00000121692	123	4
1499750	7955.ENSDARP00000108556	119	2
1503263	7955.ENSDARP00000115752	0.219	2
1494268	7955.ENSDARP00000096770	0.272	2
1483904	7955.ENSDARP00000026092	154	1
1499872	7955.ENSDARP00000108791	74.8	2
1487809	7955.ENSDARP00000062337	122	2
1489902	7955.ENSDARP00000073441	59.4	1
1493861	7955.ENSDARP00000095111	528	4
1502049	7955.ENSDARP00000112551	0.21	2
1483781	7955.ENSDARP00000024947	6.96	2
1497400	7955.ENSDARP00000104448	35.6	1
1491292	7955.ENSDARP00000081514	32.4	1
1500494	7955.ENSDARP00000109883	52.3	6
1507328	7955.ENSDARP00000126317	8.12	1
1485836	7955.ENSDARP00000049166	2287	14
1484515	7955.ENSDARP00000033788	77.1	1
1504563	7955.ENSDARP00000119068	0.242	2
1485837	7955.ENSDARP00000049169	180	3
1485385	7955.ENSDARP00000044183	39.5	4
1496165	7955.ENSDARP00000101565	330	4
1503158	7955.ENSDARP00000115483	232	2
1489565	7955.ENSDARP00000072006	197	16
1506921	7955.ENSDARP00000125369	1.57	3
1490277	7955.ENSDARP00000075289	394	3
1484775	7955.ENSDARP00000037410	201	5
1488583	7955.ENSDARP00000066858	392	42
1482291	7955.ENSDARP00000011017	38.2	2
1484701	7955.ENSDARP00000036413	108	1
1482290	7955.ENSDARP00000011011	40.2	1
1483738	7955.ENSDARP00000024492	98.9	2
1487944	7955.ENSDARP00000063009	167	2
1482182	7955.ENSDARP00000010013	306	5
1493756	7955.ENSDARP00000094648	126	2
1486129	7955.ENSDARP00000051971	1131	5
1492816	7955.ENSDARP00000090632	1078	30
1502554	7955.ENSDARP00000113913	111	2
1498542	7955.ENSDARP00000106429	96.1	1
1503171	7955.ENSDARP00000115511	1584	12
1503172	7955.ENSDARP00000115512	680	21
1501039	7955.ENSDARP00000110807	54.3	4
1485562	7955.ENSDARP00000046097	35.8	1
1482375	7955.ENSDARP00000011656	263	4
1492483	7955.ENSDARP00000089161	183	2
1499040	7955.ENSDARP00000107339	883	8
1486376	7955.ENSDARP00000053431	70.7	2
1499147	7955.ENSDARP00000107534	0.56	3
1500247	7955.ENSDARP00000109449	33.7	2
1499151	7955.ENSDARP00000107538	211	1
1498489	7955.ENSDARP00000106336	0.262	2
1488625	7955.ENSDARP00000067039	140	2
1498487	7955.ENSDARP00000106332	114	2
1489727	7955.ENSDARP00000072678	2347	311
1493656	7955.ENSDARP00000094247	131	1
1493653	7955.ENSDARP00000094243	96.9	5
1489783	7955.ENSDARP00000072903	53.6	2
1485319	7955.ENSDARP00000043515	78.5	3
1482383	7955.ENSDARP00000011707	80.8	1
1483060	7955.ENSDARP00000017897	172	1
1481296	7955.ENSDARP00000000956	368	3
1487492	7955.ENSDARP00000060204	338	7
1488985	7955.ENSDARP00000068783	487	13
1481656	7955.ENSDARP00000005075	20.3	1
1498719	7955.ENSDARP00000106753	0.249	2
1503464	7955.ENSDARP00000116259	0.256	2
1484286	7955.ENSDARP00000030814	75.5	1
1498408	7955.ENSDARP00000106208	23.5	2
1481318	7955.ENSDARP00000001575	16.5	1
1487567	7955.ENSDARP00000060684	609	4
1484579	7955.ENSDARP00000034804	851	5
1492811	7955.ENSDARP00000090611	0.264	2
1503463	7955.ENSDARP00000116255	266	1
1506161	7955.ENSDARP00000123235	88.9	1
1498170	7955.ENSDARP00000105799	40.0	2
1496365	7955.ENSDARP00000102041	22.5	2
1496366	7955.ENSDARP00000102047	50.0	1
1489777	7955.ENSDARP00000072874	705	8
1488840	7955.ENSDARP00000068070	32.7	1
1506779	7955.ENSDARP00000125117	1.11	3
1488083	7955.ENSDARP00000063799	1926	20
1497161	7955.ENSDARP00000103895	1560	10
1484942	7955.ENSDARP00000039324	247	17
1507400	7955.ENSDARP00000126480	0.485	3
1499548	7955.ENSDARP00000108224	572	227
1492699	7955.ENSDARP00000090161	8.37	1
1483327	7955.ENSDARP00000020667	450	4
1494511	7955.ENSDARP00000097698	0.542	3
1503386	7955.ENSDARP00000116075	596	226
1486442	7955.ENSDARP00000053867	2.88	1
1505321	7955.ENSDARP00000121087	0.214	2
1489682	7955.ENSDARP00000072492	742	3
1493094	7955.ENSDARP00000091902	484	2
1489684	7955.ENSDARP00000072497	19.9	1
1489685	7955.ENSDARP00000072498	1.93	2
1507198	7955.ENSDARP00000125972	1582	26
1484737	7955.ENSDARP00000036958	7.2	1
1483851	7955.ENSDARP00000025613	8421	86
1488100	7955.ENSDARP00000063862	457	3
1482815	7955.ENSDARP00000015815	117	2
1504340	7955.ENSDARP00000118519	0.465	3
1483841	7955.ENSDARP00000025539	300	7
1486512	7955.ENSDARP00000054339	411	3
1488150	7955.ENSDARP00000064143	347	5
1488156	7955.ENSDARP00000064171	47.3	2
1503979	7955.ENSDARP00000117616	0.31	2
1483311	7955.ENSDARP00000020485	146	3
1492847	7955.ENSDARP00000090766	733	31
1498863	7955.ENSDARP00000107028	910	87
1500894	7955.ENSDARP00000110558	706	21
1489095	7955.ENSDARP00000069300	749	5
1486225	7955.ENSDARP00000052510	650	3
1500496	7955.ENSDARP00000109888	120	4
1494305	7955.ENSDARP00000096904	202	2
1507428	7955.ENSDARP00000126557	0.242	2
1507429	7955.ENSDARP00000126558	0.439	3
1503857	7955.ENSDARP00000117293	156	2
1504845	7955.ENSDARP00000119851	0.58	3
1499360	7955.ENSDARP00000107881	0.315	2
1486494	7955.ENSDARP00000054207	129	1
1487344	7955.ENSDARP00000059320	350	3
1481942	7955.ENSDARP00000007696	93.6	2
1486674	7955.ENSDARP00000055339	191	2
1489821	7955.ENSDARP00000073055	98.8	1
1486262	7955.ENSDARP00000052730	271	3
1485507	7955.ENSDARP00000045582	37.5	1
1493406	7955.ENSDARP00000093261	96.4	1
1495293	7955.ENSDARP00000099498	3.37	1
1494782	7955.ENSDARP00000098342	208	39
1494438	7955.ENSDARP00000097524	327	5
1488589	7955.ENSDARP00000066896	250	1
1494786	7955.ENSDARP00000098348	82.8	1
1483956	7955.ENSDARP00000026625	41.1	1
1488590	7955.ENSDARP00000066897	797	5
1500129	7955.ENSDARP00000109238	0.291	2
1485007	7955.ENSDARP00000040203	67.8	3
1485989	7955.ENSDARP00000050915	53.3	4
1500126	7955.ENSDARP00000109232	129	2
1504364	7955.ENSDARP00000118581	277	1
1488326	7955.ENSDARP00000065237	33.5	2
1500578	7955.ENSDARP00000110023	117	1
1487230	7955.ENSDARP00000058694	2144	5
1482913	7955.ENSDARP00000016703	283	4
1485340	7955.ENSDARP00000043742	129	10
1486041	7955.ENSDARP00000051359	160	87
1495429	7955.ENSDARP00000099813	298	39
1490159	7955.ENSDARP00000074706	52.3	2
1489459	7955.ENSDARP00000071423	185	3
1490066	7955.ENSDARP00000074146	10.8	1
1504898	7955.ENSDARP00000119981	0.192	2
1482711	7955.ENSDARP00000014852	65.1	1
1485395	7955.ENSDARP00000044327	130	2
1503743	7955.ENSDARP00000117001	0.222	2
1497341	7955.ENSDARP00000104304	81.1	1
