#name: Y.pestis - Whole organism, SC (PRIDE,PRD000484,2012)
#score: 5.73
#weight: 100%
#description: abundance based on Spectral counting, from<a href="http://www.ebi.ac.uk/pride/archive/projects/PRD000484" target="_blank">PRIDE,PRD000484,2012</a><br/><b>Interaction consistency score</b>: 5.73&nbsp<b>Coverage</b>: 31
#organ: WHOLE_ORGANISM
#integrated: false
#coverage: 31
#publication_year: 2012
#filename: Yersinia_pestis_SC_biomart_18099_O__3reps.txt
#
#internal_id	string_external_id	abundance	raw_spectral_count
3605294	214092.YPO0351	12148	5029
3605293	214092.YPO0350	10520	989
3606846	214092.YPO1996	1176	276
3606847	214092.YPO1997	336	92
3605297	214092.YPO0354	3946	405
3606845	214092.YPO1995	163	43
3605155	214092.YPO0210	145	33
3608234	214092.YPO3481	19.9	7
3606487	214092.YPO1611	1180	109
3606486	214092.YPO1610	193	63
3606493	214092.YPO1617	19.5	8
3605160	214092.YPO0215	175	13
3605161	214092.YPO0216	253	45
3606465	214092.YPO1589	0.177	2
3606464	214092.YPO1588	1471	175
3606858	214092.YPO2008	140	33
3607697	214092.YPO2899	26.3	9
3606460	214092.YPO1583	0.177	2
3607693	214092.YPO2895	287	49
3606459	214092.YPO1581	5.84	3
3606704	214092.YPO1845	1975	377
3606463	214092.YPO1587	1240	427
3607747	214092.YPO2958	4964	1018
3607690	214092.YPO2892	221	117
3606841	214092.YPO1991	33.4	6
3605230	214092.YPO0283	780	389
3605229	214092.YPO0282	997	274
3605228	214092.YPO0281	196	40
3608310	214092.YPO3559	791	110
3605234	214092.YPO0287	455	78
3605232	214092.YPO0285	216	32
3605231	214092.YPO0284	15.1	3
3608304	214092.YPO3553	396	65
3608301	214092.YPO3550	45.2	4
3608302	214092.YPO3551	1556	233
3605694	214092.YPO0773	1.45	1
3608809	214092.YPO4093	191	42
3608806	214092.YPO4090	419	70
3606329	214092.YPO1443	125	7
3608812	214092.YPO4096	205	56
3606451	214092.YPO1573	13.0	3
3606448	214092.YPO1570	976	347
3605156	214092.YPO0211	103	13
3606763	214092.YPO1907	5638	1788
3605525	214092.YPO0588	278	84
3606170	214092.YPO1277	6.98	3
3605607	214092.YPO0676	818	267
3606166	214092.YPO1273	136	61
3606457	214092.YPO1579	16.0	5
3605963	214092.YPO1055	305	51
3608088	214092.YPO3328	117	44
3605444	214092.YPO0506	269	241
3605445	214092.YPO0507	198	83
3605438	214092.YPO0500	452	61
3605439	214092.YPO0501	1635	421
3605440	214092.YPO0502	2741	283
3605960	214092.YPO1052	192	125
3606097	214092.YPO1194	111	9
3608080	214092.YPO3320	944	113
3608380	214092.YPO3631	16.6	4
3605904	214092.YPO0994	62.3	24
3605446	214092.YPO0508	21.8	3
3605447	214092.YPO0509	108	50
3605310	214092.YPO0367	6.79	3
3606096	214092.YPO1193	34.5	14
3606996	214092.YPO2156	1681	245
3605832	214092.YPO0919	19.0	4
3605038	214092.YPO0079	8214	2732
3606184	214092.YPO1293	146	49
3606246	214092.YPO1358	2148	529
3608009	214092.YPO3243	2011	340
3605825	214092.YPO0912	82.7	7
3606242	214092.YPO1354	170	29
3605823	214092.YPO0910	173	79
3605830	214092.YPO0917	1520	270
3606241	214092.YPO1353	1865	357
3605828	214092.YPO0915	1072	167
3606239	214092.YPO1351	1412	351
3605150	214092.YPO0203	7446	4282
3607628	214092.YPO2824	971	217
3607631	214092.YPO2827	1079	119
3607633	214092.YPO2829	50.7	8
3607632	214092.YPO2828	2848	507
3606327	214092.YPO1441	258	21
3607925	214092.YPO3156	102	43
3607926	214092.YPO3157	1214	142
3607923	214092.YPO3154	95.6	9
3607924	214092.YPO3155	597	423
3606620	214092.YPO1756	143	27
3607922	214092.YPO3153	1276	601
3608282	214092.YPO3529	498	84
3608281	214092.YPO3528	726	130
3605534	214092.YPO0597	48.4	9
3605533	214092.YPO0596	22.3	5
3608278	214092.YPO3525	298	27
3608277	214092.YPO3524	177	66
3608276	214092.YPO3523	28.1	25
3608274	214092.YPO3521	2252	398
3608273	214092.YPO3520	172	33
3608491	214092.YPO3747	735	787
3607124	214092.YPO2292	868	270
3605149	214092.YPO0202	7011	3036
3608429	214092.YPO3681	10.7	7
3607115	214092.YPO2283	1.17	1
3607509	214092.YPO2696	194	54
3607811	214092.YPO3027	5411	428
3607809	214092.YPO3025	211	54
3607120	214092.YPO2288	139	63
3608493	214092.YPO3749	48.9	7
3608492	214092.YPO3748	8103	634
3606029	214092.YPO1121	2.0	1
3606033	214092.YPO1125	1381	215
3606032	214092.YPO1124	6866	2315
3606034	214092.YPO1126	180	23
3607694	214092.YPO2896	194	74
3607978	214092.YPO3212	597	161
3608455	214092.YPO3710	1688	314
3605305	214092.YPO0362	108	32
3607689	214092.YPO2891	24.7	3
3608476	214092.YPO3732	57.1	13
3607069	214092.YPO2232	245	54
3607891	214092.YPO3119	3220	2071
3608480	214092.YPO3736	25.8	7
3607072	214092.YPO2235	336	196
3608478	214092.YPO3734	8.84	3
3605047	214092.YPO0088	82.5	23
3606119	214092.YPO1222	2212	821
3607691	214092.YPO2893	97.0	23
3606979	214092.YPO2136	0.177	2
3605579	214092.YPO0646	14.6	4
3607292	214092.YPO2463	1313	301
3607294	214092.YPO2465	19.1	8
3607293	214092.YPO2464	62.6	23
3608168	214092.YPO3412	223	39
3606852	214092.YPO2002	102	37
3607174	214092.YPO2342	9805	977
3607176	214092.YPO2344	32.3	17
3608309	214092.YPO3558	44.4	22
3607029	214092.YPO2191	19.9	2
3607031	214092.YPO2193	158	17
3607030	214092.YPO2192	271	11
3607033	214092.YPO2195	154	22
3607032	214092.YPO2194	0.177	2
3608173	214092.YPO3417	2461	967
3608673	214092.YPO3938	701	510
3608674	214092.YPO3939	36.9	10
3608202	214092.YPO3447	559	81
3605090	214092.YPO0139	773	103
3608171	214092.YPO3415	1920	1616
3605264	214092.YPO0319	916	272
3605087	214092.YPO0136	188	40
3605081	214092.YPO0130	782	68
3608196	214092.YPO3441	27.2	16
3606889	214092.YPO2042	39.6	17
3607340	214092.YPO2511	1491	514
3606893	214092.YPO2046	1305	730
3607341	214092.YPO2512	2262	569
3606895	214092.YPO2048	83.1	22
3608175	214092.YPO3419	1905	1558
3606748	214092.YPO1893	32.1	8
3605424	214092.YPO0486	493	33
3605419	214092.YPO0481	1017	203
3605418	214092.YPO0480	143	39
3606430	214092.YPO1549	430	140
3605420	214092.YPO0482	397	340
3606428	214092.YPO1547	396	76
3606427	214092.YPO1546	139	30
3606426	214092.YPO1545	121	12
3606425	214092.YPO1544	144	40
3605427	214092.YPO0489	69.7	8
3605050	214092.YPO0093	192	10
3606422	214092.YPO1541	4435	1868
3606421	214092.YPO1540	15.5	3
3606042	214092.YPO1137	282	80
3607778	214092.YPO2990	287	28
3607781	214092.YPO2993	7687	479
3607780	214092.YPO2992	9919	2683
3607783	214092.YPO2995	4182	516
3607782	214092.YPO2994	5382	3412
3606796	214092.YPO1942	3709	614
3608777	214092.YPO4054	47.4	19
3608615	214092.YPO3875	0.177	2
3608577	214092.YPO3835	27.7	4
3606803	214092.YPO1949	22.3	5
3608589	214092.YPO3847	35.7	4
3605609	214092.YPO0678	547	167
3606040	214092.YPO1133	6209	1634
3605371	214092.YPO0430	47.7	17
3604969	214092.YPO0008	584	169
3606318	214092.YPO1431	105	36
3606317	214092.YPO1430	2551	350
3606321	214092.YPO1435	13011	3469
3606413	214092.YPO1532	20.1	10
3605378	214092.YPO0439	513	181
3604964	214092.YPO0003	17.0	6
3606418	214092.YPO1537	12.1	6
3606521	214092.YPO1645	135	39
3606200	214092.YPO1310	1805	477
3606517	214092.YPO1641	2598	1324
3606204	214092.YPO1314	82.7	22
3606519	214092.YPO1643	66.4	5
3607091	214092.YPO2259	2356	643
3606764	214092.YPO1908	378	80
3606523	214092.YPO1648	64.4	16
3605482	214092.YPO0546	26.2	4
3605483	214092.YPO0547	54.0	19
3605710	214092.YPO0790	723	146
3605715	214092.YPO0795	6.77	2
3606445	214092.YPO1567	65.6	20
3605716	214092.YPO0796	67.1	22
3607446	214092.YPO2625	8.58	5
3608314	214092.YPO3563	188	19
3608313	214092.YPO3562	324	42
3608312	214092.YPO3561	2960	585
3608311	214092.YPO3560	356	54
3608317	214092.YPO3566	2468	769
3607706	214092.YPO2908	18.9	5
3608800	214092.YPO4082	100	28
3607705	214092.YPO2907	3611	1230
3608320	214092.YPO3569	169	40
3607703	214092.YPO2905	6971	998
3605576	214092.YPO0643	179	65
3605260	214092.YPO0314	10.6	3
3607890	214092.YPO3118	1143	311
3605262	214092.YPO0316	11.9	3
3606277	214092.YPO1389	1566	675
3605256	214092.YPO0310	30.2	5
3605578	214092.YPO0645	85.1	3
3605577	214092.YPO0644	10.1	4
3606273	214092.YPO1385	40.4	18
3608201	214092.YPO3446	76.1	17
3606274	214092.YPO1386	28.3	5
3606269	214092.YPO1381	9.1	2
3606268	214092.YPO1380	15.9	5
3606271	214092.YPO1383	1801	1299
3608198	214092.YPO3443	205	209
3608582	214092.YPO3840	33.6	6
3608583	214092.YPO3841	8.92	6
3607605	214092.YPO2799	0.177	2
3608453	214092.YPO3708	314	39
3608410	214092.YPO3660	368	13
3608587	214092.YPO3845	550	36
3608412	214092.YPO3662	771	257
3608413	214092.YPO3663	22.9	5
3608591	214092.YPO3849	99.8	20
3608388	214092.YPO3639	913	282
3605857	214092.YPO0945	97.4	11
3606252	214092.YPO1364	13.6	5
3605853	214092.YPO0941	7.51	2
3605854	214092.YPO0942	245	83
3605919	214092.YPO1009	466	104
3605916	214092.YPO1006	4.91	2
3605772	214092.YPO0856	206	59
3605915	214092.YPO1005	6.07	4
3605773	214092.YPO0857	10.9	8
3608832	214092.YPO4117	8187	2729
3605776	214092.YPO0860	823	174
3607466	214092.YPO2649	44.4	25
3607465	214092.YPO2648	566	137
3605769	214092.YPO0853	359	98
3607462	214092.YPO2645	3974	980
3607464	214092.YPO2647	336	77
3607269	214092.YPO2440	11.8	2
3607579	214092.YPO2768	13.3	4
3607580	214092.YPO2769	304	83
3608382	214092.YPO3633	1250	412
3607973	214092.YPO3205	54.2	8
3607968	214092.YPO3200	350	155
3608844	214092.YPO4129	18.9	3
3608122	214092.YPO3365	31.3	13
3608842	214092.YPO4127	95.7	11
3608839	214092.YPO4124	326	64
3606256	214092.YPO1368	578	357
3608118	214092.YPO3361	81.1	20
3608117	214092.YPO3360	658	112
3608835	214092.YPO4120	1774	72
3608836	214092.YPO4121	289	137
3607801	214092.YPO3015	3603	818
3608797	214092.YPO4078	217	57
3607798	214092.YPO3012	51.7	17
3607797	214092.YPO3011	362	98
3606865	214092.YPO2014	15.2	4
3605967	214092.YPO1059	6.96	8
3606868	214092.YPO2017	11.6	4
3606861	214092.YPO2010	508	167
3607366	214092.YPO2540	5.97	3
3606864	214092.YPO2013	2218	571
3608143	214092.YPO3387	290	23
3607041	214092.YPO2205	146	59
3608140	214092.YPO3384	657	69
3608139	214092.YPO3383	115	42
3608138	214092.YPO3382	1743	535
3608136	214092.YPO3380	10.6	8
3606298	214092.YPO1410	4349	1171
3608145	214092.YPO3389	865	205
3607574	214092.YPO2763	1012	304
3607039	214092.YPO2203	51.7	4
3605962	214092.YPO1054	154	27
3605023	214092.YPO0064	392	135
3607530	214092.YPO2718	157	36
3607846	214092.YPO3062	942	226
3607845	214092.YPO3061	1161	607
3607004	214092.YPO2164	23.0	4
3607005	214092.YPO2165	9.45	5
3607848	214092.YPO3064	1303	197
3607008	214092.YPO2168	237	63
3607853	214092.YPO3069	92.0	28
3605385	214092.YPO0448	16.3	3
3605027	214092.YPO0068	7.89	3
3607167	214092.YPO2335	7.05	2
3607168	214092.YPO2336	541	157
3607171	214092.YPO2339	2952	1218
3605379	214092.YPO0440	50.7	11
3605021	214092.YPO0060	53.3	12
3605381	214092.YPO0442	174	43
3605143	214092.YPO0196	45.5	10
3605142	214092.YPO0195	10970	2690
3607960	214092.YPO3191	21.7	6
3606300	214092.YPO1412	1183	397
3607857	214092.YPO3073	801	314
3606528	214092.YPO1653	159	36
3608676	214092.YPO3941	62.6	23
3605118	214092.YPO0167	3003	250
3605115	214092.YPO0164	11.9	7
3605113	214092.YPO0162	80.6	18
3606193	214092.YPO1303	840	47
3608684	214092.YPO3949	1815	336
3605005	214092.YPO0044	59.7	12
3605008	214092.YPO0047	616	35
3605198	214092.YPO0253	1005	419
3605001	214092.YPO0040	278	50
3605004	214092.YPO0043	652	218
3605829	214092.YPO0916	26.8	6
3607252	214092.YPO2424	167	24
3607255	214092.YPO2427	95.2	13
3607248	214092.YPO2420	263	162
3607250	214092.YPO2422	112	30
3607217	214092.YPO2386	1368	221
3605827	214092.YPO0914	2145	607
3607257	214092.YPO2429	603	251
3607256	214092.YPO2428	494	343
3607213	214092.YPO2382	19.9	2
3606306	214092.YPO1418	6.75	4
3606484	214092.YPO1608	82.1	8
3607967	214092.YPO3199	425	112
3605291	214092.YPO0348	210	79
3606476	214092.YPO1600	545	21
3606477	214092.YPO1601	1104	131
3606113	214092.YPO1214	56.5	34
3606112	214092.YPO1213	116	38
3606481	214092.YPO1605	25.0	7
3606110	214092.YPO1211	600	116
3606483	214092.YPO1607	147	27
3607733	214092.YPO2942	0.177	2
3606475	214092.YPO1599	1023	226
3605020	214092.YPO0059	1653	496
3607736	214092.YPO2946	9.09	15
3606466	214092.YPO1590	45.5	20
3606469	214092.YPO1593	34.9	3
3606470	214092.YPO1594	58.0	5
3606398	214092.YPO1517	3910	1109
3606473	214092.YPO1597	153	35
3608157	214092.YPO3401	341	26
3608158	214092.YPO3402	789	261
3608840	214092.YPO4125	1943	368
3605241	214092.YPO0294	1593	221
3605242	214092.YPO0295	240	73
3605243	214092.YPO0296	756	129
3608163	214092.YPO3407	303	66
3605245	214092.YPO0298	4188	999
3608837	214092.YPO4122	436	168
3608838	214092.YPO4123	5637	2648
3606382	214092.YPO1501	65.1	10
3606388	214092.YPO1507	3069	1081
3605812	214092.YPO0898	1911	267
3606386	214092.YPO1505	25.6	4
3608789	214092.YPO4068	24.1	7
3606770	214092.YPO1914	34.8	8
3606772	214092.YPO1916	2750	981
3608785	214092.YPO4064	261	12
3606766	214092.YPO1910	303	543
3606767	214092.YPO1911	388	373
3608782	214092.YPO4061	3835	732
3608332	214092.YPO3581	206	57
3608331	214092.YPO3580	2880	274
3605470	214092.YPO0533	23.8	15
3608333	214092.YPO3582	15.6	6
3608334	214092.YPO3585	33.3	6
3605955	214092.YPO1047	2436	511
3605952	214092.YPO1044	945	204
3605953	214092.YPO1045	3477	1328
3605476	214092.YPO0539	24.9	12
3608337	214092.YPO3588	1705	505
3608371	214092.YPO3622	38.5	8
3608372	214092.YPO3623	78.0	11
3608373	214092.YPO3624	2624	348
3607998	214092.YPO3232	3165	746
3607996	214092.YPO3230	2241	732
3606175	214092.YPO1284	101	9
3605412	214092.YPO0475	363	259
3608251	214092.YPO3498	29.7	4
3606174	214092.YPO1283	58.3	26
3606213	214092.YPO1323	245	30
3606210	214092.YPO1320	79.8	35
3606217	214092.YPO1327	1838	183
3605818	214092.YPO0905	462	246
3605820	214092.YPO0907	721	173
3607374	214092.YPO2548	125	20
3607724	214092.YPO2930	3077	296
3607639	214092.YPO2837	63.1	36
3607635	214092.YPO2833	44.9	15
3607634	214092.YPO2830	59.6	14
3605171	214092.YPO0225	177	12
3605170	214092.YPO0224	49.5	9
3605172	214092.YPO0226	275	48
3605166	214092.YPO0221	244	21
3605165	214092.YPO0220	158	12
3605169	214092.YPO0223	49.8	8
3605167	214092.YPO0222	67.8	11
3608287	214092.YPO3534	594	42
3605522	214092.YPO0585	776	117
3608289	214092.YPO3536	2690	518
3608290	214092.YPO3537	46.3	3
3605517	214092.YPO0580	48.4	16
3605174	214092.YPO0228	58.9	10
3608285	214092.YPO3532	2470	301
3606621	214092.YPO1757	384	21
3608498	214092.YPO3754	4938	3380
3607125	214092.YPO2293	25.2	7
3607843	214092.YPO3059	403	127
3607842	214092.YPO3058	35.5	6
3608494	214092.YPO3750	418	109
3608496	214092.YPO3752	1642	246
3607837	214092.YPO3053	824	244
3607836	214092.YPO3052	47.2	6
3607130	214092.YPO2298	3260	1208
3607834	214092.YPO3050	2360	902
3605153	214092.YPO0206	26.3	4
3608581	214092.YPO3839	1921	343
3608580	214092.YPO3838	4671	532
3605942	214092.YPO1034	69.4	18
3605941	214092.YPO1033	862	300
3605747	214092.YPO0831	103	22
3606043	214092.YPO1138	13.8	4
3606044	214092.YPO1139	18.6	4
3608572	214092.YPO3830	5.78	2
3608575	214092.YPO3833	12.3	7
3608247	214092.YPO3494	54.4	17
3605754	214092.YPO0838	14.0	3
3608576	214092.YPO3834	859	180
3605947	214092.YPO1039	642	67
3608266	214092.YPO3513	40.7	8
3607438	214092.YPO2617	206	63
3607436	214092.YPO2615	5357	1377
3607433	214092.YPO2612	49.5	7
3607431	214092.YPO2610	352	258
3607432	214092.YPO2611	133	25
3607416	214092.YPO2595	282	35
3607415	214092.YPO2594	15.2	2
3605497	214092.YPO0561	218	59
3607440	214092.YPO2619	119	40
3608415	214092.YPO3665	183	55
3608097	214092.YPO3337	1060	295
3608829	214092.YPO4114	109	22
3607927	214092.YPO3158	4783	1991
3608826	214092.YPO4111	8571	2775
3607569	214092.YPO2758	39.1	6
3607568	214092.YPO2757	3987	668
3607040	214092.YPO2204	23.6	6
3607864	214092.YPO3080	200	37
3607037	214092.YPO2201	52.8	8
3608834	214092.YPO4119	1225	515
3608833	214092.YPO4118	1883	875
3607400	214092.YPO2577	62.4	21
3607909	214092.YPO3140	1045	50
3608442	214092.YPO3696	234	92
3607396	214092.YPO2571	0.177	2
3607308	214092.YPO2479	108	33
3608437	214092.YPO3691	37.6	7
3607401	214092.YPO2578	19.3	8
3605530	214092.YPO0593	18.8	10
3606622	214092.YPO1758	2933	772
3608642	214092.YPO3903	1986	278
3605834	214092.YPO0921	4128	1470
3605468	214092.YPO0531	46.1	18
3608272	214092.YPO3519	224	52
3607020	214092.YPO2182	1831	788
3608647	214092.YPO3908	1117	200
3607018	214092.YPO2180	800	496
3605080	214092.YPO0129	9.67	2
3605076	214092.YPO0123	3.63	3
3605078	214092.YPO0127	2115	197
3606897	214092.YPO2050	47.4	14
3607810	214092.YPO3026	158	12
3606900	214092.YPO2053	1601	841
3607335	214092.YPO2506	1327	159
3606902	214092.YPO2055	2142	207
3608724	214092.YPO3990	470	139
3607510	214092.YPO2697	851	44
3605467	214092.YPO0530	70.8	13
3608440	214092.YPO3694	39.6	3
3605430	214092.YPO0492	9.35	2
3606375	214092.YPO1494	10.7	2
3607772	214092.YPO2984	533	197
3606437	214092.YPO1558	156	53
3605432	214092.YPO0494	2564	1093
3605433	214092.YPO0495	485	237
3607451	214092.YPO2630	368	220
3606904	214092.YPO2057	140	11
3606380	214092.YPO1499	0.534	1
3606432	214092.YPO1551	31.3	8
3607777	214092.YPO2989	70.3	48
3606645	214092.YPO1783	1607	159
3608299	214092.YPO3548	222	82
3606804	214092.YPO1950	14.2	8
3608752	214092.YPO4022	76.7	13
3606806	214092.YPO1952	2472	1287
3604977	214092.YPO0015	3272	798
3604972	214092.YPO0011	0.177	2
3606646	214092.YPO1784	2804	196
3606309	214092.YPO1421	131	46
3605351	214092.YPO0409	2389	593
3605350	214092.YPO0408	501	148
3607204	214092.YPO2373	642	71
3607203	214092.YPO2372	41.4	8
3605108	214092.YPO0157	86.7	27
3608549	214092.YPO3808	2233	579
3605349	214092.YPO0407	339	38
3605348	214092.YPO0406	465	43
3605104	214092.YPO0153	78.3	13
3605103	214092.YPO0152	638	194
3605102	214092.YPO0151	199	46
3605069	214092.YPO0116	87.3	69
3606640	214092.YPO1778	34.7	5
3605319	214092.YPO0376	125	23
3605318	214092.YPO0375	265	93
3605317	214092.YPO0374	45.9	19
3605316	214092.YPO0373	35.2	4
3605315	214092.YPO0372	16.0	6
3605314	214092.YPO0371	53.7	20
3605226	214092.YPO0279	10.6	2
3607945	214092.YPO3176	90.9	21
3606635	214092.YPO1773	6.72	3
3607939	214092.YPO3170	633	139
3605428	214092.YPO0490	245	36
3607941	214092.YPO3172	136	17
3605321	214092.YPO0378	1425	505
3607669	214092.YPO2870	1254	627
3607670	214092.YPO2871	2088	593
3607675	214092.YPO2876	1010	238
3607676	214092.YPO2877	894	131
3607674	214092.YPO2875	219	68
3606372	214092.YPO1491	181	79
3607677	214092.YPO2878	606	299
3607678	214092.YPO2879	87.1	40
3608422	214092.YPO3672	252	90
3607044	214092.YPO2208	34.1	14
3605633	214092.YPO0706	6.5	5
3608323	214092.YPO3572	1976	335
3606374	214092.YPO1493	0.177	2
3608328	214092.YPO3577	34.3	7
3608329	214092.YPO3578	153	14
3607765	214092.YPO2977	738	149
3607764	214092.YPO2976	233	81
3607763	214092.YPO2975	667	211
3605583	214092.YPO0650	82.1	27
3605584	214092.YPO0651	10.9	2
3605585	214092.YPO0652	0.099	1
3607003	214092.YPO2163	517	110
3605587	214092.YPO0654	93.4	42
3605588	214092.YPO0655	4.76	1
3605589	214092.YPO0656	34.2	4
3606149	214092.YPO1254	537	236
3605591	214092.YPO0658	1287	179
3606281	214092.YPO1393	109	10
3606278	214092.YPO1390	714	225
3606279	214092.YPO1391	458	80
3607866	214092.YPO3082	1416	354
3606283	214092.YPO1395	4.69	2
3608463	214092.YPO3718	1667	783
3608464	214092.YPO3719	75.5	32
3605437	214092.YPO0499	1048	98
3607006	214092.YPO2166	42.7	4
3608068	214092.YPO3308	218	43
3608409	214092.YPO3659	261	14
3608456	214092.YPO3711	834	244
3608065	214092.YPO3305	1586	1265
3607594	214092.YPO2783	0.177	2
3608459	214092.YPO3714	6674	2105
3608061	214092.YPO3301	602	209
3608060	214092.YPO3300	579	96
3606262	214092.YPO1374	2234	459
3606264	214092.YPO1376	6.44	4
3606265	214092.YPO1377	1643	294
3608451	214092.YPO3706	18.6	6
3605980	214092.YPO1071	788	150
3608428	214092.YPO3678	31.7	22
3605789	214092.YPO0874	7.94	3
3606267	214092.YPO1379	1724	817
3605984	214092.YPO1075	60.3	54
3608523	214092.YPO3782	88.1	50
3607523	214092.YPO2711	24.1	3
3607522	214092.YPO2710	16.8	9
3607608	214092.YPO2803	1625	1247
3607528	214092.YPO2716	42.8	22
3608526	214092.YPO3785	21.2	5
3607531	214092.YPO2719	11.7	4
3607468	214092.YPO2651	97.6	5
3607472	214092.YPO2656	0.177	2
3605018	214092.YPO0057	6.52	3
3608134	214092.YPO3378	37.3	6
3608034	214092.YPO3270	19.7	3
3605487	214092.YPO0551	66.0	17
3605507	214092.YPO0570	1985	55
3608039	214092.YPO3275	762	619
3608128	214092.YPO3372	238	73
3608129	214092.YPO3373	23.4	4
3608043	214092.YPO3279	183	21
3608042	214092.YPO3278	662	145
3608132	214092.YPO3376	11038	3447
3608133	214092.YPO3377	481	250
3608131	214092.YPO3375	4481	569
3606878	214092.YPO2029	87.4	20
3606877	214092.YPO2028	54.2	36
3607793	214092.YPO3007	79.4	35
3605455	214092.YPO0516	115	11
3606872	214092.YPO2021	1387	411
3606617	214092.YPO1753	257	180
3605486	214092.YPO0550	254	109
3605454	214092.YPO0515	9.39	8
3606015	214092.YPO1107	682	100
3606014	214092.YPO1106	11.9	3
3606013	214092.YPO1105	29.7	19
3608153	214092.YPO3397	41.4	6
3608149	214092.YPO3393	18.7	12
3608078	214092.YPO3318	65.6	14
3606594	214092.YPO1727	0.177	2
3606016	214092.YPO1108	479	150
3607430	214092.YPO2609	193	30
3606392	214092.YPO1511	179	76
3608490	214092.YPO3746	90.4	119
3606765	214092.YPO1909	955	217
3605140	214092.YPO0193	1218	81
3607087	214092.YPO2255	309	90
3606998	214092.YPO2158	20.3	3
3607449	214092.YPO2628	29.0	10
3607448	214092.YPO2627	141	23
3607447	214092.YPO2626	39.2	14
3606997	214092.YPO2157	14524	4802
3608241	214092.YPO3488	43.3	27
3607444	214092.YPO2623	146	72
3606994	214092.YPO2153	844	479
3604978	214092.YPO0017	41.0	25
3607276	214092.YPO2447	0.177	2
3607275	214092.YPO2446	17.4	5
3607273	214092.YPO2444	603	159
3607161	214092.YPO2329	1204	409
3606334	214092.YPO1451	2.48	2
3606086	214092.YPO1183	1515	281
3605131	214092.YPO0182	1344	327
3607157	214092.YPO2325	244	89
3605134	214092.YPO0185	458	95
3608071	214092.YPO3311	18.6	7
3607384	214092.YPO2558	33.6	9
3607445	214092.YPO2624	123	23
3608606	214092.YPO3864	205	67
3606510	214092.YPO1634	190	49
3608637	214092.YPO3897	687	298
3608636	214092.YPO3896	14.5	9
3605019	214092.YPO0058	1103	376
3607423	214092.YPO2602	233	33
3605070	214092.YPO0117	29.6	10
3606717	214092.YPO1858	224	75
3608165	214092.YPO3409	246	64
3606714	214092.YPO1855	1834	857
3604984	214092.YPO0023	8.84	2
3606716	214092.YPO1857	1812	243
3606710	214092.YPO1851	389	380
3608688	214092.YPO3953	22.1	7
3608638	214092.YPO3899	1226	270
3607261	214092.YPO2432	61.7	6
3607262	214092.YPO2433	75.0	51
3607259	214092.YPO2430	128	13
3608792	214092.YPO4072	318	92
3607268	214092.YPO2439	4324	811
3605562	214092.YPO0628	2180	72
3606107	214092.YPO1208	761	78
3605193	214092.YPO0246	77.2	16
3606104	214092.YPO1205	376	173
3605557	214092.YPO0623	2983	520
3606106	214092.YPO1207	1905	508
3605559	214092.YPO0625	166	22
3605561	214092.YPO0627	1599	140
3606917	214092.YPO2070	352	16
3608048	214092.YPO3286	79.9	19
3607330	214092.YPO2501	1265	350
3605930	214092.YPO1021	4.64	3
3605188	214092.YPO0242	1965	221
3608107	214092.YPO3350	56.4	12
3606553	214092.YPO1683	3300	714
3605187	214092.YPO0241	233	62
3608845	214092.YPO4130	69.0	27
3605186	214092.YPO0240	11.6	3
3608187	214092.YPO3431	7.99	2
3605884	214092.YPO0971	0.301	1
3605394	214092.YPO0457	24.3	3
3606393	214092.YPO1512	280	16
3605392	214092.YPO0455	246	53
3605389	214092.YPO0452	80.9	54
3605681	214092.YPO0758	19.0	3
3606397	214092.YPO1516	452	174
3605388	214092.YPO0451	6.34	3
3604988	214092.YPO0027	2557	453
3604987	214092.YPO0026	2532	868
3608795	214092.YPO4076	162	18
3604985	214092.YPO0024	1294	469
3608790	214092.YPO4070	35.0	7
3608791	214092.YPO4071	1569	838
3605395	214092.YPO0458	270	67
3605396	214092.YPO0459	27.7	23
3605847	214092.YPO0935	601	208
3605846	214092.YPO0934	46.3	10
3606571	214092.YPO1703	22.0	3
3606573	214092.YPO1705	70.1	42
3607949	214092.YPO3180	24.6	5
3607952	214092.YPO3183	49.4	16
3607951	214092.YPO3182	2759	255
3607990	214092.YPO3224	658	225
3607991	214092.YPO3225	1852	190
3607993	214092.YPO3227	269	76
3605461	214092.YPO0522	808	214
3607987	214092.YPO3221	796	366
3608339	214092.YPO3590	1269	99
3605850	214092.YPO0938	1645	285
3608236	214092.YPO3483	34.7	15
3608115	214092.YPO3358	15.9	2
3606156	214092.YPO1262	43.6	10
3607988	214092.YPO3222	152	52
3605107	214092.YPO0156	72.5	9
3606221	214092.YPO1331	600	125
3606673	214092.YPO1813	178	64
3607715	214092.YPO2921	321	324
3608472	214092.YPO3728	623	274
3608735	214092.YPO4003	1182	488
3608237	214092.YPO3484	34.1	7
3608262	214092.YPO3509	340	88
3605006	214092.YPO0045	220	39
3607901	214092.YPO3132	1771	409
3606512	214092.YPO1636	512	194
3606507	214092.YPO1631	91.0	33
3606506	214092.YPO1630	18.6	4
3605898	214092.YPO0986	1401	432
3606508	214092.YPO1632	244	29
3608254	214092.YPO3501	45.8	13
3608253	214092.YPO3500	1041	415
3605185	214092.YPO0239	24.4	6
3608258	214092.YPO3505	2033	389
3607832	214092.YPO3048	95.6	25
3608504	214092.YPO3760	6.01	2
3608508	214092.YPO3765	1951	418
3607100	214092.YPO2269	9.8	2
3608509	214092.YPO3766	169	106
3608512	214092.YPO3769	21.9	8
3608511	214092.YPO3768	267	65
3607096	214092.YPO2264	854	280
3607095	214092.YPO2263	1100	241
3607831	214092.YPO3047	373	107
3605720	214092.YPO0800	3064	702
3606053	214092.YPO1149	2208	305
3608052	214092.YPO3292	142	17
3608055	214092.YPO3295	28.5	2
3605119	214092.YPO0168	68.3	23
3605931	214092.YPO1022	62.4	15
3608056	214092.YPO3296	8.72	3
3606046	214092.YPO1142	12.2	4
3606443	214092.YPO1565	29.7	4
3605936	214092.YPO1028	24.9	7
3606158	214092.YPO1264	167	5
3606049	214092.YPO1145	3149	588
3607474	214092.YPO2660	2397	673
3607481	214092.YPO2667	2519	769
3607480	214092.YPO2666	631	38
3607479	214092.YPO2665	136	11
3607402	214092.YPO2581	154	48
3608100	214092.YPO3343	123	23
3608365	214092.YPO3616	47.7	6
3608359	214092.YPO3610	58.4	6
3608817	214092.YPO4102	51.8	15
3608818	214092.YPO4103	136	58
3607555	214092.YPO2744	1269	370
3607556	214092.YPO2745	29.7	3
3607557	214092.YPO2746	37.6	12
3608105	214092.YPO3348	79.2	23
3606634	214092.YPO1772	19.7	4
3607050	214092.YPO2214	30.3	7
3607860	214092.YPO3076	1640	156
3607392	214092.YPO2566	357	97
3607393	214092.YPO2567	284	153
3608316	214092.YPO3565	344	48
3607388	214092.YPO2562	249	34
3607389	214092.YPO2563	214	42
3607233	214092.YPO2403	553	224
3607232	214092.YPO2402	590	187
3607231	214092.YPO2401	29.3	9
3607230	214092.YPO2400	607	162
3607236	214092.YPO2406	84.7	4
3606637	214092.YPO1775	161	67
3608649	214092.YPO3910	430	130
3608650	214092.YPO3911	52.8	16
3608655	214092.YPO3916	8.77	3
3608656	214092.YPO3917	160	57
3608653	214092.YPO3914	308	67
3608654	214092.YPO3915	206	62
3606624	214092.YPO1760	112	26
3607942	214092.YPO3173	45.9	22
3605089	214092.YPO0138	2222	1010
3606751	214092.YPO1896	13.9	8
3607218	214092.YPO2387	119	38
3605179	214092.YPO0233	136	27
3607212	214092.YPO2381	1603	144
3606950	214092.YPO2104	0.177	2
3607878	214092.YPO3097	8.67	4
3606912	214092.YPO2065	19.1	5
3606911	214092.YPO2064	295	125
3606914	214092.YPO2067	1241	222
3606913	214092.YPO2066	836	514
3606908	214092.YPO2061	5098	1218
3608529	214092.YPO3788	758	435
3608571	214092.YPO3829	587	134
3605406	214092.YPO0469	24.3	8
3607142	214092.YPO2310	276	105
3606440	214092.YPO1561	0.177	2
3606439	214092.YPO1560	27.5	3
3605401	214092.YPO0464	214	37
3605400	214092.YPO0463	6097	2220
3605399	214092.YPO0462	50.8	14
3605398	214092.YPO0461	438	120
3605397	214092.YPO0460	55.8	11
3607300	214092.YPO2471	149	53
3606929	214092.YPO2082	291	61
3608672	214092.YPO3937	13.0	8
3607899	214092.YPO3130	184	10
3605022	214092.YPO0063	0.791	1
3605178	214092.YPO0232	72.8	7
3605705	214092.YPO0785	15.7	8
3605843	214092.YPO0931	1971	735
3608697	214092.YPO3962	828	157
3608764	214092.YPO4037	159	38
3608766	214092.YPO4039	283	97
3605323	214092.YPO0380	72.8	71
3605324	214092.YPO0381	39.6	6
3605329	214092.YPO0387	3.18	2
3606816	214092.YPO1962	121	49
3607192	214092.YPO2360	62.6	13
3607876	214092.YPO3095	8.59	4
3606307	214092.YPO1419	114	61
3607198	214092.YPO2367	464	153
3606115	214092.YPO1216	231	163
3605095	214092.YPO0144	33.3	7
3606302	214092.YPO1414	1340	881
3607200	214092.YPO2369	986	267
3606299	214092.YPO1411	734	203
3605092	214092.YPO0141	33.5	7
3606301	214092.YPO1413	31.1	11
3605356	214092.YPO0415	9.87	4
3608321	214092.YPO3570	21.2	2
3605154	214092.YPO0209	52.1	6
3605551	214092.YPO0617	11.1	5
3605303	214092.YPO0360	85.8	42
3605804	214092.YPO0891	2108	359
3606844	214092.YPO1994	43.5	7
3606541	214092.YPO1669	21.4	5
3607910	214092.YPO3141	107	22
3605285	214092.YPO0342	1.54	2
3605148	214092.YPO0201	64.5	8
3605899	214092.YPO0987	920	223
3605309	214092.YPO0366	539	107
3608249	214092.YPO3496	683	536
3608248	214092.YPO3495	105	19
3606838	214092.YPO1988	0.177	2
3605627	214092.YPO0698	34.5	20
3605546	214092.YPO0612	10.5	4
3607687	214092.YPO2889	889	256
3607686	214092.YPO2888	30.7	5
3607685	214092.YPO2886	3.89	4
3605284	214092.YPO0341	23.8	4
3607682	214092.YPO2883	5434	422
3607681	214092.YPO2882	17.3	5
3608127	214092.YPO3371	99.8	52
3607679	214092.YPO2880	5.96	3
3606474	214092.YPO1598	1665	231
3606866	214092.YPO2015	14.5	3
3608255	214092.YPO3502	25.8	16
3608216	214092.YPO3463	27.5	3
3608213	214092.YPO3460	17.3	4
3606023	214092.YPO1115	1820	702
3607751	214092.YPO2962	195	13
3606762	214092.YPO1906	5083	2540
3605628	214092.YPO0699	93.1	24
3608803	214092.YPO4085	102	16
3608802	214092.YPO4084	505	111
3605631	214092.YPO0702	57.9	18
3605601	214092.YPO0668	22.8	23
3605629	214092.YPO0700	66.3	11
3606141	214092.YPO1247	33.6	8
3605597	214092.YPO0664	766	124
3605600	214092.YPO0667	333	37
3608805	214092.YPO4089	40.9	6
3605593	214092.YPO0660	256	54
3605596	214092.YPO0663	1712	524
3607561	214092.YPO2750	226	39
3605456	214092.YPO0517	66.7	35
3605180	214092.YPO0234	2423	911
3608610	214092.YPO3868	2085	270
3608167	214092.YPO3411	1877	361
3605452	214092.YPO0513	55.4	18
3608079	214092.YPO3319	1750	1142
3608569	214092.YPO3827	380	124
3608395	214092.YPO3646	711	48
3608605	214092.YPO3863	1415	455
3608393	214092.YPO3644	1204	462
3608603	214092.YPO3861	647	186
3605765	214092.YPO0849	61.5	13
3608609	214092.YPO3867	247	100
3608389	214092.YPO3640	3999	1297
3608607	214092.YPO3865	52.0	10
3605977	214092.YPO1068	1412	822
3608386	214092.YPO3637	70.1	30
3606231	214092.YPO1343	1789	667
3605613	214092.YPO0682	222	21
3605612	214092.YPO0681	176	49
3605969	214092.YPO1061	32.1	4
3605308	214092.YPO0365	122	34
3605972	214092.YPO1064	37.8	3
3605181	214092.YPO0235	135	19
3606592	214092.YPO1724	10.5	3
3607515	214092.YPO2703	298	38
3607516	214092.YPO2704	16.0	4
3607517	214092.YPO2705	2998	463
3608537	214092.YPO3796	1063	461
3605250	214092.YPO0303	21.3	6
3607520	214092.YPO2708	40.7	13
3606429	214092.YPO1548	650	159
3606805	214092.YPO1951	2347	1704
3608025	214092.YPO3261	19.4	5
3605496	214092.YPO0560	1051	483
3606611	214092.YPO1746	8859	1058
3605500	214092.YPO0564	371	277
3605501	214092.YPO0565	99.1	18
3608032	214092.YPO3268	7.29	2
3608033	214092.YPO3269	50.5	12
3605581	214092.YPO0648	34.2	3
3606297	214092.YPO1409	13.7	3
3607815	214092.YPO3031	121	19
3607817	214092.YPO3033	52.1	6
3607818	214092.YPO3034	229	125
3607499	214092.YPO2686	1050	570
3606424	214092.YPO1543	51.5	11
3607349	214092.YPO2522	17.2	4
3606189	214092.YPO1299	27.8	7
3607352	214092.YPO2525	261	34
3606423	214092.YPO1542	29.8	2
3606022	214092.YPO1114	2759	825
3608292	214092.YPO3539	3561	286
3606024	214092.YPO1116	2307	583
3608159	214092.YPO3403	687	83
3606019	214092.YPO1111	322	171
3608560	214092.YPO3818	158	19
3607441	214092.YPO2620	16.2	6
3608555	214092.YPO3814	22.6	10
3608226	214092.YPO3473	151	69
3606572	214092.YPO1704	228	57
3608225	214092.YPO3472	73.1	28
3606188	214092.YPO1298	680	144
3605405	214092.YPO0468	8014	3539
3608095	214092.YPO3335	409	199
3607058	214092.YPO2221	121	61
3606990	214092.YPO2149	88.1	16
3607064	214092.YPO2227	478	109
3607062	214092.YPO2225	21.8	5
3605246	214092.YPO0299	5691	1199
3607453	214092.YPO2634	244	27
3607454	214092.YPO2635	278	28
3607870	214092.YPO3086	128	47
3608473	214092.YPO3729	1602	354
3606988	214092.YPO2147	27.6	11
3606147	214092.YPO1252	414	108
3608054	214092.YPO3294	79.0	13
3608514	214092.YPO3771	347	89
3606060	214092.YPO1156	10.8	7
3607661	214092.YPO2862	0.177	2
3607184	214092.YPO2352	27.1	5
3606511	214092.YPO1635	90.6	20
3607187	214092.YPO2355	7.63	4
3605851	214092.YPO0939	202	33
3606409	214092.YPO1528	12.9	2
3608628	214092.YPO3888	1285	648
3607895	214092.YPO3123	1149	144
3605034	214092.YPO0075	130	14
3606376	214092.YPO1495	32.2	5
3608469	214092.YPO3725	2353	786
3608666	214092.YPO3929	565	464
3608665	214092.YPO3928	96.9	29
3605060	214092.YPO0105	3012	1341
3605061	214092.YPO0106	1033	169
3607059	214092.YPO2222	12.8	3
3608405	214092.YPO3656	102	14
3608664	214092.YPO3927	50.7	10
3608662	214092.YPO3924	240	73
3608067	214092.YPO3307	233	69
3608470	214092.YPO3726	2023	1033
3605606	214092.YPO0673	202	74
3608408	214092.YPO3658	240	86
3607214	214092.YPO2383	37.7	4
3606705	214092.YPO1846	4604	1199
3608457	214092.YPO3712	31.1	15
3605274	214092.YPO0329	12.9	5
3605042	214092.YPO0083	8.85	2
3605044	214092.YPO0085	5595	1069
3605265	214092.YPO0320	18.8	11
3605266	214092.YPO0321	8.49	2
3605267	214092.YPO0322	315	93
3608467	214092.YPO3722	30.4	34
3605270	214092.YPO0325	4652	522
3604975	214092.YPO0013a	270	21
3608788	214092.YPO4067	629	162
3605603	214092.YPO0670	160	39
3608612	214092.YPO3872	3.4	2
3607708	214092.YPO2912	551	258
3606790	214092.YPO1936	9.22	3
3606280	214092.YPO1392	4798	2381
3608184	214092.YPO3428	24.9	8
3608604	214092.YPO3862	192	58
3606160	214092.YPO1266	17.5	4
3608180	214092.YPO3424	78.7	21
3606793	214092.YPO1939	639	155
3606331	214092.YPO1445	247	71
3605368	214092.YPO0427	51.1	11
3605000	214092.YPO0039	33.2	3
3605365	214092.YPO0424	289	70
3606406	214092.YPO1525	558	118
3605158	214092.YPO0213	95.0	22
3606967	214092.YPO2124	2119	468
3606407	214092.YPO1526	20.3	6
3606404	214092.YPO1523	360	72
3606403	214092.YPO1522	1770	1045
3605802	214092.YPO0889	672	168
3606194	214092.YPO1304	25.0	6
3605495	214092.YPO0559	226	57
3606196	214092.YPO1306	69.4	19
3605839	214092.YPO0926	2918	1459
3605840	214092.YPO0927	190	37
3607963	214092.YPO3194	9226	1420
3606587	214092.YPO1719	554	285
3607977	214092.YPO3211	64.9	8
3607979	214092.YPO3213	271	26
3605842	214092.YPO0929	289	108
3605493	214092.YPO0557	1160	356
3605492	214092.YPO0556	25.2	6
3605801	214092.YPO0888	1374	686
3608174	214092.YPO3418	1679	636
3605469	214092.YPO0532	549	142
3605954	214092.YPO1046	884	181
3605085	214092.YPO0134	354	264
3607959	214092.YPO3190	33.2	2
3608269	214092.YPO3516	5181	1043
3608819	214092.YPO4104	1761	482
3608283	214092.YPO3530	872	450
3608445	214092.YPO3699	2172	451
3607709	214092.YPO2914	47.0	14
3605372	214092.YPO0431	3596	373
3608441	214092.YPO3695	63.0	9
3606266	214092.YPO1378	36.8	20
3606598	214092.YPO1733	1967	99
3607654	214092.YPO2854	135	8
3607655	214092.YPO2855	4.72	3
3605489	214092.YPO0553	8.15	2
3607657	214092.YPO2857	218	16
3604994	214092.YPO0033	14.3	3
3607056	214092.YPO2219	32.1	8
3606503	214092.YPO1627	25.0	6
3606501	214092.YPO1625	7.1	8
3606642	214092.YPO1780	1014	531
3606530	214092.YPO1655	1299	465
3608207	214092.YPO3454	30.7	16
3608725	214092.YPO3991	1893	319
3605956	214092.YPO1048	44.9	17
3608243	214092.YPO3490	2289	1137
3606648	214092.YPO1786	255	16
3605939	214092.YPO1031	5.42	2
3608593	214092.YPO3851	96.0	36
3607339	214092.YPO2510	1142	226
3608423	214092.YPO3673	3.92	3
3605377	214092.YPO0436	786	178
3607611	214092.YPO2806	349	113
3608601	214092.YPO3859	1019	182
3608030	214092.YPO3266	68.4	10
3607610	214092.YPO2805	1460	430
3608728	214092.YPO3994	248	145
3608374	214092.YPO3625	1412	361
3605920	214092.YPO1011	112	85
3605867	214092.YPO0956	554	247
3605866	214092.YPO0955	106	42
3607473	214092.YPO2659	105	13
3607591	214092.YPO2780	4.84	1
3605738	214092.YPO0819	1147	246
3605928	214092.YPO1019	2061	1815
3605033	214092.YPO0074	86.1	16
3608047	214092.YPO3285	107	42
3608250	214092.YPO3497	490	218
3606411	214092.YPO1530	135	30
3605870	214092.YPO0959	643	122
3608527	214092.YPO3786	991	139
3607484	214092.YPO2670	473	95
3607902	214092.YPO3133	24.0	12
3607558	214092.YPO2747	4.89	3
3607487	214092.YPO2674	291	16
3606021	214092.YPO1113	491	306
3606584	214092.YPO1716	142	27
3607053	214092.YPO2217	21.8	3
3607590	214092.YPO2779	11.0	2
3607589	214092.YPO2778	9.67	2
3607710	214092.YPO2915	172	57
3608111	214092.YPO3354	11.5	7
3608112	214092.YPO3355	4.35	2
3608113	214092.YPO3356	56.2	13
3608265	214092.YPO3512	89.9	7
3605951	214092.YPO1043	496	118
3608116	214092.YPO3359	9.03	2
3607583	214092.YPO2772	411	149
3608392	214092.YPO3643	1204	462
3607585	214092.YPO2774	1551	425
3607377	214092.YPO2551	32.2	15
3607376	214092.YPO2550	88.6	49
3607379	214092.YPO2553	164	103
3607378	214092.YPO2552	146	15
3607380	214092.YPO2554	22.4	7
3606203	214092.YPO1313	275	124
3607385	214092.YPO2559	18.8	3
3607241	214092.YPO2411	176	38
3606855	214092.YPO2005	50.3	6
3608798	214092.YPO4080	1131	542
3607242	214092.YPO2414	75.5	15
3607239	214092.YPO2409	289	197
3606826	214092.YPO1974	6.97	2
3605948	214092.YPO1040	26.9	5
3606207	214092.YPO1317	2343	466
3606293	214092.YPO1405	3.22	4
3606582	214092.YPO1714	782	241
3608367	214092.YPO3618	23.0	7
3605106	214092.YPO0155	1682	255
3606180	214092.YPO1289	43.8	9
3607858	214092.YPO3074	2977	383
3607861	214092.YPO3077	225	48
3607010	214092.YPO2170	0.177	2
3605949	214092.YPO1041	5214	1237
3607854	214092.YPO3070	144	17
3607014	214092.YPO2175	1813	174
3607013	214092.YPO2174	254	100
3606919	214092.YPO2072	118	12
3605917	214092.YPO1007	5.29	5
3606918	214092.YPO2071	8.12	5
3606923	214092.YPO2076	96.0	11
3606924	214092.YPO2077	1165	268
3605177	214092.YPO0231	208	30
3606922	214092.YPO2075	264	98
3607137	214092.YPO2305	8243	1709
3607933	214092.YPO3164	12.3	2
3607133	214092.YPO2301	550	107
3606583	214092.YPO1715	110	26
3608006	214092.YPO3240	62.5	21
3605415	214092.YPO0477	25.0	7
3608810	214092.YPO4094	21.6	18
3605057	214092.YPO0102	2180	145
3606354	214092.YPO1471	0.295	1
3607395	214092.YPO2569	36.5	3
3607562	214092.YPO2751	170	47
3607930	214092.YPO3161	152	13
3606291	214092.YPO1403	120	57
3607234	214092.YPO2404	33.2	4
3608621	214092.YPO3881	31.7	7
3608709	214092.YPO3975	1035	728
3608510	214092.YPO3767	421	134
3608711	214092.YPO3977	2253	418
3608705	214092.YPO3970	2891	182
3608706	214092.YPO3971	1104	411
3605025	214092.YPO0066	76.6	3
3607224	214092.YPO2393	1203	477
3605037	214092.YPO0078	1340	386
3607482	214092.YPO2668	18.2	4
3605516	214092.YPO0579	435	237
3607155	214092.YPO2323	278	36
3605127	214092.YPO0178	98.8	13
3608533	214092.YPO3792	147	35
3606995	214092.YPO2155	1048	147
3606497	214092.YPO1621	0.177	2
3606288	214092.YPO1400	896	214
3607225	214092.YPO2394	36659	3034
3605124	214092.YPO0175	125	43
3606295	214092.YPO1407	58.9	27
3607222	214092.YPO2391	184	31
3605961	214092.YPO1053	533	61
