#name: A.thaliana - Leaf, SC (Piques,Mol_Syst_Biol,2009)
#score: 7.26
#weight: 100%
#description: abundance based on Spectral counting, from<a href="http://www.ncbi.nlm.nih.gov/pmc/articles/PMC2779082/" target="_blank">Piques,Mol_Syst_Biol, 2009</a><br/><b>Interaction consistency score</b>: 7.26&nbsp<b>Coverage</b>: 5
#organ: LEAF
#integrated: false
#coverage: 5
#publication_year: 2009
#filename: arabidopsis2_estimationLeaf_PRIDE.txt
#
#internal_id	string_external_id	abundance	raw_spectral_count
120489	3702.AT1G62780.1	233	4
127707	3702.AT3G11130.1	49.0	16
131762	3702.AT3G60820.1	261	5
132237	3702.AT4G01480.1	111	3
127782	3702.AT3G11830.1	26.9	1
126328	3702.AT2G45290.1	176	46
121500	3702.AT1G72370.1	82.2	8
138077	3702.AT5G19550.1	20.2	2
134469	3702.AT4G24190.1	123	14
123646	3702.AT2G20270.2	38.6	1
117274	3702.AT1G19550.1	837	41
130028	3702.AT3G44300.1	103	7
141175	3702.AT5G55190.1	103	6
139789	3702.AT5G42650.1	18.2	1
119860	3702.AT1G55060.1	28.7	16
127748	3702.AT3G11510.1	409	19
130863	3702.AT3G52150.1	1108	10
122047	3702.AT1G77710.1	215	1
118519	3702.AT1G32440.1	40.8	2
141836	3702.AT5G61410.1	1721	55
121260	3702.AT1G69960.1	46.3	1
121764	3702.AT1G74920.1	444	9
138320	3702.AT5G22580.1	2880	23
130787	3702.AT3G51460.1	8.48	1
120018	3702.AT1G56500.1	77.8	5
122274	3702.AT1G79920.1	200	30
139007	3702.AT5G34887.1	60.9	7
116218	3702.AT1G09590.1	415	12
116923	3702.AT1G16080.1	284	13
122275	3702.AT1G79930.1	181	30
138339	3702.AT5G22770.1	6.39	1
127069	3702.AT3G04920.1	1342	8
127674	3702.AT3G10850.1	202	4
120830	3702.AT1G65960.2	428	41
119494	3702.AT1G51640.1	3.18	4
136044	3702.AT4G38740.1	775	13
117914	3702.AT1G26480.1	147	66
121477	3702.AT1G72150.1	90.1	4
140805	3702.AT5G51820.1	224	14
117480	3702.AT1G21600.1	29.0	1
120702	3702.AT1G64740.1	14.5	4
132522	3702.AT4G04460.1	16.2	1
129736	3702.AT3G29320.1	650	47
135319	3702.AT4G31990.3	815	30
126173	3702.AT2G43820.1	48.3	3
127018	3702.AT3G04480.1	22.2	1
135834	3702.AT4G36760.1	11.4	1
120055	3702.AT1G57660.1	500	12
120704	3702.AT1G64760.1	59.9	1
142353	3702.AT5G66190.1	3680	117
141729	3702.AT5G60390.1	650	51
137322	3702.AT5G12040.1	98.2	3
129297	3702.AT3G25530.1	53.4	1
138189	3702.AT5G20620.1	20.2	16
138716	3702.AT5G26360.1	14.2	1
128971	3702.AT3G22460.1	540	32
127520	3702.AT3G09440.1	1071	136
142039	3702.AT5G63310.1	1949	32
122135	3702.AT1G78570.1	23.1	4
128140	3702.AT3G14930.1	410	12
131655	3702.AT3G59760.1	199	20
117582	3702.AT1G22530.1	111	7
136350	3702.AT5G02500.1	1703	186
117378	3702.AT1G20620.1	745	39
125333	3702.AT2G36060.2	597	17
119970	3702.AT1G56050.1	26.3	1
116040	3702.AT1G07930.1	650	51
119051	3702.AT1G47250.1	76.7	2
135988	3702.AT4G38190.1	2.06	1
129342	3702.AT3G25860.1	231	7
119364	3702.AT1G50380.1	376	15
131811	3702.AT3G61220.2	36.5	1
123564	3702.AT2G19440.1	48.9	1
123995	3702.AT2G23420.1	19.2	1
128267	3702.AT3G16050.1	69.2	3
119348	3702.AT1G50200.1	20.5	2
121883	3702.AT1G76160.1	155	14
116360	3702.AT1G10840.1	95.0	3
136479	3702.AT5G03690.1	44.9	1
118874	3702.AT1G41830.1	39.2	6
124613	3702.AT2G29450.1	462	11
116190	3702.AT1G09340.1	1027	48
137055	3702.AT5G09510.1	134	5
128317	3702.AT3G16520.3	277	6
120228	3702.AT1G60270.1	1.51	2
137283	3702.AT5G11650.1	19.1	2
131034	3702.AT3G53730.1	106	5
127424	3702.AT3G08530.1	49.0	16
120135	3702.AT1G58684.1	12.5	1
122829	3702.AT2G05990.1	1243	58
134826	3702.AT4G27520.1	89.0	3
131003	3702.AT3G53430.1	456	21
131794	3702.AT3G61111.1	209	6
132616	3702.AT4G05320.2	16.8	16
132781	3702.AT4G09010.1	247	8
116041	3702.AT1G07940.1	650	51
121110	3702.AT1G68560.1	58.8	10
138753	3702.AT5G26830.1	41.1	2
135231	3702.AT4G31180.1	60.1	3
120118	3702.AT1G58340.1	34.1	1
132437	3702.AT4G03200.1	137	9
119183	3702.AT1G48520.1	44.1	2
122161	3702.AT1G78820.1	85.3	4
126757	3702.AT3G02080.1	152	2
137285	3702.AT5G11670.1	186	12
120644	3702.AT1G64200.1	45.9	3
127649	3702.AT3G10610.1	107	4
126521	3702.AT2G47110.1	204	27
137833	3702.AT5G17310.2	176	22
117169	3702.AT1G18540.1	414	10
127812	3702.AT3G12110.1	47.3	9
118077	3702.AT1G27970.2	104	2
138178	3702.AT5G20500.1	678	7
127026	3702.AT3G04550.1	74.7	3
116807	3702.AT1G14980.1	185	2
131692	3702.AT3G60130.1	0.609	2
130461	3702.AT3G48430.1	4.37	1
129525	3702.AT3G27430.2	175	4
132685	3702.AT4G08025.1	35.0	7
119015	3702.AT1G45191.1	0.86	2
118571	3702.AT1G32990.1	448	8
117360	3702.AT1G20450.1	109	1
131977	3702.AT3G62750.1	0.928	2
134741	3702.AT4G26690.1	102	17
142573	3702.ATCG00840.1	211	2
135201	3702.AT4G30920.1	34.5	3
115533	3702.AT1G03130.1	392	6
121303	3702.AT1G70410.2	18.4	1
136694	3702.AT5G05730.2	40.5	2
120461	3702.AT1G62480.1	213	2
118256	3702.AT1G29880.1	493	35
118026	3702.AT1G27450.3	162	9
133555	3702.AT4G15940.1	78.2	2
129500	3702.AT3G27240.1	37.5	1
119296	3702.AT1G49660.1	165	3
122109	3702.AT1G78300.1	615	104
139247	3702.AT5G37600.1	188	8
121776	3702.AT1G75040.1	117	3
118340	3702.AT1G30690.1	299	10
132358	3702.AT4G02510.1	231	32
130309	3702.AT3G46970.1	543	48
118585	3702.AT1G33120.1	414	14
129461	3702.AT3G26900.1	47.8	1
138530	3702.AT5G24490.1	260	6
119718	3702.AT1G53670.1	99.5	2
129565	3702.AT3G27830.1	1105	27
122907	3702.AT2G07698.1	75.3	12
134905	3702.AT4G28210.1	72.4	2
120194	3702.AT1G59885.1	234	1
131036	3702.AT3G53750.1	6.14	1
115906	3702.AT1G06680.1	8044	230
136553	3702.AT5G04360.1	158	9
124685	3702.AT2G30110.1	691	70
120676	3702.AT1G64510.1	204	7
117083	3702.AT1G17650.1	181	7
142335	3702.AT5G66040.1	266	5
138655	3702.AT5G25757.1	27.4	6
125176	3702.AT2G34590.1	110	7
130513	3702.AT3G48960.1	57.5	3
131528	3702.AT3G58500.1	24.8	1
142490	3702.AT5G67440.1	15.1	1
138717	3702.AT5G26570.1	215	20
138125	3702.AT5G20000.1	6.65	1
128492	3702.AT3G18130.1	62.3	12
128088	3702.AT3G14420.1	3191	198
137204	3702.AT5G10900.1	1.02	1
125753	3702.AT2G39975.1	168	1
139270	3702.AT5G37830.1	107	10
123794	3702.AT2G21530.1	160	4
132601	3702.AT4G05150.1	97.9	1
118586	3702.AT1G33140.1	414	14
136427	3702.AT5G03240.1	25.3	16
115659	3702.AT1G04410.1	3577	148
136730	3702.AT5G06060.1	237	4
132125	3702.AT4G00490.1	102	4
139745	3702.AT5G42260.1	0.936	2
131051	3702.AT3G53900.2	138	5
131250	3702.AT3G55750.1	156	5
130888	3702.AT3G52380.1	218	5
118235	3702.AT1G29670.1	619	26
127790	3702.AT3G11910.1	31.0	8
131479	3702.AT3G58010.1	62.1	2
130459	3702.AT3G48420.1	19.7	1
119793	3702.AT1G54340.1	27.2	5
118929	3702.AT1G43670.1	351	8
132842	3702.AT4G09650.1	718	26
129432	3702.AT3G26650.1	3299	170
128257	3702.AT3G15950.1	57.0	3
136594	3702.AT5G04800.1	90.7	4
130491	3702.AT3G48730.1	629	28
123751	3702.AT2G21130.1	266	6
131066	3702.AT3G54050.1	4091	152
127501	3702.AT3G09250.2	198	5
126133	3702.AT2G43460.1	1776	10
142411	3702.AT5G66720.1	75.8	2
125958	3702.AT2G41790.1	7.0	1
136104	3702.AT4G39330.1	425	12
142267	3702.AT5G65430.3	593	86
140550	3702.AT5G49460.1	8.36	1
120856	3702.AT1G66200.3	232	5
139008	3702.AT5G34905.1	60.9	7
132278	3702.AT4G01850.1	454	20
127942	3702.AT3G13235.1	23.3	1
136433	3702.AT5G03300.1	639	31
139102	3702.AT5G35970.1	13.3	1
137450	3702.AT5G13650.2	350	17
120074	3702.AT1G57860.1	500	12
136362	3702.AT5G02610.2	575	7
138127	3702.AT5G20020.1	103	6
127185	3702.AT3G05900.1	99.1	4
137897	3702.AT5G17920.1	6390	769
127450	3702.AT3G08780.1	83.1	2
139342	3702.AT5G38480.1	614	80
131426	3702.AT3G57490.1	166	7
135862	3702.AT4G37000.1	236	10
142221	3702.AT5G65010.2	409	20
139536	3702.AT5G40370.2	923	8
120913	3702.AT1G66730.1	34.9	5
122810	3702.AT2G05710.1	1197	82
117464	3702.AT1G21440.1	513	19
116512	3702.AT1G12240.1	21.0	1
141240	3702.AT5G55820.1	6.46	1
133247	3702.AT4G13430.1	242	14
141056	3702.AT5G54130.2	1.04	1
138304	3702.AT5G22440.1	19.9	1
129015	3702.AT3G22890.1	111	6
117745	3702.AT1G24100.1	153	8
119574	3702.AT1G52400.1	532	26
116764	3702.AT1G14610.1	220	20
119907	3702.AT1G55490.1	1662	194
141159	3702.AT5G55070.1	8.75	1
132359	3702.AT4G02520.1	2691	58
121869	3702.AT1G76030.1	376	45
137508	3702.AT5G14200.1	552	37
141970	3702.AT5G62690.1	62.5	20
132052	3702.AT3G63460.1	41.0	3
128150	3702.AT3G15020.1	2771	188
138379	3702.AT5G23120.1	852	38
137435	3702.AT5G13490.1	10.5	1
117562	3702.AT1G22300.1	821	85
121699	3702.AT1G74270.1	156	5
116027	3702.AT1G07820.1	106	5
118881	3702.AT1G42440.1	20.0	1
126572	3702.AT2G47610.1	468	12
130474	3702.AT3G48560.1	154	10
115578	3702.AT1G03600.1	345	4
131183	3702.AT3G55170.1	692	5
116161	3702.AT1G09080.1	52.2	4
121587	3702.AT1G73230.1	736	9
120880	3702.AT1G66410.2	74.2	8
140426	3702.AT5G48375.1	262	29
140981	3702.AT5G53460.1	81.2	14
125964	3702.AT2G41840.1	317	9
115339	3702.AT1G01320.1	12.9	2
121951	3702.AT1G76810.1	74.8	8
136261	3702.AT5G01650.2	280	3
131194	3702.AT3G55260.1	27.7	1
124692	3702.AT2G30200.1	168	9
129096	3702.AT3G23600.1	145	3
134405	3702.AT4G23600.1	1283	38
121293	3702.AT1G70310.1	506	15
117509	3702.AT1G21860.1	23.1	3
133739	3702.AT4G17520.1	261	3
130343	3702.AT3G47370.1	488	13
126492	3702.AT2G46820.1	167	1
142289	3702.AT5G65620.1	50.0	5
116742	3702.AT1G14410.1	21.7	1
135034	3702.AT4G29360.1	236	8
121294	3702.AT1G70320.1	4.42	1
134333	3702.AT4G22930.1	207	9
130244	3702.AT3G46370.1	26.9	1
137520	3702.AT5G14320.1	341	5
120148	3702.AT1G59359.1	12.5	1
137700	3702.AT5G16070.1	5.94	1
131629	3702.AT3G59480.1	4.85	1
141231	3702.AT5G55730.1	58.4	2
126184	3702.AT2G43920.1	23.0	4
142598	3702.ATCG01310.1	134	5
136507	3702.AT5G03940.1	67.9	2
115585	3702.AT1G03680.1	889	21
139336	3702.AT5G38430.1	40922	963
130087	3702.AT3G44860.1	269	12
116236	3702.AT1G09750.1	37.1	2
138190	3702.AT5G20630.1	1204	29
121526	3702.AT1G72640.1	46.9	1
122166	3702.AT1G78870.1	78.0	1
115704	3702.AT1G04810.1	3.8	1
126562	3702.AT2G47510.1	50.4	5
139170	3702.AT5G36790.1	1095	108
126245	3702.AT2G44490.1	29.2	5
141876	3702.AT5G61780.1	222	21
120882	3702.AT1G66430.1	113	5
125285	3702.AT2G35635.1	47.3	16
117000	3702.AT1G16880.1	507	12
124414	3702.AT2G27450.2	24.2	1
133312	3702.AT4G14030.1	40.5	3
140362	3702.AT5G47760.1	45.1	6
124486	3702.AT2G28190.1	5781	41
138424	3702.AT5G23540.1	161	4
123802	3702.AT2G21620.2	536	10
118269	3702.AT1G29970.2	493	26
127315	3702.AT3G07060.1	8.32	1
127206	3702.AT3G06050.1	39.8	1
125053	3702.AT2G33450.1	443	5
118258	3702.AT1G29900.1	491	62
117106	3702.AT1G17880.1	2459	35
142092	3702.AT5G63860.1	25.0	1
117612	3702.AT1G22840.1	190	5
119901	3702.AT1G55430.1	8.37	1
133885	3702.AT4G18780.1	8.67	2
128063	3702.AT3G14210.1	4381	167
128234	3702.AT3G15730.1	373	24
124072	3702.AT2G24270.4	181	7
121269	3702.AT1G70070.1	10.7	1
126231	3702.AT2G44350.2	35.5	1
117046	3702.AT1G17290.1	126	4
134350	3702.AT4G23100.1	139	3
127832	3702.AT3G12290.1	86.2	3
130516	3702.AT3G48990.1	265	10
116469	3702.AT1G11860.1	1199	40
131817	3702.AT3G61280.1	5.14	4
127760	3702.AT3G11630.1	4556	133
127279	3702.AT3G06720.1	24.8	1
135549	3702.AT4G34090.3	29.3	2
128331	3702.AT3G16640.1	1488	31
137698	3702.AT5G16050.1	526	89
139334	3702.AT5G38410.3	34008	1317
142621	3702.ATMG00280.1	200	3
132883	3702.AT4G10040.1	189	5
140146	3702.AT5G45775.2	65.0	4
116894	3702.AT1G15820.1	83.4	2
131818	3702.AT3G61290.1	5.3	4
115568	3702.AT1G03475.1	91.1	3
118908	3702.AT1G43170.1	490	12
134927	3702.AT4G28400.1	57.2	3
140411	3702.AT5G48230.2	27.9	1
136098	3702.AT4G39260.1	871	32
136091	3702.AT4G39200.1	595	12
125436	3702.AT2G36980.1	18.7	2
115314	3702.AT1G01090.1	34.3	2
135948	3702.AT4G37800.1	73.6	3
125259	3702.AT2G35370.1	1538	43
123774	3702.AT2G21330.1	8461	203
134498	3702.AT4G24450.1	44.6	11
131060	3702.AT3G53990.1	55.5	1
141676	3702.AT5G59880.1	365	3
116960	3702.AT1G16470.1	38.7	3
125992	3702.AT2G42100.1	14.5	2
119736	3702.AT1G53830.1	15.0	1
126926	3702.AT3G03640.1	1.22	2
128485	3702.AT3G18060.1	50.9	4
125686	3702.AT2G39390.1	1246	7
127429	3702.AT3G08590.1	330	18
125464	3702.AT2G37220.1	1186	26
126692	3702.AT3G01480.1	238	8
129044	3702.AT3G23145.1	20.1	1
116352	3702.AT1G10760.1	224	32
142508	3702.AT5G67620.1	107	2
127053	3702.AT3G04790.1	2087	43
141625	3702.AT5G59370.1	42.2	8
136616	3702.AT5G05000.1	43.3	2
125159	3702.AT2G34430.1	16.4	5
128741	3702.AT3G20390.1	298	7
137157	3702.AT5G10450.4	526	88
120067	3702.AT1G57777.1	27.1	7
136236	3702.AT5G01410.1	524	26
140921	3702.AT5G52920.1	542	24
125696	3702.AT2G39460.1	211	2
117018	3702.AT1G17050.1	99.7	2
120066	3702.AT1G57775.1	27.1	7
128639	3702.AT3G19450.1	38.0	1
122171	3702.AT1G78900.1	1340	62
124439	3702.AT2G27710.1	147	4
134974	3702.AT4G28800.1	1.99	1
119664	3702.AT1G53240.1	3858	214
128535	3702.AT3G18490.1	68.5	2
126241	3702.AT2G44450.1	0.792	2
121803	3702.AT1G75330.1	54.8	1
131834	3702.AT3G61440.1	17.7	1
134056	3702.AT4G20360.1	880	43
126041	3702.AT2G42590.3	1341	87
140026	3702.AT5G44640.1	0.852	2
126197	3702.AT2G44040.1	640	14
116118	3702.AT1G08640.1	68.1	1
128807	3702.AT3G20970.1	158	4
135992	3702.AT4G38225.3	253	7
119293	3702.AT1G49630.1	55.0	13
117655	3702.AT1G23190.1	51.7	4
138944	3702.AT5G28840.1	370	12
126042	3702.AT2G42600.1	931	104
120516	3702.AT1G63000.1	43.7	4
128249	3702.AT3G15880.2	1.22	1
115745	3702.AT1G05190.1	2022	30
129316	3702.AT3G25660.1	468	19
130029	3702.AT3G44310.1	2784	93
128487	3702.AT3G18080.1	28.9	5
116584	3702.AT1G12900.1	1736	133
135962	3702.AT4G37930.1	1757	97
128609	3702.AT3G19170.1	700	91
116187	3702.AT1G09310.1	477	7
123347	3702.AT2G17360.1	436	23
140715	3702.AT5G50950.1	46.5	5
119333	3702.AT1G50010.1	212	35
138030	3702.AT5G19150.1	21.9	1
127542	3702.AT3G09680.1	273	6
116224	3702.AT1G09640.1	534	24
116907	3702.AT1G15930.1	3544	39
115970	3702.AT1G07320.1	275	7
115527	3702.AT1G03090.2	58.3	3
128169	3702.AT3G15190.1	71.4	2
116221	3702.AT1G09620.1	272	27
130385	3702.AT3G47770.1	0.525	1
138680	3702.AT5G26000.1	6277	433
135433	3702.AT4G33010.1	2139	317
121607	3702.AT1G73430.1	23.1	1
131755	3702.AT3G60750.1	6305	454
132389	3702.AT4G02770.1	461	6
134222	3702.AT4G21960.1	1.57	1
126210	3702.AT2G44160.1	94.8	15
126832	3702.AT3G02770.1	37.7	1
141673	3702.AT5G59850.1	141	4
133443	3702.AT4G15000.1	81.4	2
120186	3702.AT1G59830.1	132	6
116062	3702.AT1G08110.4	162	6
139160	3702.AT5G36700.1	1095	108
127635	3702.AT3G10520.1	26.3	1
134207	3702.AT4G21860.1	46.0	1
140310	3702.AT5G47260.1	7.31	1
138159	3702.AT5G20320.1	22.4	10
122348	3702.AT1G80670.1	41.8	1
130319	3702.AT3G47070.1	1053	7
126584	3702.AT2G47730.1	2257	42
133940	3702.AT4G19210.1	39.6	2
133880	3702.AT4G18730.1	65.0	4
129552	3702.AT3G27690.1	14.9	5
116724	3702.AT1G14250.1	274	9
140417	3702.AT5G48300.1	395	14
128192	3702.AT3G15360.1	75.7	2
131229	3702.AT3G55590.1	63.1	3
132587	3702.AT4G05050.1	33.8	16
126882	3702.AT3G03250.1	204	23
131418	3702.AT3G57410.1	57.9	5
141759	3702.AT5G60670.1	456	21
118746	3702.AT1G35160.2	729	103
125505	3702.AT2G37620.1	6.14	1
128460	3702.AT3G17810.1	72.0	2
130592	3702.AT3G49680.1	41.4	1
141264	3702.AT5G56030.2	397	80
131676	3702.AT3G59970.3	501	45
125460	3702.AT2G37190.1	456	21
124744	3702.AT2G30695.1	24.6	1
121675	3702.AT1G74050.1	673	14
125262	3702.AT2G35410.1	575	18
130529	3702.AT3G49110.1	27.5	1
132783	3702.AT4G09020.1	14.1	1
125158	3702.AT2G34420.1	16.3	5
132780	3702.AT4G09000.2	840	107
139805	3702.AT5G42790.1	155	4
130719	3702.AT3G50820.1	2650	159
127348	3702.AT3G07390.1	42.5	1
132160	3702.AT4G00810.1	291	4
126557	3702.AT2G47470.1	155	4
130531	3702.AT3G49120.1	51.2	2
123728	3702.AT2G20890.1	697	17
134108	3702.AT4G20960.1	189	6
135229	3702.AT4G31160.1	9.03	1
125727	3702.AT2G39770.1	69.8	3
130007	3702.AT3G44115.1	23.7	7
121512	3702.AT1G72500.1	147	12
141555	3702.AT5G58710.1	171	2
127971	3702.AT3G13470.1	1399	174
130676	3702.AT3G50440.1	31.8	1
116867	3702.AT1G15550.1	39.2	1
115309	3702.AT1G01050.1	119	3
120227	3702.AT1G60260.1	0.855	2
125568	3702.AT2G38230.1	463	23
131438	3702.AT3G57610.1	83.9	4
132402	3702.AT4G02890.3	25.3	16
134771	3702.AT4G26970.1	428	28
126773	3702.AT3G02230.1	26.3	1
129346	3702.AT3G25890.1	31.1	1
136068	3702.AT4G38970.1	29157	525
127615	3702.AT3G10340.1	3.63	1
137577	3702.AT5G14910.1	359	3
117736	3702.AT1G24020.1	634	8
131492	3702.AT3G58140.1	15.0	1
122025	3702.AT1G77510.1	6.32	1
141128	3702.AT5G54770.1	1560	39
133837	3702.AT4G18370.1	21.5	1
140410	3702.AT5G48220.1	18.1	1
122714	3702.AT2G04390.1	90.7	4
133331	3702.AT4G14160.1	9.74	1
142388	3702.AT5G66530.1	166	5
122162	3702.AT1G78830.1	101	6
141316	3702.AT5G56500.1	328	60
137428	3702.AT5G13420.1	146	5
117708	3702.AT1G23730.1	21.9	1
131196	3702.AT3G55280.1	211	2
125566	3702.AT2G38210.1	584	18
136023	3702.AT4G38510.5	231	30
120060	3702.AT1G57720.1	742	31
138155	3702.AT5G20280.1	78.0	6
132809	3702.AT4G09320.1	1778	38
125574	3702.AT2G38290.1	1.37	1
119007	3702.AT1G45145.1	182	4
126993	3702.AT3G04230.1	421	6
130239	3702.AT3G46320.1	106	5
137835	3702.AT5G17330.1	276	37
118886	3702.AT1G42550.1	43.3	3
137797	3702.AT5G16990.1	96.2	6
128307	3702.AT3G16430.1	16.4	1
127537	3702.AT3G09630.1	741	34
134637	3702.AT4G25740.1	30.8	1
137492	3702.AT5G14040.1	126	3
130869	3702.AT3G52200.2	81.8	4
134515	3702.AT4G24620.1	240	10
121235	3702.AT1G69740.1	989	38
128045	3702.AT3G14067.1	74.7	3
132718	3702.AT4G08390.1	101	2
142062	3702.AT5G63570.1	418	19
126032	3702.AT2G42500.1	21.5	1
119602	3702.AT1G52670.1	47.1	1
134764	3702.AT4G26910.1	10.7	1
141419	3702.AT5G57480.1	1.45	1
136754	3702.AT5G06290.1	1503	66
118660	3702.AT1G34030.1	731	23
119196	3702.AT1G48630.1	54.0	12
142095	3702.AT5G63890.2	56.2	2
126943	3702.AT3G03780.1	3121	552
129364	3702.AT3G26060.2	502	10
125392	3702.AT2G36620.1	864	5
115470	3702.AT1G02560.1	121	5
127238	3702.AT3G06350.1	17.2	1
128304	3702.AT3G16400.1	15.5	1
118344	3702.AT1G30730.1	65.5	1
123633	3702.AT2G20140.1	7.06	1
129557	3702.AT3G27740.1	18.9	1
119478	3702.AT1G51490.1	235	42
120214	3702.AT1G60090.1	0.819	2
116149	3702.AT1G08980.1	47.9	2
137548	3702.AT5G14590.1	42.7	6
121798	3702.AT1G75270.1	36.8	1
126276	3702.AT2G44760.1	30.5	1
133313	3702.AT4G14040.1	14.4	1
137859	3702.AT5G17560.1	410	9
117499	3702.AT1G21750.1	99.9	8
126397	3702.AT2G45960.3	24.2	1
135659	3702.AT4G35090.1	1056	50
118124	3702.AT1G28350.1	40.8	2
121760	3702.AT1G74880.1	107	1
128789	3702.AT3G20830.1	1.66	1
121555	3702.AT1G72930.1	51.3	2
119533	3702.AT1G51980.1	68.3	2
117535	3702.AT1G22060.1	3.62	4
124969	3702.AT2G32730.1	3.75	1
135007	3702.AT4G29120.1	129	4
137800	3702.AT5G17020.1	46.7	3
134412	3702.AT4G23670.1	489	5
127860	3702.AT3G12580.1	619	125
134533	3702.AT4G24800.1	221	14
124047	3702.AT2G24020.1	1928	41
131666	3702.AT3G59870.1	70.1	5
126980	3702.AT3G04120.1	3876	177
132025	3702.AT3G63190.1	6021	123
135116	3702.AT4G30100.1	9.47	1
138124	3702.AT5G19990.1	6.88	1
120009	3702.AT1G56410.1	441	98
132170	3702.AT4G00893.1	11.6	1
121846	3702.AT1G75780.1	11.6	7
137654	3702.AT5G15650.1	383	15
131255	3702.AT3G55800.1	6083	178
134530	3702.AT4G24770.1	1268	22
124851	3702.AT2G31610.1	435	8
132839	3702.AT4G09640.1	153	4
120642	3702.AT1G64190.1	94.1	4
122573	3702.AT2G02930.1	186	9
142363	3702.AT5G66280.1	246	8
122231	3702.AT1G79500.5	63.2	3
136325	3702.AT5G02240.1	44.9	1
125953	3702.AT2G41740.1	49.3	6
115947	3702.AT1G07110.1	58.6	3
127683	3702.AT3G10920.1	98.1	2
131793	3702.AT3G61110.1	335	7
122141	3702.AT1G78630.1	53.6	1
135122	3702.AT4G30160.2	14.5	4
123689	3702.AT2G20610.1	26.2	1
123696	3702.AT2G20630.2	45.7	3
117709	3702.AT1G23740.1	1256	36
123945	3702.AT2G22990.3	154	5
119906	3702.AT1G55480.1	386	10
140136	3702.AT5G45680.1	447	7
136588	3702.AT5G04740.1	30.1	2
122319	3702.AT1G80380.2	1558	70
131323	3702.AT3G56490.1	155	2
133572	3702.AT4G16060.1	569	13
129198	3702.AT3G24503.1	12.5	1
127768	3702.AT3G11710.1	229	8
134924	3702.AT4G28390.1	11.3	1
128306	3702.AT3G16420.1	14.0	1
139850	3702.AT5G43160.1	36.0	1
128030	3702.AT3G13920.2	169	21
118260	3702.AT1G29920.1	15.5	5
139059	3702.AT5G35590.1	37.9	1
132988	3702.AT4G11010.1	238	7
140475	3702.AT5G48760.1	116	4
132604	3702.AT4G05180.1	4519	155
136175	3702.AT4G39970.1	193	6
119147	3702.AT1G48170.1	66.7	1
119978	3702.AT1G56120.1	5.89	1
140596	3702.AT5G49910.1	1842	114
133091	3702.AT4G11970.1	2.14	1
130910	3702.AT3G52590.1	83.7	16
127010	3702.AT3G04400.1	1168	40
116035	3702.AT1G07890.1	2471	64
136506	3702.AT5G03930.1	40.3	1
125342	3702.AT2G36160.1	409	19
140082	3702.AT5G45170.1	414	17
126055	3702.AT2G42740.1	65.0	4
123577	3702.AT2G19570.1	192	3
128987	3702.AT3G22630.1	214	4
118876	3702.AT1G41880.1	156	5
125445	3702.AT2G37040.1	3.8	1
117417	3702.AT1G20950.1	18.0	1
135000	3702.AT4G29060.1	2008	87
139472	3702.AT5G39730.1	256	3
130259	3702.AT3G46520.1	42.2	8
134724	3702.AT4G26530.1	2152	43
119781	3702.AT1G54220.1	53.1	2
127525	3702.AT3G09500.1	692	5
115660	3702.AT1G04420.1	282	9
117317	3702.AT1G20010.1	37.0	8
132927	3702.AT4G10450.1	39.4	3
142597	3702.ATCG01300.1	211	2
124155	3702.AT2G25060.1	65.8	2
130116	3702.AT3G45140.1	173	27
141949	3702.AT5G62510.1	40.1	3
117319	3702.AT1G20030.2	50.1	1
117669	3702.AT1G23310.1	2778	199
128642	3702.AT3G19480.1	24.2	2
138340	3702.AT5G22780.1	6.27	1
131903	3702.AT3G62030.2	5569	139
117833	3702.AT1G25220.2	213	4
129802	3702.AT3G30387.1	53.0	7
137608	3702.AT5G15200.1	1120	30
129801	3702.AT3G30385.1	53.0	7
120755	3702.AT1G65260.1	225	5
134177	3702.AT4G21580.1	95.9	3
137874	3702.AT5G17710.2	52.7	2
125389	3702.AT2G36580.1	61.0	5
132914	3702.AT4G10320.1	47.9	8
135896	3702.AT4G37300.1	171	2
138451	3702.AT5G23820.1	61.4	1
131211	3702.AT3G55440.1	956	36
124440	3702.AT2G27720.2	190	4
116732	3702.AT1G14320.1	139	7
138040	3702.AT5G19220.1	64.2	4
119786	3702.AT1G54270.1	185	23
120598	3702.AT1G63770.5	504	45
134935	3702.AT4G28470.1	7.21	2
126093	3702.AT2G43090.1	136	4
141929	3702.AT5G62300.1	437	13
115705	3702.AT1G04820.1	212	35
126805	3702.AT3G02520.1	714	92
141370	3702.AT5G57020.1	90.6	2
118409	3702.AT1G31340.1	47.1	16
139177	3702.AT5G36890.1	0.803	2
136389	3702.AT5G02870.1	708	34
126806	3702.AT3G02530.1	5.98	1
117508	3702.AT1G21850.1	19.9	3
125651	3702.AT2G39020.1	444	7
115553	3702.AT1G03330.1	707	3
139778	3702.AT5G42567.1	60.9	7
123242	3702.AT2G16360.1	289	12
126165	3702.AT2G43750.1	981	58
123269	3702.AT2G16600.1	3225	44
125017	3702.AT2G33150.1	106	3
137127	3702.AT5G10160.1	46.3	4
132844	3702.AT4G09670.1	151	7
134280	3702.AT4G22485.1	449	6
132218	3702.AT4G01310.1	819	21
119305	3702.AT1G49750.1	96.9	4
117275	3702.AT1G19570.1	1318	54
134774	3702.AT4G27000.1	43.5	1
119484	3702.AT1G51540.1	41.3	1
119306	3702.AT1G49760.1	71.7	3
135506	3702.AT4G33680.1	732	32
142687	3702.ATMG01040.1	202	1
129865	3702.AT3G32980.1	31.4	1
122481	3702.AT2G01950.1	6.66	1
125343	3702.AT2G36170.1	83.7	16
116467	3702.AT1G11840.6	99.5	3
138105	3702.AT5G19820.1	39.7	6
137009	3702.AT5G08690.1	983	162
127557	3702.AT3G09820.1	520	25
128412	3702.AT3G17390.1	1387	58
133430	3702.AT4G14890.1	1792	33
136862	3702.AT5G07350.2	107	11
117023	3702.AT1G17100.1	626	9
137768	3702.AT5G16710.1	911	22
125164	3702.AT2G34480.1	875	26
133429	3702.AT4G14880.1	2234	105
136835	3702.AT5G07090.1	434	23
136205	3702.AT5G01110.1	6.38	1
130199	3702.AT3G45930.1	106	5
117804	3702.AT1G24610.1	59.7	2
127127	3702.AT3G05420.2	125	7
131200	3702.AT3G55330.1	795	17
139871	3702.AT5G43330.1	543	42
137514	3702.AT5G14260.1	202	9
138073	3702.AT5G19510.1	770	9
142534	3702.ATCG00380.1	314	4
119165	3702.AT1G48350.1	240	3
129296	3702.AT3G25520.1	1485	52
141261	3702.AT5G56000.1	367	72
135955	3702.AT4G37870.1	50.7	3
130210	3702.AT3G46040.1	20.8	1
124220	3702.AT2G25630.1	0.836	2
128486	3702.AT3G18070.1	25.9	5
118392	3702.AT1G31180.1	993	42
136498	3702.AT5G03860.1	32.4	1
135021	3702.AT4G29260.1	137	3
125815	3702.AT2G40490.1	254	12
122205	3702.AT1G79210.1	38.7	3
127556	3702.AT3G09810.1	11.6	1
141985	3702.AT5G62840.1	127	3
131048	3702.AT3G53870.1	39.2	2
135187	3702.AT4G30800.1	34.9	1
135302	3702.AT4G31840.1	78.9	2
125013	3702.AT2G33100.1	1.74	1
133081	3702.AT4G11880.1	495	5
119120	3702.AT1G47900.1	7.7	1
126087	3702.AT2G43030.1	93.1	2
137397	3702.AT5G13120.1	542	10
135287	3702.AT4G31700.1	98.9	1
127841	3702.AT3G12390.1	995	18
121677	3702.AT1G74060.1	673	14
119972	3702.AT1G56070.1	1174	150
119444	3702.AT1G51170.1	1.45	1
117339	3702.AT1G20225.1	66.7	1
131288	3702.AT3G56130.1	303	4
128925	3702.AT3G22060.1	52.5	1
126549	3702.AT2G47390.1	314	31
116885	3702.AT1G15750.1	1.14	1
125548	3702.AT2G38040.1	33.1	2
127140	3702.AT3G05540.1	603	7
118522	3702.AT1G32470.1	1344	40
124762	3702.AT2G30870.1	989	36
128563	3702.AT3G18740.1	268	8
139546	3702.AT5G40450.1	127	23
124365	3702.AT2G27030.3	102	8
115491	3702.AT1G02780.1	3057	19
125025	3702.AT2G33210.1	234	12
125383	3702.AT2G36530.1	1720	68
130951	3702.AT3G52990.1	65.2	5
136398	3702.AT5G02960.1	268	6
129550	3702.AT3G27670.1	3.61	1
132325	3702.AT4G02230.1	220	2
120970	3702.AT1G67280.1	715	35
130954	3702.AT3G53020.1	864	5
116600	3702.AT1G13060.2	529	18
126758	3702.AT3G02090.2	44.1	2
119585	3702.AT1G52510.1	211	9
141588	3702.AT5G59020.1	16.8	1
133438	3702.AT4G14960.2	212	35
121129	3702.AT1G68730.1	395	5
132370	3702.AT4G02620.1	146	2
119046	3702.AT1G47200.1	149	1
140380	3702.AT5G47930.1	37.9	1
138505	3702.AT5G24300.1	36.2	2
138912	3702.AT5G28500.1	141	6
131913	3702.AT3G62120.1	107	5
122329	3702.AT1G80490.2	1.15	1
135564	3702.AT4G34215.1	65.3	1
140061	3702.AT5G44990.1	33.8	2
137735	3702.AT5G16400.1	194	4
117488	3702.AT1G21670.1	56.7	4
131815	3702.AT3G61260.1	1091	4
132763	3702.AT4G08870.1	59.1	1
121051	3702.AT1G68010.2	3425	129
130756	3702.AT3G51160.1	229	8
122207	3702.AT1G79230.1	119	6
118261	3702.AT1G29930.1	17.0	5
131757	3702.AT3G60770.1	699	15
119592	3702.AT1G52570.1	22.3	4
142527	3702.ATCG00270.1	166	3
131127	3702.AT3G54660.1	119	5
118259	3702.AT1G29910.1	15.5	5
141098	3702.AT5G54500.2	27.8	2
119419	3702.AT1G50940.1	91.4	3
118893	3702.AT1G42970.1	1545	80
122976	3702.AT2G10940.1	34.8	1
130408	3702.AT3G48000.1	84.9	5
139676	3702.AT5G41670.1	4.52	1
116008	3702.AT1G07660.1	106	5
130105	3702.AT3G45030.1	437	13
136160	3702.AT4G39860.1	38.1	1
142567	3702.ATCG00780.1	104	1
131290	3702.AT3G56150.1	119	6
119200	3702.AT1G48660.1	9.34	1
139798	3702.AT5G42740.1	115	6
130909	3702.AT3G52580.1	409	19
131170	3702.AT3G55040.1	1131	27
137706	3702.AT5G16130.1	201	7
116039	3702.AT1G07920.1	650	51
141514	3702.AT5G58330.1	224	10
128943	3702.AT3G22230.1	104	2
141203	3702.AT5G55480.1	63.0	20
120939	3702.AT1G66970.2	702	71
139272	3702.AT5G37850.1	617	18
137945	3702.AT5G18380.1	303	6
118020	3702.AT1G27400.1	180	9
136778	3702.AT5G06530.1	0.834	1
134098	3702.AT4G20850.1	286	48
142480	3702.AT5G67360.1	54.1	8
124267	3702.AT2G26080.1	1826	248
140891	3702.AT5G52640.1	31.2	8
136538	3702.AT5G04230.2	4.42	1
119331	3702.AT1G49990.1	10.2	1
122567	3702.AT2G02850.1	92.3	1
141915	3702.AT5G62165.1	116	4
137231	3702.AT5G11160.1	4.13	1
120767	3702.AT1G65350.1	23.9	16
138126	3702.AT5G20010.1	89.5	6
141630	3702.AT5G59420.1	40.5	1
134565	3702.AT4G25100.1	1548	28
117558	3702.AT1G22270.1	969	11
116790	3702.AT1G14810.1	406	10
118284	3702.AT1G30120.1	117	7
131771	3702.AT3G60900.1	848	49
115626	3702.AT1G04080.3	61.0	3
120265	3702.AT1G60710.1	36.1	3
142572	3702.ATCG00830.1	134	5
135513	3702.AT4G33760.1	32.3	2
130419	3702.AT3G48110.1	24.8	3
117218	3702.AT1G19025.1	19.4	1
119180	3702.AT1G48490.1	4.83	1
124761	3702.AT2G30860.1	6735	195
128074	3702.AT3G14310.1	13.5	1
135603	3702.AT4G34555.1	595	12
122777	3702.AT2G05220.1	89.8	4
121536	3702.AT1G72730.1	135	20
123767	3702.AT2G21250.1	208	6
142571	3702.ATCG00820.1	556	7
120486	3702.AT1G62750.1	1466	126
127718	3702.AT3G11250.1	189	17
118826	3702.AT1G36240.1	252	8
142540	3702.ATCG00490.1	135320	6800
120122	3702.AT1G58380.1	12.5	1
122165	3702.AT1G78860.1	126	8
140202	3702.AT5G46290.3	48.5	2
141971	3702.AT5G62700.1	62.5	20
138101	3702.AT5G19780.1	79.3	11
118859	3702.AT1G37130.1	42.3	5
120832	3702.AT1G65980.1	32.4	1
125674	3702.AT2G39270.1	27.1	1
137007	3702.AT5G08670.1	983	162
139906	3702.AT5G43640.1	136	5
127320	3702.AT3G07110.2	477	10
129569	3702.AT3G27850.1	1204	27
140834	3702.AT5G52100.1	40.3	1
130796	3702.AT3G51550.1	15.1	1
132515	3702.AT4G04350.1	82.6	6
140104	3702.AT5G45390.1	598	9
130505	3702.AT3G48870.1	339	55
138752	3702.AT5G26820.1	35.5	2
123768	3702.AT2G21260.1	35.6	2
135200	3702.AT4G30910.1	9.12	2
128455	3702.AT3G17760.1	196	37
124548	3702.AT2G28740.1	106	5
130948	3702.AT3G52960.1	1738	52
133724	3702.AT4G17390.1	187	2
116022	3702.AT1G07770.1	141	4
141705	3702.AT5G60160.1	110	4
122322	3702.AT1G80410.2	51.3	4
140855	3702.AT5G52310.1	542	22
134234	3702.AT4G22100.1	0.814	2
137448	3702.AT5G13630.1	141	20
127272	3702.AT3G06650.1	8.36	1
139251	3702.AT5G37640.1	18.7	16
139065	3702.AT5G35630.1	8187	217
140985	3702.AT5G53490.3	91.0	3
119018	3702.AT1G45215.1	27.1	7
127585	3702.AT3G10060.1	1724	31
127146	3702.AT3G05590.1	45.1	1
141756	3702.AT5G60640.1	1111	42
132513	3702.AT4G04330.1	691	11
138200	3702.AT5G20720.1	8187	139
141132	3702.AT5G54810.1	24.1	1
130938	3702.AT3G52880.2	193	11
124901	3702.AT2G32060.1	638	7
138747	3702.AT5G26780.2	484	47
122111	3702.AT1G78320.1	343	14
142169	3702.AT5G64550.1	28.5	1
125854	3702.AT2G40840.1	197	19
137167	3702.AT5G10540.1	26.1	3
136432	3702.AT5G03290.1	8.87	1
138459	3702.AT5G23900.1	49.1	2
136473	3702.AT5G03630.1	238	12
135959	3702.AT4G37910.1	248	9
117125	3702.AT1G18080.1	447	24
123917	3702.AT2G22780.1	578	11
138344	3702.AT5G22800.1	32.6	3
131403	3702.AT3G57260.1	128	3
115646	3702.AT1G04270.1	134	5
120613	3702.AT1G63940.2	48.8	3
122767	3702.AT2G05070.1	15.4	5
120451	3702.AT1G62380.1	104	2
115944	3702.AT1G07070.1	156	5
125758	3702.AT2G40010.1	321	17
127662	3702.AT3G10740.1	40.1	2
123036	3702.AT2G13360.1	635	28
121014	3702.AT1G67700.2	411	5
127344	3702.AT3G07350.1	317	8
131549	3702.AT3G58700.1	65.0	4
128337	3702.AT3G16700.1	35.7	2
124775	3702.AT2G30970.1	69.2	3
122744	3702.AT2G04780.1	1168	29
138261	3702.AT5G22010.1	12.9	1
120861	3702.AT1G66240.1	143	1
137485	3702.AT5G13980.1	12.9	1
139707	3702.AT5G41950.1	21.4	1
138066	3702.AT5G19460.1	21.1	1
128499	3702.AT3G18190.1	50.6	2
142119	3702.AT5G64110.1	318	9
129143	3702.AT3G23990.1	537	24
124919	3702.AT2G32240.1	49.4	5
122631	3702.AT2G03550.1	77.7	2
139335	3702.AT5G38420.1	31662	1317
140356	3702.AT5G47700.1	1268	6
138853	3702.AT5G27850.1	36.2	1
122094	3702.AT1G78150.3	185	4
139053	3702.AT5G35530.1	31.8	2
119045	3702.AT1G47128.1	845	19
139017	3702.AT5G35100.1	23.7	1
128788	3702.AT3G20820.1	34.7	1
128229	3702.AT3G15680.1	300	3
126244	3702.AT2G44480.1	0.622	2
120141	3702.AT1G58983.1	12.5	1
140829	3702.AT5G52050.1	48.4	1
138654	3702.AT5G25754.1	27.4	6
141463	3702.AT5G57850.1	536	19
122074	3702.AT1G77940.1	245	9
126694	3702.AT3G01500.2	16624	948
138064	3702.AT5G19440.1	148	7
133135	3702.AT4G12420.1	156	7
131926	3702.AT3G62250.1	204	27
125043	3702.AT2G33370.1	1168	40
140848	3702.AT5G52240.1	345	2
128351	3702.AT3G16830.1	1.37	1
126605	3702.AT2G47940.1	135	6
142149	3702.AT5G64380.1	28.3	1
131955	3702.AT3G62530.1	112	2
117107	3702.AT1G17890.1	64.3	1
126640	3702.AT3G01120.1	164	7
139473	3702.AT5G39740.1	1315	48
142577	3702.ATCG00900.1	131	4
135057	3702.AT4G29590.1	37.2	1
139715	3702.AT5G42020.1	358	71
127897	3702.AT3G12915.1	212	56
137795	3702.AT5G16970.1	633	15
134861	3702.AT4G27820.1	1.15	2
135741	3702.AT4G35830.1	186	19
128141	3702.AT3G14940.1	36.2	9
120951	3702.AT1G67090.1	32264	861
120985	3702.AT1G67430.1	180	9
137563	3702.AT5G14740.1	10542	699
117342	3702.AT1G20260.1	384	45
129331	3702.AT3G25770.1	184	4
133418	3702.AT4G14800.2	165	4
122768	3702.AT2G05100.1	15.3	5
123755	3702.AT2G21170.1	2256	71
134045	3702.AT4G20260.4	2380	10
129164	3702.AT3G24170.1	25.9	1
126582	3702.AT2G47710.1	188	3
127311	3702.AT3G07020.1	12.3	1
129137	3702.AT3G23940.1	690	33
127417	3702.AT3G08030.1	344	8
117111	3702.AT1G17940.1	16.9	4
124518	3702.AT2G28470.1	213	12
135505	3702.AT4G33670.1	476	9
126933	3702.AT3G03710.1	149	12
128031	3702.AT3G13930.1	137	8
124063	3702.AT2G24200.1	729	35
123593	3702.AT2G19730.1	185	1
133646	3702.AT4G16650.1	13.3	1
118801	3702.AT1G35720.1	243	5
126373	3702.AT2G45710.1	335	7
122341	3702.AT1G80600.1	452	16
120729	3702.AT1G65010.1	91.7	7
126801	3702.AT3G02490.1	0.904	1
125422	3702.AT2G36880.1	315	16
122337	3702.AT1G80560.1	476	34
117513	3702.AT1G21880.2	221	6
131018	3702.AT3G53580.1	655	28
138100	3702.AT5G19770.1	79.3	11
134136	3702.AT4G21210.1	229	5
136413	3702.AT5G03110.1	75.5	1
127200	3702.AT3G06010.1	7.16	1
123807	3702.AT2G21660.1	1037	36
129800	3702.AT3G30383.1	66.9	7
120110	3702.AT1G58265.1	161	1
142214	3702.AT5G64950.1	37.3	1
124633	3702.AT2G29630.1	214	10
132668	3702.AT4G07515.1	21.9	7
131677	3702.AT3G59980.1	115	2
116153	3702.AT1G09010.1	61.2	5
123645	3702.AT2G20260.1	1233	10
134760	3702.AT4G26870.1	80.7	3
125755	3702.AT2G39990.1	20.1	1
133888	3702.AT4G18810.2	924	34
124256	3702.AT2G25970.1	60.1	1
132592	3702.AT4G05090.1	84.4	3
126187	3702.AT2G43945.1	64.0	5
127445	3702.AT3G08740.1	2795	86
135774	3702.AT4G36130.1	204	12
133002	3702.AT4G11150.1	46.7	3
123988	3702.AT2G23350.1	193	6
118799	3702.AT1G35680.1	465	4
117318	3702.AT1G20020.1	2303	71
141656	3702.AT5G59690.1	106	5
136574	3702.AT5G04590.1	265	7
127588	3702.AT3G10090.1	3054	8
125223	3702.AT2G35040.1	127	4
131539	3702.AT3G58610.1	900	50
129023	3702.AT3G22960.1	622	28
134537	3702.AT4G24830.1	184	8
132360	3702.AT4G02530.1	40.9	2
125094	3702.AT2G33800.1	589	12
119437	3702.AT1G51100.1	435	4
115315	3702.AT1G01100.1	2232	11
141751	3702.AT5G60600.1	112	8
142304	3702.AT5G65750.1	11.9	4
131339	3702.AT3G56650.1	2248	45
127883	3702.AT3G12780.1	8029	509
131320	3702.AT3G56460.1	58.2	1
131456	3702.AT3G57785.1	426	3
123350	3702.AT2G17390.1	20.5	1
136437	3702.AT5G03340.1	41.8	13
139839	3702.AT5G43060.1	222	5
141525	3702.AT5G58420.1	434	23
124465	3702.AT2G28000.1	2893	125
138029	3702.AT5G19140.1	45.1	1
126348	3702.AT2G45470.1	566	36
125999	3702.AT2G42170.1	44.8	7
122405	3702.AT2G01250.1	195	11
124157	3702.AT2G25080.1	841	19
124082	3702.AT2G24360.1	18.6	1
126833	3702.AT3G02780.1	24.9	2
127554	3702.AT3G09790.1	14.8	16
138216	3702.AT5G20920.1	670	12
130825	3702.AT3G51800.2	14.3	1
116638	3702.AT1G13440.1	4007	179
137345	3702.AT5G12250.1	53.3	18
138246	3702.AT5G21274.1	103	8
117350	3702.AT1G20340.1	5272	27
140806	3702.AT5G51830.1	4.27	1
123190	3702.AT2G15620.1	355	26
132858	3702.AT4G09800.1	731	23
127982	3702.AT3G13580.1	115	10
135840	3702.AT4G36810.1	42.3	1
141980	3702.AT5G62790.2	28.6	2
131635	3702.AT3G59540.1	1776	10
135611	3702.AT4G34620.1	277	3
141262	3702.AT5G56010.1	415	78
137734	3702.AT5G16390.1	540	5
124454	3702.AT2G27860.1	14.7	2
136380	3702.AT5G02790.1	407	8
142106	3702.AT5G63980.1	47.5	1
133297	3702.AT4G13930.1	255	14
128318	3702.AT3G16530.1	80.5	2
142593	3702.ATCG01240.1	131	4
137008	3702.AT5G08680.1	933	162
117379	3702.AT1G20630.1	152	20
135716	3702.AT4G35630.1	198	7
118366	3702.AT1G30910.1	61.3	1
137782	3702.AT5G16840.2	79.2	1
140712	3702.AT5G50920.1	708	83
141338	3702.AT5G56720.1	357	32
136712	3702.AT5G05910.1	3.34	1
124568	3702.AT2G28960.1	17.9	3
117967	3702.AT1G26910.1	137	7
123683	3702.AT2G20580.1	18.2	3
142245	3702.AT5G65220.1	83.2	1
121426	3702.AT1G71695.1	32.9	1
128392	3702.AT3G17210.1	1381	10
136962	3702.AT5G08300.1	187	4
142053	3702.AT5G63480.1	71.9	1
128396	3702.AT3G17240.1	304	14
138678	3702.AT5G25980.2	2457	147
136497	3702.AT5G03850.1	3054	8
123596	3702.AT2G19760.1	1190	33
118393	3702.AT1G31190.1	206	7
130568	3702.AT3G49470.1	722	12
140876	3702.AT5G52520.1	26.6	2
121981	3702.AT1G77090.1	149	5
133298	3702.AT4G13940.1	330	12
132286	3702.AT4G01900.1	159	4
129111	3702.AT3G23700.1	614	18
134482	3702.AT4G24280.1	1595	103
134698	3702.AT4G26300.1	140	7
120899	3702.AT1G66580.1	137	7
116405	3702.AT1G11300.1	4.73	1
138736	3702.AT5G26710.1	28.9	1
137070	3702.AT5G09660.4	5957	167
116239	3702.AT1G09780.1	392	25
126828	3702.AT3G02730.1	1457	39
131167	3702.AT3G55010.1	263	7
128734	3702.AT3G20330.1	21.4	1
137069	3702.AT5G09650.1	25.9	1
120263	3702.AT1G60690.1	34.2	3
122677	3702.AT2G04030.1	782	63
130906	3702.AT3G52560.4	730	17
139826	3702.AT5G42955.1	33.1	7
132785	3702.AT4G09040.1	50.0	2
131976	3702.AT3G62740.1	0.851	2
116310	3702.AT1G10430.1	140	6
124144	3702.AT2G24940.1	182	2
128108	3702.AT3G14600.1	183	9
120002	3702.AT1G56340.1	71.2	3
132537	3702.AT4G04640.1	200	8
131137	3702.AT3G54760.1	17.1	1
116106	3702.AT1G08520.1	95.4	4
134146	3702.AT4G21280.2	11841	279
116919	3702.AT1G16030.1	192	65
131816	3702.AT3G61270.1	6.74	4
133836	3702.AT4G18360.1	368	47
134102	3702.AT4G20890.1	61.9	20
133654	3702.AT4G16720.1	187	2
121913	3702.AT1G76450.1	1221	35
141503	3702.AT5G58220.1	61.5	2
121979	3702.AT1G77060.1	161	9
135592	3702.AT4G34450.1	44.3	4
117678	3702.AT1G23410.1	216	27
126465	3702.AT2G46570.1	0.939	1
131989	3702.AT3G62870.1	468	12
125509	3702.AT2G37660.1	1004	20
125572	3702.AT2G38270.1	62.6	1
139034	3702.AT5G35360.3	453	21
134651	3702.AT4G25860.1	12.5	1
130288	3702.AT3G46780.1	54.6	2
138878	3702.AT5G28060.1	555	3
141721	3702.AT5G60320.1	52.3	1
120028	3702.AT1G56580.1	292	3
133583	3702.AT4G16143.1	127	5
138156	3702.AT5G20290.1	527	10
135854	3702.AT4G36940.1	19.8	1
124326	3702.AT2G26670.1	75.2	2
123418	3702.AT2G18020.1	410	16
128940	3702.AT3G22200.2	49.3	2
134882	3702.AT4G28020.1	24.1	2
122114	3702.AT1G78370.1	1733	55
127051	3702.AT3G04770.1	64.1	8
119132	3702.AT1G48030.1	475	20
122225	3702.AT1G79440.1	41.9	2
116089	3702.AT1G08360.1	21.4	1
134968	3702.AT4G28750.1	430	3
138223	3702.AT5G20980.1	742	241
125723	3702.AT2G39730.1	23276	665
140892	3702.AT5G52650.1	31.3	1
141334	3702.AT5G56680.1	66.1	2
118268	3702.AT1G29965.1	728	26
117607	3702.AT1G22780.1	731	23
132055	3702.AT3G63490.1	1122	36
130977	3702.AT3G53230.1	43.0	13
123662	3702.AT2G20420.1	40.3	1
132075	3702.AT4G00100.1	699	15
141685	3702.AT5G59970.1	106	5
120616	3702.AT1G63970.1	19.0	1
124847	3702.AT2G31570.1	96.7	1
122317	3702.AT1G80360.1	230	6
133587	3702.AT4G16155.1	191	10
135033	3702.AT4G29350.1	720	7
124423	3702.AT2G27530.1	255	5
120016	3702.AT1G56450.1	27.2	1
131105	3702.AT3G54440.3	16.1	2
126774	3702.AT3G02240.1	45.1	1
125895	3702.AT2G41220.1	212	67
128514	3702.AT3G18295.1	131	5
128346	3702.AT3G16780.1	462	3
131693	3702.AT3G60140.1	0.945	2
121160	3702.AT1G68990.2	7.83	1
133167	3702.AT4G12730.1	39.3	1
118234	3702.AT1G29660.1	188	7
128569	3702.AT3G18780.2	128	12
121604	3702.AT1G73390.1	15.3	4
117394	3702.AT1G20760.1	26.9	2
128524	3702.AT3G18390.1	21.3	1
137634	3702.AT5G15450.1	246	17
124624	3702.AT2G29550.1	62.5	20
115941	3702.AT1G07040.1	328	10
119986	3702.AT1G56190.1	2434	238
122164	3702.AT1G78850.1	176	10
119674	3702.AT1G53310.1	111	29
129238	3702.AT3G24830.1	104	4
117847	3702.AT1G25350.2	9.0	1
130982	3702.AT3G53260.1	4.26	1
116576	3702.AT1G12840.1	68.7	2
142539	3702.ATCG00480.1	21261	1224
136960	3702.AT5G08280.1	2804	103
129578	3702.AT3G27925.1	49.4	1
128373	3702.AT3G17020.1	89.2	1
124828	3702.AT2G31390.1	6.73	1
115464	3702.AT1G02500.1	103	8
122146	3702.AT1G78680.1	140	6
131251	3702.AT3G55760.1	160	7
136529	3702.AT5G04140.2	3877	609
119020	3702.AT1G45223.1	27.1	7
121336	3702.AT1G70730.3	156	12
130944	3702.AT3G52930.1	1839	64
116622	3702.AT1G13280.1	418	9
119019	3702.AT1G45221.1	27.1	7
141061	3702.AT5G54160.1	72.7	2
120564	3702.AT1G63420.1	4.21	4
129977	3702.AT3G43810.1	103	8
116230	3702.AT1G09690.1	415	12
118396	3702.AT1G31230.1	5.37	1
130358	3702.AT3G47520.1	1013	68
122626	3702.AT2G03500.1	1.85	1
139940	3702.AT5G43940.2	390	18
138213	3702.AT5G20890.1	109	4
142113	3702.AT5G64050.1	92.5	4
133400	3702.AT4G14680.1	12.5	3
120063	3702.AT1G57760.1	27.1	7
120475	3702.AT1G62630.1	18.6	2
126719	3702.AT3G01720.1	8.68	4
122487	3702.AT2G02010.1	226	37
124855	3702.AT2G31670.1	137	4
139000	3702.AT5G34850.1	164	7
115500	3702.AT1G02850.4	0.857	2
121868	3702.AT1G76020.1	35.3	1
142159	3702.AT5G64460.1	299	8
139003	3702.AT5G34881.1	60.9	7
137088	3702.AT5G09810.1	103	13
142700	3702.ATMG01190.1	149	12
141403	3702.AT5G57320.1	13.2	4
141178	3702.AT5G55220.1	200	9
128210	3702.AT3G15520.1	153	7
126787	3702.AT3G02360.1	4.92	1
121698	3702.AT1G74260.1	39.4	5
135697	3702.AT4G35460.1	12.4	1
136349	3702.AT5G02490.1	512	114
125933	3702.AT2G41530.1	345	11
139831	3702.AT5G42980.1	6609	117
116170	3702.AT1G09170.1	11.5	1
140498	3702.AT5G48960.1	60.3	3
137769	3702.AT5G16715.1	8.0	1
115666	3702.AT1G04480.1	1168	40
138916	3702.AT5G28540.1	376	73
118723	3702.AT1G34760.1	112	66
119714	3702.AT1G53640.1	235	2
125732	3702.AT2G39800.1	22.6	1
135562	3702.AT4G34200.1	6.95	1
130306	3702.AT3G46940.1	42.0	1
134799	3702.AT4G27270.1	66.0	2
142590	3702.ATCG01120.1	444	3
125106	3702.AT2G33880.1	538	11
137739	3702.AT5G16440.1	21.7	2
129396	3702.AT3G26340.1	516	18
142392	3702.AT5G66570.1	3063	158
121553	3702.AT1G72910.1	23.6	2
121875	3702.AT1G76080.1	433	15
116242	3702.AT1G09795.1	35.3	1
123798	3702.AT2G21580.1	367	9
139119	3702.AT5G36210.1	45.0	3
122115	3702.AT1G78380.1	2536	86
123352	3702.AT2G17420.1	36.0	2
122741	3702.AT2G04700.1	1037	14
131433	3702.AT3G57560.1	44.4	1
119572	3702.AT1G52380.1	24.9	1
134502	3702.AT4G24490.1	53.6	2
118491	3702.AT1G32200.1	65.9	2
121800	3702.AT1G75290.1	17.3	1
135501	3702.AT4G33640.1	250	2
141510	3702.AT5G58290.1	185	6
141611	3702.AT5G59240.1	279	6
136785	3702.AT5G06600.1	51.0	9
122266	3702.AT1G79850.1	3022	36
135159	3702.AT4G30530.1	269	3
137330	3702.AT5G12110.1	31.5	1
128311	3702.AT3G16460.1	39.7	2
138969	3702.AT5G30510.1	151	5
123427	3702.AT2G18110.1	221	2
130518	3702.AT3G49010.1	285	4
141106	3702.AT5G54570.1	0.735	2
124340	3702.AT2G26800.2	34.5	1
131083	3702.AT3G54210.1	41.6	1
139426	3702.AT5G39320.1	27.8	1
116074	3702.AT1G08200.1	15.2	2
127735	3702.AT3G11400.2	517	8
123803	3702.AT2G21630.1	8.09	1
137438	3702.AT5G13520.1	33.1	2
115838	3702.AT1G06030.1	5.07	1
130764	3702.AT3G51240.1	39.2	1
134862	3702.AT4G27830.1	0.998	2
125377	3702.AT2G36460.1	1010	34
131354	3702.AT3G56800.1	103	8
139985	3702.AT5G44340.1	62.0	20
133026	3702.AT4G11380.2	33.6	1
117308	3702.AT1G19920.1	11.0	3
142346	3702.AT5G66120.2	85.9	2
126206	3702.AT2G44120.2	327	13
116929	3702.AT1G16160.1	10.2	4
137389	3702.AT5G13030.1	24.7	2
121321	3702.AT1G70580.1	914	93
135379	3702.AT4G32520.1	24.7	1
116824	3702.AT1G15140.1	1059	17
116164	3702.AT1G09130.3	28.9	1
130510	3702.AT3G48930.1	35.5	1
121247	3702.AT1G69830.1	134	9
127714	3702.AT3G11210.1	54.8	1
139484	3702.AT5G39850.1	1069	29
132047	3702.AT3G63410.1	168	5
137437	3702.AT5G13510.1	669	13
126145	3702.AT2G43560.1	1595	24
115835	3702.AT1G06000.1	43.7	1
134561	3702.AT4G25050.2	317	3
141000	3702.AT5G53620.1	71.0	3
126821	3702.AT3G02660.1	39.9	2
138774	3702.AT5G27030.2	1.18	1
123865	3702.AT2G22230.1	70.2	4
124903	3702.AT2G32080.1	357	10
118478	3702.AT1G32060.1	6487	254
121346	3702.AT1G70820.1	223	10
137755	3702.AT5G16570.1	187	7
136771	3702.AT5G06460.1	76.0	14
117489	3702.AT1G21680.1	181	10
122285	3702.AT1G80050.1	65.4	3
138742	3702.AT5G26742.2	18.7	2
138455	3702.AT5G23860.1	62.5	20
130934	3702.AT3G52840.1	15.2	1
127496	3702.AT3G09200.1	364	21
127559	3702.AT3G09840.1	330	29
142517	3702.ATCG00120.1	8947	270
127058	3702.AT3G04840.1	1557	26
130881	3702.AT3G52310.1	0.72	1
132133	3702.AT4G00570.1	17.0	1
116845	3702.AT1G15340.1	920	16
135441	3702.AT4G33090.1	100	10
139928	3702.AT5G43830.1	767	7
121364	3702.AT1G70980.1	40.5	1
126291	3702.AT2G44920.2	1641	35
115693	3702.AT1G04690.1	449	13
139265	3702.AT5G37780.3	69.0	8
131208	3702.AT3G55410.1	96.7	10
129350	3702.AT3G25920.1	356	8
122236	3702.AT1G79550.1	762	45
132473	3702.AT4G03520.1	516	11
135796	3702.AT4G36390.1	23.5	1
123050	3702.AT2G13560.1	24.8	1
124436	3702.AT2G27680.1	26.5	1
132912	3702.AT4G10300.1	130	3
128087	3702.AT3G14415.2	1920	145
120940	3702.AT1G66980.1	50.3	25
118294	3702.AT1G30230.2	3141	31
125884	3702.AT2G41110.2	82.2	8
132273	3702.AT4G01800.2	66.8	7
117717	3702.AT1G23820.1	418	13
126183	3702.AT2G43910.2	123	6
120828	3702.AT1G65930.1	1211	53
141951	3702.AT5G62530.1	28.8	1
127428	3702.AT3G08580.1	8.41	1
121799	3702.AT1G75280.1	84.3	3
136516	3702.AT5G04020.1	9.27	1
135616	3702.AT4G34670.1	1241	21
115837	3702.AT1G06020.1	5.06	1
130030	3702.AT3G44320.1	115	9
133691	3702.AT4G17040.1	87.3	2
135781	3702.AT4G36195.1	324	12
126810	3702.AT3G02560.1	224	7
134998	3702.AT4G29040.1	7.06	1
119255	3702.AT1G49240.1	128	12
130090	3702.AT3G44890.1	428	9
132020	3702.AT3G63140.1	328	11
126264	3702.AT2G44650.1	439	6
133214	3702.AT4G13170.1	298	8
139957	3702.AT5G44090.1	79.6	4
140118	3702.AT5G45510.1	26.2	2
135635	3702.AT4G34870.1	1683	23
