#name: E.coli - Whole organism, SC (PRIDE,PRD000485,2012)
#score: 16.13
#weight: 20%
#description: abundance based on Spectral counting, from<a href="http://www.ebi.ac.uk/pride/" target="_blank">PRIDE,PRD000485,2012</a><br/><b>Interaction consistency score</b>: 16.13&nbsp<b>Coverage</b>: 55
#organ: WHOLE_ORGANISM
#integrated: false
#coverage: 55
#publication_year: 2012
#filename: ecoli2_resolutionCombination_PRIDE.txt
#
#internal_id	string_external_id	abundance	raw_spectral_count
6883949	511145.b3356	387	21
6883950	511145.b3357	1296	202
6883203	511145.b2518	2026	102
6883945	511145.b3352	47.6	18
6884377	511145.b3825	19.2	5
6884378	511145.b3826	87.4	7
6884373	511145.b3821	36.4	6
6883198	511145.b2513	654	59
6883197	511145.b2512	280	51
6883196	511145.b2511	78.1	23
6883202	511145.b2517	55.9	14
6883201	511145.b2516	684	57
6883951	511145.b3358	2.43	1
6883952	511145.b3359	40.0	5
6883561	511145.b2925	2153	285
6882895	511145.b2193	25.5	3
6884306	511145.b3734	2311	536
6884307	511145.b3735	568	42
6884308	511145.b3736	827	83
6884309	511145.b3737	1216	24
6884302	511145.b3730	124	35
6884303	511145.b3731	826	14
6883289	511145.b2609	3752	146
6883288	511145.b2608	161	17
6883287	511145.b2607	39.3	6
6883286	511145.b2606	4010	237
6883047	511145.b2351	77.6	11
6884311	511145.b3739	10.2	1
6883281	511145.b2601	9.1	6
6883280	511145.b2600	37.1	16
6882876	511145.b2171	828	52
6882878	511145.b2173	1.56	3
6882877	511145.b2172	8.41	3
6884518	511145.b3987	949	642
6884517	511145.b3986	20478	912
6883622	511145.b2996	14.6	3
6883620	511145.b2994	159	36
6884459	511145.b3918	19.8	5
6884460	511145.b3919	2084	163
6882637	511145.b1896	210	34
6884457	511145.b3916	970	163
6883199	511145.b2514	767	180
6884453	511145.b3910	83.2	9
6884454	511145.b3911	2.37	1
6884455	511145.b3912	1535	100
6883624	511145.b2998	52.6	4
6883999	511145.b3408	412	24
6881888	511145.b1097	9.33	2
6881886	511145.b1095	598	65
6881885	511145.b1094	9313	240
6881884	511145.b1093	942	90
6881883	511145.b1092	1591	99
6881882	511145.b1091	1505	162
6881881	511145.b1090	52.2	14
6881889	511145.b1098	62.2	7
6883459	511145.b2806	36.6	7
6882845	511145.b2140	3.33	1
6882653	511145.b1918	6.44	1
6882210	511145.b1448	35.9	3
6883430	511145.b2777	15.3	2
6883429	511145.b2776	5.5	6
6883432	511145.b2779	4310	703
6883431	511145.b2778	10.4	1
6882051	511145.b1273	789	35
6882050	511145.b1272	257	45
6882049	511145.b1271	37.3	6
6882048	511145.b1270	101	7
6882055	511145.b1277	239	18
6882054	511145.b1276	618	172
6882053	511145.b1275	259	42
6882052	511145.b1274	172	70
6882057	511145.b1279	338	4
6882421	511145.b1678	355	40
6884854	511145.b4358	21.4	8
6884848	511145.b4352	68.4	11
6884847	511145.b4351	19.3	3
6884846	511145.b4350	47.7	35
6884851	511145.b4355	879	340
6884850	511145.b4354	49.2	11
6882652	511145.b1917	55.9	7
6882616	511145.b1875	16.5	2
6882615	511145.b1874	4.39	1
6882398	511145.b1653	0.404	5
6882617	511145.b1876	148	49
6882612	511145.b1871	23.9	4
6882611	511145.b1870	26.9	6
6882402	511145.b1657	37.0	3
6882613	511145.b1872	20.4	15
6881512	511145.b0700	5.11	24
6881678	511145.b0877	1.77	6
6882620	511145.b1879	25.3	5
6881671	511145.b0870	241	46
6881516	511145.b0707	3.63	1
6884659	511145.b4137	384	19
6882102	511145.b1325	28.0	7
6884657	511145.b4135	159	21
6884656	511145.b4133	2.57	4
6884654	511145.b4131	7.86	4
6884661	511145.b4139	2544	471
6884660	511145.b4138	150	15
6882236	511145.b1479	277	68
6882232	511145.b1475	19.5	9
6882214	511145.b1452	2181	355
6882100	511145.b1323	30.4	11
6882099	511145.b1322	82.5	9
6881488	511145.b0674	1244	383
6884935	511145.b4487	437	3
6881490	511145.b0676	116	27
6881491	511145.b0677	113	17
6881492	511145.b0678	236	24
6880982	511145.b0104	646	59
6882340	511145.b1595	1.43	1
6884304	511145.b3732	2007	536
6880980	511145.b0102	159	22
6884305	511145.b3733	753	118
6881148	511145.b0292	8.45	1
6881146	511145.b0290	22.0	6
6881147	511145.b0291	11.6	6
6884534	511145.b4003	15.2	6
6884533	511145.b4002	1307	51
6882262	511145.b1507	4.59	4
6884531	511145.b4000	2858	134
6880938	511145.b0058	13.0	4
6884537	511145.b4006	1290	372
6884536	511145.b4005	1209	169
6884535	511145.b4004	2.61	1
6880936	511145.b0054	185	90
6880937	511145.b0055	184	16
6884005	511145.b3414	1391	97
6880933	511145.b0051	21.1	3
6880934	511145.b0052	43.1	6
6880935	511145.b0053	404	75
6884310	511145.b3738	23.7	2
6881293	511145.b0450	748	46
6881294	511145.b0451	610	25
6881704	511145.b0904	355	15
6881705	511145.b0905	25.2	5
6881702	511145.b0902	198	29
6881703	511145.b0903	5614	2281
6881300	511145.b0458	77.2	4
6883048	511145.b2352	12.4	3
6881708	511145.b0908	221	50
6884001	511145.b3410	55.5	1
6883657	511145.b3038	36.8	5
6883655	511145.b3035	631	153
6883654	511145.b3034	132	15
6883652	511145.b3032	7.99	1
6883650	511145.b3030	3.0	2
6883619	511145.b2993	15.1	1
6882111	511145.b1334	203	13
6884169	511145.b3589	2.84	1
6884168	511145.b3588	83.5	17
6884003	511145.b3412	75.3	7
6883266	511145.b2581	628	72
6881438	511145.b0611	88.6	9
6883719	511145.b3102	63.9	8
6882631	511145.b1890	68.0	7
6883723	511145.b3106	3.32	1
6883722	511145.b3105	2.08	6
6883956	511145.b3363	2250	126
6883955	511145.b3362	330	3
6883709	511145.b3092	118	29
6883958	511145.b3365	0.501	1
6883961	511145.b3368	35.7	5
6883711	511145.b3094	48.9	4
6884265	511145.b3690	3.33	1
6884269	511145.b3697	328	35
6884271	511145.b3699	443	142
6884270	511145.b3698	369	18
6882893	511145.b2188	9.93	3
6882885	511145.b2180	10.6	10
6882887	511145.b2182	171	8
6882888	511145.b2183	216	21
6882890	511145.b2185	3326	197
6882891	511145.b2186	112	22
6882892	511145.b2187	134	5
6884313	511145.b3741	82.5	16
6883297	511145.b2619	21.7	3
6884315	511145.b3743	35.5	4
6884314	511145.b3742	697	20
6883820	511145.b3213	237	74
6883819	511145.b3212	419	299
6884319	511145.b3747	0.527	2
6883817	511145.b3210	21.8	7
6883290	511145.b2610	262	52
6883291	511145.b2611	18.1	1
6883041	511145.b2344	15.2	3
6883042	511145.b2345	19.2	4
6883292	511145.b2614	2532	139
6883040	511145.b2343	1301	56
6883294	511145.b2616	2.12	1
6883295	511145.b2617	1152	25
6882872	511145.b2167	56.4	9
6882865	511145.b2160	5.22	4
6882866	511145.b2161	5.81	3
6882873	511145.b2168	63.5	9
6882874	511145.b2169	299	36
6883607	511145.b2980	19.9	17
6882630	511145.b1889	58.1	15
6883609	511145.b2983	30.7	8
6884501	511145.b3961	320	46
6882622	511145.b1881	1701	179
6882623	511145.b1882	914	65
6882624	511145.b1883	51.3	8
6882625	511145.b1884	20.2	4
6882626	511145.b1885	376	165
6882627	511145.b1886	1891	668
6882628	511145.b1887	473	54
6883192	511145.b2507	668	206
6883185	511145.b2500	108	12
6883186	511145.b2501	24.0	18
6883187	511145.b2502	82.1	31
6883188	511145.b2503	1.02	1
6883193	511145.b2508	1906	371
6883194	511145.b2509	5.1	6
6881873	511145.b1082	27.7	7
6881874	511145.b1083	120	14
6881875	511145.b1084	535	193
6881877	511145.b1086	36.6	9
6881878	511145.b1087	73.7	8
6881879	511145.b1088	96.1	9
6881880	511145.b1089	2901	61
6883140	511145.b2455	29.8	8
6884900	511145.b4410	26.8	1
6884901	511145.b4411	1803	29
6883934	511145.b3341	4840	382
6883420	511145.b2765	52.0	5
6883423	511145.b2768	6.65	1
6884903	511145.b4415	24.8	1
6884841	511145.b4345	20.2	12
6882046	511145.b1268	12.4	4
6882047	511145.b1269	38.4	6
6882042	511145.b1264	213	56
6882044	511145.b1266	45.5	4
6882045	511145.b1267	345	37
6884844	511145.b4348	4.57	1
6882039	511145.b1261	811	92
6882040	511145.b1262	142	35
6882041	511145.b1263	247	34
6884587	511145.b4061	6.34	4
6884590	511145.b4064	221	15
6882607	511145.b1866	760	249
6882608	511145.b1867	162	10
6882385	511145.b1640	42.0	5
6882386	511145.b1641	1933	108
6882391	511145.b1646	254	21
6882392	511145.b1647	73.9	14
6882601	511145.b1860	52.8	8
6882602	511145.b1861	141	6
6881643	511145.b0842	4.07	2
6881642	511145.b0841	55.0	13
6881641	511145.b0840	7.7	1
6881647	511145.b0846	9.51	1
6881645	511145.b0844	5.77	1
6884643	511145.b4120	1.98	2
6884645	511145.b4122	213	134
6880996	511145.b0119	165	9
6880995	511145.b0118	789	359
6880992	511145.b0115	1612	584
6880991	511145.b0114	1730	779
6880993	511145.b0116	1436	341
6880988	511145.b0111	24.8	6
6880990	511145.b0113	14.9	1
6882227	511145.b1468	4.59	7
6882228	511145.b1469	15.8	3
6882219	511145.b1460	12.3	12
6882226	511145.b1467	15.1	10
6882224	511145.b1465	8.08	2
6881421	511145.b0593	479	87
6881420	511145.b0592	257	23
6881423	511145.b0595	1384	236
6881422	511145.b0594	736	128
6881425	511145.b0597	65.4	6
6881424	511145.b0596	661	79
6881427	511145.b0599	25.5	4
6881426	511145.b0598	36.0	5
6881433	511145.b0605	3549	357
6881435	511145.b0607	3623	272
6881434	511145.b0606	941	204
6880911	511145.b0029	126	18
6880910	511145.b0028	208	10
6883165	511145.b2480	1071	105
6882265	511145.b1512	4.53	1
6884546	511145.b4019	17.0	10
6884541	511145.b4014	1669	398
6884542	511145.b4015	4344	731
6884543	511145.b4016	0.604	1
6884544	511145.b4017	6.49	4
6880907	511145.b0025	44.6	6
6880908	511145.b0026	715	361
6881371	511145.b0535	2.1	2
6881733	511145.b0933	4.53	1
6881732	511145.b0932	487	214
6881731	511145.b0931	35.4	10
6881730	511145.b0930	1189	250
6881736	511145.b0936	11.0	4
6881735	511145.b0935	3.11	1
6881739	511145.b0939	26.9	6
6883851	511145.b3247	65.5	17
6881187	511145.b0337	1087	159
6881186	511145.b0336	22.8	1
6881181	511145.b0330	19.1	3
6881183	511145.b0333	1.77	2
6883942	511145.b3349	1673	73
6881188	511145.b0338	11.8	5
6881727	511145.b0927	287	28
6884913	511145.b4464	8.2	2
6883648	511145.b3028	268	27
6883649	511145.b3029	317	11
6883644	511145.b3024	1507	92
6883645	511145.b3025	1.06	1
6883646	511145.b3026	0.746	1
6881056	511145.b0180	336	45
6881584	511145.b0783	25.4	3
6884170	511145.b3590	51.4	17
6884171	511145.b3591	29.6	9
6884172	511145.b3592	9.66	11
6884176	511145.b3597	30.1	10
6884178	511145.b3599	426	73
6883100	511145.b2415	2724	90
6883727	511145.b3114	474	383
6883730	511145.b3117	29.8	11
6883726	511145.b3113	831	64
6884514	511145.b3983	2311	161
6883969	511145.b3378	94.1	4
6883970	511145.b3379	11.5	3
6883967	511145.b3376	0.537	1
6883964	511145.b3371	2.76	2
6884729	511145.b4211	32.1	3
6884513	511145.b3982	386	38
6884262	511145.b3687	87.5	7
6883807	511145.b3200	40.8	3
6883808	511145.b3201	376	49
6884322	511145.b3750	8.2	1
6884323	511145.b3751	778	124
6883811	511145.b3204	89.5	6
6883812	511145.b3205	14.5	4
6884327	511145.b3755	155	8
6883815	511145.b3208	4.44	4
6883816	511145.b3209	1034	84
6883062	511145.b2370	1.34	1
6882858	511145.b2153	1639	162
6882857	511145.b2152	5.08	2
6882856	511145.b2151	12.0	6
6881577	511145.b0776	21.3	5
6882862	511145.b2157	22.4	3
6882861	511145.b2156	15.8	1
6882860	511145.b2155	2379	800
6882859	511145.b2154	70.3	14
6883090	511145.b2405	2.16	6
6882144	511145.b1376	825	77
6882864	511145.b2159	15.5	4
6883089	511145.b2400	1572	330
6884508	511145.b3972	91.5	17
6884509	511145.b3973	28.1	8
6883605	511145.b2977	16.0	1
6883604	511145.b2976	250	89
6884510	511145.b3974	57.0	14
6882796	511145.b2081	61.5	14
6882795	511145.b2080	643	36
6883256	511145.b2571	81.4	10
6883258	511145.b2573	169	22
6883261	511145.b2576	463	96
6883264	511145.b2579	9614	868
6881870	511145.b1079	229	28
6881869	511145.b1078	24.6	2
6881867	511145.b1076	79.4	10
6881862	511145.b1071	356	22
6881861	511145.b1070	495	36
6881864	511145.b1073	15.8	9
6881863	511145.b1072	41.4	8
6882704	511145.b1981	273	24
6882706	511145.b1983	590	53
6884018	511145.b3430	482	89
6882707	511145.b1985	7.77	5
6883479	511145.b2829	52.9	17
6883523	511145.b2883	0.636	3
6883478	511145.b2828	9.01	2
6883525	511145.b2887	1.55	1
6883452	511145.b2799	73.9	12
6883451	511145.b2798	51.5	8
6883448	511145.b2795	154	47
6883447	511145.b2794	87.6	20
6883450	511145.b2797	5.74	3
6883449	511145.b2796	1472	120
6884025	511145.b3439	213	27
6883445	511145.b2792	16.9	1
6882002	511145.b1219	793	29
6882829	511145.b2121	6.47	2
6884837	511145.b4336	14.5	8
6881994	511145.b1211	43.8	7
6881993	511145.b1210	0.669	1
6881996	511145.b1213	1.71	2
6881998	511145.b1215	1014	124
6881997	511145.b1214	14.8	32
6882000	511145.b1217	83.6	3
6883472	511145.b2822	4.95	6
6881972	511145.b1189	63.6	15
6883471	511145.b2821	34.5	16
6881965	511145.b1182	12.1	4
6881968	511145.b1185	158	16
6881970	511145.b1187	164	19
6881969	511145.b1186	454	50
6881655	511145.b0854	3.1	1
6881658	511145.b0857	20.5	2
6881652	511145.b0851	374	43
6881660	511145.b0859	1.38	3
6882594	511145.b1853	6.96	2
6882593	511145.b1852	1235	346
6882592	511145.b1851	25.0	8
6882591	511145.b1850	910	67
6882598	511145.b1857	260	38
6882422	511145.b1679	8.64	1
6882595	511145.b1854	875	187
6882420	511145.b1677	4271	178
6882419	511145.b1676	1829	491
6882599	511145.b1858	9.07	1
6882416	511145.b1673	3.56	5
6882218	511145.b1457	61.6	10
6882101	511145.b1324	3791	224
6882098	511145.b1321	17.1	5
6882097	511145.b1320	7.99	3
6882213	511145.b1451	3.05	2
6882212	511145.b1450	17.6	2
6880983	511145.b0106	11.2	1
6884934	511145.b4485	5.56	1
6882106	511145.b1329	33.1	11
6884930	511145.b4481	7.83	6
6880979	511145.b0101	58.4	3
6882438	511145.b1695	12.5	4
6882437	511145.b1694	9.3	3
6882440	511145.b1697	7.93	1
6882439	511145.b1696	2.97	1
6882436	511145.b1693	82.0	11
6884759	511145.b4245	6123	1147
6884758	511145.b4244	1615	134
6884754	511145.b4240	29.4	4
6884757	511145.b4243	5309	185
6881410	511145.b0582	1.06	1
6882396	511145.b1651	452	22
6881409	511145.b0581	14.3	4
6881414	511145.b0586	500	229
6881415	511145.b0587	30.4	11
6881412	511145.b0584	1024	310
6882395	511145.b1650	44.0	7
6881416	511145.b0588	113	8
6881437	511145.b0610	56.9	3
6882397	511145.b1652	21.6	2
6881441	511145.b0614	3.12	3
6882400	511145.b1655	4.86	1
6881445	511145.b0618	2.61	1
6882399	511145.b1654	1028	54
6881680	511145.b0879	9.71	6
6884595	511145.b4069	48.5	16
6881677	511145.b0876	7.6	7
6882274	511145.b1521	15.0	5
6882273	511145.b1520	35.5	5
6882279	511145.b1526	1.58	1
6882278	511145.b1525	5.7	2
6882403	511145.b1658	348	77
6880914	511145.b0032	829	135
6880915	511145.b0033	1210	579
6880912	511145.b0030	5.87	11
6880913	511145.b0031	84.8	12
6884591	511145.b4065	2.14	4
6882702	511145.b1976	38.1	4
6881728	511145.b0928	1929	435
6881515	511145.b0706	27.9	13
6881724	511145.b0924	149	124
6881725	511145.b0925	54.4	23
6881672	511145.b0871	406	78
6881720	511145.b0920	21.2	3
6881722	511145.b0922	4.23	2
6881723	511145.b0923	119	13
6884658	511145.b4136	1.14	1
6881176	511145.b0325	453	81
6881180	511145.b0329	400	14
6883920	511145.b3327	1.57	2
6884911	511145.b4461	19.1	3
6884912	511145.b4463	1.82	2
6884918	511145.b4469	8.33	3
6884917	511145.b4468	3.71	1
6883874	511145.b3279	267	30
6882588	511145.b1847	43.2	4
6884437	511145.b3894	71.0	32
6883913	511145.b3320	2039	242
6883486	511145.b2836	3.5	2
6883227	511145.b2542	1.58	2
6883922	511145.b3329	35.5	3
6884148	511145.b3568	48.5	10
6884726	511145.b4208	114	14
6884147	511145.b3567	3.3	5
6884146	511145.b3566	5.38	1
6884140	511145.b3560	503	64
6883770	511145.b3161	481	22
6883772	511145.b3163	12.2	1
6883771	511145.b3162	17.9	11
6883774	511145.b3165	2862	85
6883773	511145.b3164	868	248
6883776	511145.b3167	1182	67
6883775	511145.b3166	10.3	1
6883778	511145.b3169	848	164
6883777	511145.b3168	499	191
6882519	511145.b1778	253	12
6881500	511145.b0686	32.8	5
6883902	511145.b3309	2931	162
6883901	511145.b3308	2476	293
6883894	511145.b3301	2329	212
6883893	511145.b3300	588	63
6883896	511145.b3303	4017	392
6883895	511145.b3302	1092	33
6883898	511145.b3305	3765	386
6883897	511145.b3304	5486	134
6883900	511145.b3307	5823	93
6883899	511145.b3306	2246	179
6883058	511145.b2366	86.1	22
6883061	511145.b2369	192	20
6884328	511145.b3764	2362	119
6884488	511145.b3947	8.32	7
6884487	511145.b3946	24.1	4
6884486	511145.b3945	585	70
6884007	511145.b3416	7.92	4
6884483	511145.b3942	716	228
6883103	511145.b2418	313	40
6883104	511145.b2419	6.48	1
6883101	511145.b2416	1843	561
6883102	511145.b2417	2323	160
6883099	511145.b2414	1101	167
6882852	511145.b2147	13.3	5
6883097	511145.b2412	91.7	13
6883098	511145.b2413	97.0	5
6884489	511145.b3949	8.85	1
6883096	511145.b2411	6.72	4
6884344	511145.b3785	21.5	10
6884346	511145.b3787	22.9	4
6884345	511145.b3786	125	31
6884341	511145.b3781	1533	112
6884340	511145.b3780	208	47
6884342	511145.b3783	1463	354
6883597	511145.b2964	28.3	3
6883598	511145.b2965	9.47	8
6884348	511145.b3789	70.1	20
6884347	511145.b3788	42.2	21
6883593	511145.b2960	92.8	10
6883594	511145.b2961	5.46	5
6882804	511145.b2093	2349	102
6882802	511145.b2091	14.3	2
6882807	511145.b2096	2843	328
6882808	511145.b2097	592	96
6882805	511145.b2094	1019	55
6882806	511145.b2095	3458	494
6882810	511145.b2099	6.21	4
6884699	511145.b4180	220	21
6883248	511145.b2563	60.2	3
6883245	511145.b2560	16.5	2
6883251	511145.b2566	84.6	18
6883252	511145.b2567	96.1	14
6883249	511145.b2564	342	33
6883250	511145.b2565	0.759	1
6883253	511145.b2568	297	49
6883254	511145.b2569	389	112
6882239	511145.b1482	1459	84
6881859	511145.b1068	13.7	2
6881860	511145.b1069	15.3	6
6881857	511145.b1066	38.2	6
6881858	511145.b1067	712	64
6881855	511145.b1064	1001	114
6882240	511145.b1483	8.19	10
6881853	511145.b1062	1063	161
6881854	511145.b1063	90.0	7
6882712	511145.b1992	14.7	30
6882713	511145.b1993	73.6	5
6882710	511145.b1990	15.3	3
6882715	511145.b1996	0.885	1
6883536	511145.b2898	710	117
6883531	511145.b2893	489	33
6881269	511145.b0426	1616	178
6883529	511145.b2891	566	89
6883535	511145.b2897	236	14
6883532	511145.b2894	5.89	2
6883533	511145.b2895	222	12
6883439	511145.b2786	4.78	3
6883440	511145.b2787	2.3	1
6883437	511145.b2784	76.3	39
6883433	511145.b2780	635	176
6883434	511145.b2781	24.4	5
6884823	511145.b4322	31.2	9
6884824	511145.b4323	55.0	16
6881991	511145.b1208	4.69	1
6881992	511145.b1209	225	34
6884828	511145.b4327	11.3	5
6881267	511145.b0424	127	13
6882249	511145.b1492	878	111
6881986	511145.b1203	441	93
6881983	511145.b1200	106	14
6881990	511145.b1207	1027	150
6881987	511145.b1204	176	19
6881988	511145.b1205	82.3	2
6881981	511145.b1198	71.3	13
6881982	511145.b1199	211	28
6881975	511145.b1192	22.7	3
6881973	511145.b1190	16.1	4
6881974	511145.b1191	62.4	10
6881980	511145.b1197	7.27	2
6881977	511145.b1194	237	29
6881621	511145.b0820	43.9	14
6881624	511145.b0823	0.544	4
6881623	511145.b0822	19.7	4
6881626	511145.b0825	57.3	4
6881625	511145.b0824	3.24	1
6881628	511145.b0827	294	36
6881627	511145.b0826	4.56	1
6881630	511145.b0829	0.262	2
6881629	511145.b0828	4.85	1
6882589	511145.b1848	137	7
6882590	511145.b1849	871	162
6882406	511145.b1661	447	124
6882407	511145.b1662	542	61
6882408	511145.b1663	60.6	6
6882409	511145.b1664	4.85	1
6882582	511145.b1841	28.8	2
6882583	511145.b1842	4.54	2
6882410	511145.b1667	1448	102
6882114	511145.b1337	3.85	1
6881016	511145.b0139	5.09	2
6882112	511145.b1335	27.3	2
6882110	511145.b1333	659	77
6882107	511145.b1330	150	10
6881010	511145.b0133	380	74
6882211	511145.b1449	29.1	6
6881008	511145.b0131	51.3	2
6881007	511145.b0130	4.14	2
6882116	511145.b1339	0.902	1
6882429	511145.b1686	95.2	4
6882430	511145.b1687	6.42	6
6882427	511145.b1684	173	9
6882428	511145.b1685	306	15
6882425	511145.b1682	227	47
6882426	511145.b1683	87.9	24
6882423	511145.b1680	199	25
6882424	511145.b1681	118	18
6884768	511145.b4256	19.7	2
6884766	511145.b4254	29.1	8
6884767	511145.b4255	1407	28
6884764	511145.b4252	372	17
6884765	511145.b4253	19.3	16
6882432	511145.b1689	12.4	3
6881453	511145.b0628	99.9	12
6881452	511145.b0627	17.7	1
6882258	511145.b1501	2.23	1
6881450	511145.b0623	1932	163
6881447	511145.b0620	10.5	1
6880890	511145.b0006	140	16
6880888	511145.b0004	657	123
6881383	511145.b0551	50.1	5
6880886	511145.b0002	507	219
6881390	511145.b0559	51.9	3
6880893	511145.b0009	41.9	4
6880892	511145.b0008	2649	571
6882291	511145.b1538	353	100
6882292	511145.b1539	503	34
6882287	511145.b1534	15.6	3
6882288	511145.b1535	2.07	2
6884596	511145.b4070	29.4	5
6884603	511145.b4077	21.3	4
6881691	511145.b0891	259	33
6882263	511145.b1508	20.0	1
6881758	511145.b0958	4.98	1
6881331	511145.b0489	117	20
6881751	511145.b0951	19.4	6
6881753	511145.b0953	2206	75
6881322	511145.b0480	51.2	19
6881329	511145.b0487	14.6	1
6881754	511145.b0954	1036	92
6881757	511145.b0957	4623	737
6881756	511145.b0956	144	9
6881164	511145.b0312	72.8	20
6881162	511145.b0310	33.0	7
6881167	511145.b0315	3.67	1
6881166	511145.b0314	2.53	2
6883664	511145.b3045	0.885	1
6884921	511145.b4472	10.6	19
6884920	511145.b4471	14.7	33
6883661	511145.b3042	261	17
6884928	511145.b4479	17.3	4
6883660	511145.b3041	79.7	10
6881707	511145.b0907	1180	212
6881295	511145.b0452	105	16
6881296	511145.b0453	162	8
6883320	511145.b2647	0.96	1
6884154	511145.b3574	61.3	7
6884152	511145.b3572	75.8	22
6884150	511145.b3570	10.5	5
6883780	511145.b3172	168	48
6883779	511145.b3170	121	15
6883783	511145.b3176	679	174
6883784	511145.b3177	51.3	10
6883782	511145.b3175	275	12
6883785	511145.b3178	604	155
6883786	511145.b3179	102	10
6883911	511145.b3318	46.4	3
6883912	511145.b3319	985	135
6883905	511145.b3312	3921	98
6883906	511145.b3313	1615	57
6883903	511145.b3310	2053	91
6883904	511145.b3311	819	29
6883909	511145.b3316	756	44
6883910	511145.b3317	4167	460
6883907	511145.b3314	5549	405
6883908	511145.b3315	8407	338
6883010	511145.b2311	9.48	1
6883009	511145.b2310	349	55
6883012	511145.b2313	34.1	3
6883011	511145.b2312	269	52
6883014	511145.b2315	98.1	14
6883013	511145.b2314	105	7
6883015	511145.b2316	556	62
6883018	511145.b2319	170	14
6881838	511145.b1046	27.4	12
6884338	511145.b3778	3.01	1
6881839	511145.b1047	47.1	24
6884332	511145.b3770	150	22
6884333	511145.b3771	12.9	4
6884334	511145.b3772	17.6	6
6884336	511145.b3774	209	62
6884337	511145.b3775	258	18
6883997	511145.b3406	28.8	3
6883998	511145.b3407	281	104
6883995	511145.b3404	2.61	3
6883996	511145.b3405	404	56
6884495	511145.b3955	4.37	2
6884496	511145.b3956	899	418
6884497	511145.b3957	131	18
6883108	511145.b2423	33.1	3
6884499	511145.b3959	40.2	4
6883106	511145.b2421	19.7	2
6882839	511145.b2132	60.1	31
6883111	511145.b2426	72.3	15
6883110	511145.b2425	2.64	1
6884000	511145.b3409	982	244
6883592	511145.b2959	222	18
6883591	511145.b2958	17.1	4
6884350	511145.b3791	23.7	7
6883585	511145.b2952	38.3	4
6883584	511145.b2951	453	45
6883583	511145.b2950	1.38	1
6883590	511145.b2957	277	54
6883588	511145.b2955	5.8	2
6883587	511145.b2954	60.8	7
6881661	511145.b0860	214	31
6882568	511145.b1827	89.0	19
6883243	511145.b2558	12.8	24
6883242	511145.b2557	817	476
6882928	511145.b2226	5.23	3
6883238	511145.b2553	105	9
6883237	511145.b2552	28.3	7
6883236	511145.b2551	3933	629
6882924	511145.b2222	48.9	6
6882759	511145.b2044	2.8	1
6881850	511145.b1059	158	30
6882761	511145.b2046	3.09	1
6882756	511145.b2041	479	104
6882755	511145.b2040	113	15
6882758	511145.b2043	3.9	2
6882757	511145.b2042	593	83
6881843	511145.b1051	324	10
6881847	511145.b1056	60.4	6
6881846	511145.b1055	4.14	1
6882447	511145.b1704	547	102
6882446	511145.b1703	76.3	12
6882445	511145.b1702	289	99
6882444	511145.b1701	2.56	1
6882030	511145.b1252	228	14
6884814	511145.b4313	7.49	3
6882452	511145.b1709	2.17	2
6882451	511145.b1708	10.4	1
6881634	511145.b0833	11.4	8
6881631	511145.b0830	10.7	3
6881637	511145.b0836	3.41	1
6881638	511145.b0837	0.893	2
6881635	511145.b0834	5.07	1
6881636	511145.b0835	93.5	13
6881639	511145.b0838	676	70
6881640	511145.b0839	347	73
6882580	511145.b1839	32.4	1
6882572	511145.b1831	858	83
6882571	511145.b1830	51.9	18
6882574	511145.b1833	4.21	1
6882573	511145.b1832	186	17
6882577	511145.b1836	1080	28
6882081	511145.b1303	2.95	1
6882080	511145.b1302	5.84	2
6882083	511145.b1305	121	4
6882082	511145.b1304	564	54
6882087	511145.b1309	0.729	2
6882086	511145.b1308	2175	81
6884008	511145.b3417	223	102
6884781	511145.b4269	30.0	7
6884775	511145.b4263	13.1	4
6884774	511145.b4262	38.5	5
6884773	511145.b4261	27.5	4
6884772	511145.b4260	474	99
6884779	511145.b4267	1.54	2
6884776	511145.b4264	11.8	2
6884482	511145.b3941	156	22
6884481	511145.b3940	56.1	22
6882676	511145.b1945	189	30
6882016	511145.b1236	606	66
6882678	511145.b1947	15.9	1
6882014	511145.b1234	11.4	2
6882672	511145.b1941	26.8	5
6882012	511145.b1232	558	63
6882673	511145.b1942	4.17	1
6881455	511145.b0630	104	7
6881456	511145.b0631	1759	52
6881457	511145.b0632	271	70
6881458	511145.b0633	53.3	5
6881460	511145.b0635	4.92	3
6881461	511145.b0636	53.2	5
6881462	511145.b0637	221	11
6884572	511145.b4046	63.0	6
6881376	511145.b0544	7.71	4
6884570	511145.b4044	25.6	8
6884569	511145.b4043	55.5	7
6884568	511145.b4042	29.2	2
6884567	511145.b4041	149	67
6884566	511145.b4040	17.3	1
6880901	511145.b0019	36.0	4
6884575	511145.b4049	91.3	12
6884009	511145.b3418	13.1	8
6882300	511145.b1549	73.8	15
6882294	511145.b1541	1270	71
6882293	511145.b1540	20.5	2
6882848	511145.b2143	264	25
6881338	511145.b0496	5.14	5
6881333	511145.b0491	10.7	1
6881334	511145.b0492	1188	121
6881335	511145.b0493	76.7	9
6881001	511145.b0124	23.7	4
6881002	511145.b0125	486	43
6881748	511145.b0948	56.2	21
6881749	511145.b0949	53.2	14
6880997	511145.b0120	66.1	11
6880998	511145.b0121	343	35
6881000	511145.b0123	30.4	4
6881740	511145.b0940	0.396	2
6881747	511145.b0947	46.1	6
6881744	511145.b0944	4.27	1
6881745	511145.b0945	728	137
6881236	511145.b0391	852	24
6881161	511145.b0308	18.9	4
6881690	511145.b0890	91.2	21
6884845	511145.b4349	73.5	38
6882687	511145.b1957	55.1	2
6883595	511145.b2962	1335	98
6881692	511145.b0892	13.7	3
6883596	511145.b2963	24.0	5
6882685	511145.b1955	47.8	8
6881694	511145.b0894	12.7	7
6881695	511145.b0895	17.0	2
6884203	511145.b3624	3.26	2
6882149	511145.b1381	1.9	1
6882148	511145.b1380	344	52
6883716	511145.b3099	44.2	4
6883715	511145.b3098	1615	65
6884124	511145.b3543	231	21
6883707	511145.b3090	3.38	2
6884122	511145.b3541	29.0	5
6884121	511145.b3540	57.8	15
6884492	511145.b3952	3.5	3
6884126	511145.b3546	18.0	3
6883714	511145.b3097	80.4	10
6884125	511145.b3544	1460	387
6881405	511145.b0577	5.47	1
6884582	511145.b4056	88.9	4
6883758	511145.b3149	124	5
6883757	511145.b3148	8.15	3
6883756	511145.b3147	81.5	29
6883755	511145.b3146	35.1	5
6883754	511145.b3145	1.07	1
6883001	511145.b2302	8.44	1
6883002	511145.b2303	130	14
6882999	511145.b2300	397	21
6883000	511145.b2301	21.9	3
6883005	511145.b2306	8.87	1
6883003	511145.b2304	85.4	13
6883008	511145.b2309	1813	216
6882176	511145.b1410	1.73	1
6884021	511145.b3433	1432	144
6884020	511145.b3432	47.4	21
6884019	511145.b3431	26.2	9
6883580	511145.b2947	185	33
6883575	511145.b2942	1400	247
6881693	511145.b0893	782	182
6882828	511145.b2120	2.86	5
6884024	511145.b3438	7.12	2
6883581	511145.b2948	222	25
6882834	511145.b2127	1.77	1
6882831	511145.b2124	14.1	2
6883200	511145.b2515	135	35
6884434	511145.b3891	107	19
6883234	511145.b2549	1.72	4
6883918	511145.b3325	15.3	7
6884435	511145.b3892	15.0	6
6884438	511145.b3895	6.06	5
6883915	511145.b3322	12.4	1
6883914	511145.b3321	2712	193
6882938	511145.b2239	1284	214
6884441	511145.b3898	2.37	1
6882934	511145.b2234	397	141
6882935	511145.b2235	394	57
6882932	511145.b2232	188	20
6882933	511145.b2233	0.73	1
6882930	511145.b2230	10.9	5
6882931	511145.b2231	637	269
6882772	511145.b2057	2.59	1
6882767	511145.b2052	11.5	1
6883119	511145.b2434	40.6	3
6883120	511145.b2435	2.53	2
6883121	511145.b2436	16.4	3
6883115	511145.b2430	11.3	4
6883116	511145.b2431	273	41
6884803	511145.b4301	3.6	6
6884804	511145.b4302	10.7	4
6884807	511145.b4305	3.47	1
6881610	511145.b0809	350	35
6881608	511145.b0807	15.1	1
6881606	511145.b0805	460	108
6881605	511145.b0804	274	21
6881602	511145.b0801	293	29
6881601	511145.b0800	375	56
6881837	511145.b1045	38.2	5
6882569	511145.b1828	8.62	2
6882570	511145.b1829	417	51
6882563	511145.b1822	17.8	2
6882564	511145.b1823	4892	286
6881840	511145.b1048	733	167
6881841	511145.b1049	86.4	39
6881598	511145.b0797	4.33	1
6881596	511145.b0795	5.59	2
6881593	511145.b0792	11.9	3
6884783	511145.b4273	0.885	1
6882092	511145.b1314	10.4	3
6882093	511145.b1315	4.52	1
6882094	511145.b1316	2.21	1
6884785	511145.b4278	4.42	3
6882686	511145.b1956	0.746	4
6882004	511145.b1221	776	60
6882005	511145.b1222	8.6	5
6882006	511145.b1223	13.3	1
6882007	511145.b1224	168	96
6882008	511145.b1225	136	34
6882010	511145.b1227	11.1	2
6883528	511145.b2890	1170	469
6882688	511145.b1958	13.7	1
6884577	511145.b4051	926	104
6884578	511145.b4052	64.3	17
6881398	511145.b0570	5.32	2
6884580	511145.b4054	289	57
6884581	511145.b4055	53.3	9
6881403	511145.b0575	13.6	38
6884583	511145.b4057	646	38
6884584	511145.b4058	62.2	26
6884585	511145.b4059	394	41
6881407	511145.b0579	49.9	5
6881406	511145.b0578	899	107
6882309	511145.b1558	11.9	3
6882303	511145.b1552	13.6	4
6882301	511145.b1550	1410	89
6882308	511145.b1557	365	116
6881773	511145.b0974	20.8	4
6881772	511145.b0973	153	59
6881771	511145.b0972	17.7	3
6881777	511145.b0978	45.9	8
6881028	511145.b0151	45.9	8
6881027	511145.b0150	270	86
6881032	511145.b0155	5.08	1
6881031	511145.b0154	340	51
6881033	511145.b0156	87.2	5
6881036	511145.b0159	532	54
6880957	511145.b0077	91.7	27
6884380	511145.b3828	45.0	9
6884549	511145.b4022	26.5	4
6881077	511145.b0207	102	14
6884381	511145.b3829	1164	419
6881076	511145.b0200	127	11
6881079	511145.b0209	37.3	5
6881078	511145.b0208	7.51	1
6884829	511145.b4328	102	14
6884436	511145.b3893	29.6	13
6883705	511145.b3088	1.88	1
6883706	511145.b3089	351	45
6883214	511145.b2529	510	38
6883700	511145.b3083	32.3	4
6883697	511145.b3080	1.06	2
6883703	511145.b3086	5.57	1
6883704	511145.b3087	68.8	9
6883717	511145.b3100	13.1	1
6883759	511145.b3150	158	17
6883761	511145.b3152	19.9	3
6883762	511145.b3153	24.3	1
6883764	511145.b3155	343	27
6883765	511145.b3156	437	23
6883212	511145.b2527	79.1	6
6883209	511145.b2524	470	11
6883032	511145.b2333	15.6	1
6883030	511145.b2331	70.1	3
6883029	511145.b2330	1396	87
6884134	511145.b3554	410	39
6883553	511145.b2917	4.39	3
6884136	511145.b3556	1672	197
6884131	511145.b3551	18.4	6
6883326	511145.b2664	178	60
6884138	511145.b3558	27.7	19
6884139	511145.b3559	955	341
6883347	511145.b2687	1698	150
6883345	511145.b2685	23.9	6
6883344	511145.b2684	692	49
6883569	511145.b2935	1295	375
6884017	511145.b3429	365	64
6883571	511145.b2937	644	64
6883570	511145.b2936	5.85	1
6883572	511145.b2938	406	90
6884015	511145.b3426	2116	606
6884010	511145.b3421	0.345	3
6884011	511145.b3422	2.0	1
6884012	511145.b3423	3.04	4
6883548	511145.b2910	171	10
6882075	511145.b1297	8.06	3
6884425	511145.b3882	8.7	2
6882911	511145.b2209	23.7	2
6883926	511145.b3333	5.8	1
6884430	511145.b3887	55.5	5
6883929	511145.b3336	996	103
6884428	511145.b3885	406	34
6882904	511145.b2202	15.3	2
6884431	511145.b3888	4.61	1
6882908	511145.b2206	2.53	1
6882778	511145.b2063	11.6	4
6882777	511145.b2062	1.91	6
6882782	511145.b2067	2.43	2
6882781	511145.b2066	141	19
6882780	511145.b2065	151	14
6882779	511145.b2064	25.9	13
6883273	511145.b2592	1640	731
6883277	511145.b2597	1349	76
6883276	511145.b2595	475	72
6883275	511145.b2594	54.8	8
6883279	511145.b2599	146	22
6883496	511145.b2846	14.0	6
6883490	511145.b2840	19.8	4
6883094	511145.b2409	4.28	1
6883126	511145.b2441	8.39	3
6883128	511145.b2443	8.04	2
6882825	511145.b2114	446	179
6882824	511145.b2113	209	20
6883129	511145.b2444	3.89	1
6883206	511145.b2521	601	73
6882827	511145.b2119	2.93	1
6882826	511145.b2118	9.91	9
6881932	511145.b1141	8.01	1
6881931	511145.b1140	7.47	2
6882587	511145.b1846	358	30
6882558	511145.b1817	1060	166
6881620	511145.b0819	189	17
6882555	511145.b1814	154	23
6882553	511145.b1812	6.05	1
6881611	511145.b0810	143	25
6881612	511145.b0811	1942	278
6881613	511145.b0812	3079	316
6881615	511145.b0814	855	62
6881616	511145.b0815	2.22	5
6882560	511145.b1819	517	82
6882559	511145.b1818	571	34
6881825	511145.b1033	410	73
6881827	511145.b1035	191	19
6881826	511145.b1034	116	19
6882584	511145.b1843	5.84	1
6884719	511145.b4200	2913	207
6881583	511145.b0782	355	44
6882255	511145.b1498	28.9	7
6881586	511145.b0785	72.0	5
6884725	511145.b4207	1018	92
6884724	511145.b4206	105	13
6882250	511145.b1493	3164	1238
6882136	511145.b1360	3.44	1
6882138	511145.b1365	9.95	1
6882253	511145.b1496	8.77	5
6882252	511145.b1495	14.8	6
6882251	511145.b1494	42.7	18
6881015	511145.b0138	33.4	4
6882208	511145.b1446	560	14
6884312	511145.b3740	32.8	5
6882958	511145.b2259	9.77	1
6884317	511145.b3745	1.16	4
6882691	511145.b1961	3.06	1
6882694	511145.b1967	1121	106
6882528	511145.b1787	29.7	2
6882527	511145.b1786	3.88	5
6882696	511145.b1969	17.8	3
6882525	511145.b1784	17.3	6
6882524	511145.b1783	317	119
6882523	511145.b1782	269	29
6882521	511145.b1780	456	59
6882317	511145.b1566	46.4	3
6882315	511145.b1564	18.4	1
6881396	511145.b0568	4.29	5
6881397	511145.b0569	2.43	1
6881393	511145.b0565	1403	273
6884318	511145.b3746	4.75	1
6884316	511145.b3744	1616	244
6882506	511145.b1765	274	32
6883043	511145.b2346	23.4	4
6882508	511145.b1767	21.1	6
6882502	511145.b1761	1564	340
6882501	511145.b1760	412	18
6884947	511145.b4517	782	45
6881011	511145.b0134	1297	86
6884942	511145.b4511	134	3
6882509	511145.b1768	75.2	8
6881760	511145.b0960	10.3	6
6881761	511145.b0961	243	12
6881762	511145.b0962	29.7	9
6881763	511145.b0963	122	8
6881765	511145.b0965	492	42
6881766	511145.b0966	616	5
6881767	511145.b0967	89.5	11
6881768	511145.b0968	19.1	2
6881020	511145.b0143	47.2	15
6881022	511145.b0145	682	50
6881025	511145.b0148	0.424	3
6881026	511145.b0149	59.6	26
6880986	511145.b0109	57.8	10
6884770	511145.b4258	477	231
6882179	511145.b1413	33.7	38
6881217	511145.b0369	95.7	18
6881211	511145.b0363	3.18	3
6881210	511145.b0361	0.885	1
6881215	511145.b0367	9.58	2
6884321	511145.b3749	1.36	1
6882455	511145.b1712	1831	113
6884891	511145.b4398	20.6	3
6881086	511145.b0217	20.7	5
6881084	511145.b0214	11.9	2
6881082	511145.b0212	15.1	2
6881081	511145.b0211	3.88	1
6882629	511145.b1888	849	214
6883509	511145.b2869	4.34	9
6883614	511145.b2988	332	107
6883615	511145.b2989	188	31
6884503	511145.b3963	41.0	6
6884502	511145.b3962	568	98
6884505	511145.b3965	51.2	18
6884506	511145.b3966	50.1	18
6883790	511145.b3183	135	15
6883789	511145.b3182	2.7	1
6883788	511145.b3181	746	82
6883787	511145.b3180	555	16
6883794	511145.b3187	26.1	3
6883793	511145.b3186	959	58
6883792	511145.b3185	4228	145
6884214	511145.b3635	4.79	1
6884213	511145.b3634	90.3	9
6883796	511145.b3189	48.2	9
6884215	511145.b3636	4682	53
6884210	511145.b3631	2.64	1
6884209	511145.b3630	20.7	4
6884212	511145.b3633	7.09	2
6883027	511145.b2328	1.61	1
6883028	511145.b2329	170	23
6883019	511145.b2320	265	56
6883022	511145.b2323	1459	144
6883023	511145.b2324	36.5	39
6883024	511145.b2325	93.4	5
6884103	511145.b3521	0.747	2
6884107	511145.b3525	33.8	11
6884106	511145.b3524	0.662	2
6884109	511145.b3527	104	19
6884108	511145.b3526	24.2	3
6884111	511145.b3529	9.23	6
6884110	511145.b3528	14.9	2
6883558	511145.b2922	727	57
6884043	511145.b3458	318	52
6884520	511145.b3989	4.66	2
6884519	511145.b3988	1198	765
6883562	511145.b2926	5784	1002
6883563	511145.b2927	63.1	8
6883560	511145.b2924	485	53
6883352	511145.b2697	447	238
6883353	511145.b2698	10.5	1
6883354	511145.b2699	928	144
6884512	511145.b3981	117	9
6884511	511145.b3980	5134	2111
6884040	511145.b3455	9.37	2
6884039	511145.b3454	21.5	5
6884516	511145.b3985	1937	191
6884515	511145.b3984	3528	499
6880887	511145.b0003	125	13
6882917	511145.b2215	71.7	19
6882918	511145.b2216	28.9	11
6882919	511145.b2217	696	60
6882913	511145.b2211	5.82	3
6882914	511145.b2212	11.2	3
6884526	511145.b3995	53.4	3
6882920	511145.b2218	10.0	28
6882794	511145.b2079	71.0	12
6882790	511145.b2075	0.701	1
6882785	511145.b2070	3.44	2
6884401	511145.b3857	2.35	1
6884399	511145.b3850	23.8	3
6883269	511145.b2584	54.9	24
6883270	511145.b2585	144	32
6883272	511145.b2587	53.9	6
6883265	511145.b2580	60.3	10
6884402	511145.b3858	749	45
6883268	511145.b2583	2.9	4
6884529	511145.b3998	22.0	5
6883135	511145.b2450	57.0	6
6883136	511145.b2451	4.55	2
6882818	511145.b2107	206	11
6882194	511145.b1431	229	35
6883143	511145.b2458	7.42	30
6881940	511145.b1153	7.89	11
6882289	511145.b1536	66.7	4
6882545	511145.b1804	4.23	1
6882546	511145.b1805	2.08	2
6882548	511145.b1807	67.9	6
6882550	511145.b1809	1550	59
6881818	511145.b1022	4.72	1
6881820	511145.b1024	0.211	3
6881948	511145.b1162	3.7	1
6884731	511145.b4213	63.8	22
6882146	511145.b1378	42.9	19
6882147	511145.b1379	5.25	1
6881580	511145.b0779	61.2	20
6881579	511145.b0778	10.2	1
6884732	511145.b4214	221	23
6884733	511145.b4215	0.895	2
6882140	511145.b1372	13.6	15
6881575	511145.b0774	31.8	4
6884736	511145.b4218	0.728	1
6884737	511145.b4219	446	43
6881572	511145.b0771	8.42	6
6882145	511145.b1377	6.34	3
6881574	511145.b0773	138	9
6881573	511145.b0772	154	32
6882540	511145.b1799	6.92	1
6882701	511145.b1974	4.4	3
6882533	511145.b1792	313	21
6882535	511145.b1794	14.5	4
6882698	511145.b1971	2.07	2
6882700	511145.b1973	101	8
6881349	511145.b0512	2.17	1
6881352	511145.b0515	93.9	8
6882517	511145.b1776	3.57	1
6881502	511145.b0688	405	109
6882514	511145.b1773	4.45	1
6882511	511145.b1770	21.5	6
6884939	511145.b4506	435	3
6881494	511145.b0680	778	188
6881497	511145.b0683	412	30
6881498	511145.b0684	2663	165
6881501	511145.b0687	195	19
6882520	511145.b1779	7282	1072
6881798	511145.b0999	111	5
6881794	511145.b0995	6.31	4
6881793	511145.b0994	6.78	2
6881789	511145.b0990	653	146
6881792	511145.b0993	1.63	3
6884701	511145.b4182	8.11	1
6884702	511145.b4183	31.8	7
6882243	511145.b1486	8.35	1
6882244	511145.b1487	2.22	8
6882237	511145.b1480	2142	43
6884706	511145.b4187	15.0	4
6881055	511145.b0179	59.8	11
6881054	511145.b0178	1494	120
6881053	511145.b0177	514	189
6881052	511145.b0176	11.3	7
6881050	511145.b0174	33.4	4
6881048	511145.b0172	1724	129
6881047	511145.b0171	821	71
6881046	511145.b0170	2688	597
6881207	511145.b0357	15.0	1
6881206	511145.b0356	118	18
6881205	511145.b0355	9.62	3
6881204	511145.b0354	34.4	1
6881263	511145.b0420	32.3	9
6881266	511145.b0423	174	42
6881265	511145.b0422	612	23
6883840	511145.b3234	114	21
6881070	511145.b0194	708	221
6881073	511145.b0197	1201	146
6881072	511145.b0196	323	23
6881068	511145.b0192	13.4	1
6883842	511145.b3236	5116	635
6881075	511145.b0199	126	20
6881074	511145.b0198	49.0	5
6881521	511145.b0712	137	20
6881327	511145.b0485	160	13
6881326	511145.b0484	131	37
6883980	511145.b3389	116	16
6881091	511145.b0223	27.6	6
6881090	511145.b0222	1226	123
6881089	511145.b0221	5.86	2
6881088	511145.b0220	453	31
6881094	511145.b0226	18.6	1
6881096	511145.b0228	13.4	1
6882401	511145.b1656	1598	166
6883805	511145.b3198	58.0	7
6883806	511145.b3199	46.2	5
6884208	511145.b3629	5.1	2
6884205	511145.b3626	15.4	4
6883802	511145.b3195	115	11
6883803	511145.b3196	2.7	1
6883804	511145.b3197	86.2	10
6883797	511145.b3190	30.0	1
6884202	511145.b3623	3.79	1
6883799	511145.b3192	710	66
6883800	511145.b3193	56.0	5
6882404	511145.b1659	6.82	2
6884135	511145.b3555	8.09	4
6884115	511145.b3533	1.02	3
6884112	511145.b3530	1.37	1
6884113	511145.b3531	2.44	1
6881568	511145.b0767	1327	85
6884033	511145.b3448	462	31
6884034	511145.b3449	35.3	7
6883331	511145.b2669	1766	129
6883330	511145.b2668	90.8	4
6883555	511145.b2919	13.6	4
6883327	511145.b2665	1441	148
6883552	511145.b2916	111	14
6884026	511145.b3440	132	21
6883551	511145.b2914	1297	86
6883323	511145.b2661	141	35
6883322	511145.b2660	2.96	1
6883325	511145.b2663	6.29	1
6883324	511145.b2662	153	28
6881562	511145.b0761	111	13
6882960	511145.b2261	8.92	2
6882959	511145.b2260	2.88	1
6882961	511145.b2262	250	33
6882964	511145.b2265	0.492	2
6882966	511145.b2267	10.7	1
6882965	511145.b2266	994	60
6882725	511145.b2009	117	9
6882724	511145.b2008	3.29	2
6883350	511145.b2690	43.2	3
6882717	511145.b2000	500	122
6883940	511145.b3347	1046	127
6882723	511145.b2007	3202	144
6884395	511145.b3846	1.65	1
6884396	511145.b3847	570	138
6884393	511145.b3844	221	29
6884391	511145.b3842	21.4	2
6884392	511145.b3843	72.1	18
6884016	511145.b3428	43.5	17
6883503	511145.b2860	0.885	1
6883507	511145.b2867	0.517	3
6883506	511145.b2866	1.73	1
6883505	511145.b2865	5.17	1
6883933	511145.b3340	2507	881
6883935	511145.b3342	3296	128
6884525	511145.b3994	2.63	2
6882993	511145.b2294	837	87
6884527	511145.b3996	22.2	5
6884528	511145.b3997	82.2	10
6884521	511145.b3990	3.63	1
6883153	511145.b2468	71.1	32
6883152	511145.b2467	12.5	2
6883150	511145.b2465	606	196
6883149	511145.b2464	987	233
6883148	511145.b2463	405	138
6884530	511145.b3999	158	21
6883369	511145.b2714	3.31	4
6883210	511145.b2525	722	39
6883367	511145.b2712	1.45	2
6882989	511145.b2290	217	38
6881951	511145.b1165	14.2	1
6882990	511145.b2291	129	21
6883172	511145.b2487	29.7	30
6883205	511145.b2520	9.02	9
6883348	511145.b2688	180	32
6881815	511145.b1019	56.9	14
6881814	511145.b1018	234	46
6881813	511145.b1015	31.7	8
6881812	511145.b1014	93.3	46
6881811	511145.b1013	48.8	9
6884743	511145.b4226	1899	194
6881565	511145.b0764	16.9	3
6881566	511145.b0765	61.1	16
6881564	511145.b0763	1819	354
6884739	511145.b4221	6.31	3
6884738	511145.b4220	1.84	1
6882387	511145.b1642	622	49
6881650	511145.b0849	196	9
6882646	511145.b1908	416	41
6882641	511145.b1902	9.72	2
6882643	511145.b1905	1043	57
6882645	511145.b1907	2.03	2
6882334	511145.b1589	15.3	2
6882389	511145.b1644	5.85	1
6882329	511145.b1584	105	12
6882332	511145.b1587	22.3	16
6884606	511145.b4080	8.17	4
6884613	511145.b4087	8.01	10
6881342	511145.b0504	7.12	1
6882484	511145.b1743	1067	75
6881510	511145.b0698	2.92	1
6882481	511145.b1740	685	126
6882486	511145.b1745	5.51	2
6881505	511145.b0693	6.68	8
6882490	511145.b1749	228	39
6882489	511145.b1748	82.6	14
6884960	511145.b4537	235	20
6881509	511145.b0697	5.99	2
6881506	511145.b0694	1.26	1
6881507	511145.b0695	3.4	30
6881788	511145.b0989	11.6	3
6881783	511145.b0984	1.05	3
6881781	511145.b0982	19.7	3
6881779	511145.b0980	18.9	8
6881780	511145.b0981	29.3	11
6881044	511145.b0168	373	55
6881045	511145.b0169	2809	351
6882121	511145.b1344	32.7	6
6882120	511145.b1343	4.72	2
6882119	511145.b1342	99.8	13
6882118	511145.b1341	0.609	2
6882117	511145.b1340	11.8	1
6881037	511145.b0160	15.6	14
6881038	511145.b0161	1044	192
6881039	511145.b0162	12.1	3
6881040	511145.b0163	552	47
6881042	511145.b0166	1655	209
6881043	511145.b0167	34.4	23
6881279	511145.b0436	1884	529
6881280	511145.b0437	957	61
6881277	511145.b0434	287	29
6881278	511145.b0435	379	18
6881275	511145.b0432	194	21
6881196	511145.b0346	4.64	1
6881274	511145.b0431	203	34
6881199	511145.b0349	10.8	3
6881281	511145.b0438	391	112
6881282	511145.b0439	431	157
6884677	511145.b4155	17.1	6
6884676	511145.b4154	297	64
6881060	511145.b0184	3.23	3
6881061	511145.b0185	744	113
6884896	511145.b4403	41.1	9
6884672	511145.b4150	6.01	1
6884675	511145.b4153	267	33
6884674	511145.b4152	108	6
6884681	511145.b4159	0.179	2
6881064	511145.b0188	17.1	6
6881065	511145.b0189	60.3	2
6884651	511145.b4128	4.91	1
6881341	511145.b0503	5.05	1
6882071	511145.b1293	3.26	2
6884427	511145.b3884	21.9	4
6881344	511145.b0506	168	24
6881102	511145.b0238	30.9	4
6881103	511145.b0239	43.6	21
6883932	511145.b3339	5134	2111
6881101	511145.b0237	1167	252
6881097	511145.b0231	3.13	1
6884133	511145.b3553	520	60
6881511	511145.b0699	1151	43
6884959	511145.b4536	45.7	3
6884198	511145.b3619	795	172
6884197	511145.b3618	7.31	2
6884192	511145.b3613	24.8	9
6884191	511145.b3612	1100	210
6884190	511145.b3611	1080	60
6884189	511145.b3610	873	39
6884196	511145.b3617	587	93
6884195	511145.b3616	379	63
6884194	511145.b3615	25.9	4
6883892	511145.b3299	1159	8
6883891	511145.b3298	5995	338
6883890	511145.b3297	3116	183
6883889	511145.b3296	3202	335
6883888	511145.b3295	720	179
6883887	511145.b3294	3512	177
6883885	511145.b3292	42.5	5
6883884	511145.b3291	403	19
6883883	511145.b3290	22.1	4
6883676	511145.b3058	46.2	2
6884091	511145.b3509	2236	126
6883673	511145.b3055	357	34
6883672	511145.b3054	50.0	10
6883674	511145.b3056	13.5	4
6883671	511145.b3053	11.3	13
6883670	511145.b3052	246	59
6883546	511145.b2908	593	110
6883547	511145.b2909	127	5
6883340	511145.b2678	208	8
6883341	511145.b2679	605	60
6883538	511145.b2900	503	28
6883339	511145.b2677	81.7	9
6883541	511145.b2903	595	183
6883334	511145.b2672	131	6
6883543	511145.b2905	905	104
6883544	511145.b2906	69.6	13
6882975	511145.b2276	37.4	4
6882977	511145.b2278	1.99	2
6882978	511145.b2279	150	4
6883514	511145.b2874	0.443	1
6883515	511145.b2875	10.6	7
6883516	511145.b2876	3.52	1
6882735	511145.b2019	377	50
6881413	511145.b0585	110	20
6883512	511145.b2872	60.0	14
6883513	511145.b2873	1.25	3
6882727	511145.b2011	112	42
6883518	511145.b2878	2.0	3
6883519	511145.b2879	13.9	8
6882730	511145.b2014	5.28	1
6884414	511145.b3871	564	122
6884413	511145.b3870	2492	520
6884417	511145.b3874	22.6	4
6883163	511145.b2478	675	119
6884061	511145.b3476	8.49	2
6884057	511145.b3472	394	45
6884055	511145.b3470	138	6
6883156	511145.b2471	167	9
6883157	511145.b2472	20.4	4
6883158	511145.b2473	95.3	9
6883159	511145.b2474	0.628	3
6883161	511145.b2476	2093	303
6883162	511145.b2477	616	105
6883355	511145.b2700	148	11
6881191	511145.b0341	2.85	2
6884500	511145.b3960	12.2	6
6881192	511145.b0342	18.8	2
6883363	511145.b2708	22.4	8
6883182	511145.b2497	194	12
6883180	511145.b2495	66.2	5
6883178	511145.b2493	8.46	1
6883183	511145.b2498	1686	164
6883184	511145.b2499	1711	159
6881197	511145.b0347	1.88	1
6881807	511145.b1009	30.4	5
6883127	511145.b2442	15.0	6
6881799	511145.b1000	889	89
6881801	511145.b1002	304	57
6881802	511145.b1003	1168	48
6881803	511145.b1004	2181	230
6884752	511145.b4238	35.0	10
6884753	511145.b4239	110	33
6881560	511145.b0759	323	46
6881554	511145.b0753	2477	38
6884747	511145.b4232	428	61
6884748	511145.b4233	154	21
6881558	511145.b0757	369	34
6881557	511145.b0756	715	96
6881556	511145.b0755	5058	632
6881555	511145.b0754	1473	208
6881062	511145.b0186	18.3	7
6884897	511145.b4406	755	25
6881957	511145.b1174	692	52
6881958	511145.b1175	791	102
6881959	511145.b1176	6.41	1
6882654	511145.b1919	469	49
6883938	511145.b3345	22.8	1
6881955	511145.b1171	52.6	4
6882647	511145.b1912	439	42
6882648	511145.b1913	19.0	11
6881961	511145.b1178	738	41
6881962	511145.b1179	83.4	5
6882649	511145.b1914	41.0	6
6884952	511145.b4526	19.1	1
6884894	511145.b4401	1758	172
6882339	511145.b1594	1.92	4
6881057	511145.b0181	511	26
6882338	511145.b1593	151	9
6882335	511145.b1590	42.9	5
6882496	511145.b1755	2.38	1
6882497	511145.b1756	6.14	2
6882498	511145.b1757	53.6	11
6880905	511145.b0023	5259	180
6884652	511145.b4129	894	388
6882127	511145.b1350	10.1	2
6882130	511145.b1353	28.4	3
6882132	511145.b1356	64.3	2
6884540	511145.b4013	99.8	14
6881243	511145.b0400	18.5	6
6881250	511145.b0407	1813	73
6881249	511145.b0406	57.6	11
6881252	511145.b0409	157	17
6881251	511145.b0408	106	41
6884668	511145.b4146	5.65	11
6884669	511145.b4147	496	37
6884666	511145.b4144	1179	31
6884667	511145.b4145	12.5	31
6884664	511145.b4142	3297	164
6884665	511145.b4143	2759	827
6884671	511145.b4149	40.9	6
6884619	511145.b4094	28.4	7
6884620	511145.b4095	3.51	1
6884621	511145.b4096	4.5	1
6881367	511145.b0531	3.23	1
6884028	511145.b3442	14.4	5
6883080	511145.b2388	181	32
6882480	511145.b1739	2343	84
6881107	511145.b0243	109	29
6881106	511145.b0242	83.5	17
6881108	511145.b0245	4.2	2
6883859	511145.b3256	641	121
6883074	511145.b2382	10.8	2
6882167	511145.b1399	2.55	3
6882557	511145.b1816	6.87	2
6884027	511145.b3441	11.5	2
6881538	511145.b0730	2.33	2
6883881	511145.b3288	137	16
6883882	511145.b3289	82.1	18
6882473	511145.b1732	105	42
6883877	511145.b3282	9.65	6
6883878	511145.b3283	4.59	1
6883880	511145.b3287	219	19
6884100	511145.b3518	4.8	1
6883667	511145.b3049	83.3	3
6884092	511145.b3510	16470	135
6884093	511145.b3511	919	34
6884095	511145.b3513	121	22
6884096	511145.b3514	7.15	3
6884097	511145.b3515	13.4	6
6884099	511145.b3517	3169	1240
6883867	511145.b3264	5.55	3
6883864	511145.b3261	1009	14
6883315	511145.b2642	15.0	11
6883084	511145.b2393	102	15
6883083	511145.b2392	320	29
6883086	511145.b2395	4.99	3
6883085	511145.b2394	1.06	1
6881540	511145.b0732	11.0	20
6882948	511145.b2249	81.5	22
6882947	511145.b2248	0.698	1
6882942	511145.b2243	24.4	7
6882941	511145.b2242	295	37
6882940	511145.b2241	490	152
6882939	511145.b2240	228	35
6884184	511145.b3605	158	72
6884186	511145.b3607	147	12
6884179	511145.b3600	541	89
6884181	511145.b3602	523	22
6882605	511145.b1864	424	39
6884187	511145.b3608	52.6	6
6884188	511145.b3609	2133	105
6882453	511145.b1710	140	16
6883456	511145.b2803	4.06	1
6883455	511145.b2802	7.1	3
6883457	511145.b2804	95.4	4
6881582	511145.b0781	4.36	11
6883462	511145.b2809	2954	40
6883461	511145.b2808	6.26	2
6884722	511145.b4203	2432	280
6884721	511145.b4202	3594	130
6884411	511145.b3868	294	65
6884412	511145.b3869	21.1	3
6884408	511145.b3865	170	20
6884409	511145.b3866	241	12
6884410	511145.b3867	2.1	1
6884404	511145.b3860	316	37
6884405	511145.b3861	6.1	3
6884406	511145.b3862	7.4	1
6884407	511145.b3863	201	85
6882459	511145.b1716	3818	158
6882460	511145.b1717	157	5
6884045	511145.b3460	1028	115
6884727	511145.b4209	10.1	1
6884047	511145.b3462	34.0	7
6884048	511145.b3463	308	19
6884049	511145.b3464	438	71
6884050	511145.b3465	43.9	15
6884052	511145.b3467	30.6	2
6884054	511145.b3469	51.6	13
6883388	511145.b2733	17.7	6
6883386	511145.b2731	0.276	1
6883393	511145.b2738	10.0	3
6882743	511145.b2027	373	72
6882742	511145.b2026	628	24
6882741	511145.b2025	99.7	16
6882740	511145.b2024	175	27
6882739	511145.b2023	134	11
6882738	511145.b2022	198	32
6882737	511145.b2021	388	47
6882736	511145.b2020	106	16
6882745	511145.b2029	2672	607
6882364	511145.b1619	317	50
6882363	511145.b1618	14.2	4
6884491	511145.b3951	2.62	8
6882359	511145.b1614	265	67
6882361	511145.b1616	29.2	22
6882356	511145.b1611	9.58	3
6882355	511145.b1610	5.85	3
6882358	511145.b1613	486	88
6882357	511145.b1612	332	171
6884493	511145.b3953	7.01	1
6884863	511145.b4367	49.9	6
6883994	511145.b3403	1026	257
6882662	511145.b1927	15.0	4
6882660	511145.b1925	9.42	2
6882658	511145.b1923	4672	1015
6882657	511145.b1922	132	26
6882656	511145.b1921	22.7	8
6882655	511145.b1920	1322	252
6883992	511145.b3401	425	50
6882664	511145.b1929	82.3	12
6882663	511145.b1928	425	34
6881892	511145.b1101	1382	213
6881891	511145.b1100	32.7	4
6881894	511145.b1103	496	32
6881893	511145.b1102	152	51
6881896	511145.b1105	54.5	4
6881895	511145.b1104	37.3	4
6881898	511145.b1107	4.99	1
6881897	511145.b1106	57.4	17
6881900	511145.b1109	1228	279
6881899	511145.b1108	460	51
6882840	511145.b2133	116	45
6884972	511145.b4554	294	10
6884974	511145.b4557	26.5	7
6884975	511145.b4558	402	14
6881489	511145.b0675	87.1	11
6884890	511145.b4397	15.7	1
6884889	511145.b4396	118	14
6884888	511145.b4395	136	17
6884887	511145.b4394	36.0	4
6884886	511145.b4393	344	30
6884885	511145.b4392	39.5	15
6884884	511145.b4391	643	189
6884883	511145.b4390	97.8	32
6882464	511145.b1723	66.7	12
6882466	511145.b1725	299	45
6882465	511145.b1724	94.3	4
6882468	511145.b1727	209	26
6882467	511145.b1726	84.4	5
6884353	511145.b3794	11.9	3
6884354	511145.b3795	11.6	2
6881548	511145.b0740	534	104
6881549	511145.b0741	927	86
6881550	511145.b0742	535	34
6881262	511145.b0419	147	29
6881257	511145.b0414	143	27
6881258	511145.b0415	1309	71
6881259	511145.b0416	141	12
6881254	511145.b0411	377	45
6881255	511145.b0412	14.6	2
6881256	511145.b0413	70.9	6
6884692	511145.b4173	138	39
6884691	511145.b4172	1231	75
6884690	511145.b4171	16.7	3
6884689	511145.b4170	3.09	2
6884696	511145.b4177	2226	510
6882193	511145.b1430	394	59
6884694	511145.b4175	497	70
6884693	511145.b4174	361	86
6884698	511145.b4179	432	178
6884697	511145.b4178	37.4	2
6882470	511145.b1729	7.23	1
6882692	511145.b1962	23.1	3
6881356	511145.b0520	12.7	3
6881358	511145.b0522	81.4	14
6881359	511145.b0523	1317	53
6881361	511145.b0525	1938	141
6881362	511145.b0526	300	72
6881364	511145.b0528	140	9
6881365	511145.b0529	175	28
6881665	511145.b0864	504	22
6881115	511145.b0252	3.77	2
6881118	511145.b0256	7.66	5
6882695	511145.b1968	3.45	1
6882374	511145.b1629	1.51	1
6881664	511145.b0863	1126	146
6882456	511145.b1713	442	149
6883829	511145.b3223	12.8	2
6884038	511145.b3453	2.91	1
6882505	511145.b1764	514	87
6883689	511145.b3072	116	127
6883688	511145.b3071	106	13
6883687	511145.b3070	217	18
6883693	511145.b3076	3.65	5
6883857	511145.b3253	229	38
6883856	511145.b3252	14.3	8
6883855	511145.b3251	880	129
6883854	511145.b3250	9.41	2
6884280	511145.b3708	6787	1301
6883858	511145.b3255	657	50
6884277	511145.b3705	67.9	12
6883075	511145.b2383	1.06	2
6883862	511145.b3259	125	10
6884278	511145.b3706	72.6	19
6884273	511145.b3701	228	30
6884275	511145.b3703	725	5
6884274	511145.b3702	12.4	8
6883971	511145.b3380	3.74	1
6883976	511145.b3385	151	10
6883975	511145.b3384	986	134
6883978	511145.b3387	18.4	5
6883977	511145.b3386	492	35
6882949	511145.b2250	8.5	2
6883979	511145.b3388	194	26
6882952	511145.b2253	6.87	2
6882955	511145.b2256	9.2	5
6884249	511145.b3671	36.2	9
6884248	511145.b3670	32.0	2
6881493	511145.b0679	371	67
6883465	511145.b2812	13.7	2
6883466	511145.b2813	6.92	2
6883463	511145.b2810	21.1	5
6883464	511145.b2811	29.4	3
6883831	511145.b3225	93.9	8
6884041	511145.b3456	5.87	1
6884365	511145.b3811	24.2	6
6884364	511145.b3810	10.5	2
6884367	511145.b3813	48.8	17
6884366	511145.b3812	124	18
6884368	511145.b3816	275	26
6883480	511145.b2830	9.91	1
6884082	511145.b3499	56.1	10
6884081	511145.b3498	540	187
6884078	511145.b3495	2118	65
6884076	511145.b3493	161	10
6884075	511145.b3492	3.84	1
6883384	511145.b2729	7.07	1
6883375	511145.b2720	48.7	6
6883376	511145.b2721	3.94	8
6884466	511145.b3925	7.33	2
6884465	511145.b3924	133	18
6884468	511145.b3927	221	16
6884467	511145.b3926	2481	725
6884464	511145.b3923	139	9
6884463	511145.b3922	155	6
6884470	511145.b3929	786	75
6884469	511145.b3928	4424	167
6884709	511145.b4190	6.12	1
6882747	511145.b2032	51.4	13
6882748	511145.b2033	22.5	4
6882749	511145.b2034	208	47
6882751	511145.b2036	357	87
6882753	511145.b2038	58.3	8
6882754	511145.b2039	655	127
6882353	511145.b1608	6.38	1
6882352	511145.b1607	14.9	6
6882349	511145.b1604	466	80
6882350	511145.b1605	3.28	6
6882347	511145.b1602	1172	96
6882348	511145.b1603	437	95
6883484	511145.b2834	19.7	3
6882665	511145.b1930	257	7
6882061	511145.b1283	5161	18
6882058	511145.b1280	29.5	12
6882059	511145.b1281	108	13
6882064	511145.b1286	202	63
6882065	511145.b1287	12.1	6
6882062	511145.b1284	42.9	7
6882063	511145.b1285	2.22	1
6882669	511145.b1938	60.7	18
6882670	511145.b1939	135	27
6882066	511145.b1288	1980	236
6881904	511145.b1113	4.65	4
6881901	511145.b1110	39.0	3
6881902	511145.b1111	5.55	1
6881907	511145.b1116	32.3	6
6881908	511145.b1117	90.8	8
6881905	511145.b1114	79.0	58
6881909	511145.b1118	3.27	1
6881910	511145.b1119	31.0	4
6884962	511145.b4541	18.0	1
6884967	511145.b4547	11.7	2
6881470	511145.b0645	4.21	5
6881466	511145.b0641	164	15
6881465	511145.b0640	1.11	3
6881468	511145.b0643	111	13
6881467	511145.b0642	623	257
6884874	511145.b4381	862	114
6884875	511145.b4382	161	52
6884876	511145.b4383	1110	209
6884877	511145.b4384	984	165
6884879	511145.b4386	30.7	7
6884881	511145.b4388	10.8	3
6884882	511145.b4389	19.4	6
6882477	511145.b1736	17.3	2
6882475	511145.b1734	7.06	8
6882476	511145.b1735	91.2	11
6881687	511145.b0887	57.8	13
6881686	511145.b0886	86.7	23
6881541	511145.b0733	1418	248
6881684	511145.b0884	913	32
6881683	511145.b0882	185	73
6881682	511145.b0881	31.9	5
6881681	511145.b0880	166	5
6881547	511145.b0739	70.9	6
6881546	511145.b0738	75.5	4
6881689	511145.b0889	1465	117
6881688	511145.b0888	300	42
6881311	511145.b0469	119	13
6881310	511145.b0468	33.3	2
6881237	511145.b0393	186	35
6881305	511145.b0463	505	87
6881304	511145.b0462	33.5	15
6881240	511145.b0397	5.29	5
6881306	511145.b0464	3.67	2
6881309	511145.b0467	127	14
6881238	511145.b0394	21.3	34
6882189	511145.b1426	482	16
6882188	511145.b1424	24.8	11
6884687	511145.b4168	13.1	1
6882187	511145.b1423	2.07	5
6882185	511145.b1421	26.4	10
6884686	511145.b4167	42.1	5
6884682	511145.b4160	587	51
6884683	511145.b4161	66.8	10
6884684	511145.b4162	167	19
6882192	511145.b1429	12.6	1
6884564	511145.b4037	28.4	2
6881712	511145.b0912	2583	108
6880922	511145.b0040	1.06	1
6880968	511145.b0089	6.01	3
6880967	511145.b0088	195	28
6880966	511145.b0087	43.8	7
6880965	511145.b0086	130	15
6880964	511145.b0085	246	49
6880963	511145.b0084	27.5	8
6880962	511145.b0083	6.14	5
6880961	511145.b0082	210	35
6880959	511145.b0080	39.4	6
6881121	511145.b0261	45.6	6
6881126	511145.b0268	125	49
6880946	511145.b0066	6.12	1
6880943	511145.b0063	14.0	5
6880942	511145.b0062	6.56	3
6882836	511145.b2129	5.32	1
6884088	511145.b3506	1769	143
6884083	511145.b3500	299	62
6884014	511145.b3425	62.1	3
6883682	511145.b3064	6.36	1
6883683	511145.b3065	4481	81
6883684	511145.b3066	5.73	3
6883685	511145.b3067	636	138
6883680	511145.b3062	5.23	1
6883686	511145.b3068	373	33
6883338	511145.b2676	329	41
6883539	511145.b2901	440	109
6883838	511145.b3232	38.3	7
6883337	511145.b2675	86.1	37
6883852	511145.b3248	7.29	1
6884290	511145.b3718	7.4	1
6883850	511145.b3244	88.5	16
6883542	511145.b2904	167	5
6884287	511145.b3715	7.39	1
6884284	511145.b3712	1.63	2
6884285	511145.b3713	647	40
6884282	511145.b3710	9.07	1
6883332	511145.b2670	25.8	1
6883981	511145.b3390	178	23
6883987	511145.b3396	5.02	2
6883988	511145.b3397	19.3	2
6883985	511145.b3394	27.5	3
6883989	511145.b3398	2.85	1
6884239	511145.b3661	115	15
6884245	511145.b3667	7.03	2
6884242	511145.b3664	39.3	5
6884246	511145.b3668	8.11	1
6882982	511145.b2283	178	68
6882981	511145.b2282	78.7	11
6882980	511145.b2281	130	18
6882986	511145.b2287	195	20
6882985	511145.b2286	224	80
6882984	511145.b2285	142	8
6882983	511145.b2284	180	44
6883477	511145.b2827	476	54
6882987	511145.b2288	24.0	1
6883216	511145.b2531	60.8	4
6883215	511145.b2530	686	158
6883218	511145.b2533	154	30
6883217	511145.b2532	455	46
6884363	511145.b3809	44.9	5
6884357	511145.b3802	87.8	12
6884358	511145.b3803	191	41
6884361	511145.b3806	65.0	24
6884362	511145.b3807	33.2	3
6884360	511145.b3805	4.39	1
6883298	511145.b2620	162	14
6883300	511145.b2623	10.8	3
6883299	511145.b2622	0.911	1
6883302	511145.b2625	0.547	1
6884071	511145.b3486	25.3	15
6884072	511145.b3487	76.6	18
6884069	511145.b3484	12.3	12
6884068	511145.b3483	3.95	1
6884065	511145.b3480	9.35	6
6883413	511145.b2758	0.25	1
6883405	511145.b2750	14.3	10
6883408	511145.b2753	7.47	2
6883410	511145.b2755	6.08	1
6883412	511145.b2757	4.33	1
6884477	511145.b3936	3336	110
6884476	511145.b3935	0.542	5
6884473	511145.b3932	67.2	5
6884474	511145.b3933	88.4	17
6884472	511145.b3931	389	85
6884479	511145.b3938	629	32
6884480	511145.b3939	12.8	3
6882383	511145.b1638	422	52
6882462	511145.b1719	346	133
6882382	511145.b1637	664	123
6882381	511145.b1636	191	22
6882380	511145.b1635	457	50
6882379	511145.b1634	29.5	3
6883809	511145.b3202	60.7	14
6883810	511145.b3203	2937	118
6881920	511145.b1129	19.9	8
6881919	511145.b1128	364	42
6881918	511145.b1127	314	68
6881917	511145.b1126	111	21
6881916	511145.b1125	9.26	1
6881915	511145.b1124	221	11
6881914	511145.b1123	756	133
6881911	511145.b1120	7.61	1
6882033	511145.b1255	144	6
6882449	511145.b1706	31.3	9
6882448	511145.b1705	80.7	3
6882034	511145.b1256	406	39
6882029	511145.b1251	1607	36
6882028	511145.b1250	44.9	5
6881483	511145.b0658	36.4	7
6881484	511145.b0659	346	6
6881482	511145.b0657	13.3	4
6881480	511145.b0655	507	69
6881477	511145.b0652	38.8	3
6881475	511145.b0650	6.0	3
6881476	511145.b0651	177	25
6884872	511145.b4379	14.4	6
6884871	511145.b4378	49.1	6
6884868	511145.b4375	117	26
6884870	511145.b4377	19.3	4
6884869	511145.b4376	1350	132
6884864	511145.b4371	13.1	2
6881531	511145.b0722	1148	48
6881532	511145.b0723	943	250
6881529	511145.b0720	1176	248
6881530	511145.b0721	940	68
6881534	511145.b0726	719	307
6881535	511145.b0727	1626	230
6881533	511145.b0724	954	166
6881697	511145.b0897	275	24
6882150	511145.b1382	75.6	3
6881536	511145.b0728	1735	388
6881537	511145.b0729	2361	368
6882154	511145.b1386	1.49	1
6882152	511145.b1384	0.845	2
6881320	511145.b0478	59.9	10
6881321	511145.b0479	16.9	2
6881314	511145.b0472	41.9	3
6881315	511145.b0473	1134	409
6881312	511145.b0470	2.39	1
6881313	511145.b0471	223	19
6881319	511145.b0477	44.2	10
6881316	511145.b0474	3972	460
6881317	511145.b0475	20.5	4
6884642	511145.b4119	49.0	11
6882178	511145.b1412	185	13
6882855	511145.b2150	415	82
6882181	511145.b1415	426	116
6882180	511145.b1414	250	34
6884634	511145.b4111	327	36
6884633	511145.b4110	228	40
6882182	511145.b1418	6.64	3
6883511	511145.b2871	2.68	1
6883470	511145.b2820	0.536	6
6884787	511145.b4280	75.1	18
6884788	511145.b4284	7.66	5
6880977	511145.b0098	365	177
6880969	511145.b0090	23.8	4
6880970	511145.b0091	212	42
6880971	511145.b0092	57.4	8
6880972	511145.b0093	16.1	3
6880973	511145.b0094	154	20
6880974	511145.b0095	811	210
6880975	511145.b0096	74.9	10
6881129	511145.b0271	1.79	1
6881131	511145.b0273	11.7	6
6881135	511145.b0278	17.1	5
6882732	511145.b2016	114	20
6882733	511145.b2017	89.7	4
6884552	511145.b4025	2059	532
6884551	511145.b4024	88.7	18
6880954	511145.b0074	9.5	4
6884548	511145.b4021	169	17
6880953	511145.b0073	92.0	16
6880951	511145.b0071	16.0	2
6880958	511145.b0078	245	23
6884989	511145.b4596	45.1	2
6881231	511145.b0386	149	14
6881232	511145.b0387	28.3	4
6881226	511145.b0381	201	37
6881227	511145.b0382	899	28
6881228	511145.b0383	6.32	2
6882269	511145.b1516	3.76	1
6881323	511145.b0481	120	10
6882270	511145.b1517	10.3	2
6882017	511145.b1237	7009	418
6884999	511145.b4620	7.47	1
6882675	511145.b1944	133	15
6881685	511145.b0885	10.9	1
6882677	511145.b1946	239	6
6882013	511145.b1233	7.43	1
6881542	511145.b0734	2065	70
6881545	511145.b0737	78.7	8
6881544	511145.b0736	26.4	3
6883633	511145.b3011	323	41
6883634	511145.b3012	646	96
6883639	511145.b3019	36.6	13
6883638	511145.b3018	31.4	7
6882018	511145.b1238	39.6	5
6884046	511145.b3461	5.99	8
6883550	511145.b2913	2113	281
6884301	511145.b3729	617	169
6884300	511145.b3728	359	65
6883837	511145.b3231	4283	249
6883836	511145.b3230	4390	314
6883839	511145.b3233	870	73
6884292	511145.b3720	3.61	2
6883841	511145.b3235	2.67	1
6884571	511145.b4045	967	31
6884297	511145.b3725	190	23
6884296	511145.b3724	171	24
6880897	511145.b0014	5721	1375
6880898	511145.b0015	172	42
6880899	511145.b0016	1.06	1
6883736	511145.b3125	260	36
6884234	511145.b3655	47.2	12
6883734	511145.b3121	0.895	1
6884231	511145.b3652	20.5	14
6884230	511145.b3651	18.6	3
6884229	511145.b3650	28.3	11
6882838	511145.b2131	8.14	2
6884388	511145.b3836	268	12
6884387	511145.b3835	4.93	2
6883939	511145.b3346	339	23
6884385	511145.b3833	164	22
6882998	511145.b2299	195	15
6884383	511145.b3831	2235	176
6884382	511145.b3830	55.3	5
6883211	511145.b2526	73.9	19
6881307	511145.b0465	10.0	5
6882995	511145.b2296	884	147
6882996	511145.b2297	1071	312
6883207	511145.b2522	13.7	1
6883208	511145.b2523	633	166
6884390	511145.b3839	218	8
6884389	511145.b3838	124	8
6883742	511145.b3131	1.63	4
6883310	511145.b2633	3.77	2
6883307	511145.b2630	72.5	24
6884688	511145.b4169	6.36	1
6880939	511145.b0059	57.6	40
6883071	511145.b2379	154	23
6883397	511145.b2742	138	15
6883398	511145.b2743	8.74	1
6883396	511145.b2741	314	45
6883401	511145.b2746	149	9
6883402	511145.b2747	15.8	1
6883399	511145.b2744	27.8	2
6883400	511145.b2745	22.2	7
6884446	511145.b3903	1.87	3
6884443	511145.b3900	40.3	4
6884447	511145.b3904	17.9	7
6884451	511145.b3908	1706	140
6883070	511145.b2378	4.12	1
6883356	511145.b2701	12.6	1
6883665	511145.b3047	10.3	1
6882705	511145.b1982	66.8	10
6881921	511145.b1130	1113	146
6881922	511145.b1131	1069	204
6881923	511145.b1132	102	12
6881924	511145.b1133	75.5	14
6881925	511145.b1134	10.8	1
6881926	511145.b1135	6.73	7
6881927	511145.b1136	4202	1053
6881928	511145.b1137	3.63	1
6882024	511145.b1246	145	29
6882025	511145.b1247	107	18
6882022	511145.b1244	241	27
6882023	511145.b1245	112	5
6882457	511145.b1714	563	115
6882021	511145.b1243	3463	827
6883801	511145.b3194	42.1	4
6882019	511145.b1241	4428	1865
6882461	511145.b1718	2366	145
6881487	511145.b0662	114	22
6881486	511145.b0661	30.1	15
6881485	511145.b0660	203	35
6882027	511145.b1249	40.7	13
6884218	511145.b3639	107	18
6884856	511145.b4360	29.3	1
6884857	511145.b4361	5.99	1
6882162	511145.b1394	4.91	1
6882158	511145.b1390	13.2	3
6882160	511145.b1392	17.9	12
6882161	511145.b1393	6.57	1
6881003	511145.b0126	741	81
6882369	511145.b1624	17.4	3
6882370	511145.b1625	51.1	3
6881004	511145.b0127	7.96	4
6882365	511145.b1620	9.23	6
6881669	511145.b0868	1.63	2
6882367	511145.b1622	30.5	7
6882368	511145.b1623	348	24
6881666	511145.b0865	469	34
6881525	511145.b0716	3.1	3
6881668	511145.b0867	8.72	1
6881667	511145.b0866	1025	30
6884216	511145.b3637	4208	156
6881520	511145.b0711	250	6
6881519	511145.b0710	620	69
6884631	511145.b4108	1021	51
6884632	511145.b4109	1.31	8
6882174	511145.b1408	3.26	1
6882171	511145.b1404	7.66	5
6882172	511145.b1406	52.9	6
6882173	511145.b1407	3.14	2
6884630	511145.b4107	21.8	1
6882169	511145.b1402	0.885	1
6884801	511145.b4299	0.312	1
6884793	511145.b4291	44.9	17
6884797	511145.b4295	70.0	13
6881140	511145.b0284	2.82	2
6881143	511145.b0287	614	51
6881138	511145.b0281	2.66	1
6884563	511145.b4036	56.2	14
6880924	511145.b0042	4.2	1
6884561	511145.b4034	1122	255
6884562	511145.b4035	38.3	25
6880929	511145.b0047	5.34	2
6880927	511145.b0045	4.9	1
6880930	511145.b0048	18.1	1
6881715	511145.b0915	3.15	1
6881714	511145.b0914	36.0	21
6881717	511145.b0917	380	16
6881287	511145.b0444	26.9	4
6881711	511145.b0911	2735	733
6881710	511145.b0910	226	22
6881284	511145.b0441	312	82
6881283	511145.b0440	3475	185
6881719	511145.b0919	36.5	7
6881718	511145.b0918	146	22
6881291	511145.b0448	12.1	4
6883443	511145.b2790	211	10
6883991	511145.b3400	66.9	4
6882038	511145.b1260	1195	163
6883626	511145.b3002	82.2	5
6883627	511145.b3003	56.8	7
6883625	511145.b3001	237	34
6883629	511145.b3006	1028	77
6883628	511145.b3005	837	44
6883630	511145.b3008	196	38
6883834	511145.b3228	33.8	4
6883835	511145.b3229	577	80
6884749	511145.b4234	129	13
6883826	511145.b3220	8.22	6
6883827	511145.b3221	46.6	4
6883832	511145.b3226	59.6	10
6884750	511145.b4235	191	54
6883745	511145.b3136	0.75	3
6882854	511145.b2149	17.2	8
6883746	511145.b3137	2.99	6
6881999	511145.b1216	9.57	1
6883743	511145.b3132	102	59
6884227	511145.b3648	142	13
6884228	511145.b3649	1515	72
6884219	511145.b3640	221	11
6884220	511145.b3641	37.3	6
6884222	511145.b3643	13.4	1
6884223	511145.b3644	220	40
6883744	511145.b3133	11.1	1
6884226	511145.b3647	3.59	2
