#name: H.salinarum(NRC-1) - Whole organism, SC (PeptideAtlas,Aug,2013)
#score: 9.47
#weight: 90%
#description: abundance based on Spectral counting, from<a href="http://www.peptideatlas.org/builds/" target="_blank">PeptideAtlas,Aug,2013</a><br/><b>Interaction consistency score</b>: 9.47&nbsp<b>Coverage</b>: 67
#organ: WHOLE_ORGANISM
#integrated: false
#coverage: 67
#publication_year: 2013
#filename: 64091-PA_201308.txt
#
#internal_id	string_external_id	abundance	raw_spectral_count
2905026	64091.VNG2295G	42.4	6
2904917	64091.VNG2163H	476	82
2903397	64091.VNG0178H	54.6	18
2904454	64091.VNG1561Cm	147	64
2903353	64091.VNG0127C	22.6	4
2903733	64091.VNG0620G	2829	501
2903714	64091.VNG0595H	77.5	19
2903640	64091.VNG0500G	257	61
2903603	64091.VNG0453G	18.1	5
2905013	64091.VNG2281C	407	187
2904461	64091.VNG1570H	37.7	9
2903701	64091.VNG0579H	11.6	1
2904923	64091.VNG2170H	27.2	3
2904830	64091.VNG2060G	7.22	3
2903372	64091.VNG0149G	19.4	11
2903449	64091.VNG0247C	160	30
2903930	64091.VNG0880G	1300	282
2903573	64091.VNG0415G	413	258
2903986	64091.VNG0950Gm	8.43	3
2903307	64091.VNG0065G	98.7	39
2904799	64091.VNG2015C	639	63
2904997	64091.VNG2260H	124	29
2904613	64091.VNG1775C	25.9	6
2904101	64091.VNG1094H	7.18	3
2905175	64091.VNG2486G	1771	493
2903804	64091.VNG0715G	701	332
2903865	64091.VNG0793G	119	99
2903521	64091.VNG0343H	494	34
2903321	64091.VNG0084G	17.5	4
2905185	64091.VNG2502C	47.0	26
2905007	64091.VNG2273H	22600	458
2904952	64091.VNG2204H	407	71
2903536	64091.VNG0365G	261	78
2905091	64091.VNG2377G	173	26
2904178	64091.VNG1194H	82.1	8
2905204	64091.VNG2524H	15.3	2
2904910	64091.VNG2155C	20.6	8
2904584	64091.VNG1735C	28.6	11
2903545	64091.VNG0378C	7.91	2
2903463	64091.VNG0265G	325	113
2905131	64091.VNG2426G	15.7	2
2903421	64091.VNG0209H	958	253
2903747	64091.VNG0637G	1221	780
2904865	64091.VNG2104G	240	96
2903329	64091.VNG0096C	850	129
2904146	64091.VNG1156G	2.71	1
2904769	64091.VNG1977H	88.6	27
2904705	64091.VNG1895H	27.7	4
2904549	64091.VNG1688C	13.9	5
2904130	64091.VNG1136G	743	188
2904531	64091.VNG1666H	23.4	5
2903435	64091.VNG0227H	37.4	3
2904091	64091.VNG1083G	25.1	8
2904568	64091.VNG1713G	5689	896
2903929	64091.VNG0879C	691	70
2904785	64091.VNG1997G	368	250
2904761	64091.VNG1965H	186	33
2904756	64091.VNG1960H	293	17
2904237	64091.VNG1272C	215	68
2903513	64091.VNG0332C	107	13
2903780	64091.VNG0679G	2677	812
2904552	64091.VNG1691G	3062	324
2903819	64091.VNG0733H	27.3	5
2905105	64091.VNG2395C	403	157
2905270	64091.VNG2612G	249	191
2904601	64091.VNG1762G	190	47
2904485	64091.VNG1608C	238	48
2904959	64091.VNG2213G	36.5	33
2904739	64091.VNG1939G	313	106
2903872	64091.VNG0801C	2246	135
2905294	64091.VNG2641H	14.2	1
2903928	64091.VNG0878Gm	296	34
2903477	64091.VNG0285C	23.7	3
2904688	64091.VNG1873G	3060	1201
2904132	64091.VNG1138G	5983	880
2904028	64091.VNG1001G	1346	750
2904414	64091.VNG1506G	132	45
2904058	64091.VNG1038C	6104	198
2904945	64091.VNG2195G	1051	107
2904694	64091.VNG1882G	3.34	3
2904252	64091.VNG1294G	2462	281
2904240	64091.VNG1276C	615	144
2904157	64091.VNG1170G	3588	411
2903820	64091.VNG0734G	1253	359
2903337	64091.VNG0106G	52.9	28
2903555	64091.VNG0391C	14.4	4
2905020	64091.VNG2289G	23.0	12
2904379	64091.VNG1462G	1.26	7
2905062	64091.VNG2338G	27.5	31
2903700	64091.VNG0578H	583	54
2903636	64091.VNG0494G	1656	207
2904926	64091.VNG2173G	54.7	32
2903936	64091.VNG0887G	491	368
2903387	64091.VNG0166G	2462	747
2904038	64091.VNG1013G	174	72
2904397	64091.VNG1482G	2094	536
2904458	64091.VNG1566G	1392	1395
2903969	64091.VNG0930G	119	28
2904387	64091.VNG1471C	5.69	1
2904845	64091.VNG2080C	21.0	1
2904636	64091.VNG1804G	1221	418
2903623	64091.VNG0478C	109	10
2904290	64091.VNG1344G	152	57
2904001	64091.VNG0969H	34.6	8
2905205	64091.VNG2525H	214	16
2905090	64091.VNG2376H	25.8	3
2903389	64091.VNG0168H	38.1	8
2904789	64091.VNG2001G	2544	1046
2904269	64091.VNG1315H	2.41	1
2903462	64091.VNG0264H	615	179
2903505	64091.VNG0322H	101	9
2905148	64091.VNG2449G	1104	433
2903420	64091.VNG0208H	445	66
2903663	64091.VNG0530G	127	26
2904371	64091.VNG1453H	52.8	4
2905027	64091.VNG2296C	244	37
2903948	64091.VNG0905G	449	241
2904915	64091.VNG2160C	436	150
2903788	64091.VNG0689G	103	30
2903699	64091.VNG0576C	144	10
2905160	64091.VNG2467G	8351	814
2903938	64091.VNG0890G	1407	251
2904092	64091.VNG1084G	86.1	19
2904804	64091.VNG2023G	651	185
2904783	64091.VNG1994C	72.8	4
2903514	64091.VNG0335G	279	67
2904978	64091.VNG2238C	1.24	1
2903320	64091.VNG0081G	77.0	19
2904603	64091.VNG1765G	366	140
2905104	64091.VNG2394G	164	49
2903818	64091.VNG0732G	864	127
2905271	64091.VNG2613H	44.7	9
2904486	64091.VNG1609C	57.2	10
2904999	64091.VNG2263G	49.1	11
2904797	64091.VNG2012C	5.46	2
2903725	64091.VNG0609C	145	34
2904771	64091.VNG1980C	112	25
2903918	64091.VNG0865C	86.0	19
2903538	64091.VNG0368C	62.3	13
2903906	64091.VNG0849C	1712	428
2904213	64091.VNG1240G	5.97	4
2904194	64091.VNG1215G	7.66	2
2904710	64091.VNG1901C	435	138
2904084	64091.VNG1071G	368	45
2905292	64091.VNG2639G	749	295
2904255	64091.VNG1297C	626	204
2904857	64091.VNG2094G	482	79
2905246	64091.VNG2582H	288	24
2905279	64091.VNG2624G	37.8	4
2904695	64091.VNG1883G	1.96	1
2904444	64091.VNG1547C	237	42
2904719	64091.VNG1912G	2312	744
2904499	64091.VNG1625H	15.5	4
2904147	64091.VNG1157G	7789	614
2904534	64091.VNG1670C	4.25	1
2904866	64091.VNG2105H	83.5	3
2903905	64091.VNG0847H	89.5	26
2904117	64091.VNG1117C	4.9	2
2903291	64091.VNG0049H	120	28
2904994	64091.VNG2256G	1317	356
2904210	64091.VNG1237C	267	56
2904176	64091.VNG1191Gm	6.75	3
2904226	64091.VNG1257H	769	31
2904532	64091.VNG1667G	1164	1012
2905312	64091.VNG2662G	1208	439
2904678	64091.VNG1861C	69.6	19
2904398	64091.VNG1483C	619	89
2903586	64091.VNG0431G	237	53
2904386	64091.VNG1470G	37.3	16
2904457	64091.VNG1565G	114	66
2903581	64091.VNG0426G	266	25
2903626	64091.VNG0482H	104	21
2903624	64091.VNG0479G	112	25
2904289	64091.VNG1343C	24.5	7
2903578	64091.VNG0422G	45.1	18
2905293	64091.VNG2640G	23.4	7
2904437	64091.VNG1538H	993	169
2904687	64091.VNG1872C	2.76	1
2904411	64091.VNG1501G	3.06	2
2904106	64091.VNG1100C	15.5	4
2905321	64091.VNG2677H	59.6	19
2904332	64091.VNG1401C	51.1	7
2904824	64091.VNG2049C	171	2
2904033	64091.VNG1007H	20.4	6
2905114	64091.VNG2406C	130	29
2905053	64091.VNG2328H	26.0	2
2903669	64091.VNG0537C	31.3	12
2905028	64091.VNG2297H	190	13
2904370	64091.VNG1452G	173	42
2905159	64091.VNG2466a	362	17
2904264	64091.VNG1309G	92.4	13
2903980	64091.VNG0942G	350	36
2903698	64091.VNG0575G	672	158
2903716	64091.VNG0597H	1668	43
2903939	64091.VNG0891G	3198	646
2904328	64091.VNG1394H	465	80
2903554	64091.VNG0390G	357	63
2903338	64091.VNG0107G	8.9	6
2903684	64091.VNG0557H	1117	111
2905061	64091.VNG2337C	71.3	6
2903961	64091.VNG0920H	1.55	1
2904462	64091.VNG1572C	130	28
2903370	64091.VNG0147C	23.4	7
2903599	64091.VNG0448G	984	354
2903960	64091.VNG0919G	330	71
2904325	64091.VNG1389C	186	58
2904925	64091.VNG2172C	44.0	11
2904108	64091.VNG1103G	1420	13
2903574	64091.VNG0417H	38.4	4
2904685	64091.VNG1869C	151	52
2904611	64091.VNG1773G	332	33
2904900	64091.VNG2144G	828	239
2903718	64091.VNG0599C	30.3	2
2904885	64091.VNG2128C	5.68	3
2903749	64091.VNG0640G	592	113
2905225	64091.VNG2553G	996	113
2904214	64091.VNG1241G	49.0	7
2904586	64091.VNG1739G	116	25
2904193	64091.VNG1214H	14.2	6
2903803	64091.VNG0713C	4.37	1
2905077	64091.VNG2359G	6.08	1
2904788	64091.VNG2000G	695	328
2903979	64091.VNG0941C	639	165
2904283	64091.VNG1336C	162	14
2905164	64091.VNG2471G	545	198
2905130	64091.VNG2424G	834	358
2904908	64091.VNG2153G	8.08	1
2905231	64091.VNG2562H	598	183
2904004	64091.VNG0973G	356	116
2903319	64091.VNG0080H	5.66	1
2905216	64091.VNG2539H	1076	418
2904884	64091.VNG2126C	381	124
2904956	64091.VNG2208G	187	80
2904764	64091.VNG1971G	163	58
2903765	64091.VNG0662G	363	34
2904867	64091.VNG2106G	680	232
2904115	64091.VNG1114G	1221	411
2903813	64091.VNG0726C	62.3	16
2904209	64091.VNG1236C	30.2	12
2903841	64091.VNG0759H	172	23
2904527	64091.VNG1660G	6.21	1
2904225	64091.VNG1256G	6.64	2
2905314	64091.VNG2665G	1040	609
2903499	64091.VNG0315G	6819	1452
2905005	64091.VNG2271G	10.0	4
2904093	64091.VNG1085H	557	68
2903759	64091.VNG0653G	124	34
2905178	64091.VNG2493C	40.6	7
2903797	64091.VNG0704C	152	15
2904784	64091.VNG1995C	84.5	6
2904979	64091.VNG2239C	103	30
2904602	64091.VNG1764G	14.9	3
2905107	64091.VNG2397G	8.19	3
2904483	64091.VNG1606G	255	62
2903860	64091.VNG0786G	61.7	3
2904980	64091.VNG2240G	43.4	15
2904506	64091.VNG1635G	106	17
2904792	64091.VNG2005G	795	289
2904665	64091.VNG1844G	585	174
2904708	64091.VNG1899G	9.02	3
2904261	64091.VNG1305G	276	71
2903253	64091.VNG0006G	44.1	28
2905301	64091.VNG2647G	576	212
2904546	64091.VNG1684G	73.0	16
2905040	64091.VNG2311H	303	23
2904944	64091.VNG2193Gm	175	48
2904410	64091.VNG1500H	34.5	7
2904823	64091.VNG2048G	3740	490
2904727	64091.VNG1922G	367	22
2904709	64091.VNG1900C	47.4	12
2904498	64091.VNG1624G	1728	1025
2904254	64091.VNG1296C	56.9	7
2904126	64091.VNG1131G	654	158
2904674	64091.VNG1853G	368	144
2903847	64091.VNG0766G	22.3	9
2904427	64091.VNG1526G	66.9	22
2904811	64091.VNG2032Gm	17.9	4
2903830	64091.VNG0746C	2.14	1
2905282	64091.VNG2627C	128	63
2904501	64091.VNG1628G	43.5	17
2904488	64091.VNG1611C	1036	212
2904158	64091.VNG1172G	1094	212
2904637	64091.VNG1806H	21.7	1
2903335	64091.VNG0104G	738	139
2904329	64091.VNG1395G	13.8	5
2905079	64091.VNG2363Gm	0.744	1
2904463	64091.VNG1573G	26.4	8
2903962	64091.VNG0921G	18.3	10
2905075	64091.VNG2356G	28.3	21
2903368	64091.VNG0144H	142	25
2904359	64091.VNG1435G	394	97
2903570	64091.VNG0410G	18.4	9
2904285	64091.VNG1339C	698	328
2904430	64091.VNG1530H	185	6
2904682	64091.VNG1866G	874	133
2904472	64091.VNG1585Cm	13.6	8
2904445	64091.VNG1548C	24.3	6
2903589	64091.VNG0436G	30.9	10
2905033	64091.VNG2302G	170	84
2904076	64091.VNG1063H	5.55	2
2904456	64091.VNG1564H	232	111
2904848	64091.VNG2082G	61.0	15
2904389	64091.VNG1473H	5.97	1
2903625	64091.VNG0481G	349	213
2904937	64091.VNG2184G	254	65
2905076	64091.VNG2358G	388	190
2904284	64091.VNG1337C	8.99	5
2905165	64091.VNG2472G	329	30
2905129	64091.VNG2423G	30.7	8
2904249	64091.VNG1289H	1996	17
2904907	64091.VNG2152C	7.61	1
2903376	64091.VNG0153C	781	192
2903439	64091.VNG0233H	55.6	4
2903743	64091.VNG0632G	563	240
2903793	64091.VNG0698H	16.0	4
2903543	64091.VNG0375G	444	53
2905054	64091.VNG2329C	5.82	1
2903952	64091.VNG0909H	4.54	1
2903668	64091.VNG0536G	363	70
2903935	64091.VNG0885G	565	378
2904166	64091.VNG1180G	241	15
2904369	64091.VNG1451C	419	149
2904315	64091.VNG1377G	37.4	7
2903987	64091.VNG0950a	15.0	2
2904838	64091.VNG2072G	844	374
2903445	64091.VNG0240a	86.8	7
2903606	64091.VNG0458G	171	58
2905158	64091.VNG2465C	3123	191
2903390	64091.VNG0170Cm	4.99	1
2903657	64091.VNG0521G	112	103
2903339	64091.VNG0108G	80.7	69
2904263	64091.VNG1308G	674	223
2903608	64091.VNG0461G	1475	601
2903864	64091.VNG0790G	4183	715
2905009	64091.VNG2276G	279	128
2904803	64091.VNG2021C	2079	1095
2904094	64091.VNG1086C	368	43
2905239	64091.VNG2574G	5127	2439
2903756	64091.VNG0650C	17.1	8
2904781	64091.VNG1992G	76.9	35
2904876	64091.VNG2118G	212	28
2904484	64091.VNG1607G	412	18
2903861	64091.VNG0787G	6836	1623
2903850	64091.VNG0769H	124	12
2904565	64091.VNG1707G	3848	565
2903531	64091.VNG0359C	70.8	13
2904772	64091.VNG1982C	148	54
2904105	64091.VNG1099C	279	83
2904795	64091.VNG2010G	5866	1077
2903752	64091.VNG0643G	327	21
2905224	64091.VNG2552G	38.7	8
2905208	64091.VNG2529G	32.1	8
2903496	64091.VNG0311H	13.9	1
2904085	64091.VNG1073G	57.9	22
2904160	64091.VNG1173a	1105	92
2904963	64091.VNG2218G	3926	1235
2903303	64091.VNG0061C	49.8	22
2904487	64091.VNG1610C	4.24	1
2904159	64091.VNG1173G	1398	5
2904800	64091.VNG2017G	437	218
2904605	64091.VNG1767G	32.6	8
2904202	64091.VNG1228C	4.25	1
2904025	64091.VNG0998G	994	346
2904765	64091.VNG1972G	44.2	21
2904982	64091.VNG2242C	16.6	2
2903903	64091.VNG0845C	3.78	1
2904140	64091.VNG1148G	95.5	10
2904228	64091.VNG1260C	14.8	1
2903814	64091.VNG0727C	166	52
2903892	64091.VNG0829G	4.51	5
2905266	64091.VNG2608C	52.8	18
2905180	64091.VNG2496G	105	8
2904227	64091.VNG1259G	141	37
2903840	64091.VNG0758C	465	96
2903484	64091.VNG0296H	8.59	3
2903902	64091.VNG0841G	210	53
2903590	64091.VNG0437C	387	135
2904644	64091.VNG1818G	792	185
2904850	64091.VNG2085G	244	57
2904062	64091.VNG1046H	58.7	7
2904416	64091.VNG1510C	50.8	30
2904651	64091.VNG1827H	133	12
2904287	64091.VNG1341G	38.2	8
2904388	64091.VNG1472G	1142	911
2904666	64091.VNG1845C	205	88
2904707	64091.VNG1898C	1287	94
2904745	64091.VNG1945G	124	28
2904652	64091.VNG1829G	961	260
2905300	64091.VNG2646C	390	75
2903525	64091.VNG0349Gm	153	134
2904244	64091.VNG1282G	73.2	22
2903252	64091.VNG0005H	69.4	38
2903874	64091.VNG0806G	712	333
2904412	64091.VNG1503C	52.1	10
2904232	64091.VNG1264C	354	35
2903667	64091.VNG0535C	35.8	2
2903673	64091.VNG0542C	49.6	18
2905110	64091.VNG2400H	732	144
2903934	64091.VNG0884G	434	176
2903951	64091.VNG0908G	12.6	4
2904368	64091.VNG1450G	26.5	12
2904169	64091.VNG1183H	15.5	1
2904839	64091.VNG2073C	106	25
2904331	64091.VNG1398C	11.5	2
2903607	64091.VNG0459G	1917	419
2903452	64091.VNG0250C	128	24
2903942	64091.VNG0893G	393	109
2903696	64091.VNG0573C	402	67
2903350	64091.VNG0123G	160	90
2905304	64091.VNG2650G	10.0	2
2905307	64091.VNG2654Gm	4870	3270
2903605	64091.VNG0457G	1695	329
2903558	64091.VNG0396C	18.2	2
2904638	64091.VNG1807H	49.4	6
2904355	64091.VNG1429C	117	32
2903680	64091.VNG0551G	1120	27
2904020	64091.VNG0993H	8.52	2
2905060	64091.VNG2335H	55.9	16
2904821	64091.VNG2045G	28.1	13
2904299	64091.VNG1356G	2433	1021
2904577	64091.VNG1724G	976	263
2904609	64091.VNG1771C	424	42
2905199	64091.VNG2519H	673	265
2904775	64091.VNG1985C	28.3	9
2904133	64091.VNG1139Gm	5180	493
2904796	64091.VNG2011G	62.7	19
2904901	64091.VNG2146H	1014	129
2905172	64091.VNG2482G	144	53
2903802	64091.VNG0711C	330	62
2903495	64091.VNG0310C	743	248
2904547	64091.VNG1686G	345	75
2905291	64091.VNG2638G	71.6	20
2905086	64091.VNG2371C	535	141
2904175	64091.VNG1190G	5844	580
2905128	64091.VNG2422G	181	94
2904906	64091.VNG2151G	2002	392
2903375	64091.VNG0152G	328	75
2903504	64091.VNG0321G	2050	728
2903542	64091.VNG0374G	120	21
2905230	64091.VNG2560G	9.74	2
2904003	64091.VNG0971G	651	277
2905166	64091.VNG2473G	2298	741
2903440	64091.VNG0234C	4450	561
2904604	64091.VNG1766C	294	58
2904989	64091.VNG2251G	2236	672
2905265	64091.VNG2607C	621	145
2903289	64091.VNG0046G	304	141
2904229	64091.VNG1261H	524	28
2903270	64091.VNG0026C	4.15	3
2904802	64091.VNG2020C	26.2	7
2904406	64091.VNG1494G	986	38
2904587	64091.VNG1740C	53.6	14
2904195	64091.VNG1216G	235	82
2904512	64091.VNG1644G	1443	1329
2903509	64091.VNG0327G	75.6	29
2904095	64091.VNG1087C	390	158
2903722	64091.VNG0604H	245	20
2904977	64091.VNG2237G	365	126
2903757	64091.VNG0651G	201	81
2904624	64091.VNG1788C	40.6	13
2904962	64091.VNG2217G	1814	544
2904526	64091.VNG1659G	979	512
2905242	64091.VNG2577C	218	26
2904564	64091.VNG1706G	2413	102
2904667	64091.VNG1846C	21.7	4
2904744	64091.VNG1944C	934	131
2904718	64091.VNG1911G	383	153
2904245	64091.VNG1283H	10.5	1
2905258	64091.VNG2598G	186	50
2904110	64091.VNG1105G	4526	957
2904050	64091.VNG1029C	527	96
2905286	64091.VNG2632G	9.61	2
2904065	64091.VNG1050H	65.8	7
2904031	64091.VNG1005H	373	32
2904725	64091.VNG1920H	23.5	3
2904672	64091.VNG1851G	62.4	15
2904964	64091.VNG2219G	2295	1014
2903845	64091.VNG0764C	10.2	3
2903831	64091.VNG0748G	9.45	5
2904148	64091.VNG1158G	236	33
2904965	64091.VNG2220G	2125	608
2904755	64091.VNG1959G	67.2	40
2904856	64091.VNG2093G	2729	1301
2904425	64091.VNG1524C	4348	2020
2904330	64091.VNG1397C	13.7	4
2903963	64091.VNG0923G	1.46	1
2904820	64091.VNG2044H	263	22
2903679	64091.VNG0550G	4510	447
2904360	64091.VNG1437G	644	161
2905059	64091.VNG2334C	115	138
2903366	64091.VNG0142C	85.5	22
2903485	64091.VNG0297H	9.66	1
2903878	64091.VNG0812G	0.072	1
2903257	64091.VNG0013C	3.42	3
2904042	64091.VNG1018G	5.66	4
2904680	64091.VNG1864G	39.7	7
2904435	64091.VNG1536C	16.8	2
2904849	64091.VNG2084G	33.7	10
2904417	64091.VNG1511C	1970	1137
2904063	64091.VNG1047H	22.2	2
2903620	64091.VNG0474G	1473	774
2904939	64091.VNG2186G	419	29
2904286	64091.VNG1340C	4.51	1
2904408	64091.VNG1497C	18.6	3
2903584	64091.VNG0429H	895	115
2904391	64091.VNG1475C	716	314
2903955	64091.VNG0914H	46.0	9
2903453	64091.VNG0251C	8.16	2
2903658	64091.VNG0523G	269	73
2905015	64091.VNG2283G	785	618
2904282	64091.VNG1335G	38.2	19
2905217	64091.VNG2541Cm	175	60
2904905	64091.VNG2150G	857	78
2904272	64091.VNG1319H	1.89	1
2905212	64091.VNG2534C	2.85	1
2904002	64091.VNG0970G	254	65
2903690	64091.VNG0565C	62.6	4
2904920	64091.VNG2166Cm	91.4	22
2905127	64091.VNG2421G	6.93	2
2905167	64091.VNG2474C	16.3	5
2903666	64091.VNG0534C	131	44
2903547	64091.VNG0382G	133	36
2905112	64091.VNG2403H	72.8	16
2903571	64091.VNG0412G	304	221
2904375	64091.VNG1457C	11.5	3
2904551	64091.VNG1690G	5578	1674
2904168	64091.VNG1182H	59.7	13
2904918	64091.VNG2164C	44.0	2
2903695	64091.VNG0572G	139	40
2905116	64091.VNG2410G	570	126
2904096	64091.VNG1088C	2791	191
2904572	64091.VNG1718G	3444	185
2904975	64091.VNG2234G	366	26
2903487	64091.VNG0300C	12.2	5
2903923	64091.VNG0872G	462	134
2903529	64091.VNG0355G	375	157
2904184	64091.VNG1202C	60.3	6
2904525	64091.VNG1658C	530	77
2903518	64091.VNG0339H	4.18	1
2904563	64091.VNG1705G	3776	469
2905080	64091.VNG2365G	35.7	13
2904579	64091.VNG1727G	257	61
2905198	64091.VNG2518C	66.7	17
2903561	64091.VNG0401G	572	324
2903410	64091.VNG0195H	123	8
2905162	64091.VNG2469G	3028	10
2903471	64091.VNG0277G	9.16	5
2905137	64091.VNG2436G	446	162
2903740	64091.VNG0629G	1072	335
2904902	64091.VNG2147G	269	72
2904763	64091.VNG1969G	77.2	50
2904528	64091.VNG1663C	3524	1433
2904671	64091.VNG1850G	2106	271
2903910	64091.VNG0854C	194	57
2904714	64091.VNG1905C	160	70
2905277	64091.VNG2620G	949	744
2904699	64091.VNG1887G	168	40
2903832	64091.VNG0749G	66.4	58
2904149	64091.VNG1159G	2284	122
2904967	64091.VNG2223G	476	431
2903697	64091.VNG0574C	206	19
2903380	64091.VNG0158G	7.89	3
2904424	64091.VNG1523G	154	50
2903305	64091.VNG0063G	99.3	45
2905101	64091.VNG2390G	13.6	10
2904996	64091.VNG2259C	484	218
2904482	64091.VNG1605G	390	11
2904632	64091.VNG1798H	22.3	3
2904274	64091.VNG1323C	5.05	3
2904230	64091.VNG1262G	764	84
2904206	64091.VNG1233G	806	171
2905264	64091.VNG2606G	451	137
2903288	64091.VNG0045C	7.71	3
2905315	64091.VNG2666G	1143	654
2905096	64091.VNG2383G	47.9	24
2905136	64091.VNG2433H	175	10
2903693	64091.VNG0570Hm	65.2	9
2903483	64091.VNG0294G	361	66
2905032	64091.VNG2301G	2.23	1
2903588	64091.VNG0435H	202	18
2904757	64091.VNG1962C	124	23
2903583	64091.VNG0428G	611	96
2904390	64091.VNG1474G	80.2	14
2904407	64091.VNG1496G	1174	77
2904852	64091.VNG2087G	133	23
2904434	64091.VNG1534a	10.1	3
2905298	64091.VNG2644a	199	47
2904409	64091.VNG1498G	807	298
2905257	64091.VNG2597C	101	20
2905316	64091.VNG2668G	648	35
2904242	64091.VNG1280C	160	16
2904109	64091.VNG1104G	4016	500
2903312	64091.VNG0070H	46.8	6
2905297	64091.VNG2644C	803	74
2904452	64091.VNG1558H	439	36
2903671	64091.VNG0540G	2843	812
2903511	64091.VNG0330G	1581	1040
2904308	64091.VNG1369G	152	41
2904239	64091.VNG1275Gm	13.1	9
2903990	64091.VNG0955G	6.93	1
2903392	64091.VNG0172G	2.43	2
2904919	64091.VNG2165H	112	18
2904496	64091.VNG1622G	260	141
2904171	64091.VNG1185G	45.2	9
2903648	64091.VNG0508H	88.0	11
2903812	64091.VNG0725H	60.0	21
2903798	64091.VNG0705C	44.8	18
2903621	64091.VNG0475C	55.2	4
2904639	64091.VNG1809H	82.0	14
2904822	64091.VNG2047G	2523	87
2903557	64091.VNG0394C	5035	1076
2904034	64091.VNG1008G	2002	1231
2904052	64091.VNG1031C	132	25
2904465	64091.VNG1576G	1.9	1
2905058	64091.VNG2333C	59.9	29
2903634	64091.VNG0491G	3386	1332
2903544	64091.VNG0376G	498	167
2905069	64091.VNG2346G	504	182
2905161	64091.VNG2468C	350	61
2905081	64091.VNG2366C	1141	104
2904260	64091.VNG1303C	23.3	11
2904578	64091.VNG1726G	101	26
2905138	64091.VNG2437G	1060	326
2903739	64091.VNG0628G	1841	547
2904896	64091.VNG2140G	325	33
2904777	64091.VNG1987G	609	313
2903913	64091.VNG0860G	256	35
2903993	64091.VNG0960G	1371	692
2903785	64091.VNG0684G	478	103
2904293	64091.VNG1349Cm	16.9	3
2905014	64091.VNG2282C	659	197
2903694	64091.VNG0571C	332	108
2903659	64091.VNG0524G	1845	604
2905117	64091.VNG2411G	10.6	8
2904281	64091.VNG1332G	932	213
2905093	64091.VNG2379H	525	25
2903377	64091.VNG0154G	440	162
2905296	64091.VNG2643H	1409	195
2905155	64091.VNG2459G	249	129
2903670	64091.VNG0539C	10.5	3
2905215	64091.VNG2537G	268	43
2903406	64091.VNG0189C	1.95	1
2903858	64091.VNG0782H	1551	563
2904880	64091.VNG2122G	3704	1233
2904606	64091.VNG1768G	1117	78
2905103	64091.VNG2393G	1758	395
2904608	64091.VNG1770C	26.6	14
2904810	64091.VNG2031G	291	50
2904470	64091.VNG1582G	14.5	3
2904205	64091.VNG1232G	4.64	2
2903851	64091.VNG0771G	4965	2473
2904022	64091.VNG0995H	570	35
2903287	64091.VNG0044H	4.37	2
2904139	64091.VNG1145G	191	51
2904066	64091.VNG1052H	297	44
2905094	64091.VNG2380H	36.8	5
2904590	64091.VNG1746C	27.6	7
2905189	64091.VNG2508C	871	93
2904097	64091.VNG1089G	1743	669
2904888	64091.VNG2131G	260	171
2904573	64091.VNG1719G	84.4	15
2903707	64091.VNG0586C	736	83
2905181	64091.VNG2497H	235	35
2903488	64091.VNG0301C	90.6	18
2904220	64091.VNG1250H	1591	314
2903924	64091.VNG0873G	59.0	9
2903723	64091.VNG0606G	1431	163
2905002	64091.VNG2268H	223	12
2904593	64091.VNG1751H	103	26
2904566	64091.VNG1709G	5170	629
2904746	64091.VNG1946G	242	93
2904080	64091.VNG1067G	77.8	26
2905256	64091.VNG2596G	72.8	7
2904243	64091.VNG1281H	8.32	1
2904049	64091.VNG1027G	528	40
2904692	64091.VNG1879G	15.0	5
2904543	64091.VNG1680G	28.4	9
2904730	64091.VNG1926G	1192	170
2904453	64091.VNG1559H	371	69
2903446	64091.VNG0243Cm	19.2	9
2904156	64091.VNG1169C	765	113
2904607	64091.VNG1769Cm	41.0	12
2903919	64091.VNG0867G	16.8	6
2904476	64091.VNG1591H	226	23
2904554	64091.VNG1693G	3337	634
2904251	64091.VNG1292H	494	26
2904966	64091.VNG2222G	209	40
2904490	64091.VNG1615G	574	229
2904891	64091.VNG2135G	328	60
2904339	64091.VNG1408G	1071	568
2904035	64091.VNG1009G	1082	803
2904356	64091.VNG1431C	17.1	5
2905057	64091.VNG2332G	66.3	6
2904051	64091.VNG1030G	29.5	1
2904466	64091.VNG1577C	20.2	2
2903343	64091.VNG0115G	431	80
2904295	64091.VNG1351G	241	18
2903591	64091.VNG0438G	66.1	12
2903635	64091.VNG0492H	27.7	8
2905251	64091.VNG2589C	21.9	5
2904402	64091.VNG1488G	3.9	1
2905036	64091.VNG2306H	43.7	12
2903900	64091.VNG0838G	37.2	12
2903259	64091.VNG0015H	30.8	3
2904346	64091.VNG1417H	6.85	2
2903880	64091.VNG0814C	147	24
2904648	64091.VNG1822G	517	42
2904851	64091.VNG2086G	4424	774
2904460	64091.VNG1568G	770	119
2905122	64091.VNG2416G	66.9	14
2903660	64091.VNG0525C	1086	587
2903943	64091.VNG0896G	162	14
2904363	64091.VNG1442G	196	54
2903469	64091.VNG0272H	14.4	2
2905092	64091.VNG2378G	277	75
2903361	64091.VNG0137G	22.1	7
2904006	64091.VNG0976G	807	213
2903441	64091.VNG0237H	603	10
2903937	64091.VNG0889G	820	583
2903549	64091.VNG0384G	11.1	6
2903989	64091.VNG0954C	393	75
2903672	64091.VNG0541G	373	109
2904349	64091.VNG1422H	147	50
2905071	64091.VNG2349G	6164	3665
2903741	64091.VNG0630G	556	58
2903873	64091.VNG0804C	148	50
2903649	64091.VNG0509H	95.1	6
2904192	64091.VNG1213C	80.9	27
2905190	64091.VNG2509H	137	25
2903708	64091.VNG0587H	43.0	6
2904887	64091.VNG2130G	51.0	9
2905041	64091.VNG2312C	82.2	17
2903443	64091.VNG0239C	1245	167
2904806	64091.VNG2025G	12.9	3
2903922	64091.VNG0870G	270	30
2905195	64091.VNG2514G	3972	400
2904250	64091.VNG1291H	53.7	13
2903720	64091.VNG0601H	2376	212
2905141	64091.VNG2441G	2.29	2
2904562	64091.VNG1703G	1341	196
2904288	64091.VNG1342Gm	2.09	1
2904594	64091.VNG1752C	548	125
2904973	64091.VNG2232G	6.12	2
2904843	64091.VNG2078G	28.8	4
2905214	64091.VNG2536C	9.22	2
2903540	64091.VNG0371G	172	81
2905070	64091.VNG2347G	98.6	30
2904259	64091.VNG1302H	338	23
2905082	64091.VNG2367G	5222	877
2905133	64091.VNG2430G	29.0	11
2903468	64091.VNG0271C	35.6	18
2903738	64091.VNG0627G	207	54
2904897	64091.VNG2141G	697	133
2904776	64091.VNG1986C	25.6	7
2903754	64091.VNG0647G	72.3	5
2903994	64091.VNG0961G	1648	1062
2904155	64091.VNG1168C	929	187
2904762	64091.VNG1967G	883	353
2903327	64091.VNG0094C	188	32
2903844	64091.VNG0763G	3.59	1
2904241	64091.VNG1279H	8.88	1
2903324	64091.VNG0089G	7.26	1
2904120	64091.VNG1120H	43.6	5
2905278	64091.VNG2622H	225	57
2903548	64091.VNG0383H	390	14
2903281	64091.VNG0038H	20.5	3
2904553	64091.VNG1692G	5930	791
2903824	64091.VNG0738H	49.4	7
2904481	64091.VNG1603G	475	151
2904100	64091.VNG1093C	759	164
2905102	64091.VNG2392H	198	23
2904951	64091.VNG2203G	354	99
2904021	64091.VNG0994H	20.4	6
2903767	64091.VNG0665G	85.9	11
2904113	64091.VNG1111G	104	38
2903286	64091.VNG0043H	9.61	1
2904138	64091.VNG1144H	173	32
2904569	64091.VNG1714G	13310	870
2904729	64091.VNG1925H	265	2
2904653	64091.VNG1830G	861	504
2903300	64091.VNG0058H	2.78	1
2903260	64091.VNG0016H	65.3	13
2904345	64091.VNG1416G	283	108
2903881	64091.VNG0815G	1103	332
2904061	64091.VNG1042H	309	32
2904649	64091.VNG1823C	39.4	7
2904392	64091.VNG1476C	29.2	9
2904854	64091.VNG2089H	432	25
2904733	64091.VNG1932G	278	63
2904741	64091.VNG1941C	42.9	20
2905255	64091.VNG2595G	201	53
2903473	64091.VNG0281G	60.2	20
2903835	64091.VNG0752G	314	93
2903255	64091.VNG0009G	97.9	29
2904089	64091.VNG1079G	226	64
2904046	64091.VNG1024C	125	22
2905285	64091.VNG2631H	24.3	5
2903907	64091.VNG0851C	202	49
2903976	64091.VNG0937G	11.7	4
2905052	64091.VNG2326G	837	295
2904393	64091.VNG1478G	803	59
2903676	64091.VNG0546C	1412	364
2904172	64091.VNG1187G	664	328
2904372	64091.VNG1454C	185	99
2904099	64091.VNG1092C	494	179
2903968	64091.VNG0928G	2.11	1
2903875	64091.VNG0808G	211	77
2903619	64091.VNG0473G	1381	301
2904449	64091.VNG1554G	1522	435
2905056	64091.VNG2331G	148	55
2904053	64091.VNG1033G	155	63
2903592	64091.VNG0439C	509	242
2903595	64091.VNG0442G	135	57
2904296	64091.VNG1352G	660	352
2904320	64091.VNG1383G	1.17	1
2904844	64091.VNG2079G	27.9	1
2905068	64091.VNG2344G	645	235
2905209	64091.VNG2531G	154	34
2905083	64091.VNG2368G	88.0	54
2904258	64091.VNG1301G	3.6	1
2903737	64091.VNG0626G	14.3	1
2904898	64091.VNG2142G	2837	367
2904779	64091.VNG1989H	392	11
2905227	64091.VNG2555C	866	120
2903915	64091.VNG0862G	36.9	8
2905202	64091.VNG2522C	158	29
2903995	64091.VNG0962G	976	661
2904123	64091.VNG1125G	2251	769
2903455	64091.VNG0254G	1555	543
2905012	64091.VNG2280G	530	217
2903944	64091.VNG0897G	57.3	11
2903325	64091.VNG0090G	78.7	18
2903953	64091.VNG0911H	16.8	2
2903786	64091.VNG0686C	5.71	2
2903451	64091.VNG0249G	1839	591
2904793	64091.VNG2006C	3.42	1
2904305	64091.VNG1365C	34.9	1
2903360	64091.VNG0136G	178	48
2903686	64091.VNG0560C	34.6	16
2904522	64091.VNG1655H	14.5	1
2904183	64091.VNG1201G	166	16
2904542	64091.VNG1679H	193	28
2903755	64091.VNG0648G	44.8	8
2904878	64091.VNG2120G	623	125
2904024	64091.VNG0997G	637	441
2903766	64091.VNG0664G	29.1	10
2903522	64091.VNG0345G	479	168
2905186	64091.VNG2504G	179	66
2904503	64091.VNG1631G	7.93	1
2905262	64091.VNG2603H	391	43
2904204	64091.VNG1230G	34.8	17
2904570	64091.VNG1715G	3196	478
2904794	64091.VNG2008H	653	55
2904582	64091.VNG1733G	0.278	1
2903748	64091.VNG0639G	724	133
2903705	64091.VNG0584H	556	162
2904890	64091.VNG2133H	105	18
2905194	64091.VNG2513G	2897	1105
2903719	64091.VNG0600C	17.1	9
2903290	64091.VNG0047Gm	90.9	35
2903527	64091.VNG0352H	217	8
2904561	64091.VNG1702G	6072	599
2903795	64091.VNG0702H	680	22
2904974	64091.VNG2233C	110	19
2903489	64091.VNG0303G	732	448
2904492	64091.VNG1617H	83.0	10
2904248	64091.VNG1287C	130	21
2904663	64091.VNG1842H	61.2	14
2903834	64091.VNG0751C	404	59
2905303	64091.VNG2649G	10244	3751
2905289	64091.VNG2636G	467	493
2904125	64091.VNG1130H	120	11
2904154	64091.VNG1165G	80.9	27
2903317	64091.VNG0077H	249	61
2904436	64091.VNG1537C	23.4	12
2903254	64091.VNG0008G	281	38
2903328	64091.VNG0095G	1780	542
2903774	64091.VNG0673G	74.4	10
2904337	64091.VNG1406Gm	29.8	19
2904968	64091.VNG2224G	1898	160
2905272	64091.VNG2614H	27.3	4
2904201	64091.VNG1227H	441	144
2903821	64091.VNG0735G	119	24
2904423	64091.VNG1520G	9.78	3
2905322	64091.VNG2678H	82.4	42
2904555	64091.VNG1695G	4503	709
2903580	64091.VNG0425G	117	26
2904690	64091.VNG1875G	627	161
2903569	64091.VNG0409C	424	230
2904450	64091.VNG1555G	1543	256
2905055	64091.VNG2330G	340	102
2904399	64091.VNG1484H	9.04	3
2904297	64091.VNG1353C	4.34	2
2904358	64091.VNG1433G	2255	58
2903594	64091.VNG0441H	238	40
2904656	64091.VNG1833C	29.9	6
2904728	64091.VNG1924G	270	66
2903280	64091.VNG0037H	228	17
2904405	64091.VNG1493G	74.6	54
2904853	64091.VNG2088G	96.9	37
2904734	64091.VNG1933G	2005	511
2904420	64091.VNG1515G	134	33
2903661	64091.VNG0527C	1811	913
2903945	64091.VNG0898G	5.8	2
2905120	64091.VNG2414H	8.14	2
2903613	64091.VNG0467G	1015	293
2904316	64091.VNG1379G	108	26
2903354	64091.VNG0128C	26.8	10
2904834	64091.VNG2065G	13.4	4
2904364	64091.VNG1444G	525	143
2904889	64091.VNG2132Gm	0.979	1
2903782	64091.VNG0681G	1467	385
2905151	64091.VNG2454C	175	23
2903382	64091.VNG0160G	4.38	3
2904304	64091.VNG1364G	309	81
2903381	64091.VNG0159G	18.7	12
2903991	64091.VNG0958G	513	195
2903746	64091.VNG0636G	663	164
2904826	64091.VNG2053G	227	23
2904620	64091.VNG1784C	39.7	17
2904922	64091.VNG2168C	4.68	1
2903633	64091.VNG0489G	190	69
2903396	64091.VNG0177G	3178	239
2904712	64091.VNG1903Cm	63.2	21
2903706	64091.VNG0585H	1903	103
2904036	64091.VNG1011Cm	329	58
2905143	64091.VNG2443G	14097	2530
2905313	64091.VNG2664Gm	1193	1067
2905218	64091.VNG2543C	51.8	7
2905039	64091.VNG2310H	252	22
2903947	64091.VNG0903C	2409	750
2904005	64091.VNG0974G	187	40
2904173	64091.VNG1188G	67.1	5
2904576	64091.VNG1723H	473	52
2904899	64091.VNG2143G	47422	1776
2904778	64091.VNG1988G	190	30
2903532	64091.VNG0360C	59.9	10
2903996	64091.VNG0963G	312	89
2905135	64091.VNG2432C	411	42
2905203	64091.VNG2523H	181	26
2903650	64091.VNG0510G	1104	383
2905226	64091.VNG2554H	156	39
2903815	64091.VNG0729H	44.3	8
2904870	64091.VNG2110C	52.9	18
2904037	64091.VNG1012H	94.7	6
2904883	64091.VNG2125Gm	30.1	6
2903775	64091.VNG0674C	251	85
2903457	64091.VNG0256H	23.0	5
2905273	64091.VNG2615C	499	338
2904706	64091.VNG1896C	24.7	13
2903842	64091.VNG0761G	80.1	17
2904198	64091.VNG1220H	1215	148
2903298	64091.VNG0056H	1.45	1
2904986	64091.VNG2247G	119	25
2905323	64091.VNG2679G	43122	19162
2904970	64091.VNG2227C	458	100
2904540	64091.VNG1676G	26.8	13
2904480	64091.VNG1601G	830	335
2904988	64091.VNG2249G	433	164
2904595	64091.VNG1754G	29.9	11
2904560	64091.VNG1701G	7382	1034
2904879	64091.VNG2121C	127	12
2904949	64091.VNG2201G	9.42	5
2904007	64091.VNG0978H	72.2	20
2904217	64091.VNG1246H	15.7	3
2904592	64091.VNG1749G	39.4	15
2905187	64091.VNG2505G	521	222
2904233	64091.VNG1266G	24.3	9
2904571	64091.VNG1716G	7397	611
2905247	64091.VNG2584C	1384	163
2903899	64091.VNG0837H	27.2	3
2904439	64091.VNG1541G	1902	863
2904081	64091.VNG1068G	262	176
2905309	64091.VNG2657G	5930	1073
2905035	64091.VNG2305C	1011	155
2904836	64091.VNG2068C	318	139
2904735	64091.VNG1934H	1579	158
2904344	64091.VNG1414G	3307	993
2904491	64091.VNG1616C	49.9	19
2904234	64091.VNG1268H	5.94	2
2903833	64091.VNG0750C	75.6	17
2903475	64091.VNG0283C	509	71
2904664	64091.VNG1843C	49.6	11
2905253	64091.VNG2593H	54.2	3
2904221	64091.VNG1251G	2.27	2
2904111	64091.VNG1108G	1761	150
2903498	64091.VNG0314G	89.8	15
2905302	64091.VNG2648G	1402	201
2903974	64091.VNG0935G	75.6	17
2905115	64091.VNG2408C	201	21
2903593	64091.VNG0440C	7.49	4
2903551	64091.VNG0387G	2.66	1
2903632	64091.VNG0488H	68.5	9
2905047	64091.VNG2320G	111	48
2903644	64091.VNG0504G	194	63
2903685	64091.VNG0559G	868	202
2903395	64091.VNG0176H	50.4	15
2903566	64091.VNG0406C	52.8	13
2903876	64091.VNG0810H	22.1	7
2904276	64091.VNG1325C	968	366
2903579	64091.VNG0424C	1054	98
2904647	64091.VNG1821G	489	130
2904055	64091.VNG1035C	4.32	3
2904819	64091.VNG2043G	443	87
2903559	64091.VNG0398G	80.6	24
2904357	64091.VNG1432G	437	131
2905211	64091.VNG2533G	186	86
2904505	64091.VNG1634G	135	3
2903407	64091.VNG0190C	8.59	3
2903710	64091.VNG0591C	7.08	2
2903458	64091.VNG0258H	1173	128
2903433	64091.VNG0223G	78.2	23
2905200	64091.VNG2520C	213	47
2903997	64091.VNG0964C	116	35
2905176	64091.VNG2488C	7.84	3
2903355	64091.VNG0129G	378	60
2903954	64091.VNG0913H	13.2	5
2905072	64091.VNG2351C	1327	417
2903781	64091.VNG0680G	49.0	20
2905119	64091.VNG2413H	62.4	7
2903383	64091.VNG0161G	3892	1130
2903359	64091.VNG0134G	222	45
2904307	64091.VNG1367G	226	16
2903423	64091.VNG0212H	83.0	26
2904508	64091.VNG1638H	2026	338
2904596	64091.VNG1755G	47.0	19
2904098	64091.VNG1090H	669	21
2904559	64091.VNG1700G	3667	618
2904524	64091.VNG1657H	12.2	3
2903491	64091.VNG0306C	3.94	1
2904170	64091.VNG1184Gm	231	112
2904629	64091.VNG1795C	123	48
2904591	64091.VNG1748C	366	42
2903727	64091.VNG0611H	3.92	1
2904550	64091.VNG1689G	5268	1628
2903853	64091.VNG0775G	483	159
2903533	64091.VNG0361C	175	17
2905088	64091.VNG2373G	771	319
2903703	64091.VNG0582C	950	239
2903401	64091.VNG0183G	837	98
2904265	64091.VNG1310G	143	26
2903510	64091.VNG0329G	2.1	1
2903779	64091.VNG0678G	883	206
2903721	64091.VNG0602C	298	8
2904862	64091.VNG2100G	655	236
2903839	64091.VNG0757G	459	124
2904742	64091.VNG1942H	75.0	9
2904127	64091.VNG1132G	3947	614
2904152	64091.VNG1163G	31.1	7
2904247	64091.VNG1285G	141	40
2903332	64091.VNG0099G	1973	239
2904045	64091.VNG1023C	18.2	5
2903330	64091.VNG0097G	68.7	18
2905097	64091.VNG2384G	243	259
2904875	64091.VNG2117C	449	86
2904759	64091.VNG1964H	6.22	3
2903776	64091.VNG0675C	475	108
2904478	64091.VNG1595C	4.07	1
2904533	64091.VNG1668G	3656	437
2905274	64091.VNG2616G	3047	1464
2904010	64091.VNG0982C	413	34
2905048	64091.VNG2321G	901	102
2904556	64091.VNG1697G	2682	495
2904969	64091.VNG2226G	10219	4913
2904691	64091.VNG1877C	61.8	2
2904448	64091.VNG1553G	1597	318
2904335	64091.VNG1404G	39.3	6
2904054	64091.VNG1034H	112	19
2903334	64091.VNG0102C	52.5	15
2903932	64091.VNG0882Gm	5.0	1
2904415	64091.VNG1508C	159	106
2904677	64091.VNG1859G	18.2	6
2904658	64091.VNG1835G	785	537
2905310	64091.VNG2658G	5160	391
2903978	64091.VNG0940Gm	685	345
2904161	64091.VNG1174G	184	44
2904343	64091.VNG1413H	1.11	1
2903539	64091.VNG0370Hm	5.15	1
2903784	64091.VNG0683C	1935	437
2903638	64091.VNG0498C	80.8	11
2905017	64091.VNG2285C	55.2	6
2903384	64091.VNG0162G	66.0	31
2904365	64091.VNG1446H	29.6	3
2903358	64091.VNG0133G	214	52
2904832	64091.VNG2063G	544	212
2903933	64091.VNG0883H	4.71	1
2905150	64091.VNG2452C	186	43
2903598	64091.VNG0447H	81.4	40
2904455	64091.VNG1562H	2485	290
2904825	64091.VNG2051G	233	7
2903631	64091.VNG0487H	103	18
2904352	64091.VNG1426H	56.5	8
2904377	64091.VNG1459H	247	11
2903600	64091.VNG0450C	255	26
2903565	64091.VNG0405C	356	132
2905201	64091.VNG2521H	87.3	13
2905087	64091.VNG2372G	1392	179
2903704	64091.VNG0583G	108	21
2903399	64091.VNG0180G	6.98	1
2904913	64091.VNG2158G	92.7	24
2904266	64091.VNG1311G	35.2	7
2903869	64091.VNG0798H	67.3	22
2905236	64091.VNG2569H	15.8	3
2903508	64091.VNG0326G	782	486
2905182	64091.VNG2498H	11.7	1
2905001	64091.VNG2267G	21.5	5
2903925	64091.VNG0874G	29.3	10
2904614	64091.VNG1776G	414	122
2905067	64091.VNG2343G	1055	391
2903789	64091.VNG0690C	21.7	5
2905023	64091.VNG2292H	5.93	1
2903688	64091.VNG0563G	10.1	4
2904262	64091.VNG1306G	1488	1053
2903794	64091.VNG0700G	1.83	1
2903459	64091.VNG0259G	5072	940
2905124	64091.VNG2418G	306	102
2903351	64091.VNG0124C	38.1	8
2904019	64091.VNG0992H	134	45
2903998	64091.VNG0965C	159	41
2903652	64091.VNG0512G	22.0	9
2903735	64091.VNG0623G	181	91
2904874	64091.VNG2116C	6.53	1
2904134	64091.VNG1140G	630	68
2904786	64091.VNG1998H	29.4	5
2905108	64091.VNG2398G	112	21
2903822	64091.VNG0736G	6.45	5
2904957	64091.VNG2210G	64.9	23
2903777	64091.VNG0676C	359	19
2904144	64091.VNG1153G	566	253
2904495	64091.VNG1621H	140	22
2905275	64091.VNG2617G	873	265
2904256	64091.VNG1299C	2.04	1
2904104	64091.VNG1097G	277	89
2904185	64091.VNG1204G	1223	450
2904523	64091.VNG1656H	5.66	1
2903921	64091.VNG0869G	192	83
2905229	64091.VNG2558G	7.79	3
2904814	64091.VNG2036G	68.5	20
2904197	64091.VNG1219G	26.1	7
2905188	64091.VNG2507G	284	137
2903519	64091.VNG0340C	40.3	9
2903807	64091.VNG0718C	18.4	4
2905260	64091.VNG2600G	1400	212
2904955	64091.VNG2207H	166	70
2903868	64091.VNG0796G	639	125
2904732	64091.VNG1929G	204	37
2905320	64091.VNG2675C	31.0	9
2905249	64091.VNG2586C	18.9	5
2903512	64091.VNG0331H	225	18
2904657	64091.VNG1834G	113	22
2904557	64091.VNG1698G	1760	83
2904441	64091.VNG1543G	4.61	2
2903946	64091.VNG0901G	25.1	14
2904141	64091.VNG1149Cm	2387	1480
2903897	64091.VNG0835G	14.7	3
2904721	64091.VNG1916H	87.0	7
2904342	64091.VNG1412H	1331	336
2904421	64091.VNG1518H	371	27
2903311	64091.VNG0069H	72.8	4
2904493	64091.VNG1618H	108	18
2904723	64091.VNG1918C	34.3	6
2903887	64091.VNG0823G	9.29	6
2903265	64091.VNG0021H	1.74	1
2904122	64091.VNG1123Gm	44.0	6
2904223	64091.VNG1253C	397	92
2904151	64091.VNG1162H	3.64	1
2904431	64091.VNG1532G	1093	567
2904128	64091.VNG1133G	5698	933
2903597	64091.VNG0446G	47.2	11
2903553	64091.VNG0389C	115	14
2904327	64091.VNG1390a	231	41
2904828	64091.VNG2056G	916	201
2903972	64091.VNG0933G	517	127
2903575	64091.VNG0419C	147	11
2904292	64091.VNG1347C	62.3	18
2903630	64091.VNG0486G	76.4	9
2905049	64091.VNG2322G	211	63
2903393	64091.VNG0174G	90.1	21
2903601	64091.VNG0451G	339	61
2904278	64091.VNG1327G	74.3	4
2903564	64091.VNG0404H	113	12
2904634	64091.VNG1801G	294	52
2904376	64091.VNG1458G	3.12	1
2903251	64091.VNG0003C	11.5	3
2903456	64091.VNG0255C	229	52
2904336	64091.VNG1405C	25.2	4
2904071	64091.VNG1057C	60.1	28
2904446	64091.VNG1550G	2544	425
2904413	64091.VNG1505G	13.4	8
2904643	64091.VNG1816G	331	51
2904401	64091.VNG1487H	120	24
2904057	64091.VNG1037G	73.7	16
2904942	64091.VNG2190G	576	585
2905024	64091.VNG2293G	3880	501
2903949	64091.VNG0906H	45.9	10
2904279	64091.VNG1329H	82.4	14
2905064	64091.VNG2340H	93.2	22
2903712	64091.VNG0593G	557	159
2903352	64091.VNG0125H	224	26
2905157	64091.VNG2462G	211	79
2904801	64091.VNG2019C	54.9	20
2903408	64091.VNG0192G	611	236
2903744	64091.VNG0633G	243	41
2903734	64091.VNG0622H	200	84
2903983	64091.VNG0946G	17.8	1
2903614	64091.VNG0468C	316	127
2903964	64091.VNG0924G	2781	672
2903642	64091.VNG0502G	57.2	17
2903639	64091.VNG0499G	36.7	17
2903783	64091.VNG0682C	9.44	3
2905016	64091.VNG2284G	11.1	2
2904384	64091.VNG1467G	218	41
2904181	64091.VNG1198C	407	117
2904831	64091.VNG2062G	194	91
2903448	64091.VNG0245G	70.9	13
2903665	64091.VNG0533H	258	54
2903422	64091.VNG0210H	20.4	6
2903385	64091.VNG0163G	20.6	24
2904186	64091.VNG1205C	30.2	16
2904903	64091.VNG2148H	10.9	3
2904519	64091.VNG1651H	20.4	6
2904815	64091.VNG2037C	2.12	1
2903920	64091.VNG0868H	11.4	2
2904196	64091.VNG1218C	44.2	12
2903806	64091.VNG0717H	139	12
2903732	64091.VNG0617H	2246	319
2904567	64091.VNG1711G	5474	797
2903454	64091.VNG0252C	236	20
2903854	64091.VNG0777G	63.4	6
2904954	64091.VNG2206G	458	237
2903867	64091.VNG0795G	2430	109
2903770	64091.VNG0668C	30.3	10
2904631	64091.VNG1797G	4.38	1
2904179	64091.VNG1196H	123	5
2903537	64091.VNG0367H	35.1	4
2905206	64091.VNG2526G	172	156
2903999	64091.VNG0966G	600	170
2904912	64091.VNG2157C	67.0	4
2903400	64091.VNG0181G	48.0	15
2903465	64091.VNG0267H	39.9	14
2903745	64091.VNG0635G	246	32
2903419	64091.VNG0207H	2343	405
2905220	64091.VNG2546G	1429	485
2904615	64091.VNG1777H	46.6	7
2905183	64091.VNG2499G	1566	441
2904864	64091.VNG2102G	1697	481
2905284	64091.VNG2629G	32.2	7
2903856	64091.VNG0779C	1514	800
2905311	64091.VNG2661G	52.0	9
2903838	64091.VNG0755C	70.3	16
2903476	64091.VNG0284C	29.9	17
2904118	64091.VNG1118G	158	33
2903604	64091.VNG0455G	11.4	2
2904086	64091.VNG1074G	10.6	3
2904044	64091.VNG1021C	564	118
2904129	64091.VNG1134G	6214	595
2904432	64091.VNG1533H	0.737	1
2904011	64091.VNG0983C	90.3	49
2904137	64091.VNG1143G	2000	293
2904090	64091.VNG1081G	23.1	11
2904895	64091.VNG2139G	2352	1355
2904873	64091.VNG2115H	878	28
2904787	64091.VNG1999H	499	76
2903494	64091.VNG0309C	147	43
2903762	64091.VNG0657G	188	64
2903778	64091.VNG0677H	184	27
2904599	64091.VNG1759G	105	27
2903909	64091.VNG0853C	282	45
2904142	64091.VNG1150G	234	81
2904536	64091.VNG1673G	80.8	26
2903293	64091.VNG0051G	123	55
2904600	64091.VNG1760G	387	253
2905268	64091.VNG2610C	25.0	5
2904686	64091.VNG1871G	2.77	1
2904737	64091.VNG1937C	6.09	2
2905044	64091.VNG2315H	241	45
2903250	64091.VNG0002G	30.1	8
2903577	64091.VNG0421C	52.0	8
2904070	64091.VNG1056C	6.85	3
2904447	64091.VNG1551G	892	256
2904662	64091.VNG1839H	36.8	10
2904395	64091.VNG1480C	7.44	1
2904754	64091.VNG1957G	295	141
2904676	64091.VNG1857C	114	19
2904072	64091.VNG1058H	20.6	10
2904693	64091.VNG1880C	106	40
2904660	64091.VNG1837G	3.9	1
2903827	64091.VNG0742H	71.0	13
2903753	64091.VNG0646G	240	63
2905038	64091.VNG2308G	196	70
2904163	64091.VNG1176G	60.2	12
2905250	64091.VNG2587C	75.8	13
2904861	64091.VNG2099C	1244	153
2904440	64091.VNG1542G	2076	493
2903965	64091.VNG0925C	300	78
2904131	64091.VNG1137G	6054	772
2905263	64091.VNG2604Gm	3488	1310
2903556	64091.VNG0393C	2.09	1
2904301	64091.VNG1359G	17.1	5
2903985	64091.VNG0949G	6.56	6
2904924	64091.VNG2171G	3.85	2
2904381	64091.VNG1464G	2543	1158
2904597	64091.VNG1756G	749	73
2904451	64091.VNG1557G	1671	260
2905073	64091.VNG2352G	381	202
2903678	64091.VNG0549G	338	119
2903931	64091.VNG0881G	45.8	21
2903572	64091.VNG0414G	623	384
2904642	64091.VNG1815G	575	142
2905089	64091.VNG2374Gm	93.5	40
2903550	64091.VNG0386Gm	5.51	1
2903971	64091.VNG0932C	305	51
2903602	64091.VNG0452G	242	62
2903563	64091.VNG0403G	651	382
2904635	64091.VNG1802H	650	251
2903535	64091.VNG0364G	210	71
2905207	64091.VNG2527G	2491	1136
2904180	64091.VNG1197G	209	17
2903403	64091.VNG0186G	399	175
2904267	64091.VNG1313G	1298	713
2903507	64091.VNG0324G	251	154
2903464	64091.VNG0266H	16.3	2
2904612	64091.VNG1774G	21.0	8
2905221	64091.VNG2547G	800	724
2904580	64091.VNG1729G	64.5	22
2905147	64091.VNG2447G	70.2	14
2905025	64091.VNG2294G	35.2	8
2903466	64091.VNG0268C	24.9	5
2904842	64091.VNG2076G	552	6
2904916	64091.VNG2162C	434	101
2903398	64091.VNG0179C	86.2	16
2903323	64091.VNG0086Gm	37.1	28
2903653	64091.VNG0514C	73.5	52
2903711	64091.VNG0592G	36.0	6
2904136	64091.VNG1142G	705	246
2904894	64091.VNG2138G	1986	981
2905222	64091.VNG2549C	1552	561
2903760	64091.VNG0654C	58.6	17
2904983	64091.VNG2243G	14569	2007
2903816	64091.VNG0730C	13.6	3
2904238	64091.VNG1273G	12.3	2
2905237	64091.VNG2570G	363	34
2904009	64091.VNG0981C	174	52
2904535	64091.VNG1672H	293	44
2904067	64091.VNG1053G	70.3	15
2903917	64091.VNG0864G	421	135
2903863	64091.VNG0789C	23.8	5
2904000	64091.VNG0967Gm	24.7	6
2905184	64091.VNG2501C	67.9	11
2903857	64091.VNG0780H	744	48
2904625	64091.VNG1790H	51.7	2
2903866	64091.VNG0794G	274	32
2905006	64091.VNG2272G	39.9	7
2904953	64091.VNG2205H	105	17
2903730	64091.VNG0614G	3.44	9
2904675	64091.VNG1856G	242	134
2904752	64091.VNG1954H	128	15
2904124	64091.VNG1128G	5289	1947
2903828	64091.VNG0743H	558	124
2904858	64091.VNG2096G	6707	3953
2904429	64091.VNG1529G	554	305
2905244	64091.VNG2580C	87.1	24
2904720	64091.VNG1914G	1486	167
2904341	64091.VNG1410H	3.64	1
2903479	64091.VNG0287a	2182	289
2904627	64091.VNG1793C	1949	473
2905283	64091.VNG2628H	9.73	2
2903855	64091.VNG0778C	39.1	7
2903927	64091.VNG0876G	191	39
2904224	64091.VNG1255C	365	214
2904992	64091.VNG2254C	34.6	13
2903810	64091.VNG0723G	132	59
2903837	64091.VNG0754C	227	46
2904150	64091.VNG1160G	3338	658
2904530	64091.VNG1665G	11.4	3
2903587	64091.VNG0433C	75.5	9
2903596	64091.VNG0444G	191	32
2904641	64091.VNG1814G	1061	632
2904459	64091.VNG1567G	735	216
2903970	64091.VNG0931G	377	119
2904827	64091.VNG2054H	54.5	4
2903520	64091.VNG0342G	60.0	74
2904934	64091.VNG2181G	46.6	30
2904291	64091.VNG1345H	112	11
2904351	64091.VNG1425H	58.3	5
2903541	64091.VNG0373H	162	13
2903628	64091.VNG0484G	176	119
2903562	64091.VNG0402H	209	4
2903480	64091.VNG0289H	8.55	2
2904064	64091.VNG1048G	1204	369
2905295	64091.VNG2642H	403	41
2903249	64091.VNG0001H	469	182
2905259	64091.VNG2599H	123	14
2904069	64091.VNG1055G	252	98
2904946	64091.VNG2196G	165	17
2904338	64091.VNG1407C	18.7	5
