#name: D.rerio - Embryo, 48hr, SC (Kelkar,MCP,2014)
#score: 8.29
#weight: 100%
#description: abundance based on Spectral counting, 48hr, from<a href="http://www.ncbi.nlm.nih.gov/pubmed/25060758" target="_blank">Kelkar,MCP,2014</a><br/><b>Interaction consistency score</b>: 8.29&nbsp<b>Coverage</b>: 7
#organ: EMBRYO
#integrated: false
#coverage: 7
#publication_year: 2014
#filename: ZF_Embryo48hrs_Kelkar_2014_SEQUEST.txt
#
#internal_id	string_external_id	abundance	raw_spectral_count
1500275	7955.ENSDARP00000109497	4705	73
1484448	7955.ENSDARP00000033069	46.5	1
1493138	7955.ENSDARP00000092027	28.5	1
1506557	7955.ENSDARP00000124376	62.2	2
1483952	7955.ENSDARP00000026575	703	11
1503252	7955.ENSDARP00000115723	378	41
1483671	7955.ENSDARP00000023877	24.0	2
1505999	7955.ENSDARP00000122796	799	92
1484877	7955.ENSDARP00000038658	3497	75
1484148	7955.ENSDARP00000028718	82.1	1
1490632	7955.ENSDARP00000076810	18.7	2
1490635	7955.ENSDARP00000076815	2.73	1
1483902	7955.ENSDARP00000026086	57.0	11
1482327	7955.ENSDARP00000011269	1165	2741
1486345	7955.ENSDARP00000053266	658	19
1481495	7955.ENSDARP00000003468	400	46
1481615	7955.ENSDARP00000004667	24.4	3
1505221	7955.ENSDARP00000120798	0.608	1
1499858	7955.ENSDARP00000108764	202	69
1490535	7955.ENSDARP00000076389	42.6	2
1493714	7955.ENSDARP00000094479	128	10
1483640	7955.ENSDARP00000023678	26.0	5
1503903	7955.ENSDARP00000117418	48.5	15
1505470	7955.ENSDARP00000121462	11.3	1
1495786	7955.ENSDARP00000100684	11.3	1
1497224	7955.ENSDARP00000104054	2.62	1
1481520	7955.ENSDARP00000003666	8.18	3
1484279	7955.ENSDARP00000030680	242	19
1485110	7955.ENSDARP00000041348	1011	33
1485880	7955.ENSDARP00000049625	86.8	14
1504598	7955.ENSDARP00000119179	1107	605
1495585	7955.ENSDARP00000100195	3555	1030
1485427	7955.ENSDARP00000044689	79.9	15
1505042	7955.ENSDARP00000120317	546	19
1484014	7955.ENSDARP00000027118	904	84
1486564	7955.ENSDARP00000054690	130	21
1484013	7955.ENSDARP00000027115	16.9	1
1506279	7955.ENSDARP00000123536	202	69
1482373	7955.ENSDARP00000011642	124	12
1482678	7955.ENSDARP00000014456	1404	59
1506281	7955.ENSDARP00000123538	97.6	6
1497990	7955.ENSDARP00000105496	2137	721
1485243	7955.ENSDARP00000042693	6.41	2
1495598	7955.ENSDARP00000100229	1.89	1
1482354	7955.ENSDARP00000011487	90.1	4
1486112	7955.ENSDARP00000051798	149	10
1500780	7955.ENSDARP00000110377	2249	147
1488776	7955.ENSDARP00000067777	11.4	2
1488775	7955.ENSDARP00000067775	250	9
1484929	7955.ENSDARP00000039201	12.8	1
1485763	7955.ENSDARP00000048394	71.3	11
1498410	7955.ENSDARP00000106212	21.7	1
1503455	7955.ENSDARP00000116241	82.0	9
1488964	7955.ENSDARP00000068663	7.25	2
1498414	7955.ENSDARP00000106218	119	2
1488082	7955.ENSDARP00000063788	1617	43
1481317	7955.ENSDARP00000001565	220	8
1487508	7955.ENSDARP00000060309	3926	317
1506197	7955.ENSDARP00000123323	975	499
1491277	7955.ENSDARP00000081419	13.1	1
1481674	7955.ENSDARP00000005224	640	296
1488187	7955.ENSDARP00000064375	561	13
1492758	7955.ENSDARP00000090402	202	20
1492015	7955.ENSDARP00000086779	75.4	3
1492804	7955.ENSDARP00000090576	348	13
1489402	7955.ENSDARP00000070966	225	18
1485355	7955.ENSDARP00000043898	136	13
1482813	7955.ENSDARP00000015805	282	49
1485329	7955.ENSDARP00000043659	57.7	9
1496541	7955.ENSDARP00000102443	7.19	2
1481826	7955.ENSDARP00000006624	2563	42
1497887	7955.ENSDARP00000105313	128	20
1495405	7955.ENSDARP00000099755	474	27
1502325	7955.ENSDARP00000113290	41.9	167
1502326	7955.ENSDARP00000113292	152	52
1489105	7955.ENSDARP00000069336	7.41	2
1492850	7955.ENSDARP00000090794	1545	250
1496634	7955.ENSDARP00000102682	1545	250
1503474	7955.ENSDARP00000116290	44.4	3
1492578	7955.ENSDARP00000089645	438	61
1494312	7955.ENSDARP00000096934	74.7	4
1493386	7955.ENSDARP00000093187	225	4
1504169	7955.ENSDARP00000118068	42.4	31
1500692	7955.ENSDARP00000110237	92.5	12
1484438	7955.ENSDARP00000032935	23.1	4
1488425	7955.ENSDARP00000065840	0.8	2
1486261	7955.ENSDARP00000052729	4264	82
1491789	7955.ENSDARP00000085122	6.05	2
1486100	7955.ENSDARP00000051749	120	9
1503983	7955.ENSDARP00000117628	485	23
1501568	7955.ENSDARP00000111723	79.9	15
1486642	7955.ENSDARP00000055185	140	1
1483693	7955.ENSDARP00000024102	224	8
1483694	7955.ENSDARP00000024104	106	8
1502550	7955.ENSDARP00000113905	132	23
1486019	7955.ENSDARP00000051183	363	43
1488220	7955.ENSDARP00000064557	50.2	9
1488318	7955.ENSDARP00000065205	0.405	1
1481375	7955.ENSDARP00000002502	5.5	1
1484419	7955.ENSDARP00000032688	180	16
1489294	7955.ENSDARP00000070385	127	8
1500947	7955.ENSDARP00000110656	39.4	2
1501337	7955.ENSDARP00000111298	975	499
1506381	7955.ENSDARP00000123814	7.16	2
1506379	7955.ENSDARP00000123810	0.331	1
1490931	7955.ENSDARP00000078883	50.6	4
1483641	7955.ENSDARP00000023679	381	29
1483706	7955.ENSDARP00000024210	24.7	22
1504187	7955.ENSDARP00000118111	354	8
1501506	7955.ENSDARP00000111618	1.42	1
1485637	7955.ENSDARP00000046972	419	23
1493269	7955.ENSDARP00000092585	152	52
1485396	7955.ENSDARP00000044330	41.7	5
1485681	7955.ENSDARP00000047408	6.57	16
1500174	7955.ENSDARP00000109315	908	499
1506310	7955.ENSDARP00000123619	1545	250
1486696	7955.ENSDARP00000055491	242	25
1482900	7955.ENSDARP00000016602	112	4
1481463	7955.ENSDARP00000003276	49.3	10
1501430	7955.ENSDARP00000111476	102	3
1505883	7955.ENSDARP00000122475	68.1	10
1506553	7955.ENSDARP00000124366	8.07	22
1493843	7955.ENSDARP00000095043	51.9	5
1496831	7955.ENSDARP00000103152	43.1	2
1496830	7955.ENSDARP00000103150	6.13	3
1486042	7955.ENSDARP00000051361	2542	5512
1493339	7955.ENSDARP00000092924	134	27
1489278	7955.ENSDARP00000070277	24.5	3
1483743	7955.ENSDARP00000024560	478	33
1485504	7955.ENSDARP00000045554	8.22	2
1485371	7955.ENSDARP00000044056	8.36	2
1486476	7955.ENSDARP00000054077	43.2	2
1489653	7955.ENSDARP00000072390	58.6	3
1497299	7955.ENSDARP00000104209	5.55	4
1487095	7955.ENSDARP00000057912	1.22	3
1496491	7955.ENSDARP00000102339	103	6
1484768	7955.ENSDARP00000037326	2.57	1
1495072	7955.ENSDARP00000098991	16.4	1
1484168	7955.ENSDARP00000029067	54.8	5
1485831	7955.ENSDARP00000049108	225	14
1481521	7955.ENSDARP00000003671	25.6	7
1499215	7955.ENSDARP00000107646	57.0	1
1496172	7955.ENSDARP00000101583	4.57	1
1496810	7955.ENSDARP00000103087	90.8	2
1486723	7955.ENSDARP00000055622	770	31
1496806	7955.ENSDARP00000103080	112	9
1499818	7955.ENSDARP00000108688	136	16
1485466	7955.ENSDARP00000045125	4.36	2
1503692	7955.ENSDARP00000116865	3.27	1
1496425	7955.ENSDARP00000102203	574	48
1484340	7955.ENSDARP00000031650	1426	21
1505006	7955.ENSDARP00000120230	88.2	7
1499527	7955.ENSDARP00000108190	90.0	6
1499532	7955.ENSDARP00000108197	2096	36
1483445	7955.ENSDARP00000021993	19.3	1
1493898	7955.ENSDARP00000095260	64.0	5
1484010	7955.ENSDARP00000027102	782	36
1501849	7955.ENSDARP00000112199	1855	63
1486867	7955.ENSDARP00000056537	19.8	2
1501845	7955.ENSDARP00000112194	733	67
1498082	7955.ENSDARP00000105646	787	499
1484600	7955.ENSDARP00000035027	56.2	7
1499047	7955.ENSDARP00000107355	34.0	8
1488058	7955.ENSDARP00000063661	4280	199
1481292	7955.ENSDARP00000000803	631	293
1498636	7955.ENSDARP00000106592	142	10
1485447	7955.ENSDARP00000045014	48.0	5
1483013	7955.ENSDARP00000017569	891	57
1486961	7955.ENSDARP00000057100	164	20
1481667	7955.ENSDARP00000005181	32.7	1
1488817	7955.ENSDARP00000067945	1545	250
1483728	7955.ENSDARP00000024391	61.9	4
1488816	7955.ENSDARP00000067943	671	79
1488818	7955.ENSDARP00000067948	975	499
1486847	7955.ENSDARP00000056404	301	9
1483602	7955.ENSDARP00000023337	140	11
1485582	7955.ENSDARP00000046375	14.2	5
1491769	7955.ENSDARP00000084961	67.1	8
1490660	7955.ENSDARP00000076902	20.4	1
1488098	7955.ENSDARP00000063848	68.9	38
1492889	7955.ENSDARP00000090963	4.89	1
1491796	7955.ENSDARP00000085166	20.4	2
1484960	7955.ENSDARP00000039656	3511	233
1487461	7955.ENSDARP00000060082	46.7	1
1502498	7955.ENSDARP00000113756	274	47
1492798	7955.ENSDARP00000090560	16.7	3
1481959	7955.ENSDARP00000007817	151	13
1507124	7955.ENSDARP00000125799	370	3
1487281	7955.ENSDARP00000058964	493	25
1485301	7955.ENSDARP00000043311	493	16
1485303	7955.ENSDARP00000043316	103	2
1487280	7955.ENSDARP00000058963	578	14
1483996	7955.ENSDARP00000026992	25.3	6
1485661	7955.ENSDARP00000047158	3006	56
1483243	7955.ENSDARP00000019829	557	76
1489165	7955.ENSDARP00000069695	972	1309
1484241	7955.ENSDARP00000030050	156	95
1493361	7955.ENSDARP00000093069	88.2	7
1495918	7955.ENSDARP00000100984	155	29
1494714	7955.ENSDARP00000098182	985	80
1483252	7955.ENSDARP00000019915	103	11
1494718	7955.ENSDARP00000098188	24.8	9
1494959	7955.ENSDARP00000098745	11.2	2
1492581	7955.ENSDARP00000089655	11.0	1
1496733	7955.ENSDARP00000102922	6.7	2
1503737	7955.ENSDARP00000116987	14.4	3
1490886	7955.ENSDARP00000078525	8.62	1
1496736	7955.ENSDARP00000102928	133	10
1483297	7955.ENSDARP00000020358	5713	72
1489824	7955.ENSDARP00000073072	77.4	17
1483463	7955.ENSDARP00000022120	116	13
1485177	7955.ENSDARP00000041959	797	70
1503353	7955.ENSDARP00000115968	2.53	1
1489173	7955.ENSDARP00000069745	11.6	1
1482103	7955.ENSDARP00000009258	1204	104
1497140	7955.ENSDARP00000103854	155	95
1494793	7955.ENSDARP00000098360	4.55	2
1482563	7955.ENSDARP00000013244	24.9	5
1483829	7955.ENSDARP00000025466	722	60
1488215	7955.ENSDARP00000064522	735	32
1495726	7955.ENSDARP00000100503	403	26
1485018	7955.ENSDARP00000040327	1026	250
1501316	7955.ENSDARP00000111268	372	6
1500592	7955.ENSDARP00000110047	270	27
1496011	7955.ENSDARP00000101178	916	93
1493429	7955.ENSDARP00000093331	15.6	2
1482419	7955.ENSDARP00000012048	546	88
1489887	7955.ENSDARP00000073383	28.2	2
1484139	7955.ENSDARP00000028641	232	10
1502821	7955.ENSDARP00000114580	35.9	167
1485618	7955.ENSDARP00000046783	53.4	2
1490075	7955.ENSDARP00000074169	4916	96
1485087	7955.ENSDARP00000041087	196	8
1493275	7955.ENSDARP00000092621	180	64
1505796	7955.ENSDARP00000122263	3477	968
1491959	7955.ENSDARP00000086433	113	8
1495696	7955.ENSDARP00000100434	2667	1241
1482713	7955.ENSDARP00000014870	72.6	6
1485256	7955.ENSDARP00000042866	0.949	1
1487205	7955.ENSDARP00000058563	48.7	7
1500424	7955.ENSDARP00000109758	6.3	3
1487874	7955.ENSDARP00000062670	1195	403
1486698	7955.ENSDARP00000055503	231	7
1483455	7955.ENSDARP00000022077	885	121
1493852	7955.ENSDARP00000095078	14.2	1
1493853	7955.ENSDARP00000095079	6.42	1
1493258	7955.ENSDARP00000092551	20.1	1
1487165	7955.ENSDARP00000058363	2175	43
1503349	7955.ENSDARP00000115964	1575	3357
1484205	7955.ENSDARP00000029607	811	115
1493746	7955.ENSDARP00000094626	24.8	21
1493851	7955.ENSDARP00000095074	320	33
1484086	7955.ENSDARP00000027914	186	7
1493245	7955.ENSDARP00000092488	58.4	12
1506274	7955.ENSDARP00000123530	535	29
1484755	7955.ENSDARP00000037150	353	12
1489860	7955.ENSDARP00000073256	5.75	1
1499751	7955.ENSDARP00000108560	338	16
1497300	7955.ENSDARP00000104211	25.0	2
1484428	7955.ENSDARP00000032748	150	10
1505315	7955.ENSDARP00000121065	225	86
1494243	7955.ENSDARP00000096674	1718	451
1501346	7955.ENSDARP00000111314	34.3	2
1493702	7955.ENSDARP00000094415	128	5
1504082	7955.ENSDARP00000117879	2929	186
1493701	7955.ENSDARP00000094413	204	37
1502026	7955.ENSDARP00000112501	78.8	2
1499966	7955.ENSDARP00000108965	3693	75
1499964	7955.ENSDARP00000108963	106	12
1485824	7955.ENSDARP00000049002	22.8	5
1483092	7955.ENSDARP00000018197	6356	252
1504571	7955.ENSDARP00000119098	34.9	1
1497435	7955.ENSDARP00000104502	7.67	1
1485832	7955.ENSDARP00000049134	809	63
1490608	7955.ENSDARP00000076726	164	6
1483912	7955.ENSDARP00000026192	2.71	1
1481515	7955.ENSDARP00000003641	7048	168
1505081	7955.ENSDARP00000120420	325	10
1504780	7955.ENSDARP00000119683	2883	15
1499211	7955.ENSDARP00000107639	4.99	1
1483487	7955.ENSDARP00000022320	55.9	1
1493896	7955.ENSDARP00000095253	2.29	1
1498799	7955.ENSDARP00000106906	53.0	3
1501061	7955.ENSDARP00000110851	824	447
1481623	7955.ENSDARP00000004738	587	55
1486538	7955.ENSDARP00000054475	2.71	1
1482738	7955.ENSDARP00000015055	199	10
1505422	7955.ENSDARP00000121339	378	13
1492307	7955.ENSDARP00000088354	4169	237
1499525	7955.ENSDARP00000108188	192	9
1485100	7955.ENSDARP00000041256	160	6
1482928	7955.ENSDARP00000016831	627	41
1493857	7955.ENSDARP00000095097	83.8	4
1482520	7955.ENSDARP00000012821	17.9	3
1498102	7955.ENSDARP00000105678	924	68
1488473	7955.ENSDARP00000066176	1225	457
1481864	7955.ENSDARP00000006973	44.9	3
1495377	7955.ENSDARP00000099688	4.71	2
1481569	7955.ENSDARP00000004139	588	46
1485889	7955.ENSDARP00000049792	349	24
1498551	7955.ENSDARP00000106443	2137	721
1498497	7955.ENSDARP00000106348	51.3	1
1484030	7955.ENSDARP00000027342	40.1	4
1498381	7955.ENSDARP00000106164	48.7	30
1498379	7955.ENSDARP00000106162	40.5	3
1488693	7955.ENSDARP00000067373	133	9
1484972	7955.ENSDARP00000039821	53.6	3
1489987	7955.ENSDARP00000073800	114	9
1501748	7955.ENSDARP00000112034	2137	721
1492442	7955.ENSDARP00000089001	383	15
1498482	7955.ENSDARP00000106325	8.69	2
1497876	7955.ENSDARP00000105290	1545	250
1497879	7955.ENSDARP00000105296	425	26
1504500	7955.ENSDARP00000118910	211	9
1488177	7955.ENSDARP00000064310	134	2
1485202	7955.ENSDARP00000042254	8.48	2
1484367	7955.ENSDARP00000032005	5.16	2
1485203	7955.ENSDARP00000042258	17.6	1
1481806	7955.ENSDARP00000006420	681	13
1487278	7955.ENSDARP00000058955	867	67
1484969	7955.ENSDARP00000039795	26.7	2
1483886	7955.ENSDARP00000025885	61.7	27
1487044	7955.ENSDARP00000057600	68.1	5
1489504	7955.ENSDARP00000071656	50.9	1
1481407	7955.ENSDARP00000002825	24.7	5
1486149	7955.ENSDARP00000052090	17.9	2
1487581	7955.ENSDARP00000060744	3470	237
1488409	7955.ENSDARP00000065680	84.5	11
1483287	7955.ENSDARP00000020214	59.6	11
1490996	7955.ENSDARP00000079424	241	24
1503757	7955.ENSDARP00000117024	125	9
1481818	7955.ENSDARP00000006510	70.1	8
1483164	7955.ENSDARP00000018980	2889	74
1503622	7955.ENSDARP00000116684	44.7	12
1482828	7955.ENSDARP00000015917	1599	331
1485065	7955.ENSDARP00000040787	13.0	2
1482222	7955.ENSDARP00000010406	4.82	2
1490788	7955.ENSDARP00000077832	2137	721
1496727	7955.ENSDARP00000102911	1.98	2
1486227	7955.ENSDARP00000052528	4185	68
1486885	7955.ENSDARP00000056644	37.9	4
1487314	7955.ENSDARP00000059193	492	7
1483298	7955.ENSDARP00000020361	115	8
1489219	7955.ENSDARP00000070002	297	20
1502670	7955.ENSDARP00000114220	59.8	12
1481440	7955.ENSDARP00000003107	543	40
1495415	7955.ENSDARP00000099772	3889	6855
1484062	7955.ENSDARP00000027654	1320	30
1500971	7955.ENSDARP00000110694	924	68
1486104	7955.ENSDARP00000051762	3959	134
1490412	7955.ENSDARP00000075883	383	31
1490142	7955.ENSDARP00000074570	48.8	3
1505809	7955.ENSDARP00000122305	192	12
1488820	7955.ENSDARP00000067953	2552	81
1495973	7955.ENSDARP00000101100	621	70
1481865	7955.ENSDARP00000007002	25.2	2
1500451	7955.ENSDARP00000109807	1136	626
1489312	7955.ENSDARP00000070462	173	7
1484860	7955.ENSDARP00000038446	597	14
1485089	7955.ENSDARP00000041113	577	15
1500446	7955.ENSDARP00000109800	3.56	3
1485619	7955.ENSDARP00000046791	0.279	1
1488761	7955.ENSDARP00000067677	92.5	4
1483712	7955.ENSDARP00000024272	55.9	30
1504683	7955.ENSDARP00000119407	1.42	2
1482978	7955.ENSDARP00000017258	62.5	4
1502516	7955.ENSDARP00000113812	32.2	1
1482474	7955.ENSDARP00000012454	1630	153
1487203	7955.ENSDARP00000058554	171	15
1490642	7955.ENSDARP00000076844	619	54
1483453	7955.ENSDARP00000022064	128	24
1482901	7955.ENSDARP00000016622	14.1	5
1484186	7955.ENSDARP00000029343	20.3	2
1503344	7955.ENSDARP00000115950	22.8	2
1490829	7955.ENSDARP00000078114	11.0	10
1482747	7955.ENSDARP00000015132	51.6	3
1482421	7955.ENSDARP00000012056	6.06	2
1503316	7955.ENSDARP00000115888	319	26
1483794	7955.ENSDARP00000025096	169	11
1500329	7955.ENSDARP00000109592	343	10
1493196	7955.ENSDARP00000092307	56.2	7
1490365	7955.ENSDARP00000075715	7.74	2
1483778	7955.ENSDARP00000024900	1674	346
1491616	7955.ENSDARP00000083835	21.3	1
1485381	7955.ENSDARP00000044149	74.3	3
1505456	7955.ENSDARP00000121437	1495	64
1502820	7955.ENSDARP00000114578	1681	11
1505271	7955.ENSDARP00000120922	231	11
1494182	7955.ENSDARP00000096449	60.7	18
1499417	7955.ENSDARP00000107998	2137	721
1481619	7955.ENSDARP00000004700	76.7	3
1503190	7955.ENSDARP00000115556	42.7	6
1499830	7955.ENSDARP00000108711	4205	490
1506324	7955.ENSDARP00000123652	491	34
1482658	7955.ENSDARP00000014260	47.2	5
1481621	7955.ENSDARP00000004708	192	8
1484720	7955.ENSDARP00000036699	8.91	1
1485568	7955.ENSDARP00000046171	918	16
1499797	7955.ENSDARP00000108648	38.3	1
1502773	7955.ENSDARP00000114456	7.5	4
1485101	7955.ENSDARP00000041268	340	26
1486396	7955.ENSDARP00000053541	1767	41
1503277	7955.ENSDARP00000115796	424	4
1505044	7955.ENSDARP00000120324	18.8	10
1496853	7955.ENSDARP00000103197	17.2	2
1498090	7955.ENSDARP00000105660	49.4	16
1505202	7955.ENSDARP00000120742	1642	106
1504996	7955.ENSDARP00000120213	49.6	14
1482550	7955.ENSDARP00000013110	341	16
1495054	7955.ENSDARP00000098957	16.1	1
1506452	7955.ENSDARP00000124057	9.14	1
1498521	7955.ENSDARP00000106396	17.2	2
1488544	7955.ENSDARP00000066619	1130	137
1487496	7955.ENSDARP00000060243	178	13
1492735	7955.ENSDARP00000090306	242	893
1501742	7955.ENSDARP00000112026	19.7	4
1495167	7955.ENSDARP00000099211	6.21	1
1495168	7955.ENSDARP00000099212	3.93	3
1485360	7955.ENSDARP00000043931	6937	1082
1489444	7955.ENSDARP00000071278	6.06	2
1489310	7955.ENSDARP00000070457	4.77	1
1482083	7955.ENSDARP00000009096	2282	65
1482971	7955.ENSDARP00000017217	116	7
1506581	7955.ENSDARP00000124448	115	11
1496313	7955.ENSDARP00000101928	1.6	1
1484935	7955.ENSDARP00000039257	6.29	1
1492955	7955.ENSDARP00000091324	200	50
1483031	7955.ENSDARP00000017693	411	55
1483265	7955.ENSDARP00000020027	3981	124
1495238	7955.ENSDARP00000099367	2.38	1
1488665	7955.ENSDARP00000067187	1.93	3
1493092	7955.ENSDARP00000091899	2877	76
1491817	7955.ENSDARP00000085295	77.7	19
1487052	7955.ENSDARP00000057637	49.8	7
1489501	7955.ENSDARP00000071646	192	30
1500828	7955.ENSDARP00000110449	369	11
1484564	7955.ENSDARP00000034536	680	17
1503932	7955.ENSDARP00000117497	329	21
1485804	7955.ENSDARP00000048827	55.9	34
1501691	7955.ENSDARP00000111930	2137	721
1499333	7955.ENSDARP00000107846	23.9	1
1492762	7955.ENSDARP00000090434	4472	202
1483273	7955.ENSDARP00000020119	2.49	1
1506689	7955.ENSDARP00000124846	3.61	3
1494373	7955.ENSDARP00000097305	44.8	5
1482223	7955.ENSDARP00000010413	156	95
1482983	7955.ENSDARP00000017326	929	424
1496628	7955.ENSDARP00000102672	964	80
1494425	7955.ENSDARP00000097494	407	16
1490785	7955.ENSDARP00000077824	23.6	2
1497752	7955.ENSDARP00000105058	48.3	4
1494616	7955.ENSDARP00000097960	18.4	2
1487353	7955.ENSDARP00000059365	12182	954
1506680	7955.ENSDARP00000124804	2254	29
1484064	7955.ENSDARP00000027662	818	38
1496714	7955.ENSDARP00000102878	89.9	5
1493314	7955.ENSDARP00000092792	38.2	3
1504178	7955.ENSDARP00000118091	126	21
1487132	7955.ENSDARP00000058161	28.5	4
1482916	7955.ENSDARP00000016749	24.7	3
1500166	7955.ENSDARP00000109299	2137	721
1494820	7955.ENSDARP00000098432	975	499
1487803	7955.ENSDARP00000062277	178	8
1496561	7955.ENSDARP00000102491	61.0	1
1482952	7955.ENSDARP00000016984	166	13
1496564	7955.ENSDARP00000102498	277	40
1504300	7955.ENSDARP00000118414	4.74	5
1504686	7955.ENSDARP00000119413	328	37
1495682	7955.ENSDARP00000100413	4.71	2
1484501	7955.ENSDARP00000033622	466	38
1493481	7955.ENSDARP00000093555	16.3	4
1481460	7955.ENSDARP00000003250	22.5	2
1494007	7955.ENSDARP00000095652	158	109
1504263	7955.ENSDARP00000118326	182	131
1482904	7955.ENSDARP00000016637	6.19	1
1504261	7955.ENSDARP00000118321	0.425	3
1487169	7955.ENSDARP00000058383	349	18
1482476	7955.ENSDARP00000012488	140	12
1490041	7955.ENSDARP00000074035	436	24
1483808	7955.ENSDARP00000025226	382	13
1496183	7955.ENSDARP00000101609	0.408	1
1506769	7955.ENSDARP00000125089	193	811
1499720	7955.ENSDARP00000108502	2137	721
1483206	7955.ENSDARP00000019416	0.789	1
1495618	7955.ENSDARP00000100272	151	5
1501360	7955.ENSDARP00000111335	239	23
1501358	7955.ENSDARP00000111333	1822	744
1482324	7955.ENSDARP00000011226	164	6
1499841	7955.ENSDARP00000108727	300	145
1502041	7955.ENSDARP00000112527	952	499
1481643	7955.ENSDARP00000004932	2887	153
1485961	7955.ENSDARP00000050602	125	5
1499676	7955.ENSDARP00000108433	41.1	3
1486558	7955.ENSDARP00000054652	12.0	2
1483604	7955.ENSDARP00000023354	311	18
1483481	7955.ENSDARP00000022302	765	169
1485867	7955.ENSDARP00000049463	31.1	2
1485866	7955.ENSDARP00000049461	287	10
1491491	7955.ENSDARP00000082917	7.79	8
1481622	7955.ENSDARP00000004716	11.6	1
1486933	7955.ENSDARP00000056898	312	8
1483577	7955.ENSDARP00000023121	1673	65
1482367	7955.ENSDARP00000011595	719	33
1486737	7955.ENSDARP00000055709	82.2	4
1488503	7955.ENSDARP00000066372	842	39
1483198	7955.ENSDARP00000019373	0.622	1
1485102	7955.ENSDARP00000041278	1210	512
1484412	7955.ENSDARP00000032575	800	86
1501909	7955.ENSDARP00000112301	1545	250
1501911	7955.ENSDARP00000112306	209	13
1484668	7955.ENSDARP00000036006	54.3	6
1498924	7955.ENSDARP00000107144	148	4
1488606	7955.ENSDARP00000066972	64.5	7
1498577	7955.ENSDARP00000106496	2137	721
1498926	7955.ENSDARP00000107148	2137	721
1492915	7955.ENSDARP00000091082	564	30
1488539	7955.ENSDARP00000066578	255	4
1498616	7955.ENSDARP00000106566	843	16
1499155	7955.ENSDARP00000107547	2137	721
1482125	7955.ENSDARP00000009474	134	21
1482831	7955.ENSDARP00000015937	26.1	9
1481849	7955.ENSDARP00000006845	36.4	1
1504492	7955.ENSDARP00000118893	2.34	1
1483529	7955.ENSDARP00000022618	40.6	2
1485147	7955.ENSDARP00000041699	592	27
1501091	7955.ENSDARP00000110895	182	27
1492314	7955.ENSDARP00000088399	2.33	1
1489690	7955.ENSDARP00000072516	20.3	1
1489208	7955.ENSDARP00000069977	2458	44
1484291	7955.ENSDARP00000030881	1647	205
1488027	7955.ENSDARP00000063524	71.3	6
1498658	7955.ENSDARP00000106634	2137	721
1486113	7955.ENSDARP00000051803	570	13
1486114	7955.ENSDARP00000051806	118	3
1496645	7955.ENSDARP00000102709	4.71	2
1492374	7955.ENSDARP00000088646	477	58
1487584	7955.ENSDARP00000060765	126	23
1484243	7955.ENSDARP00000030084	9.73	3
1502331	7955.ENSDARP00000113307	6463	208
1499548	7955.ENSDARP00000108224	2823	5631
1481719	7955.ENSDARP00000005578	589	18
1495313	7955.ENSDARP00000099550	787	499
1493706	7955.ENSDARP00000094422	22.0	5
1501684	7955.ENSDARP00000111921	41.4	2
1483974	7955.ENSDARP00000026816	0.87	4
1492687	7955.ENSDARP00000090113	149	19
1486197	7955.ENSDARP00000052382	781	22
1506615	7955.ENSDARP00000124587	175	17
1494493	7955.ENSDARP00000097644	1297	43
1488939	7955.ENSDARP00000068572	5.85	1
1497657	7955.ENSDARP00000104899	1.26	3
1482228	7955.ENSDARP00000010427	74.2	7
1489420	7955.ENSDARP00000071071	13.3	2
1482985	7955.ENSDARP00000017331	413	4
1502319	7955.ENSDARP00000113278	612	16
1488208	7955.ENSDARP00000064511	64.8	6
1492119	7955.ENSDARP00000087462	2840	178
1492120	7955.ENSDARP00000087463	236	8
1483406	7955.ENSDARP00000021565	18.4	1
1481935	7955.ENSDARP00000007628	149	11
1487673	7955.ENSDARP00000061364	5.06	2
1483407	7955.ENSDARP00000021569	50.0	36
1481372	7955.ENSDARP00000002475	186	9
1494779	7955.ENSDARP00000098331	20.2	8
1496685	7955.ENSDARP00000102802	11.2	1
1493543	7955.ENSDARP00000093817	19.1	4
1482956	7955.ENSDARP00000017029	12.8	4
1481761	7955.ENSDARP00000006001	79.1	8
1483354	7955.ENSDARP00000020942	19.3	2
1501608	7955.ENSDARP00000111786	2137	721
1501604	7955.ENSDARP00000111782	1381	32
1493312	7955.ENSDARP00000092787	303	18
1487219	7955.ENSDARP00000058628	2766	1242
1500157	7955.ENSDARP00000109284	111	5
1487800	7955.ENSDARP00000062263	63.3	3
1482858	7955.ENSDARP00000016138	191	15
1493583	7955.ENSDARP00000093966	175	27
1482575	7955.ENSDARP00000013329	1640	84
1501531	7955.ENSDARP00000111658	35.7	3
1493531	7955.ENSDARP00000093780	1545	250
1493532	7955.ENSDARP00000093781	3642	198
1490431	7955.ENSDARP00000075994	490	42
1493534	7955.ENSDARP00000093787	1545	250
1502421	7955.ENSDARP00000113541	975	499
1488226	7955.ENSDARP00000064608	14.1	5
1500196	7955.ENSDARP00000109355	2137	721
1481335	7955.ENSDARP00000002122	628	35
1481915	7955.ENSDARP00000007446	536	18
1482110	7955.ENSDARP00000009320	1138	574
1481524	7955.ENSDARP00000003700	875	22
1481525	7955.ENSDARP00000003705	281	20
1486026	7955.ENSDARP00000051230	37.6	7
1494004	7955.ENSDARP00000095645	10.6	3
1494755	7955.ENSDARP00000098279	166	13
1493262	7955.ENSDARP00000092565	135	18
1489476	7955.ENSDARP00000071527	1081	44
1505894	7955.ENSDARP00000122502	150	772
1481483	7955.ENSDARP00000003389	2159	77
1490574	7955.ENSDARP00000076519	201	21
1486376	7955.ENSDARP00000053431	122	5
1499736	7955.ENSDARP00000108536	102	384
1490573	7955.ENSDARP00000076517	1.44	1
1482870	7955.ENSDARP00000016261	95.1	9
1505266	7955.ENSDARP00000120909	1595	29
1501354	7955.ENSDARP00000111326	3673	6578
1482163	7955.ENSDARP00000009865	160	5
1502371	7955.ENSDARP00000113417	1607	28
1506503	7955.ENSDARP00000124211	7.31	4
1506504	7955.ENSDARP00000124217	3697	125
1499467	7955.ENSDARP00000108086	2.13	3
1505974	7955.ENSDARP00000122726	2.74	1
1498258	7955.ENSDARP00000105955	358	45
1499469	7955.ENSDARP00000108089	3200	110
1482019	7955.ENSDARP00000008399	14.6	1
1504581	7955.ENSDARP00000119118	329	16
1502134	7955.ENSDARP00000112824	6463	208
1500344	7955.ENSDARP00000109625	1774	570
1490732	7955.ENSDARP00000077445	8.46	3
1497378	7955.ENSDARP00000104399	1545	250
1483499	7955.ENSDARP00000022440	329	27
1505360	7955.ENSDARP00000121180	35.0	5
1485384	7955.ENSDARP00000044161	17.7	4
1501072	7955.ENSDARP00000110869	1545	250
1483484	7955.ENSDARP00000022310	227	9
1506332	7955.ENSDARP00000123671	390	11
1482703	7955.ENSDARP00000014790	2.72	1
1505351	7955.ENSDARP00000121163	48.6	5
1499922	7955.ENSDARP00000108884	16.4	2
1490651	7955.ENSDARP00000076883	643	23
1499837	7955.ENSDARP00000108718	3.95	1
1499563	7955.ENSDARP00000108249	628	10
1505053	7955.ENSDARP00000120344	2929	186
1496968	7955.ENSDARP00000103461	32.0	9
1489715	7955.ENSDARP00000072618	162	6
1490180	7955.ENSDARP00000074827	2.17	1
1489712	7955.ENSDARP00000072610	2.09	1
1482308	7955.ENSDARP00000011148	2164	56
1486753	7955.ENSDARP00000055809	41.0	2
1495536	7955.ENSDARP00000100078	77.7	17
1485525	7955.ENSDARP00000045696	914	20
1485130	7955.ENSDARP00000041514	78.9	8
1487760	7955.ENSDARP00000061954	609	24
1484819	7955.ENSDARP00000037871	9562	847
1496518	7955.ENSDARP00000102398	245	34
1487761	7955.ENSDARP00000061957	5435	89
1490322	7955.ENSDARP00000075515	43.3	5
1483517	7955.ENSDARP00000022550	711	62
1483518	7955.ENSDARP00000022552	5862	113
1506186	7955.ENSDARP00000123299	267	189
1486325	7955.ENSDARP00000053151	31.1	3
1485666	7955.ENSDARP00000047205	62.6	14
1486937	7955.ENSDARP00000056918	7.83	2
1485665	7955.ENSDARP00000047200	247	124
1489381	7955.ENSDARP00000070818	0.188	1
1499073	7955.ENSDARP00000107398	251	11
1488706	7955.ENSDARP00000067432	281	20
1490257	7955.ENSDARP00000075204	128	10
1485219	7955.ENSDARP00000042420	48.4	9
1490259	7955.ENSDARP00000075209	29.6	1
1490258	7955.ENSDARP00000075208	45.0	4
1507056	7955.ENSDARP00000125625	27.9	2
1482363	7955.ENSDARP00000011549	237	20
1496586	7955.ENSDARP00000102559	507	13
1485049	7955.ENSDARP00000040644	97.3	11
1484590	7955.ENSDARP00000034885	253	12
1484369	7955.ENSDARP00000032037	456	11
1486959	7955.ENSDARP00000057093	5.75	1
1484025	7955.ENSDARP00000027268	1.28	1
1482259	7955.ENSDARP00000010788	12.5	2
1481695	7955.ENSDARP00000005361	352	5
1483321	7955.ENSDARP00000020578	98.6	7
1492387	7955.ENSDARP00000088712	11.3	1
1486620	7955.ENSDARP00000055063	74.9	7
1486619	7955.ENSDARP00000055061	5876	78
1485164	7955.ENSDARP00000041841	551	14
1483334	7955.ENSDARP00000020775	1015	124
1485287	7955.ENSDARP00000043172	4675	66
1492125	7955.ENSDARP00000087500	1119	34
1488863	7955.ENSDARP00000068144	3.86	2
1483258	7955.ENSDARP00000019957	20.1	104
1492573	7955.ENSDARP00000089612	208	10
1481352	7955.ENSDARP00000002269	166	5
1485440	7955.ENSDARP00000044908	23.9	2
1481348	7955.ENSDARP00000002260	84.8	21
1487623	7955.ENSDARP00000061000	4305	169
1491066	7955.ENSDARP00000079877	8.13	1
1504255	7955.ENSDARP00000118291	65.1	2
1485269	7955.ENSDARP00000043001	91.3	6
1489128	7955.ENSDARP00000069494	35.0	2
1495356	7955.ENSDARP00000099639	1022	48
1493380	7955.ENSDARP00000093157	46.1	2
1493355	7955.ENSDARP00000093027	24.6	12
1497128	7955.ENSDARP00000103819	1545	250
1492190	7955.ENSDARP00000087874	1020	12
1492188	7955.ENSDARP00000087872	1030	9
1497124	7955.ENSDARP00000103810	68.1	9
1506118	7955.ENSDARP00000123118	14.8	2
1481758	7955.ENSDARP00000005968	63.6	7
1496044	7955.ENSDARP00000101257	340	10
1493538	7955.ENSDARP00000093801	665	499
1483333	7955.ENSDARP00000020770	34.5	5
1494286	7955.ENSDARP00000096850	4.71	2
1481867	7955.ENSDARP00000007032	323	22
1486014	7955.ENSDARP00000051138	2.07	1
1483690	7955.ENSDARP00000024082	466	57
1483691	7955.ENSDARP00000024085	109	2
1492419	7955.ENSDARP00000088880	1.97	3
1493536	7955.ENSDARP00000093791	975	499
1493535	7955.ENSDARP00000093790	3642	198
1504782	7955.ENSDARP00000119693	30.5	1
1484270	7955.ENSDARP00000030555	218	26
1481528	7955.ENSDARP00000003738	232	27
1484821	7955.ENSDARP00000037906	96.0	7
1494196	7955.ENSDARP00000096504	3820	308
1484500	7955.ENSDARP00000033600	2093	18
1503030	7955.ENSDARP00000115147	1493	25
1493253	7955.ENSDARP00000092510	1022	48
1497774	7955.ENSDARP00000105094	2551	722
1500404	7955.ENSDARP00000109722	0.226	1
1500403	7955.ENSDARP00000109720	98.8	11
1484142	7955.ENSDARP00000028689	90.1	12
1481374	7955.ENSDARP00000002483	1210	125
1498142	7955.ENSDARP00000105746	975	499
1482840	7955.ENSDARP00000015985	6.02	2
1486503	7955.ENSDARP00000054289	348	25
1505716	7955.ENSDARP00000122083	226	7
1506520	7955.ENSDARP00000124266	3.16	1
1483546	7955.ENSDARP00000022789	56.4	2
1482513	7955.ENSDARP00000012776	72.1	6
1506519	7955.ENSDARP00000124263	1.35	1
1482533	7955.ENSDARP00000012950	39.0	3
1481596	7955.ENSDARP00000004394	63.0	40
1491552	7955.ENSDARP00000083378	1.68	2
1483663	7955.ENSDARP00000023819	42.2	3
1497460	7955.ENSDARP00000104545	265	4
1499665	7955.ENSDARP00000108417	1545	250
1499394	7955.ENSDARP00000107946	2137	721
1493174	7955.ENSDARP00000092224	1.67	3
1502024	7955.ENSDARP00000112496	484	52
1499120	7955.ENSDARP00000107491	653	237
1498819	7955.ENSDARP00000106947	72.4	10
1496933	7955.ENSDARP00000103385	19.4	2
1484777	7955.ENSDARP00000037460	64.1	1
1499928	7955.ENSDARP00000108896	22.2	11
1499810	7955.ENSDARP00000108675	10.8	1
1497275	7955.ENSDARP00000104169	20.2	1
1497274	7955.ENSDARP00000104168	164	12
1482810	7955.ENSDARP00000015781	148	6
1496102	7955.ENSDARP00000101406	343	12
1485564	7955.ENSDARP00000046121	1.52	2
1499250	7955.ENSDARP00000107702	975	499
1487783	7955.ENSDARP00000062145	83.3	11
1487782	7955.ENSDARP00000062142	232	37
1484003	7955.ENSDARP00000027046	34.5	1
1487901	7955.ENSDARP00000062792	86.4	51
1482170	7955.ENSDARP00000009909	67.4	8
1493777	7955.ENSDARP00000094762	263	14
1492241	7955.ENSDARP00000088086	589	317
1498074	7955.ENSDARP00000105632	908	114
1498911	7955.ENSDARP00000107122	1000	482
1484305	7955.ENSDARP00000031042	120	18
1488563	7955.ENSDARP00000066759	615	40
1496510	7955.ENSDARP00000102380	12.1	1
1482043	7955.ENSDARP00000008646	25.9	5
1498975	7955.ENSDARP00000107232	1467	250
1488638	7955.ENSDARP00000067081	228	3
1482264	7955.ENSDARP00000010840	20.6	10
1488639	7955.ENSDARP00000067085	310	10
1498977	7955.ENSDARP00000107234	1545	250
1498981	7955.ENSDARP00000107238	7.04	3
1504913	7955.ENSDARP00000120028	74.9	7
1505158	7955.ENSDARP00000120624	69.8	3
1481770	7955.ENSDARP00000006085	922	37
1481987	7955.ENSDARP00000008085	363	18
1497948	7955.ENSDARP00000105412	11.0	2
1482139	7955.ENSDARP00000009605	217	20
1489321	7955.ENSDARP00000070488	280	36
1484026	7955.ENSDARP00000027276	111	8
1482821	7955.ENSDARP00000015866	55.9	21
1487477	7955.ENSDARP00000060161	524	12
1487478	7955.ENSDARP00000060165	179	16
1487522	7955.ENSDARP00000060362	1346	56
1498319	7955.ENSDARP00000106056	82.1	5
1498316	7955.ENSDARP00000106050	2.85	1
1492825	7955.ENSDARP00000090664	654	9
1489362	7955.ENSDARP00000070709	6.06	2
1489801	7955.ENSDARP00000072971	49.9	7
1498648	7955.ENSDARP00000106617	157	8
1489661	7955.ENSDARP00000072408	179	2
1503480	7955.ENSDARP00000116310	260	7
1495213	7955.ENSDARP00000099313	21.8	1
1506643	7955.ENSDARP00000124670	82.6	4
1486958	7955.ENSDARP00000057089	91.9	3
1487646	7955.ENSDARP00000061164	412	157
1486173	7955.ENSDARP00000052292	207	2
1483046	7955.ENSDARP00000017792	28.8	2
1507155	7955.ENSDARP00000125872	4.72	2
1486742	7955.ENSDARP00000055741	15.1	5
1494498	7955.ENSDARP00000097665	924	68
1488112	7955.ENSDARP00000063949	175	24
1497081	7955.ENSDARP00000103712	0.784	3
1487372	7955.ENSDARP00000059488	4.76	2
1500699	7955.ENSDARP00000110252	0.104	1
1490949	7955.ENSDARP00000079047	4.98	4
1503821	7955.ENSDARP00000117207	24.0	6
1482034	7955.ENSDARP00000008513	394	60
1482824	7955.ENSDARP00000015884	48.2	2
1503880	7955.ENSDARP00000117370	302	33
1486922	7955.ENSDARP00000056852	741	1030
1481949	7955.ENSDARP00000007735	369	25
1503883	7955.ENSDARP00000117378	6.65	2
1492480	7955.ENSDARP00000089135	3.62	1
1504396	7955.ENSDARP00000118646	19.3	1
1488791	7955.ENSDARP00000067865	3203	31
1484067	7955.ENSDARP00000027695	172	11
1484497	7955.ENSDARP00000033554	7.09	2
1483371	7955.ENSDARP00000021124	15.5	5
1502529	7955.ENSDARP00000113858	471	164
1481433	7955.ENSDARP00000003038	52.0	8
1493307	7955.ENSDARP00000092760	436	20
1481430	7955.ENSDARP00000003030	72.3	4
1486263	7955.ENSDARP00000052745	148	5
1497178	7955.ENSDARP00000103937	887	499
1488357	7955.ENSDARP00000065391	56.2	7
1487243	7955.ENSDARP00000058736	645	14
1489023	7955.ENSDARP00000068983	22.9	3
1484531	7955.ENSDARP00000034077	22.9	14
1490119	7955.ENSDARP00000074483	42.2	5
1484423	7955.ENSDARP00000032730	318	37
1493523	7955.ENSDARP00000093747	1397	250
1499549	7955.ENSDARP00000108226	279	36
1493293	7955.ENSDARP00000092698	133	43
1493291	7955.ENSDARP00000092691	86.8	10
1484171	7955.ENSDARP00000029090	1.89	1
1494148	7955.ENSDARP00000096352	186	131
1486421	7955.ENSDARP00000053760	2.65	2
1482042	7955.ENSDARP00000008636	9.38	1
1484857	7955.ENSDARP00000038400	144	6
1482860	7955.ENSDARP00000016158	3282	54
1499325	7955.ENSDARP00000107832	62.9	1
1485934	7955.ENSDARP00000050295	385	6
1493169	7955.ENSDARP00000092188	177	10
1501367	7955.ENSDARP00000111347	19.7	4
1502994	7955.ENSDARP00000115047	202	69
1482865	7955.ENSDARP00000016201	37.4	2
1482512	7955.ENSDARP00000012767	61.8	15
1496796	7955.ENSDARP00000103064	1.09	1
1491297	7955.ENSDARP00000081533	12.2	7
1483565	7955.ENSDARP00000022971	15.3	1
1505743	7955.ENSDARP00000122141	1895	40
1497372	7955.ENSDARP00000104379	2137	721
1485967	7955.ENSDARP00000050670	124	14
1490539	7955.ENSDARP00000076404	28.4	1
1499695	7955.ENSDARP00000108465	1545	250
1494607	7955.ENSDARP00000097937	39.7	2
1497474	7955.ENSDARP00000104575	470	51
1499697	7955.ENSDARP00000108469	39.3	7
1486921	7955.ENSDARP00000056848	222	695
1487088	7955.ENSDARP00000057866	247	12
1503208	7955.ENSDARP00000115596	32.3	2
1483655	7955.ENSDARP00000023774	11.1	1
1483505	7955.ENSDARP00000022486	485	24
1493784	7955.ENSDARP00000094800	349	30
1490210	7955.ENSDARP00000074935	112	44
1483585	7955.ENSDARP00000023177	2078	50
1490360	7955.ENSDARP00000075688	12.5	2
1482007	7955.ENSDARP00000008262	132	4
1481847	7955.ENSDARP00000006831	42.5	2
1487785	7955.ENSDARP00000062152	226	2
1499580	7955.ENSDARP00000108280	79.9	2
1499587	7955.ENSDARP00000108289	68.4	42
1491219	7955.ENSDARP00000080999	13.3	1
1488594	7955.ENSDARP00000066929	777	30
1488511	7955.ENSDARP00000066387	140	4
1497506	7955.ENSDARP00000104621	245	8
1488508	7955.ENSDARP00000066383	225	12
1482276	7955.ENSDARP00000010925	482	64
1482275	7955.ENSDARP00000010921	523	173
1502212	7955.ENSDARP00000112997	202	69
1488559	7955.ENSDARP00000066721	388	7
1485131	7955.ENSDARP00000041530	308	10
1498855	7955.ENSDARP00000107004	263	20
1485132	7955.ENSDARP00000041532	84.9	23
1493878	7955.ENSDARP00000095170	194	3
1495626	7955.ENSDARP00000100290	4.74	4
1483643	7955.ENSDARP00000023685	1000	59
1489558	7955.ENSDARP00000071946	4.85	5
1483608	7955.ENSDARP00000023429	63.4	15
1485149	7955.ENSDARP00000041710	1.64	1
1504915	7955.ENSDARP00000120032	32.9	2
1484947	7955.ENSDARP00000039450	85.7	8
1485672	7955.ENSDARP00000047268	2929	186
1497282	7955.ENSDARP00000104181	23.2	1
1486770	7955.ENSDARP00000055912	975	499
1498549	7955.ENSDARP00000106441	1414	3304
1485247	7955.ENSDARP00000042754	20.5	3
1492908	7955.ENSDARP00000091054	59.9	11
1496463	7955.ENSDARP00000102286	143	32
1485195	7955.ENSDARP00000042199	1083	69
1498451	7955.ENSDARP00000106280	58.1	1
1484134	7955.ENSDARP00000028571	245	22
1489201	7955.ENSDARP00000069948	10556	651
1492379	7955.ENSDARP00000088691	51.0	4
1489398	7955.ENSDARP00000070941	15.0	3
1483248	7955.ENSDARP00000019888	1773	734
1499478	7955.ENSDARP00000108108	196	8
1488804	7955.ENSDARP00000067896	3642	198
1488803	7955.ENSDARP00000067895	1545	250
1488802	7955.ENSDARP00000067894	671	79
1488801	7955.ENSDARP00000067893	1545	250
1488800	7955.ENSDARP00000067891	1545	250
1487554	7955.ENSDARP00000060576	134	4
1498675	7955.ENSDARP00000106669	975	499
1489447	7955.ENSDARP00000071305	36.8	3
1495214	7955.ENSDARP00000099321	3642	198
1489417	7955.ENSDARP00000071047	3.41	2
1484163	7955.ENSDARP00000028970	107	16
1484727	7955.ENSDARP00000036825	63.7	10
1497962	7955.ENSDARP00000105443	5408	112
1483136	7955.ENSDARP00000018673	26.0	1
1482050	7955.ENSDARP00000008690	407	50
1498325	7955.ENSDARP00000106067	134	21
1486190	7955.ENSDARP00000052354	248	49
1485338	7955.ENSDARP00000043714	4.79	1
1501715	7955.ENSDARP00000111973	975	499
1487260	7955.ENSDARP00000058875	122	22
1485642	7955.ENSDARP00000047007	61.5	5
1486631	7955.ENSDARP00000055138	22.6	2
1487450	7955.ENSDARP00000060004	741	11
1486630	7955.ENSDARP00000055135	3725	1295
1484925	7955.ENSDARP00000039143	1255	25
1503823	7955.ENSDARP00000117212	61.0	7
1483123	7955.ENSDARP00000018594	6081	27
1483989	7955.ENSDARP00000026915	1.39	1
1494335	7955.ENSDARP00000097050	179	87
1494661	7955.ENSDARP00000098055	34.2	3
1504008	7955.ENSDARP00000117693	7.29	1
1496697	7955.ENSDARP00000102837	20.0	4
1487525	7955.ENSDARP00000060398	145	3
1497811	7955.ENSDARP00000105168	2137	721
1506138	7955.ENSDARP00000123163	12.9	1
1495890	7955.ENSDARP00000100908	19.8	8
1494304	7955.ENSDARP00000096898	112	44
1499185	7955.ENSDARP00000107585	2137	721
1500756	7955.ENSDARP00000110339	228	18
1490862	7955.ENSDARP00000078325	1.97	1
1486246	7955.ENSDARP00000052640	24.6	2
1492416	7955.ENSDARP00000088868	2.66	3
1482111	7955.ENSDARP00000009325	7.09	1
1493567	7955.ENSDARP00000093918	91.2	5
1497925	7955.ENSDARP00000105368	24.9	5
1503780	7955.ENSDARP00000117083	8.31	1
1481744	7955.ENSDARP00000005837	1908	11
1484170	7955.ENSDARP00000029079	336	6
1485724	7955.ENSDARP00000047901	77.9	10
1483364	7955.ENSDARP00000021064	300	57
1498085	7955.ENSDARP00000105649	1700	14
1501009	7955.ENSDARP00000110759	1271	250
1502766	7955.ENSDARP00000114437	12.7	22
1489647	7955.ENSDARP00000072363	131	8
1486425	7955.ENSDARP00000053774	282	49
1487821	7955.ENSDARP00000062382	747	69
1494838	7955.ENSDARP00000098474	91.9	3
1483725	7955.ENSDARP00000024354	9.68	2
1484235	7955.ENSDARP00000029935	63.5	8
1500141	7955.ENSDARP00000109257	2137	721
1505674	7955.ENSDARP00000121973	114	4
1502614	7955.ENSDARP00000114052	13.2	3
1481480	7955.ENSDARP00000003376	40.3	10
1494169	7955.ENSDARP00000096413	419	14
1501483	7955.ENSDARP00000111579	157	34
1500032	7955.ENSDARP00000109071	2137	721
1482405	7955.ENSDARP00000011882	92.2	8
1494197	7955.ENSDARP00000096509	752	127
1483171	7955.ENSDARP00000019087	215	26
1486553	7955.ENSDARP00000054618	259	24
1481409	7955.ENSDARP00000002844	652	44
1482992	7955.ENSDARP00000017410	191	7
1485862	7955.ENSDARP00000049424	91.8	5
1494038	7955.ENSDARP00000095811	734	304
1482334	7955.ENSDARP00000011311	77.1	9
1499781	7955.ENSDARP00000108614	3.46	11
1503205	7955.ENSDARP00000115589	247	13
1496128	7955.ENSDARP00000101467	2137	721
1507313	7955.ENSDARP00000126276	8.77	2
1489894	7955.ENSDARP00000073415	227	853
1497842	7955.ENSDARP00000105230	28.5	4
1487818	7955.ENSDARP00000062369	2667	1241
1481507	7955.ENSDARP00000003571	523	26
1492907	7955.ENSDARP00000091049	219	4
1498770	7955.ENSDARP00000106853	84.7	13
1493936	7955.ENSDARP00000095384	22.6	7
1488518	7955.ENSDARP00000066429	2373	1053
1482225	7955.ENSDARP00000010419	132	4
1486873	7955.ENSDARP00000056582	412	15
1488513	7955.ENSDARP00000066392	74.1	2
1497510	7955.ENSDARP00000104630	1545	250
1488514	7955.ENSDARP00000066396	258	4
1489379	7955.ENSDARP00000070807	303	22
1482298	7955.ENSDARP00000011083	260	24
1496150	7955.ENSDARP00000101519	16.3	1
1486338	7955.ENSDARP00000053207	2210	36
1481594	7955.ENSDARP00000004352	1491	160
1486973	7955.ENSDARP00000057215	0.325	1
1501757	7955.ENSDARP00000112050	38.4	1
1493750	7955.ENSDARP00000094634	26.3	1
1497753	7955.ENSDARP00000105059	2137	721
1483887	7955.ENSDARP00000025917	31.0	1
1482046	7955.ENSDARP00000008663	337	28
1482266	7955.ENSDARP00000010862	4.97	1
1488549	7955.ENSDARP00000066644	64.6	2
1499605	7955.ENSDARP00000108316	19.9	4
1482248	7955.ENSDARP00000010686	37.7	2
1485090	7955.ENSDARP00000041141	8.5	22
1486610	7955.ENSDARP00000054986	3477	968
1493229	7955.ENSDARP00000092429	40.8	3
1498841	7955.ENSDARP00000106981	19.3	11
1488009	7955.ENSDARP00000063383	473	36
1487433	7955.ENSDARP00000059917	25.4	2
1501904	7955.ENSDARP00000112291	24.3	7
1493692	7955.ENSDARP00000094384	14.1	5
1481984	7955.ENSDARP00000008063	9.88	1
1484604	7955.ENSDARP00000035090	12.1	3
1481359	7955.ENSDARP00000002360	47.0	7
1482976	7955.ENSDARP00000017246	293	30
1492756	7955.ENSDARP00000090396	15.6	3
1488744	7955.ENSDARP00000067603	133	30
1496656	7955.ENSDARP00000102749	1545	250
1501803	7955.ENSDARP00000112123	207	12
1493601	7955.ENSDARP00000094034	13.8	1
1496287	7955.ENSDARP00000101862	2137	721
1484618	7955.ENSDARP00000035273	3167	42
1496601	7955.ENSDARP00000102600	1201	24
1483112	7955.ENSDARP00000018458	173	18
1486878	7955.ENSDARP00000056626	9.92	2
1502389	7955.ENSDARP00000113453	34.7	2
1492852	7955.ENSDARP00000090804	42.5	7
1483313	7955.ENSDARP00000020522	478	37
1491300	7955.ENSDARP00000081544	1.2	1
1481777	7955.ENSDARP00000006133	88.3	6
1487644	7955.ENSDARP00000061148	1353	512
1488200	7955.ENSDARP00000064461	23.6	5
1507133	7955.ENSDARP00000125818	48.4	9
1503580	7955.ENSDARP00000116574	1545	250
1501709	7955.ENSDARP00000111963	223	21
1489822	7955.ENSDARP00000073057	1685	103
1483156	7955.ENSDARP00000018923	199	32
1483873	7955.ENSDARP00000025779	280	24
1482086	7955.ENSDARP00000009133	502	19
1481754	7955.ENSDARP00000005930	306	22
1483702	7955.ENSDARP00000024189	2707	39
1503589	7955.ENSDARP00000116598	51.6	5
1492332	7955.ENSDARP00000088454	75.8	9
1486625	7955.ENSDARP00000055102	76.8	6
1506132	7955.ENSDARP00000123149	111	7
1486433	7955.ENSDARP00000053833	149	9
1481347	7955.ENSDARP00000002234	42.7	2
1484592	7955.ENSDARP00000034904	230	13
1503595	7955.ENSDARP00000116609	240	19
1502589	7955.ENSDARP00000113988	446	451
1495343	7955.ENSDARP00000099605	20.6	1
1500820	7955.ENSDARP00000110439	4.76	1
1492663	7955.ENSDARP00000090024	757	31
1495098	7955.ENSDARP00000099044	65.0	19
1501626	7955.ENSDARP00000111817	250	8
1494528	7955.ENSDARP00000097735	472	8
1483766	7955.ENSDARP00000024748	79.1	8
1488194	7955.ENSDARP00000064399	671	79
1483765	7955.ENSDARP00000024741	17.7	1
1484518	7955.ENSDARP00000033828	76.0	7
1492093	7955.ENSDARP00000087338	23.6	5
1483819	7955.ENSDARP00000025342	97.6	6
1492091	7955.ENSDARP00000087334	2.43	1
1481767	7955.ENSDARP00000006047	27.9	3
1490387	7955.ENSDARP00000075802	1330	64
1501580	7955.ENSDARP00000111742	4375	462
1494315	7955.ENSDARP00000096950	91.5	16
1504441	7955.ENSDARP00000118756	14.4	1
1489372	7955.ENSDARP00000070780	810	27
1497929	7955.ENSDARP00000105375	27.9	10
1488347	7955.ENSDARP00000065355	11.4	5
1487856	7955.ENSDARP00000062555	463	12
1481529	7955.ENSDARP00000003744	575	64
1482587	7955.ENSDARP00000013441	702	82
1483900	7955.ENSDARP00000026070	24.6	1
1481555	7955.ENSDARP00000003969	37.1	4
1489044	7955.ENSDARP00000069063	73.7	14
1482726	7955.ENSDARP00000014978	1705	270
1484834	7955.ENSDARP00000038172	126	2
1488251	7955.ENSDARP00000064738	3733	75
1490045	7955.ENSDARP00000074048	44.9	1
1495964	7955.ENSDARP00000101076	23.1	5
1491949	7955.ENSDARP00000086334	370	12
1483937	7955.ENSDARP00000026454	60.6	3
1481397	7955.ENSDARP00000002761	117	12
1500494	7955.ENSDARP00000109883	26.9	15
1502795	7955.ENSDARP00000114512	166	5
1481398	7955.ENSDARP00000002767	3.14	1
1494104	7955.ENSDARP00000096178	2434	56
1494032	7955.ENSDARP00000095774	865	292
1505987	7955.ENSDARP00000122764	307	32
1485932	7955.ENSDARP00000050257	86.6	10
1484753	7955.ENSDARP00000037124	46.3	1
1499769	7955.ENSDARP00000108591	138	16
1496374	7955.ENSDARP00000102064	429	41
1502659	7955.ENSDARP00000114191	36.1	8
1483802	7955.ENSDARP00000025160	384	22
1505564	7955.ENSDARP00000121703	42.6	5
1486747	7955.ENSDARP00000055756	0.585	1
1503504	7955.ENSDARP00000116372	205	827
1486276	7955.ENSDARP00000052837	2667	1241
1494037	7955.ENSDARP00000095806	2479	649
1501887	7955.ENSDARP00000112265	3098	60
1491405	7955.ENSDARP00000082327	2137	721
1499273	7955.ENSDARP00000107737	3642	198
1489594	7955.ENSDARP00000072130	1.46	2
1497861	7955.ENSDARP00000105266	131	2
1485887	7955.ENSDARP00000049721	135	3
1483525	7955.ENSDARP00000022595	211	8
1490464	7955.ENSDARP00000076115	23.2	4
1490192	7955.ENSDARP00000074862	1063	54
1482543	7955.ENSDARP00000013042	13.6	16
1499493	7955.ENSDARP00000108138	420	27
1496152	7955.ENSDARP00000101525	975	499
1499787	7955.ENSDARP00000108627	6.96	1
1499789	7955.ENSDARP00000108629	1473	51
1484404	7955.ENSDARP00000032453	620	24
1498863	7955.ENSDARP00000107028	2137	721
1484405	7955.ENSDARP00000032456	17.2	4
1489562	7955.ENSDARP00000071963	1535	81
1482688	7955.ENSDARP00000014578	16.6	2
1482185	7955.ENSDARP00000010055	2807	82
1486942	7955.ENSDARP00000056950	11.0	1
1498160	7955.ENSDARP00000105775	4.66	1
1482269	7955.ENSDARP00000010878	812	70
1488077	7955.ENSDARP00000063773	6.02	2
1485900	7955.ENSDARP00000049899	188	6
1488079	7955.ENSDARP00000063778	34.4	4
1491299	7955.ENSDARP00000081541	1.26	1
1485403	7955.ENSDARP00000044410	13.6	2
1498905	7955.ENSDARP00000107110	2859	239
1483194	7955.ENSDARP00000019311	4.82	1
1481563	7955.ENSDARP00000004030	20.2	2
1499890	7955.ENSDARP00000108828	1545	250
1488645	7955.ENSDARP00000067116	17.4	1
1496672	7955.ENSDARP00000102775	975	499
1498430	7955.ENSDARP00000106245	2137	721
1485139	7955.ENSDARP00000041608	110	5
1481288	7955.ENSDARP00000000514	14.1	3
1497667	7955.ENSDARP00000104918	1545	250
1501139	7955.ENSDARP00000110972	15.6	1
1491122	7955.ENSDARP00000080221	64.3	5
1491678	7955.ENSDARP00000084277	6463	208
1506295	7955.ENSDARP00000123565	70.3	4
1492965	7955.ENSDARP00000091381	39.9	5
1501808	7955.ENSDARP00000112131	152	12
1485678	7955.ENSDARP00000047390	1150	25
1496284	7955.ENSDARP00000101855	202	69
1486882	7955.ENSDARP00000056639	14.8	1
1493067	7955.ENSDARP00000091816	120	13
1497617	7955.ENSDARP00000104823	295	29
1483019	7955.ENSDARP00000017613	139	15
1503705	7955.ENSDARP00000116905	48.1	6
1498333	7955.ENSDARP00000106080	636	38
1488277	7955.ENSDARP00000064925	173	15
1489133	7955.ENSDARP00000069525	158	101
1484314	7955.ENSDARP00000031181	162	3
1486181	7955.ENSDARP00000052330	3084	42
1489341	7955.ENSDARP00000070563	168	4
1488941	7955.ENSDARP00000068586	603	34
1483015	7955.ENSDARP00000017582	59.2	2
1493101	7955.ENSDARP00000091921	185	65
1485744	7955.ENSDARP00000048163	77.0	9
1481345	7955.ENSDARP00000002223	53.1	3
1482118	7955.ENSDARP00000009407	17.4	1
1503410	7955.ENSDARP00000116124	13.9	5
1483149	7955.ENSDARP00000018865	1720	48
1494514	7955.ENSDARP00000097707	11.7	1
1483767	7955.ENSDARP00000024751	155	6
1484244	7955.ENSDARP00000030104	7.52	1
1483768	7955.ENSDARP00000024752	2153	323
1485031	7955.ENSDARP00000040421	320	14
1491249	7955.ENSDARP00000081202	0.324	1
1485401	7955.ENSDARP00000044385	45.3	6
1502429	7955.ENSDARP00000113553	3608	67
1490961	7955.ENSDARP00000079165	6.15	1
1489088	7955.ENSDARP00000069273	2427	82
1494914	7955.ENSDARP00000098653	0.204	1
1482617	7955.ENSDARP00000013803	682	49
1482615	7955.ENSDARP00000013777	3810	130
1500865	7955.ENSDARP00000110511	975	499
1481941	7955.ENSDARP00000007676	1126	57
1489315	7955.ENSDARP00000070471	643	30
1489162	7955.ENSDARP00000069676	1.5	3
1487403	7955.ENSDARP00000059695	51.9	16
1484637	7955.ENSDARP00000035513	612	11
1492412	7955.ENSDARP00000088840	4326	7173
1497047	7955.ENSDARP00000103634	80.0	3
1497907	7955.ENSDARP00000105344	762	110
1481340	7955.ENSDARP00000002175	534	300
1493522	7955.ENSDARP00000093734	1381	512
1482890	7955.ENSDARP00000016453	10026	921
1501259	7955.ENSDARP00000111175	2137	721
1489628	7955.ENSDARP00000072300	430	7
1505931	7955.ENSDARP00000122588	48.8	2
1505801	7955.ENSDARP00000122284	369	18
1485929	7955.ENSDARP00000050237	695	549
1493278	7955.ENSDARP00000092644	61.8	8
1501261	7955.ENSDARP00000111179	20.3	3
1500153	7955.ENSDARP00000109278	9.13	2
1493267	7955.ENSDARP00000092578	72.5	7
1487227	7955.ENSDARP00000058679	109	9
1506398	7955.ENSDARP00000123883	593	58
1486677	7955.ENSDARP00000055379	1421	482
1491390	7955.ENSDARP00000082159	1208	105
1488252	7955.ENSDARP00000064746	77.7	2
1489831	7955.ENSDARP00000073095	312	11
1504829	7955.ENSDARP00000119816	509	25
1487936	7955.ENSDARP00000062982	1462	45
1505477	7955.ENSDARP00000121484	150	772
1500488	7955.ENSDARP00000109873	4.9	1
1482063	7955.ENSDARP00000008834	32.6	3
1503003	7955.ENSDARP00000115072	205	827
1500017	7955.ENSDARP00000109050	1328	21
1506938	7955.ENSDARP00000125399	5.71	3
1485926	7955.ENSDARP00000050220	43.9	2
1501438	7955.ENSDARP00000111487	1719	30
1504288	7955.ENSDARP00000118388	6.41	2
1501435	7955.ENSDARP00000111483	26.6	1
1493151	7955.ENSDARP00000092080	2.47	1
1484888	7955.ENSDARP00000038769	24.0	1
1496017	7955.ENSDARP00000101193	6463	208
1500089	7955.ENSDARP00000109185	2418	45
1490551	7955.ENSDARP00000076437	8.68	2
1481456	7955.ENSDARP00000003222	14.9	1
1490352	7955.ENSDARP00000075658	1290	247
1484196	7955.ENSDARP00000029462	103	3
1482470	7955.ENSDARP00000012437	66.4	9
1490314	7955.ENSDARP00000075490	181	55
1505983	7955.ENSDARP00000122750	1682	94
1489264	7955.ENSDARP00000070225	37.0	3
1499446	7955.ENSDARP00000108050	16.1	1
1500098	7955.ENSDARP00000109194	193	19
1502150	7955.ENSDARP00000112851	241	24
1500384	7955.ENSDARP00000109694	41.8	5
1484037	7955.ENSDARP00000027389	553	48
1489900	7955.ENSDARP00000073437	87.4	6
1489901	7955.ENSDARP00000073439	322	17
1494265	7955.ENSDARP00000096763	0.741	3
1487097	7955.ENSDARP00000057943	1354	22
1484303	7955.ENSDARP00000031031	13.5	1
1484896	7955.ENSDARP00000038835	382	19
1498782	7955.ENSDARP00000106877	1545	250
1485560	7955.ENSDARP00000046076	61.4	5
1483619	7955.ENSDARP00000023524	56.3	6
1482645	7955.ENSDARP00000014106	320	15
1496419	7955.ENSDARP00000102182	65.1	5
1497520	7955.ENSDARP00000104653	124	23
1490463	7955.ENSDARP00000076104	793	36
1490489	7955.ENSDARP00000076216	204	12
1485115	7955.ENSDARP00000041384	686	25
1490487	7955.ENSDARP00000076212	102	20
1485114	7955.ENSDARP00000041380	6.4	2
1491526	7955.ENSDARP00000083119	7.11	1
1485519	7955.ENSDARP00000045668	104	62
1490273	7955.ENSDARP00000075275	20.1	1
1485858	7955.ENSDARP00000049374	25.0	10
1481983	7955.ENSDARP00000008048	12.4	2
1505017	7955.ENSDARP00000120266	50.4	4
1482261	7955.ENSDARP00000010800	164	18
1486158	7955.ENSDARP00000052125	86.8	8
1506045	7955.ENSDARP00000122906	56.8	6
1491339	7955.ENSDARP00000081816	10.9	3
1484020	7955.ENSDARP00000027159	404	11
1488711	7955.ENSDARP00000067447	113	5
1484415	7955.ENSDARP00000032583	10.0	3
1487078	7955.ENSDARP00000057822	332	25
1484658	7955.ENSDARP00000035859	2.09	1
1486146	7955.ENSDARP00000052081	2029	37
1501115	7955.ENSDARP00000110935	2137	721
1489730	7955.ENSDARP00000072687	460	448
1485479	7955.ENSDARP00000045286	3.1	1
1492225	7955.ENSDARP00000088020	82.5	19
1482235	7955.ENSDARP00000010482	802	31
1489412	7955.ENSDARP00000071014	14.3	2
1481809	7955.ENSDARP00000006445	708	27
1496342	7955.ENSDARP00000101995	9.52	1
1495200	7955.ENSDARP00000099283	155	29
1506145	7955.ENSDARP00000123183	1319	46
1482157	7955.ENSDARP00000009794	38.9	1
1486929	7955.ENSDARP00000056884	43.9	13
1483017	7955.ENSDARP00000017597	301	12
1489131	7955.ENSDARP00000069513	2089	49
1507232	7955.ENSDARP00000126058	11.0	1
1484634	7955.ENSDARP00000035453	131	25
1493105	7955.ENSDARP00000091935	40.0	6
1487660	7955.ENSDARP00000061292	41.1	39
1492487	7955.ENSDARP00000089179	1741	79
1487458	7955.ENSDARP00000060055	718	58
1487456	7955.ENSDARP00000060050	22.1	1
1481781	7955.ENSDARP00000006201	109	8
1503599	7955.ENSDARP00000116628	8.63	2
1481782	7955.ENSDARP00000006207	566	40
1492844	7955.ENSDARP00000090756	205	5
1495369	7955.ENSDARP00000099664	390	18
1486169	7955.ENSDARP00000052255	612	11
1492613	7955.ENSDARP00000089772	484	11
1494642	7955.ENSDARP00000098004	793	217
1483153	7955.ENSDARP00000018877	150	16
1488096	7955.ENSDARP00000063836	47.3	2
1503893	7955.ENSDARP00000117394	9.73	5
1500379	7955.ENSDARP00000109682	24.7	3
1490081	7955.ENSDARP00000074190	66.5	6
1481957	7955.ENSDARP00000007799	433	28
1488142	7955.ENSDARP00000064110	598	9
1481894	7955.ENSDARP00000007240	87.0	11
1491975	7955.ENSDARP00000086515	72.9	2
1504083	7955.ENSDARP00000117880	69.5	6
1494459	7955.ENSDARP00000097572	686	25
1490403	7955.ENSDARP00000075862	38.4	2
1493376	7955.ENSDARP00000093124	0.224	1
1496075	7955.ENSDARP00000101333	4.87	5
1504448	7955.ENSDARP00000118774	1247	306
1488351	7955.ENSDARP00000065372	1040	19
1499357	7955.ENSDARP00000107877	144	10
1494155	7955.ENSDARP00000096373	77.6	4
1481448	7955.ENSDARP00000003163	373	17
1483362	7955.ENSDARP00000021016	1063	466
1494587	7955.ENSDARP00000097880	202	69
1482624	7955.ENSDARP00000013902	267	12
1490421	7955.ENSDARP00000075918	293	9
1490111	7955.ENSDARP00000074422	366	26
1489641	7955.ENSDARP00000072337	193	44
1501591	7955.ENSDARP00000111762	313	41
1493300	7955.ENSDARP00000092727	31.1	12
1506144	7955.ENSDARP00000123181	609	16
1490753	7955.ENSDARP00000077647	84.0	10
1482477	7955.ENSDARP00000012500	16.7	4
1489487	7955.ENSDARP00000071581	44.9	6
1484416	7955.ENSDARP00000032643	31.5	1
1494094	7955.ENSDARP00000096118	51.4	6
1498831	7955.ENSDARP00000106964	34.1	4
1484060	7955.ENSDARP00000027643	33.5	3
1481633	7955.ENSDARP00000004838	117	10
1486296	7955.ENSDARP00000052929	158	13
1501382	7955.ENSDARP00000111380	20.1	2
1481632	7955.ENSDARP00000004830	749	39
1485928	7955.ENSDARP00000050236	975	499
1482973	7955.ENSDARP00000017229	58.8	2
1500012	7955.ENSDARP00000109044	2137	721
1500255	7955.ENSDARP00000109464	26.0	6
1501443	7955.ENSDARP00000111493	975	499
1485936	7955.ENSDARP00000050307	56.2	7
1485027	7955.ENSDARP00000040396	2689	66
1504074	7955.ENSDARP00000117864	2370	31
1486483	7955.ENSDARP00000054142	961	71
1500101	7955.ENSDARP00000109199	156	95
1484285	7955.ENSDARP00000030813	2.22	1
1483949	7955.ENSDARP00000026546	444	31
1484408	7955.ENSDARP00000032505	80.2	6
1493415	7955.ENSDARP00000093291	120	4
1481854	7955.ENSDARP00000006875	45.3	4
1486749	7955.ENSDARP00000055770	65.4	11
1498185	7955.ENSDARP00000105821	25.0	1
1498188	7955.ENSDARP00000105829	115	8
1496821	7955.ENSDARP00000103118	87.1	10
1490312	7955.ENSDARP00000075482	40.7	3
1507218	7955.ENSDARP00000126028	718	9
1497313	7955.ENSDARP00000104241	247	13
1502143	7955.ENSDARP00000112841	7.33	1
1500559	7955.ENSDARP00000109990	59.1	2
1486712	7955.ENSDARP00000055576	69.5	6
1493834	7955.ENSDARP00000094997	0.772	1
1496857	7955.ENSDARP00000103201	558	18
1482808	7955.ENSDARP00000015775	121	9
1496859	7955.ENSDARP00000103208	860	499
1506365	7955.ENSDARP00000123766	3.38	1
1505371	7955.ENSDARP00000121211	232	17
1497414	7955.ENSDARP00000104468	1247	306
1491562	7955.ENSDARP00000083454	279	20
1499236	7955.ENSDARP00000107684	7.63	1
1505468	7955.ENSDARP00000121459	975	499
1493802	7955.ENSDARP00000094849	206	130
1482948	7955.ENSDARP00000016957	1277	11
1498870	7955.ENSDARP00000107042	9.01	2
1482011	7955.ENSDARP00000008311	235	10
1499879	7955.ENSDARP00000108805	4811	150
1482635	7955.ENSDARP00000014003	83.3	7
1484345	7955.ENSDARP00000031690	1762	52
1499109	7955.ENSDARP00000107467	505	18
1499108	7955.ENSDARP00000107466	5.2	2
1504986	7955.ENSDARP00000120183	2093	67
1488712	7955.ENSDARP00000067454	8.14	3
1484108	7955.ENSDARP00000028134	128	17
1482999	7955.ENSDARP00000017456	1651	173
1486951	7955.ENSDARP00000057038	0.6	1
1485142	7955.ENSDARP00000041626	395	26
1501077	7955.ENSDARP00000110877	11.2	1
1483050	7955.ENSDARP00000017850	60.5	1
1501124	7955.ENSDARP00000110951	18.8	10
1496405	7955.ENSDARP00000102154	120	36
1485483	7955.ENSDARP00000045298	68.4	3
1490477	7955.ENSDARP00000076180	4.95	2
1482581	7955.ENSDARP00000013402	60.4	6
1484615	7955.ENSDARP00000035207	650	17
1482089	7955.ENSDARP00000009148	0.698	1
1490233	7955.ENSDARP00000075079	2.12	3
1498359	7955.ENSDARP00000106130	108	16
1482861	7955.ENSDARP00000016160	251	19
1484991	7955.ENSDARP00000039986	30.9	2
1491292	7955.ENSDARP00000081514	14.8	4
1492856	7955.ENSDARP00000090833	565	32
1484521	7955.ENSDARP00000033907	318	34
1488751	7955.ENSDARP00000067634	566	25
1484583	7955.ENSDARP00000034822	209	48
1492816	7955.ENSDARP00000090632	1545	250
1488275	7955.ENSDARP00000064900	41.7	7
1488837	7955.ENSDARP00000068054	46.6	2
1489323	7955.ENSDARP00000070509	1375	46
1488836	7955.ENSDARP00000068050	47.5	4
1482381	7955.ENSDARP00000011705	52.0	3
1495279	7955.ENSDARP00000099474	423	37
1489172	7955.ENSDARP00000069744	110	13
1483861	7955.ENSDARP00000025702	77.9	11
1485028	7955.ENSDARP00000040404	186	28
1493096	7955.ENSDARP00000091908	10.2	2
1484928	7955.ENSDARP00000039188	95.0	6
1483899	7955.ENSDARP00000026065	594	162
1507179	7955.ENSDARP00000125918	8.01	17
1488921	7955.ENSDARP00000068470	11.6	2
1507176	7955.ENSDARP00000125913	39.8	2
1495084	7955.ENSDARP00000099015	3.44	1
1485290	7955.ENSDARP00000043192	38.1	1
1488085	7955.ENSDARP00000063805	14.4	2
1494540	7955.ENSDARP00000097764	5.08	1
1504251	7955.ENSDARP00000118280	129	19
1487026	7955.ENSDARP00000057499	134	9
1497837	7955.ENSDARP00000105220	3642	198
1502356	7955.ENSDARP00000113373	33.6	27
1490080	7955.ENSDARP00000074186	75.6	12
1484566	7955.ENSDARP00000034555	371	8
1487679	7955.ENSDARP00000061405	17.3	1
1497897	7955.ENSDARP00000105328	1345	32
1495393	7955.ENSDARP00000099727	215	15
1486215	7955.ENSDARP00000052440	32.3	4
1495388	7955.ENSDARP00000099721	5.86	2
1504002	7955.ENSDARP00000117673	1945	94
1482568	7955.ENSDARP00000013286	14.5	12
1504003	7955.ENSDARP00000117676	157	21
1500907	7955.ENSDARP00000110577	121	9
1496751	7955.ENSDARP00000102961	46.4	6
1482116	7955.ENSDARP00000009364	0.715	1
1484074	7955.ENSDARP00000027770	681	8
1491298	7955.ENSDARP00000081539	133	30
1494320	7955.ENSDARP00000096969	90.9	6
1485800	7955.ENSDARP00000048774	65.6	1
1494152	7955.ENSDARP00000096363	89.4	6
1505660	7955.ENSDARP00000121939	4.71	2
1486009	7955.ENSDARP00000051080	535	138
1501515	7955.ENSDARP00000111628	34.0	4
1493518	7955.ENSDARP00000093711	62.2	5
1493402	7955.ENSDARP00000093249	210	22
1505483	7955.ENSDARP00000121492	2.63	1
1487303	7955.ENSDARP00000059091	74.5	1
1501247	7955.ENSDARP00000111156	1.23	1
1499385	7955.ENSDARP00000107930	1022	48
1501565	7955.ENSDARP00000111715	26.8	2
1481901	7955.ENSDARP00000007315	6.03	1
1489054	7955.ENSDARP00000069096	593	16
1484552	7955.ENSDARP00000034317	98.2	2
1501059	7955.ENSDARP00000110841	9.14	1
1483346	7955.ENSDARP00000020860	140	10
1485692	7955.ENSDARP00000047524	682	26
1485693	7955.ENSDARP00000047527	2.49	1
1485542	7955.ENSDARP00000045900	3876	89
1500567	7955.ENSDARP00000110003	406	34
1500478	7955.ENSDARP00000109857	34.4	4
1483146	7955.ENSDARP00000018820	56.2	7
1502981	7955.ENSDARP00000115012	386	413
1494020	7955.ENSDARP00000095720	91.4	47
1482605	7955.ENSDARP00000013627	6.92	1
1482604	7955.ENSDARP00000013624	483	17
1489338	7955.ENSDARP00000070559	21.7	3
1500248	7955.ENSDARP00000109451	1.82	3
1485937	7955.ENSDARP00000050331	42.3	5
1501182	7955.ENSDARP00000111051	2230	66
1500789	7955.ENSDARP00000110392	250	3
1494133	7955.ENSDARP00000096295	174	11
1502745	7955.ENSDARP00000114387	124	14
1501414	7955.ENSDARP00000111447	887	499
1482897	7955.ENSDARP00000016544	41.0	3
1484444	7955.ENSDARP00000033049	291	14
1482896	7955.ENSDARP00000016540	111	23
1505175	7955.ENSDARP00000120670	7.33	5
1483674	7955.ENSDARP00000023892	18.8	1
1486281	7955.ENSDARP00000052861	71.1	4
1499607	7955.ENSDARP00000108320	121	5
1484806	7955.ENSDARP00000037759	2511	43
1484805	7955.ENSDARP00000037758	548	12
1485924	7955.ENSDARP00000050204	1278	46
1493233	7955.ENSDARP00000092445	3.65	1
1490585	7955.ENSDARP00000076580	24.9	5
1483552	7955.ENSDARP00000022858	42.5	6
1490745	7955.ENSDARP00000077564	43.3	6
1483789	7955.ENSDARP00000025042	150	3
1505693	7955.ENSDARP00000122009	975	499
1494222	7955.ENSDARP00000096581	1181	618
1505307	7955.ENSDARP00000121027	210	8
1490519	7955.ENSDARP00000076340	74.7	4
1494223	7955.ENSDARP00000096586	117	12
1486429	7955.ENSDARP00000053793	259	4
1497433	7955.ENSDARP00000104495	702	5
1487807	7955.ENSDARP00000062323	2411	202
1483476	7955.ENSDARP00000022256	125	15
1493956	7955.ENSDARP00000095458	692	10
1488718	7955.ENSDARP00000067511	394	16
1490333	7955.ENSDARP00000075586	112	4
1483575	7955.ENSDARP00000023098	105	11
1499497	7955.ENSDARP00000108143	169	60
1505460	7955.ENSDARP00000121443	382	25
1505461	7955.ENSDARP00000121444	260	5
1481628	7955.ENSDARP00000004795	17.4	1
1490616	7955.ENSDARP00000076763	91.6	20
1482015	7955.ENSDARP00000008364	35.3	5
1489579	7955.ENSDARP00000072076	43.2	8
1498732	7955.ENSDARP00000106781	887	499
1501790	7955.ENSDARP00000112099	377	33
1483074	7955.ENSDARP00000018027	102	8
1486352	7955.ENSDARP00000053303	1809	735
1501783	7955.ENSDARP00000112092	975	499
1493640	7955.ENSDARP00000094181	15.9	2
1505012	7955.ENSDARP00000120247	48.9	1
1498898	7955.ENSDARP00000107099	5.07	1
1496388	7955.ENSDARP00000102098	180	64
1485847	7955.ENSDARP00000049284	46.1	2
1481857	7955.ENSDARP00000006888	153	48
1505166	7955.ENSDARP00000120649	152	27
1496892	7955.ENSDARP00000103304	63.5	13
1490307	7955.ENSDARP00000075459	2.11	1
1486122	7955.ENSDARP00000051889	253	25
1486949	7955.ENSDARP00000057020	92.2	7
1493612	7955.ENSDARP00000094070	86.3	1
1484601	7955.ENSDARP00000035057	7.17	5
1499032	7955.ENSDARP00000107323	11.7	3
1488715	7955.ENSDARP00000067488	399	8
1487429	7955.ENSDARP00000059885	435	30
1482221	7955.ENSDARP00000010393	56.2	7
1484469	7955.ENSDARP00000033318	91.8	5
1493026	7955.ENSDARP00000091642	32.3	2
1489095	7955.ENSDARP00000069300	1949	56
1483303	7955.ENSDARP00000020399	106	5
1488814	7955.ENSDARP00000067933	4.6	2
1485196	7955.ENSDARP00000042217	6.29	1
1491992	7955.ENSDARP00000086620	6.58	2
1491291	7955.ENSDARP00000081505	1034	84
1493049	7955.ENSDARP00000091733	17.4	5
1503644	7955.ENSDARP00000116739	975	499
1484036	7955.ENSDARP00000027385	134	8
1495273	7955.ENSDARP00000099464	414	13
1491357	7955.ENSDARP00000081987	10.4	1
1497017	7955.ENSDARP00000103576	1545	250
1493559	7955.ENSDARP00000093898	1530	99
1491244	7955.ENSDARP00000081180	264	25
1488779	7955.ENSDARP00000067802	4170	175
1502086	7955.ENSDARP00000112646	71.5	2
1481670	7955.ENSDARP00000005206	15.6	3
1487658	7955.ENSDARP00000061273	5075	46
1503775	7955.ENSDARP00000117068	552	8
1483439	7955.ENSDARP00000021916	80.0	3
1494392	7955.ENSDARP00000097371	132	6
1503606	7955.ENSDARP00000116646	7.35	3
1503773	7955.ENSDARP00000117066	308	48
1489678	7955.ENSDARP00000072482	55.3	5
1482325	7955.ENSDARP00000011243	87.3	5
1487713	7955.ENSDARP00000061671	12.2	2
1487270	7955.ENSDARP00000058912	260	36
1501647	7955.ENSDARP00000111851	3642	198
1483236	7955.ENSDARP00000019813	372	9
1490237	7955.ENSDARP00000075110	2667	1241
1481792	7955.ENSDARP00000006315	31.2	3
1483412	7955.ENSDARP00000021652	97.1	8
1481766	7955.ENSDARP00000006028	435	12
1495400	7955.ENSDARP00000099737	96.1	2
1496897	7955.ENSDARP00000103318	1545	250
1483572	7955.ENSDARP00000023063	8105	574
1500884	7955.ENSDARP00000110546	389	34
1481728	7955.ENSDARP00000005680	15.1	4
1496068	7955.ENSDARP00000101311	2137	721
1495064	7955.ENSDARP00000098980	83.1	5
1484640	7955.ENSDARP00000035541	140	3
1495944	7955.ENSDARP00000101037	37.3	10
1486499	7955.ENSDARP00000054237	352	5
1486498	7955.ENSDARP00000054236	21.6	2
1487843	7955.ENSDARP00000062517	94.0	6
1493411	7955.ENSDARP00000093277	589	24
1501517	7955.ENSDARP00000111631	131	25
1501239	7955.ENSDARP00000111142	4.69	1
1506750	7955.ENSDARP00000125036	5.88	16
1487416	7955.ENSDARP00000059795	216	17
1483698	7955.ENSDARP00000024129	38.5	2
1490150	7955.ENSDARP00000074623	110	6
1484551	7955.ENSDARP00000034301	252	12
1492071	7955.ENSDARP00000087157	1.5	2
1492072	7955.ENSDARP00000087158	1.76	2
1501464	7955.ENSDARP00000111526	2137	721
1481544	7955.ENSDARP00000003850	145	6
1503202	7955.ENSDARP00000115582	45.3	6
1483465	7955.ENSDARP00000022134	41.4	3
1490162	7955.ENSDARP00000074719	171	7
1484089	7955.ENSDARP00000027947	3177	235
1481733	7955.ENSDARP00000005719	3750	74
1493285	7955.ENSDARP00000092672	52.6	16
1493289	7955.ENSDARP00000092677	165	23
1501200	7955.ENSDARP00000111083	158	11
1500185	7955.ENSDARP00000109333	190	19
1490771	7955.ENSDARP00000077752	23.7	10
1500243	7955.ENSDARP00000109442	23.3	5
1507259	7955.ENSDARP00000126135	126	2
1502747	7955.ENSDARP00000114396	80.6	5
1491327	7955.ENSDARP00000081684	0.279	1
1501416	7955.ENSDARP00000111451	387	45
1482886	7955.ENSDARP00000016376	297	4
1505251	7955.ENSDARP00000120878	27.3	1
1484892	7955.ENSDARP00000038799	1649	32
1498177	7955.ENSDARP00000105809	138	16
1484199	7955.ENSDARP00000029491	278	44
1503077	7955.ENSDARP00000115285	20.3	2
1493840	7955.ENSDARP00000095029	152	59
1487075	7955.ENSDARP00000057787	716	499
1493721	7955.ENSDARP00000094516	14.4	1
1484574	7955.ENSDARP00000034733	466	60
1505560	7955.ENSDARP00000121692	32.7	5
1482114	7955.ENSDARP00000009334	2.79	1
1499750	7955.ENSDARP00000108556	109	8
1499876	7955.ENSDARP00000108798	399	22
1506561	7955.ENSDARP00000124383	271	13
1483904	7955.ENSDARP00000026092	269	12
1487674	7955.ENSDARP00000061365	131	25
1505117	7955.ENSDARP00000120506	1154	60
1493861	7955.ENSDARP00000095111	3013	84
1499308	7955.ENSDARP00000107798	26.1	11
1490336	7955.ENSDARP00000075599	159	3
1495305	7955.ENSDARP00000099532	17.8	93
1485837	7955.ENSDARP00000049169	56.5	3
1499937	7955.ENSDARP00000108912	1307	48
1496165	7955.ENSDARP00000101565	399	21
1489565	7955.ENSDARP00000072006	1672	632
1490277	7955.ENSDARP00000075289	25.2	1
1484775	7955.ENSDARP00000037410	315	51
1488583	7955.ENSDARP00000066858	1000	482
1482291	7955.ENSDARP00000011017	51.8	10
1482290	7955.ENSDARP00000011011	158	10
1483609	7955.ENSDARP00000023443	362	5
1483738	7955.ENSDARP00000024492	61.1	4
1487944	7955.ENSDARP00000063009	98.2	6
1497725	7955.ENSDARP00000105016	152	8
1483891	7955.ENSDARP00000025940	78.7	5
1498542	7955.ENSDARP00000106429	176	8
1484808	7955.ENSDARP00000037780	1020	67
1506488	7955.ENSDARP00000124162	63.4	27
1503171	7955.ENSDARP00000115511	29.3	1
1503172	7955.ENSDARP00000115512	840	93
1489938	7955.ENSDARP00000073610	22.7	1
1501039	7955.ENSDARP00000110807	13.2	6
1488023	7955.ENSDARP00000063483	253	98
1482375	7955.ENSDARP00000011656	513	45
1499491	7955.ENSDARP00000108133	37.8	11
1499040	7955.ENSDARP00000107339	314	13
1485793	7955.ENSDARP00000048721	1.5	1
1493019	7955.ENSDARP00000091586	1876	30
1488683	7955.ENSDARP00000067322	7.05	2
1482220	7955.ENSDARP00000010384	484	37
1486590	7955.ENSDARP00000054848	121	14
1501117	7955.ENSDARP00000110939	9.92	2
1504942	7955.ENSDARP00000120091	38.2	5
1499151	7955.ENSDARP00000107538	913	18
1484470	7955.ENSDARP00000033328	54.4	7
1498487	7955.ENSDARP00000106332	117	9
1489727	7955.ENSDARP00000072678	337	360
1493656	7955.ENSDARP00000094247	11.3	2
1493653	7955.ENSDARP00000094243	232	37
1489783	7955.ENSDARP00000072903	90.5	11
1483128	7955.ENSDARP00000018627	10.8	2
1485063	7955.ENSDARP00000040770	876	8
1487492	7955.ENSDARP00000060204	18.1	1
1488985	7955.ENSDARP00000068783	16.0	2
1492636	7955.ENSDARP00000089879	563	237
1498408	7955.ENSDARP00000106208	62.6	14
1481318	7955.ENSDARP00000001575	42.0	6
1487567	7955.ENSDARP00000060684	485	17
1484579	7955.ENSDARP00000034804	544	16
1506598	7955.ENSDARP00000124511	137	9
1489777	7955.ENSDARP00000072874	1848	79
1488840	7955.ENSDARP00000068070	32.3	4
1488083	7955.ENSDARP00000063799	6934	273
1497161	7955.ENSDARP00000103895	425	19
1490115	7955.ENSDARP00000074464	532	37
1484942	7955.ENSDARP00000039324	1364	240
1503386	7955.ENSDARP00000116075	2679	5745
1486442	7955.ENSDARP00000053867	9.46	2
1506731	7955.ENSDARP00000124979	10.7	1
1489685	7955.ENSDARP00000072498	0.645	3
1507198	7955.ENSDARP00000125972	2929	186
1485662	7955.ENSDARP00000047174	905	11
1488101	7955.ENSDARP00000063869	973	24
1483851	7955.ENSDARP00000025613	1693	66
1483852	7955.ENSDARP00000025616	1280	17
1482815	7955.ENSDARP00000015815	15.3	1
1491253	7955.ENSDARP00000081244	330	38
1481794	7955.ENSDARP00000006320	128	17
1483841	7955.ENSDARP00000025539	115	12
1486512	7955.ENSDARP00000054339	2134	44
1488445	7955.ENSDARP00000065948	126	9
1482442	7955.ENSDARP00000012238	103	10
1492847	7955.ENSDARP00000090766	2502	361
1500894	7955.ENSDARP00000110558	799	92
1485821	7955.ENSDARP00000048976	40.2	5
1486225	7955.ENSDARP00000052510	1314	65
1490066	7955.ENSDARP00000074146	2.25	1
1483950	7955.ENSDARP00000026560	30.1	3
1484110	7955.ENSDARP00000028148	2591	691
1494950	7955.ENSDARP00000098726	1545	250
1485599	7955.ENSDARP00000046586	8.77	2
1483404	7955.ENSDARP00000021537	15.0	1
1486674	7955.ENSDARP00000055339	14.1	1
1485508	7955.ENSDARP00000045587	5.27	5
1494782	7955.ENSDARP00000098342	667	499
1494786	7955.ENSDARP00000098348	671	28
1488590	7955.ENSDARP00000066897	3448	83
1485007	7955.ENSDARP00000040203	1065	417
1504724	7955.ENSDARP00000119520	2.2	1
1495747	7955.ENSDARP00000100563	5.51	1
1485989	7955.ENSDARP00000050915	35.0	5
1490129	7955.ENSDARP00000074529	19.2	1
1487230	7955.ENSDARP00000058694	143	2
1500437	7955.ENSDARP00000109780	283	52
1485340	7955.ENSDARP00000043742	776	198
1486041	7955.ENSDARP00000051359	1543	3618
1495429	7955.ENSDARP00000099813	975	499
1487899	7955.ENSDARP00000062786	331	4
1490159	7955.ENSDARP00000074706	1.08	3
1504529	7955.ENSDARP00000118986	1496	265
1500167	7955.ENSDARP00000109300	6.97	2
1497342	7955.ENSDARP00000104305	8.33	1
