#id: 268
#name: M.musculus - Heart, SC (Kruger,Cell,2008)
#score: 1.97
#weight: 100%
#description: abundance based on Spectral counting, from<a href="http://www.sciencedirect.com/science/article/pii/S0092867408006958" target="_blank">Kruger,Cell,2008</a><br/><b>Interaction consistency score</b>: 1.97&nbsp<b>Coverage</b>: 1
#organ: HEART
#integrated: false
#coverage: 1
#publication_year: 2008
#filename: 10090-Mouse_heart_Kruger2008_cell.txt
#
#internal_id	string_external_id	abundance	raw_spectral_count
2098640	10090.ENSMUSP00000032992	1848	3
2094996	10090.ENSMUSP00000020886	3015	3
2113253	10090.ENSMUSP00000126224	1816	7
2093249	10090.ENSMUSP00000001544	1760	3
2113058	10090.ENSMUSP00000124551	2042	4
2101403	10090.ENSMUSP00000046101	7078	13
2108295	10090.ENSMUSP00000089680	7073	19
2094799	10090.ENSMUSP00000020238	3843	6
2107701	10090.ENSMUSP00000084713	1711	4
2113948	10090.ENSMUSP00000130195	9556	3
2101491	10090.ENSMUSP00000046585	3026	8
2098419	10090.ENSMUSP00000032228	567	4
2095234	10090.ENSMUSP00000021611	1927	4
2112349	10090.ENSMUSP00000113213	847	2
2108177	10090.ENSMUSP00000088618	572	2
2104973	10090.ENSMUSP00000067708	1377	5
2098017	10090.ENSMUSP00000030931	1037	2
2094991	10090.ENSMUSP00000020856	2858	2
2106213	10090.ENSMUSP00000075178	1512	3
2099571	10090.ENSMUSP00000036162	325	2
2095182	10090.ENSMUSP00000021443	2449	4
2096274	10090.ENSMUSP00000025385	2002	3
2097306	10090.ENSMUSP00000028807	14772	5
2112332	10090.ENSMUSP00000113071	5492	5
2099004	10090.ENSMUSP00000034138	7637	4
2104748	10090.ENSMUSP00000066068	2536	5
2107383	10090.ENSMUSP00000081880	411	2
2103900	10090.ENSMUSP00000060346	10468	4
2109528	10090.ENSMUSP00000096712	1208	2
2108819	10090.ENSMUSP00000093101	5392	2
2109057	10090.ENSMUSP00000094778	1653	4
2111474	10090.ENSMUSP00000106481	3630	2
2101675	10090.ENSMUSP00000047564	4965	11
2102256	10090.ENSMUSP00000050698	670	2
2095879	10090.ENSMUSP00000023583	3315	2
2093313	10090.ENSMUSP00000001989	1702	8
2095245	10090.ENSMUSP00000021649	2033	4
2097954	10090.ENSMUSP00000030769	1507	2
2106490	10090.ENSMUSP00000076777	1653	4
2107800	10090.ENSMUSP00000085580	1711	4
2111282	10090.ENSMUSP00000105210	360	3
2100798	10090.ENSMUSP00000042808	4424	2
2095468	10090.ENSMUSP00000022327	1632	2
2101237	10090.ENSMUSP00000045216	5689	2
2105651	10090.ENSMUSP00000072136	3032	3
2106418	10090.ENSMUSP00000076336	759	2
2099126	10090.ENSMUSP00000034453	802	4
2096706	10090.ENSMUSP00000026743	8273	3
2097148	10090.ENSMUSP00000028239	1745	2
2098709	10090.ENSMUSP00000033182	1709	2
2094686	10090.ENSMUSP00000019726	3291	2
2107071	10090.ENSMUSP00000079967	1041	7
2102470	10090.ENSMUSP00000052020	264	2
2093443	10090.ENSMUSP00000002979	1290	3
2106874	10090.ENSMUSP00000078774	7426	6
2104735	10090.ENSMUSP00000065987	992	2
2109678	10090.ENSMUSP00000097303	511	2
2101185	10090.ENSMUSP00000044936	2553	3
2099788	10090.ENSMUSP00000037348	27443	9
2110632	10090.ENSMUSP00000100794	943	2
2096616	10090.ENSMUSP00000026459	5302	7
2106911	10090.ENSMUSP00000079022	4908	5
2102627	10090.ENSMUSP00000052872	2730	10
2094389	10090.ENSMUSP00000016771	2494	8
2098995	10090.ENSMUSP00000034097	9573	7
2099015	10090.ENSMUSP00000034172	371	3
2105117	10090.ENSMUSP00000068895	1200	2
2094096	10090.ENSMUSP00000011058	2430	3
2114016	10090.ENSMUSP00000130666	752	2
2093245	10090.ENSMUSP00000001520	1377	6
2098236	10090.ENSMUSP00000031583	704	4
2094815	10090.ENSMUSP00000020277	792	5
2114460	10090.ENSMUSP00000133564	551	2
2101700	10090.ENSMUSP00000047678	1281	3
2096538	10090.ENSMUSP00000026196	4939	3
2111240	10090.ENSMUSP00000104936	860	2
2113406	10090.ENSMUSP00000127070	1538	4
2098192	10090.ENSMUSP00000031423	8159	23
2101679	10090.ENSMUSP00000047571	2160	3
2096287	10090.ENSMUSP00000025408	1775	6
2101808	10090.ENSMUSP00000048218	802	4
2105717	10090.ENSMUSP00000072483	9139	4
2099164	10090.ENSMUSP00000034547	7317	6
2103885	10090.ENSMUSP00000060246	1512	3
2093134	10090.ENSMUSP00000000642	752	5
2111766	10090.ENSMUSP00000108804	2359	2
2093238	10090.ENSMUSP00000001479	1706	2
2094674	10090.ENSMUSP00000019649	1065	2
2093127	10090.ENSMUSP00000000590	3656	3
2104756	10090.ENSMUSP00000066181	7615	13
2109937	10090.ENSMUSP00000098066	745	4
2103559	10090.ENSMUSP00000058321	3458	2
2107032	10090.ENSMUSP00000079727	5298	6
2096219	10090.ENSMUSP00000025217	7889	10
2094928	10090.ENSMUSP00000020630	3045	7
2108125	10090.ENSMUSP00000088249	5725	3
2108082	10090.ENSMUSP00000087960	2481	11
2107723	10090.ENSMUSP00000084918	2454	2
2113039	10090.ENSMUSP00000124376	1027	4
2106798	10090.ENSMUSP00000078429	2023	2
2113427	10090.ENSMUSP00000127198	1451	3
2105743	10090.ENSMUSP00000072620	20052	12
2110770	10090.ENSMUSP00000101651	1512	2
2093696	10090.ENSMUSP00000005431	2254	5
2107714	10090.ENSMUSP00000084846	3995	5
2095217	10090.ENSMUSP00000021554	1332	5
2111843	10090.ENSMUSP00000109348	2280	13
2101964	10090.ENSMUSP00000049007	1145	4
2098706	10090.ENSMUSP00000033176	2970	2
2097776	10090.ENSMUSP00000030187	2311	13
2106354	10090.ENSMUSP00000075987	12498	8
2112400	10090.ENSMUSP00000113527	1395	2
2113289	10090.ENSMUSP00000126448	2067	4
2094586	10090.ENSMUSP00000018989	2845	5
2099692	10090.ENSMUSP00000036881	1354	2
2100409	10090.ENSMUSP00000040591	2845	4
2094986	10090.ENSMUSP00000020843	674	4
2108397	10090.ENSMUSP00000090633	1340	13
2095249	10090.ENSMUSP00000021661	1834	2
2097011	10090.ENSMUSP00000027810	16101	8
2094310	10090.ENSMUSP00000015800	1178	2
2110941	10090.ENSMUSP00000103007	8813	6
2098688	10090.ENSMUSP00000033136	2544	3
2099021	10090.ENSMUSP00000034189	394	3
2113530	10090.ENSMUSP00000127842	954	2
2112864	10090.ENSMUSP00000121203	7307	3
2104824	10090.ENSMUSP00000066639	972	7
2115003	10090.ENSMUSP00000136544	8275	10
2097768	10090.ENSMUSP00000030164	6593	9
2104638	10090.ENSMUSP00000065275	1742	2
2095732	10090.ENSMUSP00000023116	11012	16
2109218	10090.ENSMUSP00000095656	2895	5
2094367	10090.ENSMUSP00000016463	3454	3
2100734	10090.ENSMUSP00000042342	1512	3
2094472	10090.ENSMUSP00000017961	2184	2
2106042	10090.ENSMUSP00000074317	506	2
2112171	10090.ENSMUSP00000111560	2083	8
2113434	10090.ENSMUSP00000127250	1104	2
2107126	10090.ENSMUSP00000080302	8275	10
2094574	10090.ENSMUSP00000018875	809	4
2097824	10090.ENSMUSP00000030340	4387	2
2110183	10090.ENSMUSP00000099411	2147	3
2094335	10090.ENSMUSP00000016072	911	2
2105660	10090.ENSMUSP00000072195	5343	13
2094405	10090.ENSMUSP00000017188	2357	2
2104320	10090.ENSMUSP00000062996	2195	3
2094162	10090.ENSMUSP00000013737	2537	2
2104536	10090.ENSMUSP00000064538	582	2
2098420	10090.ENSMUSP00000032233	1949	2
2110475	10090.ENSMUSP00000100038	2711	4
2093528	10090.ENSMUSP00000003643	15740	8
2097029	10090.ENSMUSP00000027863	6271	3
2096899	10090.ENSMUSP00000027438	11703	9
2111618	10090.ENSMUSP00000107760	867	2
2095845	10090.ENSMUSP00000023486	1105	2
2096071	10090.ENSMUSP00000024739	10522	13
2096808	10090.ENSMUSP00000027153	7605	7
2093262	10090.ENSMUSP00000001620	490	2
2095061	10090.ENSMUSP00000021063	5498	3
2100060	10090.ENSMUSP00000038763	3565	5
2107937	10090.ENSMUSP00000086716	489	3
2095266	10090.ENSMUSP00000021698	812	2
2109161	10090.ENSMUSP00000095316	4123	2
2099173	10090.ENSMUSP00000034567	1713	2
2111580	10090.ENSMUSP00000107492	9951	10
2108559	10090.ENSMUSP00000091706	2758	3
2105514	10090.ENSMUSP00000071486	745	4
2093239	10090.ENSMUSP00000001480	3113	7
2110099	10090.ENSMUSP00000098997	2593	7
2096723	10090.ENSMUSP00000026841	12611	7
2108962	10090.ENSMUSP00000093945	2338	5
2096333	10090.ENSMUSP00000025563	4977	2
2098145	10090.ENSMUSP00000031314	5347	8
2112852	10090.ENSMUSP00000120976	19147	16
2113154	10090.ENSMUSP00000125492	3077	2
2111878	10090.ENSMUSP00000109633	2215	15
2095272	10090.ENSMUSP00000021726	1574	2
2102025	10090.ENSMUSP00000049355	6116	4
2093997	10090.ENSMUSP00000009234	834	4
2099830	10090.ENSMUSP00000037555	359	3
2109938	10090.ENSMUSP00000098076	1433	2
2093740	10090.ENSMUSP00000005826	7026	5
2107157	10090.ENSMUSP00000080469	614	4
2097458	10090.ENSMUSP00000029259	2261	5
2093827	10090.ENSMUSP00000006629	2032	11
2108446	10090.ENSMUSP00000091041	12582	12
2107956	10090.ENSMUSP00000086852	3727	2
2106900	10090.ENSMUSP00000078940	944	2
2108054	10090.ENSMUSP00000087736	802	4
2099371	10090.ENSMUSP00000035158	4210	17
2108144	10090.ENSMUSP00000088349	833	2
2098973	10090.ENSMUSP00000034049	11864	7
2099372	10090.ENSMUSP00000035163	1219	2
2096992	10090.ENSMUSP00000027752	938	2
2100821	10090.ENSMUSP00000042967	7118	4
2108461	10090.ENSMUSP00000091180	2895	5
2093449	10090.ENSMUSP00000003038	2016	3
2100750	10090.ENSMUSP00000042457	18029	12
2110424	10090.ENSMUSP00000099939	3497	2
2101839	10090.ENSMUSP00000048350	4930	3
2096794	10090.ENSMUSP00000027111	6798	10
2094893	10090.ENSMUSP00000020522	1477	2
2100529	10090.ENSMUSP00000041299	2067	3
2115391	10090.ENSMUSP00000137236	1495	2
2107513	10090.ENSMUSP00000083077	2183	3
2113584	10090.ENSMUSP00000128187	1209	2
2098186	10090.ENSMUSP00000031411	11511	7
2107245	10090.ENSMUSP00000080974	6581	5
2095908	10090.ENSMUSP00000023684	1276	2
2108773	10090.ENSMUSP00000092836	389	3
2095600	10090.ENSMUSP00000022706	11964	12
2107186	10090.ENSMUSP00000080608	3727	2
2093237	10090.ENSMUSP00000001460	1222	2
2093721	10090.ENSMUSP00000005651	1420	2
2109769	10090.ENSMUSP00000097444	1014	2
2106923	10090.ENSMUSP00000079070	1006	7
2102313	10090.ENSMUSP00000051033	1673	4
2093516	10090.ENSMUSP00000003572	758	2
2097045	10090.ENSMUSP00000027921	2816	7
2115145	10090.ENSMUSP00000136791	1821	2
2095751	10090.ENSMUSP00000023161	4026	6
2103820	10090.ENSMUSP00000059801	3521	6
2099568	10090.ENSMUSP00000036149	2516	3
2112487	10090.ENSMUSP00000114180	424	2
2111862	10090.ENSMUSP00000109523	926	2
2098216	10090.ENSMUSP00000031524	3459	2
2106568	10090.ENSMUSP00000077273	2528	2
2096220	10090.ENSMUSP00000025218	2276	2
2104120	10090.ENSMUSP00000061851	1451	3
2110210	10090.ENSMUSP00000099475	1443	4
2099717	10090.ENSMUSP00000036993	3152	10
2108356	10090.ENSMUSP00000090304	587	3
2094930	10090.ENSMUSP00000020637	6281	6
2099363	10090.ENSMUSP00000035116	2329	3
2097024	10090.ENSMUSP00000027853	2459	2
2104426	10090.ENSMUSP00000063734	1654	2
2101697	10090.ENSMUSP00000047665	3335	2
2093985	10090.ENSMUSP00000009036	1495	2
2106448	10090.ENSMUSP00000076521	2351	3
2113599	10090.ENSMUSP00000128278	762	3
2102920	10090.ENSMUSP00000054556	13071	8
2094967	10090.ENSMUSP00000020756	1108	2
2101116	10090.ENSMUSP00000044554	1785	4
2106271	10090.ENSMUSP00000075513	5298	6
2100621	10090.ENSMUSP00000041814	4445	6
2111845	10090.ENSMUSP00000109366	212	2
2109537	10090.ENSMUSP00000096753	27365	22
2113524	10090.ENSMUSP00000127808	3028	17
2106112	10090.ENSMUSP00000074658	775	4
2099513	10090.ENSMUSP00000035829	1481	5
2096632	10090.ENSMUSP00000026495	3938	4
2095715	10090.ENSMUSP00000023071	1846	2
2095085	10090.ENSMUSP00000021142	7778	23
2107169	10090.ENSMUSP00000080538	5822	18
2100230	10090.ENSMUSP00000039657	9463	14
2098971	10090.ENSMUSP00000034046	2940	8
2097139	10090.ENSMUSP00000028222	1338	3
2096897	10090.ENSMUSP00000027432	2910	5
2107283	10090.ENSMUSP00000081141	3786	4
2101953	10090.ENSMUSP00000048925	4900	14
2097519	10090.ENSMUSP00000029454	6477	3
2095401	10090.ENSMUSP00000022122	10442	4
2106054	10090.ENSMUSP00000074392	1192	2
2108744	10090.ENSMUSP00000092698	758	2
2110414	10090.ENSMUSP00000099908	2564	2
2099392	10090.ENSMUSP00000035220	1630	2
2094313	10090.ENSMUSP00000015829	6379	3
2093100	10090.ENSMUSP00000000349	5493	4
2094579	10090.ENSMUSP00000018909	548	2
2099498	10090.ENSMUSP00000035743	4242	8
2108145	10090.ENSMUSP00000088358	833	2
2097224	10090.ENSMUSP00000028517	2426	2
