#id: 436
#name: M.musculus - Saliva, SC (Gundry,Proteomics,2010)
#score: 9.23
#weight: 100%
#description: abundance based on Spectral counting, from<a href="http://www.ncbi.nlm.nih.gov/pubmed/20512790" target="_blank">Gundry,Proteomics,2010</a><br/><b>Interaction consistency score</b>: 9.23&nbsp<b>Coverage</b>: 7
#organ: SALIVA
#integrated: false
#coverage: 7
#publication_year: 2010
#filename: 10090-Mus_musculus_SC_biomart_11364_E__2reps.txt
#
#internal_id	string_external_id	abundance	raw_spectral_count
2112200	10090.ENSMUSP00000112081	206	57
2098640	10090.ENSMUSP00000032992	65.8	42
2112349	10090.ENSMUSP00000113213	620	387
2096416	10090.ENSMUSP00000025804	51.3	7
2110764	10090.ENSMUSP00000101616	268	24
2114969	10090.ENSMUSP00000136486	4.57	6
2096604	10090.ENSMUSP00000026427	3.29	2
2098952	10090.ENSMUSP00000033995	11.5	1
2098986	10090.ENSMUSP00000034079	17.7	6
2098890	10090.ENSMUSP00000033809	6.59	3
2098735	10090.ENSMUSP00000033283	66.7	21
2110479	10090.ENSMUSP00000100044	4355	2022
2110248	10090.ENSMUSP00000099558	9.54	7
2103499	10090.ENSMUSP00000058021	2.34	1
2113015	10090.ENSMUSP00000124093	37.9	20
2115441	10090.ENSMUSP00000137317	4.57	6
2096921	10090.ENSMUSP00000027495	10.7	3
2107443	10090.ENSMUSP00000082477	431	350
2099086	10090.ENSMUSP00000034359	5.96	1
2112802	10090.ENSMUSP00000120115	480	129
2112447	10090.ENSMUSP00000113854	25.7	15
2105837	10090.ENSMUSP00000073124	0.459	2
2098904	10090.ENSMUSP00000033866	15.2	5
2110437	10090.ENSMUSP00000099962	431	350
2094167	10090.ENSMUSP00000013773	57.6	81
2102373	10090.ENSMUSP00000051432	35813	13828
2094245	10090.ENSMUSP00000015100	284	165
2095060	10090.ENSMUSP00000021062	895	271
2099100	10090.ENSMUSP00000034391	9.95	2
2106706	10090.ENSMUSP00000077972	24.9	8
2113473	10090.ENSMUSP00000127504	484	142
2101364	10090.ENSMUSP00000045864	127	18
2102192	10090.ENSMUSP00000050336	13.7	4
2097587	10090.ENSMUSP00000029643	244	14
2105927	10090.ENSMUSP00000073686	6.15	1
2100914	10090.ENSMUSP00000043519	25.6	5
2094573	10090.ENSMUSP00000018851	43.0	98
2112137	10090.ENSMUSP00000111309	371	35
2104647	10090.ENSMUSP00000065337	108	41
2097512	10090.ENSMUSP00000029444	5.61	3
2107701	10090.ENSMUSP00000084713	865	980
2106523	10090.ENSMUSP00000076971	72.6	22
2096139	10090.ENSMUSP00000024946	46.5	10
2093599	10090.ENSMUSP00000004378	665	569
2111007	10090.ENSMUSP00000103531	29.5	90
2110574	10090.ENSMUSP00000100667	12.8	1
2112561	10090.ENSMUSP00000115645	2.42	1
2113160	10090.ENSMUSP00000125548	16.9	2
2105643	10090.ENSMUSP00000072096	40.6	10
2105626	10090.ENSMUSP00000072008	40.4	30
2096320	10090.ENSMUSP00000025511	1950	81
2097910	10090.ENSMUSP00000030636	145	9
2103288	10090.ENSMUSP00000056703	20.1	1
2106567	10090.ENSMUSP00000077262	94.4	19
2106948	10090.ENSMUSP00000079228	16.0	1
2097452	10090.ENSMUSP00000029214	61.9	17
2094361	10090.ENSMUSP00000016399	58.8	229
2098860	10090.ENSMUSP00000033727	16.6	18
2111862	10090.ENSMUSP00000109523	2.45	2
2097835	10090.ENSMUSP00000030381	41.0	25
2096327	10090.ENSMUSP00000025542	215	34
2114802	10090.ENSMUSP00000136183	90.9	94
2114469	10090.ENSMUSP00000133649	82.9	30
2109042	10090.ENSMUSP00000094505	28.4	6
2099334	10090.ENSMUSP00000035033	5.49	3
2093127	10090.ENSMUSP00000000590	18.3	20
2097599	10090.ENSMUSP00000029663	119	20
2113878	10090.ENSMUSP00000129788	376	37
2114459	10090.ENSMUSP00000133523	887	263
2108264	10090.ENSMUSP00000089350	2125	1228
2112666	10090.ENSMUSP00000117461	736	232
2096408	10090.ENSMUSP00000025778	66.8	22
2104973	10090.ENSMUSP00000067708	2.13	3
2105743	10090.ENSMUSP00000072620	1335	632
2112964	10090.ENSMUSP00000123410	773	68
2098169	10090.ENSMUSP00000031364	83.6	22
2111843	10090.ENSMUSP00000109348	27.7	32
2104819	10090.ENSMUSP00000066621	187	44
2113648	10090.ENSMUSP00000128525	84.2	157
2093682	10090.ENSMUSP00000005234	10.1	6
2108775	10090.ENSMUSP00000092843	448	350
2095217	10090.ENSMUSP00000021554	133	112
2094119	10090.ENSMUSP00000012028	25.8	2
2096797	10090.ENSMUSP00000027123	3961	1061
2106601	10090.ENSMUSP00000077440	1028	51
2093707	10090.ENSMUSP00000005548	22.5	5
2110741	10090.ENSMUSP00000101431	5.26	2
2095413	10090.ENSMUSP00000022163	1553	144
2093597	10090.ENSMUSP00000004375	674	109
2107016	10090.ENSMUSP00000079667	5.47	2
2110492	10090.ENSMUSP00000100067	668	133
2107167	10090.ENSMUSP00000080531	37.9	7
2102183	10090.ENSMUSP00000050292	989	90
2095211	10090.ENSMUSP00000021539	2.36	1
2106299	10090.ENSMUSP00000075655	5.98	2
2095920	10090.ENSMUSP00000023714	15.4	16
2107263	10090.ENSMUSP00000081010	5.34	1
2115502	10090.ENSMUSP00000137416	1167	91
2100498	10090.ENSMUSP00000041149	20026	1002
2108163	10090.ENSMUSP00000088493	11.5	13
2105308	10090.ENSMUSP00000070209	14.1	3
2098648	10090.ENSMUSP00000033008	62.3	12
2098739	10090.ENSMUSP00000033310	3.14	5
2093689	10090.ENSMUSP00000005336	81.9	8
2106895	10090.ENSMUSP00000078901	58.3	25
2098636	10090.ENSMUSP00000032974	2.5	2
2094574	10090.ENSMUSP00000018875	54.1	25
2113610	10090.ENSMUSP00000128331	27.4	10
2096372	10090.ENSMUSP00000025684	2.57	2
2109043	10090.ENSMUSP00000094515	3.13	1
2106191	10090.ENSMUSP00000075067	4625	960
2104707	10090.ENSMUSP00000065770	9.3	7
2095165	10090.ENSMUSP00000021381	3.96	1
2114586	10090.ENSMUSP00000135215	3132	340
2111078	10090.ENSMUSP00000103940	6056	254
2111370	10090.ENSMUSP00000105776	4.57	6
2110260	10090.ENSMUSP00000099587	302	167
2112171	10090.ENSMUSP00000111560	3.98	6
2102282	10090.ENSMUSP00000050838	102	67
2093241	10090.ENSMUSP00000001485	5.41	1
2099173	10090.ENSMUSP00000034567	45.2	11
2111254	10090.ENSMUSP00000105028	126	71
2109545	10090.ENSMUSP00000096784	965	233
2111118	10090.ENSMUSP00000104164	6.55	1
2104217	10090.ENSMUSP00000062429	1.14	1
2108929	10090.ENSMUSP00000093749	122	23
2112537	10090.ENSMUSP00000115044	1196	39
2105545	10090.ENSMUSP00000071654	415	27
2093903	10090.ENSMUSP00000007275	0.315	1
2098954	10090.ENSMUSP00000034000	232	37
2095068	10090.ENSMUSP00000021083	243	24
2105842	10090.ENSMUSP00000073161	47.7	8
2098243	10090.ENSMUSP00000031598	5.89	2
2112895	10090.ENSMUSP00000121851	179	29
2097079	10090.ENSMUSP00000028016	8.39	52
2093665	10090.ENSMUSP00000005041	1040	116
2112975	10090.ENSMUSP00000123590	24.8	14
2107594	10090.ENSMUSP00000083722	5065	165
2094559	10090.ENSMUSP00000018744	97.8	31
2104570	10090.ENSMUSP00000064755	129	39
2111232	10090.ENSMUSP00000104883	45.3	7
2111511	10090.ENSMUSP00000106859	785	131
2106826	10090.ENSMUSP00000078589	330	57
2107107	10090.ENSMUSP00000080214	2.45	2
2096149	10090.ENSMUSP00000024972	15.9	3
2093466	10090.ENSMUSP00000003156	25.7	1
2095126	10090.ENSMUSP00000021282	108	62
2100700	10090.ENSMUSP00000042181	17.4	1
2093449	10090.ENSMUSP00000003038	3.11	4
2108085	10090.ENSMUSP00000087974	127	22
2100736	10090.ENSMUSP00000042351	13.1	6
2094820	10090.ENSMUSP00000020286	133	28
2093452	10090.ENSMUSP00000003061	8.83	4
2099694	10090.ENSMUSP00000036898	5.09	1
2100094	10090.ENSMUSP00000038931	158	21
2097310	10090.ENSMUSP00000028817	50.3	33
2100849	10090.ENSMUSP00000043111	51.9	3
2107312	10090.ENSMUSP00000081474	7917	580
2109523	10090.ENSMUSP00000096701	31.0	28
2094388	10090.ENSMUSP00000016703	7442	278
2114326	10090.ENSMUSP00000132590	438	254
2105973	10090.ENSMUSP00000073880	1258	190
2093645	10090.ENSMUSP00000004910	17.0	4
2098036	10090.ENSMUSP00000030986	64.2	15
2095081	10090.ENSMUSP00000021133	17.7	8
2105550	10090.ENSMUSP00000071686	1270	366
2114920	10090.ENSMUSP00000136398	88.0	48
2109769	10090.ENSMUSP00000097444	67.3	33
2110216	10090.ENSMUSP00000099487	334	120
2109500	10090.ENSMUSP00000096592	454	37
2097045	10090.ENSMUSP00000027921	2.21	1
2114821	10090.ENSMUSP00000136222	1.4	5
2107686	10090.ENSMUSP00000084541	69.7	6
2108328	10090.ENSMUSP00000090059	522	33
2110633	10090.ENSMUSP00000100795	209	28
2110544	10090.ENSMUSP00000100581	7466	11743
2106452	10090.ENSMUSP00000076538	4.32	2
2110523	10090.ENSMUSP00000100531	276	16
2098632	10090.ENSMUSP00000032963	28.3	5
2112759	10090.ENSMUSP00000119356	2.74	2
2097205	10090.ENSMUSP00000028398	0.59	1
2093093	10090.ENSMUSP00000000317	40.2	24
2098051	10090.ENSMUSP00000031037	2.46	2
2093134	10090.ENSMUSP00000000642	14.3	6
2112879	10090.ENSMUSP00000121358	13.4	7
2102400	10090.ENSMUSP00000051569	37.4	8
2114598	10090.ENSMUSP00000135427	2125	1228
2115003	10090.ENSMUSP00000136544	726	293
2094512	10090.ENSMUSP00000018449	20.9	30
2109944	10090.ENSMUSP00000098098	3.01	2
2109287	10090.ENSMUSP00000095803	29.1	2
2103820	10090.ENSMUSP00000059801	3.49	6
2104150	10090.ENSMUSP00000062030	5289	216
2105443	10090.ENSMUSP00000071054	49.5	17
2107800	10090.ENSMUSP00000085580	865	980
2093586	10090.ENSMUSP00000004206	82.0	11
2114616	10090.ENSMUSP00000135720	5.47	10
2100568	10090.ENSMUSP00000041538	3.35	1
2102115	10090.ENSMUSP00000049881	51.5	28
2093244	10090.ENSMUSP00000001513	925	480
2111010	10090.ENSMUSP00000103546	87.5	31
2093927	10090.ENSMUSP00000007814	150	44
2105775	10090.ENSMUSP00000072775	37.2	45
2102627	10090.ENSMUSP00000052872	281	349
2096567	10090.ENSMUSP00000026284	0.388	1
2113710	10090.ENSMUSP00000128889	9.75	4
2106637	10090.ENSMUSP00000077612	729	73
2093151	10090.ENSMUSP00000000804	635	332
2107256	10090.ENSMUSP00000081000	254	36
2110294	10090.ENSMUSP00000099657	0.848	1
2100155	10090.ENSMUSP00000039269	2423	703
2113863	10090.ENSMUSP00000129695	11248	993
2099395	10090.ENSMUSP00000035230	9.31	1
2095837	10090.ENSMUSP00000023462	214	38
2106354	10090.ENSMUSP00000075987	854	145
2108295	10090.ENSMUSP00000089680	55.8	72
2096452	10090.ENSMUSP00000025906	3.57	3
2106890	10090.ENSMUSP00000078877	502	40
2095539	10090.ENSMUSP00000022573	49.4	10
2095645	10090.ENSMUSP00000022842	1029	262
2097251	10090.ENSMUSP00000028619	14.9	4
2101092	10090.ENSMUSP00000044420	253	23
2108664	10090.ENSMUSP00000092345	387	341
2114204	10090.ENSMUSP00000131802	1010	136
2099000	10090.ENSMUSP00000034131	70.8	30
2110722	10090.ENSMUSP00000101367	6.98	10
2102632	10090.ENSMUSP00000052912	283	59
2097965	10090.ENSMUSP00000030795	33.5	9
2103900	10090.ENSMUSP00000060346	5.71	1
2093898	10090.ENSMUSP00000007255	9.37	2
2112516	10090.ENSMUSP00000114705	153	8
2105310	10090.ENSMUSP00000070229	132	35
2105082	10090.ENSMUSP00000068594	3.11	2
2098524	10090.ENSMUSP00000032555	72.6	10
2095908	10090.ENSMUSP00000023684	648	396
2096836	10090.ENSMUSP00000027252	33.2	27
2111839	10090.ENSMUSP00000109288	1.2	1
2101864	10090.ENSMUSP00000048470	300	75
2107637	10090.ENSMUSP00000084114	93.6	26
2108925	10090.ENSMUSP00000093719	69.0	10
2112028	10090.ENSMUSP00000110610	68.7	90
2110380	10090.ENSMUSP00000099843	2671	62
2101850	10090.ENSMUSP00000048425	1364	102
2111771	10090.ENSMUSP00000108837	216	9
2112331	10090.ENSMUSP00000113070	9.64	14
2093568	10090.ENSMUSP00000004072	3327	219
2094340	10090.ENSMUSP00000016105	239	44
2093805	10090.ENSMUSP00000006435	223	93
2113099	10090.ENSMUSP00000125003	23.7	9
2104538	10090.ENSMUSP00000064545	25.6	4
2110514	10090.ENSMUSP00000100503	5.87	12
2104735	10090.ENSMUSP00000065987	10.3	5
2114309	10090.ENSMUSP00000132472	3736	699
2114303	10090.ENSMUSP00000132450	150	37
2095223	10090.ENSMUSP00000021574	78.2	24
2112019	10090.ENSMUSP00000110547	220	36
2098002	10090.ENSMUSP00000030894	204	66
2112826	10090.ENSMUSP00000120528	3091	140
2102415	10090.ENSMUSP00000051657	6.76	2
2095755	10090.ENSMUSP00000023179	3.8	1
2107704	10090.ENSMUSP00000084791	112	17
2100075	10090.ENSMUSP00000038839	37.4	13
2094962	10090.ENSMUSP00000020741	30.6	7
2105065	10090.ENSMUSP00000068479	13.8	1
2099236	10090.ENSMUSP00000034756	166	16
2109034	10090.ENSMUSP00000094334	439	218
2111406	10090.ENSMUSP00000106017	41.5	8
2098673	10090.ENSMUSP00000033081	4.75	2
2099574	10090.ENSMUSP00000036178	5.23	3
2108243	10090.ENSMUSP00000089301	2125	1228
2112644	10090.ENSMUSP00000117045	195	18
2113539	10090.ENSMUSP00000127885	49.8	51
2101808	10090.ENSMUSP00000048218	348	626
2102636	10090.ENSMUSP00000052942	19.8	5
2103885	10090.ENSMUSP00000060246	2416	2251
2095765	10090.ENSMUSP00000023219	23.3	31
2100663	10090.ENSMUSP00000041968	446	43
2094836	10090.ENSMUSP00000020339	9.71	4
2109937	10090.ENSMUSP00000098066	367	644
2096954	10090.ENSMUSP00000027602	75.7	29
2113054	10090.ENSMUSP00000124523	159	22
2093811	10090.ENSMUSP00000006496	4824	253
2095136	10090.ENSMUSP00000021306	24.1	14
2097411	10090.ENSMUSP00000029082	112	25
2094062	10090.ENSMUSP00000010278	176	30
2113480	10090.ENSMUSP00000127526	14.8	2
2099782	10090.ENSMUSP00000037304	188	41
2093283	10090.ENSMUSP00000001757	338	20
2103853	10090.ENSMUSP00000060054	94.9	92
2113071	10090.ENSMUSP00000124710	1.07	2
2113401	10090.ENSMUSP00000127034	1031	370
2101535	10090.ENSMUSP00000046837	312	35
2102447	10090.ENSMUSP00000051888	111	33
2094336	10090.ENSMUSP00000016081	221	32
2097776	10090.ENSMUSP00000030187	34.5	29
2099101	10090.ENSMUSP00000034392	5.49	1
2098990	10090.ENSMUSP00000034090	146	31
2093678	10090.ENSMUSP00000005185	419	11
2110941	10090.ENSMUSP00000103007	44.2	9
2098951	10090.ENSMUSP00000033992	8.52	3
2098970	10090.ENSMUSP00000034045	28.5	7
2108463	10090.ENSMUSP00000091192	5.37	1
2109675	10090.ENSMUSP00000097294	2125	1228
2109248	10090.ENSMUSP00000095752	3.32	1
2094510	10090.ENSMUSP00000018431	56.2	10
2097323	10090.ENSMUSP00000028852	29.6	9
2114672	10090.ENSMUSP00000135967	28.0	39
2106302	10090.ENSMUSP00000075672	1.56	1
2110843	10090.ENSMUSP00000102198	2128	146
2093313	10090.ENSMUSP00000001989	449	256
2109189	10090.ENSMUSP00000095507	3.0	17
2099517	10090.ENSMUSP00000035884	6.28	1
2097940	10090.ENSMUSP00000030726	7.54	2
2096242	10090.ENSMUSP00000025271	223	20
2110614	10090.ENSMUSP00000100738	2125	1228
2097730	10090.ENSMUSP00000030039	0.684	1
2108594	10090.ENSMUSP00000091940	6.04	3
2094442	10090.ENSMUSP00000017629	23.8	53
2106196	10090.ENSMUSP00000075089	41.2	21
2098067	10090.ENSMUSP00000031090	0.763	1
2093528	10090.ENSMUSP00000003643	187	81
2099558	10090.ENSMUSP00000036093	86.0	22
2094888	10090.ENSMUSP00000020504	2653	136
2106429	10090.ENSMUSP00000076397	2006	1138
2113241	10090.ENSMUSP00000126159	305	257
2102873	10090.ENSMUSP00000054307	4.11	1
2095845	10090.ENSMUSP00000023486	12.5	5
2099437	10090.ENSMUSP00000035417	21.7	25
2109161	10090.ENSMUSP00000095316	23.1	5
2107819	10090.ENSMUSP00000085734	0.851	1
2093118	10090.ENSMUSP00000000505	247	96
2105699	10090.ENSMUSP00000072387	116	17
2109332	10090.ENSMUSP00000095927	1683	489
2105514	10090.ENSMUSP00000071486	367	644
2093239	10090.ENSMUSP00000001480	145	54
2112852	10090.ENSMUSP00000120976	577	125
2095179	10090.ENSMUSP00000021425	562	81
2093640	10090.ENSMUSP00000004784	35.0	13
2097431	10090.ENSMUSP00000029142	180	17
2095379	10090.ENSMUSP00000022062	5.66	2
2108057	10090.ENSMUSP00000087756	32.7	90
2095148	10090.ENSMUSP00000021335	5.99	3
2095044	10090.ENSMUSP00000021018	3.8	1
2110804	10090.ENSMUSP00000101898	105	17
2097643	10090.ENSMUSP00000029773	93.9	26
2094434	10090.ENSMUSP00000017572	359	75
2106938	10090.ENSMUSP00000079180	3381	110
2094198	10090.ENSMUSP00000014421	1.04	2
2101090	10090.ENSMUSP00000044417	41.3	4
2111368	10090.ENSMUSP00000105774	4.72	6
2099695	10090.ENSMUSP00000036907	2378	2219
2105453	10090.ENSMUSP00000071135	2303	2255
2097490	10090.ENSMUSP00000029382	586	135
2113156	10090.ENSMUSP00000125504	62.4	4
2095391	10090.ENSMUSP00000022099	90.0	14
2105569	10090.ENSMUSP00000071763	496	75
2093556	10090.ENSMUSP00000003946	6.19	2
2094918	10090.ENSMUSP00000020578	268	32
2107094	10090.ENSMUSP00000080117	3.33	2
2105039	10090.ENSMUSP00000068267	18.7	6
2095951	10090.ENSMUSP00000023803	789	197
2096234	10090.ENSMUSP00000025253	9.0	52
2110472	10090.ENSMUSP00000100034	7296	11715
2111369	10090.ENSMUSP00000105775	4.57	6
2115399	10090.ENSMUSP00000137244	128	37
2095337	10090.ENSMUSP00000021930	550	54
2093880	10090.ENSMUSP00000007012	69.5	12
2099977	10090.ENSMUSP00000038368	12.2	11
2103568	10090.ENSMUSP00000058368	1641	110
2110946	10090.ENSMUSP00000103034	0.324	1
2110798	10090.ENSMUSP00000101858	471	28
2096475	10090.ENSMUSP00000025965	11.8	5
2099843	10090.ENSMUSP00000037613	245	36
2096328	10090.ENSMUSP00000025546	204	54
2107232	10090.ENSMUSP00000080854	1171	92
2098216	10090.ENSMUSP00000031524	6.26	1
2105967	10090.ENSMUSP00000073864	1153	283
2115113	10090.ENSMUSP00000136733	401	350
2112218	10090.ENSMUSP00000112259	3771	305
2095055	10090.ENSMUSP00000021049	36.4	10
2104528	10090.ENSMUSP00000064515	23.0	8
2104027	10090.ENSMUSP00000061278	2.61	1
2112874	10090.ENSMUSP00000121309	182	37
2108130	10090.ENSMUSP00000088281	7296	11715
2093985	10090.ENSMUSP00000009036	125	38
2113599	10090.ENSMUSP00000128278	7.27	9
2095466	10090.ENSMUSP00000022322	221	77
2107802	10090.ENSMUSP00000085591	104	9
2094158	10090.ENSMUSP00000013559	1358	297
2096803	10090.ENSMUSP00000027139	3.66	2
2094136	10090.ENSMUSP00000012587	19.9	12
2114409	10090.ENSMUSP00000133092	81.4	94
2094527	10090.ENSMUSP00000018568	194	22
2093893	10090.ENSMUSP00000007248	539	826
2107621	10090.ENSMUSP00000083973	395	141
2095226	10090.ENSMUSP00000021595	18.6	5
2105717	10090.ENSMUSP00000072483	348	34
2109296	10090.ENSMUSP00000095816	45.8	13
2115370	10090.ENSMUSP00000137195	30.9	45
2113065	10090.ENSMUSP00000124625	244	72
2112496	10090.ENSMUSP00000114381	8.79	3
2113058	10090.ENSMUSP00000124551	28.6	10
2105520	10090.ENSMUSP00000071496	135	143
2103662	10090.ENSMUSP00000058919	856	20
2113381	10090.ENSMUSP00000126949	216	228
2094931	10090.ENSMUSP00000020640	4820	591
2108969	10090.ENSMUSP00000093965	4.54	3
2115100	10090.ENSMUSP00000136709	6.66	6
2111436	10090.ENSMUSP00000106189	1043	59
2097011	10090.ENSMUSP00000027810	62.0	21
2107379	10090.ENSMUSP00000081867	0.285	1
2094662	10090.ENSMUSP00000019576	398	159
2106043	10090.ENSMUSP00000074340	0.225	1
2096626	10090.ENSMUSP00000026479	22.6	5
2115264	10090.ENSMUSP00000137011	30.9	45
2100112	10090.ENSMUSP00000039018	1.05	2
2095823	10090.ENSMUSP00000023432	13.2	2
2112389	10090.ENSMUSP00000113431	532	129
2115769	10090.ENSMUSP00000138081	588	365
2106814	10090.ENSMUSP00000078539	13.4	2
2100750	10090.ENSMUSP00000042457	21638	2945
2102195	10090.ENSMUSP00000050374	228	78
2113696	10090.ENSMUSP00000128819	9.68	8
2111166	10090.ENSMUSP00000104485	1659	64
2114153	10090.ENSMUSP00000131471	20.1	6
2107949	10090.ENSMUSP00000086795	217	18
2098086	10090.ENSMUSP00000031131	142	14
2097559	10090.ENSMUSP00000029564	12.6	2
2093259	10090.ENSMUSP00000001595	3.17	2
2111263	10090.ENSMUSP00000105094	3.3	1
2115369	10090.ENSMUSP00000137194	102	44
2115453	10090.ENSMUSP00000137341	105	16
2093091	10090.ENSMUSP00000000312	58.2	22
2097514	10090.ENSMUSP00000029446	3.36	2
2099594	10090.ENSMUSP00000036288	816	294
2100694	10090.ENSMUSP00000042155	18.1	10
2111579	10090.ENSMUSP00000107477	0.121	1
2106041	10090.ENSMUSP00000074310	7296	11715
2101587	10090.ENSMUSP00000047123	83.6	29
2107071	10090.ENSMUSP00000079967	164	155
2105578	10090.ENSMUSP00000071788	87.2	34
2106923	10090.ENSMUSP00000079070	154	155
2113840	10090.ENSMUSP00000129565	151	21
2100330	10090.ENSMUSP00000040222	250	73
2093413	10090.ENSMUSP00000002790	219	136
2107851	10090.ENSMUSP00000085993	16.3	14
2113879	10090.ENSMUSP00000129789	31.4	5
2108347	10090.ENSMUSP00000090245	17.3	2
2106651	10090.ENSMUSP00000077687	440	197
2108273	10090.ENSMUSP00000089462	1.47	3
2099120	10090.ENSMUSP00000034432	16.9	2
2108833	10090.ENSMUSP00000093166	4.57	6
2101357	10090.ENSMUSP00000045816	1128	153
2108133	10090.ENSMUSP00000088288	7466	11743
2094764	10090.ENSMUSP00000020099	64.5	11
2096920	10090.ENSMUSP00000027494	36.5	15
2105166	10090.ENSMUSP00000069230	12.6	1
2113228	10090.ENSMUSP00000126089	111	20
2098443	10090.ENSMUSP00000032309	57.8	19
2095296	10090.ENSMUSP00000021803	5.14	5
2101679	10090.ENSMUSP00000047571	982	342
2111878	10090.ENSMUSP00000109633	1.2	3
2106759	10090.ENSMUSP00000078239	2125	1228
2115497	10090.ENSMUSP00000137406	529	182
2111313	10090.ENSMUSP00000105359	2378	2219
2101796	10090.ENSMUSP00000048153	21.9	12
2104869	10090.ENSMUSP00000066886	23.8	11
2107032	10090.ENSMUSP00000079727	3461	1691
2113581	10090.ENSMUSP00000128163	31.3	45
2101362	10090.ENSMUSP00000045841	150	130
2104338	10090.ENSMUSP00000063096	62.1	21
2113039	10090.ENSMUSP00000124376	1.45	3
2108263	10090.ENSMUSP00000089348	2880	245
2103923	10090.ENSMUSP00000060523	17.7	1
2099436	10090.ENSMUSP00000035415	14.0	3
2098392	10090.ENSMUSP00000032157	5.99	1
2110413	10090.ENSMUSP00000099907	164	60
2098706	10090.ENSMUSP00000033176	54.2	9
2112434	10090.ENSMUSP00000113761	80.5	4
2107241	10090.ENSMUSP00000080949	33.0	27
2110445	10090.ENSMUSP00000099979	11.0	9
2101370	10090.ENSMUSP00000045901	44.2	14
2105687	10090.ENSMUSP00000072320	6630	236
2095629	10090.ENSMUSP00000022793	42.2	23
2096125	10090.ENSMUSP00000024897	289	49
2109286	10090.ENSMUSP00000095802	21.3	2
2098421	10090.ENSMUSP00000032237	79.1	31
2106458	10090.ENSMUSP00000076575	54.1	12
2095732	10090.ENSMUSP00000023116	46.0	17
2097250	10090.ENSMUSP00000028617	87.9	17
2104086	10090.ENSMUSP00000061636	21.8	3
2104929	10090.ENSMUSP00000067353	144	15
2093290	10090.ENSMUSP00000001809	557	390
2098559	10090.ENSMUSP00000032735	11.7	3
2095073	10090.ENSMUSP00000021091	28.8	12
2095978	10090.ENSMUSP00000023873	92.9	44
2095653	10090.ENSMUSP00000022865	46.5	6
2098565	10090.ENSMUSP00000032754	2.81	1
2107217	10090.ENSMUSP00000080767	42.0	6
2113584	10090.ENSMUSP00000128187	340	302
2096544	10090.ENSMUSP00000026218	14.7	6
2106095	10090.ENSMUSP00000074578	4.41	1
2093338	10090.ENSMUSP00000002121	1.76	2
2107937	10090.ENSMUSP00000086716	6.13	18
2103741	10090.ENSMUSP00000059395	165	71
2094653	10090.ENSMUSP00000019470	483	53
2114610	10090.ENSMUSP00000135639	30.6	15
2110196	10090.ENSMUSP00000099436	232	41
2111211	10090.ENSMUSP00000104731	975	114
2097839	10090.ENSMUSP00000030398	163	26
2100186	10090.ENSMUSP00000039422	0.752	1
2094513	10090.ENSMUSP00000018466	244	27
2115585	10090.ENSMUSP00000137563	6.66	6
2109556	10090.ENSMUSP00000096829	120	32
2110529	10090.ENSMUSP00000100538	163	18
2114795	10090.ENSMUSP00000136171	3.2	1
2111640	10090.ENSMUSP00000107927	28.2	21
2093106	10090.ENSMUSP00000000394	1.46	1
2105431	10090.ENSMUSP00000070983	251	15
2099318	10090.ENSMUSP00000034983	76.2	12
2110647	10090.ENSMUSP00000100863	128	37
2093921	10090.ENSMUSP00000007747	2.72	1
2108446	10090.ENSMUSP00000091041	1.21	2
2111868	10090.ENSMUSP00000109574	12.3	14
2093738	10090.ENSMUSP00000005824	10.7	1
2108461	10090.ENSMUSP00000091180	79.2	39
2095630	10090.ENSMUSP00000022803	65.5	9
2094579	10090.ENSMUSP00000018909	9.7	4
2106451	10090.ENSMUSP00000076533	19.3	10
2108825	10090.ENSMUSP00000093124	102	94
2095764	10090.ENSMUSP00000023217	7.33	5
2112594	10090.ENSMUSP00000116108	533	230
2106103	10090.ENSMUSP00000074606	7.21	11
2098389	10090.ENSMUSP00000032143	25.4	13
2108302	10090.ENSMUSP00000089728	26.1	9
2101433	10090.ENSMUSP00000046256	127	22
2106975	10090.ENSMUSP00000079379	277	83
2104779	10090.ENSMUSP00000066359	3.31	1
2097009	10090.ENSMUSP00000027802	30.3	14
2097124	10090.ENSMUSP00000028167	32.0	11
2094774	10090.ENSMUSP00000020123	116	25
2096684	10090.ENSMUSP00000026661	10.2	1
2113503	10090.ENSMUSP00000127684	7296	11715
2110942	10090.ENSMUSP00000103012	107	68
2094782	10090.ENSMUSP00000020169	1.81	1
2107687	10090.ENSMUSP00000084572	192	79
2096655	10090.ENSMUSP00000026560	12.5	4
2110474	10090.ENSMUSP00000100037	4355	2022
2096331	10090.ENSMUSP00000025561	585	55
2110210	10090.ENSMUSP00000099475	328	288
2114287	10090.ENSMUSP00000132343	84.2	15
2097158	10090.ENSMUSP00000028278	58.9	7
2106448	10090.ENSMUSP00000076521	16.1	9
2099634	10090.ENSMUSP00000036555	30.3	20
2093889	10090.ENSMUSP00000007212	51.8	62
2094319	10090.ENSMUSP00000015877	74.0	19
2107300	10090.ENSMUSP00000081334	27.1	1
2093282	10090.ENSMUSP00000001724	429	115
2100222	10090.ENSMUSP00000039621	159	23
2107732	10090.ENSMUSP00000085006	4355	2022
2097873	10090.ENSMUSP00000030501	121	9
2113632	10090.ENSMUSP00000128443	1468	225
2097139	10090.ENSMUSP00000028222	1274	895
2099099	10090.ENSMUSP00000034388	9.61	6
2101624	10090.ENSMUSP00000047326	82.4	33
2099180	10090.ENSMUSP00000034590	80.6	9
2106054	10090.ENSMUSP00000074392	89.3	83
2098881	10090.ENSMUSP00000033776	674	153
2098302	10090.ENSMUSP00000031766	489	151
2098700	10090.ENSMUSP00000033160	68.8	17
2094855	10090.ENSMUSP00000020397	616	41
2110615	10090.ENSMUSP00000100739	3132	340
2093687	10090.ENSMUSP00000005292	1681	184
2110182	10090.ENSMUSP00000099409	9.87	2
2100821	10090.ENSMUSP00000042967	7.98	1
2113948	10090.ENSMUSP00000130195	186	12
2110532	10090.ENSMUSP00000100546	4355	2022
2097848	10090.ENSMUSP00000030420	0.482	2
2095679	10090.ENSMUSP00000022960	47.7	18
2108189	10090.ENSMUSP00000088736	170	71
2096702	10090.ENSMUSP00000026723	127	18
2098534	10090.ENSMUSP00000032597	2154	87
2093295	10090.ENSMUSP00000001834	78.5	15
2110423	10090.ENSMUSP00000099938	1185	88
2097760	10090.ENSMUSP00000030140	32.4	19
2106465	10090.ENSMUSP00000076607	773	68
2106650	10090.ENSMUSP00000077685	6.32	1
2100911	10090.ENSMUSP00000043488	1.85	1
2100065	10090.ENSMUSP00000038781	555	17
2097409	10090.ENSMUSP00000029078	70.8	17
2102909	10090.ENSMUSP00000054490	2238	103
2110863	10090.ENSMUSP00000102381	95.5	20
2112132	10090.ENSMUSP00000111269	46.6	35
2101165	10090.ENSMUSP00000044831	10.6	3
2094487	10090.ENSMUSP00000018186	443	60
2111420	10090.ENSMUSP00000106082	2125	1228
2094531	10090.ENSMUSP00000018577	24.3	8
2094409	10090.ENSMUSP00000017270	22.1	37
2115439	10090.ENSMUSP00000137310	744	566
2114244	10090.ENSMUSP00000132065	159	22
2093555	10090.ENSMUSP00000003912	132	40
2105452	10090.ENSMUSP00000071134	792	514
2097142	10090.ENSMUSP00000028225	71.0	21
2094865	10090.ENSMUSP00000020440	593	29
2099126	10090.ENSMUSP00000034453	344	622
2109460	10090.ENSMUSP00000096442	3132	340
2097735	10090.ENSMUSP00000030051	1340	98
2105661	10090.ENSMUSP00000072197	93.7	31
2095520	10090.ENSMUSP00000022522	918	273
2112744	10090.ENSMUSP00000119065	32.5	7
2099577	10090.ENSMUSP00000036206	723	43
2105405	10090.ENSMUSP00000070821	67.4	13
2112037	10090.ENSMUSP00000110673	10.8	3
2098995	10090.ENSMUSP00000034097	512	146
2108261	10090.ENSMUSP00000089345	7296	11715
2097096	10090.ENSMUSP00000028083	21.0	4
2105117	10090.ENSMUSP00000068895	2.07	1
2114050	10090.ENSMUSP00000130858	572	128
2111423	10090.ENSMUSP00000106099	2007	1228
2093444	10090.ENSMUSP00000002989	4.37	1
2105428	10090.ENSMUSP00000070946	178	51
2093145	10090.ENSMUSP00000000756	1180	67
2096538	10090.ENSMUSP00000026196	221	48
2108357	10090.ENSMUSP00000090305	1797	104
2098643	10090.ENSMUSP00000032998	2932	347
2106570	10090.ENSMUSP00000077290	2125	1228
2098234	10090.ENSMUSP00000031565	121	46
2099306	10090.ENSMUSP00000034947	418	64
2110748	10090.ENSMUSP00000101480	1.71	1
2094979	10090.ENSMUSP00000020820	33.2	4
2094514	10090.ENSMUSP00000018470	178	80
2097274	10090.ENSMUSP00000028683	395	118
2093917	10090.ENSMUSP00000007708	250	88
2113965	10090.ENSMUSP00000130323	1698	88
2097056	10090.ENSMUSP00000027961	76.3	28
2101838	10090.ENSMUSP00000048348	73.8	16
2096981	10090.ENSMUSP00000027700	8.75	3
2105618	10090.ENSMUSP00000071976	80.9	7
2101050	10090.ENSMUSP00000044188	200	16
2109633	10090.ENSMUSP00000097154	3.18	1
2102032	10090.ENSMUSP00000049407	235	38
2110202	10090.ENSMUSP00000099461	189	17
2110770	10090.ENSMUSP00000101651	226	80
2093932	10090.ENSMUSP00000007959	279	40
2093518	10090.ENSMUSP00000003575	101	9
2107089	10090.ENSMUSP00000080088	7296	11715
2103304	10090.ENSMUSP00000056785	52.5	6
2112538	10090.ENSMUSP00000115062	1.18	2
2108262	10090.ENSMUSP00000089346	3132	340
2108282	10090.ENSMUSP00000089519	172	37
2096815	10090.ENSMUSP00000027174	203	65
2114053	10090.ENSMUSP00000130867	521	50
2110263	10090.ENSMUSP00000099595	624	193
2113788	10090.ENSMUSP00000129325	125	47
2098465	10090.ENSMUSP00000032372	591	55
2098847	10090.ENSMUSP00000033683	2031	275
2093624	10090.ENSMUSP00000004646	421	80
2108397	10090.ENSMUSP00000090633	0.853	3
2115211	10090.ENSMUSP00000136906	4.57	6
2105365	10090.ENSMUSP00000070557	11.7	1
2100781	10090.ENSMUSP00000042691	513	218
2114110	10090.ENSMUSP00000131206	105	17
2110551	10090.ENSMUSP00000100598	102	94
2095991	10090.ENSMUSP00000023952	673	175
2104592	10090.ENSMUSP00000064892	9.31	52
2105038	10090.ENSMUSP00000068260	402	95
2105847	10090.ENSMUSP00000073175	1525	88
2100769	10090.ENSMUSP00000042590	121	25
2107345	10090.ENSMUSP00000081663	624	193
2099162	10090.ENSMUSP00000034541	13.3	2
2100717	10090.ENSMUSP00000042260	3.97	3
2106042	10090.ENSMUSP00000074317	15.2	24
2110786	10090.ENSMUSP00000101727	22.9	7
2113926	10090.ENSMUSP00000130045	8.38	2
2099400	10090.ENSMUSP00000035244	1.29	1
2115023	10090.ENSMUSP00000136581	12.7	2
2097238	10090.ENSMUSP00000028592	464	108
2096451	10090.ENSMUSP00000025904	81.5	9
2094511	10090.ENSMUSP00000018437	5272	463
2113051	10090.ENSMUSP00000124509	7442	278
2095803	10090.ENSMUSP00000023353	138	60
2108733	10090.ENSMUSP00000092658	205	21
2107591	10090.ENSMUSP00000083705	4162	699
2100132	10090.ENSMUSP00000039109	313	176
2098184	10090.ENSMUSP00000031402	415	152
2113909	10090.ENSMUSP00000129930	4355	2022
2095266	10090.ENSMUSP00000021698	3710	1829
2094588	10090.ENSMUSP00000018992	268	75
2093821	10090.ENSMUSP00000006611	6.19	1
2094555	10090.ENSMUSP00000018727	269	66
2110613	10090.ENSMUSP00000100737	3132	340
2114251	10090.ENSMUSP00000132102	17.7	1
2113264	10090.ENSMUSP00000126284	8.56	2
2113838	10090.ENSMUSP00000129559	239	155
2101945	10090.ENSMUSP00000048877	3.41	3
2110469	10090.ENSMUSP00000100030	4355	2022
2102434	10090.ENSMUSP00000051830	2.14	4
2102051	10090.ENSMUSP00000049528	157	40
2106609	10090.ENSMUSP00000077477	7296	11715
2102025	10090.ENSMUSP00000049355	151	88
2101356	10090.ENSMUSP00000045812	5.57	3
2114438	10090.ENSMUSP00000133276	8.03	3
2109875	10090.ENSMUSP00000097738	138	16
2108131	10090.ENSMUSP00000088285	7296	11715
2096700	10090.ENSMUSP00000026704	954	299
2110468	10090.ENSMUSP00000100029	4355	2022
2093740	10090.ENSMUSP00000005826	538	43
2110740	10090.ENSMUSP00000101412	4.86	4
2108054	10090.ENSMUSP00000087736	348	626
2106900	10090.ENSMUSP00000078940	604	154
2098973	10090.ENSMUSP00000034049	700	235
2095671	10090.ENSMUSP00000022925	353	93
2108082	10090.ENSMUSP00000087960	8.9	24
2093702	10090.ENSMUSP00000005503	66.4	60
2107458	10090.ENSMUSP00000082652	293	47
2093634	10090.ENSMUSP00000004729	14.4	2
2104697	10090.ENSMUSP00000065716	5.06	2
2104003	10090.ENSMUSP00000061092	69.5	14
2100205	10090.ENSMUSP00000039518	31.8	10
2109495	10090.ENSMUSP00000096549	449	66
2115391	10090.ENSMUSP00000137236	125	38
2109109	10090.ENSMUSP00000095081	662	64
2108292	10090.ENSMUSP00000089637	116	38
2113686	10090.ENSMUSP00000128759	24.8	5
2093426	10090.ENSMUSP00000002850	0.884	3
2111307	10090.ENSMUSP00000105321	75.1	35
2095473	10090.ENSMUSP00000022341	50.7	6
2093255	10090.ENSMUSP00000001566	3453	2525
2107972	10090.ENSMUSP00000087012	37.9	11
2108605	10090.ENSMUSP00000092002	82.4	25
2096774	10090.ENSMUSP00000027036	350	52
2101069	10090.ENSMUSP00000044288	5.25	3
2093234	10090.ENSMUSP00000001452	1346	304
2099228	10090.ENSMUSP00000034740	173	70
2095840	10090.ENSMUSP00000023467	1.57	1
2094996	10090.ENSMUSP00000020886	9.03	2
2105301	10090.ENSMUSP00000070140	16.2	2
2093667	10090.ENSMUSP00000005057	41.3	14
2111469	10090.ENSMUSP00000106401	1.29	3
2099261	10090.ENSMUSP00000034834	6531	1565
2094420	10090.ENSMUSP00000017430	232	32
2098932	10090.ENSMUSP00000033934	17.6	2
2109057	10090.ENSMUSP00000094778	953	1034
2107114	10090.ENSMUSP00000080242	105	31
2113207	10090.ENSMUSP00000125922	148	34
2094930	10090.ENSMUSP00000020637	269	78
2098748	10090.ENSMUSP00000033342	580	121
2106437	10090.ENSMUSP00000076447	585	43
2094832	10090.ENSMUSP00000020317	40.5	5
2102920	10090.ENSMUSP00000054556	904	510
2107692	10090.ENSMUSP00000084586	82.2	157
2106840	10090.ENSMUSP00000078654	488	49
2094886	10090.ENSMUSP00000020501	223	26
2114495	10090.ENSMUSP00000133933	68.1	29
2093436	10090.ENSMUSP00000002911	9.76	18
2093663	10090.ENSMUSP00000005017	21.9	19
2097019	10090.ENSMUSP00000027839	22.6	2
2105355	10090.ENSMUSP00000070503	659	310
2114271	10090.ENSMUSP00000132241	14.1	19
2108559	10090.ENSMUSP00000091706	689	94
2096899	10090.ENSMUSP00000027438	2680	463
2108146	10090.ENSMUSP00000088365	156	27
2095103	10090.ENSMUSP00000021197	105	45
2113537	10090.ENSMUSP00000127878	0.48	1
2109676	10090.ENSMUSP00000097295	2880	245
2112715	10090.ENSMUSP00000118478	2593	35
2093726	10090.ENSMUSP00000005705	1461	435
2112795	10090.ENSMUSP00000120014	773	39
2104744	10090.ENSMUSP00000066038	59.4	10
2098175	10090.ENSMUSP00000031383	522	216
2097726	10090.ENSMUSP00000030030	28.3	11
2093100	10090.ENSMUSP00000000349	100	19
2112267	10090.ENSMUSP00000112665	0.494	1
2093862	10090.ENSMUSP00000006854	24.3	16
2102850	10090.ENSMUSP00000054168	110	39
2097000	10090.ENSMUSP00000027777	83.0	47
2097645	10090.ENSMUSP00000029780	22.0	3
2101835	10090.ENSMUSP00000048337	12.2	7
2105429	10090.ENSMUSP00000070957	3.2	1
2104051	10090.ENSMUSP00000061474	27.7	7
2101403	10090.ENSMUSP00000046101	3130	1269
2110321	10090.ENSMUSP00000099706	773	25
2105118	10090.ENSMUSP00000068896	111	114
2093181	10090.ENSMUSP00000001051	598	21
2114895	10090.ENSMUSP00000136357	4355	2022
2101849	10090.ENSMUSP00000048416	7.34	2
2113872	10090.ENSMUSP00000129767	123	21
2093744	10090.ENSMUSP00000005841	51.1	24
2112332	10090.ENSMUSP00000113071	27.1	22
2096065	10090.ENSMUSP00000024727	45.2	24
2097912	10090.ENSMUSP00000030642	325	85
2101209	10090.ENSMUSP00000045073	313	157
2115131	10090.ENSMUSP00000136770	152	25
2115404	10090.ENSMUSP00000137253	50.3	9
2113237	10090.ENSMUSP00000126135	237	92
2110295	10090.ENSMUSP00000099658	175	25
2102455	10090.ENSMUSP00000051935	707	67
2094894	10090.ENSMUSP00000020523	3.61	1
2105969	10090.ENSMUSP00000073868	8.45	1
2110033	10090.ENSMUSP00000098631	65.6	6
2095492	10090.ENSMUSP00000022429	2.88	1
2097954	10090.ENSMUSP00000030769	45.7	13
2106490	10090.ENSMUSP00000076777	1145	1158
2094033	10090.ENSMUSP00000009774	3.91	2
2110453	10090.ENSMUSP00000099990	713	102
2100101	10090.ENSMUSP00000038964	1287	26
2095506	10090.ENSMUSP00000022470	4.68	2
2101893	10090.ENSMUSP00000048643	80.2	8
2101762	10090.ENSMUSP00000047960	151	34
2096971	10090.ENSMUSP00000027677	24.8	2
2115234	10090.ENSMUSP00000136949	6.66	6
2115059	10090.ENSMUSP00000136633	138	20
2114025	10090.ENSMUSP00000130705	3.71	1
2101365	10090.ENSMUSP00000045873	24.0	16
2093523	10090.ENSMUSP00000003622	17.6	3
2095481	10090.ENSMUSP00000022369	278	106
2113761	10090.ENSMUSP00000129198	383	70
2108240	10090.ENSMUSP00000089295	3132	340
2107214	10090.ENSMUSP00000080743	10.4	7
2114016	10090.ENSMUSP00000130666	362	117
2096603	10090.ENSMUSP00000026425	710	187
2094928	10090.ENSMUSP00000020630	1223	607
2112831	10090.ENSMUSP00000120595	510	39
2110810	10090.ENSMUSP00000101924	24.1	33
2108445	10090.ENSMUSP00000091035	1222	126
2100722	10090.ENSMUSP00000042283	71.0	32
2102253	10090.ENSMUSP00000050689	23.7	13
2099703	10090.ENSMUSP00000036932	3.87	6
2110195	10090.ENSMUSP00000099435	7702	390
2115304	10090.ENSMUSP00000137080	744	566
2096799	10090.ENSMUSP00000027127	55.8	40
2095759	10090.ENSMUSP00000023210	9.37	2
2109927	10090.ENSMUSP00000098043	24.1	1
2094217	10090.ENSMUSP00000014684	37.3	3
2101937	10090.ENSMUSP00000048833	1723	74
2094665	10090.ENSMUSP00000019608	20.1	2
2107473	10090.ENSMUSP00000082771	167	74
2096098	10090.ENSMUSP00000024823	330	37
2111478	10090.ENSMUSP00000106519	645	33
2093981	10090.ENSMUSP00000008991	0.512	6
2101706	10090.ENSMUSP00000047697	0.19	1
2094111	10090.ENSMUSP00000011526	6.74	1
2107801	10090.ENSMUSP00000085581	42.5	4
2098059	10090.ENSMUSP00000031061	77.1	48
2102406	10090.ENSMUSP00000051619	2.02	3
2098009	10090.ENSMUSP00000030903	15.6	3
2107053	10090.ENSMUSP00000079888	830	294
2105535	10090.ENSMUSP00000071616	4531	350
2099275	10090.ENSMUSP00000034866	99.9	28
2093904	10090.ENSMUSP00000007280	0.216	1
2098845	10090.ENSMUSP00000033673	244	65
2103812	10090.ENSMUSP00000059766	216	9
2111989	10090.ENSMUSP00000110374	21.9	12
2111285	10090.ENSMUSP00000105216	201	44
2105458	10090.ENSMUSP00000071176	158	29
2097759	10090.ENSMUSP00000030138	47.3	17
2107439	10090.ENSMUSP00000082452	466	25
2113362	10090.ENSMUSP00000126850	390	164
2106267	10090.ENSMUSP00000075495	0.624	1
2096860	10090.ENSMUSP00000027303	17.5	3
2104134	10090.ENSMUSP00000061923	73.2	54
2093551	10090.ENSMUSP00000003906	102	15
2113187	10090.ENSMUSP00000125806	191	28
2096570	10090.ENSMUSP00000026292	27.6	36
2109543	10090.ENSMUSP00000096777	122	49
2110302	10090.ENSMUSP00000099671	35.7	48
2113624	10090.ENSMUSP00000128400	966	68
2096602	10090.ENSMUSP00000026420	585	43
2096274	10090.ENSMUSP00000025385	3.41	1
2108135	10090.ENSMUSP00000088298	30.5	45
2102878	10090.ENSMUSP00000054338	2.86	1
2105893	10090.ENSMUSP00000073459	51.1	9
2095885	10090.ENSMUSP00000023599	183	146
2107019	10090.ENSMUSP00000079672	2671	62
2113179	10090.ENSMUSP00000125761	783	228
2100689	10090.ENSMUSP00000042123	175	16
2094431	10090.ENSMUSP00000017548	6323	160
2110158	10090.ENSMUSP00000099364	8.06	3
2095458	10090.ENSMUSP00000022296	0.64	1
2104754	10090.ENSMUSP00000066138	27.7	12
2093226	10090.ENSMUSP00000001365	16.4	5
2093184	10090.ENSMUSP00000001079	7.69	4
2101242	10090.ENSMUSP00000045229	2.73	7
2093884	10090.ENSMUSP00000007139	3.35	1
2114370	10090.ENSMUSP00000132838	7.07	12
2097245	10090.ENSMUSP00000028607	230	43
2105016	10090.ENSMUSP00000068103	131	38
2096071	10090.ENSMUSP00000024739	2746	1685
2096688	10090.ENSMUSP00000026666	27.8	11
2108019	10090.ENSMUSP00000087466	3454	629
2113593	10090.ENSMUSP00000128244	107	20
2101423	10090.ENSMUSP00000046204	0.704	1
2109451	10090.ENSMUSP00000096411	1.91	1
2093353	10090.ENSMUSP00000002289	154	39
2113947	10090.ENSMUSP00000130194	88.8	29
2105195	10090.ENSMUSP00000069432	88.2	91
2114494	10090.ENSMUSP00000133931	3.3	2
2094206	10090.ENSMUSP00000014545	52.3	32
2101727	10090.ENSMUSP00000047797	4.27	2
2107202	10090.ENSMUSP00000080686	15.3	1
2093899	10090.ENSMUSP00000007257	375	40
2093997	10090.ENSMUSP00000009234	1144	241
2113756	10090.ENSMUSP00000129178	78.0	12
2102730	10090.ENSMUSP00000053474	57.1	10
2108974	10090.ENSMUSP00000093974	110	20
2094109	10090.ENSMUSP00000011492	30.7	7
2111829	10090.ENSMUSP00000109237	84.5	39
2103711	10090.ENSMUSP00000059192	17.9	11
2098192	10090.ENSMUSP00000031423	10.1	5
2095110	10090.ENSMUSP00000021226	9.14	1
2105783	10090.ENSMUSP00000072829	159	22
2099168	10090.ENSMUSP00000034560	101	52
2093142	10090.ENSMUSP00000000727	11.1	2
2098527	10090.ENSMUSP00000032561	8.86	2
2109931	10090.ENSMUSP00000098053	103	33
2111101	10090.ENSMUSP00000104067	1755	74
2104618	10090.ENSMUSP00000065113	246	30
2107132	10090.ENSMUSP00000080354	964	187
2098366	10090.ENSMUSP00000032078	1091	259
2093237	10090.ENSMUSP00000001460	97.8	42
2095430	10090.ENSMUSP00000022218	23.7	2
2114478	10090.ENSMUSP00000133736	6.59	3
2097404	10090.ENSMUSP00000029061	87.5	20
2093616	10090.ENSMUSP00000004554	1603	130
2099935	10090.ENSMUSP00000038144	38.8	15
2112322	10090.ENSMUSP00000113022	844	99
2099122	10090.ENSMUSP00000034441	501	245
2097955	10090.ENSMUSP00000030771	49.7	10
2098318	10090.ENSMUSP00000031838	15.7	11
2094085	10090.ENSMUSP00000010795	8.9	5
2105147	10090.ENSMUSP00000069081	22.8	3
2106868	10090.ENSMUSP00000078747	21.6	2
2102182	10090.ENSMUSP00000050289	274	56
2107983	10090.ENSMUSP00000087110	900	232
2094610	10090.ENSMUSP00000019109	229	78
2108166	10090.ENSMUSP00000088516	149	10
2093973	10090.ENSMUSP00000008826	191	28
2112847	10090.ENSMUSP00000120911	8.04	5
2103577	10090.ENSMUSP00000058432	742	42
2095484	10090.ENSMUSP00000022380	293	51
2105542	10090.ENSMUSP00000071636	213	34
2096470	10090.ENSMUSP00000025955	186	79
2107708	10090.ENSMUSP00000084807	736	232
2101206	10090.ENSMUSP00000045048	662	291
2097712	10090.ENSMUSP00000029987	2.58	5
2108666	10090.ENSMUSP00000092355	2.93	1
2096026	10090.ENSMUSP00000024206	21.3	29
2110376	10090.ENSMUSP00000099835	19.4	7
2104426	10090.ENSMUSP00000063734	181	55
2106891	10090.ENSMUSP00000078878	8.31	3
2105325	10090.ENSMUSP00000070303	16.8	5
2096277	10090.ENSMUSP00000025393	2.98	1
2106776	10090.ENSMUSP00000078339	0.848	1
2099051	10090.ENSMUSP00000034264	373	41
2093565	10090.ENSMUSP00000004054	16.4	6
2107172	10090.ENSMUSP00000080550	2.82	1
2098091	10090.ENSMUSP00000031160	3380	425
2105055	10090.ENSMUSP00000068408	152	17
2106445	10090.ENSMUSP00000076503	3.98	2
2112984	10090.ENSMUSP00000123799	9.69	2
2113641	10090.ENSMUSP00000128483	246	26
2094634	10090.ENSMUSP00000019323	4260	736
2097089	10090.ENSMUSP00000028062	547	170
2113150	10090.ENSMUSP00000125451	234	42
2113247	10090.ENSMUSP00000126192	3095	620
2093055	10090.ENSMUSP00000000090	33.5	6
2093062	10090.ENSMUSP00000000137	4.55	1
2097957	10090.ENSMUSP00000030775	2.21	7
2101787	10090.ENSMUSP00000048111	38.8	11
2111826	10090.ENSMUSP00000109229	0.716	3
2096590	10090.ENSMUSP00000026387	63.9	9
2107460	10090.ENSMUSP00000082682	715	36
2112077	10090.ENSMUSP00000110886	14005	14
2093258	10090.ENSMUSP00000001592	22.8	16
2099584	10090.ENSMUSP00000036246	15.2	16
2113628	10090.ENSMUSP00000128421	31.4	9
2113627	10090.ENSMUSP00000128416	358	74
2094327	10090.ENSMUSP00000015950	166	27
2100690	10090.ENSMUSP00000042134	143	14
2110632	10090.ENSMUSP00000100794	364	329
2093907	10090.ENSMUSP00000007317	187	66
2095234	10090.ENSMUSP00000021611	3.48	4
2112404	10090.ENSMUSP00000113561	5.39	10
2095635	10090.ENSMUSP00000022816	144	6
2096310	10090.ENSMUSP00000025483	5.87	1
2110546	10090.ENSMUSP00000100589	70.5	92
2106050	10090.ENSMUSP00000074380	709	57
2093782	10090.ENSMUSP00000006181	4.67	1
2110756	10090.ENSMUSP00000101514	7.98	3
2108017	10090.ENSMUSP00000087453	313	55
2112521	10090.ENSMUSP00000114839	149	22
2109177	10090.ENSMUSP00000095433	0.906	4
2112401	10090.ENSMUSP00000113540	5.05	1
2110292	10090.ENSMUSP00000099653	203	32
2095646	10090.ENSMUSP00000022849	70.7	25
2111850	10090.ENSMUSP00000109399	744	169
2097648	10090.ENSMUSP00000029786	11.8	2
2094437	10090.ENSMUSP00000017597	10.7	2
2108963	10090.ENSMUSP00000093955	1927	394
2096883	10090.ENSMUSP00000027384	481	181
2098073	10090.ENSMUSP00000031099	250	27
2094196	10090.ENSMUSP00000014370	229	21
2106680	10090.ENSMUSP00000077857	176	5
2096601	10090.ENSMUSP00000026416	10.1	4
2113374	10090.ENSMUSP00000126897	64.4	40
2115709	10090.ENSMUSP00000137889	6.66	6
2113271	10090.ENSMUSP00000126334	87.8	94
2094137	10090.ENSMUSP00000012612	65.2	8
2100748	10090.ENSMUSP00000042416	37.8	3
2110207	10090.ENSMUSP00000099469	7.19	5
2093941	10090.ENSMUSP00000008036	19467	1128
2100267	10090.ENSMUSP00000039853	45.8	35
2099930	10090.ENSMUSP00000038135	170	114
2095856	10090.ENSMUSP00000023510	396	68
2106969	10090.ENSMUSP00000079356	1837	86
2109678	10090.ENSMUSP00000097303	1.61	1
2100876	10090.ENSMUSP00000043281	0.539	1
2111502	10090.ENSMUSP00000106784	46.2	30
2095700	10090.ENSMUSP00000023043	76.6	20
2106673	10090.ENSMUSP00000077814	7466	11743
2107676	10090.ENSMUSP00000084466	24.9	4
2112320	10090.ENSMUSP00000113011	12.8	1
2110998	10090.ENSMUSP00000103474	29.4	8
2094519	10090.ENSMUSP00000018506	744	566
2098052	10090.ENSMUSP00000031038	71.5	5
2107106	10090.ENSMUSP00000080203	454	37
2096515	10090.ENSMUSP00000026125	337	49
2105622	10090.ENSMUSP00000071989	117	19
2094548	10090.ENSMUSP00000018698	2.41	2
2110473	10090.ENSMUSP00000100036	4355	2022
2101770	10090.ENSMUSP00000048036	44.1	14
2112157	10090.ENSMUSP00000111471	2.55	1
2096445	10090.ENSMUSP00000025885	21.8	4
2111396	10090.ENSMUSP00000105965	231	149
2102433	10090.ENSMUSP00000051814	24.6	13
2098387	10090.ENSMUSP00000032138	1456	111
2095298	10090.ENSMUSP00000021807	20.2	3
2110827	10090.ENSMUSP00000102056	4.94	1
2094970	10090.ENSMUSP00000020768	183	63
2112801	10090.ENSMUSP00000120106	223	26
2103374	10090.ENSMUSP00000057308	916	106
2107015	10090.ENSMUSP00000079664	21.7	8
2099164	10090.ENSMUSP00000034547	76.9	20
2111424	10090.ENSMUSP00000106102	2125	1228
2098021	10090.ENSMUSP00000030940	110	42
2101622	10090.ENSMUSP00000047320	9.95	1
2107932	10090.ENSMUSP00000086701	10.8	2
2097467	10090.ENSMUSP00000029303	2.06	1
2113535	10090.ENSMUSP00000127859	728	169
2104756	10090.ENSMUSP00000066181	1.85	1
2101086	10090.ENSMUSP00000044395	1097	152
2096722	10090.ENSMUSP00000026839	1.34	1
2096573	10090.ENSMUSP00000026297	4.82	1
2099398	10090.ENSMUSP00000035237	52.4	24
2096616	10090.ENSMUSP00000026459	1106	488
2114559	10090.ENSMUSP00000134751	3132	340
2101783	10090.ENSMUSP00000048084	20.3	13
2114421	10090.ENSMUSP00000133154	41.9	31
2108185	10090.ENSMUSP00000088723	286	149
2110240	10090.ENSMUSP00000099541	69.0	10
2111793	10090.ENSMUSP00000108996	6.09	9
2094944	10090.ENSMUSP00000020677	3438	391
2095173	10090.ENSMUSP00000021412	196	37
2094830	10090.ENSMUSP00000020315	251	140
2108744	10090.ENSMUSP00000092698	242	112
2100776	10090.ENSMUSP00000042658	489	182
2113355	10090.ENSMUSP00000126806	91.2	47
2096499	10090.ENSMUSP00000026050	57.0	13
2115146	10090.ENSMUSP00000136792	2007	1228
2115510	10090.ENSMUSP00000137429	4.32	6
2108442	10090.ENSMUSP00000091015	12.8	6
2104213	10090.ENSMUSP00000062412	11.2	4
2098857	10090.ENSMUSP00000033720	144	32
2108257	10090.ENSMUSP00000089335	7296	11715
2106561	10090.ENSMUSP00000077223	6.66	6
2094927	10090.ENSMUSP00000020629	3.56	2
2110482	10090.ENSMUSP00000100048	4355	2022
2095915	10090.ENSMUSP00000023707	3002	148
2094878	10090.ENSMUSP00000020484	60.3	44
2110320	10090.ENSMUSP00000099705	21.6	2
2112673	10090.ENSMUSP00000117616	8.27	6
2113216	10090.ENSMUSP00000125977	437	19
2101586	10090.ENSMUSP00000047119	171	21
2096569	10090.ENSMUSP00000026289	24.7	5
2100806	10090.ENSMUSP00000042860	223	18
2112095	10090.ENSMUSP00000111009	536	38
2112697	10090.ENSMUSP00000118179	37.1	31
2094367	10090.ENSMUSP00000016463	770	240
2100734	10090.ENSMUSP00000042342	2525	2355
2094139	10090.ENSMUSP00000012664	3.43	2
2093155	10090.ENSMUSP00000000828	36.7	35
2096621	10090.ENSMUSP00000026470	74.1	19
2108595	10090.ENSMUSP00000091943	74.9	16
2093143	10090.ENSMUSP00000000746	4.18	1
2093859	10090.ENSMUSP00000006838	142	63
2098412	10090.ENSMUSP00000032203	0.816	1
2112184	10090.ENSMUSP00000111869	399	130
2097859	10090.ENSMUSP00000030456	218	90
2106489	10090.ENSMUSP00000076769	10.8	16
2100265	10090.ENSMUSP00000039844	84.9	33
2107290	10090.ENSMUSP00000081239	7.79	7
2106873	10090.ENSMUSP00000078761	7.73	1
2094232	10090.ENSMUSP00000014913	345	35
2103448	10090.ENSMUSP00000057771	7.72	2
2095050	10090.ENSMUSP00000021040	38.9	35
2095139	10090.ENSMUSP00000021313	199	45
2106089	10090.ENSMUSP00000074560	1132	73
2094489	10090.ENSMUSP00000018246	2125	1228
2112421	10090.ENSMUSP00000113685	39.1	5
2094879	10090.ENSMUSP00000020485	6.02	1
2110480	10090.ENSMUSP00000100045	663	138
2107660	10090.ENSMUSP00000084387	6.66	6
2093850	10090.ENSMUSP00000006764	1086	127
2096407	10090.ENSMUSP00000025774	10.0	5
2093778	10090.ENSMUSP00000006137	514	158
2095425	10090.ENSMUSP00000022203	7.2	2
2094257	10090.ENSMUSP00000015256	691	159
2108415	10090.ENSMUSP00000090808	8.15	3
2103101	10090.ENSMUSP00000055637	74.5	6
2093480	10090.ENSMUSP00000003320	1.96	1
2098204	10090.ENSMUSP00000031478	8.98	2
2093734	10090.ENSMUSP00000005810	7.27	2
2105205	10090.ENSMUSP00000069508	3.4	2
2095186	10090.ENSMUSP00000021458	0.576	6
2099266	10090.ENSMUSP00000034848	153	16
2093673	10090.ENSMUSP00000005077	7792	834
2095916	10090.ENSMUSP00000023709	15.4	16
2098394	10090.ENSMUSP00000032165	333	117
2112688	10090.ENSMUSP00000117987	1270	366
2096312	10090.ENSMUSP00000025486	225	72
2093508	10090.ENSMUSP00000003527	48.1	48
2097242	10090.ENSMUSP00000028599	18.0	5
2097768	10090.ENSMUSP00000030164	402	199
2094959	10090.ENSMUSP00000020717	61.7	12
2113703	10090.ENSMUSP00000128848	117	7
2097393	10090.ENSMUSP00000029025	6.1	14
2111550	10090.ENSMUSP00000107237	307	47
2114289	10090.ENSMUSP00000132348	104	6
2100133	10090.ENSMUSP00000039110	1235	292
2093972	10090.ENSMUSP00000008812	1468	225
2103266	10090.ENSMUSP00000056604	241	215
2108039	10090.ENSMUSP00000087633	4.19	3
2096892	10090.ENSMUSP00000027421	2.67	3
2099357	10090.ENSMUSP00000035105	3403	629
2095401	10090.ENSMUSP00000022122	40.7	24
2102313	10090.ENSMUSP00000051033	1027	1106
2094417	10090.ENSMUSP00000017365	42.0	12
2097222	10090.ENSMUSP00000028511	24.2	3
2110506	10090.ENSMUSP00000100474	4.22	1
2107283	10090.ENSMUSP00000081141	51.5	13
2114119	10090.ENSMUSP00000131269	734	24
2115325	10090.ENSMUSP00000137120	395	164
2093714	10090.ENSMUSP00000005606	19.8	5
2104565	10090.ENSMUSP00000064699	134	32
2113518	10090.ENSMUSP00000127774	161	25
2095514	10090.ENSMUSP00000022507	87.5	22
2101235	10090.ENSMUSP00000045208	91.2	33
2098247	10090.ENSMUSP00000031613	171	37
2113665	10090.ENSMUSP00000128660	120	23
2106178	10090.ENSMUSP00000074994	3132	340
2096897	10090.ENSMUSP00000027432	14.8	10
2105502	10090.ENSMUSP00000071402	30.4	43
2108187	10090.ENSMUSP00000088727	2.03	10
2114515	10090.ENSMUSP00000134112	19.1	9
2098343	10090.ENSMUSP00000031910	1084	85
2103758	10090.ENSMUSP00000059494	316	18
2093902	10090.ENSMUSP00000007272	0.267	1
2098607	10090.ENSMUSP00000032898	235	162
2095409	10090.ENSMUSP00000022147	12.4	1
2096665	10090.ENSMUSP00000026576	223	40
2096151	10090.ENSMUSP00000024981	11.7	1
2115341	10090.ENSMUSP00000137146	6.66	6
2093808	10090.ENSMUSP00000006467	17.4	4
2100802	10090.ENSMUSP00000042835	358	74
2098501	10090.ENSMUSP00000032476	21.8	3
2094835	10090.ENSMUSP00000020334	31.5	12
2106847	10090.ENSMUSP00000078682	1.09	1
2098248	10090.ENSMUSP00000031617	1134	153
2105817	10090.ENSMUSP00000072989	7296	11715
2096896	10090.ENSMUSP00000027431	12.3	2
2111158	10090.ENSMUSP00000104445	7296	11715
2111820	10090.ENSMUSP00000109164	54.2	10
2112015	10090.ENSMUSP00000110531	766	60
2105584	10090.ENSMUSP00000071818	324	24
2105389	10090.ENSMUSP00000070709	138	20
2109938	10090.ENSMUSP00000098076	16.2	9
2109982	10090.ENSMUSP00000098295	108	10
2094705	10090.ENSMUSP00000019911	0.845	1
2112677	10090.ENSMUSP00000117690	30.4	8
2095508	10090.ENSMUSP00000022480	1.24	2
2099133	10090.ENSMUSP00000034466	1.81	1
2110365	10090.ENSMUSP00000099810	1.32	1
2098835	10090.ENSMUSP00000033640	1.61	1
2097757	10090.ENSMUSP00000030134	467	56
2108576	10090.ENSMUSP00000091840	521	50
2105024	10090.ENSMUSP00000068174	22.5	4
2100770	10090.ENSMUSP00000042602	816	109
2096582	10090.ENSMUSP00000026328	7.52	4
2108038	10090.ENSMUSP00000087632	420	350
2108782	10090.ENSMUSP00000092888	126	15
2101863	10090.ENSMUSP00000048469	1814	180
2110250	10090.ENSMUSP00000099565	284	25
2094686	10090.ENSMUSP00000019726	185	44
2102971	10090.ENSMUSP00000054863	453	131
2104530	10090.ENSMUSP00000064518	31.3	16
2114150	10090.ENSMUSP00000131457	21.9	7
2093934	10090.ENSMUSP00000007980	49.7	6
2095522	10090.ENSMUSP00000022529	459	155
2093079	10090.ENSMUSP00000000253	1.41	2
2114353	10090.ENSMUSP00000132735	433	61
2094668	10090.ENSMUSP00000019615	456	48
2101921	10090.ENSMUSP00000048773	4.26	1
2110470	10090.ENSMUSP00000100032	4355	2022
2114394	10090.ENSMUSP00000132993	4.57	6
2095510	10090.ENSMUSP00000022496	209	29
2110471	10090.ENSMUSP00000100033	4355	2022
2109157	10090.ENSMUSP00000095287	1797	104
2113643	10090.ENSMUSP00000128489	125	30
2103725	10090.ENSMUSP00000059276	34.5	17
2114001	10090.ENSMUSP00000130546	3624	926
2094602	10090.ENSMUSP00000019065	127	40
2098821	10090.ENSMUSP00000033585	92.0	63
2101518	10090.ENSMUSP00000046732	24.9	6
2108634	10090.ENSMUSP00000092157	101	28
2111065	10090.ENSMUSP00000103869	11.3	13
2095906	10090.ENSMUSP00000023677	1861	194
2093347	10090.ENSMUSP00000002198	21.5	7
2102341	10090.ENSMUSP00000051223	635	160
2110099	10090.ENSMUSP00000098997	150	212
2096458	10090.ENSMUSP00000025918	1210	230
2103226	10090.ENSMUSP00000056359	12.7	2
2112775	10090.ENSMUSP00000119603	557	97
2097420	10090.ENSMUSP00000029120	47.6	10
2108705	10090.ENSMUSP00000092502	81.4	94
2095054	10090.ENSMUSP00000021048	16.5	11
2094117	10090.ENSMUSP00000011896	1872	283
2101716	10090.ENSMUSP00000047756	42.5	28
2110368	10090.ENSMUSP00000099819	344	116
2106798	10090.ENSMUSP00000078429	740	970
2101116	10090.ENSMUSP00000044554	24.4	8
2107758	10090.ENSMUSP00000085244	3.67	3
2110289	10090.ENSMUSP00000099650	8.24	5
2108421	10090.ENSMUSP00000090844	94.4	15
2110364	10090.ENSMUSP00000099807	237	46
2097770	10090.ENSMUSP00000030169	531	54
2110360	10090.ENSMUSP00000099800	378	38
2106213	10090.ENSMUSP00000075178	2420	2252
2098586	10090.ENSMUSP00000032824	87.8	33
2108260	10090.ENSMUSP00000089343	2007	1228
2106962	10090.ENSMUSP00000079306	919	1015
2110891	10090.ENSMUSP00000102624	6.17	6
2104308	10090.ENSMUSP00000062920	107	31
2112864	10090.ENSMUSP00000121203	7.43	1
2104824	10090.ENSMUSP00000066639	175	210
2096947	10090.ENSMUSP00000027579	201	23
2111371	10090.ENSMUSP00000105780	6.66	6
2115172	10090.ENSMUSP00000136841	2.98	1
2093957	10090.ENSMUSP00000008517	4.18	1
2093176	10090.ENSMUSP00000001042	136	40
2101164	10090.ENSMUSP00000044827	923	735
2096814	10090.ENSMUSP00000027173	200	46
2106967	10090.ENSMUSP00000079340	466	25
2114904	10090.ENSMUSP00000136375	151	34
2097935	10090.ENSMUSP00000030702	7.69	2
2094335	10090.ENSMUSP00000016072	13.2	6
2110225	10090.ENSMUSP00000099509	87.3	102
2097575	10090.ENSMUSP00000029610	74.0	5
2104484	10090.ENSMUSP00000064155	28.9	30
2094509	10090.ENSMUSP00000018430	87.6	13
2113021	10090.ENSMUSP00000124203	27.6	3
2102360	10090.ENSMUSP00000051333	5.6	4
2095659	10090.ENSMUSP00000022894	2051	334
2111669	10090.ENSMUSP00000108190	450	18
2094138	10090.ENSMUSP00000012627	349	25
2095061	10090.ENSMUSP00000021063	10.8	6
2110830	10090.ENSMUSP00000102078	4487	408
2094429	10090.ENSMUSP00000017534	444	178
2099360	10090.ENSMUSP00000035112	0.169	1
2101253	10090.ENSMUSP00000045284	103	16
2109169	10090.ENSMUSP00000095392	0.374	3
2108646	10090.ENSMUSP00000092230	7.75	6
2097858	10090.ENSMUSP00000030455	7.91	4
2098841	10090.ENSMUSP00000033662	13.4	2
2093516	10090.ENSMUSP00000003572	547	224
2107362	10090.ENSMUSP00000081782	144	66
2102149	10090.ENSMUSP00000050076	31.4	4
2112921	10090.ENSMUSP00000122471	0.45	1
2108903	10090.ENSMUSP00000093615	104	54
2093585	10090.ENSMUSP00000004203	51.8	8
2100243	10090.ENSMUSP00000039709	0.72	1
2096231	10090.ENSMUSP00000025246	192	49
2108679	10090.ENSMUSP00000092409	298	39
2105387	10090.ENSMUSP00000070682	414	157
2097921	10090.ENSMUSP00000030665	212	39
2109603	10090.ENSMUSP00000097030	69.0	10
2098199	10090.ENSMUSP00000031447	4.89	2
2097785	10090.ENSMUSP00000030207	125	47
2107030	10090.ENSMUSP00000079722	52.1	10
2107057	10090.ENSMUSP00000079905	23.7	13
2110074	10090.ENSMUSP00000098895	3.08	2
2110648	10090.ENSMUSP00000100868	8.09	13
2102271	10090.ENSMUSP00000050792	167	159
2108258	10090.ENSMUSP00000089336	7296	11715
2094310	10090.ENSMUSP00000015800	8321	2747
2094903	10090.ENSMUSP00000020538	84.6	60
2098186	10090.ENSMUSP00000031411	94.7	19
2101810	10090.ENSMUSP00000048222	63.1	17
2107017	10090.ENSMUSP00000079670	2880	245
2093584	10090.ENSMUSP00000004202	60.2	68
2097843	10090.ENSMUSP00000030404	0.672	1
2104422	10090.ENSMUSP00000063719	3.59	7
2110917	10090.ENSMUSP00000102853	3.77	1
2094673	10090.ENSMUSP00000019638	93.1	19
2094858	10090.ENSMUSP00000020403	463	25
2093881	10090.ENSMUSP00000007042	14.5	4
2114029	10090.ENSMUSP00000130722	13.1	3
2110399	10090.ENSMUSP00000099878	2251	137
2104024	10090.ENSMUSP00000061247	2125	1228
2105754	10090.ENSMUSP00000072669	34.6	5
2102324	10090.ENSMUSP00000051092	187	50
2110517	10090.ENSMUSP00000100516	1271	190
2094322	10090.ENSMUSP00000015892	226	51
2113530	10090.ENSMUSP00000127842	26.8	11
2111379	10090.ENSMUSP00000105833	4.1	3
2101964	10090.ENSMUSP00000049007	1159	351
2103851	10090.ENSMUSP00000060028	452	52
2096220	10090.ENSMUSP00000025218	106	39
2104120	10090.ENSMUSP00000061851	315	223
2112186	10090.ENSMUSP00000111893	101	97
2111080	10090.ENSMUSP00000103947	206	41
2094248	10090.ENSMUSP00000015138	0.828	2
2108242	10090.ENSMUSP00000089300	7466	11743
2107913	10090.ENSMUSP00000086542	57.2	18
2094893	10090.ENSMUSP00000020522	72.3	31
2115603	10090.ENSMUSP00000137596	50.3	33
2110188	10090.ENSMUSP00000099421	0.57	1
2106271	10090.ENSMUSP00000075513	3461	1691
2113567	10090.ENSMUSP00000128056	3.64	1
2093608	10090.ENSMUSP00000004470	1.13	2
2098257	10090.ENSMUSP00000031637	46.2	2
2096974	10090.ENSMUSP00000027687	0.421	1
2096580	10090.ENSMUSP00000026324	5.5	4
2111421	10090.ENSMUSP00000106085	2125	1228
2105909	10090.ENSMUSP00000073581	395	141
2110509	10090.ENSMUSP00000100481	395	141
2108132	10090.ENSMUSP00000088287	2006	1138
2112113	10090.ENSMUSP00000111150	100	41
2098675	10090.ENSMUSP00000033087	6.69	2
2112417	10090.ENSMUSP00000113672	83.1	22
2096997	10090.ENSMUSP00000027768	14.3	18
2112614	10090.ENSMUSP00000116492	1854	194
2093976	10090.ENSMUSP00000008893	78.5	24
2108962	10090.ENSMUSP00000093945	58.2	15
2097706	10090.ENSMUSP00000029955	393	209
2097007	10090.ENSMUSP00000027797	63.6	20
2114636	10090.ENSMUSP00000135914	431	350
2110572	10090.ENSMUSP00000100655	84.0	15
2097224	10090.ENSMUSP00000028517	896	136
2112686	10090.ENSMUSP00000117947	105	7
2099026	10090.ENSMUSP00000034204	158	13
2107730	10090.ENSMUSP00000084977	0.429	1
2093198	10090.ENSMUSP00000001148	87.6	51
2106198	10090.ENSMUSP00000075094	52.2	8
2110212	10090.ENSMUSP00000099480	2539	124
2107985	10090.ENSMUSP00000087118	688	122
2098906	10090.ENSMUSP00000033873	14.6	2
2094799	10090.ENSMUSP00000020238	266	177
2110478	10090.ENSMUSP00000100042	4355	2022
2111399	10090.ENSMUSP00000105981	27.6	6
2114783	10090.ENSMUSP00000136144	736	232
2096219	10090.ENSMUSP00000025217	988	402
2113554	10090.ENSMUSP00000127966	614	184
2095182	10090.ENSMUSP00000021443	104	53
2093203	10090.ENSMUSP00000001179	0.919	2
2099004	10090.ENSMUSP00000034138	183	25
2106418	10090.ENSMUSP00000076336	27.3	51
2094386	10090.ENSMUSP00000016680	15.5	11
2094497	10090.ENSMUSP00000018337	369	50
2111164	10090.ENSMUSP00000104478	32.8	6
2113718	10090.ENSMUSP00000128941	5.88	9
2111143	10090.ENSMUSP00000104301	41.3	74
2111474	10090.ENSMUSP00000106481	7.53	2
2102256	10090.ENSMUSP00000050698	494	318
2097498	10090.ENSMUSP00000029405	231	78
2096521	10090.ENSMUSP00000026135	5.2	1
2102559	10090.ENSMUSP00000052465	14.6	14
2110929	10090.ENSMUSP00000102926	39.1	18
2112602	10090.ENSMUSP00000116259	58.6	20
2095443	10090.ENSMUSP00000022256	12.3	4
2100354	10090.ENSMUSP00000040315	1.33	3
2107387	10090.ENSMUSP00000081912	9.37	11
2106901	10090.ENSMUSP00000078945	1.75	7
2112639	10090.ENSMUSP00000117022	572	193
2093507	10090.ENSMUSP00000003521	1486	78
2096809	10090.ENSMUSP00000027157	164	23
2099448	10090.ENSMUSP00000035456	65.5	12
2099313	10090.ENSMUSP00000034966	5700	844
2102470	10090.ENSMUSP00000052020	113	167
2093804	10090.ENSMUSP00000006431	119	62
2107714	10090.ENSMUSP00000084846	2688	654
2103089	10090.ENSMUSP00000055535	225	117
2113266	10090.ENSMUSP00000126294	1222	126
2106911	10090.ENSMUSP00000079022	702	262
2096356	10090.ENSMUSP00000025642	203	51
2114127	10090.ENSMUSP00000131316	0.987	2
2100253	10090.ENSMUSP00000039784	13.6	1
2094807	10090.ENSMUSP00000020257	14.5	4
2093883	10090.ENSMUSP00000007130	30.6	21
2097626	10090.ENSMUSP00000029722	1153	283
2104421	10090.ENSMUSP00000063714	1536	126
2095112	10090.ENSMUSP00000021239	960	185
2100482	10090.ENSMUSP00000041049	267	32
2115431	10090.ENSMUSP00000137297	190	54
2097482	10090.ENSMUSP00000029358	14.0	8
2104448	10090.ENSMUSP00000063894	7.01	2
2110858	10090.ENSMUSP00000102343	5.92	2
2093279	10090.ENSMUSP00000001716	63.9	11
2094923	10090.ENSMUSP00000020608	3.91	2
2093329	10090.ENSMUSP00000002081	0.7	1
2093799	10090.ENSMUSP00000006381	83.0	13
2098420	10090.ENSMUSP00000032233	311	355
2094630	10090.ENSMUSP00000019283	107	29
2093392	10090.ENSMUSP00000002551	4915	165
2096436	10090.ENSMUSP00000025851	35.9	10
2111676	10090.ENSMUSP00000108235	1.02	2
2093357	10090.ENSMUSP00000002303	281	40
2105456	10090.ENSMUSP00000071166	432	330
2097168	10090.ENSMUSP00000028302	8.55	1
2098466	10090.ENSMUSP00000032373	139	47
2105546	10090.ENSMUSP00000071658	1444	242
2113706	10090.ENSMUSP00000128871	13.9	3
2093220	10090.ENSMUSP00000001304	565	236
2098289	10090.ENSMUSP00000031726	24.3	29
2110498	10090.ENSMUSP00000100212	23.3	3
2113427	10090.ENSMUSP00000127198	315	223
2096187	10090.ENSMUSP00000025083	97.3	34
2104748	10090.ENSMUSP00000066068	209	129
2104614	10090.ENSMUSP00000065089	17.2	4
2108317	10090.ENSMUSP00000089948	1776	78
2102481	10090.ENSMUSP00000052086	297	646
2112567	10090.ENSMUSP00000115722	902	84
2103436	10090.ENSMUSP00000057687	25.7	2
2095457	10090.ENSMUSP00000022293	226	50
2106244	10090.ENSMUSP00000075376	0.251	1
2106010	10090.ENSMUSP00000074142	7296	11715
2097970	10090.ENSMUSP00000030805	724	79
2103640	10090.ENSMUSP00000058785	105	12
2100022	10090.ENSMUSP00000038580	28.2	5
2098475	10090.ENSMUSP00000032402	31.0	5
2108188	10090.ENSMUSP00000088729	223	214
2094389	10090.ENSMUSP00000016771	361	416
2106014	10090.ENSMUSP00000074160	151	30
2114158	10090.ENSMUSP00000131489	2168	86
2105433	10090.ENSMUSP00000070993	1544	381
2114846	10090.ENSMUSP00000136275	81.4	94
2105426	10090.ENSMUSP00000070927	1.82	2
2115219	10090.ENSMUSP00000136922	2543	2355
2108018	10090.ENSMUSP00000087457	6.93	3
2107489	10090.ENSMUSP00000082867	443	25
2101135	10090.ENSMUSP00000044653	11.4	2
2093937	10090.ENSMUSP00000008004	13.1	5
2113373	10090.ENSMUSP00000126892	1241	225
2105467	10090.ENSMUSP00000071214	317	65
2113961	10090.ENSMUSP00000130294	28.7	15
2109130	10090.ENSMUSP00000095197	77.3	52
2100919	10090.ENSMUSP00000043543	32.8	3
2093756	10090.ENSMUSP00000005964	233	32
2107126	10090.ENSMUSP00000080302	726	293
2097349	10090.ENSMUSP00000028916	5.67	3
2096519	10090.ENSMUSP00000026133	29.0	14
2096360	10090.ENSMUSP00000025649	11.3	8
2108389	10090.ENSMUSP00000090568	3.01	1
2095884	10090.ENSMUSP00000023598	22.8	3
2104320	10090.ENSMUSP00000062996	534	242
2106726	10090.ENSMUSP00000078092	1215	35
2096112	10090.ENSMUSP00000024860	2.59	2
2094195	10090.ENSMUSP00000014339	14.8	4
2097890	10090.ENSMUSP00000030560	3.64	2
2111759	10090.ENSMUSP00000108767	4.51	1
2107166	10090.ENSMUSP00000080523	1136	62
2108149	10090.ENSMUSP00000088372	82.4	25
2097207	10090.ENSMUSP00000028408	48.8	18
2110979	10090.ENSMUSP00000103267	702	139
2096953	10090.ENSMUSP00000027601	43.3	18
2105790	10090.ENSMUSP00000072858	39199	13281
2100589	10090.ENSMUSP00000041652	768	59
2096514	10090.ENSMUSP00000026122	200	67
2109942	10090.ENSMUSP00000098096	104	22
2115137	10090.ENSMUSP00000136779	1150	183
2099407	10090.ENSMUSP00000035261	285	270
2096723	10090.ENSMUSP00000026841	7.74	2
2097373	10090.ENSMUSP00000028981	157	31
2109578	10090.ENSMUSP00000096932	13.9	2
2107791	10090.ENSMUSP00000085523	2.62	1
2113592	10090.ENSMUSP00000128232	454	37
2112926	10090.ENSMUSP00000122623	8.04	1
2094116	10090.ENSMUSP00000011895	0.561	6
2106123	10090.ENSMUSP00000074724	1272	36
2107284	10090.ENSMUSP00000081142	79.6	11
2104081	10090.ENSMUSP00000061616	46.3	9
2093249	10090.ENSMUSP00000001544	1.36	1
2108051	10090.ENSMUSP00000087713	7.13	1
2105671	10090.ENSMUSP00000072227	7240	11701
2093789	10090.ENSMUSP00000006301	2.96	1
2095036	10090.ENSMUSP00000020991	1.81	4
2101786	10090.ENSMUSP00000048101	55.9	13
2096293	10090.ENSMUSP00000025419	14.3	33
2093827	10090.ENSMUSP00000006629	4.99	15
2097750	10090.ENSMUSP00000030118	71.3	21
2096958	10090.ENSMUSP00000027626	28.1	5
2096147	10090.ENSMUSP00000024967	33.7	12
2101080	10090.ENSMUSP00000044361	10.6	18
2099513	10090.ENSMUSP00000035829	175	161
2111788	10090.ENSMUSP00000108961	1.42	1
2100998	10090.ENSMUSP00000043926	130	62
2094578	10090.ENSMUSP00000018905	49.0	4
2107862	10090.ENSMUSP00000086094	26.1	24
2096689	10090.ENSMUSP00000026667	40.7	31
2098515	10090.ENSMUSP00000032508	1101	187
2101700	10090.ENSMUSP00000047678	198	94
2108448	10090.ENSMUSP00000091051	90.4	63
2094448	10090.ENSMUSP00000017743	0.249	1
2093890	10090.ENSMUSP00000007216	30.5	11
2097876	10090.ENSMUSP00000030513	32.6	3
2096368	10090.ENSMUSP00000025679	16.7	4
2110048	10090.ENSMUSP00000098728	6.66	6
2107024	10090.ENSMUSP00000079699	0.287	1
2108239	10090.ENSMUSP00000089293	2880	245
2094954	10090.ENSMUSP00000020705	921	152
2110421	10090.ENSMUSP00000099930	1691	92
2097906	10090.ENSMUSP00000030623	432	135
2113218	10090.ENSMUSP00000125993	6.5	2
2096877	10090.ENSMUSP00000027373	7.42	1
2096306	10090.ENSMUSP00000025474	59.7	7
2106844	10090.ENSMUSP00000078670	624	193
2101224	10090.ENSMUSP00000045150	33.6	6
2096632	10090.ENSMUSP00000026495	2390	458
2096332	10090.ENSMUSP00000025562	74.8	24
2106112	10090.ENSMUSP00000074658	293	626
2104731	10090.ENSMUSP00000065940	1315	74
2107647	10090.ENSMUSP00000084252	25.4	2
2098585	10090.ENSMUSP00000032823	37.2	6
2101564	10090.ENSMUSP00000047008	911	109
2093786	10090.ENSMUSP00000006254	69.9	13
2110521	10090.ENSMUSP00000100528	69.0	10
2113746	10090.ENSMUSP00000129121	2.69	1
2105135	10090.ENSMUSP00000069004	509	35
2112957	10090.ENSMUSP00000123270	1.22	2
2102834	10090.ENSMUSP00000054084	11.1	17
2093238	10090.ENSMUSP00000001479	717	403
2109218	10090.ENSMUSP00000095656	79.2	39
2101697	10090.ENSMUSP00000047665	11.5	1
2101447	10090.ENSMUSP00000046356	3.63	5
2106411	10090.ENSMUSP00000076294	802	183
2100621	10090.ENSMUSP00000041814	113	19
2100396	10090.ENSMUSP00000040531	2.35	1
2107968	10090.ENSMUSP00000086987	1167	91
2100230	10090.ENSMUSP00000039657	34.9	23
2095109	10090.ENSMUSP00000021217	680	213
2110608	10090.ENSMUSP00000100711	69.0	10
2096403	10090.ENSMUSP00000025762	3701	95
2110310	10090.ENSMUSP00000099685	35.2	8
2108259	10090.ENSMUSP00000089339	7296	11715
2110486	10090.ENSMUSP00000100059	8.25	3
