#id: 266
#name: M.musculus - Plasma, SC (PeptideAtlas,Sep,2012)
#score: 2.79
#weight: 100%
#description: abundance based on Spectral counting, from<a href="http://www.peptideatlas.org/" target="_blank">PeptideAtlas,Sep,2012</a><br/><b>Interaction consistency score</b>: 2.79&nbsp<b>Coverage</b>: 4
#organ: PLASMA
#integrated: false
#coverage: 4
#publication_year: 2012
#filename: 10090-PA_plasma.txt
#
#internal_id	string_external_id	abundance	raw_spectral_count
2093279	10090.ENSMUSP00000001716	6.73	3
2112349	10090.ENSMUSP00000113213	239	588
2096110	10090.ENSMUSP00000024857	2.69	1
2112292	10090.ENSMUSP00000112787	568	3957
2098833	10090.ENSMUSP00000033626	1.42	1
2097171	10090.ENSMUSP00000028307	1168	673
2106508	10090.ENSMUSP00000076899	80.3	154
2107701	10090.ENSMUSP00000084713	2.66	11
2105590	10090.ENSMUSP00000071843	18.8	185
2111424	10090.ENSMUSP00000106102	4.85	8
2094338	10090.ENSMUSP00000016087	5.42	2
2114895	10090.ENSMUSP00000136357	5.43	6
2095627	10090.ENSMUSP00000022788	678	1195
2112778	10090.ENSMUSP00000119609	3.44	7
2095591	10090.ENSMUSP00000022694	1.6	1
2113872	10090.ENSMUSP00000129767	89.0	53
2107263	10090.ENSMUSP00000081010	132	76
2112332	10090.ENSMUSP00000113071	3.83	2
2107752	10090.ENSMUSP00000085192	8.2	28
2110423	10090.ENSMUSP00000099938	28.9	9
2097822	10090.ENSMUSP00000030336	1.32	1
2109214	10090.ENSMUSP00000095648	638	4038
2112212	10090.ENSMUSP00000112174	3206	5165
2110499	10090.ENSMUSP00000100331	3.96	1
2098824	10090.ENSMUSP00000033598	7.53	2
2107312	10090.ENSMUSP00000081474	68.9	13
2106994	10090.ENSMUSP00000079543	30.6	20
2110501	10090.ENSMUSP00000100464	279	111
2105930	10090.ENSMUSP00000073695	15531	41703
2106490	10090.ENSMUSP00000076777	6.52	24
2107800	10090.ENSMUSP00000085580	2.66	11
2100101	10090.ENSMUSP00000038964	38.7	6
2098801	10090.ENSMUSP00000033539	0.754	3
2108430	10090.ENSMUSP00000090895	14517	8092
2096971	10090.ENSMUSP00000027677	3.1	1
2097248	10090.ENSMUSP00000028610	169	192
2112516	10090.ENSMUSP00000114705	78.7	19
2096970	10090.ENSMUSP00000027675	22.0	40
2095481	10090.ENSMUSP00000022369	6.56	12
2097736	10090.ENSMUSP00000030056	6.27	37
2105927	10090.ENSMUSP00000073686	19.6	8
2095954	10090.ENSMUSP00000023807	130	33
2093706	10090.ENSMUSP00000005532	0.717	2
2110202	10090.ENSMUSP00000099461	19.5	7
2099348	10090.ENSMUSP00000035077	280	473
2108931	10090.ENSMUSP00000093762	3.1	3
2103696	10090.ENSMUSP00000059101	1.18	7
2109578	10090.ENSMUSP00000096932	7.91	2
2093840	10090.ENSMUSP00000006703	5546	10984
2093599	10090.ENSMUSP00000004378	15.9	60
2114239	10090.ENSMUSP00000132003	140	23
2096272	10090.ENSMUSP00000025381	11.6	2
2105335	10090.ENSMUSP00000070368	129	291
2099540	10090.ENSMUSP00000036021	4.74	1
2111597	10090.ENSMUSP00000107607	9572	28829
2110958	10090.ENSMUSP00000103108	636	3962
2100633	10090.ENSMUSP00000041855	2052	1262
2093813	10090.ENSMUSP00000006523	45.2	3
2102808	10090.ENSMUSP00000053943	47.9	14
2108638	10090.ENSMUSP00000092198	3.28	3
2093738	10090.ENSMUSP00000005824	17282	5366
2106223	10090.ENSMUSP00000075240	1.18	2
2105412	10090.ENSMUSP00000070847	9.53	13
2110335	10090.ENSMUSP00000099739	164	371
2095951	10090.ENSMUSP00000023803	0.182	5
2106567	10090.ENSMUSP00000077262	7.09	5
2113699	10090.ENSMUSP00000128826	4.35	5
2104798	10090.ENSMUSP00000066488	1433	1093
2093838	10090.ENSMUSP00000006697	911	1557
2109161	10090.ENSMUSP00000095316	9.45	6
2097568	10090.ENSMUSP00000029574	64.3	107
2095339	10090.ENSMUSP00000021933	13.3	9
2096098	10090.ENSMUSP00000024823	10.4	3
2111478	10090.ENSMUSP00000106519	12.2	3
2100315	10090.ENSMUSP00000040150	2.77	1
2114802	10090.ENSMUSP00000136183	0.453	2
2110909	10090.ENSMUSP00000102782	25.2	22
2105827	10090.ENSMUSP00000073072	56.9	15
2107702	10090.ENSMUSP00000084772	10.1	23
2106866	10090.ENSMUSP00000078741	7.53	30
2096541	10090.ENSMUSP00000026210	1787	1712
2097599	10090.ENSMUSP00000029663	4.33	3
2094901	10090.ENSMUSP00000020535	35.2	88
2095997	10090.ENSMUSP00000023994	2765	2846
2114459	10090.ENSMUSP00000133523	0.806	1
2108264	10090.ENSMUSP00000089350	4.85	8
2094349	10090.ENSMUSP00000016168	0.861	1
2098055	10090.ENSMUSP00000031051	48.8	20
2096929	10090.ENSMUSP00000027518	1161	439
2108431	10090.ENSMUSP00000090897	14517	8092
2099275	10090.ENSMUSP00000034866	1.14	1
2112749	10090.ENSMUSP00000119150	10990	1058
2105743	10090.ENSMUSP00000072620	24.1	56
2111187	10090.ENSMUSP00000104600	2.56	4
2094974	10090.ENSMUSP00000020779	2.0	2
2112443	10090.ENSMUSP00000113806	65.9	176
2113648	10090.ENSMUSP00000128525	3.19	24
2094429	10090.ENSMUSP00000017534	84.9	82
2096797	10090.ENSMUSP00000027123	28.2	27
2097145	10090.ENSMUSP00000028233	288	854
2098035	10090.ENSMUSP00000030985	923	1113
2094003	10090.ENSMUSP00000009329	224	65
2093680	10090.ENSMUSP00000005218	102	162
2095920	10090.ENSMUSP00000023714	24.3	87
2111387	10090.ENSMUSP00000105883	1.29	3
2100498	10090.ENSMUSP00000041149	92.6	19
2099017	10090.ENSMUSP00000034178	4.78	111
2105191	10090.ENSMUSP00000069418	3762	10393
2095947	10090.ENSMUSP00000023788	134	472
2098662	10090.ENSMUSP00000033050	49.5	35
2101019	10090.ENSMUSP00000044033	2966	2696
2095556	10090.ENSMUSP00000022603	1.07	1
2104884	10090.ENSMUSP00000066999	141	374
2097409	10090.ENSMUSP00000029078	1549	835
2100867	10090.ENSMUSP00000043203	137	28
2098331	10090.ENSMUSP00000031866	21.7	6
2099487	10090.ENSMUSP00000035658	1175	2674
2110238	10090.ENSMUSP00000099534	934	485
2106424	10090.ENSMUSP00000076383	2.73	2
2107512	10090.ENSMUSP00000083073	1.35	1
2111948	10090.ENSMUSP00000110099	1279	1388
2098927	10090.ENSMUSP00000033920	2.32	1
2101641	10090.ENSMUSP00000047393	8.04	4
2097061	10090.ENSMUSP00000027974	6.1	4
2096071	10090.ENSMUSP00000024739	2.05	5
2098711	10090.ENSMUSP00000033185	41122	44282
2099038	10090.ENSMUSP00000034230	14.0	10
2108019	10090.ENSMUSP00000087466	1.07	1
2114019	10090.ENSMUSP00000130678	8.58	2
2098267	10090.ENSMUSP00000031668	80.9	239
2112348	10090.ENSMUSP00000113211	0.691	1
2095882	10090.ENSMUSP00000023590	7446	7027
2099952	10090.ENSMUSP00000038232	611	883
2101138	10090.ENSMUSP00000044665	644	263
2096634	10090.ENSMUSP00000026499	4.2	6
2113518	10090.ENSMUSP00000127774	11.2	9
2104522	10090.ENSMUSP00000064479	142	20
2097163	10090.ENSMUSP00000028288	3.1	10
2093903	10090.ENSMUSP00000007275	15.3	60
2095068	10090.ENSMUSP00000021083	6.44	2
2112267	10090.ENSMUSP00000112665	1910	2938
2112038	10090.ENSMUSP00000110684	2.24	3
2113159	10090.ENSMUSP00000125531	397	704
2114557	10090.ENSMUSP00000134735	1.75	1
2098981	10090.ENSMUSP00000034064	16.5	19
2101904	10090.ENSMUSP00000048704	7374	4423
2105471	10090.ENSMUSP00000071231	0.483	2
2107098	10090.ENSMUSP00000080159	132	731
2107956	10090.ENSMUSP00000086852	107	68
2111084	10090.ENSMUSP00000103965	4232	9391
2111511	10090.ENSMUSP00000106859	54.7	29
2093399	10090.ENSMUSP00000002663	529	431
2107264	10090.ENSMUSP00000081011	4162	1954
2100750	10090.ENSMUSP00000042457	99.7	133
2095446	10090.ENSMUSP00000022264	10.5	30
2113362	10090.ENSMUSP00000126850	2.38	4
2097623	10090.ENSMUSP00000029714	2.36	4
2115219	10090.ENSMUSP00000136922	2.12	10
2108085	10090.ENSMUSP00000087974	1.96	1
2115205	10090.ENSMUSP00000136894	50.0	307
2094820	10090.ENSMUSP00000020286	2.51	1
2094783	10090.ENSMUSP00000020171	1.29	1
2108307	10090.ENSMUSP00000089793	0.826	3
2095879	10090.ENSMUSP00000023583	38639	23602
2114268	10090.ENSMUSP00000132226	348	283
2107500	10090.ENSMUSP00000082965	0.595	11
2114326	10090.ENSMUSP00000132590	80.2	80
2095995	10090.ENSMUSP00000023965	361	262
2112495	10090.ENSMUSP00000114350	13.2	4
2105550	10090.ENSMUSP00000071686	182	75
2114920	10090.ENSMUSP00000136398	5.28	8
2102182	10090.ENSMUSP00000050289	14.8	13
2105750	10090.ENSMUSP00000072652	13475	40050
2105905	10090.ENSMUSP00000073552	0.143	5
2096735	10090.ENSMUSP00000026890	702	166
2112487	10090.ENSMUSP00000114180	12.0	68
2094461	10090.ENSMUSP00000017867	163	54
2105542	10090.ENSMUSP00000071636	138	66
2104788	10090.ENSMUSP00000066419	2716	3686
2109373	10090.ENSMUSP00000096139	0.691	1
2114256	10090.ENSMUSP00000132130	19.2	13
2107794	10090.ENSMUSP00000085531	22.0	8
2096596	10090.ENSMUSP00000026408	2.21	2
2101206	10090.ENSMUSP00000045048	8.85	13
2097712	10090.ENSMUSP00000029987	279	178
2106241	10090.ENSMUSP00000075356	8.25	28
2096424	10090.ENSMUSP00000025827	2.83	2
2105267	10090.ENSMUSP00000069900	20.0	83
2102448	10090.ENSMUSP00000051895	22.0	18
2104426	10090.ENSMUSP00000063734	1.33	1
2096956	10090.ENSMUSP00000027615	1593	2166
2114598	10090.ENSMUSP00000135427	4.85	8
2106308	10090.ENSMUSP00000075716	7.19	2
2108308	10090.ENSMUSP00000089800	29.4	22
2094556	10090.ENSMUSP00000018737	1.99	1
2100734	10090.ENSMUSP00000042342	2.36	11
2097751	10090.ENSMUSP00000030121	6.02	5
2101108	10090.ENSMUSP00000044502	7.21	2
2096704	10090.ENSMUSP00000026737	20.9	6
2100174	10090.ENSMUSP00000039368	0.787	3
2094634	10090.ENSMUSP00000019323	4.06	2
2109405	10090.ENSMUSP00000096241	9.49	22
2093372	10090.ENSMUSP00000002400	2.73	1
2101412	10090.ENSMUSP00000046131	18.7	15
2095916	10090.ENSMUSP00000023709	195	593
2095942	10090.ENSMUSP00000023775	84.2	49
2111693	10090.ENSMUSP00000108391	226	160
2093244	10090.ENSMUSP00000001513	1.22	7
2112286	10090.ENSMUSP00000112770	77.9	14
2104524	10090.ENSMUSP00000064498	793	665
2109415	10090.ENSMUSP00000096266	15.9	13
2096908	10090.ENSMUSP00000027467	27.4	14
2115201	10090.ENSMUSP00000136887	12.3	6
2106693	10090.ENSMUSP00000077913	11.5	8
2107460	10090.ENSMUSP00000082682	26.4	7
2100155	10090.ENSMUSP00000039269	25.3	18
2093258	10090.ENSMUSP00000001592	10.9	19
2099584	10090.ENSMUSP00000036246	136	423
2105970	10090.ENSMUSP00000073869	0.256	5
2113290	10090.ENSMUSP00000126449	242	436
2107841	10090.ENSMUSP00000085915	1.76	3
2110632	10090.ENSMUSP00000100794	202	525
2093907	10090.ENSMUSP00000007317	5.17	42
2098419	10090.ENSMUSP00000032228	3088	13098
2100118	10090.ENSMUSP00000039046	167	125
2110549	10090.ENSMUSP00000100594	0.829	1
2102030	10090.ENSMUSP00000049394	7.31	2
2105009	10090.ENSMUSP00000068053	11.6	6
2113048	10090.ENSMUSP00000124480	153	37
2106213	10090.ENSMUSP00000075178	7.57	29
2103348	10090.ENSMUSP00000057096	7.4	15
2099862	10090.ENSMUSP00000037719	0.514	1
2094399	10090.ENSMUSP00000017142	569	141
2106065	10090.ENSMUSP00000074436	29204	20225
2107341	10090.ENSMUSP00000081596	436	3624
2095343	10090.ENSMUSP00000021940	5.53	2
2095890	10090.ENSMUSP00000023610	5.34	10
2105720	10090.ENSMUSP00000072510	6.98	6
2108906	10090.ENSMUSP00000093641	469	364
2108963	10090.ENSMUSP00000093955	1.6	2
2096056	10090.ENSMUSP00000024706	89.5	69
2096883	10090.ENSMUSP00000027384	1.6	3
2105213	10090.ENSMUSP00000069567	4.52	1
2095946	10090.ENSMUSP00000023786	121	458
2113607	10090.ENSMUSP00000128318	43.4	26
2114158	10090.ENSMUSP00000131489	71.5	11
2100738	10090.ENSMUSP00000042364	5.38	4
2112354	10090.ENSMUSP00000113246	466	3705
2109217	10090.ENSMUSP00000095655	727	3341
2108034	10090.ENSMUSP00000087608	94.7	101
2097160	10090.ENSMUSP00000028280	0.155	1
2112028	10090.ENSMUSP00000110610	0.357	2
2113271	10090.ENSMUSP00000126334	0.457	2
2102922	10090.ENSMUSP00000054583	95.0	149
2112997	10090.ENSMUSP00000123949	12.3	6
2101850	10090.ENSMUSP00000048425	85.3	33
2100338	10090.ENSMUSP00000040246	2506	1039
2098658	10090.ENSMUSP00000033036	153	129
2098456	10090.ENSMUSP00000032342	38.8	4
2097148	10090.ENSMUSP00000028239	9833	10015
2105875	10090.ENSMUSP00000073326	17.6	27
2093250	10090.ENSMUSP00000001547	65.0	196
2112639	10090.ENSMUSP00000117022	75.4	57
2104538	10090.ENSMUSP00000064545	6.15	5
2095948	10090.ENSMUSP00000023790	552	692
2093148	10090.ENSMUSP00000000769	813	532
2109380	10090.ENSMUSP00000096159	1081	137
2095950	10090.ENSMUSP00000023799	116	252
2109052	10090.ENSMUSP00000094667	93.4	14
2095197	10090.ENSMUSP00000021496	0.636	4
2103872	10090.ENSMUSP00000060169	307	396
2112826	10090.ENSMUSP00000120528	5.15	1
2094389	10090.ENSMUSP00000016771	1.67	7
2115258	10090.ENSMUSP00000136999	2.37	1
2111151	10090.ENSMUSP00000104405	0.685	11
2099015	10090.ENSMUSP00000034172	60.9	392
2093135	10090.ENSMUSP00000000687	8.14	4
2110473	10090.ENSMUSP00000100036	5.43	6
2095917	10090.ENSMUSP00000023710	35.4	167
2106232	10090.ENSMUSP00000075279	2.3	3
2108919	10090.ENSMUSP00000093698	8.69	19
2105065	10090.ENSMUSP00000068479	36.8	19
2099236	10090.ENSMUSP00000034756	1.67	1
2108057	10090.ENSMUSP00000087756	0.096	1
2109034	10090.ENSMUSP00000094334	13.0	12
2103995	10090.ENSMUSP00000061014	0.571	11
2107578	10090.ENSMUSP00000083587	34.3	41
2108243	10090.ENSMUSP00000089301	4.85	8
2093454	10090.ENSMUSP00000003071	1395	292
2099062	10090.ENSMUSP00000034285	17.3	3
2111802	10090.ENSMUSP00000109067	8.17	26
2113507	10090.ENSMUSP00000127709	3.8	2
2101808	10090.ENSMUSP00000048218	56.1	377
2096879	10090.ENSMUSP00000027377	975	474
2103885	10090.ENSMUSP00000060246	7.57	29
2110479	10090.ENSMUSP00000100044	5.43	6
2112474	10090.ENSMUSP00000114076	31.5	10
2106835	10090.ENSMUSP00000078625	12.1	22
2093979	10090.ENSMUSP00000008966	4.22	1
2109937	10090.ENSMUSP00000098066	313	882
2106242	10090.ENSMUSP00000075365	5516	548
2097313	10090.ENSMUSP00000028826	23.0	26
2097411	10090.ENSMUSP00000029082	170	114
2113480	10090.ENSMUSP00000127526	2.33	1
2095282	10090.ENSMUSP00000021773	539	1205
2098265	10090.ENSMUSP00000031663	767	1236
2097733	10090.ENSMUSP00000030044	18928	12468
2093875	10090.ENSMUSP00000006963	0.165	5
2102185	10090.ENSMUSP00000050300	107	56
2113401	10090.ENSMUSP00000127034	1.84	2
2102447	10090.ENSMUSP00000051888	3.54	2
2095173	10090.ENSMUSP00000021412	25.0	18
2108744	10090.ENSMUSP00000092698	155	345
2098387	10090.ENSMUSP00000032138	3.3	1
2094658	10090.ENSMUSP00000019514	24.1	17
2112400	10090.ENSMUSP00000113527	4.24	7
2098145	10090.ENSMUSP00000031314	1856	2342
2096499	10090.ENSMUSP00000026050	1.55	1
2093334	10090.ENSMUSP00000002099	25.5	26
2115146	10090.ENSMUSP00000136792	1.92	4
2112890	10090.ENSMUSP00000121729	7.3	111
2093678	10090.ENSMUSP00000005185	22.3	3
2112406	10090.ENSMUSP00000113571	0.917	2
2094298	10090.ENSMUSP00000015663	43.8	15
2110482	10090.ENSMUSP00000100048	5.43	6
2094130	10090.ENSMUSP00000012348	7.84	17
2108619	10090.ENSMUSP00000092065	3524	5203
2095915	10090.ENSMUSP00000023707	52.8	11
2107409	10090.ENSMUSP00000082130	9263	26194
2107186	10090.ENSMUSP00000080608	107	68
2098951	10090.ENSMUSP00000033992	57.0	49
2096696	10090.ENSMUSP00000026698	2.37	1
2099051	10090.ENSMUSP00000034264	15.3	8
2109675	10090.ENSMUSP00000097294	4.85	8
2102624	10090.ENSMUSP00000052866	1.22	1
2094953	10090.ENSMUSP00000020704	4.18	2
2106271	10090.ENSMUSP00000075513	58.3	135
2093959	10090.ENSMUSP00000008537	38.1	14
2097139	10090.ENSMUSP00000028222	118	168
2098346	10090.ENSMUSP00000031931	667	489
2099915	10090.ENSMUSP00000038048	5217	2130
2106429	10090.ENSMUSP00000076397	4.85	8
2114017	10090.ENSMUSP00000130668	10.8	18
2099557	10090.ENSMUSP00000036092	106	726
2104339	10090.ENSMUSP00000063104	1.35	1
2096633	10090.ENSMUSP00000026498	54.9	25
2095090	10090.ENSMUSP00000021158	3.55	1
2095035	10090.ENSMUSP00000020990	6.17	2
2110614	10090.ENSMUSP00000100738	4.85	8
2113693	10090.ENSMUSP00000128803	6.73	2
2103312	10090.ENSMUSP00000056836	8552	4167
2108099	10090.ENSMUSP00000088057	17.7	26
2110064	10090.ENSMUSP00000098829	5.34	2
2113054	10090.ENSMUSP00000124523	362	211
2114039	10090.ENSMUSP00000130795	511	3549
2094888	10090.ENSMUSP00000020504	38.3	11
2094443	10090.ENSMUSP00000017637	665	430
2101855	10090.ENSMUSP00000048439	11.4	97
2098955	10090.ENSMUSP00000034003	2.34	2
2104542	10090.ENSMUSP00000064555	1.05	1
2100686	10090.ENSMUSP00000042095	19544	25139
2098383	10090.ENSMUSP00000032129	23.4	5
2114127	10090.ENSMUSP00000131316	2.98	25
2095674	10090.ENSMUSP00000022946	40.8	12
2094232	10090.ENSMUSP00000014913	23.3	13
2095793	10090.ENSMUSP00000023312	1.45	2
2111421	10090.ENSMUSP00000106085	11.5	6
2101013	10090.ENSMUSP00000044004	0.916	8
2106113	10090.ENSMUSP00000074659	0.958	1
2105453	10090.ENSMUSP00000071135	1.3	6
2098149	10090.ENSMUSP00000031320	847	54
2094788	10090.ENSMUSP00000020190	6.59	9
2093607	10090.ENSMUSP00000004456	431	561
2101479	10090.ENSMUSP00000046530	436	858
2107237	10090.ENSMUSP00000080908	48.8	382
2115598	10090.ENSMUSP00000137585	0.181	1
2100727	10090.ENSMUSP00000042303	0.677	1
2093182	10090.ENSMUSP00000001055	2.07	2
2103101	10090.ENSMUSP00000055637	45.9	5
2113524	10090.ENSMUSP00000127808	352	1511
2101498	10090.ENSMUSP00000046610	744	294
2109215	10090.ENSMUSP00000095650	459	3167
2097429	10090.ENSMUSP00000029140	97.3	29
2096113	10090.ENSMUSP00000024866	0.854	2
2100683	10090.ENSMUSP00000042073	1.58	1
2102195	10090.ENSMUSP00000050374	8.78	3
2099266	10090.ENSMUSP00000034848	136	55
2101178	10090.ENSMUSP00000044903	53.0	150
2093557	10090.ENSMUSP00000003947	2.29	3
2110471	10090.ENSMUSP00000100033	5.43	6
2102920	10090.ENSMUSP00000054556	51.6	106
2106651	10090.ENSMUSP00000077687	72.4	162
2099371	10090.ENSMUSP00000035158	573	1620
2099179	10090.ENSMUSP00000034588	74993	23660
2110056	10090.ENSMUSP00000098768	1717	877
2112688	10090.ENSMUSP00000117987	182	75
2096325	10090.ENSMUSP00000025523	320	457
2094291	10090.ENSMUSP00000015605	5.92	5
2093501	10090.ENSMUSP00000003493	2.65	2
2101840	10090.ENSMUSP00000048357	877	946
2094489	10090.ENSMUSP00000018246	4.85	8
2097768	10090.ENSMUSP00000030164	6.14	12
2102613	10090.ENSMUSP00000052804	8.87	5
2115003	10090.ENSMUSP00000136544	24.6	41
2109573	10090.ENSMUSP00000096912	16.4	28
2113584	10090.ENSMUSP00000128187	61.3	243
2108735	10090.ENSMUSP00000092661	551	4038
2100133	10090.ENSMUSP00000039110	1.5	1
2101501	10090.ENSMUSP00000046636	30125	32669
2110218	10090.ENSMUSP00000099491	13.9	20
2094400	10090.ENSMUSP00000017144	162	41
2107649	10090.ENSMUSP00000084259	88.1	37
2103266	10090.ENSMUSP00000056604	2.86	4
2098532	10090.ENSMUSP00000032573	46.8	19
2099357	10090.ENSMUSP00000035105	1.03	1
2094581	10090.ENSMUSP00000018963	8.24	8
2094439	10090.ENSMUSP00000017610	52.6	23
2112137	10090.ENSMUSP00000111309	40.2	7
2110946	10090.ENSMUSP00000103034	17.3	154
2096146	10090.ENSMUSP00000024963	7.2	3
2097698	10090.ENSMUSP00000029929	2.32	6
2105987	10090.ENSMUSP00000073964	1.03	1
2105413	10090.ENSMUSP00000070848	80.2	27
2104729	10090.ENSMUSP00000065922	3.56	17
2105199	10090.ENSMUSP00000069457	4.47	5
2094466	10090.ENSMUSP00000017904	1.2	1
2094329	10090.ENSMUSP00000015994	0.417	1
2112218	10090.ENSMUSP00000112259	218	77
2095233	10090.ENSMUSP00000021610	91.0	60
2110414	10090.ENSMUSP00000099908	52.2	68
2095055	10090.ENSMUSP00000021049	1.26	1
2113736	10090.ENSMUSP00000129031	8.39	3
2110239	10090.ENSMUSP00000099539	32.2	21
2101324	10090.ENSMUSP00000045608	42.8	5
2101938	10090.ENSMUSP00000048836	693	447
2110187	10090.ENSMUSP00000099420	610	836
2106141	10090.ENSMUSP00000074810	9113	9301
2099579	10090.ENSMUSP00000036220	1.85	3
2103093	10090.ENSMUSP00000055562	1.81	2
2103919	10090.ENSMUSP00000060495	47.4	12
2107774	10090.ENSMUSP00000085335	32.2	167
2095897	10090.ENSMUSP00000023629	10.1	11
2114515	10090.ENSMUSP00000134112	1.95	3
2098343	10090.ENSMUSP00000031910	10879	3855
2097095	10090.ENSMUSP00000028081	5.1	4
2093902	10090.ENSMUSP00000007272	58.5	206
2105926	10090.ENSMUSP00000073667	38.3	57
2095541	10090.ENSMUSP00000022576	402	300
2105859	10090.ENSMUSP00000073244	11.4	3
2095562	10090.ENSMUSP00000022616	6161	4875
2098999	10090.ENSMUSP00000034121	1.91	4
2093893	10090.ENSMUSP00000007248	5.32	37
2110035	10090.ENSMUSP00000098639	3409	11224
2096223	10090.ENSMUSP00000025229	3974	9274
2108433	10090.ENSMUSP00000090910	2.74	3
2112676	10090.ENSMUSP00000117677	2309	9335
2102341	10090.ENSMUSP00000051223	1.77	1
2099323	10090.ENSMUSP00000034989	8.9	10
2096201	10090.ENSMUSP00000025166	2.58	3
2113987	10090.ENSMUSP00000130465	152	231
2096224	10090.ENSMUSP00000025230	18.5	66
2099547	10090.ENSMUSP00000036044	105	994
2111343	10090.ENSMUSP00000105583	49.7	164
2101636	10090.ENSMUSP00000047374	15.2	20
2102429	10090.ENSMUSP00000051799	6.02	1
2110999	10090.ENSMUSP00000103483	58.2	1
2093576	10090.ENSMUSP00000004137	7.58	17
2115059	10090.ENSMUSP00000136633	229	121
2105139	10090.ENSMUSP00000069019	1.98	1
2093575	10090.ENSMUSP00000004136	11.3	20
2107032	10090.ENSMUSP00000079727	58.3	135
2108202	10090.ENSMUSP00000088833	5.54	3
2104062	10090.ENSMUSP00000061519	42.2	65
2094924	10090.ENSMUSP00000020617	120	317
2093306	10090.ENSMUSP00000001927	0.439	1
2093904	10090.ENSMUSP00000007280	60.7	172
2105389	10090.ENSMUSP00000070709	229	121
2103703	10090.ENSMUSP00000059142	132	99
2113000	10090.ENSMUSP00000123997	0.394	1
2109982	10090.ENSMUSP00000098295	11.5	4
2105129	10090.ENSMUSP00000068971	11148	11262
2095573	10090.ENSMUSP00000022641	21.1	20
2093200	10090.ENSMUSP00000001156	2496	2041
2096844	10090.ENSMUSP00000027269	13.7	10
2108819	10090.ENSMUSP00000093101	16311	35619
2094593	10090.ENSMUSP00000019037	574	239
2101942	10090.ENSMUSP00000048857	24.1	17
2108554	10090.ENSMUSP00000091685	59.1	45
2097731	10090.ENSMUSP00000030041	1265	1615
2097397	10090.ENSMUSP00000029041	38.7	11
2100195	10090.ENSMUSP00000039472	17856	18348
2110948	10090.ENSMUSP00000103039	0.154	5
2107548	10090.ENSMUSP00000083375	3.68	2
2096412	10090.ENSMUSP00000025797	4237	1911
2094957	10090.ENSMUSP00000020710	240	169
2111166	10090.ENSMUSP00000104485	197	44
2107949	10090.ENSMUSP00000086795	61.4	17
2093401	10090.ENSMUSP00000002678	10.9	7
2097757	10090.ENSMUSP00000030134	15.7	7
2095428	10090.ENSMUSP00000022213	62.6	112
2093091	10090.ENSMUSP00000000312	53.2	49
2100446	10090.ENSMUSP00000040877	2028	1573
2093858	10090.ENSMUSP00000006828	1.06	1
2102911	10090.ENSMUSP00000054499	6937	31181
2100908	10090.ENSMUSP00000043467	7.98	6
2106031	10090.ENSMUSP00000074258	1.98	1
2094686	10090.ENSMUSP00000019726	5.37	4
2104946	10090.ENSMUSP00000067541	2112	3038
2096403	10090.ENSMUSP00000025762	15.2	1
2104244	10090.ENSMUSP00000062556	2.01	2
2104530	10090.ENSMUSP00000064518	0.541	1
2094567	10090.ENSMUSP00000018803	1.55	1
2113840	10090.ENSMUSP00000129565	57.7	31
2100330	10090.ENSMUSP00000040222	49.8	42
2095522	10090.ENSMUSP00000022529	9.2	12
2094970	10090.ENSMUSP00000020768	2.82	1
2104759	10090.ENSMUSP00000066214	0.983	1
2099788	10090.ENSMUSP00000037348	30.1	27
2097015	10090.ENSMUSP00000027824	2136	997
2111926	10090.ENSMUSP00000109907	115	26
2096616	10090.ENSMUSP00000026459	21.3	26
2110470	10090.ENSMUSP00000100032	5.43	6
2098802	10090.ENSMUSP00000033540	3.1	1
2102009	10090.ENSMUSP00000049285	220	59
2111993	10090.ENSMUSP00000110411	22.8	18
2095491	10090.ENSMUSP00000022428	1328	423
2106736	10090.ENSMUSP00000078138	258	902
2099176	10090.ENSMUSP00000034584	9.36	8
2104762	10090.ENSMUSP00000066228	1.36	3
2100715	10090.ENSMUSP00000042232	4.31	2
2094362	10090.ENSMUSP00000016400	18.9	12
2093266	10090.ENSMUSP00000001667	50.6	13
2094606	10090.ENSMUSP00000019071	18.4	3
2098359	10090.ENSMUSP00000032065	3.88	4
2101829	10090.ENSMUSP00000048309	0.202	1
2099020	10090.ENSMUSP00000034187	9.77	11
2097273	10090.ENSMUSP00000028681	5297	5905
2098821	10090.ENSMUSP00000033585	8.58	19
2105774	10090.ENSMUSP00000072773	12.1	20
2096404	10090.ENSMUSP00000025764	87.4	29
2099586	10090.ENSMUSP00000036257	1.87	3
2107246	10090.ENSMUSP00000080976	223	36
2098871	10090.ENSMUSP00000033754	2.8	6
2104468	10090.ENSMUSP00000064072	463	3141
2097672	10090.ENSMUSP00000029850	4.58	3
2105808	10090.ENSMUSP00000072942	169	723
2105514	10090.ENSMUSP00000071486	313	882
2099085	10090.ENSMUSP00000034355	1.39	1
2106759	10090.ENSMUSP00000078239	4.85	8
2110478	10090.ENSMUSP00000100042	5.43	6
2096458	10090.ENSMUSP00000025918	6.39	4
2093873	10090.ENSMUSP00000006952	3692	1109
2108705	10090.ENSMUSP00000092502	0.399	2
2094674	10090.ENSMUSP00000019649	29.1	68
2094326	10090.ENSMUSP00000015941	2.36	7
2115534	10090.ENSMUSP00000137476	236	299
2094330	10090.ENSMUSP00000015998	412	316
2094117	10090.ENSMUSP00000011896	2.79	1
2107723	10090.ENSMUSP00000084918	12.1	19
2103420	10090.ENSMUSP00000057563	55.4	49
2107617	10090.ENSMUSP00000083908	2.38	2
2100016	10090.ENSMUSP00000038559	3838	2839
2105510	10090.ENSMUSP00000071466	9.06	31
2094209	10090.ENSMUSP00000014578	15123	26287
2105547	10090.ENSMUSP00000071662	0.189	1
2101092	10090.ENSMUSP00000044420	3.79	1
2095740	10090.ENSMUSP00000023134	798	252
2101399	10090.ENSMUSP00000046079	1.18	1
2112434	10090.ENSMUSP00000113761	3.78	1
2094205	10090.ENSMUSP00000014505	11.7	20
2104554	10090.ENSMUSP00000064655	232	57
2098344	10090.ENSMUSP00000031913	824	646
2110166	10090.ENSMUSP00000099385	4.47	1
2099830	10090.ENSMUSP00000037555	20.8	260
2108017	10090.ENSMUSP00000087453	7.39	4
2108260	10090.ENSMUSP00000089343	1.92	4
2110357	10090.ENSMUSP00000099793	1.35	3
2095629	10090.ENSMUSP00000022793	0.47	1
2099190	10090.ENSMUSP00000034610	108	11
2106962	10090.ENSMUSP00000079306	11.8	53
2096178	10090.ENSMUSP00000025062	24.0	11
2104308	10090.ENSMUSP00000062920	6.0	3
2112864	10090.ENSMUSP00000121203	31.7	26
2106972	10090.ENSMUSP00000079362	21.8	44
2097089	10090.ENSMUSP00000028062	2.55	2
2099388	10090.ENSMUSP00000035211	523	677
2111434	10090.ENSMUSP00000106180	78.4	60
2111602	10090.ENSMUSP00000107653	179	58
2104540	10090.ENSMUSP00000064551	1265	3202
2096167	10090.ENSMUSP00000025027	24.4	5
2102810	10090.ENSMUSP00000053962	1056	240
2105181	10090.ENSMUSP00000069318	2477	2855
2110937	10090.ENSMUSP00000102982	18.3	11
2099150	10090.ENSMUSP00000034512	26.0	10
2094223	10090.ENSMUSP00000014743	3.13	3
2093846	10090.ENSMUSP00000006749	1.15	3
2096530	10090.ENSMUSP00000026162	10.3	5
2099212	10090.ENSMUSP00000034699	13.1	7
2095659	10090.ENSMUSP00000022894	26.7	18
2111885	10090.ENSMUSP00000109660	2.56	1
2110292	10090.ENSMUSP00000099653	1.39	1
2099343	10090.ENSMUSP00000035061	147	36
2110830	10090.ENSMUSP00000102078	66.1	15
2110080	10090.ENSMUSP00000098936	45.1	91
2099021	10090.ENSMUSP00000034189	2736	5233
2108309	10090.ENSMUSP00000089801	1177	202
2095776	10090.ENSMUSP00000023248	23.4	3
2110196	10090.ENSMUSP00000099436	18.9	7
2098119	10090.ENSMUSP00000031249	312	513
2094074	10090.ENSMUSP00000010520	19.7	2
2097803	10090.ENSMUSP00000030280	15.9	12
2107734	10090.ENSMUSP00000085016	0.436	1
2097858	10090.ENSMUSP00000030455	8.82	6
2097617	10090.ENSMUSP00000029699	0.733	1
2099372	10090.ENSMUSP00000035163	7694	10662
2098322	10090.ENSMUSP00000031843	10.4	2
2108947	10090.ENSMUSP00000093843	1064	1759
2094013	10090.ENSMUSP00000009425	227	95
2104563	10090.ENSMUSP00000064691	23.6	82
2103246	10090.ENSMUSP00000056479	0.575	5
2104856	10090.ENSMUSP00000066822	2.09	1
2107476	10090.ENSMUSP00000082793	39.9	16
2107260	10090.ENSMUSP00000081004	1939	1918
2106912	10090.ENSMUSP00000079025	28.9	9
2112076	10090.ENSMUSP00000110885	145	75
2106123	10090.ENSMUSP00000074724	43.8	5
2093750	10090.ENSMUSP00000005923	1.91	1
2093554	10090.ENSMUSP00000003911	9.21	2
2096960	10090.ENSMUSP00000027639	7.98	8
2103323	10090.ENSMUSP00000056916	4.51	1
2104454	10090.ENSMUSP00000063933	0.547	1
2105082	10090.ENSMUSP00000068594	4.45	8
2095918	10090.ENSMUSP00000023712	86.6	221
2099724	10090.ENSMUSP00000037018	12272	12682
2095990	10090.ENSMUSP00000023934	19823	16918
2104648	10090.ENSMUSP00000065349	58.0	249
2101373	10090.ENSMUSP00000045912	7.53	6
2101918	10090.ENSMUSP00000048765	3448	982
2102892	10090.ENSMUSP00000054389	6.24	5
2094310	10090.ENSMUSP00000015800	33.0	72
2107452	10090.ENSMUSP00000082548	8.41	2
2107769	10090.ENSMUSP00000085311	52.3	316
2108825	10090.ENSMUSP00000093124	0.512	2
2095991	10090.ENSMUSP00000023952	36.6	167
2093577	10090.ENSMUSP00000004140	12.0	20
2108773	10090.ENSMUSP00000092836	11.9	131
2101228	10090.ENSMUSP00000045162	71.9	67
2115272	10090.ENSMUSP00000137025	50.0	307
2097539	10090.ENSMUSP00000029515	25.6	3
2105411	10090.ENSMUSP00000070842	103	17
2101433	10090.ENSMUSP00000046256	1.96	1
2100443	10090.ENSMUSP00000040853	4.04	1
2111453	10090.ENSMUSP00000106317	226	410
2105443	10090.ENSMUSP00000071054	3.35	3
2112192	10090.ENSMUSP00000112006	69.1	52
2104024	10090.ENSMUSP00000061247	4.85	8
2113506	10090.ENSMUSP00000127697	285	33
2115440	10090.ENSMUSP00000137313	38.1	14
2097916	10090.ENSMUSP00000030651	15.4	1
2096469	10090.ENSMUSP00000025951	1986	1274
2114543	10090.ENSMUSP00000134570	175	728
2098626	10090.ENSMUSP00000032949	2.04	1
2114417	10090.ENSMUSP00000133117	16636	21913
2095880	10090.ENSMUSP00000023587	9267	4852
2104654	10090.ENSMUSP00000065393	413	257
2102313	10090.ENSMUSP00000051033	6.34	24
2110474	10090.ENSMUSP00000100037	5.43	6
2112186	10090.ENSMUSP00000111893	56.9	228
2111598	10090.ENSMUSP00000107620	158	339
2094427	10090.ENSMUSP00000017488	3300	3765
2109009	10090.ENSMUSP00000094151	6793	6693
2096001	10090.ENSMUSP00000024015	62.1	13
2096967	10090.ENSMUSP00000027657	1575	1490
2107913	10090.ENSMUSP00000086542	6.74	5
2095346	10090.ENSMUSP00000021948	3634	3862
2097298	10090.ENSMUSP00000028783	1.24	1
2109416	10090.ENSMUSP00000096270	50.0	307
2099648	10090.ENSMUSP00000036631	1.33	2
2107732	10090.ENSMUSP00000085006	5.43	6
2109332	10090.ENSMUSP00000095927	6.77	8
2094409	10090.ENSMUSP00000017270	101	163
2096640	10090.ENSMUSP00000026538	8.63	4
2097970	10090.ENSMUSP00000030805	79.9	27
2112167	10090.ENSMUSP00000111514	1.89	3
2094855	10090.ENSMUSP00000020397	5.3	1
2097607	10090.ENSMUSP00000029676	0.716	1
2108132	10090.ENSMUSP00000088287	11.5	6
2096642	10090.ENSMUSP00000026540	143	38
2106534	10090.ENSMUSP00000077074	8184	12062
2099180	10090.ENSMUSP00000034590	11.2	3
2104496	10090.ENSMUSP00000064241	1.81	1
2112614	10090.ENSMUSP00000116492	4.67	4
2098648	10090.ENSMUSP00000033008	63.2	39
2114409	10090.ENSMUSP00000133092	0.399	2
2101294	10090.ENSMUSP00000045465	15.7	15
2097399	10090.ENSMUSP00000029046	78.7	22
2113897	10090.ENSMUSP00000129853	32.3	17
2115145	10090.ENSMUSP00000136791	57.0	66
2096965	10090.ENSMUSP00000027650	1.15	1
2098891	10090.ENSMUSP00000033820	19.4	14
2094952	10090.ENSMUSP00000020702	1090	561
2098679	10090.ENSMUSP00000033096	85.3	87
2093687	10090.ENSMUSP00000005292	638	278
2097776	10090.ENSMUSP00000030187	3.45	14
2094799	10090.ENSMUSP00000020238	2.29	5
2108347	10090.ENSMUSP00000090245	200	88
2110532	10090.ENSMUSP00000100546	5.43	6
2094968	10090.ENSMUSP00000020759	227	200
2097218	10090.ENSMUSP00000028487	146	43
2095679	10090.ENSMUSP00000022960	0.658	1
2111766	10090.ENSMUSP00000108804	6456	7308
2109852	10090.ENSMUSP00000097623	4006	6630
2103283	10090.ENSMUSP00000056669	41.4	33
2102803	10090.ENSMUSP00000053923	1.09	1
2099752	10090.ENSMUSP00000037129	0.507	1
2097667	10090.ENSMUSP00000029840	26.1	22
2110334	10090.ENSMUSP00000099736	0.698	5
2107840	10090.ENSMUSP00000085913	5.38	4
2110677	10090.ENSMUSP00000101032	1.37	1
2112737	10090.ENSMUSP00000118962	86.2	219
2111010	10090.ENSMUSP00000103546	3.54	2
2097408	10090.ENSMUSP00000029076	146	97
2098597	10090.ENSMUSP00000032865	7.32	9
2098893	10090.ENSMUSP00000033822	1895	1414
2111474	10090.ENSMUSP00000106481	6.51	5
2093531	10090.ENSMUSP00000003659	26.0	44
2102256	10090.ENSMUSP00000050698	31.3	68
2097561	10090.ENSMUSP00000029566	3.16	2
2111420	10090.ENSMUSP00000106082	4.85	8
2095883	10090.ENSMUSP00000023593	1591	860
2095831	10090.ENSMUSP00000023450	230	252
2104377	10090.ENSMUSP00000063376	5.63	1
2110185	10090.ENSMUSP00000099416	0.156	5
2095385	10090.ENSMUSP00000022082	30.1	4
2111861	10090.ENSMUSP00000109511	20.0	185
2107340	10090.ENSMUSP00000081579	150	189
2100960	10090.ENSMUSP00000043724	2.63	1
2107008	10090.ENSMUSP00000079628	27.7	5
2114244	10090.ENSMUSP00000132065	362	211
2093555	10090.ENSMUSP00000003912	9.76	6
2098776	10090.ENSMUSP00000033477	35.2	28
2105452	10090.ENSMUSP00000071134	6.57	26
2102909	10090.ENSMUSP00000054490	61.1	11
2093646	10090.ENSMUSP00000004913	18.9	3
2099126	10090.ENSMUSP00000034453	73.9	487
2105661	10090.ENSMUSP00000072197	81.0	20
2096205	10090.ENSMUSP00000025181	16.9	185
2101675	10090.ENSMUSP00000047564	0.457	2
2101446	10090.ENSMUSP00000046340	458	493
2111344	10090.ENSMUSP00000105584	177	1492
2107714	10090.ENSMUSP00000084846	215	316
2099866	10090.ENSMUSP00000037754	941	835
2106911	10090.ENSMUSP00000079022	64.3	124
2103109	10090.ENSMUSP00000055694	1.59	1
2096717	10090.ENSMUSP00000026827	4.62	2
2112037	10090.ENSMUSP00000110673	1.61	1
2098823	10090.ENSMUSP00000033597	8.05	4
2106692	10090.ENSMUSP00000077909	11664	34090
2096058	10090.ENSMUSP00000024708	16.8	22
2097096	10090.ENSMUSP00000028083	9.68	6
2095590	10090.ENSMUSP00000022693	12.5	27
2114050	10090.ENSMUSP00000130858	90.0	69
2099078	10090.ENSMUSP00000034339	84.5	103
2099217	10090.ENSMUSP00000034713	1.64	3
2111423	10090.ENSMUSP00000106099	4.72	8
2109216	10090.ENSMUSP00000095654	638	4038
2096362	10090.ENSMUSP00000025656	2.95	8
2110468	10090.ENSMUSP00000100029	5.43	6
2099288	10090.ENSMUSP00000034902	0.691	1
2107458	10090.ENSMUSP00000082652	3.39	1
2104638	10090.ENSMUSP00000065275	19.7	22
2098643	10090.ENSMUSP00000032998	87.3	43
2106570	10090.ENSMUSP00000077290	4.85	8
2095966	10090.ENSMUSP00000023832	3.22	2
2097483	10090.ENSMUSP00000029367	42.4	51
2112327	10090.ENSMUSP00000113051	19.8	16
2099065	10090.ENSMUSP00000034299	9.37	6
2100955	10090.ENSMUSP00000043703	0.502	1
2106137	10090.ENSMUSP00000074783	167	58
2095371	10090.ENSMUSP00000022039	70.0	56
2106344	10090.ENSMUSP00000075945	0.664	5
2093058	10090.ENSMUSP00000000109	0.498	1
2105618	10090.ENSMUSP00000071976	227	219
2099763	10090.ENSMUSP00000037206	14.7	3
2099177	10090.ENSMUSP00000034585	11335	10044
2098892	10090.ENSMUSP00000033821	2439	2229
2115080	10090.ENSMUSP00000136673	0.746	1
2110142	10090.ENSMUSP00000099307	29.7	48
2094928	10090.ENSMUSP00000020630	4.75	7
2095598	10090.ENSMUSP00000022704	1.23	1
2098458	10090.ENSMUSP00000032344	2.48	1
2093785	10090.ENSMUSP00000006235	517	527
2100094	10090.ENSMUSP00000038931	27.5	19
2097872	10090.ENSMUSP00000030491	7.6	4
2093453	10090.ENSMUSP00000003066	8550	3891
2109031	10090.ENSMUSP00000094321	29.9	8
2093349	10090.ENSMUSP00000002274	4.16	3
2097032	10090.ENSMUSP00000027871	275	145
2094446	10090.ENSMUSP00000017732	13.0	97
2093518	10090.ENSMUSP00000003575	158	49
2113712	10090.ENSMUSP00000128910	395	2733
2094122	10090.ENSMUSP00000012161	0.835	1
2104511	10090.ENSMUSP00000064385	157	40
2102481	10090.ENSMUSP00000052086	51.8	203
2112538	10090.ENSMUSP00000115062	2.25	11
2103282	10090.ENSMUSP00000056668	2434	338
2111888	10090.ENSMUSP00000109673	8.87	5
2102088	10090.ENSMUSP00000049729	40.0	88
2095795	10090.ENSMUSP00000023329	207	29
2111518	10090.ENSMUSP00000106926	11.7	7
2106788	10090.ENSMUSP00000078388	8.58	2
2114846	10090.ENSMUSP00000136275	0.399	2
2094779	10090.ENSMUSP00000020161	84.9	60
2097011	10090.ENSMUSP00000027810	21.0	16
2099802	10090.ENSMUSP00000037417	12.6	5
2096232	10090.ENSMUSP00000025249	5296	914
2097735	10090.ENSMUSP00000030051	152	49
2095198	10090.ENSMUSP00000021506	1734	5931
2099466	10090.ENSMUSP00000035551	157	54
2095644	10090.ENSMUSP00000022836	12.6	5
2111131	10090.ENSMUSP00000104231	7.5	5
2110551	10090.ENSMUSP00000100598	0.512	2
2093424	10090.ENSMUSP00000002846	29.5	18
2108734	10090.ENSMUSP00000092659	568	3957
2105038	10090.ENSMUSP00000068260	26.8	23
2107626	10090.ENSMUSP00000084043	974	727
2100769	10090.ENSMUSP00000042590	50.3	54
2112785	10090.ENSMUSP00000119790	98.4	163
2110422	10090.ENSMUSP00000099935	2.87	8
2096090	10090.ENSMUSP00000024792	12.3	5
2096786	10090.ENSMUSP00000027067	27.5	15
2094834	10090.ENSMUSP00000020329	1258	3899
2106042	10090.ENSMUSP00000074317	4.61	17
2107126	10090.ENSMUSP00000080302	24.6	41
2115325	10090.ENSMUSP00000137120	2.13	4
2096451	10090.ENSMUSP00000025904	9.34	5
2100203	10090.ENSMUSP00000039507	3.42	1
2094511	10090.ENSMUSP00000018437	39.2	15
2106034	10090.ENSMUSP00000074264	551	4038
2107470	10090.ENSMUSP00000082758	6.45	1
2098894	10090.ENSMUSP00000033824	7.26	8
2098148	10090.ENSMUSP00000031319	380	114
2106981	10090.ENSMUSP00000079442	551	4038
2111250	10090.ENSMUSP00000104992	108	11
2097293	10090.ENSMUSP00000028764	85.2	44
2095616	10090.ENSMUSP00000022749	2634	3110
2104852	10090.ENSMUSP00000066805	1.14	1
2105783	10090.ENSMUSP00000072829	362	211
2093278	10090.ENSMUSP00000001715	0.696	1
2111618	10090.ENSMUSP00000107760	16624	49164
2095319	10090.ENSMUSP00000021880	203	46
2108149	10090.ENSMUSP00000088372	135	117
2108644	10090.ENSMUSP00000092225	54.4	23
2111622	10090.ENSMUSP00000107795	335	1
2098412	10090.ENSMUSP00000032203	65.0	751
2100235	10090.ENSMUSP00000039684	10.9	19
2113909	10090.ENSMUSP00000129930	5.43	6
2095266	10090.ENSMUSP00000021698	1.45	2
2096514	10090.ENSMUSP00000026122	8.44	8
2099208	10090.ENSMUSP00000034689	3.0	1
2108006	10090.ENSMUSP00000087327	173	188
2101834	10090.ENSMUSP00000048334	58.0	154
2095913	10090.ENSMUSP00000023693	132	127
2110036	10090.ENSMUSP00000098641	544	3607
2114526	10090.ENSMUSP00000134266	1.87	9
2110255	10090.ENSMUSP00000099581	2.05	1
2100810	10090.ENSMUSP00000042883	30.6	76
2095949	10090.ENSMUSP00000023797	9.2	45
2107772	10090.ENSMUSP00000085329	7.77	15
2108044	10090.ENSMUSP00000087658	18.3	3
2099178	10090.ENSMUSP00000034586	27160	9339
2107198	10090.ENSMUSP00000080659	1.8	3
2096102	10090.ENSMUSP00000024831	52.9	10
2093528	10090.ENSMUSP00000003643	64.1	32
2099121	10090.ENSMUSP00000034435	576	227
2110469	10090.ENSMUSP00000100030	5.43	6
2101961	10090.ENSMUSP00000048997	6.64	7
2109414	10090.ENSMUSP00000096264	50.0	307
2095889	10090.ENSMUSP00000023608	11.4	2
2107273	10090.ENSMUSP00000081048	1.61	3
2104420	10090.ENSMUSP00000063707	309	489
2107526	10090.ENSMUSP00000083204	145	613
2099016	10090.ENSMUSP00000034173	6.04	129
2107157	10090.ENSMUSP00000080469	681	5030
2095103	10090.ENSMUSP00000021197	1.36	1
2093746	10090.ENSMUSP00000005860	93.6	21
2095881	10090.ENSMUSP00000023589	15906	25867
2108054	10090.ENSMUSP00000087736	73.9	487
2094408	10090.ENSMUSP00000017255	0.15	5
2099513	10090.ENSMUSP00000035829	0.434	1
2106017	10090.ENSMUSP00000074195	46.4	6
2095304	10090.ENSMUSP00000021822	14.4	6
2114665	10090.ENSMUSP00000135956	16.4	28
2115769	10090.ENSMUSP00000138081	238	586
2094900	10090.ENSMUSP00000020531	9.44	22
2093878	10090.ENSMUSP00000007005	4.02	5
2095983	10090.ENSMUSP00000023906	2.08	1
2107588	10090.ENSMUSP00000083666	1.88	2
2093634	10090.ENSMUSP00000004729	9.92	3
2094448	10090.ENSMUSP00000017743	1.8	15
2096538	10090.ENSMUSP00000026196	24.2	21
2096330	10090.ENSMUSP00000025554	59.7	8
2098666	10090.ENSMUSP00000033056	4.83	2
2093836	10090.ENSMUSP00000006687	5908	6174
2107024	10090.ENSMUSP00000079699	35.9	107
2110949	10090.ENSMUSP00000103042	0.119	5
2107206	10090.ENSMUSP00000080717	2.02	1
2097898	10090.ENSMUSP00000030583	6.51	2
2110421	10090.ENSMUSP00000099930	2.77	1
2105312	10090.ENSMUSP00000070238	36.0	9
2109565	10090.ENSMUSP00000096876	19.6	20
2110213	10090.ENSMUSP00000099482	13.4	6
2093255	10090.ENSMUSP00000001566	38.7	60
2110960	10090.ENSMUSP00000103141	18.8	43
2108605	10090.ENSMUSP00000092002	135	117
2099091	10090.ENSMUSP00000034369	27.9	12
2099825	10090.ENSMUSP00000037536	0.393	1
2101897	10090.ENSMUSP00000048667	118	173
2113499	10090.ENSMUSP00000127646	3.45	2
2093087	10090.ENSMUSP00000000299	0.585	1
2094218	10090.ENSMUSP00000014686	12.6	12
2096632	10090.ENSMUSP00000026495	51.5	52
2095751	10090.ENSMUSP00000023161	2.92	2
2106112	10090.ENSMUSP00000074658	57.4	377
2094810	10090.ENSMUSP00000020263	2.98	2
2104731	10090.ENSMUSP00000065940	17.2	4
2099261	10090.ENSMUSP00000034834	230	233
2114042	10090.ENSMUSP00000130811	2.37	1
2107581	10090.ENSMUSP00000083620	0.289	1
2098369	10090.ENSMUSP00000032089	69.3	22
2111282	10090.ENSMUSP00000105210	941	2516
2109057	10090.ENSMUSP00000094778	6.52	24
2106343	10090.ENSMUSP00000075935	152	231
2111359	10090.ENSMUSP00000105709	24.1	17
2109278	10090.ENSMUSP00000095794	19823	16918
2109878	10090.ENSMUSP00000097754	28.4	99
2096155	10090.ENSMUSP00000024988	12702	46175
2107407	10090.ENSMUSP00000082125	757	4583
2107389	10090.ENSMUSP00000081943	18.6	4
2093455	10090.ENSMUSP00000003074	18232	1195
2097533	10090.ENSMUSP00000029489	7.31	17
2097360	10090.ENSMUSP00000028938	499	211
2111986	10090.ENSMUSP00000110349	1360	1263
2108593	10090.ENSMUSP00000091925	318	192
2107692	10090.ENSMUSP00000084586	3.25	24
2096582	10090.ENSMUSP00000026328	3.18	2
2099507	10090.ENSMUSP00000035802	0.324	1
2100319	10090.ENSMUSP00000040171	0.76	1
2111589	10090.ENSMUSP00000107539	0.706	1
2099670	10090.ENSMUSP00000036747	741	379
2115311	10090.ENSMUSP00000137093	11.7	3
2105355	10090.ENSMUSP00000070503	2.98	5
2093052	10090.ENSMUSP00000000049	11721	9814
2108921	10090.ENSMUSP00000093702	6.07	19
2095863	10090.ENSMUSP00000023531	1.27	1
2095109	10090.ENSMUSP00000021217	140	80
2103122	10090.ENSMUSP00000055757	54.7	62
2107792	10090.ENSMUSP00000085528	2.56	1
2101317	10090.ENSMUSP00000045571	33661	738
2102913	10090.ENSMUSP00000054526	2.13	6
2100844	10090.ENSMUSP00000043092	401	162
2094402	10090.ENSMUSP00000017148	106	36
2098175	10090.ENSMUSP00000031383	2.58	1
2099164	10090.ENSMUSP00000034547	6.39	5
2101564	10090.ENSMUSP00000047008	46.4	21
2100520	10090.ENSMUSP00000041250	1112	3129
2093908	10090.ENSMUSP00000007318	0.148	5
2113168	10090.ENSMUSP00000125677	426	648
2107983	10090.ENSMUSP00000087110	2.3	5
