#name: Synechocystis.sp. 6803 - Whole organism, SC (Wegener,MCP,2010)
#score: 6.11
#weight: 100%
#description: abundance based on Spectral counting, from<a href="http://www.ncbi.nlm.nih.gov/pubmed/20858728" target="_blank">Wegener,MCP,2010</a><br/><b>Interaction consistency score</b>: 6.11&nbsp<b>Coverage</b>: 38
#organ: WHOLE_ORGANISM
#integrated: false
#coverage: 38
#publication_year: 2010
#filename: SynechocystisSp_strain_PRIDE.txt
#
#internal_id	string_external_id	abundance	raw_spectral_count
14507	1148.SYNGTS_1655	382	35
14508	1148.SYNGTS_1656	91.1	2
14509	1148.SYNGTS_1657	1329	33
14502	1148.SYNGTS_1650	24.0	2
14570	1148.SYNGTS_1718	18.3	1
14505	1148.SYNGTS_1653	526	16
13303	1148.SYNGTS_0451	50.4	1
14562	1148.SYNGTS_1710	839	13
14841	1148.SYNGTS_1989	30.8	6
13070	1148.SYNGTS_0218	291	5
13156	1148.SYNGTS_0304	788	27
13158	1148.SYNGTS_0306	1597	8
14395	1148.SYNGTS_1543	140	2
14521	1148.SYNGTS_1669	404	14
15046	1148.SYNGTS_2194	25.0	2
15047	1148.SYNGTS_2195	143	4
15044	1148.SYNGTS_2192	21.3	1
15045	1148.SYNGTS_2193	107	5
14911	1148.SYNGTS_2059	79.3	10
14116	1148.SYNGTS_1264	586	22
14906	1148.SYNGTS_2054	158	13
14918	1148.SYNGTS_2066	10.3	1
14903	1148.SYNGTS_2051	2120	43
13864	1148.SYNGTS_1012	176	17
13865	1148.SYNGTS_1013	49.2	1
13862	1148.SYNGTS_1010	77.6	4
13863	1148.SYNGTS_1011	1500	13
15607	1148.SYNGTS_2755	166	2
14815	1148.SYNGTS_1963	527	17
14253	1148.SYNGTS_1401	31.7	2
15542	1148.SYNGTS_2690	107	3
14003	1148.SYNGTS_1151	63.7	2
13871	1148.SYNGTS_1019	514	3
15546	1148.SYNGTS_2694	430	17
14007	1148.SYNGTS_1155	335	1
14006	1148.SYNGTS_1154	20.9	1
15129	1148.SYNGTS_2277	134	4
15031	1148.SYNGTS_2179	63.3	2
13520	1148.SYNGTS_0668	141	3
13521	1148.SYNGTS_0669	95.7	3
13596	1148.SYNGTS_0744	306	12
13599	1148.SYNGTS_0747	3006	16
15022	1148.SYNGTS_2170	216	3
13600	1148.SYNGTS_0748	1509	20
15024	1148.SYNGTS_2172	59.1	2
13744	1148.SYNGTS_0892	113	1
15027	1148.SYNGTS_2175	322	7
15028	1148.SYNGTS_2176	85.9	5
13517	1148.SYNGTS_0665	296	4
15733	1148.SYNGTS_2881	110	4
15843	1148.SYNGTS_2991	1171	11
15736	1148.SYNGTS_2884	196	7
15737	1148.SYNGTS_2885	847	10
15738	1148.SYNGTS_2886	519	9
13595	1148.SYNGTS_0743	519	8
15740	1148.SYNGTS_2888	946	60
15741	1148.SYNGTS_2889	582	7
13002	1148.SYNGTS_0150	56.0	1
13003	1148.SYNGTS_0151	394	27
13273	1148.SYNGTS_0421	31.2	1
14845	1148.SYNGTS_1993	831	36
15141	1148.SYNGTS_2289	33.8	9
12862	1148.SYNGTS_0010	35.2	2
13248	1148.SYNGTS_0396	86.6	1
15135	1148.SYNGTS_2283	114	5
15138	1148.SYNGTS_2286	1172	41
15139	1148.SYNGTS_2287	294	4
15428	1148.SYNGTS_2576	302	9
15429	1148.SYNGTS_2577	21.5	1
15424	1148.SYNGTS_2572	3731	49
15327	1148.SYNGTS_2475	104	12
15430	1148.SYNGTS_2578	581	15
15322	1148.SYNGTS_2470	102	3
15325	1148.SYNGTS_2473	10.6	1
15324	1148.SYNGTS_2472	178	2
15161	1148.SYNGTS_2309	22.8	2
15160	1148.SYNGTS_2308	19.4	1
15444	1148.SYNGTS_2592	45.7	2
14761	1148.SYNGTS_1909	325	14
13688	1148.SYNGTS_0836	7408	65
15154	1148.SYNGTS_2302	118	1
15153	1148.SYNGTS_2301	444	19
15159	1148.SYNGTS_2307	283	9
13443	1148.SYNGTS_0591	157	6
15157	1148.SYNGTS_2305	51.2	2
14755	1148.SYNGTS_1903	2896	76
13368	1148.SYNGTS_0516	269	10
14385	1148.SYNGTS_1533	5301	127
15787	1148.SYNGTS_2935	41.4	1
14158	1148.SYNGTS_1306	156	8
14159	1148.SYNGTS_1307	553	13
13547	1148.SYNGTS_0695	1076	16
13546	1148.SYNGTS_0694	294	5
13545	1148.SYNGTS_0693	14.3	1
15690	1148.SYNGTS_2838	361	13
13543	1148.SYNGTS_0691	11.3	1
13542	1148.SYNGTS_0690	177	12
15687	1148.SYNGTS_2835	43.4	3
15686	1148.SYNGTS_2834	24.0	1
15689	1148.SYNGTS_2837	218	4
15682	1148.SYNGTS_2830	519	3
14791	1148.SYNGTS_1939	334	22
12932	1148.SYNGTS_0080	564	33
13880	1148.SYNGTS_1028	11.8	1
12938	1148.SYNGTS_0086	192	11
12939	1148.SYNGTS_0087	35.5	1
15230	1148.SYNGTS_2378	2044	83
15231	1148.SYNGTS_2379	1411	41
15228	1148.SYNGTS_2376	58.4	2
15229	1148.SYNGTS_2377	25.2	1
15226	1148.SYNGTS_2374	1271	50
15227	1148.SYNGTS_2375	1493	52
13050	1148.SYNGTS_0198	628	4
13729	1148.SYNGTS_0877	608	38
13728	1148.SYNGTS_0876	1014	20
13727	1148.SYNGTS_0875	1704	80
13725	1148.SYNGTS_0873	2805	24
13724	1148.SYNGTS_0872	245	3
13723	1148.SYNGTS_0871	509	14
13113	1148.SYNGTS_0261	122	3
15878	1148.SYNGTS_3026	9.61	1
15873	1148.SYNGTS_3021	31.4	2
15874	1148.SYNGTS_3022	221	6
13875	1148.SYNGTS_1023	6450	60
15811	1148.SYNGTS_2959	1700	127
13136	1148.SYNGTS_0284	226	3
14687	1148.SYNGTS_1835	28.5	1
13138	1148.SYNGTS_0286	40.4	1
13139	1148.SYNGTS_0287	443	16
13140	1148.SYNGTS_0288	348	10
15796	1148.SYNGTS_2944	33.6	1
15803	1148.SYNGTS_2951	26.1	1
15809	1148.SYNGTS_2957	105	7
15806	1148.SYNGTS_2954	2922	66
14423	1148.SYNGTS_1571	5315	79
14422	1148.SYNGTS_1570	1686	35
13740	1148.SYNGTS_0888	31.6	1
14131	1148.SYNGTS_1279	77.8	2
14429	1148.SYNGTS_1577	242	4
13300	1148.SYNGTS_0448	321	27
14123	1148.SYNGTS_1271	87.6	5
14128	1148.SYNGTS_1276	209	7
14129	1148.SYNGTS_1277	54.6	1
13736	1148.SYNGTS_0884	8572	97
13737	1148.SYNGTS_0885	30.1	1
16011	1148.SYNGTS_3159	85.9	4
14224	1148.SYNGTS_1372	80.4	3
14223	1148.SYNGTS_1371	373	10
14227	1148.SYNGTS_1375	59.4	3
14226	1148.SYNGTS_1374	253	13
16003	1148.SYNGTS_3151	726	27
16007	1148.SYNGTS_3155	97.3	8
16006	1148.SYNGTS_3154	87.0	3
16008	1148.SYNGTS_3156	209	3
14304	1148.SYNGTS_1452	288	9
15080	1148.SYNGTS_2228	625	14
13761	1148.SYNGTS_0909	103	7
14450	1148.SYNGTS_1598	2892	39
14309	1148.SYNGTS_1457	18.1	1
15150	1148.SYNGTS_2298	482	19
14445	1148.SYNGTS_1593	1092	65
14443	1148.SYNGTS_1591	492	19
13759	1148.SYNGTS_0907	41.0	1
14448	1148.SYNGTS_1596	982	33
13757	1148.SYNGTS_0905	82.1	2
15668	1148.SYNGTS_2816	164	3
14289	1148.SYNGTS_1437	629	45
15337	1148.SYNGTS_2485	423	25
15338	1148.SYNGTS_2486	741	10
15332	1148.SYNGTS_2480	247	12
14931	1148.SYNGTS_2079	3524	333
13091	1148.SYNGTS_0239	115	2
13090	1148.SYNGTS_0238	375	4
13910	1148.SYNGTS_1058	45.9	2
13911	1148.SYNGTS_1059	155	6
14737	1148.SYNGTS_1885	2871	129
13909	1148.SYNGTS_1057	84.6	1
13906	1148.SYNGTS_1054	620	16
13088	1148.SYNGTS_0236	920	40
14733	1148.SYNGTS_1881	268	18
13905	1148.SYNGTS_1053	2552	69
13902	1148.SYNGTS_1050	8.03	1
13903	1148.SYNGTS_1051	85.8	2
15846	1148.SYNGTS_2994	54.2	2
15445	1148.SYNGTS_2593	52.1	2
15502	1148.SYNGTS_2650	103	5
13565	1148.SYNGTS_0713	93.3	3
13828	1148.SYNGTS_0976	103	4
13829	1148.SYNGTS_0977	215	19
15511	1148.SYNGTS_2659	166	8
13822	1148.SYNGTS_0970	61.4	2
13823	1148.SYNGTS_0971	68.0	8
13478	1148.SYNGTS_0626	137	2
14987	1148.SYNGTS_2135	23.7	1
13476	1148.SYNGTS_0624	766	87
14989	1148.SYNGTS_2137	281	4
14983	1148.SYNGTS_2131	208	10
14984	1148.SYNGTS_2132	53.8	1
14476	1148.SYNGTS_1624	383	7
14472	1148.SYNGTS_1620	142	3
13480	1148.SYNGTS_0628	22.3	2
13569	1148.SYNGTS_0717	93.5	5
15610	1148.SYNGTS_2758	51.1	1
12905	1148.SYNGTS_0053	91.0	2
12906	1148.SYNGTS_0054	33.2	1
15447	1148.SYNGTS_2595	796	37
13204	1148.SYNGTS_0352	101	7
13205	1148.SYNGTS_0353	36.1	2
14915	1148.SYNGTS_2063	105	2
14254	1148.SYNGTS_1402	20.3	2
14383	1148.SYNGTS_1531	25.0	1
13504	1148.SYNGTS_0652	311	10
15284	1148.SYNGTS_2432	6.77	1
14771	1148.SYNGTS_1919	18.5	1
15288	1148.SYNGTS_2436	68.7	4
14611	1148.SYNGTS_1759	8.26	1
14543	1148.SYNGTS_1691	309	16
13881	1148.SYNGTS_1029	165	3
14855	1148.SYNGTS_2003	31.3	2
14856	1148.SYNGTS_2004	131	7
14548	1148.SYNGTS_1696	982	49
14063	1148.SYNGTS_1211	18.1	1
14603	1148.SYNGTS_1751	163	8
13874	1148.SYNGTS_1022	232	14
14604	1148.SYNGTS_1752	321	10
14607	1148.SYNGTS_1755	179	5
13878	1148.SYNGTS_1026	220	4
13876	1148.SYNGTS_1024	347	17
15199	1148.SYNGTS_2347	775	20
15198	1148.SYNGTS_2346	13.0	1
13345	1148.SYNGTS_0493	1384	34
15195	1148.SYNGTS_2343	39.8	2
13346	1148.SYNGTS_0494	240	9
15193	1148.SYNGTS_2341	2257	49
15128	1148.SYNGTS_2276	3690	208
15072	1148.SYNGTS_2220	745	28
13350	1148.SYNGTS_0498	35.1	1
15074	1148.SYNGTS_2222	1199	41
13568	1148.SYNGTS_0716	221	3
15077	1148.SYNGTS_2225	17186	420
15201	1148.SYNGTS_2349	29.0	1
15079	1148.SYNGTS_2227	6349	95
13505	1148.SYNGTS_0653	7144	57
15730	1148.SYNGTS_2878	39.4	1
13503	1148.SYNGTS_0651	317	11
13594	1148.SYNGTS_0742	704	11
13509	1148.SYNGTS_0657	48813	1040
13508	1148.SYNGTS_0656	22837	468
13507	1148.SYNGTS_0655	5855	115
13506	1148.SYNGTS_0654	6385	129
15722	1148.SYNGTS_2870	36.1	3
15725	1148.SYNGTS_2873	720	16
15726	1148.SYNGTS_2874	163	7
12973	1148.SYNGTS_0121	30.7	1
12972	1148.SYNGTS_0120	683	60
12974	1148.SYNGTS_0122	12.8	1
13907	1148.SYNGTS_1055	58118	16
13486	1148.SYNGTS_0634	55.9	3
15360	1148.SYNGTS_2508	2855	18
13281	1148.SYNGTS_0429	578	2
15359	1148.SYNGTS_2507	31.1	2
15352	1148.SYNGTS_2500	20.2	1
15954	1148.SYNGTS_3102	700	55
15841	1148.SYNGTS_2989	298	47
15953	1148.SYNGTS_3101	716	26
14730	1148.SYNGTS_1878	170	9
14731	1148.SYNGTS_1879	174	19
14768	1148.SYNGTS_1916	1134	57
15957	1148.SYNGTS_3105	12.2	1
14729	1148.SYNGTS_1877	8.68	1
13811	1148.SYNGTS_0959	263	9
13488	1148.SYNGTS_0636	343	8
14829	1148.SYNGTS_1977	337	8
15764	1148.SYNGTS_2912	2160	152
15131	1148.SYNGTS_2279	568	10
13260	1148.SYNGTS_0408	63.8	2
13261	1148.SYNGTS_0409	688	10
13258	1148.SYNGTS_0406	21.8	2
13259	1148.SYNGTS_0407	77.5	2
15029	1148.SYNGTS_2177	23.1	1
14710	1148.SYNGTS_1858	3300	46
14830	1148.SYNGTS_1978	473	4
13252	1148.SYNGTS_0400	16.0	2
14089	1148.SYNGTS_1237	28.8	1
14086	1148.SYNGTS_1234	15.2	1
14191	1148.SYNGTS_1339	163	4
14188	1148.SYNGTS_1336	1146	56
14186	1148.SYNGTS_1334	502	27
14185	1148.SYNGTS_1333	2654	55
14184	1148.SYNGTS_1332	90.3	2
14090	1148.SYNGTS_1238	138	2
13010	1148.SYNGTS_0158	2792	71
13011	1148.SYNGTS_0159	4670	209
13680	1148.SYNGTS_0828	108	2
13716	1148.SYNGTS_0864	467	31
13797	1148.SYNGTS_0945	67.4	4
13794	1148.SYNGTS_0942	66.4	2
14941	1148.SYNGTS_2089	180	2
15837	1148.SYNGTS_2985	446	41
13677	1148.SYNGTS_0825	248	14
13679	1148.SYNGTS_0827	235	6
13131	1148.SYNGTS_0279	66.1	2
13130	1148.SYNGTS_0278	115	5
13951	1148.SYNGTS_1099	133	2
13111	1148.SYNGTS_0259	529	18
15758	1148.SYNGTS_2906	464	14
13123	1148.SYNGTS_0271	4269	63
13712	1148.SYNGTS_0860	108	3
13125	1148.SYNGTS_0273	298	13
13943	1148.SYNGTS_1091	139	3
13948	1148.SYNGTS_1096	47.5	1
13949	1148.SYNGTS_1097	4821	36
13713	1148.SYNGTS_0861	9.73	1
15463	1148.SYNGTS_2611	106	4
15814	1148.SYNGTS_2962	2665	91
13331	1148.SYNGTS_0479	3160	172
13423	1148.SYNGTS_0571	386	11
15819	1148.SYNGTS_2967	126	1
14336	1148.SYNGTS_1484	453	9
13426	1148.SYNGTS_0574	309	10
15816	1148.SYNGTS_2964	186	3
14374	1148.SYNGTS_1522	22.9	1
14375	1148.SYNGTS_1523	68.2	1
14372	1148.SYNGTS_1520	28.9	1
15820	1148.SYNGTS_2968	66.6	3
13329	1148.SYNGTS_0477	120	3
13328	1148.SYNGTS_0476	32.7	4
13327	1148.SYNGTS_0475	108	2
14377	1148.SYNGTS_1525	133	6
15921	1148.SYNGTS_3069	373	12
14093	1148.SYNGTS_1241	7.86	1
15913	1148.SYNGTS_3061	127	5
15115	1148.SYNGTS_2263	3257	72
15914	1148.SYNGTS_3062	52.6	2
15919	1148.SYNGTS_3067	3559	42
15918	1148.SYNGTS_3066	34.9	1
14554	1148.SYNGTS_1702	877	18
14555	1148.SYNGTS_1703	685	53
14552	1148.SYNGTS_1700	239	10
14553	1148.SYNGTS_1701	301	6
14559	1148.SYNGTS_1707	356	13
14848	1148.SYNGTS_1996	610	10
14315	1148.SYNGTS_1463	300	11
14561	1148.SYNGTS_1709	2058	66
15824	1148.SYNGTS_2972	102	6
14151	1148.SYNGTS_1299	19587	366
13169	1148.SYNGTS_0317	361	33
13166	1148.SYNGTS_0314	655	11
13356	1148.SYNGTS_0504	470	15
13162	1148.SYNGTS_0310	3796	62
13163	1148.SYNGTS_0311	716	31
15826	1148.SYNGTS_2974	214	14
14469	1148.SYNGTS_1617	114	4
15827	1148.SYNGTS_2975	332	6
13262	1148.SYNGTS_0410	325	14
14900	1148.SYNGTS_2048	39.9	1
14843	1148.SYNGTS_1991	68.6	5
14896	1148.SYNGTS_2044	265	6
14892	1148.SYNGTS_2040	173	9
14895	1148.SYNGTS_2043	759	31
13919	1148.SYNGTS_1067	1179	41
13918	1148.SYNGTS_1066	565	15
13917	1148.SYNGTS_1065	366	12
13916	1148.SYNGTS_1064	473	23
13915	1148.SYNGTS_1063	147	4
13914	1148.SYNGTS_1062	533	12
13913	1148.SYNGTS_1061	122	5
13912	1148.SYNGTS_1060	52.8	10
13993	1148.SYNGTS_1141	279	12
14762	1148.SYNGTS_1910	260	13
14267	1148.SYNGTS_1415	86.0	2
14264	1148.SYNGTS_1412	3423	181
13921	1148.SYNGTS_1069	105	3
13920	1148.SYNGTS_1068	425	10
13608	1148.SYNGTS_0756	2465	46
14580	1148.SYNGTS_1728	135	2
15118	1148.SYNGTS_2266	513	31
13607	1148.SYNGTS_0755	259	2
13604	1148.SYNGTS_0752	2683	32
13605	1148.SYNGTS_0753	2051	22
13471	1148.SYNGTS_0619	22.6	1
13470	1148.SYNGTS_0618	30.7	2
15911	1148.SYNGTS_3059	55.2	9
13468	1148.SYNGTS_0616	55.9	1
14999	1148.SYNGTS_2147	18.0	1
13466	1148.SYNGTS_0614	105	2
14993	1148.SYNGTS_2141	2462	131
15121	1148.SYNGTS_2269	16.8	1
14263	1148.SYNGTS_1411	107	3
13462	1148.SYNGTS_0610	121	7
13013	1148.SYNGTS_0161	5116	39
13012	1148.SYNGTS_0160	2024	42
12860	1148.SYNGTS_0008	382	35
13014	1148.SYNGTS_0162	1867	32
13016	1148.SYNGTS_0164	180	7
13747	1148.SYNGTS_0895	64.3	3
13021	1148.SYNGTS_0169	85.0	3
15958	1148.SYNGTS_3106	500	7
12853	1148.SYNGTS_0001	78.8	3
12858	1148.SYNGTS_0006	698	27
12859	1148.SYNGTS_0007	1703	65
12856	1148.SYNGTS_0004	42.5	1
12857	1148.SYNGTS_0005	218	11
14102	1148.SYNGTS_1250	480	12
13218	1148.SYNGTS_0366	195	1
13216	1148.SYNGTS_0364	23.3	1
13220	1148.SYNGTS_0368	48.0	2
15397	1148.SYNGTS_2545	45.2	4
15396	1148.SYNGTS_2544	86.8	4
15399	1148.SYNGTS_2547	1948	6
15398	1148.SYNGTS_2546	439	1
14260	1148.SYNGTS_1408	564	25
14520	1148.SYNGTS_1668	805	11
15312	1148.SYNGTS_2460	2871	13
15313	1148.SYNGTS_2461	50.6	2
15318	1148.SYNGTS_2466	752	25
15773	1148.SYNGTS_2921	1590	41
15316	1148.SYNGTS_2464	661	37
15320	1148.SYNGTS_2468	121	3
15321	1148.SYNGTS_2469	3823	24
15170	1148.SYNGTS_2318	302	11
15961	1148.SYNGTS_3109	52.5	1
14789	1148.SYNGTS_1937	6229	21
15162	1148.SYNGTS_2310	463	10
15164	1148.SYNGTS_2312	56.0	1
13286	1148.SYNGTS_0434	553	36
13579	1148.SYNGTS_0727	475	28
13581	1148.SYNGTS_0729	127	1
13192	1148.SYNGTS_0340	45.2	2
15675	1148.SYNGTS_2823	123	2
13539	1148.SYNGTS_0687	54.0	2
15678	1148.SYNGTS_2826	1055	8
15679	1148.SYNGTS_2827	24.4	1
15676	1148.SYNGTS_2824	315	30
13535	1148.SYNGTS_0683	116	4
15680	1148.SYNGTS_2828	16.4	1
15681	1148.SYNGTS_2829	419	16
14637	1148.SYNGTS_1785	1246	18
15234	1148.SYNGTS_2382	3552	64
15233	1148.SYNGTS_2381	6129	13
15232	1148.SYNGTS_2380	30.2	2
13748	1148.SYNGTS_0896	36.5	1
15236	1148.SYNGTS_2384	274	28
13255	1148.SYNGTS_0403	67.4	2
15884	1148.SYNGTS_3032	161	7
14147	1148.SYNGTS_1295	776	43
15991	1148.SYNGTS_3139	44.2	1
14149	1148.SYNGTS_1297	628	11
14142	1148.SYNGTS_1290	20.3	1
15889	1148.SYNGTS_3037	264	16
13715	1148.SYNGTS_0863	546	56
15985	1148.SYNGTS_3133	5604	80
15983	1148.SYNGTS_3131	19.7	1
14150	1148.SYNGTS_1298	27706	482
15988	1148.SYNGTS_3136	50.1	1
15987	1148.SYNGTS_3135	2225	77
15986	1148.SYNGTS_3134	480	10
14657	1148.SYNGTS_1805	143	3
14656	1148.SYNGTS_1804	70.1	3
14659	1148.SYNGTS_1807	25.7	1
13280	1148.SYNGTS_0428	552	8
14652	1148.SYNGTS_1800	4393	129
15781	1148.SYNGTS_2929	3454	163
15780	1148.SYNGTS_2928	51.8	3
14675	1148.SYNGTS_1823	53.1	3
14046	1148.SYNGTS_1194	9337	131
14045	1148.SYNGTS_1193	127	3
14660	1148.SYNGTS_1808	11584	89
14043	1148.SYNGTS_1191	36.1	2
14042	1148.SYNGTS_1190	19.8	1
14417	1148.SYNGTS_1565	22.5	2
14414	1148.SYNGTS_1562	2512	37
14413	1148.SYNGTS_1561	119	3
14059	1148.SYNGTS_1207	126	6
15448	1148.SYNGTS_2596	397	3
14056	1148.SYNGTS_1204	70.0	5
14420	1148.SYNGTS_1568	328	2
14052	1148.SYNGTS_1200	4337	91
14212	1148.SYNGTS_1360	53.7	1
14060	1148.SYNGTS_1208	45.3	3
13040	1148.SYNGTS_0188	98.6	7
15770	1148.SYNGTS_2918	93.6	7
16000	1148.SYNGTS_3148	50.7	2
15998	1148.SYNGTS_3146	19.1	1
13032	1148.SYNGTS_0180	243	5
13039	1148.SYNGTS_0187	75.3	4
13448	1148.SYNGTS_0596	323	7
13037	1148.SYNGTS_0185	23.4	3
15993	1148.SYNGTS_3141	71.7	1
13770	1148.SYNGTS_0918	2088	84
14277	1148.SYNGTS_1425	307	6
14276	1148.SYNGTS_1424	8.34	1
14867	1148.SYNGTS_2015	143	2
14272	1148.SYNGTS_1420	71.3	3
13762	1148.SYNGTS_0910	14.8	1
13763	1148.SYNGTS_0911	127	6
14434	1148.SYNGTS_1582	537	26
13767	1148.SYNGTS_0915	152	7
13768	1148.SYNGTS_0916	44.6	4
13940	1148.SYNGTS_1088	17.0	2
14335	1148.SYNGTS_1483	643	11
13444	1148.SYNGTS_0592	212	9
13249	1148.SYNGTS_0397	149	2
13198	1148.SYNGTS_0346	145	4
13999	1148.SYNGTS_1147	85.3	3
14745	1148.SYNGTS_1893	247	5
13401	1148.SYNGTS_0549	342	13
13400	1148.SYNGTS_0548	121	11
15577	1148.SYNGTS_2725	151	2
14749	1148.SYNGTS_1897	95.6	5
13077	1148.SYNGTS_0225	173	2
15494	1148.SYNGTS_2642	439	19
13394	1148.SYNGTS_0542	78.9	2
15492	1148.SYNGTS_2640	9.81	1
15493	1148.SYNGTS_2641	164	2
15498	1148.SYNGTS_2646	153	5
12987	1148.SYNGTS_0135	1309	10
15995	1148.SYNGTS_3143	638	15
14365	1148.SYNGTS_1513	2888	21
13957	1148.SYNGTS_1105	440	5
13958	1148.SYNGTS_1106	210	3
14362	1148.SYNGTS_1510	20.4	1
13953	1148.SYNGTS_1101	153	5
13954	1148.SYNGTS_1102	109	1
14366	1148.SYNGTS_1514	49.2	3
15259	1148.SYNGTS_2407	368	10
14485	1148.SYNGTS_1633	150	6
14590	1148.SYNGTS_1738	42.7	1
15774	1148.SYNGTS_2922	805	25
14489	1148.SYNGTS_1637	30.3	2
14487	1148.SYNGTS_1635	51.5	3
14583	1148.SYNGTS_1731	127	6
15449	1148.SYNGTS_2597	251	13
14586	1148.SYNGTS_1734	567	24
12898	1148.SYNGTS_0046	119	3
12899	1148.SYNGTS_0047	372	23
14884	1148.SYNGTS_2032	11.1	1
12892	1148.SYNGTS_0040	2379	29
13180	1148.SYNGTS_0328	228	10
13179	1148.SYNGTS_0327	38.2	1
13178	1148.SYNGTS_0326	127	4
13176	1148.SYNGTS_0324	56.9	3
15433	1148.SYNGTS_2581	571	14
15432	1148.SYNGTS_2580	23.3	2
15434	1148.SYNGTS_2582	96.9	5
15276	1148.SYNGTS_2424	899	4
15441	1148.SYNGTS_2589	165	12
15275	1148.SYNGTS_2423	42.0	2
14868	1148.SYNGTS_2016	97.1	2
14734	1148.SYNGTS_1882	294	28
14888	1148.SYNGTS_2036	46.0	2
14883	1148.SYNGTS_2031	66.4	2
14882	1148.SYNGTS_2030	154	5
14600	1148.SYNGTS_1748	1914	28
14601	1148.SYNGTS_1749	2072	13
14598	1148.SYNGTS_1746	10275	469
14599	1148.SYNGTS_1747	246	20
14597	1148.SYNGTS_1745	2997	19
14891	1148.SYNGTS_2039	104	4
13764	1148.SYNGTS_0912	16.7	2
15566	1148.SYNGTS_2714	27.7	2
15772	1148.SYNGTS_2920	359	4
13337	1148.SYNGTS_0485	251	12
13334	1148.SYNGTS_0482	994	19
15070	1148.SYNGTS_2218	135	5
13621	1148.SYNGTS_0769	3455	44
15205	1148.SYNGTS_2353	1542	30
15067	1148.SYNGTS_2215	1161	10
13618	1148.SYNGTS_0766	456	3
15069	1148.SYNGTS_2217	1050	71
13616	1148.SYNGTS_0764	1652	14
13615	1148.SYNGTS_0763	2214	34
13071	1148.SYNGTS_0219	97.7	4
13340	1148.SYNGTS_0488	633	28
13612	1148.SYNGTS_0760	5425	35
12990	1148.SYNGTS_0138	131	6
13495	1148.SYNGTS_0643	112	2
15720	1148.SYNGTS_2868	19.1	1
13499	1148.SYNGTS_0647	613	43
13501	1148.SYNGTS_0649	71.3	4
15716	1148.SYNGTS_2864	60.7	3
15717	1148.SYNGTS_2865	45.3	3
12988	1148.SYNGTS_0136	484	8
12986	1148.SYNGTS_0134	29.6	1
15713	1148.SYNGTS_2861	1117	30
15696	1148.SYNGTS_2844	6.79	1
14152	1148.SYNGTS_1300	4889	14
15364	1148.SYNGTS_2512	804	17
15365	1148.SYNGTS_2513	1001	40
15363	1148.SYNGTS_2511	189	2
15368	1148.SYNGTS_2516	68.2	2
15369	1148.SYNGTS_2517	58.8	2
14953	1148.SYNGTS_2101	7.02	2
15302	1148.SYNGTS_2450	2485	56
15308	1148.SYNGTS_2456	41.9	2
15306	1148.SYNGTS_2454	549	19
13938	1148.SYNGTS_1086	445	11
14695	1148.SYNGTS_1843	44.0	1
14696	1148.SYNGTS_1844	170	7
14699	1148.SYNGTS_1847	72.7	1
14698	1148.SYNGTS_1846	57.8	1
14814	1148.SYNGTS_1962	13752	126
14700	1148.SYNGTS_1848	349	12
13068	1148.SYNGTS_0216	406	10
13422	1148.SYNGTS_0570	20.2	2
14636	1148.SYNGTS_1784	34.1	1
14968	1148.SYNGTS_2116	223	14
13066	1148.SYNGTS_0214	358	10
13926	1148.SYNGTS_1074	1565	18
12935	1148.SYNGTS_0083	1161	73
14072	1148.SYNGTS_1220	78.2	2
15190	1148.SYNGTS_2338	11.3	1
14173	1148.SYNGTS_1321	32.3	3
15667	1148.SYNGTS_2815	18.4	1
15014	1148.SYNGTS_2162	35.6	2
15528	1148.SYNGTS_2676	269	8
13806	1148.SYNGTS_0954	2590	37
13807	1148.SYNGTS_0955	745	4
13038	1148.SYNGTS_0186	204	12
13666	1148.SYNGTS_0814	139	8
15191	1148.SYNGTS_2339	58.0	2
12937	1148.SYNGTS_0085	516	21
13663	1148.SYNGTS_0811	27.7	1
15500	1148.SYNGTS_2648	32.3	1
15857	1148.SYNGTS_3005	73.3	1
15018	1148.SYNGTS_2166	240	12
13379	1148.SYNGTS_0527	32.7	3
15501	1148.SYNGTS_2649	28.3	1
14345	1148.SYNGTS_1493	348	16
13118	1148.SYNGTS_0266	546	22
15692	1148.SYNGTS_2840	549	30
13079	1148.SYNGTS_0227	40.6	1
13359	1148.SYNGTS_0507	264	12
14349	1148.SYNGTS_1497	459	7
14346	1148.SYNGTS_1494	69.6	7
15825	1148.SYNGTS_2973	14.2	1
13355	1148.SYNGTS_0503	1618	16
13354	1148.SYNGTS_0502	188	2
13353	1148.SYNGTS_0501	234	2
14343	1148.SYNGTS_1491	1469	45
13312	1148.SYNGTS_0460	622	17
14407	1148.SYNGTS_1555	14.1	1
14747	1148.SYNGTS_1895	62.5	3
13316	1148.SYNGTS_0464	45.4	7
15460	1148.SYNGTS_2608	48.0	2
14251	1148.SYNGTS_1399	303	22
13395	1148.SYNGTS_0543	6560	131
14105	1148.SYNGTS_1253	590	7
15931	1148.SYNGTS_3079	373	13
15928	1148.SYNGTS_3076	17.9	1
15929	1148.SYNGTS_3077	83.9	4
15932	1148.SYNGTS_3080	133	7
15923	1148.SYNGTS_3071	200	6
14629	1148.SYNGTS_1777	39.1	2
15638	1148.SYNGTS_2786	769	41
14626	1148.SYNGTS_1774	333	2
14625	1148.SYNGTS_1773	40.8	3
15633	1148.SYNGTS_2781	70.8	6
13475	1148.SYNGTS_0623	44.8	7
13092	1148.SYNGTS_0240	138	1
14137	1148.SYNGTS_1285	232	7
13527	1148.SYNGTS_0675	28.1	1
15751	1148.SYNGTS_2899	31.3	1
14134	1148.SYNGTS_1282	109	5
13835	1148.SYNGTS_0983	85.5	1
14925	1148.SYNGTS_2073	1851	21
14924	1148.SYNGTS_2072	61.0	1
14133	1148.SYNGTS_1281	39.3	2
14364	1148.SYNGTS_1512	6214	360
13065	1148.SYNGTS_0213	9.57	1
13063	1148.SYNGTS_0211	12.6	1
14638	1148.SYNGTS_1786	4564	25
14363	1148.SYNGTS_1511	18.0	2
13067	1148.SYNGTS_0215	689	15
15627	1148.SYNGTS_2775	40.7	1
15525	1148.SYNGTS_2673	232	8
13927	1148.SYNGTS_1075	1673	31
13928	1148.SYNGTS_1076	1198	77
13929	1148.SYNGTS_1077	144	1
13922	1148.SYNGTS_1070	542	16
14030	1148.SYNGTS_1178	26.2	1
15527	1148.SYNGTS_2675	161	7
15526	1148.SYNGTS_2674	74.1	3
14027	1148.SYNGTS_1175	988	11
14028	1148.SYNGTS_1176	27.6	3
13930	1148.SYNGTS_1078	195	15
13931	1148.SYNGTS_1079	504	8
14368	1148.SYNGTS_1516	125	4
14980	1148.SYNGTS_2128	128	5
15005	1148.SYNGTS_2153	30.3	1
14461	1148.SYNGTS_1609	70.5	1
14154	1148.SYNGTS_1302	1884	104
15008	1148.SYNGTS_2156	62.1	2
15009	1148.SYNGTS_2157	2300	10
15006	1148.SYNGTS_2154	185	7
15007	1148.SYNGTS_2155	74.2	2
14945	1148.SYNGTS_2093	90.7	4
15010	1148.SYNGTS_2158	4933	12
14452	1148.SYNGTS_1600	43.1	3
14949	1148.SYNGTS_2097	39.1	3
15813	1148.SYNGTS_2961	1355	10
14948	1148.SYNGTS_2096	1822	112
13029	1148.SYNGTS_0177	28.7	1
12931	1148.SYNGTS_0079	1083	48
12930	1148.SYNGTS_0078	56.2	1
12929	1148.SYNGTS_0077	21.1	1
14337	1148.SYNGTS_1485	102	2
13455	1148.SYNGTS_0603	954	13
12925	1148.SYNGTS_0073	542	21
14213	1148.SYNGTS_1361	1227	6
12923	1148.SYNGTS_0071	226	14
12922	1148.SYNGTS_0070	80.0	1
13222	1148.SYNGTS_0370	897	50
13223	1148.SYNGTS_0371	56.3	2
13224	1148.SYNGTS_0372	117	4
13227	1148.SYNGTS_0375	21.9	1
15410	1148.SYNGTS_2558	117	7
13230	1148.SYNGTS_0378	930	34
13231	1148.SYNGTS_0379	595	52
15468	1148.SYNGTS_2616	88.8	4
15095	1148.SYNGTS_2243	161	4
15269	1148.SYNGTS_2417	130	11
13325	1148.SYNGTS_0473	41.4	2
15267	1148.SYNGTS_2415	20.9	2
15266	1148.SYNGTS_2414	92.9	1
15265	1148.SYNGTS_2413	416	10
15264	1148.SYNGTS_2412	31.9	1
14531	1148.SYNGTS_1679	26.0	1
14528	1148.SYNGTS_1676	69.1	2
14686	1148.SYNGTS_1834	2099	36
14524	1148.SYNGTS_1672	90.2	2
15821	1148.SYNGTS_2969	56.8	2
14522	1148.SYNGTS_1670	165	2
14523	1148.SYNGTS_1671	122	5
14778	1148.SYNGTS_1926	7.91	1
14777	1148.SYNGTS_1925	652	8
14044	1148.SYNGTS_1192	479	25
15180	1148.SYNGTS_2328	1372	23
14772	1148.SYNGTS_1920	1368	19
14773	1148.SYNGTS_1921	534	13
14873	1148.SYNGTS_2021	517	17
15179	1148.SYNGTS_2327	128	5
14689	1148.SYNGTS_1837	7.83	1
13523	1148.SYNGTS_0671	166	3
14379	1148.SYNGTS_1527	439	9
14483	1148.SYNGTS_1631	80.2	3
14978	1148.SYNGTS_2126	202	8
13587	1148.SYNGTS_0735	26.7	1
13588	1148.SYNGTS_0736	2247	161
13589	1148.SYNGTS_0737	492	28
13590	1148.SYNGTS_0738	3012	11
14215	1148.SYNGTS_1363	1752	95
15955	1148.SYNGTS_3103	187	2
12954	1148.SYNGTS_0102	13.0	1
15704	1148.SYNGTS_2852	132	7
15703	1148.SYNGTS_2851	28.8	1
15387	1148.SYNGTS_2535	1084	17
15905	1148.SYNGTS_3053	983	73
12924	1148.SYNGTS_0072	218	4
15242	1148.SYNGTS_2390	73.5	3
15245	1148.SYNGTS_2393	597	13
15246	1148.SYNGTS_2394	69.7	1
14846	1148.SYNGTS_1994	72.7	5
15103	1148.SYNGTS_2251	27.1	1
15699	1148.SYNGTS_2847	208	7
15105	1148.SYNGTS_2253	242	7
15104	1148.SYNGTS_2252	176	4
15107	1148.SYNGTS_2255	261	3
15106	1148.SYNGTS_2254	133	9
15108	1148.SYNGTS_2256	485	3
14939	1148.SYNGTS_2087	748	12
13294	1148.SYNGTS_0442	234	44
14670	1148.SYNGTS_1818	215	20
14716	1148.SYNGTS_1864	546	22
15895	1148.SYNGTS_3043	2237	92
15388	1148.SYNGTS_2536	119	11
15972	1148.SYNGTS_3120	59.6	3
15973	1148.SYNGTS_3121	665	6
14662	1148.SYNGTS_1810	24.4	1
15975	1148.SYNGTS_3123	207	20
14668	1148.SYNGTS_1816	105	7
14669	1148.SYNGTS_1817	143	4
14666	1148.SYNGTS_1814	487	7
15900	1148.SYNGTS_3048	20.3	1
14805	1148.SYNGTS_1953	128	2
14804	1148.SYNGTS_1952	49.1	5
14424	1148.SYNGTS_1572	1240	32
15790	1148.SYNGTS_2938	78.9	5
14807	1148.SYNGTS_1955	3605	52
14037	1148.SYNGTS_1185	60.3	2
15788	1148.SYNGTS_2936	2022	59
15789	1148.SYNGTS_2937	301	16
14966	1148.SYNGTS_2114	300	3
14034	1148.SYNGTS_1182	87.8	5
15785	1148.SYNGTS_2933	1713	37
15513	1148.SYNGTS_2661	3806	51
13272	1148.SYNGTS_0420	140	2
14071	1148.SYNGTS_1219	22.1	1
13633	1148.SYNGTS_0781	43.4	3
13632	1148.SYNGTS_0780	59.2	1
13634	1148.SYNGTS_0782	151	5
14207	1148.SYNGTS_1355	172	2
13051	1148.SYNGTS_0199	3054	59
14871	1148.SYNGTS_2019	33.2	1
16022	1148.SYNGTS_3170	31.7	2
13043	1148.SYNGTS_0191	676	6
13044	1148.SYNGTS_0192	165	5
13045	1148.SYNGTS_0193	386	10
13047	1148.SYNGTS_0195	113	6
13755	1148.SYNGTS_0903	652	45
13049	1148.SYNGTS_0197	1635	146
14287	1148.SYNGTS_1435	323	10
14288	1148.SYNGTS_1436	297	3
15407	1148.SYNGTS_2555	265	9
13781	1148.SYNGTS_0929	97.8	3
14284	1148.SYNGTS_1432	408	16
14709	1148.SYNGTS_1857	2522	20
13776	1148.SYNGTS_0924	54.6	2
13778	1148.SYNGTS_0926	14.9	1
13774	1148.SYNGTS_0922	1106	35
13619	1148.SYNGTS_0767	2041	13
14126	1148.SYNGTS_1274	168	2
13989	1148.SYNGTS_1137	118	6
14704	1148.SYNGTS_1852	19.0	1
14810	1148.SYNGTS_1958	549	15
13783	1148.SYNGTS_0931	96.6	8
13410	1148.SYNGTS_0558	324	5
13108	1148.SYNGTS_0256	343	8
13106	1148.SYNGTS_0254	25.7	1
13105	1148.SYNGTS_0253	182	5
14702	1148.SYNGTS_1850	91.2	4
15268	1148.SYNGTS_2416	144	2
15489	1148.SYNGTS_2637	58.9	2
15488	1148.SYNGTS_2636	649	2
13406	1148.SYNGTS_0554	644	57
13407	1148.SYNGTS_0555	126	4
15483	1148.SYNGTS_2631	210	2
13711	1148.SYNGTS_0859	1532	78
13710	1148.SYNGTS_0858	794	15
14736	1148.SYNGTS_1884	2309	82
14356	1148.SYNGTS_1504	2492	99
13848	1148.SYNGTS_0996	790	27
14359	1148.SYNGTS_1507	21.1	1
13703	1148.SYNGTS_0851	26.2	1
13851	1148.SYNGTS_0999	16.6	1
13707	1148.SYNGTS_0855	222	13
13706	1148.SYNGTS_0854	220	2
13708	1148.SYNGTS_0856	159	11
14499	1148.SYNGTS_1647	45.6	1
14498	1148.SYNGTS_1646	4589	58
14493	1148.SYNGTS_1641	9.87	1
13645	1148.SYNGTS_0793	3937	12
14551	1148.SYNGTS_1699	133	3
14765	1148.SYNGTS_1913	92.6	2
14575	1148.SYNGTS_1723	57.8	1
14576	1148.SYNGTS_1724	295	15
13642	1148.SYNGTS_0790	171	25
14578	1148.SYNGTS_1726	7.12	1
15451	1148.SYNGTS_2599	8.68	1
13191	1148.SYNGTS_0339	27.7	3
14529	1148.SYNGTS_1677	77.9	2
13186	1148.SYNGTS_0334	115	7
13187	1148.SYNGTS_0335	624	30
13188	1148.SYNGTS_0336	64.0	3
13189	1148.SYNGTS_0337	2431	24
13182	1148.SYNGTS_0330	32.9	1
13183	1148.SYNGTS_0331	142	3
15446	1148.SYNGTS_2594	366	20
13185	1148.SYNGTS_0333	190	6
15032	1148.SYNGTS_2180	359	7
15037	1148.SYNGTS_2185	155	3
15036	1148.SYNGTS_2184	804	23
14872	1148.SYNGTS_2020	12.2	1
15281	1148.SYNGTS_2429	17.2	1
14350	1148.SYNGTS_1498	151	9
14877	1148.SYNGTS_2025	643	16
15599	1148.SYNGTS_2747	62.9	1
13860	1148.SYNGTS_1008	66.2	2
15597	1148.SYNGTS_2745	36.2	1
15596	1148.SYNGTS_2744	99.3	7
15880	1148.SYNGTS_3028	1282	46
13859	1148.SYNGTS_1007	43.7	1
13852	1148.SYNGTS_1000	463	27
13854	1148.SYNGTS_1002	62.7	1
14621	1148.SYNGTS_1769	346	8
15020	1148.SYNGTS_2168	9.79	1
15056	1148.SYNGTS_2204	338	3
13626	1148.SYNGTS_0774	3834	60
13627	1148.SYNGTS_0775	2516	45
13628	1148.SYNGTS_0776	1926	37
13622	1148.SYNGTS_0770	2821	21
13623	1148.SYNGTS_0771	3020	27
13624	1148.SYNGTS_0772	1558	30
13625	1148.SYNGTS_0773	6342	18
15745	1148.SYNGTS_2893	75.3	5
15744	1148.SYNGTS_2892	428	5
14303	1148.SYNGTS_1451	1803	52
15749	1148.SYNGTS_2897	87.0	4
13524	1148.SYNGTS_0672	43.1	3
15181	1148.SYNGTS_2329	644	37
12997	1148.SYNGTS_0145	46.9	2
12996	1148.SYNGTS_0144	1214	12
12993	1148.SYNGTS_0141	58.4	2
13320	1148.SYNGTS_0468	20.8	1
13365	1148.SYNGTS_0513	61.9	1
14860	1148.SYNGTS_2008	337	6
12876	1148.SYNGTS_0024	29.4	1
13233	1148.SYNGTS_0381	361	8
13232	1148.SYNGTS_0380	1239	154
13235	1148.SYNGTS_0383	116	3
13234	1148.SYNGTS_0382	235	6
15301	1148.SYNGTS_2449	437	7
15149	1148.SYNGTS_2297	217	10
15416	1148.SYNGTS_2564	33.1	1
15414	1148.SYNGTS_2562	114	5
15413	1148.SYNGTS_2561	103	5
15144	1148.SYNGTS_2292	43.6	2
15292	1148.SYNGTS_2440	480	51
15294	1148.SYNGTS_2442	186	3
15295	1148.SYNGTS_2443	626	18
15296	1148.SYNGTS_2444	54.3	2
13753	1148.SYNGTS_0901	315	2
14962	1148.SYNGTS_2110	142	12
15420	1148.SYNGTS_2568	93.9	6
16017	1148.SYNGTS_3165	103	6
16018	1148.SYNGTS_3166	91.3	4
16019	1148.SYNGTS_3167	300	16
16012	1148.SYNGTS_3160	874	22
14885	1148.SYNGTS_2033	226	11
13441	1148.SYNGTS_0589	139	4
15661	1148.SYNGTS_2809	34.6	1
13438	1148.SYNGTS_0586	80.9	1
13436	1148.SYNGTS_0584	457	26
16020	1148.SYNGTS_3168	62.4	1
16021	1148.SYNGTS_3169	20.9	1
13433	1148.SYNGTS_0581	247	7
14711	1148.SYNGTS_1859	221	11
15174	1148.SYNGTS_2322	472	4
13834	1148.SYNGTS_0982	159	7
14844	1148.SYNGTS_1992	24.8	2
14165	1148.SYNGTS_1313	190	6
14166	1148.SYNGTS_1314	221	19
14170	1148.SYNGTS_1318	37.1	2
15654	1148.SYNGTS_2802	13.3	1
15658	1148.SYNGTS_2806	16.1	1
13887	1148.SYNGTS_1035	980	30
15221	1148.SYNGTS_2369	143	6
13585	1148.SYNGTS_0733	96.9	2
12951	1148.SYNGTS_0099	99.9	2
13947	1148.SYNGTS_1095	75.3	4
12949	1148.SYNGTS_0097	2702	31
15214	1148.SYNGTS_2362	90.7	4
12943	1148.SYNGTS_0091	21.8	1
15949	1148.SYNGTS_3097	91.1	6
15218	1148.SYNGTS_2366	134	2
15870	1148.SYNGTS_3018	286	18
15206	1148.SYNGTS_2354	8.88	1
13653	1148.SYNGTS_0801	31.3	1
14285	1148.SYNGTS_1433	96.6	2
13431	1148.SYNGTS_0579	1098	46
13657	1148.SYNGTS_0805	1378	37
15863	1148.SYNGTS_3011	1641	20
13660	1148.SYNGTS_0808	187	6
15867	1148.SYNGTS_3015	146	4
13145	1148.SYNGTS_0293	499	31
13143	1148.SYNGTS_0291	568	19
13142	1148.SYNGTS_0290	1913	7
13148	1148.SYNGTS_0296	290	8
13147	1148.SYNGTS_0295	394	14
13095	1148.SYNGTS_0243	59.2	1
15071	1148.SYNGTS_2219	5389	134
14681	1148.SYNGTS_1829	69.2	1
14680	1148.SYNGTS_1828	89.0	3
13643	1148.SYNGTS_0791	755	55
14836	1148.SYNGTS_1984	16.4	2
14837	1148.SYNGTS_1985	15.5	1
15799	1148.SYNGTS_2947	661	25
14839	1148.SYNGTS_1987	577	14
14832	1148.SYNGTS_1980	444	16
14401	1148.SYNGTS_1549	192	1
14646	1148.SYNGTS_1794	142	17
14396	1148.SYNGTS_1544	55.9	4
13306	1148.SYNGTS_0454	4100	20
13620	1148.SYNGTS_0768	508	7
13370	1148.SYNGTS_0518	539	4
13371	1148.SYNGTS_0519	243	2
13304	1148.SYNGTS_0452	252	21
14117	1148.SYNGTS_1265	313	6
14542	1148.SYNGTS_1690	209	23
14118	1148.SYNGTS_1266	326	4
14113	1148.SYNGTS_1261	2067	94
13742	1148.SYNGTS_0890	131	5
14115	1148.SYNGTS_1263	38.2	1
14114	1148.SYNGTS_1262	70.6	2
15941	1148.SYNGTS_3089	17.3	1
13617	1148.SYNGTS_0765	540	8
14616	1148.SYNGTS_1764	886	37
14612	1148.SYNGTS_1760	342	14
15644	1148.SYNGTS_2792	115	1
15645	1148.SYNGTS_2793	58.8	3
14297	1148.SYNGTS_1445	11296	103
14296	1148.SYNGTS_1444	2782	83
14299	1148.SYNGTS_1447	235	3
14293	1148.SYNGTS_1441	359	12
15651	1148.SYNGTS_2799	35.4	2
14295	1148.SYNGTS_1443	511	11
13614	1148.SYNGTS_0762	1049	15
15213	1148.SYNGTS_2361	58.6	3
13613	1148.SYNGTS_0761	3369	34
15350	1148.SYNGTS_2498	55.5	1
15349	1148.SYNGTS_2497	424	23
15348	1148.SYNGTS_2496	95.6	12
15347	1148.SYNGTS_2495	4659	174
15344	1148.SYNGTS_2492	5709	47
14740	1148.SYNGTS_1888	632	12
15065	1148.SYNGTS_2213	41.5	1
15394	1148.SYNGTS_2542	126	3
14912	1148.SYNGTS_2060	3.67	1
13052	1148.SYNGTS_0200	2974	47
13053	1148.SYNGTS_0201	293	12
13054	1148.SYNGTS_0202	15.9	1
13056	1148.SYNGTS_0204	84.7	5
14544	1148.SYNGTS_1692	143	12
13899	1148.SYNGTS_1047	108	5
15552	1148.SYNGTS_2700	317	13
13821	1148.SYNGTS_0969	642	5
14015	1148.SYNGTS_1163	56.3	2
14012	1148.SYNGTS_1160	481	8
15516	1148.SYNGTS_2664	26.0	2
13998	1148.SYNGTS_1146	271	2
15519	1148.SYNGTS_2667	58.4	1
15521	1148.SYNGTS_2669	436	8
13815	1148.SYNGTS_0963	151	4
13814	1148.SYNGTS_0962	310	15
13089	1148.SYNGTS_0237	3159	21
13818	1148.SYNGTS_0966	411	6
13006	1148.SYNGTS_0154	11.7	1
13482	1148.SYNGTS_0630	50.3	3
14977	1148.SYNGTS_2125	206	25
15217	1148.SYNGTS_2365	260	9
15550	1148.SYNGTS_2698	396	24
14973	1148.SYNGTS_2121	13.0	2
15871	1148.SYNGTS_3019	247	4
15470	1148.SYNGTS_2618	980	22
14463	1148.SYNGTS_1611	15.9	1
14464	1148.SYNGTS_1612	23.5	2
14465	1148.SYNGTS_1613	4491	114
14936	1148.SYNGTS_2084	283	11
14937	1148.SYNGTS_2085	62.5	1
14938	1148.SYNGTS_2086	254	6
13082	1148.SYNGTS_0230	19.2	3
14654	1148.SYNGTS_1802	136	2
12920	1148.SYNGTS_0068	325	23
12921	1148.SYNGTS_0069	166	3
14024	1148.SYNGTS_1172	12.1	1
12917	1148.SYNGTS_0065	123	2
12918	1148.SYNGTS_0066	343	7
15565	1148.SYNGTS_2713	132	4
14538	1148.SYNGTS_1686	100	6
12913	1148.SYNGTS_0061	6.21	1
12915	1148.SYNGTS_0063	109	2
13199	1148.SYNGTS_0347	80.7	3
12983	1148.SYNGTS_0131	1875	48
13193	1148.SYNGTS_0341	90.2	4
13602	1148.SYNGTS_0750	4416	17
13195	1148.SYNGTS_0343	28.0	1
13194	1148.SYNGTS_0342	153	8
14926	1148.SYNGTS_2074	74.6	4
13603	1148.SYNGTS_0751	1435	41
13201	1148.SYNGTS_0349	13.2	1
15256	1148.SYNGTS_2404	69.0	3
15257	1148.SYNGTS_2405	97.8	3
14533	1148.SYNGTS_1681	66.0	3
14532	1148.SYNGTS_1680	20.2	1
15253	1148.SYNGTS_2401	23.8	2
14537	1148.SYNGTS_1685	184	5
14103	1148.SYNGTS_1251	464	7
14541	1148.SYNGTS_1689	417	25
14540	1148.SYNGTS_1688	37.3	1
15260	1148.SYNGTS_2408	246	11
15261	1148.SYNGTS_2409	47.2	1
13964	1148.SYNGTS_1112	1082	41
15182	1148.SYNGTS_2330	118	3
15189	1148.SYNGTS_2337	2022	36
15186	1148.SYNGTS_2334	280	7
15187	1148.SYNGTS_2335	69.4	4
13465	1148.SYNGTS_0613	66.8	2
15083	1148.SYNGTS_2231	93.2	4
13923	1148.SYNGTS_1071	141	2
13098	1148.SYNGTS_0246	561	12
15087	1148.SYNGTS_2235	260	8
13557	1148.SYNGTS_0705	99.5	2
13558	1148.SYNGTS_0706	47.1	3
13610	1148.SYNGTS_0758	1288	19
13031	1148.SYNGTS_0179	453	23
15372	1148.SYNGTS_2520	146	9
13611	1148.SYNGTS_0759	2175	37
13561	1148.SYNGTS_0709	467	19
14851	1148.SYNGTS_1999	67.1	1
13093	1148.SYNGTS_0241	74.8	3
12962	1148.SYNGTS_0110	44.9	5
12963	1148.SYNGTS_0111	8988	107
12964	1148.SYNGTS_0112	229	10
12965	1148.SYNGTS_0113	498	10
12966	1148.SYNGTS_0114	265	6
15693	1148.SYNGTS_2841	26.4	1
15694	1148.SYNGTS_2842	80.5	3
14140	1148.SYNGTS_1288	210	20
12970	1148.SYNGTS_0118	212	9
13366	1148.SYNGTS_0514	145	9
14075	1148.SYNGTS_1223	1633	91
13609	1148.SYNGTS_0757	13.1	1
15700	1148.SYNGTS_2848	251	12
15701	1148.SYNGTS_2849	113	2
15848	1148.SYNGTS_2996	19.5	1
13971	1148.SYNGTS_1119	99.1	2
14758	1148.SYNGTS_1906	257	15
15382	1148.SYNGTS_2530	100	2
15096	1148.SYNGTS_2244	7.25	1
15097	1148.SYNGTS_2245	79.5	4
15386	1148.SYNGTS_2534	17.1	1
13419	1148.SYNGTS_0567	931	7
15092	1148.SYNGTS_2240	153	7
14678	1148.SYNGTS_1826	111	7
15906	1148.SYNGTS_3054	58.5	1
15907	1148.SYNGTS_3055	427	3
15908	1148.SYNGTS_3056	116	6
15909	1148.SYNGTS_3057	16.8	4
15971	1148.SYNGTS_3119	52.0	4
14677	1148.SYNGTS_1825	46.5	2
14721	1148.SYNGTS_1869	130	7
13479	1148.SYNGTS_0627	56.1	4
15967	1148.SYNGTS_3115	339	29
14717	1148.SYNGTS_1865	253	1
15968	1148.SYNGTS_3116	902	46
14714	1148.SYNGTS_1862	204	5
15473	1148.SYNGTS_2621	418	20
14793	1148.SYNGTS_1941	4254	101
15757	1148.SYNGTS_2905	1271	43
15756	1148.SYNGTS_2904	306	7
12855	1148.SYNGTS_0003	733	6
15761	1148.SYNGTS_2909	460	17
15760	1148.SYNGTS_2908	269	23
13414	1148.SYNGTS_0562	238	6
14262	1148.SYNGTS_1410	212	4
14480	1148.SYNGTS_1628	53.8	3
13644	1148.SYNGTS_0792	223	5
14550	1148.SYNGTS_1698	484	17
14200	1148.SYNGTS_1348	161	7
14201	1148.SYNGTS_1349	503	28
14076	1148.SYNGTS_1224	946	60
14079	1148.SYNGTS_1227	182	6
14081	1148.SYNGTS_1229	13.0	1
14080	1148.SYNGTS_1228	832	4
14549	1148.SYNGTS_1697	41.6	1
14946	1148.SYNGTS_2094	351	6
14388	1148.SYNGTS_1536	295	12
14545	1148.SYNGTS_1693	118	1
13892	1148.SYNGTS_1040	691	12
14847	1148.SYNGTS_1995	170	7
13924	1148.SYNGTS_1072	131	2
13785	1148.SYNGTS_0933	118	5
14663	1148.SYNGTS_1811	98.5	6
13789	1148.SYNGTS_0937	394	9
14157	1148.SYNGTS_1305	1141	16
13367	1148.SYNGTS_0515	192	3
13593	1148.SYNGTS_0741	1247	17
13790	1148.SYNGTS_0938	316	23
15454	1148.SYNGTS_2602	99.7	3
13689	1148.SYNGTS_0837	6945	354
14838	1148.SYNGTS_1986	1850	23
13686	1148.SYNGTS_0834	149	2
13369	1148.SYNGTS_0517	482	8
13699	1148.SYNGTS_0847	1056	9
13996	1148.SYNGTS_1144	207	17
14667	1148.SYNGTS_1815	506	35
13925	1148.SYNGTS_1073	970	30
13096	1148.SYNGTS_0244	1278	22
13097	1148.SYNGTS_0245	37.7	2
13939	1148.SYNGTS_1087	15.1	1
15371	1148.SYNGTS_2519	69.3	2
13933	1148.SYNGTS_1081	109	2
15481	1148.SYNGTS_2629	1227	46
13981	1148.SYNGTS_1129	528	21
13417	1148.SYNGTS_0565	25.3	1
14849	1148.SYNGTS_1997	325	10
13976	1148.SYNGTS_1124	294	5
14835	1148.SYNGTS_1983	16.9	1
15844	1148.SYNGTS_2992	36.8	1
13975	1148.SYNGTS_1123	3023	23
13973	1148.SYNGTS_1121	424	14
14802	1148.SYNGTS_1950	4083	151
13228	1148.SYNGTS_0376	59.7	2
13700	1148.SYNGTS_0848	2148	19
14809	1148.SYNGTS_1957	54.6	1
13696	1148.SYNGTS_0844	3593	63
13697	1148.SYNGTS_0845	3259	36
13694	1148.SYNGTS_0842	6946	68
13695	1148.SYNGTS_0843	2283	30
13693	1148.SYNGTS_0841	54.0	3
