#id: 176
#name: N.meningitidis MC58 - Whole organism, SC (GPM,Aug,2014)
#score: 2.34
#weight: 100%
#description: abundance based on Spectral counting, from<a href="http://www.thegpm.org/" target="_blank">GPM,Aug,2014</a><br/><b>Interaction consistency score</b>: 2.34&nbsp<b>Coverage</b>: 20
#organ: WHOLE_ORGANISM
#integrated: false
#coverage: 20
#publication_year: 2014
#filename: 122586-GPM_201408.txt
#
#internal_id	string_external_id	abundance	raw_spectral_count
3189738	122586.NMB1538	3648	56
3189553	122586.NMB1342	3445	70
3189678	122586.NMB1476	272	8
3189287	122586.NMB1060	997	14
3188391	122586.NMB0133	2739	212
3189984	122586.NMB1796	2278	11
3189978	122586.NMB1789	1162	8
3190270	122586.NMB2094	498	4
3188425	122586.NMB0167	2501	29
3189600	122586.NMB1393	522	9
3189370	122586.NMB1150	761	36
3189877	122586.NMB1680	208	3
3188910	122586.NMB0671	1235	20
3189819	122586.NMB1620	2838	57
3188407	122586.NMB0149	1171	8
3189471	122586.NMB1256	259	6
3189581	122586.NMB1371	615	13
3190142	122586.NMB1959	231	3
3188547	122586.NMB0294	676	11
3188476	122586.NMB0219	1070	13
3189759	122586.NMB1559	1569	26
3188673	122586.NMB0427	1137	28
3190218	122586.NMB2039	83778	1218
3190056	122586.NMB1870	12090	193
3189431	122586.NMB1213	2772	23
3188902	122586.NMB0663	22301	63
3190329	122586.NMB2159	6120	66
3189457	122586.NMB1240	507	17
3189838	122586.NMB1640	434	8
3189767	122586.NMB1567	1885	27
3189275	122586.NMB1046	80.0	3
3189491	122586.NMB1279	2655	45
3189811	122586.NMB1612	515	8
3190321	122586.NMB2151	625	13
3189999	122586.NMB1812	366	16
3190176	122586.NMB1995	562	5
3188587	122586.NMB0340	1609	9
3189698	122586.NMB1497	2478	112
3188837	122586.NMB0595	1161	12
3189497	122586.NMB1285	3605	64
3189066	122586.NMB0828	500	13
3188711	122586.NMB0466	591	19
3188629	122586.NMB0382	79677	438
3189754	122586.NMB1554	349	9
3188598	122586.NMB0351	956	17
3189557	122586.NMB1347	391	6
3188959	122586.NMB0720	98.3	3
3189043	122586.NMB0804	726	8
3189778	122586.NMB1579	496	8
3188369	122586.NMB0111	353	6
3189803	122586.NMB1604	3141	41
3188297	122586.NMB0030	73.9	3
3190238	122586.NMB2060	694	13
3188300	122586.NMB0033	600	13
3189073	122586.NMB0836	88.8	3
3189041	122586.NMB0802	314	4
3188412	122586.NMB0154	2015	17
3189730	122586.NMB1530	175	3
3190026	122586.NMB1839	669	19
3188413	122586.NMB0155	8639	14
3189846	122586.NMB1648	866	8
3188397	122586.NMB0139	17776	788
3189620	122586.NMB1415	542	99
3188939	122586.NMB0700	3237	250
3188929	122586.NMB0690	125	4
3189793	122586.NMB1594	359	8
3188278	122586.NMB0011	133	3
3188714	122586.NMB0469	810	7
3189283	122586.NMB1055	4163	47
3189674	122586.NMB1472	858	38
3189297	122586.NMB1070	215	6
3188681	122586.NMB0435	220	3
3188394	122586.NMB0136	1438	4
3188376	122586.NMB0118	237	11
3188677	122586.NMB0431	247	8
3188846	122586.NMB0604	3322	52
3189177	122586.NMB0943	133	3
3189587	122586.NMB1379	2520	58
3189992	122586.NMB1805	552	4
3189109	122586.NMB0872	422	7
3189524	122586.NMB1313	1270	29
3188789	122586.NMB0546	12553	181
3188654	122586.NMB0407	801	11
3188803	122586.NMB0561	313	3
3190309	122586.NMB2139	2604	42
3188783	122586.NMB0540	2650	50
3189597	122586.NMB1390	1852	19
3188350	122586.NMB0088	2094	49
3190158	122586.NMB1976	614	16
3189156	122586.NMB0920	1251	45
3189765	122586.NMB1565	1112	9
3189544	122586.NMB1333	4144	77
3188634	122586.NMB0387	375	12
3189189	122586.NMB0955	1243	56
3188858	122586.NMB0617	906	29
3189062	122586.NMB0823	210	3
3188545	122586.NMB0292	245	4
3189495	122586.NMB1283	628	10
3188871	122586.NMB0631	2150	41
3188426	122586.NMB0168	4146	62
3188332	122586.NMB0068	1261	24
3189448	122586.NMB1231	145	7
3189248	122586.NMB1019	123	3
3189566	122586.NMB1356	254	5
3189599	122586.NMB1392	879	19
3188583	122586.NMB0336	1433	22
3189259	122586.NMB1030	1188	14
3189550	122586.NMB1339	310	9
3190060	122586.NMB1874	672	12
3188997	122586.NMB0758	1031	35
3190055	122586.NMB1869	2441	24
3189535	122586.NMB1324	1514	20
3189555	122586.NMB1344	796	25
3188737	122586.NMB0493	988	133
3189779	122586.NMB1580	874	10
3190164	122586.NMB1982	95.5	5
3189633	122586.NMB1428	549	13
3188335	122586.NMB0071	531	12
3190260	122586.NMB2083	202	7
3188462	122586.NMB0204	806	8
3189881	122586.NMB1684	236	4
3189673	122586.NMB1471	479	9
3189997	122586.NMB1810	544	8
3189029	122586.NMB0790	124	3
3190100	122586.NMB1916	265	3
3188471	122586.NMB0214	2539	70
3188599	122586.NMB0352	358	3
3190262	122586.NMB2086	383	6
3189576	122586.NMB1366	598	5
3189273	122586.NMB1044	278	7
3190279	122586.NMB2103	162	3
3189054	122586.NMB0815	288	8
3189521	122586.NMB1310	268	7
3188576	122586.NMB0329	347	13
3188721	122586.NMB0476	264	7
3188705	122586.NMB0460	314	11
3189910	122586.NMB1714	239	8
3190117	122586.NMB1934	6310	150
3190047	122586.NMB1861	431	11
3188403	122586.NMB0145	8231	98
3188863	122586.NMB0622	1219	12
3189601	122586.NMB1394	1323	6
3188600	122586.NMB0353	373	5
3188453	122586.NMB0195	359	3
3188293	122586.NMB0026	20767	129
3188592	122586.NMB0345	6113	80
3189344	122586.NMB1124	6530	78
3189388	122586.NMB1169	93.0	8
3188367	122586.NMB0109	1405	34
3190256	122586.NMB2079	1535	25
3190151	122586.NMB1968	2430	53
3188389	122586.NMB0131	1170	6
3190155	122586.NMB1972	13042	344
3189383	122586.NMB1164	5941	140
3189002	122586.NMB0763	11010	213
3190299	122586.NMB2129	368	12
3189516	122586.NMB1305	335	3
3189661	122586.NMB1457	946	33
3188364	122586.NMB0106	541	9
3189188	122586.NMB0954	7299	107
3190277	122586.NMB2101	607	10
3189049	122586.NMB0810	732	5
3189346	122586.NMB1126	5941	140
3189026	122586.NMB0787	1055	10
3189783	122586.NMB1584	1423	13
3190136	122586.NMB1953	251	3
3189085	122586.NMB0848	603	4
3189351	122586.NMB1131	93.0	8
3189110	122586.NMB0873	1991	16
3189570	122586.NMB1360	429	3
3190177	122586.NMB1996	655	41
3189986	122586.NMB1799	438	4
3189794	122586.NMB1595	224	10
3188706	122586.NMB0461	1814	99
3189468	122586.NMB1252	661	9
3188963	122586.NMB0724	1133	20
3190086	122586.NMB1902	1149	20
3189216	122586.NMB0983	174	5
3190234	122586.NMB2056	900	5
3189053	122586.NMB0814	833	16
3188463	122586.NMB0205	16423	120
3189180	122586.NMB0946	5698	75
3188881	122586.NMB0641	2392	16
3189808	122586.NMB1609	1643	23
3189875	122586.NMB1678	1075	24
3189131	122586.NMB0894	213	7
3189425	122586.NMB1207	782	12
3189164	122586.NMB0929	2696	33
3188831	122586.NMB0589	416	4
3190261	122586.NMB2085	414	7
3189347	122586.NMB1127	478	10
3190035	122586.NMB1849	2971	41
3188344	122586.NMB0081	280	3
3189874	122586.NMB1677	532	7
3189266	122586.NMB1037	276	7
3189780	122586.NMB1581	1092	26
3188461	122586.NMB0203	2363	34
3190073	122586.NMB1887	253	3
3189384	122586.NMB1165	478	10
3188919	122586.NMB0680	256	3
3188734	122586.NMB0490	223	6
3188296	122586.NMB0029	351	6
3188780	122586.NMB0537	354	5
3188288	122586.NMB0021	4545	36
3188569	122586.NMB0321	517	3
3189582	122586.NMB1372	1573	27
3189866	122586.NMB1668	271	9
3188786	122586.NMB0543	257	3
3190239	122586.NMB2061	136	7
3189850	122586.NMB1652	2828	51
3190269	122586.NMB2093	201	3
3189260	122586.NMB1031	1045	22
3189650	122586.NMB1445	1936	28
3190252	122586.NMB2074	86.4	3
3188415	122586.NMB0157	1432	14
3189645	122586.NMB1440	1244	14
3189226	122586.NMB0994	285	4
3189503	122586.NMB1291	66.8	3
3190020	122586.NMB1833	154	7
3189258	122586.NMB1029	203	5
3190129	122586.NMB1946	862	12
3189025	122586.NMB0786	208	4
3188469	122586.NMB0212	51.3	3
3188907	122586.NMB0668	461	5
3190152	122586.NMB1969	1242	68
3188423	122586.NMB0165	1614	5
3189876	122586.NMB1679	157	3
3188859	122586.NMB0618	1067	29
3190317	122586.NMB2147	1180	17
3189181	122586.NMB0947	144	5
3189198	122586.NMB0964	1424	52
3188538	122586.NMB0283	333	3
3188866	122586.NMB0626	106	4
3190132	122586.NMB1949	611	16
3189184	122586.NMB0950	79.3	4
3188606	122586.NMB0359	979	19
3189568	122586.NMB1358	228	6
3189082	122586.NMB0845	795	15
3188701	122586.NMB0456	2179	51
3188311	122586.NMB0044	579	20
3188707	122586.NMB0462	1039	30
3188828	122586.NMB0586	3918	34
3188419	122586.NMB0161	331	3
3189417	122586.NMB1199	817	22
3188368	122586.NMB0110	375	3
3190324	122586.NMB2154	646	5
3189308	122586.NMB1084	426	6
3189042	122586.NMB0803	391	7
3188465	122586.NMB0207	1921	30
3190186	122586.NMB2005	1868	35
3188428	122586.NMB0170	324	3
3190082	122586.NMB1897	378	18
3190025	122586.NMB1838	125	3
3189300	122586.NMB1073	1346	32
3189020	122586.NMB0781	519	6
3189492	122586.NMB1280	666	18
3188386	122586.NMB0128	2520	36
3188571	122586.NMB0323	129	4
3189115	122586.NMB0878	118	3
3188438	122586.NMB0180	556	11
3188574	122586.NMB0326	729	12
3189592	122586.NMB1384	678	30
3189088	122586.NMB0851	311	5
3188401	122586.NMB0143	2655	36
3189959	122586.NMB1768	978	128
3188626	122586.NMB0379	124	4
3188637	122586.NMB0390	348	10
3188827	122586.NMB0585	652	96
3189612	122586.NMB1405	371	18
3189171	122586.NMB0937	3600	18
3189022	122586.NMB0783	2552	25
3190001	122586.NMB1814	569	7
3188901	122586.NMB0662	647	5
3188282	122586.NMB0015	353	11
3189282	122586.NMB1053	100067	1197
3188723	122586.NMB0478	456	4
3190325	122586.NMB2155	153	3
3190105	122586.NMB1921	1537	28
3189178	122586.NMB0944	2356	104
3189771	122586.NMB1572	1589	76
3190050	122586.NMB1864	2363	30
3188439	122586.NMB0181	1449	10
3188648	122586.NMB0401	971	53
3189707	122586.NMB1506	324	12
3189706	122586.NMB1505	292	9
3188877	122586.NMB0637	706	18
3188396	122586.NMB0138	3030	76
3188865	122586.NMB0625	562	4
3188962	122586.NMB0723	2019	5
3190181	122586.NMB2000	559	9
3189193	122586.NMB0959	5626	126
3190226	122586.NMB2048	230	4
3189291	122586.NMB1064	145	3
3188385	122586.NMB0127	884	6
3190119	122586.NMB1936	5600	159
3188923	122586.NMB0684	1970	15
3189552	122586.NMB1341	5883	197
3188968	122586.NMB0729	357	3
3188277	122586.NMB0010	1262	32
3189757	122586.NMB1557	1103	9
3189505	122586.NMB1293	654	3
3189670	122586.NMB1468	1078	8
3190040	122586.NMB1854	318	4
3189112	122586.NMB0875	1264	16
3188561	122586.NMB0313	108	3
3190104	122586.NMB1920	224	7
3189191	122586.NMB0957	1416	27
3189264	122586.NMB1035	10834	31
3188921	122586.NMB0682	804	15
3188286	122586.NMB0019	4563	39
3189113	122586.NMB0876	790	8
3190010	122586.NMB1823	1139	23
3188864	122586.NMB0623	320	6
3189447	122586.NMB1230	707	5
3188365	122586.NMB0107	259	3
3189450	122586.NMB1233	74.6	3
3188536	122586.NMB0281	2334	52
3189430	122586.NMB1212	524	5
3189634	122586.NMB1429	47205	892
3188273	122586.NMB0006	1581	14
3188709	122586.NMB0464	210	5
3188317	122586.NMB0052	1217	27
3189677	122586.NMB1475	665	12
3189108	122586.NMB0871	258	7
3188539	122586.NMB0284	603	12
3190014	122586.NMB1827	31.3	3
3189534	122586.NMB1323	1622	9
3188891	122586.NMB0652	670	10
3190246	122586.NMB2068	1196	20
3188406	122586.NMB0148	291	3
3189107	122586.NMB0870	875	9
3189630	122586.NMB1425	142	4
3188817	122586.NMB0575	1291	5
3188285	122586.NMB0018	20521	180
3189791	122586.NMB1592	263	3
3188390	122586.NMB0132	1975	149
3188793	122586.NMB0550	2452	25
3188454	122586.NMB0196	318	13
3189229	122586.NMB0997	82.0	3
3189227	122586.NMB0995	727	8
3189812	122586.NMB1613	337	13
3189007	122586.NMB0768	1299	31
3189891	122586.NMB1694	179	4
3189776	122586.NMB1577	121	4
3188851	122586.NMB0609	775	3
3188967	122586.NMB0728	65.1	3
3188400	122586.NMB0142	1206	13
3188796	122586.NMB0554	1097	33
3189579	122586.NMB1369	1699	9
3189699	122586.NMB1498	747	17
3188308	122586.NMB0041	3387	36
3188395	122586.NMB0137	2419	17
3189719	122586.NMB1518	4729	89
3188427	122586.NMB0169	590	3
3189543	122586.NMB1332	2875	55
3190146	122586.NMB1963	3431	34
3189520	122586.NMB1309	6341	92
3189276	122586.NMB1047	692	5
3188382	122586.NMB0124	17939	792
3188816	122586.NMB0574	905	18
3189407	122586.NMB1188	761	36
3190175	122586.NMB1994	175	3
3189781	122586.NMB1582	108	3
3189432	122586.NMB1214	25.1	8
3190271	122586.NMB2095	9138	76
3190235	122586.NMB2057	293	3
3189531	122586.NMB1320	1147	12
3188946	122586.NMB0707	2447	33
3188773	122586.NMB0530	1711	41
3188584	122586.NMB0337	369	8
3190278	122586.NMB2102	1727	29
3189815	122586.NMB1616	564	4
3189013	122586.NMB0774	584	5
3189664	122586.NMB1460	2319	17
3188672	122586.NMB0426	198	6
3188582	122586.NMB0335	3409	44
3190267	122586.NMB2091	3417	41
3189916	122586.NMB1720	49.2	3
3188533	122586.NMB0278	259	3
3189772	122586.NMB1573	1124	17
3189121	122586.NMB0884	412	3
3188741	122586.NMB0497	71.5	20
3190166	122586.NMB1985	4482	284
3189602	122586.NMB1395	297	3
3190272	122586.NMB2096	151	3
3188691	122586.NMB0446	1207	26
3188942	122586.NMB0703	2451	43
3188437	122586.NMB0179	1558	13
3189500	122586.NMB1288	190	3
3189381	122586.NMB1162	6530	78
3190179	122586.NMB1998	2489	203
3188440	122586.NMB0182	431	21
3188938	122586.NMB0699	921	20
3188950	122586.NMB0711	477	8
3188874	122586.NMB0634	7836	73
3189163	122586.NMB0928	2603	59
3190041	122586.NMB1855	2078	101
3189419	122586.NMB1201	1484	39
3189040	122586.NMB0801	1451	21
3189906	122586.NMB1710	4241	100
3189285	122586.NMB1057	2499	50
3189190	122586.NMB0956	2197	29
3189969	122586.NMB1779	71.2	20
3188432	122586.NMB0174	1108	52
3188622	122586.NMB0375	670	10
3189773	122586.NMB1574	7284	96
3188316	122586.NMB0051	87.2	3
3189194	122586.NMB0960	6468	106
3188573	122586.NMB0325	1376	5
3189512	122586.NMB1301	995	21
3190169	122586.NMB1988	204	8
3190083	122586.NMB1898	293	4
