#id: 70
#name: S.aureus Mu50 - Whole organism, SC (GPM,Aug,2014)
#score: 12.84
#weight: 100%
#description: abundance based on Spectral counting, from<a href="http://www.thegpm.org/" target="_blank">GPM,Aug,2014</a><br/><b>Interaction consistency score</b>: 12.84&nbsp<b>Coverage</b>: 62
#organ: WHOLE_ORGANISM
#integrated: false
#coverage: 62
#publication_year: 2014
#filename: 158878-GPM_201408.txt
#
#internal_id	string_external_id	abundance	raw_spectral_count
3324705	158878.SAV2539	289	658
3324790	158878.SAV2624	1.92	4
3322929	158878.SAV0749	83.7	97
3324578	158878.SAV2412	56.3	70
3322860	158878.SAV0680	334	238
3324628	158878.SAV2462	10.9	8
3324502	158878.SAV2336	29.3	31
3323303	158878.SAV1128	832	211
3323692	158878.SAV1520	737	426
3322481	158878.SAV0300	2.44	8
3322693	158878.SAV0513	2216	2935
3324625	158878.SAV2459	18.0	41
3324202	158878.SAV2035	2686	511
3324501	158878.SAV2335	222	221
3322338	158878.SAV0156	3.96	4
3324461	158878.SAV2295	1064	566
3322702	158878.SAV0522	117	96
3323264	158878.SAV1088	208	196
3322877	158878.SAV0697	2.74	3
3322741	158878.SAV0560	374	377
3323445	158878.SAV1271	205	252
3324048	158878.SAV1879	307	655
3322659	158878.SAV0479	1768	610
3324460	158878.SAV2294	22.4	36
3324550	158878.SAV2384	272	447
3323885	158878.SAV1715	81.5	136
3322886	158878.SAV0706	124	131
3324714	158878.SAV2548	277	1161
3323810	158878.SAV1639	193	377
3324781	158878.SAV2615	2.18	3
3324239	158878.SAV2072	5.69	3
3324035	158878.SAV1866	7.29	26
3323229	158878.SAV1052	1239	7399
3322729	158878.SAV0548	12938	25446
3323751	158878.SAV1580	3589	8362
3322564	158878.SAV0383	6.45	9
3324579	158878.SAV2413	431	269
3324030	158878.SAV1861	336	217
3323405	158878.SAV1231	1934	2001
3322669	158878.SAV0489	28.8	20
3322361	158878.SAV0179	18.5	197
3323167	158878.SAV0989	68.8	113
3322403	158878.SAV0221	12.1	7
3323860	158878.SAV1690	438	2265
3322500	158878.SAV0319	8.01	10
3324412	158878.SAV2246	2303	1057
3324723	158878.SAV2557	40.4	130
3323783	158878.SAV1612	42.0	73
3323524	158878.SAV1352	356	258
3323392	158878.SAV1218	72.5	170
3324391	158878.SAV2225	3317	1811
3323804	158878.SAV1633	588	281
3324075	158878.SAV1906	25.2	10
3323793	158878.SAV1622	126	190
3324786	158878.SAV2620	26.5	68
3324326	158878.SAV2160	0.484	3
3322809	158878.SAV0629	5.01	9
3322752	158878.SAV0571	479	501
3322377	158878.SAV0195	6.04	29
3324057	158878.SAV1888	558	613
3323893	158878.SAV1723	160	277
3323877	158878.SAV1707	280	250
3324081	158878.SAV1912	652	933
3323235	158878.SAV1059	333	170
3323189	158878.SAV1012	118	92
3323290	158878.SAV1114	769	4558
3323944	158878.SAV1775	249	348
3323224	158878.SAV1047	450	729
3322195	158878.SAV0011	80.3	25
3324487	158878.SAV2321	70.8	46
3324591	158878.SAV2425	407	528
3322732	158878.SAV0551	1452	1468
3322572	158878.SAV0391	1087	2372
3323671	158878.SAV1499	45.0	28
3323765	158878.SAV1594	20.2	20
3324454	158878.SAV2288	65.1	29
3324283	158878.SAV2117	5.51	9
3322418	158878.SAV0236	2.44	4
3323146	158878.SAV0968	1415	2186
3324439	158878.SAV2273	168	362
3322917	158878.SAV0737	5.71	3
3322888	158878.SAV0708	1247	580
3322402	158878.SAV0220	4.79	4
3323661	158878.SAV1489	4.28	11
3324112	158878.SAV1944	5.79	4
3323959	158878.SAV1790	546	855
3322945	158878.SAV0765	94.7	190
3323716	158878.SAV1545	158	149
3323568	158878.SAV1396	244	309
3324794	158878.SAV2628	114	76
3323535	158878.SAV1363	503	120
3323796	158878.SAV1625	2179	249
3322737	158878.SAV0556	143	231
3322671	158878.SAV0491	145	148
3323935	158878.SAV1765	123	188
3322873	158878.SAV0693	2.25	7
3324022	158878.SAV1853	47.2	13
3322686	158878.SAV0506	145	29
3323178	158878.SAV1000	701	1667
3323543	158878.SAV1371	8.97	8
3323818	158878.SAV1647	3316	1686
3324712	158878.SAV2546	1170	2189
3323243	158878.SAV1067	1310	801
3323833	158878.SAV1662	76.7	135
3324409	158878.SAV2243	5559	2612
3324290	158878.SAV2124	588	1236
3323902	158878.SAV1732	1765	3507
3324052	158878.SAV1883	206	243
3324471	158878.SAV2305	672	1407
3324041	158878.SAV1872	67.4	45
3324339	158878.SAV2173	1607	363
3323142	158878.SAV0964	9.47	3
3323186	158878.SAV1009	27.7	53
3324564	158878.SAV2398	2.48	3
3323896	158878.SAV1726	145	217
3323381	158878.SAV1207	133	40
3324208	158878.SAV2041	132	332
3324724	158878.SAV2558	610	109
3322716	158878.SAV0535	1118	1340
3324063	158878.SAV1894	39.7	21
3323789	158878.SAV1618	686	3070
3323197	158878.SAV1020	42.9	16
3323523	158878.SAV1351	217	217
3323864	158878.SAV1694	1299	1701
3323626	158878.SAV1454	660	1195
3322899	158878.SAV0719	2329	6324
3322754	158878.SAV0573	216	349
3324046	158878.SAV1877	7.52	15
3324408	158878.SAV2242	2228	602
3323752	158878.SAV1581	1317	1094
3322390	158878.SAV0208	1.44	6
3323881	158878.SAV1711	907	2330
3323390	158878.SAV1216	424	712
3323529	158878.SAV1357	69.6	76
3323736	158878.SAV1565	1390	3296
3322639	158878.SAV0458	7.17	8
3324517	158878.SAV2351	123	107
3323839	158878.SAV1668	547	857
3322200	158878.SAV0016	84.7	168
3323758	158878.SAV1587	30.6	45
3324341	158878.SAV2175	21.8	22
3324645	158878.SAV2479	60.2	23
3322878	158878.SAV0698	6.32	8
3323504	158878.SAV1331	696	866
3323977	158878.SAV1808	202	728
3322918	158878.SAV0738	293	398
3323693	158878.SAV1521	245	347
3322416	158878.SAV0234	75.3	135
3322784	158878.SAV0603	27.6	55
3322845	158878.SAV0665	4257	2281
3323625	158878.SAV1453	2.83	3
3323489	158878.SAV1316	1912	736
3323372	158878.SAV1198	398	442
3323757	158878.SAV1586	2935	423
3323990	158878.SAV1821	7.67	13
3323274	158878.SAV1098	4.89	6
3323862	158878.SAV1692	2.61	9
3323501	158878.SAV1328	198	350
3323187	158878.SAV1010	36.1	93
3324054	158878.SAV1885	91.8	112
3323627	158878.SAV1455	67.8	312
3323883	158878.SAV1713	2100	1553
3324384	158878.SAV2218	4249	2493
3323304	158878.SAV1129	12.3	30
3323268	158878.SAV1092	672	294
3323916	158878.SAV1746	91.2	41
3324809	158878.SAV2643	104	354
3324363	158878.SAV2197	2.63	4
3324196	158878.SAV2029	1334	3391
3323637	158878.SAV1465	33.2	52
3323732	158878.SAV1561	888	981
3323463	158878.SAV1289	54.2	104
3324077	158878.SAV1908	743	1871
3322787	158878.SAV0606	31.8	24
3324434	158878.SAV2268	1.94	4
3322199	158878.SAV0015	487	302
3324824	158878.SAV2658	30.7	12
3323389	158878.SAV1215	117	77
3322785	158878.SAV0604	158	124
3323265	158878.SAV1089	655	1520
3324662	158878.SAV2496	100	72
3322757	158878.SAV0576	3.3	8
3323636	158878.SAV1464	103	226
3324456	158878.SAV2290	141	276
3324438	158878.SAV2272	23.1	27
3322768	158878.SAV0587	640	963
3324657	158878.SAV2491	94.2	284
3324388	158878.SAV2222	9.7	19
3322811	158878.SAV0631	1077	1358
3322537	158878.SAV0356	175	480
3323615	158878.SAV1443	15.7	11
3324099	158878.SAV1930	87.9	105
3322279	158878.SAV0097	11.5	76
3322777	158878.SAV0596	1.5	3
3324584	158878.SAV2418	666	1129
3324269	158878.SAV2103	2193	5488
3322844	158878.SAV0664	181	163
3323375	158878.SAV1201	301	683
3323449	158878.SAV1275	590	1403
3324508	158878.SAV2342	77.4	19
3324481	158878.SAV2315	5.33	6
3323638	158878.SAV1466	247	377
3323547	158878.SAV1375	539	1132
3323923	158878.SAV1753	22.9	29
3324201	158878.SAV2034	37.8	52
3323301	158878.SAV1126	2.2	5
3323134	158878.SAV0956	74.4	120
3322520	158878.SAV0339	9.48	19
3324255	158878.SAV2088	21.0	67
3323011	158878.SAV0832	1670	416
3323525	158878.SAV1353	104	68
3322734	158878.SAV0553	224	410
3322683	158878.SAV0503	68.2	395
3324207	158878.SAV2040	40.1	56
3322197	158878.SAV0013	60.2	16
3323425	158878.SAV1251	424	840
3322326	158878.SAV0144	4.84	12
3323009	158878.SAV0830	118	90
3324820	158878.SAV2654	6.08	29
3322719	158878.SAV0538	3006	2830
3324006	158878.SAV1837	94.6	83
3322695	158878.SAV0515	102	61
3323873	158878.SAV1703	3.42	24
3323749	158878.SAV1578	157	196
3322510	158878.SAV0329	26.2	42
3324436	158878.SAV2270	53.1	28
3322926	158878.SAV0746	24.3	31
3324868	158878.SAV2702	9.19	24
3323016	158878.SAV0837	47.1	76
3324515	158878.SAV2349	208	196
3324265	158878.SAV2098	492	282
3324666	158878.SAV2500	215	261
3323906	158878.SAV1736	725	1208
3323786	158878.SAV1615	986	201
3322794	158878.SAV0613	2042	1209
3323769	158878.SAV1598	172	108
3323219	158878.SAV1042	29.1	62
3324457	158878.SAV2291	264	175
3323258	158878.SAV1082	675	451
3324803	158878.SAV2637	197	408
3323612	158878.SAV1440	90.1	182
3323418	158878.SAV1244	3.35	4
3323436	158878.SAV1262	255	511
3323411	158878.SAV1237	441	898
3322788	158878.SAV0607	543	1635
3324354	158878.SAV2188	66.5	75
3323107	158878.SAV0929	1002	885
3324519	158878.SAV2353	101	82
3323981	158878.SAV1812	19.6	15
3322523	158878.SAV0342	72.0	58
3322643	158878.SAV0463	12.1	7
3322833	158878.SAV0653	89.3	45
3324669	158878.SAV2503	31.3	136
3323116	158878.SAV0938	146	260
3323163	158878.SAV0985	10.9	3
3322678	158878.SAV0498	1227	772
3323007	158878.SAV0828	97.9	98
3324743	158878.SAV2577	16.1	10
3322724	158878.SAV0543	1604	9236
3323276	158878.SAV1100	20.9	10
3323544	158878.SAV1372	37.9	58
3324221	158878.SAV2054	464	1284
3322192	158878.SAV0008	22.8	54
3323539	158878.SAV1367	4.43	12
3322469	158878.SAV0287	19.1	128
3323238	158878.SAV1062	1324	466
3322415	158878.SAV0233	156	279
3324849	158878.SAV2683	23.6	43
3324028	158878.SAV1859	28.8	38
3322676	158878.SAV0496	425	726
3323874	158878.SAV1704	65.9	97
3322339	158878.SAV0157	15.0	49
3323364	158878.SAV1190	92.7	69
3322571	158878.SAV0390	1492	3117
3324448	158878.SAV2282	81.5	65
3323854	158878.SAV1684	102	167
3323192	158878.SAV1015	1325	938
3322265	158878.SAV0083	7.19	8
3324305	158878.SAV2139	1469	929
3324772	158878.SAV2606	2883	4438
3322303	158878.SAV0121	12.1	37
3324413	158878.SAV2247	2944	3016
3322897	158878.SAV0717	211	276
3323242	158878.SAV1066	1021	1381
3324842	158878.SAV2676	10.7	7
3323137	158878.SAV0959	1210	2098
3322763	158878.SAV0582	29.6	18
3324575	158878.SAV2409	97.3	75
3323256	158878.SAV1080	67.7	101
3322661	158878.SAV0481	1.68	3
3324089	158878.SAV1920	379	623
3324878	158878.SAV2712	98.7	253
3323455	158878.SAV1281	8.45	10
3322825	158878.SAV0645	230	445
3323114	158878.SAV0936	335	189
3322712	158878.SAV0531	252	304
3324875	158878.SAV2709	167	247
3322663	158878.SAV0483	348	133
3323319	158878.SAV1144	74.9	213
3324392	158878.SAV2226	4669	1849
3324613	158878.SAV2447	8.28	7
3322437	158878.SAV0255	1506	1918
3323717	158878.SAV1546	876	188
3324488	158878.SAV2322	21.9	28
3322892	158878.SAV0712	117	165
3324173	158878.SAV2005	155	223
3324335	158878.SAV2169	36.7	28
3322443	158878.SAV0261	36.7	28
3324044	158878.SAV1875	1072	672
3323456	158878.SAV1282	33.8	18
3323705	158878.SAV1534	416	292
3323781	158878.SAV1610	2828	1645
3323915	158878.SAV1745	71.4	157
3324703	158878.SAV2537	73.4	43
3323365	158878.SAV1191	14.0	20
3324870	158878.SAV2704	2062	357
3323231	158878.SAV1055	52.8	36
3322424	158878.SAV0242	4.38	30
3323846	158878.SAV1675	3681	4417
3322278	158878.SAV0096	4.19	47
3322511	158878.SAV0330	84.7	30
3324203	158878.SAV2036	7.17	4
3323434	158878.SAV1260	181	174
3323611	158878.SAV1439	42.7	61
3324565	158878.SAV2399	5.71	3
3323431	158878.SAV1257	5444	8184
3323870	158878.SAV1700	577	787
3324708	158878.SAV2542	23.3	30
3323604	158878.SAV1432	22.9	24
3322885	158878.SAV0705	125	204
3324763	158878.SAV2597	16.5	12
3324652	158878.SAV2486	3.77	16
3323384	158878.SAV1210	926	348
3322849	158878.SAV0669	1195	874
3324620	158878.SAV2454	11.6	9
3324512	158878.SAV2346	153	187
3322293	158878.SAV0111	1676	1843
3323460	158878.SAV1286	273	529
3324311	158878.SAV2145	44.1	20
3323556	158878.SAV1384	237	562
3322893	158878.SAV0713	31.6	21
3323867	158878.SAV1697	2608	6922
3324689	158878.SAV2523	250	322
3324523	158878.SAV2357	41.4	20
3322691	158878.SAV0511	1100	2731
3323105	158878.SAV0927	253	109
3322786	158878.SAV0605	349	626
3323289	158878.SAV1113	215	247
3323377	158878.SAV1203	440	1671
3323599	158878.SAV1427	174	267
3323922	158878.SAV1752	1945	850
3324216	158878.SAV2049	98.1	184
3322652	158878.SAV0472	49.3	315
3323766	158878.SAV1595	311	197
3323004	158878.SAV0825	189	73
3324639	158878.SAV2473	58.2	77
3322923	158878.SAV0743	284	516
3322940	158878.SAV0760	184	334
3324719	158878.SAV2553	77.5	65
3324736	158878.SAV2570	16.1	22
3323222	158878.SAV1045	1324	1292
3324171	158878.SAV2003	423	445
3323910	158878.SAV1740	283	708
3324405	158878.SAV2239	1586	379
3322509	158878.SAV0328	260	408
3323579	158878.SAV1407	23.6	37
3322548	158878.SAV0367	1062	282
3322281	158878.SAV0099	8.38	63
3323628	158878.SAV1456	40.7	68
3323887	158878.SAV1717	425	1038
3322395	158878.SAV0213	56.2	74
3322205	158878.SAV0021	9.45	14
3322497	158878.SAV0316	7.54	14
3324784	158878.SAV2618	8.98	8
3324865	158878.SAV2699	62.3	71
3324422	158878.SAV2256	6.92	6
3322271	158878.SAV0089	31.2	60
3324342	158878.SAV2176	31.2	48
3323280	158878.SAV1104	102	38
3324775	158878.SAV2609	395	958
3322710	158878.SAV0530	488	1215
3322921	158878.SAV0741	141	110
3323152	158878.SAV0974	1.7	16
3322393	158878.SAV0211	111	159
3322502	158878.SAV0321	6.33	8
3323965	158878.SAV1796	1.95	4
3322204	158878.SAV0020	36.9	73
3324533	158878.SAV2367	36.9	80
3324795	158878.SAV2629	15.1	18
3322705	158878.SAV0525	780	3473
3322904	158878.SAV0724	135	207
3322880	158878.SAV0700	104	217
3323787	158878.SAV1616	186	145
3324697	158878.SAV2531	35.4	28
3323794	158878.SAV1623	31.2	51
3323427	158878.SAV1253	400	423
3324807	158878.SAV2641	171	349
3322832	158878.SAV0652	63.8	27
3323439	158878.SAV1265	334	147
3324598	158878.SAV2432	2.55	4
3323438	158878.SAV1264	106	638
3323332	158878.SAV1158	264	197
3323698	158878.SAV1526	473	1018
3322471	158878.SAV0290	19.8	11
3322308	158878.SAV0126	1234	1110
3324351	158878.SAV2185	324	235
3322321	158878.SAV0139	651	1185
3324721	158878.SAV2555	12.7	8
3322680	158878.SAV0500	953	1473
3322302	158878.SAV0120	3.52	13
3323602	158878.SAV1430	240	119
3323614	158878.SAV1442	1.34	3
3324469	158878.SAV2303	271	109
3323473	158878.SAV1300	256	253
3323312	158878.SAV1137	179	263
3324710	158878.SAV2544	182	77
3324224	158878.SAV2057	154	424
3324609	158878.SAV2443	109	181
3322959	158878.SAV0779	78.4	95
3322285	158878.SAV0103	39.5	22
3324427	158878.SAV2261	122	566
3323124	158878.SAV0946	52.1	10
3323271	158878.SAV1095	2591	4503
3323263	158878.SAV1087	29.2	38
3322853	158878.SAV0673	63.3	78
3322619	158878.SAV0438	11.5	65
3324482	158878.SAV2316	280	458
3322922	158878.SAV0742	342	298
3323291	158878.SAV1115	41.5	34
3323394	158878.SAV1220	144	294
3322949	158878.SAV0769	181	269
3323924	158878.SAV1754	115	198
3323045	158878.SAV0867	386	223
3323443	158878.SAV1269	1119	2968
3323321	158878.SAV1146	1.7	3
3323921	158878.SAV1751	642	1609
3323132	158878.SAV0954	1176	809
3323454	158878.SAV1280	23.4	30
3322769	158878.SAV0588	1698	2102
3324783	158878.SAV2617	15.1	47
3323838	158878.SAV1667	533	1105
3324076	158878.SAV1907	425	226
3324389	158878.SAV2223	4041	1867
3322775	158878.SAV0594	20.3	63
3323801	158878.SAV1630	684	2099
3323578	158878.SAV1406	187	420
3322505	158878.SAV0324	77.1	39
3322826	158878.SAV0646	27.2	27
3324688	158878.SAV2522	2.97	3
3322866	158878.SAV0686	1037	710
3322681	158878.SAV0501	5646	2831
3322644	158878.SAV0464	113	154
3323126	158878.SAV0948	47.5	23
3324500	158878.SAV2334	230	265
3324410	158878.SAV2244	4100	2781
3324042	158878.SAV1873	16.1	19
3323344	158878.SAV1170	29.9	37
3323272	158878.SAV1096	3562	5999
3324586	158878.SAV2420	149	204
3322484	158878.SAV0303	49.3	22
3324765	158878.SAV2599	528	658
3323546	158878.SAV1374	422	776
3323386	158878.SAV1212	14.4	54
3324837	158878.SAV2671	125	367
3322801	158878.SAV0620	15.6	10
3323120	158878.SAV0942	161	348
3324446	158878.SAV2280	14.5	14
3322911	158878.SAV0731	501	1867
3323957	158878.SAV1788	223	402
3323139	158878.SAV0961	5.68	9
3323182	158878.SAV1005	134	62
3323945	158878.SAV1776	79.7	51
3323401	158878.SAV1227	14.2	37
3323681	158878.SAV1509	393	304
3324542	158878.SAV2376	12.7	15
3324713	158878.SAV2547	50.1	59
3322280	158878.SAV0098	8.35	60
3323730	158878.SAV1559	47.3	76
3324343	158878.SAV2177	707	696
3323784	158878.SAV1613	94.3	165
3324492	158878.SAV2326	52.2	32
3323337	158878.SAV1163	273	409
3323662	158878.SAV1490	34.6	90
3323795	158878.SAV1624	561	66
3324078	158878.SAV1909	283	612
3322508	158878.SAV0327	30.6	57
3324491	158878.SAV2325	127	130
3324100	158878.SAV1931	387	416
3322622	158878.SAV0441	11.0	65
3323586	158878.SAV1414	14.5	24
3323387	158878.SAV1213	51.0	62
3323635	158878.SAV1463	97.7	166
3324451	158878.SAV2285	27.5	49
3322900	158878.SAV0720	12.7	34
3323148	158878.SAV0970	468	1040
3324610	158878.SAV2444	532	230
3323470	158878.SAV1297	37.5	123
3324406	158878.SAV2240	679	269
3324548	158878.SAV2382	711	564
3323988	158878.SAV1819	53.8	132
3323664	158878.SAV1492	613	583
3322939	158878.SAV0759	161	658
3324039	158878.SAV1870	293	98
3323707	158878.SAV1536	595	1019
3324490	158878.SAV2324	14.1	24
3322335	158878.SAV0153	48.7	95
3323630	158878.SAV1458	159	331
3324673	158878.SAV2507	3.36	6
3322677	158878.SAV0497	141	61
3324860	158878.SAV2694	18.0	13
3324019	158878.SAV1850	371	380
3323324	158878.SAV1149	93.6	138
3324336	158878.SAV2170	37.3	20
3322371	158878.SAV0189	657	1270
3323644	158878.SAV1472	70.0	71
3324232	158878.SAV2065	1312	1049
3323471	158878.SAV1298	77.0	63
3322994	158878.SAV0815	1166	999
3324524	158878.SAV2358	5.13	8
3322861	158878.SAV0681	16.7	6
3322352	158878.SAV0170	86.6	30
3323799	158878.SAV1628	402	371
3324441	158878.SAV2275	282	259
3323992	158878.SAV1823	2.72	4
3324090	158878.SAV1921	422	977
3324637	158878.SAV2471	10.1	17
3322850	158878.SAV0670	47.7	16
3324624	158878.SAV2458	454	168
3323571	158878.SAV1399	4.31	8
3324222	158878.SAV2055	249	88
3322521	158878.SAV0340	16.9	23
3324260	158878.SAV2093	38.3	45
3322699	158878.SAV0519	989	1362
3322837	158878.SAV0657	153	150
3323722	158878.SAV1551	45.8	12
3323327	158878.SAV1153	71.9	41
3323534	158878.SAV1362	189	194
3323402	158878.SAV1228	11.2	10
3324768	158878.SAV2602	739	968
3322222	158878.SAV0040	32.6	30
3323480	158878.SAV1307	23.8	57
3323706	158878.SAV1535	671	1193
3324274	158878.SAV2108	106	28
3323695	158878.SAV1523	61.9	117
3324821	158878.SAV2655	11.3	15
3323745	158878.SAV1574	86.4	39
3323437	158878.SAV1263	958	2518
3322435	158878.SAV0253	224	1007
3324747	158878.SAV2581	558	932
3324857	158878.SAV2691	22.1	32
3322462	158878.SAV0280	25.9	43
3322470	158878.SAV0289	31.9	21
3324601	158878.SAV2435	7.72	10
3323391	158878.SAV1217	127	342
3323878	158878.SAV1708	480	481
3323269	158878.SAV1093	4604	5006
3323168	158878.SAV0990	97.4	138
3322491	158878.SAV0310	243	117
3323522	158878.SAV1350	2523	7451
3323667	158878.SAV1495	6.19	7
3323770	158878.SAV1599	511	617
3323335	158878.SAV1161	96.2	63
3324470	158878.SAV2304	46932	7235
3323872	158878.SAV1702	829	1142
3324619	158878.SAV2453	119	133
3322557	158878.SAV0376	158	152
3323248	158878.SAV1072	237	222
3322297	158878.SAV0115	333	392
3324045	158878.SAV1876	535	217
3322547	158878.SAV0366	707	786
3324811	158878.SAV2645	186	222
3324694	158878.SAV2528	246	109
3322782	158878.SAV0601	24.7	16
3323366	158878.SAV1192	1280	950
3324402	158878.SAV2236	5854	2346
3322936	158878.SAV0756	59.7	50
3322561	158878.SAV0380	1019	1920
3323879	158878.SAV1709	247	619
3322603	158878.SAV0422	15.5	19
3323424	158878.SAV1250	173	478
3324404	158878.SAV2238	5226	4520
3323857	158878.SAV1687	113	160
3323359	158878.SAV1185	949	1788
3323666	158878.SAV1494	184	109
3324695	158878.SAV2529	3.95	4
3323512	158878.SAV1339	245	94
3323382	158878.SAV1208	145	398
3323645	158878.SAV1473	11676	4450
3322419	158878.SAV0237	84.3	190
3324328	158878.SAV2162	171	234
3323572	158878.SAV1400	325	678
3324220	158878.SAV2053	291	490
3324678	158878.SAV2512	72.0	109
3324815	158878.SAV2649	1.74	7
3323008	158878.SAV0829	10.4	8
3323162	158878.SAV0984	1757	2577
3322827	158878.SAV0647	289	366
3324105	158878.SAV1936	630	1031
3323933	158878.SAV1763	5.17	4
3323019	158878.SAV0840	5372	450
3323404	158878.SAV1230	620	768
3323720	158878.SAV1549	60.0	111
3324000	158878.SAV1831	57.9	75
3322720	158878.SAV0539	4701	2851
3323723	158878.SAV1552	206	703
3323688	158878.SAV1516	635	585
3324419	158878.SAV2253	580	658
3322746	158878.SAV0565	63.0	168
3322821	158878.SAV0641	107	54
3323245	158878.SAV1069	660	2183
3323350	158878.SAV1176	703	430
3324756	158878.SAV2590	22.0	11
3324053	158878.SAV1884	459	571
3323526	158878.SAV1354	177	393
3323895	158878.SAV1725	32.2	53
3323393	158878.SAV1219	98.8	165
3322685	158878.SAV0505	68.4	81
3322298	158878.SAV0116	9.33	10
3324722	158878.SAV2556	21.3	8
3322673	158878.SAV0493	172	211
3322648	158878.SAV0468	21.6	22
3323676	158878.SAV1504	13.7	15
3322672	158878.SAV0492	35.8	37
3322568	158878.SAV0387	1052	718
3323024	158878.SAV0845	520	448
3324465	158878.SAV2299	7136	6541
3324534	158878.SAV2368	386	311
3323325	158878.SAV1151	200	332
3322835	158878.SAV0655	4.26	13
3323882	158878.SAV1712	177	234
3323663	158878.SAV1491	2.13	6
3324728	158878.SAV2562	8.99	14
3322879	158878.SAV0699	125	123
3323199	158878.SAV1022	207	169
3322612	158878.SAV0431	205	728
3323871	158878.SAV1701	434	609
3324024	158878.SAV1855	195	133
3323734	158878.SAV1563	261	332
3322765	158878.SAV0584	317	476
3323849	158878.SAV1678	6398	805
3322960	158878.SAV0780	131	366
3324304	158878.SAV2138	2159	1824
3324050	158878.SAV1881	270	124
3322916	158878.SAV0736	272	343
3322728	158878.SAV0547	4922	14871
3323889	158878.SAV1719	3130	2816
3322306	158878.SAV0124	1.72	3
3323158	158878.SAV0980	35.3	33
3324250	158878.SAV2083	846	1016
3322529	158878.SAV0348	134	59
3324590	158878.SAV2424	81.4	133
3323642	158878.SAV1470	19.6	28
3324767	158878.SAV2601	17.3	17
3323616	158878.SAV1444	319	621
3323191	158878.SAV1014	1.63	3
3323352	158878.SAV1178	31.4	24
3323102	158878.SAV0924	243	406
3322816	158878.SAV0636	44.1	25
3322315	158878.SAV0133	236	307
3322742	158878.SAV0561	16.6	186
3322345	158878.SAV0163	12.9	25
3323641	158878.SAV1469	450	318
3323669	158878.SAV1497	4.91	10
3322368	158878.SAV0186	75.6	163
3323354	158878.SAV1180	26.9	16
3323596	158878.SAV1424	519	644
3323461	158878.SAV1287	211	62
3323448	158878.SAV1274	796	2316
3322436	158878.SAV0254	107	207
3323015	158878.SAV0836	34.6	26
3323282	158878.SAV1106	261	211
3322831	158878.SAV0651	150	110
3324270	158878.SAV2104	669	837
3324474	158878.SAV2308	241	124
3322858	158878.SAV0678	582	377
3323780	158878.SAV1609	4.14	4
3324225	158878.SAV2058	198	329
3324604	158878.SAV2438	65.1	201
3324102	158878.SAV1933	7.05	15
3324349	158878.SAV2183	317	221
3324068	158878.SAV1899	1303	2909
3324780	158878.SAV2614	28.7	13
3324701	158878.SAV2535	203	356
3324690	158878.SAV2524	704	1142
3322882	158878.SAV0702	65.1	105
3323702	158878.SAV1531	339	256
3323355	158878.SAV1181	97.3	315
3324215	158878.SAV2048	3.77	8
3324306	158878.SAV2140	39.9	26
3324702	158878.SAV2536	9.4	6
3323690	158878.SAV1518	134	202
3323013	158878.SAV0834	37.2	58
3323230	158878.SAV1054	14.9	8
3324324	158878.SAV2158	620	349
3323827	158878.SAV1656	33.7	106
3322697	158878.SAV0517	1197	2668
3323241	158878.SAV1065	360	565
3324296	158878.SAV2130	32.1	46
3323937	158878.SAV1767	779	402
3323566	158878.SAV1394	515	869
3324334	158878.SAV2168	56.9	33
3323367	158878.SAV1193	898	3634
3324447	158878.SAV2281	3.94	6
3322670	158878.SAV0490	644	1931
3322951	158878.SAV0771	67.4	88
3324151	158878.SAV1983	102	432
3324279	158878.SAV2113	1156	1660
3322891	158878.SAV0711	11.7	10
3323866	158878.SAV1696	294	635
3324489	158878.SAV2323	18.9	38
3322464	158878.SAV0282	2086	976
3322286	158878.SAV0104	92.2	146
3324449	158878.SAV2283	4.68	6
3322292	158878.SAV0110	361	712
3323459	158878.SAV1285	1013	1321
3323684	158878.SAV1512	118	217
3322439	158878.SAV0257	342	1323
3324370	158878.SAV2204	66.1	107
3324420	158878.SAV2254	43.5	133
3323675	158878.SAV1503	378	352
3324647	158878.SAV2481	3.09	16
3324287	158878.SAV2121	376	922
3322473	158878.SAV0292	8.86	7
3322479	158878.SAV0298	15.5	35
3324549	158878.SAV2383	680	300
3324559	158878.SAV2393	7.66	8
3323407	158878.SAV1233	123	162
3322932	158878.SAV0752	2310	1833
3323435	158878.SAV1261	23.3	36
3323440	158878.SAV1266	799	1312
3324572	158878.SAV2406	44.0	108
3323165	158878.SAV0987	207	206
3322654	158878.SAV0474	230	308
3323164	158878.SAV0986	321	394
3322947	158878.SAV0767	39.5	56
3323841	158878.SAV1670	220	393
3322694	158878.SAV0514	90.9	147
3324082	158878.SAV1913	237	678
3323683	158878.SAV1511	3028	6395
3323294	158878.SAV1118	69.2	103
3324033	158878.SAV1864	517	1154
3323278	158878.SAV1102	40.5	62
3323815	158878.SAV1644	342	843
3323220	158878.SAV1043	16.1	43
3324399	158878.SAV2233	3807	2946
3324325	158878.SAV2159	384	741
3323658	158878.SAV1486	14.3	72
3324462	158878.SAV2296	447	372
3323442	158878.SAV1268	137	84
3324587	158878.SAV2421	126	205
3323115	158878.SAV0937	177	88
3322468	158878.SAV0286	76.4	115
3324840	158878.SAV2674	2.99	5
3322625	158878.SAV0444	0.529	3
3323858	158878.SAV1688	609	550
3324671	158878.SAV2505	4.08	8
3322487	158878.SAV0306	2.72	4
3324373	158878.SAV2207	11.3	37
3324779	158878.SAV2613	187	434
3322408	158878.SAV0226	576	2135
3322440	158878.SAV0258	261	850
3322613	158878.SAV0432	11.7	29
3323441	158878.SAV1267	246	49
3323670	158878.SAV1498	593	433
3322277	158878.SAV0095	60.9	72
3323279	158878.SAV1103	324	266
3322566	158878.SAV0385	727	867
3322696	158878.SAV0516	93.8	42
3323891	158878.SAV1721	2.29	5
3323429	158878.SAV1255	1748	1709
3324475	158878.SAV2309	159	721
3323399	158878.SAV1225	509	555
3323550	158878.SAV1378	22.7	29
3323326	158878.SAV1152	306	225
3323017	158878.SAV0838	22.5	10
3323255	158878.SAV1079	173	8
3322657	158878.SAV0477	34.4	47
3323477	158878.SAV1304	25.0	41
3323613	158878.SAV1441	175	804
3324303	158878.SAV2137	1088	1944
3324758	158878.SAV2592	335	340
3322346	158878.SAV0164	8.07	12
3323595	158878.SAV1423	1113	783
3324003	158878.SAV1834	198	322
3322499	158878.SAV0318	14.4	21
3324257	158878.SAV2090	597	751
3324522	158878.SAV2356	26.7	53
3324298	158878.SAV2132	126	213
3323444	158878.SAV1270	923	300
3322438	158878.SAV0256	466	865
3323820	158878.SAV1649	119	204
3324711	158878.SAV2545	89.5	135
3324289	158878.SAV2123	195	106
3324329	158878.SAV2163	50.7	51
3324366	158878.SAV2200	1546	981
3324294	158878.SAV2128	1074	933
3324094	158878.SAV1925	5.86	9
3323306	158878.SAV1131	59.6	49
3322843	158878.SAV0663	580	456
3322731	158878.SAV0550	681	1430
3323510	158878.SAV1337	320	537
3323415	158878.SAV1241	4697	1164
3322482	158878.SAV0301	16.2	27
3323802	158878.SAV1631	349	646
3322748	158878.SAV0567	62.7	57
3323747	158878.SAV1576	0.94	3
3323790	158878.SAV1619	15.6	70
3322186	158878.SAV0002	995	1700
3322536	158878.SAV0355	42.9	63
3323320	158878.SAV1145	3537	2044
3324372	158878.SAV2206	30.9	48
3324417	158878.SAV2251	3611	1234
3324301	158878.SAV2135	16.9	12
3323508	158878.SAV1335	45.8	12
3322876	158878.SAV0696	221	200
3323725	158878.SAV1554	98.0	69
3322621	158878.SAV0440	9.06	65
3322822	158878.SAV0642	147	265
3323791	158878.SAV1620	39.7	45
3324043	158878.SAV1874	122	155
3322961	158878.SAV0782	147	66
3323103	158878.SAV0925	130	74
3322675	158878.SAV0495	9.07	16
3322674	158878.SAV0494	42.7	10
3323821	158878.SAV1650	155	70
3324131	158878.SAV1963	11.0	24
3322569	158878.SAV0388	376	278
3323112	158878.SAV0934	795	383
3323850	158878.SAV1679	1436	121
3323353	158878.SAV1179	302	393
3324034	158878.SAV1865	11.0	16
3322485	158878.SAV0304	71.6	8
3322452	158878.SAV0270	44.4	27
3322498	158878.SAV0317	11.7	15
3322637	158878.SAV0456	59.9	87
3323875	158878.SAV1705	39.1	90
3322203	158878.SAV0019	8.79	18
3324651	158878.SAV2485	3.26	6
3324226	158878.SAV2059	56.1	141
3323914	158878.SAV1744	376	368
3323349	158878.SAV1175	78.9	55
3322771	158878.SAV0590	73.4	101
3323247	158878.SAV1071	512	635
3323694	158878.SAV1522	360	126
3323807	158878.SAV1636	21.1	54
3322749	158878.SAV0568	35.3	20
3323569	158878.SAV1397	700	458
3322332	158878.SAV0150	58.4	58
3322991	158878.SAV0812	3.31	6
3324095	158878.SAV1926	14.7	24
3323687	158878.SAV1515	429	584
3323776	158878.SAV1605	58.0	59
3322664	158878.SAV0484	14.7	27
3323506	158878.SAV1333	97.2	269
3323532	158878.SAV1360	56.4	131
3323689	158878.SAV1517	495	642
3322958	158878.SAV0778	571	219
3324433	158878.SAV2267	9.1	4
3322223	158878.SAV0041	3190	8395
3322363	158878.SAV0181	80.6	18
3324435	158878.SAV2269	12.9	21
3322815	158878.SAV0635	3.69	3
3324198	158878.SAV2031	36.7	69
3323643	158878.SAV1471	260	254
3324754	158878.SAV2588	66.3	104
3322202	158878.SAV0018	494	492
3323618	158878.SAV1446	4334	1267
3323777	158878.SAV1606	5.96	9
3324654	158878.SAV2488	40.2	126
3324020	158878.SAV1851	608	845
3324233	158878.SAV2066	990	515
3323911	158878.SAV1741	103	432
3324718	158878.SAV2552	18.9	51
3324810	158878.SAV2644	1235	2621
3322330	158878.SAV0148	27.8	122
3324733	158878.SAV2567	141	258
3323314	158878.SAV1139	387	1337
3323542	158878.SAV1370	4.2	8
3324206	158878.SAV2039	183	166
3323451	158878.SAV1277	101	149
3322357	158878.SAV0175	19.8	31
3322841	158878.SAV0661	26.2	29
3324040	158878.SAV1871	31.9	66
3323318	158878.SAV1143	126	292
3323917	158878.SAV1747	2.43	3
3323762	158878.SAV1591	67.9	41
3323376	158878.SAV1202	405	428
3323273	158878.SAV1097	22.1	7
3323701	158878.SAV1529	514	992
3324801	158878.SAV2635	67.8	175
3322627	158878.SAV0446	8.89	24
3323293	158878.SAV1117	10.8	5
3323520	158878.SAV1347	852	389
3323585	158878.SAV1413	608	2228
3324005	158878.SAV1836	104	172
3322235	158878.SAV0053	33.7	106
3324726	158878.SAV2560	9.71	12
3324398	158878.SAV2232	3047	550
3322374	158878.SAV0192	8.36	7
3322909	158878.SAV0729	9.68	15
3323012	158878.SAV0833	1688	566
3324295	158878.SAV2129	114	177
3324851	158878.SAV2685	105	62
3323403	158878.SAV1229	513	701
3323296	158878.SAV1121	89.9	139
3323275	158878.SAV1099	74.3	114
3323880	158878.SAV1710	6647	5910
3322563	158878.SAV0382	59.3	62
3324395	158878.SAV2229	1832	2340
3324532	158878.SAV2366	78.5	186
3323746	158878.SAV1575	3408	209
3323743	158878.SAV1572	32.7	21
3324348	158878.SAV2182	18610	11155
3322700	158878.SAV0520	130	156
3324234	158878.SAV2067	265	371
3322185	158878.SAV0001	202	439
3323814	158878.SAV1643	24.0	21
3322817	158878.SAV0637	248	271
3323590	158878.SAV1418	187	332
3322852	158878.SAV0672	35.4	32
3323351	158878.SAV1177	36.3	119
3322665	158878.SAV0485	9.74	13
3322795	158878.SAV0614	3.88	3
3324199	158878.SAV2032	93.3	124
3322944	158878.SAV0764	1012	1321
3322333	158878.SAV0151	3.08	6
3322480	158878.SAV0299	94.6	78
3324345	158878.SAV2179	46.0	120
3322282	158878.SAV0100	7.34	60
3322941	158878.SAV0761	45.7	73
3323257	158878.SAV1081	80.6	124
3323679	158878.SAV1507	11.3	27
3322448	158878.SAV0266	2.51	6
3323731	158878.SAV1560	143	99
3322790	158878.SAV0609	50.9	60
3323362	158878.SAV1188	245	209
3323622	158878.SAV1450	773	2058
3322299	158878.SAV0117	34.9	47
3324310	158878.SAV2144	651	763
3323782	158878.SAV1611	299	397
3323368	158878.SAV1194	3.97	3
3322851	158878.SAV0671	18.4	10
3324656	158878.SAV2490	111	87
3323406	158878.SAV1232	2211	448
3322465	158878.SAV0283	153	691
3322761	158878.SAV0580	776	1028
3323400	158878.SAV1226	934	1751
3323419	158878.SAV1245	1386	2631
3323417	158878.SAV1243	129	188
3323728	158878.SAV1557	279	501
3322347	158878.SAV0165	279	196
3323660	158878.SAV1488	20.1	72
3322617	158878.SAV0436	4.78	44
3323565	158878.SAV1393	45.3	49
3324720	158878.SAV2554	716	1548
3323724	158878.SAV1553	2534	2577
3323610	158878.SAV1438	33.3	45
3323708	158878.SAV1537	527	839
3322198	158878.SAV0014	161	369
3322823	158878.SAV0643	224	441
3324097	158878.SAV1928	42.5	19
3323221	158878.SAV1044	16.7	22
3324846	158878.SAV2680	1.16	3
3324394	158878.SAV2228	1646	532
3324622	158878.SAV2456	19.8	6
3323538	158878.SAV1366	172	329
3323653	158878.SAV1481	685	845
3324008	158878.SAV1839	785	504
3324282	158878.SAV2116	1.75	4
3322472	158878.SAV0291	54.5	52
3322703	158878.SAV0523	54.1	45
3322264	158878.SAV0082	0.712	3
3322687	158878.SAV0507	187	69
3323763	158878.SAV1592	516	395
3323202	158878.SAV1025	29.5	57
3323153	158878.SAV0975	411	2260
3323865	158878.SAV1695	648	1075
3324557	158878.SAV2391	41.0	33
3324520	158878.SAV2354	42.3	36
3322190	158878.SAV0006	674	2049
3324251	158878.SAV2084	56.6	43
3324773	158878.SAV2607	1800	4314
3324796	158878.SAV2630	413	1038
3323592	158878.SAV1420	64.5	103
3322201	158878.SAV0017	1027	1896
3322767	158878.SAV0586	8.48	6
3324582	158878.SAV2416	1999	2051
3323307	158878.SAV1132	50.4	59
3323704	158878.SAV1533	299	375
3324015	158878.SAV1846	29.4	46
3324231	158878.SAV2064	54.2	83
3323131	158878.SAV0953	237	145
3322813	158878.SAV0633	208	346
3322881	158878.SAV0701	86.5	166
3322284	158878.SAV0102	15.1	20
3323733	158878.SAV1562	14.0	43
3323433	158878.SAV1259	2970	1228
3323808	158878.SAV1637	289	905
3324808	158878.SAV2642	7.49	8
3323363	158878.SAV1189	369	259
3322797	158878.SAV0616	2165	1531
3322793	158878.SAV0612	227	244
3322455	158878.SAV0273	19.1	13
3323476	158878.SAV1303	50.7	70
3322747	158878.SAV0566	300	475
3323963	158878.SAV1794	5.29	6
3323894	158878.SAV1724	145	450
3323696	158878.SAV1524	844	786
3323813	158878.SAV1642	285	202
3323313	158878.SAV1138	300	409
3322898	158878.SAV0718	142	196
3323620	158878.SAV1448	17.1	13
3322690	158878.SAV0510	1194	967
3323305	158878.SAV1130	470	399
3323768	158878.SAV1597	129	216
3324551	158878.SAV2385	261	131
3323410	158878.SAV1236	26.4	18
3324414	158878.SAV2248	10918	2039
3324386	158878.SAV2220	14.5	21
3324297	158878.SAV2131	101	94
3322682	158878.SAV0502	306	217
3322772	158878.SAV0591	136	184
3322894	158878.SAV0714	23.1	50
3323331	158878.SAV1157	78.0	22
3324397	158878.SAV2231	8294	4351
3322946	158878.SAV0766	74.6	97
3324623	158878.SAV2457	34.4	8
3323174	158878.SAV0996	694	650
3324347	158878.SAV2181	65.0	227
3324696	158878.SAV2530	3.5	3
3324047	158878.SAV1878	74.7	64
3324543	158878.SAV2377	215	319
3324293	158878.SAV2127	844	1544
3323267	158878.SAV1091	735	669
3323464	158878.SAV1290	88.6	135
3322209	158878.SAV0025	1.68	3
3323930	158878.SAV1760	643	1869
3323648	158878.SAV1476	2223	4031
3323899	158878.SAV1729	741	1611
3323135	158878.SAV0957	664	1097
3323412	158878.SAV1238	2633	581
3324350	158878.SAV2184	2406	1256
3323677	158878.SAV1505	652	1609
3323686	158878.SAV1514	308	292
3322802	158878.SAV0621	4.29	11
3323533	158878.SAV1361	154	147
3322863	158878.SAV0683	171	223
3324061	158878.SAV1892	222	574
3324272	158878.SAV2106	1625	1029
3323593	158878.SAV1421	81.7	24
3322736	158878.SAV0555	229	290
3323778	158878.SAV1607	48.3	33
3322829	158878.SAV0649	17.3	25
3323149	158878.SAV0971	310	511
3323503	158878.SAV1330	9.3	10
3324322	158878.SAV2156	13.7	23
3324212	158878.SAV2045	55.0	30
3323868	158878.SAV1698	854	1216
3324787	158878.SAV2621	28.8	31
3322658	158878.SAV0478	92.8	178
3324437	158878.SAV2271	64.8	60
3323249	158878.SAV1073	1056	2223
3322307	158878.SAV0125	11.9	9
3322490	158878.SAV0309	32.2	19
3323844	158878.SAV1673	171	184
3322953	158878.SAV0773	2757	2946
3323969	158878.SAV1800	28.6	48
3323490	158878.SAV1317	19.1	58
3322955	158878.SAV0775	1284	1619
3324455	158878.SAV2289	89.3	76
3322745	158878.SAV0564	5.15	16
3322912	158878.SAV0732	702	1217
3323600	158878.SAV1428	603	337
3323978	158878.SAV1809	5.8	11
3323385	158878.SAV1211	287	604
3322501	158878.SAV0320	223	540
3324103	158878.SAV1934	9.91	7
3323287	158878.SAV1111	548	518
3324612	158878.SAV2446	3.89	8
3322425	158878.SAV0243	84.6	59
3324012	158878.SAV1843	306	1306
3323200	158878.SAV1023	75.1	211
3323176	158878.SAV0998	176	83
3323018	158878.SAV0839	638	774
3322753	158878.SAV0572	7.2	7
3323979	158878.SAV1810	5.91	11
3322514	158878.SAV0333	14.4	9
3322933	158878.SAV0753	478	1982
3324286	158878.SAV2120	3771	1198
3322567	158878.SAV0386	32.2	39
3323453	158878.SAV1279	227	387
3324614	158878.SAV2448	37.3	77
3324854	158878.SAV2688	47.7	50
3323527	158878.SAV1355	271	931
3323505	158878.SAV1332	439	156
3322413	158878.SAV0231	121	110
3323161	158878.SAV0983	686	813
3323281	158878.SAV1105	1419	1127
3324675	158878.SAV2509	135	159
3323379	158878.SAV1205	403	258
3323118	158878.SAV0940	56.8	47
3322666	158878.SAV0486	33.3	19
3322956	158878.SAV0776	5380	11056
3323798	158878.SAV1627	22.8	53
3324007	158878.SAV1838	420	347
3324606	158878.SAV2440	1.86	3
3323583	158878.SAV1411	633	567
3324383	158878.SAV2217	3401	1358
3322957	158878.SAV0777	251	166
3322773	158878.SAV0592	92.0	173
3323005	158878.SAV0826	83.4	62
3324259	158878.SAV2092	93.0	70
3323240	158878.SAV1064	422	407
3323198	158878.SAV1021	282	278
3323581	158878.SAV1409	389	486
3323283	158878.SAV1107	109	132
3322349	158878.SAV0167	178	370
3322409	158878.SAV0227	4.32	4
3324494	158878.SAV2328	320	240
3324602	158878.SAV2436	40.7	41
3323629	158878.SAV1457	20.2	38
3323130	158878.SAV0952	131	375
3324478	158878.SAV2312	123	172
3322750	158878.SAV0569	160	174
3323450	158878.SAV1276	96.4	254
3323270	158878.SAV1094	3349	5536
3322660	158878.SAV0480	8.62	6
3322546	158878.SAV0365	6787	1646
3323576	158878.SAV1404	358	54
3323106	158878.SAV0928	210	156
3324219	158878.SAV2052	108	93
3323516	158878.SAV1343	1068	368
3324742	158878.SAV2576	178	241
3322489	158878.SAV0308	42.0	67
3323898	158878.SAV1728	854	1162
3322615	158878.SAV0434	38.1	56
3323564	158878.SAV1392	559	1337
3322783	158878.SAV0602	96.5	60
3322684	158878.SAV0504	2.71	7
3323432	158878.SAV1258	711	723
3323150	158878.SAV0972	491	88
3322920	158878.SAV0740	43.4	40
3323383	158878.SAV1209	185	239
3324704	158878.SAV2538	178	471
3322903	158878.SAV0723	170	287
3322867	158878.SAV0687	2.08	4
3322905	158878.SAV0725	20.8	20
3323266	158878.SAV1090	1668	659
3324599	158878.SAV2433	586	538
3322483	158878.SAV0302	2.46	3
3324032	158878.SAV1863	376	292
3323136	158878.SAV0958	607	1165
3323876	158878.SAV1706	2682	1109
3323370	158878.SAV1196	3.57	3
3323672	158878.SAV1500	211	279
3323452	158878.SAV1278	190	348
3323214	158878.SAV1037	42.3	20
3322723	158878.SAV0542	1867	8654
3323960	158878.SAV1791	236	571
3324302	158878.SAV2136	452	1041
3322713	158878.SAV0532	135	100
3323756	158878.SAV1585	367	1084
3324327	158878.SAV2161	884	1747
3322647	158878.SAV0467	117	62
3323764	158878.SAV1593	336	242
3323729	158878.SAV1558	233	434
3324174	158878.SAV2006	85.6	111
3324513	158878.SAV2347	10.2	11
3323785	158878.SAV1614	23.8	33
3323598	158878.SAV1426	149	124
3322428	158878.SAV0246	272	71
3323750	158878.SAV1579	500	753
3322701	158878.SAV0521	252	516
3324017	158878.SAV1848	64.9	69
3323457	158878.SAV1283	324	218
3324142	158878.SAV1974	21.5	22
3323903	158878.SAV1733	132	389
3323010	158878.SAV0831	692	353
3322992	158878.SAV0813	28.2	52
3324125	158878.SAV1957	6.71	7
3323511	158878.SAV1338	61.0	104
3324664	158878.SAV2498	6.41	3
3323371	158878.SAV1197	307	466
3324355	158878.SAV2189	6.92	20
3323897	158878.SAV1727	225	212
3322423	158878.SAV0241	677	964
3323940	158878.SAV1771	14.2	20
3323458	158878.SAV1284	118	235
3323323	158878.SAV1148	313	829
3323502	158878.SAV1329	240	387
3324278	158878.SAV2112	1502	1603
3323775	158878.SAV1604	112	158
3324368	158878.SAV2202	11.4	50
3323446	158878.SAV1272	291	626
3323495	158878.SAV1322	18.8	17
3322883	158878.SAV0703	480	553
3324676	158878.SAV2510	128	90
3324853	158878.SAV2687	167	166
3324249	158878.SAV2082	193	363
3323699	158878.SAV1527	1170	431
3324473	158878.SAV2307	5.66	7
3322934	158878.SAV0754	47.7	48
3324497	158878.SAV2331	55.0	116
3323570	158878.SAV1398	116	229
3323587	158878.SAV1415	133	135
3323582	158878.SAV1410	192	52
3322631	158878.SAV0450	4.86	12
3322503	158878.SAV0322	3.28	9
3323811	158878.SAV1640	169	251
3322542	158878.SAV0361	64.4	114
3324401	158878.SAV2235	5068	3790
3322441	158878.SAV0259	72.2	82
3323244	158878.SAV1068	711	740
3324021	158878.SAV1852	219	101
3322908	158878.SAV0728	175	72
3323246	158878.SAV1070	496	743
3323260	158878.SAV1084	1671	3398
3323099	158878.SAV0921	2.73	4
3322353	158878.SAV0171	131	108
3324450	158878.SAV2284	703	958
3324023	158878.SAV1854	2525	2029
3322434	158878.SAV0252	77.3	289
3324331	158878.SAV2165	538	608
3324531	158878.SAV2365	74.5	169
3322618	158878.SAV0437	26.8	87
3323907	158878.SAV1737	715	819
3324504	158878.SAV2338	29.3	33
3324074	158878.SAV1905	209	860
3323225	158878.SAV1048	513	471
3323805	158878.SAV1634	129	364
3324562	158878.SAV2396	20.8	64
3324800	158878.SAV2634	63.8	82
3323262	158878.SAV1086	78.3	110
3323584	158878.SAV1412	513	868
3324261	158878.SAV2094	16.6	21
3322624	158878.SAV0443	11.0	65
3324268	158878.SAV2102	1078	550
3323721	158878.SAV1550	3.83	3
3324197	158878.SAV2030	983	512
3323145	158878.SAV0967	42.6	220
3324686	158878.SAV2520	25.7	27
3323498	158878.SAV1325	172	300
3322458	158878.SAV0276	2105	1254
3323462	158878.SAV1288	78.3	148
3324585	158878.SAV2419	4.8	18
3323378	158878.SAV1204	216	300
3323483	158878.SAV1310	2270	4330
3322740	158878.SAV0559	321	556
3323159	158878.SAV0981	2479	1168
3322704	158878.SAV0524	36.0	75
3324371	158878.SAV2205	115	70
3323597	158878.SAV1425	375	411
3324535	158878.SAV2369	56.4	44
3324330	158878.SAV2164	113	94
3322708	158878.SAV0528	831	2228
3324337	158878.SAV2171	604	1225
3323023	158878.SAV0844	437	825
3322551	158878.SAV0370	61.3	63
3322207	158878.SAV0023	197	600
3323853	158878.SAV1683	714	2062
3324663	158878.SAV2497	308	687
3323948	158878.SAV1779	61.2	17
3323652	158878.SAV1480	170	321
3324506	158878.SAV2340	24.1	28
3324553	158878.SAV2387	96.1	105
3324459	158878.SAV2293	178	214
3324086	158878.SAV1917	11.9	20
3323545	158878.SAV1373	34.1	39
3323113	158878.SAV0935	457	549
3322679	158878.SAV0499	119	187
3324038	158878.SAV1869	10.9	8
3324861	158878.SAV2695	51.9	7
3323233	158878.SAV1057	34.4	64
3322688	158878.SAV0508	1703	324
3322189	158878.SAV0005	529	1341
3322188	158878.SAV0004	8.06	12
3324352	158878.SAV2186	92.5	149
3324235	158878.SAV2068	394	230
3323193	158878.SAV1016	36.3	32
3322535	158878.SAV0354	889	1083
3323528	158878.SAV1356	228	213
3323420	158878.SAV1246	1666	1850
3323322	158878.SAV1147	167	107
3323835	158878.SAV1664	34.6	44
3322862	158878.SAV0682	752	262
3324291	158878.SAV2125	12373	6514
3324430	158878.SAV2264	130	148
3322360	158878.SAV0178	4.27	4
3322316	158878.SAV0134	27.9	25
3324571	158878.SAV2405	49.9	38
3324640	158878.SAV2474	1168	891
3323485	158878.SAV1312	12.8	6
3322638	158878.SAV0457	46.8	62
3324288	158878.SAV2122	650	1257
3324016	158878.SAV1847	493	431
3323816	158878.SAV1645	1212	428
3324280	158878.SAV2114	38.6	24
3324264	158878.SAV2097	174	134
3323913	158878.SAV1743	115	159
3324010	158878.SAV1841	2450	2099
3324593	158878.SAV2427	73.0	114
3322938	158878.SAV0758	46.8	116
3323848	158878.SAV1677	343	367
3323938	158878.SAV1769	21.0	50
3323121	158878.SAV0943	30.8	48
3322450	158878.SAV0268	23.9	52
3323691	158878.SAV1519	139	423
3322562	158878.SAV0381	3127	2992
3323521	158878.SAV1348	258	265
3323742	158878.SAV1571	229	320
3323226	158878.SAV1049	58.8	121
3324031	158878.SAV1862	38.3	60
3322721	158878.SAV0540	8322	3943
3323760	158878.SAV1589	7.82	8
3322433	158878.SAV0251	425	803
3322709	158878.SAV0529	267	212
3323497	158878.SAV1324	15.7	11
3323951	158878.SAV1782	32.5	17
3324644	158878.SAV2478	226	205
3323234	158878.SAV1058	184	94
3323605	158878.SAV1433	17.5	12
3322986	158878.SAV0807	34.7	17
3324237	158878.SAV2070	130	224
3323374	158878.SAV1200	157	217
3323259	158878.SAV1083	3865	2169
3323650	158878.SAV1478	392	513
3323302	158878.SAV1127	98.6	53
3324411	158878.SAV2245	6949	2269
3322404	158878.SAV0222	27.1	15
3324277	158878.SAV2111	136	215
3323468	158878.SAV1294	82.2	48
3323357	158878.SAV1183	352	731
3324428	158878.SAV2262	349	639
3324496	158878.SAV2330	13.1	22
3324566	158878.SAV2400	8.43	35
3322634	158878.SAV0453	4.67	15
3322733	158878.SAV0552	0.798	3
3324004	158878.SAV1835	1263	996
3323042	158878.SAV0864	126	442
3324200	158878.SAV2033	53.0	46
3322559	158878.SAV0378	326	219
3322662	158878.SAV0482	272	300
3322870	158878.SAV0690	7.37	15
3322707	158878.SAV0527	105	165
3323373	158878.SAV1199	15.5	26
3324812	158878.SAV2646	82.6	263
3323206	158878.SAV1029	986	242
3323166	158878.SAV0988	58.6	80
3323227	158878.SAV1050	2.03	3
3324055	158878.SAV1886	40.8	54
3323184	158878.SAV1007	105	140
3322653	158878.SAV0473	11.0	32
3324320	158878.SAV2154	736	2192
3324486	158878.SAV2320	119	131
3322193	158878.SAV0009	823	1417
3323218	158878.SAV1041	44.0	53
3323557	158878.SAV1385	20.2	19
3322208	158878.SAV0024	142	101
3323989	158878.SAV1820	15.3	20
3324098	158878.SAV1929	1207	1201
3322337	158878.SAV0155	30.1	56
3324238	158878.SAV2071	74.0	35
3324362	158878.SAV2196	33.8	21
3324275	158878.SAV2109	203	184
3324538	158878.SAV2372	20.5	37
3324552	158878.SAV2386	148	121
3323299	158878.SAV1124	64.7	51
3322401	158878.SAV0219	31.1	33
3323845	158878.SAV1674	808	1497
3324307	158878.SAV2141	166	317
3322570	158878.SAV0389	14.5	30
3324906	158878.SAVP026	6.06	19
3324240	158878.SAV2073	10.2	27
3322987	158878.SAV0808	183	151
3322532	158878.SAV0351	61.5	95
3323646	158878.SAV1474	319	394
3324472	158878.SAV2306	111	175
3322544	158878.SAV0363	665	1156
3322474	158878.SAV0293	12.0	30
3324051	158878.SAV1882	1035	151
3322950	158878.SAV0770	9.83	6
3324608	158878.SAV2442	142	150
3324600	158878.SAV2434	82.4	101
3323474	158878.SAV1301	443	1101
3324580	158878.SAV2414	425	573
3322412	158878.SAV0230	6.12	16
3322902	158878.SAV0722	11.1	25
3322995	158878.SAV0816	3748	773
3323025	158878.SAV0846	933	2160
3322341	158878.SAV0159	7.7	9
3324746	158878.SAV2580	130	217
3324440	158878.SAV2274	15.9	10
3323607	158878.SAV1435	0.237	5
3322633	158878.SAV0452	1.76	3
3323098	158878.SAV0920	33.4	46
3322430	158878.SAV0248	12.9	12
3323110	158878.SAV0932	724	1417
3324611	158878.SAV2445	168	100
3323188	158878.SAV1011	1753	1353
3324876	158878.SAV2710	69.4	72
3324319	158878.SAV2153	1.69	3
3323941	158878.SAV1772	3.93	9
3323356	158878.SAV1182	536	276
3324266	158878.SAV2099	545	1276
3323697	158878.SAV1525	714	249
3323970	158878.SAV1801	2.31	3
3322343	158878.SAV0161	96.4	84
3323594	158878.SAV1422	3108	1313
3322336	158878.SAV0154	26.8	46
3323665	158878.SAV1493	512	458
3322814	158878.SAV0634	143	184
3324223	158878.SAV2056	1237	1985
3323414	158878.SAV1240	42.4	40
3323767	158878.SAV1596	128	159
3324831	158878.SAV2665	131	74
3324855	158878.SAV2689	105	212
3324769	158878.SAV2603	205	208
3323315	158878.SAV1140	5.2	7
3324300	158878.SAV2134	959	513
3323859	158878.SAV1689	57.4	84
3322781	158878.SAV0600	132	179
3323920	158878.SAV1750	1042	1664
3322602	158878.SAV0421	38.3	75
3324791	158878.SAV2625	4.32	5
3322288	158878.SAV0106	13.8	42
3322830	158878.SAV0650	201	272
3323127	158878.SAV0949	29.8	71
3322414	158878.SAV0232	206	616
3323851	158878.SAV1680	1739	893
3322954	158878.SAV0774	2778	3638
3324072	158878.SAV1903	445	578
3324285	158878.SAV2119	283	308
3322370	158878.SAV0188	60.0	177
3323466	158878.SAV1292	165	286
3323647	158878.SAV1475	578	948
3323531	158878.SAV1359	75.8	139
3322692	158878.SAV0512	413	717
3323580	158878.SAV1408	34.0	61
3322928	158878.SAV0748	85.8	78
3322276	158878.SAV0094	27.1	14
3324014	158878.SAV1845	5090	2906
3322952	158878.SAV0772	8992	12318
3323739	158878.SAV1568	28.6	28
3324218	158878.SAV2051	122	102
3323358	158878.SAV1184	54.7	112
3324617	158878.SAV2451	28.3	54
3324292	158878.SAV2126	41.2	38
3324583	158878.SAV2417	26.2	33
3324421	158878.SAV2255	25.3	42
3324313	158878.SAV2147	315	446
3322839	158878.SAV0659	41.4	55
3322848	158878.SAV0668	5.07	5
3323408	158878.SAV1234	108	626
3322475	158878.SAV0294	11.3	27
3324777	158878.SAV2611	28.3	9
3324751	158878.SAV2585	203	109
3322875	158878.SAV0695	74.7	92
3322743	158878.SAV0562	38.2	345
3324036	158878.SAV1867	68.4	63
3323976	158878.SAV1807	5.54	18
3324066	158878.SAV1897	4.31	10
3323908	158878.SAV1738	1495	1329
3323395	158878.SAV1221	78.9	106
3323852	158878.SAV1681	69.8	89
3324256	158878.SAV2089	5.75	9
3322187	158878.SAV0003	342	174
3324080	158878.SAV1911	77.4	49
3322488	158878.SAV0307	318	339
3323886	158878.SAV1716	10.7	22
3324281	158878.SAV2115	3.36	3
3323700	158878.SAV1528	1684	968
3323632	158878.SAV1460	605	509
3324735	158878.SAV2569	63578	29757
3324011	158878.SAV1842	237	263
3324067	158878.SAV1898	142	248
3324445	158878.SAV2279	407	290
3324687	158878.SAV2521	501	122
3324353	158878.SAV2187	444	735
3322726	158878.SAV0545	3252	985
3324088	158878.SAV1919	1215	1674
3322906	158878.SAV0726	48.6	56
3322310	158878.SAV0128	1.25	5
3323330	158878.SAV1156	25.2	10
3322317	158878.SAV0135	19.0	28
3322645	158878.SAV0465	493	630
3323718	158878.SAV1547	618	841
3322400	158878.SAV0218	8.99	16
3324655	158878.SAV2489	48.9	119
3324536	158878.SAV2370	313	518
3324387	158878.SAV2221	1.41	3
3323958	158878.SAV1789	483	829
3324859	158878.SAV2693	102	95
3324476	158878.SAV2310	583	638
3324284	158878.SAV2118	496	768
3323329	158878.SAV1155	51.7	19
3324013	158878.SAV1844	190	441
3323748	158878.SAV1577	46.0	60
3323797	158878.SAV1626	871	497
3323561	158878.SAV1389	119	150
3323792	158878.SAV1621	173	317
3324615	158878.SAV2449	339	333
3323361	158878.SAV1187	31.1	34
3323515	158878.SAV1342	2911	8895
3322744	158878.SAV0563	207	1030
3324770	158878.SAV2604	2.18	5
3322628	158878.SAV0447	18.8	10
3322895	158878.SAV0715	72.0	50
3323744	158878.SAV1573	1970	3146
3324248	158878.SAV2081	1060	1945
3323936	158878.SAV1766	44.1	66
3324727	158878.SAV2561	11.3	31
3322646	158878.SAV0466	312	105
3323806	158878.SAV1635	665	622
3322635	158878.SAV0454	23.8	18
3322331	158878.SAV0149	156	133
3324390	158878.SAV2224	3722	3520
3322890	158878.SAV0710	38.8	55
3324002	158878.SAV1833	229	316
3324633	158878.SAV2467	62.2	114
3322340	158878.SAV0158	7.96	13
3323343	158878.SAV1169	41.0	85
3324605	158878.SAV2439	1.58	4
3323181	158878.SAV1004	61.1	91
3323232	158878.SAV1056	207	276
3323469	158878.SAV1295	106	520
3323190	158878.SAV1013	255	353
3323950	158878.SAV1781	1232	1365
3322805	158878.SAV0625	10.1	15
3323021	158878.SAV0842	2400	3114
3324511	158878.SAV2345	59.8	92
3322834	158878.SAV0654	220	197
3324745	158878.SAV2579	6.27	11
3324778	158878.SAV2612	57.3	158
3323788	158878.SAV1617	839	319
3323727	158878.SAV1556	19.9	27
3323183	158878.SAV1006	148	182
3323122	158878.SAV0944	6.57	4
3324415	158878.SAV2249	4581	2957
3323932	158878.SAV1762	34.3	42
3324111	158878.SAV1942	84.3	47
3323195	158878.SAV1018	197	595
3324732	158878.SAV2566	344	336
3324213	158878.SAV2046	349	448
3323918	158878.SAV1748	43.7	32
3324083	158878.SAV1914	19.8	43
3323591	158878.SAV1419	287	238
3323563	158878.SAV1391	346	428
3322907	158878.SAV0727	214	199
3324479	158878.SAV2313	31.8	30
3323651	158878.SAV1479	125	151
3323428	158878.SAV1254	467	706
3324416	158878.SAV2250	3831	2350
3324626	158878.SAV2460	39.9	34
3324755	158878.SAV2589	138	246
3322820	158878.SAV0640	14.1	28
3323659	158878.SAV1487	6.98	18
3324834	158878.SAV2668	4.05	5
3322554	158878.SAV0373	273	130
3322887	158878.SAV0707	725	88
3322294	158878.SAV0112	86.2	104
3323812	158878.SAV1641	30.2	50
3323577	158878.SAV1405	23.6	12
3322770	158878.SAV0589	9.54	16
3324850	158878.SAV2684	0.745	3
3322735	158878.SAV0554	1253	2604
3322818	158878.SAV0638	34.8	50
3322358	158878.SAV0176	15.9	8
3323856	158878.SAV1686	142	93
3324227	158878.SAV2060	72.9	98
3323479	158878.SAV1306	488	357
3323741	158878.SAV1570	233	192
3324071	158878.SAV1902	18.9	19
3322405	158878.SAV0223	2.7	5
3322762	158878.SAV0581	51.5	70
3323803	158878.SAV1632	68.2	80
3323144	158878.SAV0966	25.2	153
3323022	158878.SAV0843	1117	2011
3322730	158878.SAV0549	28.6	54
3322553	158878.SAV0372	1688	1362
3324785	158878.SAV2619	1.66	3
3324764	158878.SAV2598	109	167
3323175	158878.SAV0997	589	439
3324621	158878.SAV2455	124	190
3324228	158878.SAV2061	158	313
3323567	158878.SAV1395	240	378
3324403	158878.SAV2237	9107	49
3323888	158878.SAV1718	282	176
3323931	158878.SAV1761	72.0	62
3324798	158878.SAV2632	36.2	51
3324804	158878.SAV2638	1040	730
3322540	158878.SAV0359	1.96	4
3323250	158878.SAV1074	336	658
3324841	158878.SAV2675	2.22	3
3324877	158878.SAV2711	305	719
3322320	158878.SAV0138	1192	2058
3322948	158878.SAV0768	2975	1543
3324087	158878.SAV1918	75.9	86
3323656	158878.SAV1484	605	66
3323475	158878.SAV1302	722	1795
3323397	158878.SAV1223	62.9	89
3323409	158878.SAV1235	362	425
3324084	158878.SAV1915	21.9	19
3324516	158878.SAV2350	65.1	88
3324211	158878.SAV2044	8.42	4
3322650	158878.SAV0470	3.74	4
3323840	158878.SAV1669	15.7	20
3324682	158878.SAV2516	35.4	109
3324062	158878.SAV1893	1426	1069
3323447	158878.SAV1273	5317	574
3322655	158878.SAV0475	14.3	35
3322359	158878.SAV0177	10.1	23
3323465	158878.SAV1291	162	118
3324049	158878.SAV1880	688	299
3323253	158878.SAV1077	40.3	24
3324340	158878.SAV2174	34.0	48
3324258	158878.SAV2091	26.4	25
3324458	158878.SAV2292	15.5	23
3323631	158878.SAV1459	171	74
3324085	158878.SAV1916	3.88	5
3324093	158878.SAV1924	2090	297
3323413	158878.SAV1239	85.7	75
3324569	158878.SAV2403	108	94
3324318	158878.SAV2152	134	175
3323360	158878.SAV1186	4348	4925
3323430	158878.SAV1256	4302	4091
3323574	158878.SAV1402	8742	1938
3324407	158878.SAV2241	1969	515
3324172	158878.SAV2004	217	261
3323518	158878.SAV1345	2.44	5
3322344	158878.SAV0162	13.1	21
3323514	158878.SAV1341	384	111
3323909	158878.SAV1739	2953	2728
3322722	158878.SAV0541	221	319
3322718	158878.SAV0537	3599	1587
3324725	158878.SAV2559	60.9	89
3322727	158878.SAV0546	5694	3247
3322868	158878.SAV0688	1.93	3
3324592	158878.SAV2426	307	673
3323488	158878.SAV1315	11.4	17
3324668	158878.SAV2502	28.1	112
3322738	158878.SAV0557	51.6	60
3323236	158878.SAV1060	1141	1526
3324073	158878.SAV1904	262	958
3323143	158878.SAV0965	529	514
3323912	158878.SAV1742	689	739
3323239	158878.SAV1063	1429	1724
3324001	158878.SAV1832	5.74	15
3323934	158878.SAV1764	223	181
3324070	158878.SAV1901	1722	596
3322990	158878.SAV0811	114	283
3324507	158878.SAV2341	19.0	37
3324069	158878.SAV1900	1073	2306
3322641	158878.SAV0460	107	127
3324477	158878.SAV2311	32.0	26
3324273	158878.SAV2107	1987	957
3324653	158878.SAV2487	3.83	16
3323205	158878.SAV1028	225	231
3324400	158878.SAV2234	2930	869
3322711	158878.SAV0530.1	46.1	25
3323285	158878.SAV1109	827	1700
3324396	158878.SAV2230	830	979
3324214	158878.SAV2047	20.1	67
3322989	158878.SAV0810	32.4	28
3324468	158878.SAV2302	1029	1602
3322295	158878.SAV0113	2.84	3
3324299	158878.SAV2133	301	427
3323237	158878.SAV1061	673	1217
3322422	158878.SAV0240	251	440
3323863	158878.SAV1693	127	159
3323396	158878.SAV1222	33.9	24
3324271	158878.SAV2105	2122	3547
3324766	158878.SAV2600	3.4	5
3324262	158878.SAV2095	754	670
3323128	158878.SAV0950	81.1	51
3323929	158878.SAV1759	232	123
3324230	158878.SAV2063	407	1539
3322369	158878.SAV0187	46.6	34
3322463	158878.SAV0281	253	313
3323140	158878.SAV0962	2825	4599
3323111	158878.SAV0933	499	766
3324246	158878.SAV2079	24.1	23
3323108	158878.SAV0930	134	208
3323467	158878.SAV1293	11.9	8
3324521	158878.SAV2355	33.3	47
3323541	158878.SAV1369	1.94	4
3322300	158878.SAV0118	4.96	15
3323834	158878.SAV1663	524	2238
3322751	158878.SAV0570	3150	2562
3323119	158878.SAV0941	1404	2673
3323507	158878.SAV1334	1966	3924
3323519	158878.SAV1346	31.7	165
3324360	158878.SAV2194	62.4	33
3324060	158878.SAV1891	121	174
3323855	158878.SAV1685	25.1	66
3323300	158878.SAV1125	197	139
3322792	158878.SAV0611	3.32	4
3322191	158878.SAV0007	15.2	22
3324560	158878.SAV2394	13.8	14
3324589	158878.SAV2423	36.6	47
3322706	158878.SAV0526	183	381
3323481	158878.SAV1308	162	281
3323939	158878.SAV1770	3.97	4
3323738	158878.SAV1567	369	452
3323809	158878.SAV1638	2291	846
3322555	158878.SAV0374	129	29
