#id: 360
#name: S.pyogenes M1GAS - Whole organism, SC (PeptideAtlas,Feb,2007)
#score: 8.7
#weight: 10%
#description: abundance based on Spectral counting, from<a href="http://www.peptideatlas.org/builds/" target="_blank">PeptideAtlas,Feb,2007</a><br/><b>Interaction consistency score</b>: 8.7&nbsp<b>Coverage</b>: 57
#organ: WHOLE_ORGANISM
#integrated: false
#coverage: 57
#publication_year: 2007
#filename: 160490-PA_200702.txt
#
#internal_id	string_external_id	abundance	raw_spectral_count
3334497	160490.SPy_0078	3431	81
3334520	160490.SPy_0112	39.6	3
3335983	160490.SPy_2016	20.4	1
3334481	160490.SPy_0060	855	5
3336119	160490.SPy_2201	38.1	5
3334860	160490.SPy_0588	604	13
3335256	160490.SPy_1082	25.1	3
3335359	160490.SPy_1209	16.7	1
3335444	160490.SPy_1309	72.1	6
3335446	160490.SPy_1311	9.95	1
3335933	160490.SPy_1946	578	80
3335092	160490.SPy_0881	92.2	11
3335606	160490.SPy_1520	3156	276
3335730	160490.SPy_1683	15.8	2
3334850	160490.SPy_0575	83.7	5
3335302	160490.SPy_1139	157	4
3334721	160490.SPy_0392	2828	133
3335853	160490.SPy_1842	228	13
3334662	160490.SPy_0309	72.6	7
3334479	160490.SPy_0057	6461	119
3335474	160490.SPy_1355	113	6
3335882	160490.SPy_1878	709	20
3335462	160490.SPy_1337	62.4	3
3334981	160490.SPy_0744	51.8	5
3335687	160490.SPy_1625	419	56
3335134	160490.SPy_0928	66.3	4
3334547	160490.SPy_0151	8.34	1
3334977	160490.SPy_0740	145	9
3335380	160490.SPy_1232	12.4	1
3334827	160490.SPy_0542	17.0	2
3335052	160490.SPy_0830	652	30
3334878	160490.SPy_0613	12206	525
3335303	160490.SPy_1140	125	4
3335007	160490.SPy_0776	26.2	11
3334578	160490.SPy_0187	60.3	3
3335841	160490.SPy_1829	3998	37
3334552	160490.SPy_0159	140	6
3334642	160490.SPy_0278	21.8	3
3336120	160490.SPy_2202	45.3	7
3335081	160490.SPy_0867	37.9	7
3336037	160490.SPy_2096	9.33	2
3334674	160490.SPy_0326	90.5	7
3334467	160490.SPy_0040	61.4	2
3335810	160490.SPy_1784	14.9	1
3336107	160490.SPy_2188	104	13
3335450	160490.SPy_1316	1403	68
3335343	160490.SPy_1188	28.5	3
3334681	160490.SPy_0338	31.8	1
3335535	160490.SPy_1440	161	4
3336122	160490.SPy_2204	12.6	1
3335308	160490.SPy_1145	75.8	9
3335213	160490.SPy_1029	1002	112
3335861	160490.SPy_1854	973	26
3335289	160490.SPy_1123	534	44
3334630	160490.SPy_0264	31.6	2
3335233	160490.SPy_1055	38.6	2
3335015	160490.SPy_0784	343	38
3334756	160490.SPy_0447	193	10
3334822	160490.SPy_0536	10.4	1
3335872	160490.SPy_1868	52.0	4
3334655	160490.SPy_0297	107	8
3334567	160490.SPy_0176	16.6	1
3334866	160490.SPy_0596	38.3	2
3334475	160490.SPy_0052	5373	263
3334476	160490.SPy_0053	2628	62
3335688	160490.SPy_1626	1087	70
3335957	160490.SPy_1981	56.8	11
3335645	160490.SPy_1567	5.44	1
3335599	160490.SPy_1511	218	6
3334650	160490.SPy_0290	16.5	2
3335319	160490.SPy_1157	5455	135
3336001	160490.SPy_2045	795	19
3335784	160490.SPy_1749	1714	75
3334911	160490.SPy_0657	77.5	5
3334608	160490.SPy_0237	20.0	1
3334974	160490.SPy_0737	14.2	5
3335592	160490.SPy_1503	415	62
3335384	160490.SPy_1237	37.0	2
3335101	160490.SPy_0890	1243	107
3334581	160490.SPy_0190	145	7
3335674	160490.SPy_1606	72.1	9
3334640	160490.SPy_0276	70.0	4
3334646	160490.SPy_0285	95.5	10
3335202	160490.SPy_1013	5.93	1
3335840	160490.SPy_1828	602	15
3335994	160490.SPy_2034	374	9
3335604	160490.SPy_1518	847	21
3335493	160490.SPy_1375	81.2	15
3335948	160490.SPy_1965	81.9	6
3335828	160490.SPy_1811	23.1	2
3335602	160490.SPy_1515	7.85	1
3334669	160490.SPy_0319	192	9
3334565	160490.SPy_0174	101	5
3334704	160490.SPy_0369	282	13
3335084	160490.SPy_0873	94.2	5
3335657	160490.SPy_1582	148	7
3335528	160490.SPy_1427	226	10
3334961	160490.SPy_0717	6411	174
3334610	160490.SPy_0239	599	72
3335517	160490.SPy_1411	76.2	5
3334558	160490.SPy_0167	22.7	3
3334660	160490.SPy_0307	2863	9
3335146	160490.SPy_0942	66.8	4
3335287	160490.SPy_1121	145	3
3335318	160490.SPy_1156	321	4
3335099	160490.SPy_0888	130	26
3336095	160490.SPy_2173	155	4
3334684	160490.SPy_0341	39.5	6
3335097	160490.SPy_0886	139	10
3335029	160490.SPy_0801	1173	2
3335248	160490.SPy_1070	1670	137
3334498	160490.SPy_0080	3092	202
3335459	160490.SPy_1333	314	31
3335834	160490.SPy_1820	301	13
3335365	160490.SPy_1215	53.4	4
3334699	160490.SPy_0363	61.4	2
3336054	160490.SPy_2119	95.4	5
3335964	160490.SPy_1989	24.2	1
3335037	160490.SPy_0809	206	11
3334677	160490.SPy_0330	488	22
3335874	160490.SPy_1870	27.2	2
3335329	160490.SPy_1171	49.2	2
3334760	160490.SPy_0454	137	8
3334472	160490.SPy_0049	8353	178
3335489	160490.SPy_1371	9811	894
3334553	160490.SPy_0160	2134	247
3335430	160490.SPy_1291	56.7	11
3335266	160490.SPy_1097	134	6
3334477	160490.SPy_0055	6944	173
3336089	160490.SPy_2164	8.33	1
3335661	160490.SPy_1588	8.17	1
3334796	160490.SPy_0505	44.0	3
3335423	160490.SPy_1284	24.3	6
3334507	160490.SPy_0098	1411	284
3335582	160490.SPy_1492	118	3
3335135	160490.SPy_0929	26.2	1
3334749	160490.SPy_0439	590	10
3336056	160490.SPy_2121	38.5	7
3335978	160490.SPy_2006	9.84	2
3334486	160490.SPy_0065	9529	231
3334970	160490.SPy_0729	36.3	1
3335912	160490.SPy_1918	202	2
3334675	160490.SPy_0327	26.5	2
3334888	160490.SPy_0629	19.6	1
3335786	160490.SPy_1751	893	49
3335890	160490.SPy_1889	10090	437
3335270	160490.SPy_1101	164	13
3335892	160490.SPy_1894	318	38
3335963	160490.SPy_1988	61.8	5
3335598	160490.SPy_1510	205	5
3334551	160490.SPy_0158	110	13
3335559	160490.SPy_1465	8.16	1
3335236	160490.SPy_1058	2585	104
3334857	160490.SPy_0584	53.7	5
3334945	160490.SPy_0697	2.72	1
3336038	160490.SPy_2097	38.2	3
3334905	160490.SPy_0651	300	38
3335990	160490.SPy_2029	62.1	6
3335033	160490.SPy_0805	3459	15
3335298	160490.SPy_1135	14.1	1
3335057	160490.SPy_0836	645	51
3335738	160490.SPy_1694	13.4	1
3335623	160490.SPy_1538	24.7	1
3335490	160490.SPy_1372	3718	389
3335721	160490.SPy_1672	73.1	6
3335503	160490.SPy_1393	201	22
3334603	160490.SPy_0229	17.6	2
3334845	160490.SPy_0569	1663	126
3335911	160490.SPy_1917	244	20
3334984	160490.SPy_0747	149	36
3335777	160490.SPy_1742	1949	205
3335030	160490.SPy_0802	290	3
3335487	160490.SPy_1369	112	12
3335903	160490.SPy_1905	12.4	1
3334658	160490.SPy_0305	19.7	1
3334993	160490.SPy_0759	235	15
3335655	160490.SPy_1580	143	4
3335613	160490.SPy_1528	89.9	2
3336011	160490.SPy_2058	232	3
3335415	160490.SPy_1274	129	8
3334525	160490.SPy_0122	199	16
3335120	160490.SPy_0913	5101	429
3334625	160490.SPy_0259	42.7	2
3334448	160490.SPy_0019	581	36
3334478	160490.SPy_0056	4223	194
3334737	160490.SPy_0422	267	51
3334964	160490.SPy_0722	49.5	2
3335749	160490.SPy_1710	79.6	3
3335926	160490.SPy_1938	268	13
3335690	160490.SPy_1628	148	18
3334653	160490.SPy_0295	247	10
3335589	160490.SPy_1499	143	3
3334858	160490.SPy_0585	11.8	1
3334680	160490.SPy_0337	11.3	1
3335925	160490.SPy_1937	36.1	1
3335708	160490.SPy_1651	1608	196
3334506	160490.SPy_0097	108	14
3335023	160490.SPy_0794	77.1	4
3335736	160490.SPy_1691	96.4	7
3335420	160490.SPy_1281	137	7
3335388	160490.SPy_1242	119	7
3335609	160490.SPy_1524	22.2	3
3336036	160490.SPy_2095	1616	216
3335011	160490.SPy_0780	1085	26
3335871	160490.SPy_1867	378	13
3334575	160490.SPy_0184	443	49
3336034	160490.SPy_2092	4961	360
3335847	160490.SPy_1835	424	15
3334505	160490.SPy_0096	1438	170
3334824	160490.SPy_0538	26.7	4
3334854	160490.SPy_0580	139	20
3335804	160490.SPy_1777	773	41
3335943	160490.SPy_1960	29.3	1
3335409	160490.SPy_1264	1129	21
3335378	160490.SPy_1228	1642	131
3335577	160490.SPy_1486	125	8
3335466	160490.SPy_1344	163	5
3334966	160490.SPy_0724	6535	145
3335376	160490.SPy_1226	152	6
3335019	160490.SPy_0790	153	20
3334484	160490.SPy_0063	6467	305
3335825	160490.SPy_1805	999	175
3335733	160490.SPy_1687	2830	27
3335668	160490.SPy_1599	9.37	1
3335486	160490.SPy_1368	275	19
3335371	160490.SPy_1221	86.9	5
3335241	160490.SPy_1063	6.65	1
3334881	160490.SPy_0617	185	18
3334673	160490.SPy_0324	526	16
3335035	160490.SPy_0807	145	26
3335391	160490.SPy_1245	18.9	2
3334875	160490.SPy_0608	62.5	18
3336113	160490.SPy_2195	30.7	2
3335658	160490.SPy_1584	28.6	3
3334957	160490.SPy_0713	453	39
3334609	160490.SPy_0238	319	12
3335442	160490.SPy_1306	536	49
3335286	160490.SPy_1120	414	23
3335251	160490.SPy_1073	43253	1727
3335283	160490.SPy_1117	22.6	2
3335792	160490.SPy_1760	6264	731
3335902	160490.SPy_1904	30.9	8
3335682	160490.SPy_1618	3130	239
3335408	160490.SPy_1263	931	22
3335523	160490.SPy_1420	70.5	9
3335737	160490.SPy_1693	49.4	4
3335036	160490.SPy_0808	40.9	6
3336051	160490.SPy_2116	1227	99
3335214	160490.SPy_1031	1540	197
3334995	160490.SPy_0761	192	8
3334524	160490.SPy_0121	10.9	1
3334879	160490.SPy_0615	110	11
3335136	160490.SPy_0930	69.7	4
3334814	160490.SPy_0528	144	8
3334667	160490.SPy_0316	3176	106
3335584	160490.SPy_1494	21.6	1
3335624	160490.SPy_1539	123	12
3334589	160490.SPy_0203	519	40
3335856	160490.SPy_1846	9.41	1
3335857	160490.SPy_1849	1679	328
3335621	160490.SPy_1536	62.0	7
3335053	160490.SPy_0831	48.6	3
3335347	160490.SPy_1192	21.5	2
3334797	160490.SPy_0506	2834	119
3335128	160490.SPy_0922	24.9	3
3334501	160490.SPy_0092	88.7	4
3335718	160490.SPy_1665	141	2
3335779	160490.SPy_1744	104	6
3334997	160490.SPy_0763	272	28
3335775	160490.SPy_1740	1098	103
3334801	160490.SPy_0511	469	10
3335210	160490.SPy_1025	21.4	3
3335625	160490.SPy_1541	1687	89
3335586	160490.SPy_1496	133	5
3335031	160490.SPy_0803	59.3	5
3335291	160490.SPy_1125	651	35
3335363	160490.SPy_1213	172	22
3335741	160490.SPy_1698	122	10
3335387	160490.SPy_1241	98.6	5
3334489	160490.SPy_0069	6176	236
3335102	160490.SPy_0891	78.1	6
3335644	160490.SPy_1566	39.4	2
3335501	160490.SPy_1391	119	9
3335132	160490.SPy_0926	3.46	1
3335071	160490.SPy_0852	2223	166
3335398	160490.SPy_1252	297	30
3335397	160490.SPy_1251	52.3	3
3335309	160490.SPy_1146	33.2	2
3334774	160490.SPy_0471	47.0	5
3334566	160490.SPy_0175	125	3
3334648	160490.SPy_0288	52.5	5
3335887	160490.SPy_1885	1166	135
3335915	160490.SPy_1922	270	18
3335292	160490.SPy_1126	249	16
3334445	160490.SPy_0013	10.8	2
3335047	160490.SPy_0821	72.5	1
3334528	160490.SPy_0127	105	3
3334521	160490.SPy_0115	839	58
3335108	160490.SPy_0900	204	15
3335585	160490.SPy_1495	56.4	10
3335918	160490.SPy_1926	61.6	1
3335073	160490.SPy_0854	694	42
3335093	160490.SPy_0882	43.8	4
3335334	160490.SPy_1176	26.6	1
3335976	160490.SPy_2004	124	7
3335119	160490.SPy_0912	1979	33
3335967	160490.SPy_1992	7.66	1
3335468	160490.SPy_1346	31.7	4
3335992	160490.SPy_2032	372	36
3335012	160490.SPy_0781	23.5	6
3334765	160490.SPy_0460	5094	174
3335010	160490.SPy_0779	3682	11
3335088	160490.SPy_0877	77.8	4
3335245	160490.SPy_1067	59.0	4
3335578	160490.SPy_1487	111	4
3335696	160490.SPy_1637	295	26
3334487	160490.SPy_0066	12764	315
3335364	160490.SPy_1214	29.7	4
3336114	160490.SPy_2196	34.4	2
3335069	160490.SPy_0850	108	8
3334629	160490.SPy_0263	7.8	1
3336086	160490.SPy_2160	3823	8
3335965	160490.SPy_1990	53.8	9
3335945	160490.SPy_1962	1001	170
3334462	160490.SPy_0035	50.3	5
3335059	160490.SPy_0838	24.4	2
3336123	160490.SPy_2205	14.6	1
3335756	160490.SPy_1719	794	22
3334729	160490.SPy_0406	112	7
3335521	160490.SPy_1416	88.6	13
3335789	160490.SPy_1755	34.9	1
3334698	160490.SPy_0362	56.6	6
3335870	160490.SPy_1866	89.7	7
3335791	160490.SPy_1759	674	50
3334738	160490.SPy_0425	18.8	2
3335419	160490.SPy_1280	731	107
3336124	160490.SPy_2206	2522	253
3335702	160490.SPy_1643	837	66
3334956	160490.SPy_0712	23.1	2
3334451	160490.SPy_0022	164	12
3334588	160490.SPy_0201	16.1	1
3334495	160490.SPy_0076	5070	19
3335808	160490.SPy_1782	45.1	3
3335448	160490.SPy_1314	35.2	5
3335689	160490.SPy_1627	85.5	9
3336004	160490.SPy_2049	27.8	5
3335519	160490.SPy_1414	9.44	2
3335342	160490.SPy_1186	54.7	1
3335237	160490.SPy_1059	177	14
3335656	160490.SPy_1581	129	3
3335139	160490.SPy_0933	831	71
3336023	160490.SPy_2080	1074	128
3334864	160490.SPy_0593	666	11
3334615	160490.SPy_0247	60.8	3
3334901	160490.SPy_0645	1411	44
3335386	160490.SPy_1240	497	31
3335314	160490.SPy_1151	5227	345
3334483	160490.SPy_0062	4371	94
3335199	160490.SPy_1010	228	13
3334733	160490.SPy_0412	62.3	5
3335953	160490.SPy_1976	173	18
3335985	160490.SPy_2019	73.8	13
3334991	160490.SPy_0757	57.2	1
3334554	160490.SPy_0163	1063	90
3335790	160490.SPy_1758	268	21
3335013	160490.SPy_0782	2276	129
3334978	160490.SPy_0741	43.9	5
3335852	160490.SPy_1841	30.2	2
3334595	160490.SPy_0215	3716	255
3334607	160490.SPy_0236	14.5	2
3335692	160490.SPy_1630	2665	40
3334676	160490.SPy_0329	9.25	1
3335225	160490.SPy_1043	185	8
3335929	160490.SPy_1941	59.5	7
3334441	160490.SPy_0008	21.0	7
3335355	160490.SPy_1204	1297	152
3334449	160490.SPy_0020	2139	153
3335396	160490.SPy_1250	31.7	2
3335431	160490.SPy_1292	52.5	7
3335740	160490.SPy_1697	297	7
3335499	160490.SPy_1389	519	99
3335411	160490.SPy_1267	121	26
3335406	160490.SPy_1261	15001	8
3334436	160490.SPy_0002	53.5	7
3336102	160490.SPy_2182	81.3	10
3334987	160490.SPy_0752	171	14
3336052	160490.SPy_2117	77.8	7
3335090	160490.SPy_0879	30.9	2
3335590	160490.SPy_1500	148	17
3335046	160490.SPy_0819	11547	211
3336108	160490.SPy_2189	213	6
3334874	160490.SPy_0606	934	103
3335080	160490.SPy_0866	72.6	6
3335020	160490.SPy_0791	59.5	5
3334794	160490.SPy_0503	47.0	6
3334766	160490.SPy_0461	3508	181
3334531	160490.SPy_0130	177	6
3335006	160490.SPy_0775	18.6	2
3334687	160490.SPy_0345	174	17
3335802	160490.SPy_1772	310	4
3335616	160490.SPy_1531	1676	59
3335001	160490.SPy_0769	222	40
3335353	160490.SPy_1202	25.0	2
3335932	160490.SPy_1945	90.1	8
3336012	160490.SPy_2059	112	13
3335593	160490.SPy_1505	94.9	8
3334463	160490.SPy_0036	201	32
3335096	160490.SPy_0885	391	45
3334644	160490.SPy_0281	12.8	1
3335374	160490.SPy_1224	939	175
3334490	160490.SPy_0071	6738	63
3335762	160490.SPy_1726	74.1	5
3335955	160490.SPy_1979	11.0	1
3335701	160490.SPy_1642	90.6	4
3335074	160490.SPy_0855	1625	125
3334908	160490.SPy_0654	11.9	1
3334705	160490.SPy_0370	41.8	1
3334469	160490.SPy_0044	1303	119
3334701	160490.SPy_0365	8.93	1
3335989	160490.SPy_2027	19.4	1
3335412	160490.SPy_1270	56.0	4
3335622	160490.SPy_1537	61.2	2
3335216	160490.SPy_1033	562	58
3335449	160490.SPy_1315	573	90
3334686	160490.SPy_0343	54.9	2
3335761	160490.SPy_1725	58.5	2
3334904	160490.SPy_0650	109	8
3335653	160490.SPy_1576	113	10
3335439	160490.SPy_1301	14.1	1
3335497	160490.SPy_1385	28.9	1
3334659	160490.SPy_0306	26.0	2
3335800	160490.SPy_1770	547	51
3335109	160490.SPy_0901	639	37
3334439	160490.SPy_0006	494	45
3334804	160490.SPy_0514	553	47
3335732	160490.SPy_1686	498	21
3335133	160490.SPy_0927	599	28
3334685	160490.SPy_0342	23.5	6
3336028	160490.SPy_2085	51.0	9
3335597	160490.SPy_1509	532	136
3335294	160490.SPy_1128	1877	95
3335004	160490.SPy_0772	14.6	1
3335034	160490.SPy_0806	19988	367
3335032	160490.SPy_0804	1017	30
3335028	160490.SPy_0800	53.0	2
3336041	160490.SPy_2104	22.0	1
3334600	160490.SPy_0226	883	66
3335393	160490.SPy_1247	17.1	1
3335796	160490.SPy_1765	40.9	2
3335315	160490.SPy_1152	97.1	19
3335914	160490.SPy_1921	43.2	4
3335614	160490.SPy_1529	480	38
3335263	160490.SPy_1093	29.5	3
3334967	160490.SPy_0726	69.5	3
3334900	160490.SPy_0644	217	13
3335369	160490.SPy_1219	30.0	4
3335984	160490.SPy_2018	17110	1011
3335008	160490.SPy_0777	3.46	1
3334768	160490.SPy_0463	6015	148
3334775	160490.SPy_0472	83.7	5
3335612	160490.SPy_1527	524	63
3334690	160490.SPy_0349	2705	126
3335910	160490.SPy_1916	63.2	8
3335980	160490.SPy_2009	1797	85
3335715	160490.SPy_1659	163	22
3335916	160490.SPy_1923	608	27
3336058	160490.SPy_2125	129	5
3335212	160490.SPy_1028	1392	118
3335707	160490.SPy_1649	287	30
3334440	160490.SPy_0007	115	7
3336021	160490.SPy_2077	7184	52
3335395	160490.SPy_1249	221	8
3334969	160490.SPy_0728	243	36
3336104	160490.SPy_2184	34.5	5
3335381	160490.SPy_1233	33.4	2
3335530	160490.SPy_1432	2353	154
3335271	160490.SPy_1102	23.7	2
3335471	160490.SPy_1352	31.5	4
3334691	160490.SPy_0351	387	20
3334496	160490.SPy_0077	3866	105
3335118	160490.SPy_0911	1048	101
3335780	160490.SPy_1745	166	21
3335360	160490.SPy_1210	13.4	2
3335304	160490.SPy_1141	546	44
3335434	160490.SPy_1295	60.2	4
3335238	160490.SPy_1060	381	19
3335776	160490.SPy_1741	47.6	2
3335249	160490.SPy_1071	46.9	6
3335974	160490.SPy_2002	57.9	3
3334616	160490.SPy_0248	2915	194
3336003	160490.SPy_2048	358	17
3334936	160490.SPy_0686	136	4
3335141	160490.SPy_0936	766	65
3335478	160490.SPy_1359	607	38
3335174	160490.SPy_0978	25963	6
3335835	160490.SPy_1821	3330	123
3335282	160490.SPy_1115	13.0	1
3335805	160490.SPy_1779	207	14
3334834	160490.SPy_0550	177	3
3334548	160490.SPy_0154	17.8	3
3334851	160490.SPy_0576	37.7	2
3335433	160490.SPy_1294	1251	108
3335632	160490.SPy_1549	334	12
3334542	160490.SPy_0146	89.2	1
3335086	160490.SPy_0875	10.8	1
3335116	160490.SPy_0909	52.9	7
3335206	160490.SPy_1019	73.5	6
3334664	160490.SPy_0312	56.7	2
3335297	160490.SPy_1134	13.1	2
3334453	160490.SPy_0024	58.8	5
3334459	160490.SPy_0032	51.2	4
3334735	160490.SPy_0416	29.7	15
3335063	160490.SPy_0843	23.8	5
3335447	160490.SPy_1312	89.7	9
3335288	160490.SPy_1122	68.4	4
3335608	160490.SPy_1523	38.1	2
3335301	160490.SPy_1138	21.6	2
3334759	160490.SPy_0453	2008	110
3335250	160490.SPy_1072	8440	350
3334773	160490.SPy_0470	454	71
3335014	160490.SPy_0783	135	2
3335719	160490.SPy_1666	23.2	2
3335996	160490.SPy_2039	180	17
3334437	160490.SPy_0003	734	73
3334719	160490.SPy_0388	89.6	10
3335055	160490.SPy_0833	678	38
3335937	160490.SPy_1952	2.72	1
3336017	160490.SPy_2070	3727	615
3335045	160490.SPy_0818	28.0	2
3334799	160490.SPy_0508	18.3	1
3335421	160490.SPy_1282	5283	609
3336127	160490.SPy_2210	1012	93
3335137	160490.SPy_0931	56.0	2
3335407	160490.SPy_1262	8780	280
3334491	160490.SPy_0072	11304	162
3335269	160490.SPy_1100	90.8	6
3335583	160490.SPy_1493	197	11
3336048	160490.SPy_2113	121	5
3335587	160490.SPy_1497	116	6
3334499	160490.SPy_0080a	8287	152
3335048	160490.SPy_0822	1166	32
3334731	160490.SPy_0408	311	10
3335278	160490.SPy_1110	196	15
3335765	160490.SPy_1729	390	23
3334885	160490.SPy_0623	472	61
3335207	160490.SPy_1020	362	45
3334634	160490.SPy_0268	274	14
3335610	160490.SPy_1525	96.8	13
3335094	160490.SPy_0883	41.1	3
3334778	160490.SPy_0476	214	17
3335126	160490.SPy_0919	2944	24
3335797	160490.SPy_1766	45.4	2
3335114	160490.SPy_0907	10.1	1
3334880	160490.SPy_0616	91.6	9
3334619	160490.SPy_0252	9.19	1
3335317	160490.SPy_1155	89.6	3
3335111	160490.SPy_0903	1100	80
3334638	160490.SPy_0273	5966	1019
3335588	160490.SPy_1498	79.8	4
3334976	160490.SPy_0739	30.5	2
3335227	160490.SPy_1046	3.83	1
3336022	160490.SPy_2079	5868	229
3335859	160490.SPy_1851	69.4	4
3335862	160490.SPy_1856	67.3	3
3335699	160490.SPy_1640	148	12
3335697	160490.SPy_1638	55.7	2
3335849	160490.SPy_1837	36.5	5
3334602	160490.SPy_0228	68.6	1
3335607	160490.SPy_1521	693	57
3335482	160490.SPy_1364	7.46	1
3335017	160490.SPy_0787	47.7	6
3335981	160490.SPy_2010	1402	336
3335739	160490.SPy_1695	38.8	4
3334649	160490.SPy_0289	72.6	4
3334492	160490.SPy_0073	811	48
3334663	160490.SPy_0310	74.5	2
3335038	160490.SPy_0810	91.4	7
3335618	160490.SPy_1533	42.6	5
3334772	160490.SPy_0469	1801	69
3335422	160490.SPy_1283	7237	378
3334711	160490.SPy_0378	22.2	2
3334754	160490.SPy_0444	113	5
3335734	160490.SPy_1688	704	99
3335127	160490.SPy_0921	54.0	5
3334805	160490.SPy_0515	83.9	12
3335684	160490.SPy_1621	61.6	5
3335885	160490.SPy_1882	370	31
3334518	160490.SPy_0109	480	50
3334843	160490.SPy_0567	26.0	2
3334803	160490.SPy_0513	402	29
3336103	160490.SPy_2183	2202	59
3335691	160490.SPy_1629	25.5	6
3335235	160490.SPy_1057	481	10
3335299	160490.SPy_1136	164	11
3335000	160490.SPy_0768	251	18
3335130	160490.SPy_0924	111	10
3334994	160490.SPy_0760	1337	170
3335896	160490.SPy_1898	61.7	3
3335070	160490.SPy_0851	411	17
3334720	160490.SPy_0390	18.3	2
3334530	160490.SPy_0129	19.5	1
3335580	160490.SPy_1489	17805	395
3335508	160490.SPy_1401	39.4	3
3335995	160490.SPy_2037	2298	142
3335854	160490.SPy_1844	18.7	4
3334865	160490.SPy_0595	1505	154
3335881	160490.SPy_1877	2389	205
3335219	160490.SPy_1036	142	9
3334580	160490.SPy_0189	10.9	1
3334725	160490.SPy_0399	155	10
3335351	160490.SPy_1200	786	85
3335812	160490.SPy_1787	4.94	1
3334876	160490.SPy_0609	96.1	4
3335541	160490.SPy_1446	5.48	1
3334868	160490.SPy_0599	197	10
3334564	160490.SPy_0173	773	92
3335385	160490.SPy_1239	549	98
3334488	160490.SPy_0067	22746	135
3335443	160490.SPy_1308	58.6	6
3334717	160490.SPy_0385	14.8	2
3334723	160490.SPy_0395	1204	20
3334482	160490.SPy_0061	5308	90
3334795	160490.SPy_0504	33.7	1
3335341	160490.SPy_1184	34.9	1
3334962	160490.SPy_0720	96.9	5
3334763	160490.SPy_0458	14.1	3
3335637	160490.SPy_1558	16.5	1
3335725	160490.SPy_1676	2770	371
3335633	160490.SPy_1551	261	14
3335709	160490.SPy_1652	42.4	5
3335056	160490.SPy_0835	485	112
3335221	160490.SPy_1038	871	106
3334963	160490.SPy_0721	67.9	2
3334573	160490.SPy_0182	301	23
3334762	160490.SPy_0457	288	18
3335972	160490.SPy_2000	504	52
3335062	160490.SPy_0841	621	17
3335654	160490.SPy_1577	44.3	4
3336078	160490.SPy_2151	1008	154
3334806	160490.SPy_0516	77.2	8
3335231	160490.SPy_1053	107	17
3334678	160490.SPy_0331	25.2	2
3334652	160490.SPy_0294	501	46
3335320	160490.SPy_1158	17.8	2
3335794	160490.SPy_1763	57.8	6
3334689	160490.SPy_0348	163	18
3335389	160490.SPy_1243	98.7	5
3335866	160490.SPy_1862	2754	33
3335361	160490.SPy_1211	171	5
3335194	160490.SPy_1001	5.55	1
3335878	160490.SPy_1874	110	5
3335377	160490.SPy_1227	187	26
3335500	160490.SPy_1390	1957	119
3334750	160490.SPy_0440	37.4	3
3334953	160490.SPy_0707	161	4
3335264	160490.SPy_1094	194	14
3335200	160490.SPy_1011	183	20
3335331	160490.SPy_1173	152	14
3334697	160490.SPy_0361	46.2	5
3335921	160490.SPy_1932	3818	129
3335218	160490.SPy_1035	72.3	7
3334728	160490.SPy_0405	64.2	2
3334442	160490.SPy_0009	75.6	1
3334444	160490.SPy_0012	17.3	3
3335694	160490.SPy_1633	252	29
3335678	160490.SPy_1613	5493	188
3334604	160490.SPy_0230	19.9	3
3335367	160490.SPy_1217	341	9
3335326	160490.SPy_1164	128	24
3334951	160490.SPy_0705	3.39	1
3335477	160490.SPy_1358	95.4	12
3335889	160490.SPy_1888	2247	6
3334958	160490.SPy_0714	80.9	9
3335710	160490.SPy_1653	655	85
3335884	160490.SPy_1881	8519	874
3335473	160490.SPy_1354	715	42
3334862	160490.SPy_0590	74.1	7
3335244	160490.SPy_1066	36.5	2
3334816	160490.SPy_0530	22.4	2
3335766	160490.SPy_1730	345	10
3336083	160490.SPy_2156	511	58
3334661	160490.SPy_0308	236	12
3334471	160490.SPy_0047	5220	108
3335464	160490.SPy_1340	164	7
3335601	160490.SPy_1514	11287	561
3334633	160490.SPy_0267	69.4	6
3334992	160490.SPy_0758	1706	127
3336045	160490.SPy_2110	195	32
3334665	160490.SPy_0314	28.5	2
3334818	160490.SPy_0532	25.1	7
3334468	160490.SPy_0041	95.5	9
3336085	160490.SPy_2159	183	2
3334527	160490.SPy_0124	127	18
3334863	160490.SPy_0591	39.7	4
3335104	160490.SPy_0894	1088	82
3335880	160490.SPy_1876	297	44
3335322	160490.SPy_1160	118	5
3336126	160490.SPy_2209	109	4
3335217	160490.SPy_1034	35.9	3
3334982	160490.SPy_0745	27.0	2
3334576	160490.SPy_0185	251	51
3335726	160490.SPy_1678	30.5	2
3335703	160490.SPy_1644	39.3	4
3335044	160490.SPy_0817	80.7	6
3335494	160490.SPy_1378	94.4	11
3336099	160490.SPy_2178	4056	242
3335223	160490.SPy_1040	24.9	2
3334825	160490.SPy_0539	21.2	1
3334541	160490.SPy_0145	286	10
3336131	160490.SPy_2217	181	14
3335768	160490.SPy_1733	103	6
3334635	160490.SPy_0269	527	100
3335106	160490.SPy_0898	63.0	5
3335830	160490.SPy_1815	58.5	3
3335600	160490.SPy_1513	647	126
3334753	160490.SPy_0443	307	25
3335999	160490.SPy_2042	25.2	2
3335267	160490.SPy_1098	192	10
3336075	160490.SPy_2148	17.9	4
3335113	160490.SPy_0905	282	17
3335888	160490.SPy_1886	394	12
3335316	160490.SPy_1154	110	5
3335344	160490.SPy_1189	52.5	8
3335152	160490.SPy_0948	74.1	7
3335839	160490.SPy_1827	95.8	6
3334606	160490.SPy_0235	97.8	4
3335072	160490.SPy_0853	132	8
3335491	160490.SPy_1373	12180	212
3334627	160490.SPy_0261	16.1	1
3335745	160490.SPy_1704	19.9	2
3335274	160490.SPy_1105	12.4	1
3335591	160490.SPy_1502	57.8	5
3335949	160490.SPy_1968	476	7
3335107	160490.SPy_0899	36.5	2
3336101	160490.SPy_2181	279	3
3335122	160490.SPy_0915	76.7	9
3335693	160490.SPy_1632	42.8	3
3335425	160490.SPy_1286	287	21
3335899	160490.SPy_1901	58.0	3
3334907	160490.SPy_0653	30.6	3
3335924	160490.SPy_1936	362	16
3335886	160490.SPy_1884	721	52
3335512	160490.SPy_1406	1329	71
3334628	160490.SPy_0262	212	16
3335642	160490.SPy_1564	17.2	2
3334770	160490.SPy_0466	142	4
3335672	160490.SPy_1604	22.9	4
3335516	160490.SPy_1410	15.4	2
3334798	160490.SPy_0507	36.3	2
3334569	160490.SPy_0178	14.4	1
3335842	160490.SPy_1830	911	36
3335893	160490.SPy_1895	1351	44
3335215	160490.SPy_1032	87.1	12
3334526	160490.SPy_0123	193	19
3335807	160490.SPy_1781	74.9	6
3336018	160490.SPy_2072	2786	55
3335801	160490.SPy_1771	538	70
3335640	160490.SPy_1562	19.9	2
3334883	160490.SPy_0621	172	21
3335051	160490.SPy_0827	109	10
3335781	160490.SPy_1746	292	11
3335894	160490.SPy_1896	8646	570
3336077	160490.SPy_2150	117	2
3335021	160490.SPy_0792	92.2	15
3334873	160490.SPy_0605	227	8
3335620	160490.SPy_1535	25.5	2
3335211	160490.SPy_1026	2707	120
3335525	160490.SPy_1422	16.0	1
3335117	160490.SPy_0910	45.1	10
3334577	160490.SPy_0186	20.2	1
3335942	160490.SPy_1959	43.9	2
3335827	160490.SPy_1810	363	20
3334639	160490.SPy_0274	17628	1413
3336002	160490.SPy_2047	301	17
3334474	160490.SPy_0051	3083	78
3335061	160490.SPy_0840	12067	92
3334570	160490.SPy_0179	146	8
3334807	160490.SPy_0517	489	67
3335843	160490.SPy_1831	11554	205
3335594	160490.SPy_1506	16.6	1
3335773	160490.SPy_1738	3659	274
3335650	160490.SPy_1572	252	5
3335054	160490.SPy_0832	323	18
3334740	160490.SPy_0427	37.6	6
3335920	160490.SPy_1931	8119	139
3335247	160490.SPy_1069	355	23
3335973	160490.SPy_2001	44.4	3
3334767	160490.SPy_0462	702	47
3335816	160490.SPy_1791	7.1	1
3336046	160490.SPy_2111	61.4	4
3335426	160490.SPy_1287	135	5
3335630	160490.SPy_1547	3127	420
3335418	160490.SPy_1277	3098	25
3334877	160490.SPy_0611	10582	932
3335649	160490.SPy_1571	3327	84
3335079	160490.SPy_0865	99.6	9
3334654	160490.SPy_0296	250	21
3335782	160490.SPy_1747	3122	61
3336049	160490.SPy_2114	2757	71
3335440	160490.SPy_1302	86.6	17
3335039	160490.SPy_0811	1351	44
3334713	160490.SPy_0380	2837	215
3335507	160490.SPy_1400	27.3	3
3335838	160490.SPy_1825	69.8	16
3335785	160490.SPy_1750	381	31
3335975	160490.SPy_2003	12.2	1
3335441	160490.SPy_1304	8.96	1
3334712	160490.SPy_0379	25.2	2
3335596	160490.SPy_1508	127	3
3336035	160490.SPy_2093	5736	501
3335476	160490.SPy_1357	1465	29
3335110	160490.SPy_0902	45.4	6
3334641	160490.SPy_0277	126	21
3334438	160490.SPy_0004	126	2
3334802	160490.SPy_0512	287	15
3335100	160490.SPy_0889	139	9
3335873	160490.SPy_1869	475	39
3335626	160490.SPy_1542	569	58
3335778	160490.SPy_1743	882	42
3335763	160490.SPy_1727	69.7	7
3335720	160490.SPy_1670	69.3	9
3335821	160490.SPy_1798	6.35	2
3335424	160490.SPy_1285	199	5
3334645	160490.SPy_0282	62.8	4
3335946	160490.SPy_1963	145	13
3334791	160490.SPy_0500	38.2	4
3335714	160490.SPy_1658	272	20
3336096	160490.SPy_2174	18.9	2
3336105	160490.SPy_2185	76.6	10
3335793	160490.SPy_1761	4538	114
3335445	160490.SPy_1310	1521	33
3334990	160490.SPy_0756	326	13
3334460	160490.SPy_0033	119	6
3334751	160490.SPy_0441	42.0	4
3334647	160490.SPy_0287	32.5	3
3334986	160490.SPy_0751	81.5	19
3335941	160490.SPy_1958	1466	73
3335951	160490.SPy_1972	22.9	8
3335757	160490.SPy_1721	607	89
3334755	160490.SPy_0446	47.2	1
3334886	160490.SPy_0627	34.7	3
3336009	160490.SPy_2054	44.7	3
3335904	160490.SPy_1906	75.3	9
3335313	160490.SPy_1150	1370	182
3336125	160490.SPy_2207	786	49
3335220	160490.SPy_1037	224	14
3334555	160490.SPy_0164	1067	74
3335480	160490.SPy_1362	50.4	4
3335382	160490.SPy_1234	14790	128
3335663	160490.SPy_1591	47.6	2
3334568	160490.SPy_0177	29.2	3
3336015	160490.SPy_2065	60.2	9
3335103	160490.SPy_0892	1522	42
3335748	160490.SPy_1709	144	7
3334906	160490.SPy_0652	74.5	9
3335774	160490.SPy_1739	1542	37
3335524	160490.SPy_1421	51.6	5
3335767	160490.SPy_1731	236	8
3334758	160490.SPy_0450	236	11
3335040	160490.SPy_0813	226	26
3335022	160490.SPy_0793	81.2	15
3334508	160490.SPy_0099	1279	373
3335208	160490.SPy_1022	192	17
3335760	160490.SPy_1724	418	35
3334470	160490.SPy_0045	67.7	4
3335879	160490.SPy_1875	199	5
3334859	160490.SPy_0587	399	7
3335392	160490.SPy_1246	34.5	3
3335806	160490.SPy_1780	557	36
3334668	160490.SPy_0317	515	41
3334979	160490.SPy_0742	20.5	1
3335027	160490.SPy_0799	219	19
3335405	160490.SPy_1260	4556	273
3335348	160490.SPy_1193	379	12
3335280	160490.SPy_1113	241	13
3335787	160490.SPy_1753	6451	34
3334636	160490.SPy_0271	1167	25
3334971	160490.SPy_0731	16987	1773
3335043	160490.SPy_0816	122	13
3334494	160490.SPy_0075	1750	22
3335934	160490.SPy_1947	16.1	1
3334844	160490.SPy_0568	104	4
3335492	160490.SPy_1374	3945	36
3335140	160490.SPy_0935	1226	43
3335864	160490.SPy_1858	196	44
3334592	160490.SPy_0208	126	10
3335993	160490.SPy_2033	1182	29
3335783	160490.SPy_1748	1349	133
3336111	160490.SPy_2193	16.7	2
3335704	160490.SPy_1646	1754	51
3336019	160490.SPy_2073	148	27
3335685	160490.SPy_1622	49.5	4
3335913	160490.SPy_1919	488	40
3335713	160490.SPy_1657	389	19
3335869	160490.SPy_1865	1359	45
3334446	160490.SPy_0015	1660	225
3334626	160490.SPy_0260	528	32
3334631	160490.SPy_0265	21.9	1
3335717	160490.SPy_1664	77.5	11
3335091	160490.SPy_0880	127	9
3335067	160490.SPy_0847	138	8
3334574	160490.SPy_0183	286	40
3335112	160490.SPy_0904	33.0	2
3334985	160490.SPy_0749	110	2
3336109	160490.SPy_2190	153	8
3335743	160490.SPy_1700	272	13
3335823	160490.SPy_1802	79.3	4
3335068	160490.SPy_0849	66.3	6
3335832	160490.SPy_1817	23.1	2
3335595	160490.SPy_1507	13.9	1
3335529	160490.SPy_1429	3945	227
3336097	160490.SPy_2176	15.8	3
3334637	160490.SPy_0272	7442	223
3335357	160490.SPy_1206	73.1	8
3334852	160490.SPy_0577	3643	22
3334493	160490.SPy_0074	2091	113
3336084	160490.SPy_2157	364	38
3335372	160490.SPy_1222	73.7	4
3335531	160490.SPy_1434	65.2	10
3335105	160490.SPy_0895	20.4	1
3335643	160490.SPy_1565	87.0	20
3335788	160490.SPy_1754	147	14
3335306	160490.SPy_1143	49.2	3
3334473	160490.SPy_0050	5433	171
3336130	160490.SPy_2216	1944	115
3335520	160490.SPy_1415	359	41
3335417	160490.SPy_1276	68.3	3
3335246	160490.SPy_1068	33.1	4
3335646	160490.SPy_1568	656	111
3334599	160490.SPy_0224	202	19
3335891	160490.SPy_1892	62.4	5
3335747	160490.SPy_1708	177	16
3335362	160490.SPy_1212	23.5	4
3335723	160490.SPy_1674	22.5	1
3335537	160490.SPy_1442	3.49	1
3334841	160490.SPy_0560	207	25
3336129	160490.SPy_2215	35.5	2
3335977	160490.SPy_2005	5259	37
3335628	160490.SPy_1544	2758	234
3336116	160490.SPy_2198	6.03	1
3335465	160490.SPy_1343	463	50
3335488	160490.SPy_1370	64.8	6
3335627	160490.SPy_1543	227	18
3334480	160490.SPy_0059	3828	22
3335769	160490.SPy_1734	25.4	1
3334670	160490.SPy_0320	39.1	5
3335368	160490.SPy_1218	38.7	4
3336115	160490.SPy_2197	1265	69
3335944	160490.SPy_1961	17.3	5
3335416	160490.SPy_1275	158	6
3335938	160490.SPy_1955	5834	72
3334632	160490.SPy_0266	157	13
3334840	160490.SPy_0559	14.7	1
3335002	160490.SPy_0770	27.5	1
3335323	160490.SPy_1161	148	11
3335746	160490.SPy_1707	282	17
3335735	160490.SPy_1689	530	43
3335290	160490.SPy_1124	23.1	2
3335049	160490.SPy_0824	30.5	3
3334769	160490.SPy_0464	12.1	1
3334815	160490.SPy_0529	5.57	1
3335836	160490.SPy_1823	107	5
3334960	160490.SPy_0716	26.4	2
3335432	160490.SPy_1293	13.4	2
3334593	160490.SPy_0210	13.4	2
3335950	160490.SPy_1971	275	5
3334968	160490.SPy_0727	113	17
