#name: S.pyogenes M1GAS - Whole organism, N , SC (Okamoto,BMC_Microbiol,2011)
#score: 12.49
#weight: 100%
#description: abundance based on Spectral counting, N , from<a href="http://www.ncbi.nlm.nih.gov/pubmed?term=22070424" target="_blank">Okamoto,BMC_Microbiol,2011</a><br/><b>Interaction consistency score</b>: 12.49&nbsp<b>Coverage</b>: 66
#organ: WHOLE_ORGANISM
#integrated: false
#coverage: 66
#publication_year: 2011
#filename: StreptococcusPyogenes_M1GAS_PRIDE.txt
#
#internal_id	string_external_id	abundance	raw_spectral_count
3335120	160490.SPy_0913	6509	971
3334630	160490.SPy_0264	132	15
3334633	160490.SPy_0267	72.5	14
3334632	160490.SPy_0266	39.8	10
3335719	160490.SPy_1666	3.79	1
3334626	160490.SPy_0260	36.9	7
3334629	160490.SPy_0263	213	18
3334628	160490.SPy_0262	9.68	2
3335743	160490.SPy_1700	294	36
3335126	160490.SPy_0919	9489	170
3334798	160490.SPy_0507	13.3	1
3334635	160490.SPy_0269	360	206
3334634	160490.SPy_0268	390	65
3335746	160490.SPy_1707	136	20
3334794	160490.SPy_0503	15.9	9
3334768	160490.SPy_0463	3293	230
3334767	160490.SPy_0462	55.5	12
3334766	160490.SPy_0461	3097	451
3334765	160490.SPy_0460	4073	357
3334771	160490.SPy_0467	960	32
3334770	160490.SPy_0466	24.0	2
3334769	160490.SPy_0464	23.5	4
3335562	160490.SPy_1469	12.3	1
3334772	160490.SPy_0469	298	34
3335258	160490.SPy_1084	15.7	1
3334811	160490.SPy_0524	37.1	4
3335117	160490.SPy_0910	20.2	9
3335449	160490.SPy_1315	1822	582
3335122	160490.SPy_0915	129	25
3335256	160490.SPy_1082	26.4	8
3335121	160490.SPy_0914	13.3	1
3335507	160490.SPy_1400	80.8	14
3335498	160490.SPy_1386	7.25	1
3335246	160490.SPy_1068	6.02	21
3335247	160490.SPy_1069	262	29
3335081	160490.SPy_0867	31.2	8
3335079	160490.SPy_0865	554	73
3335245	160490.SPy_1067	1.45	1
3335238	160490.SPy_1060	188	29
3334797	160490.SPy_0506	2016	196
3335077	160490.SPy_0861	25.2	14
3335241	160490.SPy_1063	12.6	21
3335917	160490.SPy_1924	24.0	8
3335647	160490.SPy_1569	32.0	3
3335646	160490.SPy_1568	202	84
3335643	160490.SPy_1565	3.32	2
3335642	160490.SPy_1564	11.5	7
3335645	160490.SPy_1567	5.25	6
3335644	160490.SPy_1566	16.1	2
3335640	160490.SPy_1562	2.7	1
3335355	160490.SPy_1204	828	192
3336074	160490.SPy_2147	13.7	2
3335357	160490.SPy_1206	3.4	1
3335486	160490.SPy_1368	320	54
3336071	160490.SPy_2142	39.7	3
3334595	160490.SPy_0215	2321	432
3335353	160490.SPy_1202	7.98	1
3334869	160490.SPy_0600	6.43	2
3335481	160490.SPy_1363	30.3	1
3335480	160490.SPy_1362	9.96	2
3335479	160490.SPy_1361	0.698	2
3335358	160490.SPy_1208	13.6	1
3335359	160490.SPy_1209	31.6	2
3336075	160490.SPy_2148	19.6	17
3335482	160490.SPy_1364	11.4	4
3335554	160490.SPy_1460	10.7	4
3334865	160490.SPy_0595	775	168
3334864	160490.SPy_0593	2377	93
3335419	160490.SPy_1280	1165	365
3334546	160490.SPy_0150	69.4	8
3334573	160490.SPy_0182	14.6	3
3334868	160490.SPy_0599	357	41
3334867	160490.SPy_0598	55.7	9
3335557	160490.SPy_1463	18.6	1
3335558	160490.SPy_1464	3.36	1
3334945	160490.SPy_0697	12.3	4
3334941	160490.SPy_0693	8.43	1
3335553	160490.SPy_1459	9.65	1
3336024	160490.SPy_2081	9.94	6
3336023	160490.SPy_2080	1195	342
3336028	160490.SPy_2085	5.25	1
3336027	160490.SPy_2084	34.4	3
3335849	160490.SPy_1837	23.2	11
3336031	160490.SPy_2089	11.2	4
3336030	160490.SPy_2088	11.4	1
3334823	160490.SPy_0537	22.7	4
3335604	160490.SPy_1518	867	87
3335605	160490.SPy_1519	16.1	1
3335857	160490.SPy_1849	2006	856
3334472	160490.SPy_0049	2552	324
3334552	160490.SPy_0159	1.65	1
3335598	160490.SPy_1510	15.1	3
3335599	160490.SPy_1511	68.3	6
3334971	160490.SPy_0731	8263	2028
3335600	160490.SPy_1513	359	149
3335601	160490.SPy_1514	2937	256
3335602	160490.SPy_1515	7.51	2
3335210	160490.SPy_1025	7.46	2
3335734	160490.SPy_1688	723	272
3335735	160490.SPy_1689	220	48
3334649	160490.SPy_0289	16.5	2
3334648	160490.SPy_0288	8.76	4
3334670	160490.SPy_0320	7.28	8
3335788	160490.SPy_1754	111	13
3334644	160490.SPy_0281	12.1	2
3334643	160490.SPy_0280	2.8	1
3334647	160490.SPy_0287	365	67
3334676	160490.SPy_0329	21.5	2
3334646	160490.SPy_0285	664	87
3335733	160490.SPy_1687	1162	23
3335546	160490.SPy_1451	13.9	1
3335213	160490.SPy_1029	2001	517
3334963	160490.SPy_0721	1082	57
3334747	160490.SPy_0436	13.4	2
3334748	160490.SPy_0437	17.4	2
3335869	160490.SPy_1865	575	38
3335383	160490.SPy_1236	12.2	4
3335870	160490.SPy_1866	11.5	2
3334824	160490.SPy_0538	4.82	1
3334485	160490.SPy_0064	12646	85
3335916	160490.SPy_1923	380	23
3335996	160490.SPy_2039	52177	14106
3336059	160490.SPy_2126	73.2	3
3335995	160490.SPy_2037	3412	519
3335994	160490.SPy_2034	1950	45
3334745	160490.SPy_0433	7.01	1
3335992	160490.SPy_2032	167	42
3335993	160490.SPy_2033	2011	99
3335991	160490.SPy_2031	36.8	11
3334532	160490.SPy_0131	2.02	1
3334531	160490.SPy_0130	1042	118
3334533	160490.SPy_0133	10.2	2
3334846	160490.SPy_0570	13.8	1
3334482	160490.SPy_0061	6239	257
3334536	160490.SPy_0137	26.8	2
3335342	160490.SPy_1186	349	15
3334690	160490.SPy_0349	1865	146
3334461	160490.SPy_0034	10.2	2
3334462	160490.SPy_0035	2.92	1
3334463	160490.SPy_0036	22.5	6
3334554	160490.SPy_0163	2031	380
3334581	160490.SPy_0190	459	40
3335263	160490.SPy_1093	8.33	2
3335216	160490.SPy_1033	494	106
3335215	160490.SPy_1032	11.4	5
3335214	160490.SPy_1031	2668	730
3335781	160490.SPy_1746	14.2	1
3335220	160490.SPy_1037	757	129
3335219	160490.SPy_1036	20.5	3
3335218	160490.SPy_1035	63.8	13
3335217	160490.SPy_1034	21.0	4
3335526	160490.SPy_1424	20.5	3
3335221	160490.SPy_1038	1222	266
3335784	160490.SPy_1749	1220	157
3335524	160490.SPy_1421	8.5	2
3335045	160490.SPy_0818	108	29
3335046	160490.SPy_0819	4385	259
3336102	160490.SPy_2182	4.48	2
3335508	160490.SPy_1401	2.71	1
3336055	160490.SPy_2120	6.38	4
3334683	160490.SPy_0340	4.09	1
3335591	160490.SPy_1502	136	13
3335512	160490.SPy_1406	1559	236
3335590	160490.SPy_1500	4.38	1
3334949	160490.SPy_0702	53.7	60
3335511	160490.SPy_1405	465	6
3335933	160490.SPy_1946	385	130
3336093	160490.SPy_2170	6.57	1
3335593	160490.SPy_1505	4.87	1
3335277	160490.SPy_1109	5.03	1
3335741	160490.SPy_1698	57.8	11
3335276	160490.SPy_1107	5.08	1
3335274	160490.SPy_1105	8.88	2
3335272	160490.SPy_1103	8.47	1
3335271	160490.SPy_1102	2.03	7
3335270	160490.SPy_1101	58.0	11
3335269	160490.SPy_1100	397	43
3335698	160490.SPy_1639	6.98	1
3336040	160490.SPy_2103	14.7	1
3334624	160490.SPy_0258	10.8	21
3336041	160490.SPy_2104	4.96	1
3334721	160490.SPy_0392	909	98
3335692	160490.SPy_1630	1966	52
3335694	160490.SPy_1633	258	62
3335693	160490.SPy_1632	36.9	5
3334725	160490.SPy_0399	90.0	13
3334618	160490.SPy_0251	14.5	3
3334619	160490.SPy_0252	335	70
3335092	160490.SPy_0881	160	40
3334835	160490.SPy_0552	79.7	6
3335094	160490.SPy_0883	76.3	8
3334679	160490.SPy_0334	52.6	6
3335096	160490.SPy_0885	730	207
3334837	160490.SPy_0555	8.49	1
3335097	160490.SPy_0886	187	23
3335260	160490.SPy_1086	7.31	2
3335099	160490.SPy_0888	458	176
3334840	160490.SPy_0559	2.77	2
3335259	160490.SPy_1085	7.0	3
3334788	160490.SPy_0496	18.7	13
3335773	160490.SPy_1738	3167	595
3335456	160490.SPy_1328	3.75	1
3335888	160490.SPy_1886	306	21
3335078	160490.SPy_0864	132	14
3334663	160490.SPy_0310	47.9	4
3336131	160490.SPy_2217	223	25
3335499	160490.SPy_1389	739	330
3336101	160490.SPy_2181	205	13
3335567	160490.SPy_1475	4.6	1
3335635	160490.SPy_1556	17.2	4
3335887	160490.SPy_1885	849	255
3335774	160490.SPy_1739	236	12
3335160	160490.SPy_0959	54.1	4
3335687	160490.SPy_1625	265	58
3335885	160490.SPy_1882	1189	168
3335004	160490.SPy_0772	8.67	1
3334555	160490.SPy_0164	712	80
3334498	160490.SPy_0080	2419	356
3335691	160490.SPy_1629	14.9	6
3335884	160490.SPy_1881	4723	1130
3335091	160490.SPy_0880	54.0	7
3335008	160490.SPy_0777	3.2	2
3335007	160490.SPy_0776	2.66	4
3335006	160490.SPy_0775	120	33
3335403	160490.SPy_1258	10.5	2
3335005	160490.SPy_0773	16.5	1
3336116	160490.SPy_2198	0.452	1
3336127	160490.SPy_2210	650	136
3334929	160490.SPy_0679	9.69	2
3334927	160490.SPy_0676	3.98	1
3335398	160490.SPy_1252	15.1	4
3335397	160490.SPy_1251	132	19
3335918	160490.SPy_1926	11.2	1
3335637	160490.SPy_1558	9.41	1
3336115	160490.SPy_2197	516	115
3335010	160490.SPy_0779	9096	97
3335890	160490.SPy_1889	5578	562
3335233	160490.SPy_1055	121	8
3336096	160490.SPy_2174	15.3	4
3335402	160490.SPy_1257	4.78	2
3335014	160490.SPy_0783	174	15
3336109	160490.SPy_2190	465	62
3335401	160490.SPy_1255	3.16	2
3335915	160490.SPy_1922	123	17
3335202	160490.SPy_1013	2.45	1
3336022	160490.SPy_2079	5154	579
3334587	160490.SPy_0199	19.4	5
3336018	160490.SPy_2072	2928	143
3336019	160490.SPy_2073	376	127
3336017	160490.SPy_2070	4470	1465
3336021	160490.SPy_2077	3959	84
3336020	160490.SPy_2074	3.54	2
3335411	160490.SPy_1267	12.5	4
3335364	160490.SPy_1214	93.1	24
3334566	160490.SPy_0175	113	6
3334568	160490.SPy_0177	2.64	5
3334567	160490.SPy_0176	18.4	5
3334564	160490.SPy_0173	376	117
3335941	160490.SPy_1958	2355	211
3335942	160490.SPy_1959	339	41
3335829	160490.SPy_1813	4.23	3
3334711	160490.SPy_0378	15.1	2
3335830	160490.SPy_1815	59.8	30
3334490	160490.SPy_0071	7129	132
3335832	160490.SPy_1817	1.94	1
3335831	160490.SPy_1816	5.27	1
3335632	160490.SPy_1549	44.7	3
3335833	160490.SPy_1818	552	41
3334706	160490.SPy_0371	4.97	1
3334710	160490.SPy_0377	8.18	1
3336072	160490.SPy_2144	7.23	1
3335939	160490.SPy_1956	92.2	5
3335236	160490.SPy_1058	4821	380
3334872	160490.SPy_0604	211	14
3335351	160490.SPy_1200	666	155
3335352	160490.SPy_1201	46.4	4
3335334	160490.SPy_1176	7.17	1
3335332	160490.SPy_1174	1.92	1
3335388	160490.SPy_1242	86.2	14
3335331	160490.SPy_1173	91.1	21
3335329	160490.SPy_1171	12.9	3
3334475	160490.SPy_0052	7703	985
3335837	160490.SPy_1824	6.42	6
3335336	160490.SPy_1178	16.8	3
3335362	160490.SPy_1212	4.4	9
3335385	160490.SPy_1239	199	86
3334517	160490.SPy_0108	68.1	10
3334518	160490.SPy_0109	873	201
3334510	160490.SPy_0101	22.6	10
3334511	160490.SPy_0102	14.7	1
3334512	160490.SPy_0103	15.7	1
3335810	160490.SPy_1784	12.0	5
3335484	160490.SPy_1366	18.3	4
3335961	160490.SPy_1986	78.7	18
3334875	160490.SPy_0608	7.46	23
3334598	160490.SPy_0223	7.55	1
3335133	160490.SPy_0927	705	69
3335130	160490.SPy_0924	157	30
3335131	160490.SPy_0925	72.7	8
3335128	160490.SPy_0922	18.1	3
3335805	160490.SPy_1779	653	97
3334809	160490.SPy_0519	2.6	1
3334808	160490.SPy_0518	9.52	13
3334807	160490.SPy_0517	942	228
3334806	160490.SPy_0516	4.4	2
3334805	160490.SPy_0515	2.12	2
3335804	160490.SPy_1777	808	117
3335800	160490.SPy_1770	873	168
3335801	160490.SPy_1771	389	86
3335802	160490.SPy_1772	1138	46
3334800	160490.SPy_0510	6.69	2
3334761	160490.SPy_0456	39.8	2
3334762	160490.SPy_0457	1560	192
3334760	160490.SPy_0454	13.4	2
3335563	160490.SPy_1470	3.98	1
3335569	160490.SPy_1477	7.55	2
3334759	160490.SPy_0453	3218	464
3334758	160490.SPy_0450	241	30
3335566	160490.SPy_1474	50.8	7
3334600	160490.SPy_0226	768	102
3334763	160490.SPy_0458	3.24	1
3335100	160490.SPy_0889	31.7	3
3334873	160490.SPy_0605	109	8
3335689	160490.SPy_1627	2.03	1
3334827	160490.SPy_0542	11.1	5
3335071	160490.SPy_0852	868	197
3335072	160490.SPy_0853	8.16	1
3335070	160490.SPy_0851	103	10
3335076	160490.SPy_0857	677	83
3335073	160490.SPy_0854	355	59
3335074	160490.SPy_0855	1722	282
3335251	160490.SPy_1073	20396	1122
3335250	160490.SPy_1072	5996	500
3335249	160490.SPy_1071	18.1	6
3335248	160490.SPy_1070	1474	406
3336085	160490.SPy_2159	286	12
3335739	160490.SPy_1695	8.92	7
3335664	160490.SPy_1592	3.21	1
3335666	160490.SPy_1595	9.44	5
3334638	160490.SPy_0273	2799	1261
3336078	160490.SPy_2151	1437	427
3336077	160490.SPy_2150	40.9	3
3336080	160490.SPy_2153	49.4	5
3335459	160490.SPy_1333	361	83
3336082	160490.SPy_2155	7.17	1
3336081	160490.SPy_2154	18.3	6
3336084	160490.SPy_2157	12.5	4
3336083	160490.SPy_2156	277	100
3334589	160490.SPy_0203	92.4	19
3334636	160490.SPy_0271	5566	354
3335363	160490.SPy_1213	227	47
3335673	160490.SPy_1605	2.63	1
3335674	160490.SPy_1606	2.63	1
3335675	160490.SPy_1607	5.16	1
3335475	160490.SPy_1356	12.6	1
3335444	160490.SPy_1309	6.76	1
3335473	160490.SPy_1354	877	115
3334592	160490.SPy_0208	65.3	8
3335471	160490.SPy_1352	8.55	2
3335472	160490.SPy_1353	4.02	1
3335369	160490.SPy_1219	2.3	1
3335738	160490.SPy_1694	140	24
3334639	160490.SPy_0274	11156	2203
3334993	160490.SPy_0759	163	38
3335528	160490.SPy_1427	53.5	8
3335713	160490.SPy_1657	195	24
3334641	160490.SPy_0277	9.45	4
3335690	160490.SPy_1628	569	101
3334938	160490.SPy_0689	19.9	3
3334937	160490.SPy_0688	7.46	2
3335423	160490.SPy_1284	2.84	2
3335424	160490.SPy_1285	1327	79
3335425	160490.SPy_1286	716	74
3335426	160490.SPy_1287	3.85	1
3334933	160490.SPy_0683	3.69	2
3335421	160490.SPy_1282	3583	1032
3334930	160490.SPy_0680	38.2	5
3335840	160490.SPy_1828	1527	62
3335442	160490.SPy_1306	2224	508
3335841	160490.SPy_1829	3994	77
3335439	160490.SPy_1301	8.35	2
3335597	160490.SPy_1509	482	244
3335596	160490.SPy_1508	267	10
3335864	160490.SPy_1858	10.7	4
3335950	160490.SPy_1971	526	39
3335592	160490.SPy_1503	206	83
3334953	160490.SPy_0707	19.3	1
3334951	160490.SPy_0705	2.42	2
3335859	160490.SPy_1851	488	73
3334950	160490.SPy_0703	72.0	2
3334947	160490.SPy_0700	11.1	6
3335908	160490.SPy_1914	4.67	2
3335910	160490.SPy_1916	26.6	14
3335911	160490.SPy_1917	145	36
3335906	160490.SPy_1911	20.8	4
3335907	160490.SPy_1912	7.4	1
3334677	160490.SPy_0330	1382	136
3335737	160490.SPy_1693	66.1	14
3334696	160490.SPy_0359	271	10
3335920	160490.SPy_1931	8886	319
3335912	160490.SPy_1918	1308	55
3335913	160490.SPy_1919	1121	161
3334682	160490.SPy_0339	17.2	5
3334681	160490.SPy_0338	61.8	6
3335835	160490.SPy_1821	2103	128
3335589	160490.SPy_1499	1701	42
3334778	160490.SPy_0476	100	16
3335946	160490.SPy_1963	132	25
3334936	160490.SPy_0686	26.1	3
3335017	160490.SPy_0787	22.8	19
3335987	160490.SPy_2025	92.0	28
3335882	160490.SPy_1878	1121	52
3335990	160490.SPy_2029	8.07	1
3334540	160490.SPy_0144	87.1	11
3334541	160490.SPy_0145	1142	55
3334804	160490.SPy_0514	1147	170
3334537	160490.SPy_0140	3.31	1
3334538	160490.SPy_0141	8.2	1
3334539	160490.SPy_0142	6.74	2
3335834	160490.SPy_1820	1875	135
3334451	160490.SPy_0022	351	64
3334449	160490.SPy_0020	600	106
3334544	160490.SPy_0148	7.78	4
3335838	160490.SPy_1825	137	44
3334454	160490.SPy_0025	3.16	6
3334453	160490.SPy_0024	21.5	29
3334751	160490.SPy_0441	21.1	6
3334923	160490.SPy_0671	0.419	1
3335723	160490.SPy_1674	366	38
3335797	160490.SPy_1766	18.3	3
3335582	160490.SPy_1492	5.42	1
3335368	160490.SPy_1218	2.65	1
3334753	160490.SPy_0443	75.6	15
3334733	160490.SPy_0412	225	31
3334493	160490.SPy_0074	1606	178
3334732	160490.SPy_0410	153	8
3335948	160490.SPy_1965	20.4	6
3334735	160490.SPy_0416	8.15	10
3334734	160490.SPy_0414	13.1	10
3335827	160490.SPy_1810	23.3	3
3335633	160490.SPy_1551	135	19
3335532	160490.SPy_1436	683	79
3335531	160490.SPy_1434	2.64	1
3335399	160490.SPy_1253	7.28	4
3335198	160490.SPy_1008	13.0	3
3334496	160490.SPy_0077	2929	198
3335793	160490.SPy_1761	2116	181
3334802	160490.SPy_0512	133	28
3334491	160490.SPy_0072	8141	366
3334492	160490.SPy_0073	24.2	6
3335889	160490.SPy_1888	10850	126
3335404	160490.SPy_1259	29.1	5
3335296	160490.SPy_1133	54.2	7
3335299	160490.SPy_1136	65.1	12
3335297	160490.SPy_1134	30.4	8
3335298	160490.SPy_1135	5.39	1
3335537	160490.SPy_1442	2.45	2
3335301	160490.SPy_1138	29.7	6
3335302	160490.SPy_1139	276	7
3334801	160490.SPy_0511	2286	66
3336050	160490.SPy_2115	47.5	2
3335196	160490.SPy_1006	13.4	7
3336052	160490.SPy_2117	9.92	3
3336051	160490.SPy_2116	1150	192
3336046	160490.SPy_2111	25.2	6
3335707	160490.SPy_1649	326	108
3336048	160490.SPy_2113	39.4	3
3335197	160490.SPy_1007	63.3	11
3334615	160490.SPy_0247	16.0	2
3334497	160490.SPy_0078	4361	232
3335704	160490.SPy_1646	3472	164
3334612	160490.SPy_0244	5.41	4
3336054	160490.SPy_2119	248	18
3334611	160490.SPy_0242	14.0	1
3335701	160490.SPy_1642	213	17
3334709	160490.SPy_0376	5.07	1
3335759	160490.SPy_1723	517	14
3334843	160490.SPy_0567	336	44
3335579	160490.SPy_1488	3.19	1
3335580	160490.SPy_1489	17239	813
3335763	160490.SPy_1727	211	47
3335264	160490.SPy_1094	329	64
3335266	160490.SPy_1097	634	52
3334469	160490.SPy_0044	1914	391
3335268	160490.SPy_1099	524	13
3335195	160490.SPy_1002	19.3	1
3335765	160490.SPy_1729	299	14
3335764	160490.SPy_1728	1.51	1
3335577	160490.SPy_1486	21.5	3
3335851	160490.SPy_1840	264	8
3334844	160490.SPy_0568	333	54
3334845	160490.SPy_0569	774	186
3335206	160490.SPy_1019	61.3	12
3335852	160490.SPy_1841	16.0	5
3335856	160490.SPy_1846	3.47	1
3335194	160490.SPy_1001	3.4	2
3335037	160490.SPy_0809	71.0	10
3335161	160490.SPy_0960	9.38	5
3335166	160490.SPy_0967	6.75	1
3334841	160490.SPy_0560	340	81
3335165	160490.SPy_0965	4.25	1
3335167	160490.SPy_0968	0.549	1
3335030	160490.SPy_0802	1625	70
3335033	160490.SPy_0805	9558	117
3335032	160490.SPy_0804	2991	125
3335035	160490.SPy_0807	195	63
3335168	160490.SPy_0970	42.5	2
3335897	160490.SPy_1899	23.8	1
3335944	160490.SPy_1961	50.5	40
3335943	160490.SPy_1960	34.5	2
3336119	160490.SPy_2201	1.79	1
3336118	160490.SPy_2200	13.6	2
3334977	160490.SPy_0740	147	18
3336120	160490.SPy_2202	98.0	43
3335893	160490.SPy_1895	474	51
3334674	160490.SPy_0326	63.6	12
3334981	160490.SPy_0744	374	59
3336124	160490.SPy_2206	2492	549
3336086	160490.SPy_2160	14301	93
3335200	160490.SPy_1011	2.49	1
3334916	160490.SPy_0663	17.9	8
3334675	160490.SPy_0327	11.5	1
3335627	160490.SPy_1543	58.0	13
3335626	160490.SPy_1542	873	230
3335625	160490.SPy_1541	2522	370
3334919	160490.SPy_0666	27.4	4
3335176	160490.SPy_0980	17.9	2
3335177	160490.SPy_0981	10.2	1
3335409	160490.SPy_1264	461	46
3335179	160490.SPy_0984	9.59	2
3335408	160490.SPy_1263	481	27
3335405	160490.SPy_1260	3129	364
3335406	160490.SPy_1261	6724	48
3335607	160490.SPy_1521	289	76
3335201	160490.SPy_1012	77.7	11
3335530	160490.SPy_1432	55.9	9
3335606	160490.SPy_1520	2960	595
3335892	160490.SPy_1894	203	66
3335608	160490.SPy_1523	12.4	2
3335894	160490.SPy_1896	3782	832
3335816	160490.SPy_1791	10.4	3
3336108	160490.SPy_2189	305	26
3334987	160490.SPy_0752	447	78
3335610	160490.SPy_1525	116	31
3335203	160490.SPy_1016	19.5	6
3335730	160490.SPy_1683	3.06	1
3335612	160490.SPy_1527	101	34
3335356	160490.SPy_1205	9.86	2
3336015	160490.SPy_2065	26.8	12
3336016	160490.SPy_2066	135	40
3335711	160490.SPy_1654	26.0	4
3335614	160490.SPy_1529	800	129
3334974	160490.SPy_0737	23.7	30
3334574	160490.SPy_0183	553	108
3334575	160490.SPy_0184	177	88
3334576	160490.SPy_0185	24.3	10
3335613	160490.SPy_1528	308	20
3334580	160490.SPy_0189	12.2	2
3335118	160490.SPy_0911	418	82
3334903	160490.SPy_0649	0.989	1
3336100	160490.SPy_2180	0.581	1
3334488	160490.SPy_0067	11557	321
3334487	160490.SPy_0066	5304	399
3334486	160490.SPy_0065	7516	339
3335871	160490.SPy_1867	611	57
3334484	160490.SPy_0063	7421	683
3334483	160490.SPy_0062	8907	370
3334689	160490.SPy_0348	127	37
3334481	160490.SPy_0060	10103	192
3335000	160490.SPy_0768	215	51
3335929	160490.SPy_1941	19.5	4
3334687	160490.SPy_0345	181	45
3334685	160490.SPy_0342	1.26	2
3334686	160490.SPy_0343	107	7
3334489	160490.SPy_0069	4506	436
3334684	160490.SPy_0341	150	23
3336107	160490.SPy_2188	75.4	18
3334507	160490.SPy_0098	933	498
3335227	160490.SPy_1046	2.79	4
3334900	160490.SPy_0644	120	22
3335649	160490.SPy_1571	697	47
3335653	160490.SPy_1576	11.0	2
3335945	160490.SPy_1962	954	271
3335654	160490.SPy_1577	26.9	4
3335984	160490.SPy_2018	24230	4279
3335985	160490.SPy_2019	19.3	8
3335981	160490.SPy_2010	2609	1580
3335982	160490.SPy_2013	2.68	1
3335375	160490.SPy_1225	6.12	12
3335983	160490.SPy_2016	997	112
3335381	160490.SPy_1233	5.51	6
3334520	160490.SPy_0112	2.37	3
3334519	160490.SPy_0110	30.0	3
3335414	160490.SPy_1273	2324	192
3334521	160490.SPy_0115	77.8	14
3335938	160490.SPy_1955	2377	103
3334881	160490.SPy_0617	50.1	8
3334994	160490.SPy_0760	1754	444
3336098	160490.SPy_2177	4.34	1
3334877	160490.SPy_0611	8704	1812
3335052	160490.SPy_0830	186	17
3334757	160490.SPy_0448	545	25
3335054	160490.SPy_0832	7.96	2
3335055	160490.SPy_0833	45.4	6
3334812	160490.SPy_0526	2.24	1
3335056	160490.SPy_0835	12.1	10
3335057	160490.SPy_0836	1075	257
3335058	160490.SPy_0837	509	53
3335059	160490.SPy_0838	83.6	18
3335060	160490.SPy_0839	2.05	4
3334814	160490.SPy_0528	401	42
3334815	160490.SPy_0529	8.43	1
3335794	160490.SPy_1763	114	21
3335378	160490.SPy_1228	2393	414
3334756	160490.SPy_0447	126	16
3335792	160490.SPy_1760	5952	1735
3335541	160490.SPy_1446	47.3	11
3335539	160490.SPy_1444	5.01	1
3335540	160490.SPy_1445	28.8	6
3335345	160490.SPy_1190	14.0	1
3335346	160490.SPy_1191	4.64	1
3335535	160490.SPy_1440	19.3	1
3335348	160490.SPy_1193	7.48	1
3335660	160490.SPy_1587	3.19	1
3335350	160490.SPy_1198	2.74	1
3335543	160490.SPy_1448	5.33	3
3334887	160490.SPy_0628	9.0	4
3336099	160490.SPy_2178	4821	498
3335487	160490.SPy_1369	28.0	10
3335191	160490.SPy_0997	30.0	4
3335190	160490.SPy_0996	9.01	4
3335224	160490.SPy_1042	5.97	1
3335225	160490.SPy_1043	107	14
3335223	160490.SPy_1040	15.2	2
3335066	160490.SPy_0846	34.3	3
3335062	160490.SPy_0841	74.5	4
3335061	160490.SPy_0840	9458	231
3335063	160490.SPy_0843	658	268
3335323	160490.SPy_1161	389	42
3335322	160490.SPy_1160	39.0	7
3335325	160490.SPy_1163	17.6	22
3335324	160490.SPy_1162	3.4	1
3335326	160490.SPy_1164	42.6	14
3335016	160490.SPy_0786	16.0	5
3335657	160490.SPy_1582	211	27
3335656	160490.SPy_1581	32.8	2
3335661	160490.SPy_1588	5.68	2
3335013	160490.SPy_0782	848	73
3335971	160490.SPy_1999	29.6	1
3335011	160490.SPy_0780	1352	53
3335658	160490.SPy_1584	108	11
3335969	160490.SPy_1995	36.7	4
3334886	160490.SPy_0627	11.6	2
3335371	160490.SPy_1221	50.4	6
3335965	160490.SPy_1990	4.7	3
3335966	160490.SPy_1991	8.75	1
3334885	160490.SPy_0623	205	75
3336056	160490.SPy_2121	20.3	10
3334899	160490.SPy_0643	95.7	20
3335465	160490.SPy_1343	257	71
3335677	160490.SPy_1610	14.8	1
3334883	160490.SPy_0621	12.8	3
3336057	160490.SPy_2122	6.79	3
3335468	160490.SPy_1346	27.8	9
3334854	160490.SPy_0580	80.9	34
3335683	160490.SPy_1619	39.6	2
3335682	160490.SPy_1618	2024	283
3335022	160490.SPy_0793	11.6	5
3334609	160490.SPy_0238	416	44
3334610	160490.SPy_0239	729	166
3335758	160490.SPy_1722	21.7	1
3335678	160490.SPy_1613	2604	150
3334820	160490.SPy_0534	7.29	1
3335001	160490.SPy_0769	376	177
3335732	160490.SPy_1686	7579	547
3335143	160490.SPy_0938	59.0	10
3335437	160490.SPy_1298	4.06	1
3335137	160490.SPy_0931	71.9	11
3335681	160490.SPy_1617	10.9	1
3335139	160490.SPy_0933	680	120
3335433	160490.SPy_1294	5093	1187
3335432	160490.SPy_1293	30.7	4
3335431	160490.SPy_1292	24.9	6
3335430	160490.SPy_1291	249	100
3335141	160490.SPy_0936	716	112
3335757	160490.SPy_1721	582	263
3336049	160490.SPy_2114	4571	174
3334955	160490.SPy_0711	725	129
3335826	160490.SPy_1807	0.581	1
3334957	160490.SPy_0713	203	46
3334956	160490.SPy_0712	523	84
3334959	160490.SPy_0715	1.83	3
3334958	160490.SPy_0714	88.4	33
3335623	160490.SPy_1538	102	11
3334960	160490.SPy_0716	16.8	4
3335621	160490.SPy_1536	36.9	5
3334657	160490.SPy_0303	0.581	1
3335619	160490.SPy_1534	33.2	4
3334907	160490.SPy_0653	6.29	1
3334659	160490.SPy_0306	107	23
3335618	160490.SPy_1533	4.27	1
3335615	160490.SPy_1530	25.0	1
3336045	160490.SPy_2110	330	128
3335777	160490.SPy_1742	1505	290
3335904	160490.SPy_1906	71.2	20
3335903	160490.SPy_1905	1.65	1
3335902	160490.SPy_1904	2.92	3
3335901	160490.SPy_1903	3.63	6
3334874	160490.SPy_0606	419	118
3335899	160490.SPy_1901	19.2	3
3335898	160490.SPy_1900	24.6	11
3334616	160490.SPy_0248	1701	247
3334884	160490.SPy_0622	13.2	3
3335905	160490.SPy_1908	28.2	4
3335703	160490.SPy_1644	32.3	8
3336130	160490.SPy_2216	2196	353
3335119	160490.SPy_0912	3582	159
3335807	160490.SPy_1781	83.9	17
3335445	160490.SPy_1310	1767	60
3334465	160490.SPy_0038	19.4	4
3335705	160490.SPy_1647	6.09	1
3335699	160490.SPy_1640	352	49
3335726	160490.SPy_1678	198	21
3336005	160490.SPy_2050	12.3	1
3335806	160490.SPy_1780	1430	171
3334822	160490.SPy_0536	11.9	1
3336008	160490.SPy_2053	2.77	1
3335702	160490.SPy_1643	1373	294
3336012	160490.SPy_2059	1.66	1
3334550	160490.SPy_0157	76.0	26
3334549	160490.SPy_0155	86.2	16
3334548	160490.SPy_0154	63.7	23
3335529	160490.SPy_1429	4574	577
3334547	160490.SPy_0151	21.8	5
3334448	160490.SPy_0019	1873	342
3335845	160490.SPy_1833	27.8	9
3335843	160490.SPy_1831	8793	356
3334446	160490.SPy_0015	1717	434
3334444	160490.SPy_0012	23.1	8
3334445	160490.SPy_0013	1.45	3
3335847	160490.SPy_1835	1907	143
3334551	160490.SPy_0158	37.0	11
3334817	160490.SPy_0531	38.9	6
3335422	160490.SPy_1283	3674	529
3335313	160490.SPy_1150	1720	412
3335314	160490.SPy_1151	3269	521
3335315	160490.SPy_1152	22.3	14
3334729	160490.SPy_0406	102	23
3335316	160490.SPy_1154	1266	146
3335317	160490.SPy_1155	30.8	2
3335716	160490.SPy_1662	36.2	3
3335319	160490.SPy_1157	4420	254
3335320	160490.SPy_1158	41.4	20
3335514	160490.SPy_1408	16.8	8
3335515	160490.SPy_1409	24.3	4
3335808	160490.SPy_1782	5.14	1
3335725	160490.SPy_1676	1233	399
3335760	160490.SPy_1724	676	99
3335267	160490.SPy_1098	618	65
3334553	160490.SPy_0160	1229	303
3335720	160490.SPy_1670	71.1	16
3335722	160490.SPy_1673	2.89	1
3335721	160490.SPy_1672	14.0	1
3334791	160490.SPy_0500	197	27
3335811	160490.SPy_1785	2.01	1
3335291	160490.SPy_1125	360	47
3335292	160490.SPy_1126	15.7	3
3335287	160490.SPy_1121	91.8	7
3335286	160490.SPy_1120	368	44
3335289	160490.SPy_1123	549	101
3335288	160490.SPy_1122	27.8	5
3335294	160490.SPy_1128	3350	482
3335108	160490.SPy_0900	139	20
3335109	160490.SPy_0901	265	37
3335110	160490.SPy_0902	0.986	1
3335111	160490.SPy_0903	927	151
3335112	160490.SPy_0904	8.67	12
3335113	160490.SPy_0905	56.1	7
3335715	160490.SPy_1659	509	92
3335114	160490.SPy_0907	8.88	2
3334847	160490.SPy_0571	12.9	1
3335116	160490.SPy_0909	110	27
3334642	160490.SPy_0278	14.4	6
3334848	160490.SPy_0572	3.58	1
3334850	160490.SPy_0575	154	22
3335709	160490.SPy_1652	199	33
3334852	160490.SPy_0577	1823	17
3335440	160490.SPy_1302	692	297
3334773	160490.SPy_0470	265	65
3334774	160490.SPy_0471	76.5	10
3334775	160490.SPy_0472	16.0	2
3335753	160490.SPy_1715	23.4	7
3335932	160490.SPy_1945	56.0	13
3335134	160490.SPy_0928	3.43	1
3335749	160490.SPy_1710	1517	70
3335136	160490.SPy_0930	9.77	2
3335584	160490.SPy_1494	6.47	11
3335586	160490.SPy_1496	7.05	1
3335581	160490.SPy_1491	11.9	2
3335583	160490.SPy_1493	134	24
3335756	160490.SPy_1719	716	51
3335565	160490.SPy_1473	36.7	6
3335138	160490.SPy_0932	153	26
3334468	160490.SPy_0041	6.2	2
3335140	160490.SPy_0935	583	58
3335564	160490.SPy_1471	71.7	3
3334978	160490.SPy_0741	70.8	15
3335502	160490.SPy_1392	0.719	1
3335503	160490.SPy_1393	156	46
3335500	160490.SPy_1390	2104	369
3335501	160490.SPy_1391	2.62	1
3335089	160490.SPy_0878	18.2	5
3335090	160490.SPy_0879	13.8	1
3335170	160490.SPy_0972	4.76	3
3335085	160490.SPy_0874	12.2	14
3335086	160490.SPy_0875	4.99	1
3335087	160490.SPy_0876	5.3	1
3335088	160490.SPy_0877	21.2	5
3334698	160490.SPy_0362	21.0	7
3335083	160490.SPy_0872	45.1	19
3335084	160490.SPy_0873	6.54	1
3335780	160490.SPy_1745	944	175
3335825	160490.SPy_1805	755	372
3336128	160490.SPy_2211	0.438	1
3334992	160490.SPy_0758	2927	387
3335748	160490.SPy_1709	8.62	1
3335779	160490.SPy_1744	193	23
3335650	160490.SPy_1572	553	16
3334991	160490.SPy_0757	127	8
3334990	160490.SPy_0756	2647	217
3334986	160490.SPy_0751	82.0	23
3335782	160490.SPy_1747	1151	49
3335651	160490.SPy_1574	0.596	1
3335853	160490.SPy_1842	445	57
3335494	160490.SPy_1378	99.0	22
3335412	160490.SPy_1270	7.95	2
3334880	160490.SPy_0616	19.9	4
3335192	160490.SPy_0998	7.57	7
3335416	160490.SPy_1275	13.0	2
3336097	160490.SPy_2176	8.44	2
3335418	160490.SPy_1277	320	7
3334878	160490.SPy_0613	6178	764
3335488	160490.SPy_1370	208	43
3335776	160490.SPy_1741	24.9	2
3335490	160490.SPy_1372	1208	416
3335491	160490.SPy_1373	21789	496
3335492	160490.SPy_1374	2208	57
3335493	160490.SPy_1375	297	105
3335189	160490.SPy_0995	12.1	4
3335775	160490.SPy_1740	333	78
3334857	160490.SPy_0584	60.7	12
3335163	160490.SPy_0962	34.5	6
3334859	160490.SPy_0587	2132	102
3335747	160490.SPy_1708	144	15
3335778	160490.SPy_1743	779	72
3335812	160490.SPy_1787	21.1	4
3334856	160490.SPy_0583	19.7	1
3335813	160490.SPy_1788	0.821	1
3335039	160490.SPy_0811	1117	65
3334860	160490.SPy_0588	1511	136
3334740	160490.SPy_0427	16.4	7
3334728	160490.SPy_0405	55.7	2
3334637	160490.SPy_0272	8534	568
3335237	160490.SPy_1059	278	26
3335443	160490.SPy_1308	3.36	3
3335717	160490.SPy_1664	27.4	13
3334968	160490.SPy_0727	174	55
3335873	160490.SPy_1869	752	106
3335881	160490.SPy_1877	569	159
3336034	160490.SPy_2092	3839	640
3336035	160490.SPy_2093	3215	748
3336036	160490.SPy_2095	859	217
3336037	160490.SPy_2096	23.0	9
3336038	160490.SPy_2097	78.5	16
3336039	160490.SPy_2099	32.5	8
3335783	160490.SPy_1748	2180	475
3336069	160490.SPy_2136	8.47	2
3334737	160490.SPy_0422	378	115
3334969	160490.SPy_0728	203	82
3334480	160490.SPy_0059	11658	183
3334585	160490.SPy_0197	6.55	1
3334584	160490.SPy_0196	9.27	2
3335370	160490.SPy_1220	2.92	1
3334476	160490.SPy_0053	5286	262
3334473	160490.SPy_0050	4507	474
3334474	160490.SPy_0051	5712	260
3334478	160490.SPy_0056	5830	497
3334479	160490.SPy_0057	3624	156
3334477	160490.SPy_0055	8157	526
3334691	160490.SPy_0351	173	26
3335880	160490.SPy_1876	388	128
3335879	160490.SPy_1875	717	42
3334692	160490.SPy_0352	25.8	2
3335874	160490.SPy_1870	5.0	1
3335953	160490.SPy_1976	844	205
3334695	160490.SPy_0358	19.0	3
3334651	160490.SPy_0292	118	29
3335955	160490.SPy_1979	109	31
3334652	160490.SPy_0294	74.6	17
3334661	160490.SPy_0308	139	20
3334654	160490.SPy_0296	59.9	13
3335772	160490.SPy_1737	1.8	1
3334650	160490.SPy_0290	14.0	3
3334749	160490.SPy_0439	129	7
3334662	160490.SPy_0309	34.5	3
3335034	160490.SPy_0806	3194	134
3334494	160490.SPy_0075	1019	34
3334966	160490.SPy_0724	3360	142
3335520	160490.SPy_1415	1062	202
3334961	160490.SPy_0717	3725	166
3335896	160490.SPy_1898	47.7	3
3335951	160490.SPy_1972	337	219
3335043	160490.SPy_0816	11.5	3
3335952	160490.SPy_1973	62.4	18
3335386	160490.SPy_1240	223	28
3334904	160490.SPy_0650	11.6	2
3335980	160490.SPy_2009	1031	92
3335708	160490.SPy_1651	1060	276
3335360	160490.SPy_1210	26.7	23
3334905	160490.SPy_0651	186	58
3335975	160490.SPy_2003	7.16	2
3335517	160490.SPy_1411	4.33	1
3335973	160490.SPy_2001	15.4	1
3334655	160490.SPy_0297	102	20
3335979	160490.SPy_2007	7.06	1
3334680	160490.SPy_0337	19.8	3
3335977	160490.SPy_2005	11127	171
3335976	160490.SPy_2004	62.7	6
3334529	160490.SPy_0128	1435	261
3334528	160490.SPy_0127	67.9	5
3334527	160490.SPy_0124	1.22	3
3334499	160490.SPy_0080a	3494	194
3334525	160490.SPy_0122	63.8	10
3334526	160490.SPy_0123	52.5	8
3335387	160490.SPy_1241	155	18
3334660	160490.SPy_0307	1265	33
3335377	160490.SPy_1227	445	96
3335616	160490.SPy_1531	1833	198
3336121	160490.SPy_2203	31.5	2
3335207	160490.SPy_1020	257	70
3335048	160490.SPy_0822	3543	168
3335785	160490.SPy_1750	714	125
3335891	160490.SPy_1892	69.8	12
3335051	160490.SPy_0827	12.1	3
3334816	160490.SPy_0530	11.2	1
3335211	160490.SPy_1026	1561	213
3334818	160490.SPy_0532	6.45	4
3335212	160490.SPy_1028	2299	431
3336123	160490.SPy_2205	4.12	2
3335790	160490.SPy_1758	87.7	21
3335547	160490.SPy_1452	95.5	11
3334825	160490.SPy_0539	3.59	1
3334743	160490.SPy_0431	59.2	1
3335552	160490.SPy_1457	17.8	2
3334984	160490.SPy_0747	546	274
3335374	160490.SPy_1224	917	347
3334819	160490.SPy_0533	36.5	21
3336125	160490.SPy_2207	593	79
3335339	160490.SPy_1181	12.5	1
3335188	160490.SPy_0994	31.2	14
3335787	160490.SPy_1753	2518	32
3334982	160490.SPy_0745	5.51	1
3335344	160490.SPy_1189	78.9	21
3334787	160490.SPy_0492	2.7	1
3335630	160490.SPy_1547	3359	926
3335042	160490.SPy_0815	12.8	1
3335389	160490.SPy_1243	7.73	1
3336105	160490.SPy_2185	9.11	2
3335415	160490.SPy_1274	40.3	12
3335886	160490.SPy_1884	1200	208
3335925	160490.SPy_1937	14.1	2
3335232	160490.SPy_1054	24.3	2
3335628	160490.SPy_1544	5468	1076
3335231	160490.SPy_1053	290	87
3335282	160490.SPy_1115	6.32	2
3335283	160490.SPy_1117	9.16	1
3335278	160490.SPy_1110	233	42
3335710	160490.SPy_1653	233	77
3335280	160490.SPy_1113	988	143
3334603	160490.SPy_0229	2.5	1
3334602	160490.SPy_0228	24.8	1
3334713	160490.SPy_0380	1403	236
3334718	160490.SPy_0386	8.53	1
3335963	160490.SPy_1988	33.2	5
3335962	160490.SPy_1987	5.19	1
3335382	160490.SPy_1234	9286	121
3335960	160490.SPy_1985	0.532	1
3335959	160490.SPy_1984	18.3	1
3335958	160490.SPy_1983	9.02	3
3334599	160490.SPy_0224	1292	193
3335957	160490.SPy_1981	138	52
3335380	160490.SPy_1232	4.49	1
3335688	160490.SPy_1626	888	109
3335460	160490.SPy_1335	19.4	5
3334495	160490.SPy_0076	26800	230
3335462	160490.SPy_1337	7.12	1
3334829	160490.SPy_0544	20.8	1
3334830	160490.SPy_0545	3.43	1
3335106	160490.SPy_0898	10.5	2
3334832	160490.SPy_0547	106	3
3334833	160490.SPy_0549	13.6	4
3335104	160490.SPy_0894	815	141
3335103	160490.SPy_0892	928	129
3335447	160490.SPy_1312	658	172
3335101	160490.SPy_0890	1528	394
3335102	160490.SPy_0891	190	17
3335786	160490.SPy_1751	412	62
3335040	160490.SPy_0813	21.6	4
3335391	160490.SPy_1245	60.1	11
3335417	160490.SPy_1276	5.83	3
3335407	160490.SPy_1262	7701	747
3335107	160490.SPy_0899	7.12	1
3334891	160490.SPy_0632	7.2	8
3335129	160490.SPy_0923	137	14
3335148	160490.SPy_0944	1306	3
3335150	160490.SPy_0946	24.0	3
3335631	160490.SPy_1548	7.84	1
3335791	160490.SPy_1759	2317	303
3335038	160490.SPy_0810	4.41	1
3335392	160490.SPy_1246	17.4	2
3335862	160490.SPy_1856	15.6	4
3335394	160490.SPy_1248	18.1	1
3334506	160490.SPy_0097	32.6	18
3335926	160490.SPy_1938	152	25
3335927	160490.SPy_1939	380	82
3334669	160490.SPy_0319	596	81
3334995	160490.SPy_0761	114	8
3336111	160490.SPy_2193	29.6	5
3334997	160490.SPy_0763	174	39
3335921	160490.SPy_1932	5545	375
3336103	160490.SPy_2183	2222	130
3334668	160490.SPy_0317	2656	421
3334667	160490.SPy_0316	1065	133
3335924	160490.SPy_1936	309	27
3334902	160490.SPy_0646	4.23	1
3334901	160490.SPy_0645	193	25
3334508	160490.SPy_0099	916	596
3334505	160490.SPy_0096	261	83
3335367	160490.SPy_1217	286	35
3335821	160490.SPy_1798	1.7	3
3335454	160490.SPy_1325	3.22	2
3335740	160490.SPy_1697	762	57
3335861	160490.SPy_1854	34.1	7
3335027	160490.SPy_0799	30.8	4
3334803	160490.SPy_0513	481	89
3335019	160490.SPy_0790	61.9	17
3334906	160490.SPy_0652	245	47
3335021	160490.SPy_0792	61.4	17
3335474	160490.SPy_1355	3.01	1
3335024	160490.SPy_0796	47.6	1
3334723	160490.SPy_0395	55.3	15
3335183	160490.SPy_0988	2.72	1
3335477	160490.SPy_1358	3.64	1
3335697	160490.SPy_1638	17.1	3
3334911	160490.SPy_0657	32.7	4
3335478	160490.SPy_1359	562	97
3335745	160490.SPy_1704	93.4	11
3335789	160490.SPy_1755	270	24
3335817	160490.SPy_1793	6.93	1
3336002	160490.SPy_2047	37.3	6
3336001	160490.SPy_2045	673	36
3336000	160490.SPy_2043	9838	1665
3335999	160490.SPy_2042	16.7	5
3335476	160490.SPy_1357	4711	322
3336043	160490.SPy_2106	20.5	1
3334917	160490.SPy_0664	3.38	1
3334557	160490.SPy_0166	33.9	1
3334558	160490.SPy_0167	2.48	1
3336004	160490.SPy_2049	1.12	1
3334556	160490.SPy_0165	12.8	8
3334704	160490.SPy_0369	427	49
3334437	160490.SPy_0003	140	32
3334436	160490.SPy_0002	48.3	15
3335064	160490.SPy_0844	723	41
3334440	160490.SPy_0007	18.3	2
3334439	160490.SPy_0006	951	177
3334441	160490.SPy_0008	7.41	4
3334640	160490.SPy_0276	62.9	13
3334699	160490.SPy_0363	34.0	2
3335823	160490.SPy_1802	5.6	2
3334702	160490.SPy_0366	23.8	40
3335822	160490.SPy_1801	237	71
3335914	160490.SPy_1921	29.2	4
3335469	160490.SPy_1350	12.6	3
3335842	160490.SPy_1830	602	63
3335306	160490.SPy_1143	182	24
3335304	160490.SPy_1141	201	33
3335521	160490.SPy_1416	245	70
3335310	160490.SPy_1147	23.0	1
3335309	160490.SPy_1146	3.58	1
3335308	160490.SPy_1145	36.0	8
3335067	160490.SPy_0847	13.2	2
3335450	160490.SPy_1316	2499	323
3335311	160490.SPy_1148	7.09	2
3335522	160490.SPy_1419	5.97	1
3335695	160490.SPy_1634	17.9	1
3334909	160490.SPy_0655	8.18	2
3335696	160490.SPy_1637	39.2	8
3334471	160490.SPy_0047	4964	208
3334501	160490.SPy_0092	73.2	9
3335866	160490.SPy_1862	4294	203
3335766	160490.SPy_1730	559	41
3335972	160490.SPy_2000	391	95
3335489	160490.SPy_1371	5336	1416
3335455	160490.SPy_1326	4.57	1
3335307	160490.SPy_1144	13.8	1
3335015	160490.SPy_0784	330	72
3335878	160490.SPy_1874	829	41
3335093	160490.SPy_0882	43.6	5
3334921	160490.SPy_0669	11.8	3
3335768	160490.SPy_1733	25.6	4
