#id: 458
#name: S.flexneri 2457T - Whole organism, SC (PRIDE,PRD000545,2011)
#score: 8.91
#weight: 100%
#description: abundance based on Spectral counting, from<a href="http://www.ebi.ac.uk/pride/" target="_blank">PRIDE,PRD000545,2011</a><br/><b>Interaction consistency score</b>: 8.91&nbsp<b>Coverage</b>: 39
#organ: WHOLE_ORGANISM
#integrated: false
#coverage: 39
#publication_year: 2011
#filename: 198214-ShigellaFlexneri_2a_PRIDE.txt
#
#internal_id	string_external_id	abundance	raw_spectral_count
3501738	198214.SF0361	46.6	6
3504896	198214.SF3735	0.413	6
3502166	198214.SF0814	45.4	14
3504209	198214.SF3011	0.413	6
3504508	198214.SF3329	376	50
3502924	198214.SF1623	544	148
3503681	198214.SF2454	122	47
3504245	198214.SF3050	135	6
3503668	198214.SF2438	1.25	1
3501522	198214.SF0140	0.579	1
3502171	198214.SF0819	119	25
3502118	198214.SF0765	4514	657
3501975	198214.SF0619	67.0	45
3501192	198214.CP0071	15.8	7
3503516	198214.SF2278	9.08	4
3503772	198214.SF2553	1127	653
3505291	198214.SF4153	127	33
3502298	198214.SF0950	67.2	35
3503386	198214.SF2130	28.8	9
3501757	198214.SF0382	732	138
3503535	198214.SF2298	9.61	2
3503324	198214.SF2064	0.837	4
3504434	198214.SF3253	43.0	28
3503002	198214.SF1707	74.9	26
3502154	198214.SF0802	8.56	1
3502485	198214.SF1149	922	310
3501168	198214.CP0046	9.24	3
3502770	198214.SF1455	42.0	8
3503703	198214.SF2479	758	289
3502966	198214.SF1666	0.215	1
3501525	198214.SF0143	8.35	3
3504372	198214.SF3188	305	172
3505335	198214.SF4198	2.33	2
3502674	198214.SF1352	0.322	6
3504491	198214.SF3312	7.28	1
3504628	198214.SF3452	51.7	18
3504965	198214.SF3809	805	504
3501553	198214.SF0172	34.3	14
3505261	198214.SF4120	0.413	6
3503008	198214.SF1714	87.6	8
3502316	198214.SF0969	71.7	5
3504880	198214.SF3718	134	77
3504288	198214.SF3095	166	54
3504669	198214.SF3494	126	57
3505253	198214.SF4112	101	46
3501735	198214.SF0358	96.2	13
3502105	198214.SF0751	196	81
3501680	198214.SF0302	0.261	2
3502361	198214.SF1016	22.6	7
3502488	198214.SF1152	182	57
3505149	198214.SF4000	223	27
3503831	198214.SF2615	0.215	1
3504492	198214.SF3313	156	40
3502236	198214.SF0885	0.261	2
3505222	198214.SF4077	68.5	31
3502809	198214.SF1500	0.413	6
3505365	198214.SF4230	16.9	3
3502991	198214.SF1695	472	82
3503044	198214.SF1754	0.413	6
3501547	198214.SF0166	7.87	3
3505443	198214.SF4309	21.2	4
3504409	198214.SF3227	196	45
3504561	198214.SF3382	1282	256
3503939	198214.SF2731	129	32
3503506	198214.SF2268	6.76	1
3505208	198214.SF4063	1.83	1
3501129	198214.CP0005	1.86	3
3505265	198214.SF4125	34.2	10
3502772	198214.SF1457	99.2	55
3504465	198214.SF3285	99.3	72
3501533	198214.SF0151	1724	533
3504450	198214.SF3270	52.8	5
3502930	198214.SF1629	66.5	18
3505562	198214.SF4433	1094	204
3505384	198214.SF4250	153	27
3504761	198214.SF3594	1.16	1
3505544	198214.SF4413	1072	327
3505457	198214.SF4324	30.3	11
3502576	198214.SF1245	6.1	2
3501868	198214.SF0499	0.445	6
3504324	198214.SF3135	0.413	6
3501356	198214.CP0242	0.261	2
3505063	198214.SF3912	63.6	8
3502802	198214.SF1493	0.413	6
3502004	198214.SF0649	667	334
3502829	198214.SF1521	555	155
3505200	198214.SF4055	2882	513
3504426	198214.SF3244	354	63
3503589	198214.SF2357	426	53
3501249	198214.CP0130	492	122
3501452	198214.SF0068	3.63	1
3501548	198214.SF0167	930	881
3502704	198214.SF1383	25.8	145
3502760	198214.SF1444	13374	4151
3501381	198214.CP0267	1.01	1
3501552	198214.SF0171	908	122
3504466	198214.SF3286	57.9	11
3504388	198214.SF3204	3.22	1
3504300	198214.SF3107	20.1	13
3502408	198214.SF1067	79.0	10
3505426	198214.SF4292	54.5	20
3505478	198214.SF4345	14.2	6
3502338	198214.SF0991	1001	200
3501691	198214.SF0313	0.261	2
3505341	198214.SF4204	0.413	6
3504091	198214.SF2890	1705	44
3505431	198214.SF4297	21666	11571
3503180	198214.SF1906	3.53	1
3505166	198214.SF4017	160	32
3504994	198214.SF3840	879	113
3505290	198214.SF4152	2.43	1
3505013	198214.SF3860	3.63	2
3505038	198214.SF3886	110	11
3501479	198214.SF0095	132	153
3505501	198214.SF4369	19.9	4
3503360	198214.SF2102	425	133
3504657	198214.SF3482	360	135
3503166	198214.SF1892	9.99	6
3501469	198214.SF0085	63.0	19
3501471	198214.SF0087	71.0	21
3504980	198214.SF3824	99.7	35
3501932	198214.SF0569	1981	927
3502856	198214.SF1549	460	28
3503778	198214.SF2559	445	105
3504499	198214.SF3320	19.3	9
3502574	198214.SF1243	0.413	6
3502286	198214.SF0938	0.413	6
3501201	198214.CP0080	0.837	4
3504539	198214.SF3360	10.7	1
3501537	198214.SF0156	2649	766
3502789	198214.SF1477	214	70
3503362	198214.SF2104	709	299
3505287	198214.SF4149	173	43
3504805	198214.SF3642	117	36
3505292	198214.SF4154	17.5	10
3503663	198214.SF2433	32.4	33
3503890	198214.SF2677	223	17
3502382	198214.SF1041	28.6	6
3503194	198214.SF1921	0.837	4
3502199	198214.SF0847	1420	374
3501622	198214.SF0242	0.261	2
3505198	198214.SF4053	8903	9496
3502517	198214.SF1183	18.4	9
3505015	198214.SF3862	26.5	19
3504612	198214.SF3435	98.9	34
3504563	198214.SF3384	56.0	49
3504505	198214.SF3326	1318	93
3503579	198214.SF2346	41.6	7
3503551	198214.SF2317	499	194
3504395	198214.SF3211	110	18
3502200	198214.SF0848	21.6	3
3503581	198214.SF2348	0.413	6
3504270	198214.SF3075	916	506
3504342	198214.SF3154	44.9	109
3502728	198214.SF1409	447	157
3503475	198214.SF2235	2248	906
3501920	198214.SF0557	551	242
3504728	198214.SF3559	375	192
3505445	198214.SF4311	742	158
3502130	198214.SF0777	466	178
3504449	198214.SF3269	1690	485
3502687	198214.SF1365	874	331
3505005	198214.SF3852	30.1	16
3504422	198214.SF3240	378	54
3504792	198214.SF3629	37.7	19
3503537	198214.SF2300	1.79	1
3501666	198214.SF0288	98.5	14
3501713	198214.SF0336	5.76	1
3503511	198214.SF2273	175	91
3503779	198214.SF2560	269	135
3504747	198214.SF3580	30.7	14
3503612	198214.SF2380	9.22	3
3501737	198214.SF0360	40.1	15
3502733	198214.SF1414	113	39
3504442	198214.SF3262	9.65	4
3503007	198214.SF1713	9.7	6
3501262	198214.CP0143	217	33
3505016	198214.SF3863	4.08	3
3502157	198214.SF0805	284	76
3501246	198214.CP0127	2650	1264
3502541	198214.SF1209	7.93	2
3504978	198214.SF3822	237	30
3504893	198214.SF3731	139	36
3501759	198214.SF0384	59.3	51
3501200	198214.CP0079	42.6	152
3504582	198214.SF3404	512	97
3504675	198214.SF3500	56.8	5
3504605	198214.SF3428	160	118
3503428	198214.SF2181	0.261	2
3505153	198214.SF4004	14.0	7
3504385	198214.SF3201	3.49	1
3501664	198214.SF0286	943	92
3501891	198214.SF0526	2749	495
3504457	198214.SF3277	117	20
3502465	198214.SF1128	180	103
3504335	198214.SF3147	17.6	6
3504808	198214.SF3645	4.27	1
3502230	198214.SF0879	0.215	1
3504832	198214.SF3669	70.8	19
3504839	198214.SF3676	1032	39
3503856	198214.SF2641	6638	909
3502712	198214.SF1393	205	32
3501827	198214.SF0454	189	16
3505488	198214.SF4355	342	17
3505437	198214.SF4303	1725	198
3501934	198214.SF0571	895	814
3501472	198214.SF0088	34.8	13
3501435	198214.SF0050	1568	548
3501460	198214.SF0076	0.413	6
3503631	198214.SF2399	1151	286
3504784	198214.SF3620	0.445	6
3504629	198214.SF3453	569	247
3503767	198214.SF2547	0.261	2
3503434	198214.SF2189	1.01	1
3504264	198214.SF3069	215	6
3502605	198214.SF1275	799	53
3504627	198214.SF3451	15.0	13
3502714	198214.SF1395	307	192
3505012	198214.SF3859	21.1	11
3505192	198214.SF4047	75.6	39
3504041	198214.SF2838	20.3	9
3503595	198214.SF2363	316	80
3503711	198214.SF2487	43.8	8
3502309	198214.SF0962	2.57	1
3503405	198214.SF2153	0.413	6
3505444	198214.SF4310	49.8	8
3501704	198214.SF0326	11.9	1
3502981	198214.SF1684	2849	641
3502478	198214.SF1142	7.92	2
3504766	198214.SF3600	0.413	6
3504928	198214.SF3769	18.3	6
3501727	198214.SF0350	51.3	7
3501289	198214.CP0171	0.837	4
3503742	198214.SF2520	1067	395
3502248	198214.SF0899	79.6	8
3505430	198214.SF4296	11748	1406
3505451	198214.SF4318	376	97
3505169	198214.SF4020	2892	2155
3502688	198214.SF1366	0.413	6
3502556	198214.SF1224	212	32
3504137	198214.SF2939	129	29
3501555	198214.SF0174	0.72	1
3503702	198214.SF2478	36.3	5
3505545	198214.SF4414	438	205
3502934	198214.SF1633	10.8	4
3502643	198214.SF1315	0.413	6
3502312	198214.SF0965	184	14
3501485	198214.SF0101	103	25
3501489	198214.SF0106	187	65
3501909	198214.SF0546	83.2	27
3504080	198214.SF2878	1.3	1
3502936	198214.SF1635	447	417
3503108	198214.SF1825	140	46
3503385	198214.SF2129	151	27
3501821	198214.SF0448	0.097	2
3504171	198214.SF2973	18.7	22
3503871	198214.SF2657	2272	308
3501477	198214.SF0093	4.7	3
3505073	198214.SF3922	3.41	2
3502759	198214.SF1443	843	307
3501590	198214.SF0209	0.215	1
3504002	198214.SF2797	16.3	14
3501971	198214.SF0614	225	73
3503138	198214.SF1862	680	411
3502232	198214.SF0881	0.261	2
3503275	198214.SF2011	0.215	1
3502386	198214.SF1045	11.9	9
3504638	198214.SF3462	17.4	8
3503459	198214.SF2217	229	188
3504088	198214.SF2887	44.7	24
3504416	198214.SF3234	3.43	1
3504036	198214.SF2832	22.4	20
3504081	198214.SF2879	465	84
3502268	198214.SF0920	20.0	31
3504754	198214.SF3587	179	44
3502758	198214.SF1442	3.37	1
3504403	198214.SF3221	2173	359
3502193	198214.SF0841	156	25
3501504	198214.SF0122	522	83
3504715	198214.SF3544	132	6
3504703	198214.SF3531	523	245
3501407	198214.SF0022	445	497
3503344	198214.SF2085	191	36
3501299	198214.CP0181	1071	558
3503482	198214.SF2244	69.9	19
3502504	198214.SF1169	199	31
3504986	198214.SF3831	0.413	6
3501638	198214.SF0259	25.9	14
3503815	198214.SF2599	191	68
3505120	198214.SF3969	195	71
3503788	198214.SF2570	226	109
3501256	198214.CP0137	1674	133
3504280	198214.SF3085	0.413	6
3502520	198214.SF1186	27.9	9
3503698	198214.SF2472	4934	740
3502654	198214.SF1330	7251	1410
3502497	198214.SF1162	829	211
3505205	198214.SF4060	973	1287
3504256	198214.SF3061	14.5	9
3503795	198214.SF2577	253	141
3501796	198214.SF0422	3.23	2
3504915	198214.SF3756	0.413	6
3503102	198214.SF1818	0.413	6
3501415	198214.SF0030	73.0	64
3505140	198214.SF3990	14.3	5
3504012	198214.SF2807	71.1	23
3505280	198214.SF4142	1.46	1
3501670	198214.SF0292	120	44
3505197	198214.SF4052	6.63	2
3501570	198214.SF0189	138	21
3503106	198214.SF1823	5.19	7
3501653	198214.SF0274	4.5	1
3502863	198214.SF1556	962	206
3504430	198214.SF3249	1055	226
3505446	198214.SF4312	609	371
3502891	198214.SF1587	0.215	1
3501421	198214.SF0036	14.8	5
3504826	198214.SF3663	1.85	1
3504540	198214.SF3361	84.5	8
3505080	198214.SF3929	1111	93
3503041	198214.SF1751	18.9	47
3503502	198214.SF2264	4.68	2
3504404	198214.SF3222	17.5	5
3502941	198214.SF1641	12.7	4
3502836	198214.SF1528	1479	942
3505558	198214.SF4429	87.0	12
3502509	198214.SF1175	2.94	1
3503426	198214.SF2178	377	106
3501848	198214.SF0477	0.837	4
3502458	198214.SF1121	3.84	1
3504970	198214.SF3814	3710	2099
3502633	198214.SF1304	6.29	2
3504108	198214.SF2909	242	95
3501252	198214.CP0133	123	46
3501243	198214.CP0124	973	82
3504621	198214.SF3445	19.8	5
3503883	198214.SF2670	42.4	15
3504842	198214.SF3679	513	75
3501490	198214.SF0107	23.7	5
3501760	198214.SF0385	4046	322
3502665	198214.SF1343	0.215	1
3502255	198214.SF0906	551	105
3503816	198214.SF2600	1721	220
3505283	198214.SF4145	909	152
3503842	198214.SF2626	438	146
3501497	198214.SF0115	2104	2411
3503190	198214.SF1917	383	270
3501625	198214.SF0245	0.215	1
3502487	198214.SF1151	69.5	10
3505043	198214.SF3891	24.4	19
3505158	198214.SF4009	1380	726
3502498	198214.SF1163	26.7	5
3504642	198214.SF3466	71.5	19
3504029	198214.SF2825	29.6	5
3501399	198214.SF0014	11987	8196
3504239	198214.SF3044	1.8	1
3505449	198214.SF4316	0.413	6
3504443	198214.SF3263	0.413	6
3505400	198214.SF4266	11.0	14
3503558	198214.SF2324	22.2	7
3503163	198214.SF1889	0.323	1
3504979	198214.SF3823	13.7	3
3501550	198214.SF0169	101	15
3504018	198214.SF2813	425	139
3503847	198214.SF2631	48.1	28
3502655	198214.SF1331	29.6	8
3502116	198214.SF0763	120	23
3502717	198214.SF1398	131	40
3503562	198214.SF2329	6.36	1
3503905	198214.SF2694	0.215	1
3502198	198214.SF0846	41.2	20
3501781	198214.SF0407	331	298
3503957	198214.SF2749	390	55
3504696	198214.SF3523	50.6	21
3505216	198214.SF4071	60.8	15
3503696	198214.SF2470	10439	733
3503221	198214.SF1951	5723	610
3501709	198214.SF0331	346	109
3502750	198214.SF1432	46.4	8
3504497	198214.SF3318	1142	200
3502968	198214.SF1668	1277	135
3502571	198214.SF1240	1171	1070
3501517	198214.SF0135	1.87	1
3502450	198214.SF1113	1.89	1
3505202	198214.SF4057	873	258
3502288	198214.SF0940	0.413	6
3505302	198214.SF4164	11.2	10
3503602	198214.SF2370	1199	251
3504439	198214.SF3259	26.2	11
3505150	198214.SF4001	375	60
3504844	198214.SF3681	684	209
3501475	198214.SF0091	134	62
3504431	198214.SF3250	34.9	30
3504796	198214.SF3633	13.0	8
3505364	198214.SF4229	275	130
3502252	198214.SF0903	43.8	19
3501447	198214.SF0063	23.3	8
3504008	198214.SF2803	233	31
3502187	198214.SF0835	1.93	1
3504413	198214.SF3231	35.0	6
3502149	198214.SF0797	82.3	18
3505167	198214.SF4018	1.6	2
3504258	198214.SF3063	4.26	4
3504473	198214.SF3293	1183	199
3504106	198214.SF2907	442	70
3502678	198214.SF1356	0.261	2
3503057	198214.SF1768	0.22	1
3501501	198214.SF0119	1.54	1
3505487	198214.SF4354	4417	627
3505469	198214.SF4336	0.413	6
3503066	198214.SF1779	135	40
3503363	198214.SF2105	410	171
3501491	198214.SF0108	1.35	1
3504097	198214.SF2896	417	58
3501308	198214.CP0190	762	159
3503933	198214.SF2724	82.9	37
3503798	198214.SF2580	734	234
3504405	198214.SF3223	231	65
3502273	198214.SF0925	2376	1022
3504001	198214.SF2796	94.8	24
3502938	198214.SF1637	561	375
3503512	198214.SF2274	591	48
3504531	198214.SF3352	161	26
3505146	198214.SF3996	42.0	16
3503894	198214.SF2681	0.445	6
3502590	198214.SF1259	1602	356
3504584	198214.SF3406	247	86
3503340	198214.SF2081	184	44
3504820	198214.SF3657	511	213
3502064	198214.SF0710	9.96	6
3502722	198214.SF1403	11091	1226
3501467	198214.SF0083	49.0	14
3502987	198214.SF1690	612	134
3503886	198214.SF2673	4478	624
3502440	198214.SF1102	92.2	21
3505000	198214.SF3847	2.94	2
3503117	198214.SF1837	562	177
3505066	198214.SF3915	56.5	11
3504519	198214.SF3340	449	90
3504159	198214.SF2961	13.4	5
3501650	198214.SF0271	2.52	1
3501649	198214.SF0270	53.4	11
3504592	198214.SF3415	178	52
3504527	198214.SF3348	62.7	8
3502169	198214.SF0817	737	165
3502819	198214.SF1511	0.413	6
3504490	198214.SF3311	141	41
3505029	198214.SF3876	13.6	4
3504521	198214.SF3342	810	90
3505427	198214.SF4293	3620	1421
3503011	198214.SF1717	26.2	27
3504566	198214.SF3387	13.7	6
3501995	198214.SF0640	65.8	19
3505317	198214.SF4180	886	595
3504834	198214.SF3671	0.413	6
3504231	198214.SF3036	113	32
3501259	198214.CP0140	55.3	9
3504177	198214.SF2979	0.837	4
3502201	198214.SF0849	6.91	7
3503082	198214.SF1795	98.4	95
3504810	198214.SF3647	374	103
3501890	198214.SF0525	664	387
3503492	198214.SF2254	1013	342
3502653	198214.SF1329	6.94	3
3505533	198214.SF4402	261	99
3501904	198214.SF0541	243	93
3505363	198214.SF4228	58.0	19
3503740	198214.SF2518	5.27	1
3504515	198214.SF3336	103	6
3504807	198214.SF3644	160	92
3504514	198214.SF3335	2096	479
3502460	198214.SF1123	16.0	3
3501268	198214.CP0149	17.6	11
3503105	198214.SF1822	1.67	2
3502186	198214.SF0834	0.413	6
3504586	198214.SF3408	822	296
3502983	198214.SF1686	9.81	3
3502086	198214.SF0732	724	172
3502204	198214.SF0852	1712	867
3502820	198214.SF1512	480	301
3503112	198214.SF1831	15.8	7
3505538	198214.SF4407	16.6	3
3503402	198214.SF2150	12.4	2
3503623	198214.SF2391	143	61
3501311	198214.CP0193	21.3	1
3504276	198214.SF3081	133	38
3503960	198214.SF2752	3.23	4
3504976	198214.SF3820	77.3	17
3504423	198214.SF3241	134	37
3503348	198214.SF2089	378	118
3503782	198214.SF2563	21.7	10
3505145	198214.SF3995	134	38
3501874	198214.SF0506	76.0	14
3502847	198214.SF1540	0.413	6
3502813	198214.SF1504	390	33
3502079	198214.SF0725	2.19	2
3504455	198214.SF3275	14.9	6
3504877	198214.SF3715	17.2	10
3501967	198214.SF0610	657	145
3503397	198214.SF2144	11.7	4
3503556	198214.SF2322	58.9	21
3504345	198214.SF3157	3.28	5
3504469	198214.SF3289	204	67
3502447	198214.SF1110	2.44	1
3504326	198214.SF3137	71.7	27
3501739	198214.SF0362	4.29	1
3502977	198214.SF1678	255	50
3503793	198214.SF2575	618	68
3504632	198214.SF3456	1748	515
3502083	198214.SF0729	35.0	32
3503555	198214.SF2321	956	437
3505454	198214.SF4321	3.61	1
3504278	198214.SF3083	0.22	1
3501972	198214.SF0615	81.0	19
3503528	198214.SF2290	120	100
3504463	198214.SF3283	81.3	44
3502006	198214.SF0651	4.19	1
3505085	198214.SF3934	417	349
3502131	198214.SF0778	7.78	3
3503561	198214.SF2328	102	37
3503908	198214.SF2697	642	82
3502926	198214.SF1625	376	129
3504083	198214.SF2881	91.2	18
3504801	198214.SF3638	0.413	6
3502296	198214.SF0948	7.9	3
3501922	198214.SF0559	48.4	4
3504768	198214.SF3602	844	650
3503925	198214.SF2715	276	125
3501721	198214.SF0344	9070	517
3503845	198214.SF2629	25.1	8
3505322	198214.SF4185	0.215	1
3501543	198214.SF0162	4241	442
3505392	198214.SF4258	1401	451
3502858	198214.SF1551	0.261	2
3505390	198214.SF4256	242	19
3504153	198214.SF2955	451	95
3502217	198214.SF0865	0.261	2
3504601	198214.SF3424	586	153
3501128	198214.CP0004	946	210
3501430	198214.SF0045	211	35
3505424	198214.SF4290	5.96	3
3503017	198214.SF1723	86.9	28
3502391	198214.SF1050	0.837	4
3504109	198214.SF2910	3344	1047
3504506	198214.SF3327	5238	2167
3503383	198214.SF2127	16.6	5
3504913	198214.SF3754	2.78	1
3503153	198214.SF1879	554	51
3505331	198214.SF4194	0.413	6
3502916	198214.SF1614	8.6	2
3503882	198214.SF2669	27.6	2
3501566	198214.SF0185	386	279
3504512	198214.SF3333	178	25
3502958	198214.SF1658	4.67	1
3501761	198214.SF0386	726	435
3504391	198214.SF3207	228	61
3504999	198214.SF3846	147	91
3502601	198214.SF1270	404	107
3505502	198214.SF4370	17.7	6
3503889	198214.SF2676	289	12
3503732	198214.SF2509	164	54
3505423	198214.SF4289	117	20
3501779	198214.SF0405	134	6
3503000	198214.SF1705	2606	1376
3504596	198214.SF3419	699	174
3501993	198214.SF0638	310	61
3505027	198214.SF3874	101	33
3502959	198214.SF1659	39.6	17
3502267	198214.SF0919	412	61
3501921	198214.SF0558	22.0	5
3505411	198214.SF4277	53.6	15
3503133	198214.SF1857	128	28
3501931	198214.SF0568	1568	496
3502113	198214.SF0760	5.32	1
3501255	198214.CP0136	219	55
3504076	198214.SF2873	0.215	1
3502047	198214.SF0693	0.261	2
3505543	198214.SF4412	4.87	2
3502443	198214.SF1105	647	199
3505032	198214.SF3880	1051	146
3501450	198214.SF0066	113	25
3503276	198214.SF2012	0.413	6
3501524	198214.SF0142	22.3	17
3504969	198214.SF3813	295	88
3501572	198214.SF0191	53.8	10
3504128	198214.SF2930	0.445	6
3504429	198214.SF3247	6.24	1
3505033	198214.SF3881	0.413	6
3503627	198214.SF2395	470	140
3502561	198214.SF1229	169	49
3503789	198214.SF2571	1036	91
3502281	198214.SF0933	0.215	1
3501668	198214.SF0290	0.413	6
3502238	198214.SF0888	270	53
3501266	198214.CP0147	78.4	42
3505214	198214.SF4069	427	124
3502743	198214.SF1424	20.3	8
3501927	198214.SF0564	1231	512
3505096	198214.SF3945	0.413	6
3504812	198214.SF3649	2220	130
3504051	198214.SF2848	17.7	7
3505121	198214.SF3970	325	406
3501865	198214.SF0496	5.49	5
3503626	198214.SF2394	109	32
3503790	198214.SF2572	1440	153
3503704	198214.SF2480	462	114
3503478	198214.SF2238	52.2	10
3501301	198214.CP0183	0.837	4
3505381	198214.SF4247	6329	611
3504085	198214.SF2883	30.8	2
3501229	198214.CP0110	405	22
3503232	198214.SF1962	33.3	10
3503735	198214.SF2513	49.1	9
3503777	198214.SF2558	767	272
3504524	198214.SF3345	450	42
3503780	198214.SF2561	13.4	6
3502251	198214.SF0902	902	411
3503743	198214.SF2521	989	269
3503067	198214.SF1780	21.5	5
3504374	198214.SF3190	39.6	10
3502444	198214.SF1107	866	119
3504787	198214.SF3624	0.413	6
3502242	198214.SF0893	116	50
3502249	198214.SF0900	156	71
3502455	198214.SF1118	67.0	83
3502494	198214.SF1158	644	86
3504952	198214.SF3796	5.85	3
3504528	198214.SF3349	215	49
3504273	198214.SF3078	112	41
3504301	198214.SF3108	593	181
3504822	198214.SF3659	956	434
3503666	198214.SF2436	18.4	4
3505304	198214.SF4166	116	20
3502538	198214.SF1206	1485	655
3501679	198214.SF0301	0.837	4
3503474	198214.SF2234	4.88	4
3502438	198214.SF1100	24.6	10
3503048	198214.SF1758	0.413	6
3504699	198214.SF3526	6376	862
3503001	198214.SF1706	31578	3207
3504697	198214.SF3524	51.3	11
3505285	198214.SF4147	256	24
3505421	198214.SF4287	0.413	6
3503763	198214.SF2543	146	40
3503290	198214.SF2028	1.25	1
3501924	198214.SF0561	128	13
3501734	198214.SF0357	3.7	2
3501989	198214.SF0634	7.35	3
3503995	198214.SF2790	4.82	1
3505380	198214.SF4246	292	43
3502757	198214.SF1441	331	102
3501519	198214.SF0137	3552	622
3505082	198214.SF3931	955	228
3503573	198214.SF2340	7.88	2
3502329	198214.SF0982	1.04	1
3502607	198214.SF1277	1.73	1
3502700	198214.SF1379	0.215	1
3502738	198214.SF1419	1052	74
3503633	198214.SF2401	113	8
3503850	198214.SF2634	29.9	3
3503384	198214.SF2128	16.5	10
3502314	198214.SF0967	185	40
3503460	198214.SF2218	51.9	29
3503931	198214.SF2722	332	101
3502594	198214.SF1263	102	29
3503977	198214.SF2771	36.2	3
3502639	198214.SF1310	15.9	1
3505223	198214.SF4078	385	226
3501500	198214.SF0118	273	75
3503637	198214.SF2405	90.7	40
3503792	198214.SF2574	232	46
3501980	198214.SF0624	200	54
3505434	198214.SF4300	0.413	6
3501573	198214.SF0192	6.52	2
3503490	198214.SF2252	429	124
3501651	198214.SF0272	774	116
3501482	198214.SF0098	267	35
3503869	198214.SF2655	1383	1380
3502569	198214.SF1238	55.4	17
3504966	198214.SF3810	112	40
3502301	198214.SF0953	87.7	20
3502399	198214.SF1058	0.261	2
3505537	198214.SF4406	193	86
3504154	198214.SF2956	811	134
3504357	198214.SF3171	175	35
3505139	198214.SF3989	144	29
3504996	198214.SF3843	5.19	3
3501665	198214.SF0287	71.4	45
3503730	198214.SF2507	93.7	140
3503762	198214.SF2542	2310	510
3505298	198214.SF4160	54.8	2
3502652	198214.SF1328	70.7	24
3501544	198214.SF0163	7.69	2
3504729	198214.SF3560	74.8	17
3502192	198214.SF0840	467	43
3505074	198214.SF3923	23.1	11
3505554	198214.SF4424	14.8	10
3502825	198214.SF1517	111	42
3504971	198214.SF3815	3032	420
3505493	198214.SF4361	0.261	2
3502012	198214.SF0657	13844	1233
3502949	198214.SF1649	193	69
3501687	198214.SF0309	2.95	1
3502264	198214.SF0916	10.5	2
3503345	198214.SF2086	149	42
3505110	198214.SF3959	44.2	13
3503359	198214.SF2101	1526	329
3502887	198214.SF1582	8.31	4
3505091	198214.SF3940	1971	1025
3504427	198214.SF3245	34.6	8
3503794	198214.SF2576	1729	275
3504674	198214.SF3499	19.6	2
3502261	198214.SF0913	891	55
3504665	198214.SF3490	713	198
3502967	198214.SF1667	10.3	2
3503224	198214.SF1954	550	170
3504474	198214.SF3294	523	292
3504387	198214.SF3203	10.9	9
3503089	198214.SF1803	12.9	3
3504414	198214.SF3232	669	173
3504073	198214.SF2870	4.46	1
3503323	198214.SF2063	0.261	2
3502027	198214.SF0673	0.22	1
3504538	198214.SF3359	290	30
3504047	198214.SF2844	229	61
3502823	198214.SF1515	1494	68
3504125	198214.SF2927	880	208
3501861	198214.SF0492	0.837	4
3501354	198214.CP0238	15.2	5
3505089	198214.SF3938	1.93	1
3501803	198214.SF0429	10.0	6
3503797	198214.SF2579	504	98
3505387	198214.SF4253	3.91	1
3504045	198214.SF2842	21.0	5
3504977	198214.SF3821	5.19	3
3501551	198214.SF0170	19.9	4
3502496	198214.SF1161	445	63
3505308	198214.SF4171	4.07	4
3504907	198214.SF3747	1510	192
3503547	198214.SF2312	353	107
3503586	198214.SF2354	118	42
3501499	198214.SF0117	199	59
3501368	198214.CP0255	0.261	2
3501463	198214.SF0079	50.5	18
3502190	198214.SF0838	30.0	12
3501179	198214.CP0059	16.9	3
3504972	198214.SF3816	6438	1272
3502078	198214.SF0724	80.4	32
3502960	198214.SF1660	560	126
3503055	198214.SF1766	57.1	20
3505271	198214.SF4132	41.0	7
3504973	198214.SF3817	692	40
3504624	198214.SF3448	371	203
3501228	198214.CP0109	44.9	6
3503242	198214.SF1973	90.6	7
3503996	198214.SF2791	0.413	6
3503764	198214.SF2544	55.5	17
3502257	198214.SF0908	213	19
3501639	198214.SF0260	194	69
3503879	198214.SF2666	353	36
3502195	198214.SF0843	658	54
3504998	198214.SF3845	285	87
3504734	198214.SF3567	0.413	6
3504509	198214.SF3330	429	39
3504318	198214.SF3129	6.58	2
3502247	198214.SF0898	3690	2997
3503430	198214.SF2183	0.413	6
3501498	198214.SF0116	27.3	4
3504889	198214.SF3727	142	50
3502437	198214.SF1099	631	233
3501494	198214.SF0111	3296	2980
3501406	198214.SF0021	36.0	9
3503051	198214.SF1762	63.7	62
3503584	198214.SF2352	13.4	5
3503550	198214.SF2316	212	170
3502971	198214.SF1671	45.5	17
3503707	198214.SF2483	21.8	4
3501908	198214.SF0545	390	119
3504124	198214.SF2926	69.8	17
3501736	198214.SF0359	460	43
3505447	198214.SF4313	51.1	21
3503531	198214.SF2293	199	60
3504286	198214.SF3093	100	57
3505001	198214.SF3848	588	293
3501528	198214.SF0146	333	132
3502778	198214.SF1463	0.215	1
3504719	198214.SF3549	0.413	6
3503999	198214.SF2794	8476	3097
3502550	198214.SF1218	610	180
3503654	198214.SF2424	53.8	12
3502937	198214.SF1636	429	190
3504487	198214.SF3307	0.445	6
3502202	198214.SF0850	499	189
3504543	198214.SF3364	79.2	8
3504523	198214.SF3344	770	56
3504516	198214.SF3337	1247	254
3501540	198214.SF0159	514	121
3502595	198214.SF1264	17.6	7
3504663	198214.SF3488	198	21
3502177	198214.SF0825	557	186
3504121	198214.SF2923	0.445	6
3501343	198214.CP0225	589	46
3503974	198214.SF2768	130	46
3502122	198214.SF0769	619	120
3504790	198214.SF3627	10.7	4
3501155	198214.CP0031	185	61
3505276	198214.SF4137	3.98	3
3505144	198214.SF3994	384	162
3502962	198214.SF1662	477	181
3504557	198214.SF3378	5.48	2
3502168	198214.SF0816	5.9	1
3503098	198214.SF1814	387	123
3501978	198214.SF0622	555	215
3504100	198214.SF2899	1125	165
3502430	198214.SF1092	288	46
3501894	198214.SF0529	19.5	6
3502466	198214.SF1129	222	111
3501264	198214.CP0145	332	179
3501700	198214.SF0322	216	60
3504967	198214.SF3811	197	13
3501810	198214.SF0436	2.92	1
3503846	198214.SF2630	213	52
3501725	198214.SF0348	238	97
3501720	198214.SF0343	333	133
3501560	198214.SF0179	226	18
3504841	198214.SF3678	111	44
3504924	198214.SF3765	120	76
3504603	198214.SF3426	221	166
3502986	198214.SF1689	31.8	19
3505179	198214.SF4033	116	114
3504079	198214.SF2876	1070	668
3505536	198214.SF4405	10.6	3
3501879	198214.SF0512	25.6	8
3503184	198214.SF1911	30.1	12
3502370	198214.SF1026	1.62	1
3504789	198214.SF3626	5.05	2
3502990	198214.SF1694	174	52
3505003	198214.SF3850	10.1	1
3503885	198214.SF2672	11.6	2
3503964	198214.SF2758	0.682	1
3503636	198214.SF2404	4.76	1
3503962	198214.SF2756	0.261	2
3504242	198214.SF3047	47.6	12
3502462	198214.SF1125	755	225
3501977	198214.SF0621	340	196
3503985	198214.SF2779	119	72
3501251	198214.CP0132	117	68
3502274	198214.SF0926	35.5	17
3503758	198214.SF2538	351	138
3502407	198214.SF1066	192	79
3505058	198214.SF3907	11.0	9
3505557	198214.SF4428	106	23
3503773	198214.SF2554	1051	465
3505026	198214.SF3873	0.215	1
3503697	198214.SF2471	2123	1388
3501404	198214.SF0019	0.413	6
3505399	198214.SF4265	320	29
3503307	198214.SF2045	71.4	12
3505334	198214.SF4197	6.03	3
3503969	198214.SF2763	137	15
3505195	198214.SF4050	39.8	12
3502484	198214.SF1148	8.07	5
3504493	198214.SF3314	65.9	13
3503227	198214.SF1957	8.74	3
3501214	198214.CP0093	8.69	5
3504090	198214.SF2889	1004	862
3504878	198214.SF3716	161	59
3501911	198214.SF0548	528	184
3502692	198214.SF1371	0.837	4
3503651	198214.SF2421	95.4	40
3503596	198214.SF2364	132	18
3505553	198214.SF4423	480	336
3501830	198214.SF0457	730	323
3504000	198214.SF2795	1044	607
3504359	198214.SF3173	0.413	6
3503685	198214.SF2458	132	57
3503135	198214.SF1859	1.77	1
3501316	198214.CP0198	2.5	1
3502459	198214.SF1122	7.48	2
3502142	198214.SF0790	0.261	2
3504868	198214.SF3706	0.837	4
3504961	198214.SF3805	0.215	1
3501275	198214.CP0156	2.86	1
3501344	198214.CP0226	82.2	198
3501569	198214.SF0188	1603	549
3503866	198214.SF2652	542	213
3501462	198214.SF0078	30.5	4
3503035	198214.SF1745	0.413	6
3501684	198214.SF0306	56.7	11
3504639	198214.SF3463	13.4	4
3504136	198214.SF2938	408	141
3502925	198214.SF1624	349	162
3505199	198214.SF4054	85.9	15
3504143	198214.SF2945	762	57
3504536	198214.SF3357	8903	9496
3501696	198214.SF0318	0.199	2
3504298	198214.SF3105	13.3	5
3503639	198214.SF2407	367	109
3502798	198214.SF1488	124	16
3501792	198214.SF0418	2695	2054
3501265	198214.CP0146	599	254
3501146	198214.CP0022	17.0	4
3503783	198214.SF2564	4622	708
3504071	198214.SF2868	0.828	1
3505559	198214.SF4430	5.0	1
3503469	198214.SF2228	409	110
3501818	198214.SF0445	6.77	2
3502638	198214.SF1309	632	126
3503875	198214.SF2661	5.27	7
3504292	198214.SF3099	262	26
3501782	198214.SF0408	997	392
3504371	198214.SF3187	102	34
3505030	198214.SF3877	476	143
3502978	198214.SF1679	103	29
3505475	198214.SF4342	0.413	6
3501640	198214.SF0261	0.413	6
3505522	198214.SF4391	83.1	8
3504028	198214.SF2824	2.22	1
3505527	198214.SF4396	0.445	6
3504389	198214.SF3205	2729	1885
3501912	198214.SF0549	4210	1231
3503315	198214.SF2054	1212	269
3503107	198214.SF1824	899	176
3505300	198214.SF4162	42.4	12
3501674	198214.SF0296	0.261	2
3503495	198214.SF2257	0.413	6
3504468	198214.SF3288	13.8	6
3501832	198214.SF0459	35.6	3
3501175	198214.CP0055	0.837	4
3505264	198214.SF4124	14.1	3
3504236	198214.SF3041	59.4	30
3502353	198214.SF1008	58.6	10
3503675	198214.SF2445	74.2	30
3503334	198214.SF2075	172	41
3504230	198214.SF3035	186	136
3501148	198214.CP0024	152	21
3502761	198214.SF1445	29.2	5
3502842	198214.SF1535	0.445	6
3505159	198214.SF4010	623	90
3504823	198214.SF3660	2.02	1
3501556	198214.SF0175	779	295
3502602	198214.SF1272	8.55	1
3502716	198214.SF1397	1.67	1
3501503	198214.SF0121	9.0	7
3504013	198214.SF2808	87.6	53
3502604	198214.SF1274	54.5	17
3505009	198214.SF3856	295	119
3501534	198214.SF0152	7.57	4
3503796	198214.SF2578	576	97
3504951	198214.SF3795	2.31	1
3505348	198214.SF4212	3.62	1
3501549	198214.SF0168	1421	265
3501263	198214.CP0144	22.2	4
3504252	198214.SF3057	350	102
3501829	198214.SF0456	3154	372
3502582	198214.SF1251	2.32	1
3503700	198214.SF2474	96.6	16
3501431	198214.SF0046	90.3	37
3503987	198214.SF2781	66.7	6
3502575	198214.SF1244	973	474
3502426	198214.SF1088	63.3	50
3501939	198214.SF0576	15.2	2
3503213	198214.SF1941	0.413	6
3502446	198214.SF1109	165	31
3504554	198214.SF3375	122	20
3504157	198214.SF2959	1584	202
3501791	198214.SF0417	52.1	13
3505402	198214.SF4268	14.7	4
3504686	198214.SF3512	0.215	1
3502835	198214.SF1527	5.97	2
3504653	198214.SF3478	97.0	25
3504152	198214.SF2954	2239	967
3501138	198214.CP0014	31.6	9
3501811	198214.SF0437	808	238
3502256	198214.SF0907	17283	9603
3503006	198214.SF1712	148	37
3502347	198214.SF1002	0.413	6
3505165	198214.SF4016	192	29
3504780	198214.SF3616	6.25	3
3501728	198214.SF0351	23.0	11
3505151	198214.SF4002	307	56
3502434	198214.SF1096	1458	322
3502546	198214.SF1214	231	84
3502009	198214.SF0654	19.8	2
3501518	198214.SF0136	2.12	1
3504305	198214.SF3115	11.8	4
3503337	198214.SF2078	0.413	6
3504365	198214.SF3180	0.413	6
3503146	198214.SF1870	5.91	2
3503563	198214.SF2330	10.1	1
3502622	198214.SF1293	3888	956
3502618	198214.SF1288	12.5	3
3502746	198214.SF1428	0.261	2
3503245	198214.SF1977	98.9	29
3501933	198214.SF0570	2373	856
3502567	198214.SF1236	780	225
3505152	198214.SF4003	42.0	15
3503457	198214.SF2215	2.0	1
3503622	198214.SF2390	4.78	1
3504714	198214.SF3543	101	15
3503546	198214.SF2311	741	581
3505147	198214.SF3997	5337	791
3505071	198214.SF3920	5.3	3
3502943	198214.SF1643	0.413	6
3505433	198214.SF4299	6.69	2
3503708	198214.SF2484	143	50
3503924	198214.SF2714	1108	231
3502512	198214.SF1178	12.9	5
3501405	198214.SF0020	92.8	4
3505297	198214.SF4159	91.6	19
3504564	198214.SF3385	138	19
3502179	198214.SF0827	2.36	1
3501178	198214.CP0058	1.31	1
3505194	198214.SF4049	23.8	10
3502513	198214.SF1179	46.1	19
3502197	198214.SF0845	46.3	12
3503580	198214.SF2347	24.7	8
3503125	198214.SF1846	0.837	4
3501731	198214.SF0354	68.7	14
3501347	198214.CP0231	0.837	4
3503972	198214.SF2766	12.3	3
3501974	198214.SF0617	12.6	7
3505189	198214.SF4044	151	69
3503986	198214.SF2780	68.9	31
3501893	198214.SF0528	318	31
3505403	198214.SF4269	18.4	7
3502560	198214.SF1228	493	317
3503154	198214.SF1880	35.1	180
3502442	198214.SF1104	23.6	8
3504726	198214.SF3557	49.9	13
3502613	198214.SF1283	43.1	2
3503349	198214.SF2091	1830	976
3505206	198214.SF4061	597	746
3505183	198214.SF4037	81.2	39
3504149	198214.SF2951	0.413	6
3503218	198214.SF1948	137	25
3505060	198214.SF3909	1564	285
3501964	198214.SF0607	39.3	9
3503971	198214.SF2765	210	57
3503759	198214.SF2539	1795	143
3503701	198214.SF2476	335	118
3504248	198214.SF3053	14.8	5
3505014	198214.SF3861	33.4	13
3501973	198214.SF0616	209	88
3503605	198214.SF2373	3081	2140
3504289	198214.SF3096	180	35
3504934	198214.SF3776	74.7	11
3504507	198214.SF3328	322	57
3504421	198214.SF3239	6.22	1
3501962	198214.SF0605	575	343
3501510	198214.SF0128	317	15
3503607	198214.SF2375	1345	149
3502535	198214.SF1203	262	97
3505204	198214.SF4059	38900	4757
3502076	198214.SF0722	26.7	169
3501134	198214.CP0010	20.2	4
3504123	198214.SF2925	2585	1353
3504182	198214.SF2984	0.215	1
3505022	198214.SF3869	5.79	2
3505070	198214.SF3919	202	81
3503695	198214.SF2469	4932	1768
3502564	198214.SF1233	23.2	6
3501436	198214.SF0051	55.3	57
3503440	198214.SF2195	0.413	6
3501947	198214.SF0586	22.7	4
3504520	198214.SF3341	11.8	1
3502088	198214.SF0734	641	27
3504580	198214.SF3402	557	167
3501788	198214.SF0414	2062	411
3502457	198214.SF1120	5.53	2
3502140	198214.SF0788	442	97
3505050	198214.SF3899	135	54
3501174	198214.CP0054	39.1	160
3501362	198214.CP0249	0.395	1
3502816	198214.SF1507	120	52
3505143	198214.SF3993	4.9	1
3504477	198214.SF3297	501	62
3503952	198214.SF2744	66.1	19
3505463	198214.SF4330	696	172
3503611	198214.SF2379	152	29
3505465	198214.SF4332	1012	470
3504453	198214.SF3273	892	177
3501512	198214.SF0130	304	129
3501476	198214.SF0092	513	277
3504651	198214.SF3476	101	33
3503538	198214.SF2301	563	93
3504022	198214.SF2818	149	14
3505108	198214.SF3957	38.2	7
3503787	198214.SF2569	130	16
3505156	198214.SF4007	1369	191
3505138	198214.SF3988	0.215	1
3502559	198214.SF1227	378	518
3503616	198214.SF2384	12.7	2
3503648	198214.SF2418	28.7	3
3503922	198214.SF2711	304	28
3501714	198214.SF0337	3.98	2
3503791	198214.SF2573	222	138
3501976	198214.SF0620	27.5	12
3501938	198214.SF0575	142	19
3501303	198214.CP0185	83.3	74
3503620	198214.SF2388	18.1	8
3503019	198214.SF1725	0.413	6
3503709	198214.SF2485	355	52
3501784	198214.SF0410	6.68	8
3504755	198214.SF3588	249	53
3502246	198214.SF0897	7.49	3
3505092	198214.SF3941	1146	533
3505023	198214.SF3870	13.1	8
3504398	198214.SF3216	330	169
3501966	198214.SF0609	922	180
3504846	198214.SF3683	780	188
3505007	198214.SF3854	2986	506
3501513	198214.SF0131	771	137
3504593	198214.SF3416	28.1	16
3502275	198214.SF0927	1387	628
3503624	198214.SF2392	164	42
3504522	198214.SF3343	92.7	3
3502861	198214.SF1554	1229	116
3503444	198214.SF2200	940	74
3502610	198214.SF1280	379	286
3501722	198214.SF0345	107	70
3505065	198214.SF3914	220	27
3502812	198214.SF1503	304	82
3501838	198214.SF0465	0.413	6
3502544	198214.SF1212	131	33
3502272	198214.SF0924	116	20
3503228	198214.SF1958	1351	126
3502137	198214.SF0785	47.9	24
3504809	198214.SF3646	69.4	15
3504310	198214.SF3121	69.0	48
3502008	198214.SF0653	24.5	9
3501327	198214.CP0209	306	75
3501394	198214.SF0009	3025	1253
3503733	198214.SF2510	9.67	10
3504437	198214.SF3257	10.6	3
3501520	198214.SF0138	18.2	4
3501191	198214.CP0070	163	216
3503857	198214.SF2642	207	65
3503510	198214.SF2272	994	67
3502429	198214.SF1091	3.66	1
3505217	198214.SF4072	7125	774
3503881	198214.SF2668	377	86
3504272	198214.SF3077	44.6	7
3504138	198214.SF2940	5.92	1
3502827	198214.SF1519	229	17
3503699	198214.SF2473	146	30
3502566	198214.SF1235	3.15	1
3503781	198214.SF2562	340	73
3505547	198214.SF4416	1905	681
3504756	198214.SF3589	11203	1102
3505163	198214.SF4014	318	27
3504855	198214.SF3692	0.977	1
3502771	198214.SF1456	2.51	1
3502448	198214.SF1111	58.9	20
3505045	198214.SF3894	87.6	23
3502749	198214.SF1431	304	51
3502351	198214.SF1006	299	120
3504858	198214.SF3695	12.0	7
3504250	198214.SF3055	1386	514
3504529	198214.SF3350	139	11
3501564	198214.SF0183	7.91	2
3503729	198214.SF2506	73.2	58
3502035	198214.SF0681	0.261	2
3505228	198214.SF4087	99.4	21
3501918	198214.SF0555	468	89
3502495	198214.SF1159	95.0	9
3503027	198214.SF1734	1.16	1
3501473	198214.SF0089	212	73
3504555	198214.SF3376	7.89	3
3504441	198214.SF3261	491	138
3504500	198214.SF3321	46.9	17
3501242	198214.CP0123	166	42
3502741	198214.SF1422	17.5	5
3502003	198214.SF0648	170	29
3502553	198214.SF1221	19.9	5
3503900	198214.SF2689	1.43	1
3501986	198214.SF0630	245	77
3505284	198214.SF4146	18.6	17
3502568	198214.SF1237	12315	1351
3504746	198214.SF3579	569	305
3505079	198214.SF3928	28.0	6
3502327	198214.SF0980	1.13	1
3503045	198214.SF1755	8.48	14
3501626	198214.SF0246	0.413	6
3501505	198214.SF0123	1117	268
3502715	198214.SF1396	266	58
3505068	198214.SF3917	3.88	1
3503399	198214.SF2146	108	45
3502133	198214.SF0780	50.2	24
3505401	198214.SF4267	37.6	31
3503427	198214.SF2179	592	478
3504752	198214.SF3585	8.49	8
3504211	198214.SF3013	0.413	6
3504636	198214.SF3460	1.59	1
3503585	198214.SF2353	14.9	3
3501579	198214.SF0198	12.6	3
3504163	198214.SF2965	2.13	3
3505239	198214.SF4098	7.18	7
3501999	198214.SF0644	75.1	4
3503174	198214.SF1900	0.261	2
3504517	198214.SF3338	5211	759
3503128	198214.SF1850	203	21
3501671	198214.SF0293	531	270
3504814	198214.SF3651	704	408
3504655	198214.SF3480	8.84	5
3502174	198214.SF0822	3.03	2
3502603	198214.SF1273	3.51	2
3505072	198214.SF3921	8.02	3
3501866	198214.SF0497	1.98	1
3504255	198214.SF3060	18.2	12
3501896	198214.SF0533	1.67	1
3501937	198214.SF0574	1343	814
3503630	198214.SF2398	2.39	1
3502411	198214.SF1070	356	87
3502378	198214.SF1037	0.261	2
3501571	198214.SF0190	28.0	10
3505462	198214.SF4329	378	173
3505142	198214.SF3992	7.69	1
3505148	198214.SF3998	26.2	4
3502123	198214.SF0770	200	108
3501730	198214.SF0353	515	56
3505186	198214.SF4041	0.413	6
3505398	198214.SF4264	3665	565
3504530	198214.SF3351	356	60
3504435	198214.SF3255	0.261	2
3501187	198214.CP0066	0.837	4
3504369	198214.SF3185	0.22	1
3503862	198214.SF2647	6.78	4
3502439	198214.SF1101	4.36	1
3503498	198214.SF2260	1.99	1
3501270	198214.CP0151	13.7	5
3502961	198214.SF1661	215	76
3505504	198214.SF4372	101	65
3503591	198214.SF2359	247	194
3502508	198214.SF1174	12.2	4
3501808	198214.SF0434	51.6	19
3503036	198214.SF1746	120	57
3502950	198214.SF1650	101	10
3503688	198214.SF2462	937	504
3504139	198214.SF2941	337	104
3503592	198214.SF2360	399	202
3503975	198214.SF2769	531	88
3504909	198214.SF3749	0.261	2
3505408	198214.SF4274	112	31
3502276	198214.SF0928	45.7	21
3501826	198214.SF0453	5.53	1
3503421	198214.SF2172	0.123	2
3505238	198214.SF4097	0.215	1
3502436	198214.SF1098	11939	661
3503874	198214.SF2660	12.0	3
3504631	198214.SF3455	151	144
3504415	198214.SF3233	382	90
3503577	198214.SF2344	35.5	16
3505391	198214.SF4257	364	196
3502530	198214.SF1197	0.413	6
3504419	198214.SF3237	150	36
3502305	198214.SF0957	2914	1365
3505087	198214.SF3936	146	18
3503025	198214.SF1732	0.413	6
3504871	198214.SF3709	0.22	1
3501850	198214.SF0480	0.22	1
3502099	198214.SF0745	21.9	10
3505135	198214.SF3985	2213	368
3504544	198214.SF3365	3666	965
3505294	198214.SF4156	61.1	24
3502534	198214.SF1202	12.2	3
3503590	198214.SF2358	9.41	2
3504652	198214.SF3477	57.7	11
3505113	198214.SF3962	0.413	6
3501906	198214.SF0543	185	32
3503361	198214.SF2103	187	41
3502557	198214.SF1225	7.16	4
3502650	198214.SF1326	3.66	1
3503775	198214.SF2556	13.9	2
3501395	198214.SF0010	125	18
3504602	198214.SF3425	18.9	4
3501772	198214.SF0397	147	33
3504534	198214.SF3355	164	41
3503849	198214.SF2633	90.0	23
3505062	198214.SF3911	159	42
3501994	198214.SF0639	766	694
3503121	198214.SF1841	53.4	27
3504032	198214.SF2828	2.22	1
3502640	198214.SF1311	10.5	1
3502686	198214.SF1364	55.9	10
3503574	198214.SF2341	652	132
3501754	198214.SF0379	377	54
3502774	198214.SF1459	512	205
3502277	198214.SF0929	442	413
3502615	198214.SF1285	107	22
3504396	198214.SF3213	42.3	26
3503880	198214.SF2667	14.6	4
3502563	198214.SF1232	365	73
3502726	198214.SF1407	0.413	6
3502948	198214.SF1648	207	48
3501496	198214.SF0113	6202	3232
3501613	198214.SF0232	615	259
3505489	198214.SF4356	2851	571
3502500	198214.SF1165	0.215	1
3503617	198214.SF2385	916	278
3504989	198214.SF3835	208	50
3505075	198214.SF3924	11.5	3
3502663	198214.SF1340	0.261	2
3504537	198214.SF3358	8619	6591
3502826	198214.SF1518	790	652
3505289	198214.SF4151	290	134
3504166	198214.SF2968	20.3	52
3504397	198214.SF3215	326	45
3502266	198214.SF0918	20.7	14
3501439	198214.SF0054	31.8	33
3504381	198214.SF3197	762	101
3504093	198214.SF2892	11.9	4
3505155	198214.SF4006	2448	183
3504456	198214.SF3276	10265	2544
3503745	198214.SF2523	1424	245
3502773	198214.SF1458	293	72
3504831	198214.SF3668	1.92	1
3503873	198214.SF2659	2.61	1
3505081	198214.SF3930	16.8	7
3501729	198214.SF0352	2128	315
3503588	198214.SF2356	8.81	1
3502533	198214.SF1201	152	86
3504099	198214.SF2898	353	95
3503453	198214.SF2211	0.837	4
3502194	198214.SF0842	3.93	4
3505188	198214.SF4043	37.4	13
3501705	198214.SF0327	112	5
3504813	198214.SF3650	734	126
3504637	198214.SF3461	32.4	6
3503820	198214.SF2604	114	145
3504392	198214.SF3208	1094	123
3502486	198214.SF1150	564	191
3501245	198214.CP0126	1582	611
3504238	198214.SF3043	13.2	4
3502372	198214.SF1029	389	83
3504461	198214.SF3281	3.88	1
3505406	198214.SF4272	366	92
3502180	198214.SF0828	104	73
3501936	198214.SF0573	762	263
3501277	198214.CP0158	1.31	1
3503687	198214.SF2461	10.4	2
3501267	198214.CP0148	1638	185
3503594	198214.SF2362	316	255
3501535	198214.SF0153	2272	870
3503496	198214.SF2258	351	55
3504213	198214.SF3015	31.9	26
3501637	198214.SF0258	142	48
3504050	198214.SF2847	4.47	3
3505373	198214.SF4239	115	13
3505185	198214.SF4039	11.9	12
3504546	198214.SF3367	4139	456
3505327	198214.SF4190	339	118
3503451	198214.SF2208	0.413	6
3505242	198214.SF4101	327	339
3501770	198214.SF0395	34.3	3
3503826	198214.SF2610	27.9	169
3503342	198214.SF2083	222	65
3501392	198214.SF0006	199	55
3501199	198214.CP0078	53.3	174
3504851	198214.SF3688	170	42
3504797	198214.SF3634	149	44
3502554	198214.SF1222	889	108
3502976	198214.SF1677	398	139
3502830	198214.SF1522	1.58	1
3501940	198214.SF0577	950	449
3501753	198214.SF0378	343	76
3504819	198214.SF3656	176	54
3505270	198214.SF4131	63.1	18
3501244	198214.CP0125	471	319
3503141	198214.SF1865	41.9	14
3502349	198214.SF1004	11.9	2
3501234	198214.CP0115	4.65	6
3505362	198214.SF4227	17.2	5
3504585	198214.SF3407	89.5	30
3504798	198214.SF3635	19.6	4
3504040	198214.SF2837	506	112
3504438	198214.SF3258	34.2	10
3501385	198214.CP0271	208	74
3502973	198214.SF1674	82.5	15
3503525	198214.SF2287	88.1	6
3501764	198214.SF0389	16.7	4
3505461	198214.SF4328	68.8	27
3502467	198214.SF1130	106	26
3502935	198214.SF1634	346	157
3504243	198214.SF3048	38.8	7
3504879	198214.SF3717	12.8	8
3502880	198214.SF1574	15.8	7
3505550	198214.SF4420	27.0	11
3504266	198214.SF3071	21.6	3
3504678	198214.SF3503	283	134
3501701	198214.SF0323	21.0	3
3503005	198214.SF1711	4.54	2
3501698	198214.SF0320	0.837	4
3503188	198214.SF1915	141	22
3502634	198214.SF1305	1.97	1
3504267	198214.SF3072	23.8	6
3504131	198214.SF2933	257	109
3504925	198214.SF3766	28.6	4
3504479	198214.SF3299	101	9
3501635	198214.SF0255	0.413	6
3504086	198214.SF2884	576	209
3502302	198214.SF0954	567	104
3501629	198214.SF0249	312	93
3502410	198214.SF1069	16.4	3
3505389	198214.SF4255	32.1	21
3503144	198214.SF1868	9.93	3
3504662	198214.SF3487	3.25	2
3502318	198214.SF0971	122	8
3503836	198214.SF2620	0.261	2
3503536	198214.SF2299	1232	564
3505240	198214.SF4099	25.3	7
3504015	198214.SF2810	118	24
3504004	198214.SF2799	3.94	5
3501388	198214.SF0002	10.5	11
3501411	198214.SF0026	245	63
3502409	198214.SF1068	144	34
3503060	198214.SF1771	140	6
3502979	198214.SF1682	2305	264
3501923	198214.SF0560	4.89	1
3501957	198214.SF0596	0.413	6
3503929	198214.SF2720	771	807
3504591	198214.SF3414	64.2	75
3501685	198214.SF0307	10.3	3
3501253	198214.CP0134	1357	162
3501773	198214.SF0398	179	24
3503618	198214.SF2386	189	60
3501758	198214.SF0383	190	91
3504818	198214.SF3655	0.413	6
3503728	198214.SF2505	849	708
3503851	198214.SF2635	225	38
3503039	198214.SF1749	17.2	3
3502740	198214.SF1421	137	19
3502762	198214.SF1446	68.3	8
3502395	198214.SF1054	0.215	1
3504329	198214.SF3141	790	75
3502491	198214.SF1155	5999	2242
3502755	198214.SF1439	0.261	2
3504235	198214.SF3040	6.27	1
3503628	198214.SF2396	747	341
3501799	198214.SF0425	435	307
3502371	198214.SF1028	72.7	26
3504705	198214.SF3533	0.413	6
3501558	198214.SF0177	38.2	7
3503976	198214.SF2770	22.3	4
3502864	198214.SF1557	383	206
3504926	198214.SF3767	3.82	1
3501542	198214.SF0161	415	120
3503070	198214.SF1783	12.4	2
3502562	198214.SF1230	67.1	14
3503705	198214.SF2481	280	98
3502606	198214.SF1276	154	108
3503587	198214.SF2355	233	20
3504526	198214.SF3347	320	20
3502435	198214.SF1097	2806	667
3502433	198214.SF1095	678	230
3501225	198214.CP0106	0.215	1
3505371	198214.SF4236	0.413	6
3502516	198214.SF1182	79.0	24
3505088	198214.SF3937	123	77
3505366	198214.SF4231	635	629
3505535	198214.SF4404	24.2	4
3502258	198214.SF0910	261	135
3501300	198214.CP0182	234	184
3504623	198214.SF3447	20.5	2
3501248	198214.CP0129	3690	861
3501257	198214.CP0138	196	24
3504448	198214.SF3268	105	16
3501342	198214.CP0224	34.5	4
3503073	198214.SF1786	102	75
3504881	198214.SF3719	318	235
3503136	198214.SF1860	2012	343
3504599	198214.SF3422	1143	605
3502294	198214.SF0946	188	67
3501541	198214.SF0160	20855	6970
3503515	198214.SF2277	66.6	19
3505269	198214.SF4130	39.9	24
3502611	198214.SF1281	246	41
3503918	198214.SF2707	131	35
3504400	198214.SF3218	656	458
3502397	198214.SF1056	0.837	4
3504407	198214.SF3225	27.0	2
3504917	198214.SF3758	9.84	6
3504260	198214.SF3065	338	22
3502414	198214.SF1073	389	81
3504532	198214.SF3353	648	84
3504031	198214.SF2827	23.6	5
3503116	198214.SF1836	169	18
3501919	198214.SF0556	2787	717
3502106	198214.SF0752	385	30
3501523	198214.SF0141	44.4	37
3505141	198214.SF3991	650	82
3505333	198214.SF4196	21.8	4
3504608	198214.SF3431	0.215	1
3502128	198214.SF0775	9.29	2
3503472	198214.SF2231	1.62	1
3505178	198214.SF4032	24.2	19
3502583	198214.SF1252	0.261	2
3503903	198214.SF2692	10.4	3
3504511	198214.SF3332	156	58
3501484	198214.SF0100	6.82	1
3502636	198214.SF1307	10.2	4
3502768	198214.SF1453	60.6	17
3502963	198214.SF1663	3.64	1
3502620	198214.SF1291	575	434
3505254	198214.SF4113	1.43	1
3504428	198214.SF3246	129	9
3501663	198214.SF0285	248	115
3501618	198214.SF0237	2.03	1
3501862	198214.SF0493	0.305	2
3501313	198214.CP0195	430	150
3504581	198214.SF3403	231	51
3505369	198214.SF4234	887	17
3504982	198214.SF3826	27.0	14
3501532	198214.SF0150	5.57	2
3505468	198214.SF4335	111	25
3503332	198214.SF2073	66.6	17
3502709	198214.SF1389	112	6
3501926	198214.SF0563	664	74
3501378	198214.CP0265	40.7	175
3501250	198214.CP0131	413	36
3501813	198214.SF0439	4.77	2
3504968	198214.SF3812	2905	1756
3501608	198214.SF0227	0.837	4
3505318	198214.SF4181	9.81	4
3505277	198214.SF4138	29.3	7
3502115	198214.SF0762	1240	433
3504095	198214.SF2894	276	132
3505452	198214.SF4319	88.6	13
3504935	198214.SF3777	122	14
3504769	198214.SF3603	179	50
3504824	198214.SF3661	3.76	1
3503887	198214.SF2674	27.1	4
3504223	198214.SF3028	3.71	2
3504861	198214.SF3699	11.6	4
3502402	198214.SF1061	83.4	33
3505385	198214.SF4251	210	122
3504918	198214.SF3759	346	128
3503327	198214.SF2067	317	40
3504399	198214.SF3217	58.0	13
3503122	198214.SF1843	0.261	2
3505086	198214.SF3935	12.3	3
3503817	198214.SF2601	13.1	7
3505241	198214.SF4100	10.1	3
3501260	198214.CP0141	191	24
3502170	198214.SF0818	12.8	5
3502014	198214.SF0659	6.95	2
3503593	198214.SF2361	315	50
3501793	198214.SF0419	2708	663
3501612	198214.SF0231	86.1	6
3503040	198214.SF1750	20.9	9
3505124	198214.SF3973	0.413	6
3503090	198214.SF1804	0.261	2
3501981	198214.SF0625	10.1	7
3505090	198214.SF3939	3.12	1
3505118	198214.SF3967	134	58
3503425	198214.SF2177	0.413	6
3503189	198214.SF1916	116	28
3502735	198214.SF1416	62.8	35
3502183	198214.SF0831	0.215	1
3503647	198214.SF2417	0.413	6
3503693	198214.SF2467	190	40
3502017	198214.SF0663	0.261	2
3504420	198214.SF3238	319	75
3504451	198214.SF3271	136	19
3501910	198214.SF0547	513	116
3503505	198214.SF2267	1.14	1
3504074	198214.SF2871	0.445	6
3504092	198214.SF2891	2089	628
3502895	198214.SF1591	32.8	22
3505555	198214.SF4425	43.6	5
3504852	198214.SF3689	5938	454
3501326	198214.CP0208	0.271	1
3503346	198214.SF2087	206	67
3502947	198214.SF1647	50.8	22
3504246	198214.SF3051	86.2	19
3501819	198214.SF0446	2.26	4
3504701	198214.SF3529	1119	781
3501466	198214.SF0082	48.6	26
3501598	198214.SF0217	1.73	1
3501144	198214.CP0020	0.57	1
3504892	198214.SF3730	4.83	1
3503151	198214.SF1876	1393	987
3505190	198214.SF4045	10.1	2
3501536	198214.SF0155	597	80
3501889	198214.SF0524	9979	2194
3501702	198214.SF0324	20.7	3
3501420	198214.SF0035	4.59	2
3503814	198214.SF2598	3907	1383
3502796	198214.SF1486	595	159
3503442	198214.SF2197	3.27	1
3503867	198214.SF2653	40.7	9
3504265	198214.SF3070	1.7	1
3503343	198214.SF2084	5.04	2
3504382	198214.SF3198	56.2	16
3501271	198214.CP0152	302	79
3504010	198214.SF2805	79.0	6
3501539	198214.SF0158	554	168
3502720	198214.SF1401	143	8
3505379	198214.SF4245	173	70
3504408	198214.SF3226	1185	130
3501413	198214.SF0028	185	76
3504922	198214.SF3763	125	36
3505521	198214.SF4390	69.4	37
3502005	198214.SF0650	1372	154
3501235	198214.CP0116	1.31	1
3505556	198214.SF4427	104	32
3504016	198214.SF2811	56.8	19
3504375	198214.SF3191	1097	249
3501335	198214.CP0217	25.6	1
3501756	198214.SF0381	12648	6231
3502050	198214.SF0696	0.837	4
3502731	198214.SF1412	6.54	3
3505037	198214.SF3885	3.09	1
3504333	198214.SF3145	14.0	5
3505028	198214.SF3875	539	249
3502067	198214.SF0713	0.323	1
3503868	198214.SF2654	2.43	1
3502173	198214.SF0821	545	27
3501227	198214.CP0108	0.261	2
3505256	198214.SF4115	1400	114
3504129	198214.SF2931	70.2	50
3501410	198214.SF0025	196	47
3502510	198214.SF1176	96.4	27
3503318	198214.SF2058	6.9	4
3501280	198214.CP0161	15.8	7
3503231	198214.SF1961	20.3	6
3504287	198214.SF3094	19.2	23
3503984	198214.SF2778	161	35
3503932	198214.SF2723	175	36
3501434	198214.SF0049	17.6	9
3504884	198214.SF3722	0.22	1
3503033	198214.SF1743	1011	86
3505546	198214.SF4415	1289	650
3504424	198214.SF3242	37.6	16
3504110	198214.SF2911	8307	3444
3505432	198214.SF4298	487	52
3502134	198214.SF0781	5.02	2
3502245	198214.SF0896	0.261	2
3503601	198214.SF2369	283	65
3504498	198214.SF3319	426	172
3503517	198214.SF2279	5.01	1
3503741	198214.SF2519	515	144
3501530	198214.SF0148	1400	176
3502385	198214.SF1044	203	116
3501164	198214.CP0042	15.8	7
3503859	198214.SF2644	196	41
3502729	198214.SF1410	875	96
3503177	198214.SF1903	0.123	2
3502705	198214.SF1384	0.524	6
3504037	198214.SF2833	2.53	4
3502587	198214.SF1256	11.7	1
3503608	198214.SF2376	65.6	11
3501809	198214.SF0435	180	48
3504700	198214.SF3528	5.65	2
3504887	198214.SF3725	0.413	6
3504471	198214.SF3291	413	180
3503513	198214.SF2275	3.99	2
3503736	198214.SF2514	92.5	44
3504046	198214.SF2843	63.5	8
3505456	198214.SF4323	157	32
3502317	198214.SF0970	19.9	11
3504525	198214.SF3346	786	189
3501723	198214.SF0346	32.2	7
3504277	198214.SF3082	154	24
3503376	198214.SF2118	0.413	6
3502503	198214.SF1168	234	16
3501963	198214.SF0606	17.3	5
3502125	198214.SF0772	71.4	18
3502087	198214.SF0733	9.77	1
3501719	198214.SF0342	57.0	15
3504096	198214.SF2895	118	16
3504957	198214.SF3801	0.261	2
3504811	198214.SF3648	2870	308
3504630	198214.SF3454	3.82	2
3502539	198214.SF1207	140	31
3502461	198214.SF1124	6.84	2
3505404	198214.SF4270	236	55
3503296	198214.SF2034	0.261	2
3503491	198214.SF2253	356	96
3501740	198214.SF0363	2300	492
3504393	198214.SF3209	40.1	27
3502871	198214.SF1564	5.35	1
3502104	198214.SF0750	49.4	17
3504845	198214.SF3682	216	49
3502077	198214.SF0723	296	27
3502793	198214.SF1483	9.75	1
3502797	198214.SF1487	927	65
3503240	198214.SF1971	290	61
3501568	198214.SF0187	265	71
3503079	198214.SF1792	0.261	2
3501162	198214.CP0040	0.837	4
3505499	198214.SF4367	0.413	6
3502547	198214.SF1215	4.56	1
3504024	198214.SF2820	22.7	10
3504614	198214.SF3437	1692	244
3502489	198214.SF1153	41.9	10
3502315	198214.SF0968	153	6
3504394	198214.SF3210	2448	1338
3504021	198214.SF2816	8.92	5
3502628	198214.SF1299	21.3	13
3502899	198214.SF1596	209	11
3502262	198214.SF0914	175	43
3502307	198214.SF0960	0.215	1
3502542	198214.SF1210	433	162
3505042	198214.SF3890	12.3	2
3502969	198214.SF1669	548	86
3505203	198214.SF4058	5428	912
3505428	198214.SF4294	13.0	1
3502303	198214.SF0955	38.6	20
3503604	198214.SF2372	1900	879
3503140	198214.SF1864	643	285
3501797	198214.SF0423	29.0	11
3502404	198214.SF1063	28.9	9
3503100	198214.SF1816	12.5	1
3505407	198214.SF4273	162	121
3501184	198214.CP0063	49.4	23
3505351	198214.SF4215	0.413	6
3501913	198214.SF0550	231	84
3501390	198214.SF0004	124	64
3501970	198214.SF0613	867	501
3503928	198214.SF2719	13791	429
3501247	198214.CP0128	2515	1357
3504433	198214.SF3252	31.2	46
3505201	198214.SF4056	167	29
3503692	198214.SF2466	82.0	60
3501209	198214.CP0088	0.837	4
3501358	198214.CP0245	51.1	10
3501853	198214.SF0483	20.0	8
3503341	198214.SF2082	156	33
3501948	198214.SF0587	509	133
3501833	198214.SF0460	202	34
3501376	198214.CP0263	15.8	7
3504567	198214.SF3388	14.6	1
3501495	198214.SF0112	3501	2472
3501409	198214.SF0024	196	47
3504411	198214.SF3229	109	51
3503312	198214.SF2051	0.261	2
3504321	198214.SF3132	16.0	8
3501272	198214.CP0153	3.11	1
3501258	198214.CP0139	445	134
3503347	198214.SF2088	50.9	6
3503598	198214.SF2366	38.3	10
3501790	198214.SF0416	167	28
3502089	198214.SF0735	136	28
3502352	198214.SF1007	446	35
3504170	198214.SF2972	0.732	1
3505055	198214.SF3904	149	46
3503578	198214.SF2345	472	44
3502730	198214.SF1411	2498	939
