#id: 88
#name: P.aeruginosa - Whole organism, SC (GPM,Aug,2014)
#score: 10.7
#weight: 100%
#description: abundance based on Spectral counting, from<a href="http://www.thegpm.org/" target="_blank">GPM,Aug,2014</a><br/><b>Interaction consistency score</b>: 10.7&nbsp<b>Coverage</b>: 41
#organ: WHOLE_ORGANISM
#integrated: false
#coverage: 41
#publication_year: 2014
#filename: 208964-GPM_201408.txt
#
#internal_id	string_external_id	abundance	raw_spectral_count
3590226	208964.PA4967	139	90
3590435	208964.PA5176	77.4	18
3589773	208964.PA4512	182	66
3585631	208964.PA0371	317	187
3589623	208964.PA4362	20.4	7
3590533	208964.PA5274	21.1	3
3585824	208964.PA0563	169	23
3585263	208964.PA0004	366	314
3589472	208964.PA4211	64.6	10
3587896	208964.PA2634	596	368
3587909	208964.PA2647	140	48
3588027	208964.PA2765	177	80
3585707	208964.PA0447	788	327
3587885	208964.PA2623	2922	1226
3588366	208964.PA3104	45.2	9
3589201	208964.PA3940	1466	149
3585840	208964.PA0579	6214	96
3586842	208964.PA1579	162	32
3589599	208964.PA4338	13.0	4
3586793	208964.PA1532	535	300
3590566	208964.PA5307	15.4	13
3587845	208964.PA2583	9.5	12
3585802	208964.PA0541	115	23
3589152	208964.PA3891	56.2	18
3585617	208964.PA0357	19.2	5
3589725	208964.PA4464	81.1	15
3586928	208964.PA1665	11.1	5
3590020	208964.PA4761	3723	2375
3590760	208964.PA5500	21.1	3
3588413	208964.PA3151	68.2	21
3585768	208964.PA0507	48.0	187
3588134	208964.PA2872	17.5	8
3586637	208964.PA1376	3.53	4
3590459	208964.PA5200	57.6	14
3587228	208964.PA1965	29.1	6
3586310	208964.PA1049	52.1	12
3590131	208964.PA4872	98.3	38
3589329	208964.PA4068	35.2	11
3590816	208964.PA5556	6097	2724
3588612	208964.PA3351	65.9	9
3588449	208964.PA3188	64.7	14
3589932	208964.PA4673	272	142
3590624	208964.PA5365	36.2	12
3585574	208964.PA0314	121	62
3590183	208964.PA4924	105	24
3588934	208964.PA3673	152	137
3589089	208964.PA3828	198	85
3588920	208964.PA3659	53.3	23
3590631	208964.PA5372	262	242
3590031	208964.PA4772	70.5	93
3587961	208964.PA2699	39.6	43
3589924	208964.PA4665	56.4	22
3589714	208964.PA4453	464	78
3590051	208964.PA4792	110	51
3589745	208964.PA4484	448	260
3588843	208964.PA3582	838	409
3589453	208964.PA4192	75.3	34
3589975	208964.PA4717	188	53
3588682	208964.PA3421	4.95	10
3590449	208964.PA5190	8.09	3
3588669	208964.PA3408	510	462
3588919	208964.PA3658	4.4	5
3589915	208964.PA4656	59.1	26
3586163	208964.PA0902	51.3	21
3589233	208964.PA3972	158	120
3589627	208964.PA4366	1226	294
3586743	208964.PA1482	135	33
3589051	208964.PA3790	3651	3283
3585976	208964.PA0715	47.9	18
3587070	208964.PA1807	175	112
3588892	208964.PA3631	64.1	29
3590706	208964.PA5447	10.8	3
3590467	208964.PA5208	26.6	9
3588930	208964.PA3669	28.3	13
3588991	208964.PA3730	106	14
3590744	208964.PA5484	99.1	74
3588000	208964.PA2738	66.0	5
3587106	208964.PA1843	74.3	88
3586158	208964.PA0897	210	81
3588722	208964.PA3461	291	136
3585660	208964.PA0400	484	196
3589476	208964.PA4215	114	56
3590175	208964.PA4916	92.1	33
3587035	208964.PA1772	45.8	15
3585439	208964.PA0180	80.6	483
3588973	208964.PA3712	89.5	14
3585894	208964.PA0633	123	12
3590409	208964.PA5150	148	33
3586355	208964.PA1094	486	293
3587120	208964.PA1857	225	35
3590494	208964.PA5235	125	62
3590581	208964.PA5322	899	527
3588206	208964.PA2944	6.66	13
3588001	208964.PA2739	405	309
3586601	208964.PA1340	143	33
3587585	208964.PA2322	171	53
3588792	208964.PA3531	617	161
3588426	208964.PA3165	33.2	14
3590359	208964.PA5100	964	507
3590767	208964.PA5507	168	57
3589264	208964.PA4003	55.8	44
3589733	208964.PA4472	101	75
3590191	208964.PA4932	2508	415
3587134	208964.PA1871	453	224
3589526	208964.PA4265	10004	10428
3588377	208964.PA3115	503	406
3589734	208964.PA4473	201	35
3588543	208964.PA3282	23.7	5
3588472	208964.PA3211	61.1	25
3589633	208964.PA4372	447	170
3589366	208964.PA4105	11.3	3
3590015	208964.PA4756	495	548
3587494	208964.PA2231	83.5	48
3588340	208964.PA3078	5.57	3
3585914	208964.PA0653	163	27
3589591	208964.PA4330	85.2	19
3588524	208964.PA3263	345	121
3588820	208964.PA3559	16.5	3
3590626	208964.PA5367	87.6	52
3588443	208964.PA3182	115	27
3585264	208964.PA0005	217	47
3586886	208964.PA1623	18.6	4
3590202	208964.PA4943	65.5	36
3588547	208964.PA3286	628	242
3585359	208964.PA0100	202	49
3587031	208964.PA1768	100	20
3590310	208964.PA5051	543	327
3588415	208964.PA3153	125	41
3589194	208964.PA3933	34.5	17
3590257	208964.PA4998	75.8	21
3587904	208964.PA2642	780	713
3585261	208964.PA0002	2959	913
3588813	208964.PA3552	133	61
3587921	208964.PA2659	85.2	10
3585780	208964.PA0519	436	314
3589754	208964.PA4493	66.5	8
3588790	208964.PA3529	1734	399
3590695	208964.PA5436	351	186
3586246	208964.PA0985	195	46
3590704	208964.PA5445	26.6	12
3587568	208964.PA2305	69.0	73
3586229	208964.PA0968	176	26
3587377	208964.PA2114	221	61
3589882	208964.PA4622	10.0	5
3589906	208964.PA4647	24.8	5
3589000	208964.PA3739	95.3	34
3589759	208964.PA4498	67.2	43
3586704	208964.PA1443	120	37
3585589	208964.PA0329	229	15
3585537	208964.PA0277	462	114
3589468	208964.PA4207	127	114
3588916	208964.PA3655	1761	572
3587093	208964.PA1830	127	19
3586178	208964.PA0917	68.0	25
3590230	208964.PA4971	66.2	15
3585381	208964.PA0122	205	21
3585387	208964.PA0128	104	6
3589839	208964.PA4579	56.5	44
3588656	208964.PA3395	36.6	3
3587343	208964.PA2080	104	55
3585563	208964.PA0303	65.5	14
3587671	208964.PA2409	58.7	9
3587492	208964.PA2229	23.2	5
3590749	208964.PA5489	342	90
3589763	208964.PA4502	13.3	8
3586989	208964.PA1726	5.41	4
3589663	208964.PA4402	331	192
3586669	208964.PA1408	12.0	17
3588348	208964.PA3086	15.6	3
3585647	208964.PA0387	124	33
3590491	208964.PA5232	682	325
3590511	208964.PA5252	41.2	34
3589048	208964.PA3787	67.9	22
3588056	208964.PA2794	41.6	17
3589509	208964.PA4248	4227	541
3590410	208964.PA5151	33.0	5
3589803	208964.PA4543	20.0	7
3587423	208964.PA2160	58.8	49
3588609	208964.PA3348	145	36
3589731	208964.PA4470	716	223
3590012	208964.PA4753	138	14
3589529	208964.PA4268	2452	133
3590308	208964.PA5049	2270	158
3588746	208964.PA3485	75.0	11
3589029	208964.PA3768	66.9	45
3590024	208964.PA4765	284	51
3588989	208964.PA3728	36.9	80
3590387	208964.PA5128	930	204
3588418	208964.PA3156	142	22
3588591	208964.PA3330	124	41
3589684	208964.PA4423	803	483
3589831	208964.PA4571	113	81
3587105	208964.PA1842	28.3	3
3589272	208964.PA4011	160	59
3585399	208964.PA0140	131	70
3585577	208964.PA0317	148	73
3585919	208964.PA0658	74.3	23
3587222	208964.PA1959	26.4	7
3585398	208964.PA0139	1599	412
3588082	208964.PA2820	128	35
3588958	208964.PA3697	33.3	16
3589957	208964.PA4699	420	39
3590598	208964.PA5339	840	219
3586712	208964.PA1451	6.41	3
3589847	208964.PA4587	76.6	18
3585659	208964.PA0399	702	329
3587257	208964.PA1994	12.2	3
3586468	208964.PA1207	91.3	51
3590407	208964.PA5148	141	6
3585496	208964.PA0236	99.1	24
3588974	208964.PA3713	19.3	13
3586385	208964.PA1124	31.4	17
3586419	208964.PA1158	5.7	3
3588739	208964.PA3478	48.5	21
3587503	208964.PA2240	5.35	3
3586383	208964.PA1122	50.2	7
3587657	208964.PA2394	416	194
3586905	208964.PA1642	36.7	9
3589486	208964.PA4225	205	409
3588275	208964.PA3013	446	185
3589514	208964.PA4253	4739	453
3586322	208964.PA1061	47.2	21
3588245	208964.PA2983	649	136
3590394	208964.PA5135	13.9	6
3589997	208964.PA4738	137	3
3588823	208964.PA3562	16.6	13
3588518	208964.PA3257	167	112
3586719	208964.PA1458	226	149
3590070	208964.PA4811	79.3	33
3590764	208964.PA5504	120	17
3588074	208964.PA2812	293	129
3589696	208964.PA4435	94.3	48
3590429	208964.PA5170	142	67
3586849	208964.PA1586	2090	717
3588699	208964.PA3438	47.7	14
3586585	208964.PA1324	198	28
3588562	208964.PA3301	55.8	19
3589003	208964.PA3742	2907	459
3589402	208964.PA4141	263	8
3590825	208964.PA5565	47.5	27
3589062	208964.PA3801	1151	168
3587065	208964.PA1802	530	258
3590138	208964.PA4879	23.3	14
3590482	208964.PA5223	33.1	18
3587806	208964.PA2544	22.0	6
3590733	208964.PA5473	45.4	17
3589532	208964.PA4271	6954	271
3590657	208964.PA5398	11.4	8
3587538	208964.PA2275	5.32	3
3590292	208964.PA5033	43.0	18
3585361	208964.PA0102	328	70
3589305	208964.PA4044	70.8	37
3586435	208964.PA1174	35.9	34
3586211	208964.PA0950	95.6	12
3588868	208964.PA3607	160	73
3587101	208964.PA1838	255	148
3588912	208964.PA3651	47.6	10
3585908	208964.PA0647	41.1	3
3590556	208964.PA5297	7.17	5
3589283	208964.PA4022	415	508
3587989	208964.PA2727	10.8	14
3589483	208964.PA4222	181	93
3588931	208964.PA3670	89.8	50
3587289	208964.PA2026	12.0	3
3585716	208964.PA0456	2759	138
3589109	208964.PA3848	447	204
3589087	208964.PA3826	19.6	6
3586119	208964.PA0858	16.2	8
3587697	208964.PA2435	6.82	3
3589314	208964.PA4053	690	161
3586931	208964.PA1668	86.0	27
3588233	208964.PA2971	38.5	8
3590115	208964.PA4856	67.6	74
3588422	208964.PA3160	548	215
3585429	208964.PA0170	68.8	8
3589892	208964.PA4632	375	129
3586194	208964.PA0933	8.12	3
3589729	208964.PA4468	109	14
3590298	208964.PA5039	10.1	3
3588401	208964.PA3139	884	545
3590275	208964.PA5016	1330	794
3587204	208964.PA1941	73.0	60
3586272	208964.PA1011	581	225
3587511	208964.PA2248	193	70
3585373	208964.PA0114	202	52
3589885	208964.PA4625	204	488
3590165	208964.PA4906	16.2	4
3586411	208964.PA1150	37.2	38
3589702	208964.PA4441	825	163
3586877	208964.PA1614	60.3	17
3589738	208964.PA4477	92.2	68
3588308	208964.PA3046	430	43
3590708	208964.PA5449	32.7	16
3587987	208964.PA2725	48.1	36
3585299	208964.PA0040	66.3	87
3585282	208964.PA0023	418	160
3585295	208964.PA0036	112	46
3587563	208964.PA2300	311	137
3590284	208964.PA5025	110	56
3589535	208964.PA4274	3698	447
3587486	208964.PA2223	17.6	5
3588068	208964.PA2806	7.33	3
3586807	208964.PA1546	244	103
3587504	208964.PA2241	10.1	4
3590009	208964.PA4750	38.5	18
3586789	208964.PA1528	749	255
3587061	208964.PA1798	56.0	19
3586153	208964.PA0892	377	91
3587425	208964.PA2162	20.2	18
3588281	208964.PA3019	33.2	29
3587971	208964.PA2709	352	135
3589669	208964.PA4408	375	236
3586132	208964.PA0871	423	45
3588182	208964.PA2920	123	630
3586439	208964.PA1178	15090	3588
3586320	208964.PA1059	41.4	5
3586330	208964.PA1069	139	150
3587055	208964.PA1792	43.0	12
3588962	208964.PA3701	167	56
3590181	208964.PA4922	2105	220
3588448	208964.PA3187	390	175
3589748	208964.PA4487	436	100
3586233	208964.PA0972	1657	833
3589192	208964.PA3931	16.7	6
3588055	208964.PA2793	24.6	6
3589927	208964.PA4668	173	46
3585591	208964.PA0331	110	70
3587679	208964.PA2417	16.5	9
3589436	208964.PA4175	191	74
3589324	208964.PA4063	17.0	4
3588379	208964.PA3117	409	171
3587724	208964.PA2462	103	1168
3589465	208964.PA4204	23.0	8
3586114	208964.PA0853	60.7	13
3588469	208964.PA3208	143	37
3590096	208964.PA4837	36.9	27
3585339	208964.PA0080	269	26
3588881	208964.PA3620	95.9	103
3586308	208964.PA1047	7.09	5
3590496	208964.PA5237	35.8	16
3590019	208964.PA4760	736	199
3590504	208964.PA5245	136	30
3588049	208964.PA2787	19.9	12
3588330	208964.PA3068	639	1148
3589667	208964.PA4406	610	194
3586181	208964.PA0920	50.9	50
3590522	208964.PA5263	212	112
3585801	208964.PA0540	15.0	3
3588703	208964.PA3442	8.8	3
3585848	208964.PA0587	39.7	17
3587886	208964.PA2624	904	803
3589506	208964.PA4245	4546	177
3586216	208964.PA0955	199	68
3588952	208964.PA3691	440	14
3585552	208964.PA0292	490	183
3587072	208964.PA1809	130	40
3585926	208964.PA0665	167	17
3590462	208964.PA5203	36.4	26
3589009	208964.PA3748	41.9	18
3586353	208964.PA1092	35225	14988
3590323	208964.PA5064	28.4	8
3589862	208964.PA4602	726	235
3588593	208964.PA3332	139	18
3586023	208964.PA0763	349	64
3589820	208964.PA4560	435	478
3586199	208964.PA0938	459	156
3589065	208964.PA3804	661	121
3586225	208964.PA0964	119	13
3588911	208964.PA3650	18.9	9
3588905	208964.PA3644	330	62
3588350	208964.PA3088	62.0	23
3590268	208964.PA5009	170	37
3588450	208964.PA3189	184	57
3588985	208964.PA3724	716	327
3587658	208964.PA2395	19.7	5
3590001	208964.PA4742	139	40
3590453	208964.PA5194	116	57
3590517	208964.PA5258	742	318
3587715	208964.PA2453	691	39
3585614	208964.PA0354	50.7	18
3587653	208964.PA2390	81.7	49
3589787	208964.PA4526	129	81
3586813	208964.PA1552	825	360
3590189	208964.PA4930	64.9	38
3589415	208964.PA4154	221	73
3588531	208964.PA3270	17.9	4
3588840	208964.PA3579	85.8	55
3588984	208964.PA3723	184	70
3586591	208964.PA1330	23.9	9
3589672	208964.PA4411	248	74
3588384	208964.PA3122	13.9	8
3590593	208964.PA5334	242	52
3589884	208964.PA4624	76.5	56
3585559	208964.PA0299	277	105
3586976	208964.PA1713	22.1	5
3590743	208964.PA5483	43.8	23
3586053	208964.PA0793	277	71
3590194	208964.PA4935	4373	593
3586042	208964.PA0782	744	858
3589876	208964.PA4616	11.5	4
3587979	208964.PA2717	21.5	8
3590206	208964.PA4947	51.8	30
3590483	208964.PA5224	174	102
3585923	208964.PA0662	300	147
3588291	208964.PA3029	352	96
3586873	208964.PA1610	318	48
3587416	208964.PA2153	3.68	3
3586910	208964.PA1647	7.05	4
3588657	208964.PA3396	94.4	16
3588839	208964.PA3578	75.0	18
3589484	208964.PA4223	188	74
3585340	208964.PA0081	4.69	3
3590414	208964.PA5155	49.6	15
3589786	208964.PA4525	10323	1080
3588360	208964.PA3098	18.2	4
3588898	208964.PA3637	774	521
3589530	208964.PA4269	3171	4710
3589308	208964.PA4047	79.2	39
3586604	208964.PA1343	41.6	8
3585260	208964.PA0001	147	73
3585526	208964.PA0266	1068	594
3588882	208964.PA3621	535	33
3588060	208964.PA2798	161	75
3587083	208964.PA1820	60.0	18
3590196	208964.PA4937	387	335
3585918	208964.PA0657	4.69	4
3587801	208964.PA2539	11.7	8
3589675	208964.PA4414	97.5	50
3588915	208964.PA3654	203	56
3585338	208964.PA0079	104	60
3588085	208964.PA2823	140	41
3586197	208964.PA0936	196	88
3590677	208964.PA5418	7.94	8
3590628	208964.PA5369	429	140
3586121	208964.PA0860	41.9	18
3588605	208964.PA3344	37.3	29
3589248	208964.PA3987	406	382
3586598	208964.PA1337	1660	623
3589998	208964.PA4739	798	44
3589692	208964.PA4431	2727	528
3586193	208964.PA0932	144	52
3589951	208964.PA4693	107	14
3586033	208964.PA0773	245	66
3589780	208964.PA4519	335	213
3589848	208964.PA4588	107	72
3587686	208964.PA2424	137	794
3589238	208964.PA3977	456	184
3590006	208964.PA4747	882	125
3587567	208964.PA2304	25.3	11
3586029	208964.PA0769	106	19
3588058	208964.PA2796	474	168
3588442	208964.PA3181	188	42
3590582	208964.PA5323	136	44
3585415	208964.PA0156	178	63
3585634	208964.PA0374	317	103
3586277	208964.PA1016	22.8	10
3589678	208964.PA4417	92.8	71
3586713	208964.PA1452	29.9	24
3586348	208964.PA1087	75.2	54
3590791	208964.PA5531	96.7	13
3589979	208964.PA4721	12.1	5
3589679	208964.PA4418	105	45
3585861	208964.PA0600	7.89	8
3586122	208964.PA0861	21.1	24
3586041	208964.PA0781	44.9	33
3587586	208964.PA2323	156	103
3588119	208964.PA2857	188	41
3588412	208964.PA3150	607	243
3585601	208964.PA0341	302	107
3588157	208964.PA2895	62.4	13
3586549	208964.PA1288	1773	760
3588907	208964.PA3646	113	41
3590768	208964.PA5508	23.7	10
3589219	208964.PA3958	58.5	28
3588503	208964.PA3242	184	43
3587527	208964.PA2264	53.1	12
3587168	208964.PA1905	377	182
3589874	208964.PA4614	1050	146
3588273	208964.PA3011	300	240
3588003	208964.PA2741	8825	221
3585491	208964.PA0231	46.6	5
3589581	208964.PA4320	50.7	16
3590516	208964.PA5257	598	329
3588987	208964.PA3726	41.4	10
3586049	208964.PA0789	10.8	7
3588896	208964.PA3635	936	314
3585842	208964.PA0581	65.9	10
3589812	208964.PA4552	157	50
3586864	208964.PA1601	4.28	4
3586579	208964.PA1318	89.2	32
3587058	208964.PA1795	246	164
3587899	208964.PA2637	209	23
3589437	208964.PA4176	203	29
3589744	208964.PA4483	440	276
3590021	208964.PA4762	1650	267
3589682	208964.PA4421	48.9	6
3585597	208964.PA0337	69.7	73
3585431	208964.PA0172	25.0	14
3588202	208964.PA2940	1.84	6
3590044	208964.PA4785	55.0	25
3587651	208964.PA2388	9.42	4
3590790	208964.PA5530	144	52
3588652	208964.PA3391	11.4	12
3588077	208964.PA2815	635	596
3588965	208964.PA3704	17.0	19
3587039	208964.PA1776	48.6	9
3587325	208964.PA2062	18.5	26
3588701	208964.PA3440	292	46
3587528	208964.PA2265	53.4	34
3585884	208964.PA0623	1513	255
3588215	208964.PA2953	800	538
3589066	208964.PA3805	343	116
3586232	208964.PA0971	212	32
3585336	208964.PA0077	279	378
3589258	208964.PA3997	61.9	16
3590812	208964.PA5552	3579	1179
3589708	208964.PA4447	84.3	29
3588036	208964.PA2774	273	35
3589980	208964.PA4722	87.7	34
3590820	208964.PA5560	513	122
3587095	208964.PA1832	133	57
3590174	208964.PA4915	40.8	460
3587664	208964.PA2402	76.4	541
3587652	208964.PA2389	101	55
3586019	208964.PA0759	121	49
3587814	208964.PA2552	168	64
3589142	208964.PA3881	72.9	8
3588051	208964.PA2789	23.0	11
3586995	208964.PA1732	11.0	3
3587675	208964.PA2413	166	97
3587264	208964.PA2001	1083	391
3589287	208964.PA4026	12.5	4
3590392	208964.PA5133	323	91
3590437	208964.PA5178	518	111
3588910	208964.PA3649	64.9	27
3589469	208964.PA4208	37.5	25
3588256	208964.PA2994	341	144
3590702	208964.PA5443	72.5	64
3588262	208964.PA3000	28.9	10
3590829	208964.PA5569	50.9	8
3586334	208964.PA1073	102	5
3588474	208964.PA3213	158	47
3585332	208964.PA0073	66.2	16
3590546	208964.PA5287	40.9	6
3586810	208964.PA1549	62.1	36
3589988	208964.PA4729	292	76
3588955	208964.PA3694	241	30
3589519	208964.PA4258	5672	398
3587707	208964.PA2445	452	426
3587656	208964.PA2393	110	75
3586684	208964.PA1423	32.3	460
3586043	208964.PA0783	141	58
3585865	208964.PA0604	657	227
3590422	208964.PA5163	143	47
3586150	208964.PA0889	44.0	9
3586180	208964.PA0919	98.8	48
3589630	208964.PA4369	247	49
3590674	208964.PA5415	13.2	10
3586265	208964.PA1004	78.4	25
3585772	208964.PA0511	42.4	13
3588508	208964.PA3247	502	270
3587726	208964.PA2464	18.8	4
3587166	208964.PA1903	117	192
3588600	208964.PA3339	24.7	21
3587969	208964.PA2707	142	58
3590610	208964.PA5351	70.4	9
3585626	208964.PA0366	40.9	20
3590814	208964.PA5554	5304	3358
3585734	208964.PA0473	72.0	27
3590299	208964.PA5040	296	263
3585542	208964.PA0282	92.2	26
3585593	208964.PA0333	7.01	3
3590457	208964.PA5198	57.4	21
3589462	208964.PA4201	65.7	15
3586711	208964.PA1450	74.5	17
3589162	208964.PA3901	180	116
3590658	208964.PA5399	5.75	4
3590211	208964.PA4952	49.2	23
3586703	208964.PA1442	228	46
3587085	208964.PA1822	31.5	24
3585294	208964.PA0035	35.1	9
3589046	208964.PA3785	119	24
3590313	208964.PA5054	328	145
3586067	208964.PA0807	643	199
3588380	208964.PA3118	95.0	40
3587661	208964.PA2398	2362	2210
3586315	208964.PA1054	6.44	3
3590297	208964.PA5038	219	80
3589693	208964.PA4432	2647	308
3585692	208964.PA0432	1308	878
3586851	208964.PA1588	2671	1368
3589635	208964.PA4374	154	62
3589478	208964.PA4217	726	238
3585863	208964.PA0602	47.2	17
3588948	208964.PA3687	172	175
3586790	208964.PA1529	83.3	59
3587012	208964.PA1749	62.3	11
3590669	208964.PA5410	8.04	5
3590632	208964.PA5373	297	139
3587460	208964.PA2197	132	58
3586096	208964.PA0835	206	120
3589953	208964.PA4695	129	28
3587457	208964.PA2194	151	89
3588617	208964.PA3356	121	46
3590267	208964.PA5008	190	44
3588376	208964.PA3114	5.89	3
3590684	208964.PA5425	77.7	17
3589113	208964.PA3852	39.5	7
3590334	208964.PA5075	86.9	33
3589614	208964.PA4353	8.01	3
3590484	208964.PA5225	98.5	12
3588815	208964.PA3554	123	86
3587804	208964.PA2542	2.61	3
3590273	208964.PA5014	85.2	110
3590507	208964.PA5248	106	45
3586690	208964.PA1429	146	104
3588372	208964.PA3110	199	20
3586899	208964.PA1636	11.9	8
3586846	208964.PA1583	2702	1403
3588357	208964.PA3095	250	33
3588252	208964.PA2990	360	87
3585680	208964.PA0420	67.3	40
3589901	208964.PA4642	33.4	5
3587835	208964.PA2573	130	634
3588902	208964.PA3641	577	124
3587054	208964.PA1791	547	151
3587019	208964.PA1756	20.8	5
3588798	208964.PA3537	131	46
3587790	208964.PA2528	123	57
3587203	208964.PA1940	43.2	16
3588918	208964.PA3657	71.1	21
3589505	208964.PA4244	3239	341
3587278	208964.PA2015	513	237
3590686	208964.PA5427	460	155
3589069	208964.PA3808	36.3	4
3586021	208964.PA0761	70.3	44
3588842	208964.PA3581	326	46
3588495	208964.PA3234	14.6	7
3588844	208964.PA3583	61.5	21
3588914	208964.PA3653	502	78
3588092	208964.PA2830	548	150
3589720	208964.PA4459	497	81
3586317	208964.PA1056	9.23	5
3590802	208964.PA5542	13.7	6
3588446	208964.PA3185	46.0	18
3589164	208964.PA3903	70.0	34
3589650	208964.PA4389	249	68
3586217	208964.PA0956	530	365
3590765	208964.PA5505	458	114
3589339	208964.PA4078	82.8	79
3588561	208964.PA3300	38.1	26
3589007	208964.PA3746	174	76
3589994	208964.PA4735	242	279
3589718	208964.PA4457	33.1	9
3589570	208964.PA4309	492	1331
3589822	208964.PA4562	56.6	20
3587374	208964.PA2111	7.38	3
3586837	208964.PA1574	343	30
3585342	208964.PA0083	66.4	16
3587813	208964.PA2551	72.7	36
3587905	208964.PA2643	176	56
3588010	208964.PA2748	9.36	4
3588653	208964.PA3392	209	105
3589504	208964.PA4243	1182	257
3588502	208964.PA3241	6.6	3
3589105	208964.PA3844	27.1	9
3589681	208964.PA4420	25.1	9
3590763	208964.PA5503	187	46
3587666	208964.PA2404	47.8	13
3587908	208964.PA2646	293	30
3590023	208964.PA4764	436	75
3590018	208964.PA4759	523	193
3590373	208964.PA5114	7.2	9
3587889	208964.PA2627	158	33
3588260	208964.PA2998	272	28
3590673	208964.PA5414	320	81
3589489	208964.PA4228	442	160
3588830	208964.PA3569	65.0	22
3585883	208964.PA0622	3282	1271
3588344	208964.PA3082	400	235
3588888	208964.PA3627	41.8	8
3587068	208964.PA1805	1217	713
3588977	208964.PA3716	853	433
3585929	208964.PA0668	167	84
3590271	208964.PA5012	35.4	15
3589896	208964.PA4636	171	89
3590792	208964.PA5532	13.4	4
3587944	208964.PA2682	11.2	6
3589621	208964.PA4360	330	65
3586467	208964.PA1206	17.0	4
3589086	208964.PA3825	12.8	8
3587994	208964.PA2732	42.9	67
3588090	208964.PA2828	157	63
3589077	208964.PA3816	313	102
3585344	208964.PA0085	493	95
3589829	208964.PA4569	363	150
3589424	208964.PA4163	148	105
3590225	208964.PA4966	63.3	19
3588266	208964.PA3004	102	19
3587017	208964.PA1754	205	78
3586633	208964.PA1372	215	169
3588890	208964.PA3629	231	47
3586388	208964.PA1127	24.2	10
3590465	208964.PA5206	19.2	9
3590557	208964.PA5298	18.1	4
3586906	208964.PA1643	13.9	6
3589005	208964.PA3744	18.0	4
3585688	208964.PA0428	556	369
3590734	208964.PA5474	30.5	20
3588570	208964.PA3309	2310	428
3585562	208964.PA0302	474	177
3589673	208964.PA4412	214	72
3590311	208964.PA5052	631	138
3588917	208964.PA3656	3404	646
3590350	208964.PA5091	12.7	5
3589926	208964.PA4667	109	72
3585277	208964.PA0018	8.3	3
3588404	208964.PA3142	13.5	3
3587315	208964.PA2052	18.1	5
3589648	208964.PA4387	120	10
3589583	208964.PA4322	408	132
3589700	208964.PA4439	250	126
3585922	208964.PA0661	37.2	7
3590634	208964.PA5375	20.7	9
3588528	208964.PA3267	62.7	33
3586374	208964.PA1113	2.91	3
3590393	208964.PA5134	474	193
3588565	208964.PA3304	57.4	14
3588743	208964.PA3482	405	338
3588006	208964.PA2744	453	271
3590636	208964.PA5377	33.2	3
3589482	208964.PA4221	3357	2657
3590806	208964.PA5546	105	54
3590336	208964.PA5077	335	299
3588972	208964.PA3711	25.3	9
3590286	208964.PA5027	162	65
3588369	208964.PA3107	218	115
3586179	208964.PA0918	134	31
3585870	208964.PA0609	106	61
3587873	208964.PA2611	52.4	23
3590364	208964.PA5105	52.3	17
3585812	208964.PA0551	23.5	9
3586341	208964.PA1080	991	295
3588361	208964.PA3099	34.4	5
3585715	208964.PA0455	6.21	4
3590818	208964.PA5558	2295	536
3590223	208964.PA4964	240	190
3590698	208964.PA5439	8.02	5
3590389	208964.PA5130	389	46
3588421	208964.PA3159	608	373
3589656	208964.PA4395	152	28
3586118	208964.PA0857	49.2	4
3590320	208964.PA5061	92.4	18
3585650	208964.PA0390	141	65
3590699	208964.PA5440	7.46	4
3589828	208964.PA4568	6144	567
3589967	208964.PA4709	92.9	44
3587502	208964.PA2239	8.77	3
3590538	208964.PA5279	7.18	3
3588935	208964.PA3674	566	80
3586852	208964.PA1589	2280	792
3589902	208964.PA4643	80.8	17
3589371	208964.PA4110	11.4	6
3589078	208964.PA3817	23.3	8
3589263	208964.PA4002	22.5	5
3590544	208964.PA5285	398	31
3588785	208964.PA3524	61.7	6
3588575	208964.PA3314	34.4	13
3588990	208964.PA3729	950	603
3585276	208964.PA0017	34.3	18
3587903	208964.PA2641	759	388
3590432	208964.PA5173	782	145
3590681	208964.PA5422	189	85
3589660	208964.PA4399	8.76	3
3587458	208964.PA2195	156	90
3587654	208964.PA2391	225	124
3588235	208964.PA2973	537	142
3588786	208964.PA3525	602	209
3590322	208964.PA5063	493	173
3588560	208964.PA3299	819	440
3585297	208964.PA0038	23.5	3
3586056	208964.PA0796	129	40
3587553	208964.PA2290	565	459
3586839	208964.PA1576	26.1	12
3588700	208964.PA3439	45.0	4
3588488	208964.PA3227	35.2	9
3590166	208964.PA4907	277	74
3586442	208964.PA1181	3.23	5
3586441	208964.PA1180	232	128
3586736	208964.PA1475	105	44
3587510	208964.PA2247	439	214
3586227	208964.PA0966	18.8	5
3589823	208964.PA4563	3796	152
3589749	208964.PA4488	3.5	3
3586600	208964.PA1339	451	100
3586587	208964.PA1326	17.6	20
3590004	208964.PA4745	1359	589
3589753	208964.PA4492	314	51
3586507	208964.PA1246	84.5	44
3585347	208964.PA0088	12.2	10
3589527	208964.PA4266	3530	4051
3588121	208964.PA2859	26.0	6
3588075	208964.PA2813	211	59
3590795	208964.PA5535	34.6	19
3589766	208964.PA4505	344	99
3590480	208964.PA5221	86.3	39
3590572	208964.PA5313	34.8	24
3587837	208964.PA2575	268	83
3588883	208964.PA3622	149	56
3585781	208964.PA0520	55.9	22
3587929	208964.PA2667	4451	623
3588557	208964.PA3296	13.5	5
3590172	208964.PA4913	40.2	8
3585669	208964.PA0409	108	17
3590623	208964.PA5364	9.54	3
3589858	208964.PA4598	13.3	50
3586264	208964.PA1003	29.1	11
3589064	208964.PA3803	109	51
3586206	208964.PA0945	192	68
3590827	208964.PA5567	16.0	8
3585430	208964.PA0171	17.1	4
3588969	208964.PA3708	271	169
3587263	208964.PA2000	188	56
3587913	208964.PA2651	267	30
3585300	208964.PA0041	157	1112
3590252	208964.PA4993	45.8	15
3590213	208964.PA4954	214	45
3589390	208964.PA4129	34.8	4
3588045	208964.PA2783	17.1	10
3590232	208964.PA4973	43.4	28
3589249	208964.PA3988	1156	266
3585561	208964.PA0301	58.2	27
3589470	208964.PA4209	462	158
3588288	208964.PA3026	9.9	7
3587906	208964.PA2644	448	94
3586027	208964.PA0767	189	117
3587250	208964.PA1987	12.5	3
3590446	208964.PA5187	35.1	129
3588563	208964.PA3302	46.5	10
3588303	208964.PA3041	94.3	8
3588516	208964.PA3255	12.0	4
3588676	208964.PA3415	7.82	3
3587649	208964.PA2386	742	395
3585912	208964.PA0651	56.2	23
3585966	208964.PA0705	85.3	22
3588909	208964.PA3648	694	533
3590426	208964.PA5167	6.65	3
3589459	208964.PA4198	21.1	14
3585421	208964.PA0162	174	94
3590319	208964.PA5060	3477	190
3585668	208964.PA0408	40.6	8
3590098	208964.PA4839	92.3	82
3585353	208964.PA0094	24.3	4
3588447	208964.PA3186	1025	900
3588993	208964.PA3732	76.6	5
3590104	208964.PA4845	177	85
3588062	208964.PA2800	125	32
3589376	208964.PA4115	75.6	34
3589553	208964.PA4292	174	63
3589512	208964.PA4251	3626	537
3589460	208964.PA4199	236	277
3587791	208964.PA2529	76.4	40
3589475	208964.PA4214	117	192
3588138	208964.PA2876	79.6	30
3588383	208964.PA3121	24.1	14
3589999	208964.PA4740	2049	1562
3585913	208964.PA0652	890	208
3586999	208964.PA1736	48.3	25
3590127	208964.PA4868	83.6	36
3586463	208964.PA1202	360	81
3590195	208964.PA4936	167	40
3585318	208964.PA0059	26.2	4
3588229	208964.PA2967	3979	872
3587029	208964.PA1766	302	138
3589228	208964.PA3967	38.0	5
3585543	208964.PA0283	94.2	44
3590498	208964.PA5239	814	470
3587910	208964.PA2648	101	21
3589813	208964.PA4553	113	33
3586235	208964.PA0974	268	43
3589516	208964.PA4255	1344	104
3588897	208964.PA3636	297	76
3589080	208964.PA3819	426	60
3586726	208964.PA1465	198	27
3590200	208964.PA4941	1365	241
3585868	208964.PA0607	167	44
3587725	208964.PA2463	57.5	82
3589707	208964.PA4446	233	92
3588713	208964.PA3452	585	239
3585416	208964.PA0157	115	40
3588431	208964.PA3170	38.8	16
3587119	208964.PA1856	27.3	30
3587296	208964.PA2033	184	19
3588264	208964.PA3002	101	136
3589807	208964.PA4547	65.8	28
3585875	208964.PA0614	79.5	10
3586293	208964.PA1032	23.5	23
3590813	208964.PA5553	1759	167
3589717	208964.PA4456	362	102
3588259	208964.PA2997	461	158
3589954	208964.PA4696	211	100
3590739	208964.PA5479	352	114
3588876	208964.PA3615	140	39
3589545	208964.PA4284	3.47	6
3588601	208964.PA3340	9.54	3
3585329	208964.PA0070	2839	636
3587277	208964.PA2014	702	490
3589761	208964.PA4500	198	139
3587866	208964.PA2604	393	50
3587076	208964.PA1813	79.2	26
3590617	208964.PA5358	11.3	5
3589655	208964.PA4394	489	145
3585341	208964.PA0082	10.5	3
3585523	208964.PA0263	104	57
3589477	208964.PA4216	380	182
3585728	208964.PA0467	14.9	5
3589765	208964.PA4504	38.1	7
3589099	208964.PA3838	318	109
3589821	208964.PA4561	731	323
3587803	208964.PA2541	56.9	3
3590107	208964.PA4848	1082	446
3589501	208964.PA4240	2110	358
3588220	208964.PA2958	16.9	9
3588517	208964.PA3256	205	79
3588947	208964.PA3686	606	139
3588225	208964.PA2963	91.5	47
3590713	208964.PA5454	49.0	14
3586755	208964.PA1494	136	66
3587841	208964.PA2579	20.8	8
3589183	208964.PA3922	291	139
3588906	208964.PA3645	2480	289
3590576	208964.PA5317	73.6	38
3586909	208964.PA1646	60.2	490
3585568	208964.PA0308	31.4	17
3590255	208964.PA4996	135	84
3589322	208964.PA4061	168	54
3587032	208964.PA1769	59.5	19
3585689	208964.PA0429	36.5	15
3589613	208964.PA4352	911	281
3590099	208964.PA4840	56.2	9
3586859	208964.PA1596	1586	1234
3589966	208964.PA4708	4.58	3
3589245	208964.PA3984	320	144
3585541	208964.PA0281	63.8	19
3587307	208964.PA2044	129	95
3586622	208964.PA1361	11.6	4
3586148	208964.PA0887	469	361
3586156	208964.PA0895	722	380
3585880	208964.PA0619	19.6	5
3590333	208964.PA5074	223	38
3590493	208964.PA5234	19.1	8
3587648	208964.PA2385	58.5	46
3588088	208964.PA2826	19.7	5
3585267	208964.PA0008	339	271
3585275	208964.PA0016	111	45
3585819	208964.PA0558	40.4	13
3587876	208964.PA2614	206	75
3585400	208964.PA0141	951	290
3589764	208964.PA4503	309	60
3585920	208964.PA0659	206	27
3588937	208964.PA3676	7.48	12
3586723	208964.PA1462	36.8	8
3587267	208964.PA2004	35.1	10
3587275	208964.PA2012	760	465
3589710	208964.PA4449	139	41
3589191	208964.PA3930	260	67
3588544	208964.PA3283	12.3	3
3588879	208964.PA3618	18.0	6
3587793	208964.PA2531	366	182
3588403	208964.PA3141	392	284
3590329	208964.PA5070	398	59
3585697	208964.PA0437	98.1	37
3589756	208964.PA4495	865	201
3586721	208964.PA1460	253	46
3589260	208964.PA3999	1541	519
3587704	208964.PA2442	315	136
3590489	208964.PA5230	42.9	9
3589071	208964.PA3810	112	92
3590380	208964.PA5121	54.9	28
3587207	208964.PA1944	41.1	29
3590712	208964.PA5453	84.5	29
3588486	208964.PA3225	130	46
3590476	208964.PA5217	114	28
3589946	208964.PA4687	139	57
3586477	208964.PA1216	35.1	14
3590700	208964.PA5441	160	136
3586192	208964.PA0931	23.7	22
3588358	208964.PA3096	62.2	21
3589525	208964.PA4264	1960	239
3586977	208964.PA1714	9.75	3
3589986	208964.PA4727	274	136
3587566	208964.PA2303	13.1	5
3588732	208964.PA3471	355	165
3588726	208964.PA3465	114	44
3589534	208964.PA4273	3511	1049
3587000	208964.PA1737	93.4	71
3587659	208964.PA2396	112	29
3588069	208964.PA2807	24.5	5
3587645	208964.PA2382	9.46	6
3590250	208964.PA4991	68.4	44
3590247	208964.PA4988	28.2	13
3587082	208964.PA1819	8.55	3
3588149	208964.PA2887	11.5	5
3590293	208964.PA5034	12.7	4
3587013	208964.PA1750	229	77
3586972	208964.PA1709	983	358
3589952	208964.PA4694	1817	746
3589417	208964.PA4156	7.36	8
3585681	208964.PA0421	354	174
3586554	208964.PA1293	464	133
3585638	208964.PA0378	15.5	6
3589523	208964.PA4262	5489	1037
3587415	208964.PA2152	11.4	21
3587059	208964.PA1796	196	60
3586694	208964.PA1433	56.6	44
3585879	208964.PA0618	139	45
3588341	208964.PA3079	4.42	5
3588223	208964.PA2961	19.3	10
3586260	208964.PA0999	322	123
3589451	208964.PA4190	177	83
3590622	208964.PA5363	38.1	14
3589135	208964.PA3874	290	166
3585889	208964.PA0628	50.6	20
3588284	208964.PA3022	189	46
3589811	208964.PA4551	110	25
3589328	208964.PA4067	3747	886
3589084	208964.PA3823	137	67
3586312	208964.PA1051	88.7	19
3586872	208964.PA1609	6764	2057
3586744	208964.PA1483	489	228
3588796	208964.PA3535	212	239
3588393	208964.PA3131	44.5	14
3588475	208964.PA3214	114	26
3590738	208964.PA5478	27.2	11
3588558	208964.PA3297	16.5	30
3589515	208964.PA4254	4266	181
3587604	208964.PA2341	14.5	8
3589680	208964.PA4419	65.2	7
3585545	208964.PA0285	15.7	17
3587874	208964.PA2612	300	118
3587190	208964.PA1927	8.73	10
3588574	208964.PA3313	200	92
3587303	208964.PA2040	38.7	38
3586850	208964.PA1587	2454	1329
3590424	208964.PA5165	46.1	38
3586382	208964.PA1121	11.1	3
3589144	208964.PA3883	57.7	12
3590376	208964.PA5117	352	131
3586424	208964.PA1163	12.8	12
3589962	208964.PA4704	69.1	24
3588997	208964.PA3736	208	95
3585683	208964.PA0423	1431	426
3590602	208964.PA5343	26.7	10
3589715	208964.PA4454	933	148
3586396	208964.PA1135	151	39
3589315	208964.PA4054	237	117
3585816	208964.PA0555	997	298
3590045	208964.PA4786	154	82
3586944	208964.PA1681	164	84
3586805	208964.PA1544	109	28
3588241	208964.PA2979	197	47
3589762	208964.PA4501	161	78
3590378	208964.PA5119	891	437
3589568	208964.PA4307	615	1451
3586512	208964.PA1251	30.9	34
3590689	208964.PA5430	49.2	13
3586971	208964.PA1708	338	119
3586052	208964.PA0792	288	147
3590198	208964.PA4939	144	56
3590261	208964.PA5002	128	59
3586333	208964.PA1072	31.2	17
3590521	208964.PA5262	12.4	4
3588588	208964.PA3327	157	453
3589948	208964.PA4689	174	194
3585807	208964.PA0546	1173	452
3589929	208964.PA4670	1100	523
3590036	208964.PA4777	125	62
3585785	208964.PA0524	101	33
3586224	208964.PA0963	744	516
3588250	208964.PA2988	325	72
3587376	208964.PA2113	264	133
3588333	208964.PA3071	24.3	9
3587247	208964.PA1984	316	442
3588995	208964.PA3734	250	91
3589805	208964.PA4545	393	151
3589133	208964.PA3872	44.9	12
3586204	208964.PA0943	325	91
3588130	208964.PA2868	92.6	9
3585649	208964.PA0389	123	37
3590824	208964.PA5564	30.6	9
3590296	208964.PA5037	481	220
3589631	208964.PA4370	2012	696
3588933	208964.PA3672	13.8	4
3589742	208964.PA4481	828	315
3587655	208964.PA2392	157	84
3587754	208964.PA2492	22.0	8
3589881	208964.PA4621	4.64	6
3589674	208964.PA4413	32.1	9
3589579	208964.PA4318	40.2	12
3585349	208964.PA0090	127	139
3587892	208964.PA2630	62.9	23
3585822	208964.PA0561	7.96	6
3585996	208964.PA0735	102	38
3589136	208964.PA3875	265	397
3587011	208964.PA1748	77.1	19
3586505	208964.PA1244	72.3	9
3588992	208964.PA3731	394	96
3589676	208964.PA4415	22.8	8
3585855	208964.PA0594	341	186
3590559	208964.PA5300	930	144
3589242	208964.PA3981	102	33
3585268	208964.PA0009	211	84
3585859	208964.PA0598	19.3	3
3588927	208964.PA3666	491	176
3585671	208964.PA0411	877	427
3588414	208964.PA3152	33.5	10
3588113	208964.PA2851	1130	248
3588136	208964.PA2874	8.51	3
3589473	208964.PA4212	30.8	30
3587009	208964.PA1746	137	22
3588022	208964.PA2760	3943	1915
3589467	208964.PA4206	172	85
3585849	208964.PA0588	451	289
3589517	208964.PA4256	4109	368
3590218	208964.PA4959	170	123
3585334	208964.PA0075	14.9	5
3586305	208964.PA1044	25.8	5
3590260	208964.PA5001	290	121
3586381	208964.PA1120	22.2	6
3588904	208964.PA3643	43.9	17
3590017	208964.PA4758	672	169
3587672	208964.PA2410	60.8	22
3590672	208964.PA5413	480	140
3585435	208964.PA0176	26.2	21
3590460	208964.PA5201	127	110
3587481	208964.PA2218	5.9	3
3587499	208964.PA2236	14.9	6
3588345	208964.PA3083	385	526
3589601	208964.PA4340	26.4	7
3588249	208964.PA2987	159	12
3590633	208964.PA5374	174	41
3588957	208964.PA3696	107	32
3588440	208964.PA3179	326	121
3589123	208964.PA3862	10.0	4
3589059	208964.PA3798	29.8	14
3587088	208964.PA1825	137	36
3589991	208964.PA4732	348	206
3589141	208964.PA3880	14.6	3
3590635	208964.PA5376	131	61
3587036	208964.PA1773	56.9	20
3586126	208964.PA0865	1012	404
3586742	208964.PA1481	165	38
3586420	208964.PA1159	3091	120
3587990	208964.PA2728	34.5	37
3585556	208964.PA0296	35.4	38
3588400	208964.PA3138	52.0	32
3590301	208964.PA5042	324	72
3585891	208964.PA0630	449	75
3590071	208964.PA4812	321	407
3589594	208964.PA4333	322	188
3589938	208964.PA4679	123	18
3590571	208964.PA5312	724	382
3590379	208964.PA5120	40.8	5
3589083	208964.PA3822	5151	370
3588499	208964.PA3238	6.59	4
3588255	208964.PA2993	46.8	20
3590212	208964.PA4953	150	48
3588337	208964.PA3075	70.8	44
3589536	208964.PA4275	758	164
3588037	208964.PA2775	315	21
3587079	208964.PA1816	55.2	15
3586432	208964.PA1171	217	97
3587854	208964.PA2592	33.7	10
3589186	208964.PA3925	73.5	27
3589914	208964.PA4655	82.9	29
3588900	208964.PA3639	636	233
3588865	208964.PA3604	32.7	14
3589871	208964.PA4611	204	11
3588455	208964.PA3194	472	249
3590412	208964.PA5153	48.0	20
3585565	208964.PA0305	43.0	39
3587565	208964.PA2302	155	367
3589060	208964.PA3799	332	149
3586031	208964.PA0771	94.0	35
3585825	208964.PA0564	12.2	4
3586223	208964.PA0962	739	117
3589659	208964.PA4398	30.6	18
3589551	208964.PA4290	81.7	60
3585389	208964.PA0130	215	104
3589636	208964.PA4375	46.0	39
3590411	208964.PA5152	384	111
3586887	208964.PA1624	37.7	14
3590192	208964.PA4933	90.6	12
3586325	208964.PA1064	443	113
3587332	208964.PA2069	160	124
3587907	208964.PA2645	140	16
3585558	208964.PA0298	77.1	33
3588353	208964.PA3091	45.2	27
3590305	208964.PA5046	1287	558
3588602	208964.PA3341	115	22
3587498	208964.PA2235	391	276
3589699	208964.PA4438	71.8	35
3590372	208964.PA5113	201	108
3589798	208964.PA4538	226	104
3590591	208964.PA5332	495	193
3589493	208964.PA4232	772	166
3585721	208964.PA0460	157	33
3587660	208964.PA2397	153	73
3587373	208964.PA2110	43.8	12
3589767	208964.PA4506	286	117
3586098	208964.PA0837	201	20
3590327	208964.PA5068	472	31
3589569	208964.PA4308	36.3	20
3588801	208964.PA3540	4.31	3
3586740	208964.PA1479	214	29
3585579	208964.PA0319	25.5	10
3586782	208964.PA1521	36.0	23
3586504	208964.PA1243	3.99	4
3586820	208964.PA1557	330	103
3590574	208964.PA5315	548	21
3588831	208964.PA3570	684	373
3589721	208964.PA4460	308	53
3586969	208964.PA1706	821	314
3586812	208964.PA1551	222	113
3586458	208964.PA1197	17.0	5
3589973	208964.PA4715	105	46
3589577	208964.PA4316	100	56
3590135	208964.PA4876	214	44
3588427	208964.PA3166	79.0	35
3587591	208964.PA2328	17.7	7
3588875	208964.PA3614	263	139
3590490	208964.PA5231	132	156
3588908	208964.PA3647	1072	113
3590337	208964.PA5078	463	228
3586207	208964.PA0946	272	42
3589984	208964.PA4725	61.1	39
3587844	208964.PA2582	32.0	3
3588368	208964.PA3106	13.5	5
3589735	208964.PA4474	208	102
3586545	208964.PA1284	39.4	172
3589836	208964.PA4576	227	245
3590084	208964.PA4825	99.4	88
3590828	208964.PA5568	1417	550
3590510	208964.PA5251	86.2	8
3589311	208964.PA4050	31.4	3
3590472	208964.PA5213	63.9	78
3589816	208964.PA4556	274	34
3589524	208964.PA4263	3591	503
3590396	208964.PA5137	12.5	4
3585595	208964.PA0335	25.2	10
3589824	208964.PA4564	84.5	14
3588391	208964.PA3129	62.5	22
3590715	208964.PA5456	18.3	6
3587497	208964.PA2234	212	44
3590599	208964.PA5340	134	39
3585690	208964.PA0430	195	81
3586288	208964.PA1027	38.1	24
3589307	208964.PA4046	172	8
3590390	208964.PA5131	754	312
3587126	208964.PA1863	8.31	3
3588721	208964.PA3460	23.4	18
3589651	208964.PA4390	55.2	21
3587902	208964.PA2640	315	59
3590458	208964.PA5199	126	78
3590685	208964.PA5426	353	76
3589664	208964.PA4403	759	698
3587996	208964.PA2734	33.9	24
3586578	208964.PA1317	203	54
3588505	208964.PA3244	682	201
3588556	208964.PA3295	40.7	7
3589466	208964.PA4205	12.7	3
3589641	208964.PA4380	24.5	10
3586440	208964.PA1179	203	59
3589959	208964.PA4701	470	359
3590420	208964.PA5161	179	71
3585424	208964.PA0165	189	33
3585887	208964.PA0626	18.8	7
3587496	208964.PA2233	25.9	9
3589689	208964.PA4428	33.8	12
3588315	208964.PA3053	13.5	6
3590182	208964.PA4923	50.7	4
3586055	208964.PA0795	771	332
3585673	208964.PA0413	158	417
3585662	208964.PA0402	472	211
3589063	208964.PA3802	198	99
3587135	208964.PA1872	85.8	18
3589834	208964.PA4574	41.5	8
3586693	208964.PA1432	66.5	15
3585905	208964.PA0644	21.1	4
3586874	208964.PA1611	36.5	23
3585613	208964.PA0353	240	134
3587634	208964.PA2371	2.37	3
3589855	208964.PA4595	545	374
3590762	208964.PA5502	18.7	5
3589724	208964.PA4463	455	36
3586555	208964.PA1294	12.5	7
3589511	208964.PA4250	5000	170
3587669	208964.PA2407	145	56
3585308	208964.PA0049	12.9	7
3586750	208964.PA1489	1.28	6
3587816	208964.PA2554	160	55
3589050	208964.PA3789	107	69
3587501	208964.PA2238	28.2	9
3586936	208964.PA1673	18.5	3
3589119	208964.PA3858	10.4	6
3589547	208964.PA4286	54.9	11
3586160	208964.PA0899	163	88
3590452	208964.PA5193	36.9	13
3586015	208964.PA0755	328	139
3586816	208964.PA1554	297	92
3590279	208964.PA5020	32.4	172
3588953	208964.PA3692	1253	318
3586131	208964.PA0870	713	418
3588506	208964.PA3245	121	11
3590034	208964.PA4775	323	75
3586214	208964.PA0953	186	41
3589479	208964.PA4218	254	72
3586878	208964.PA1615	389	31
3589195	208964.PA3934	208	72
3589788	208964.PA4528	167	29
3586262	208964.PA1001	10.9	9
3587193	208964.PA1930	64.9	490
3590028	208964.PA4769	23.2	8
3588961	208964.PA3700	401	248
3589231	208964.PA3970	206	119
3588742	208964.PA3481	246	83
3587232	208964.PA1969	266	24
3586195	208964.PA0934	198	169
3590210	208964.PA4951	32.1	5
3586722	208964.PA1461	72.7	19
3586599	208964.PA1338	175	116
3586171	208964.PA0910	29.1	6
3586130	208964.PA0869	141	64
3589825	208964.PA4565	186	54
3588511	208964.PA3250	40.7	22
3590295	208964.PA5036	39.5	66
3589817	208964.PA4557	29.6	8
3588828	208964.PA3567	10.4	4
3586921	208964.PA1658	83.4	53
3585576	208964.PA0316	603	328
3589508	208964.PA4247	3137	361
3589181	208964.PA3920	59.7	31
3589741	208964.PA4480	192	76
3587692	208964.PA2430	28.4	11
3589520	208964.PA4259	1413	159
3590302	208964.PA5043	289	36
3587015	208964.PA1752	47.6	23
3587379	208964.PA2116	178	40
3590469	208964.PA5210	35.2	28
3587262	208964.PA1999	443	66
3588211	208964.PA2949	105	53
3588135	208964.PA2873	25.3	15
3589075	208964.PA3814	3145	1435
3585847	208964.PA0586	64.8	25
3588529	208964.PA3268	108	86
3590351	208964.PA5092	55.1	30
3588242	208964.PA2980	491	26
3585507	208964.PA0247	9.52	5
3585540	208964.PA0280	192	60
3589661	208964.PA4400	204	34
3590474	208964.PA5215	172	45
3586466	208964.PA1205	15.1	5
3589079	208964.PA3818	170	47
3586269	208964.PA1008	147	23
3588244	208964.PA2982	196	42
3586725	208964.PA1464	490	146
3589522	208964.PA4261	2586	162
3589107	208964.PA3846	16.3	3
3587714	208964.PA2452	86.9	32
3589074	208964.PA3813	247	37
3586456	208964.PA1195	68.1	25
3587272	208964.PA2009	445	202
3586159	208964.PA0898	194	95
3585551	208964.PA0291	2890	1378
3588163	208964.PA2901	72.6	11
3587802	208964.PA2540	347	204
3586636	208964.PA1375	44.3	20
3588821	208964.PA3560	94.7	30
3589736	208964.PA4475	5.28	3
3590431	208964.PA5172	5753	1701
3586166	208964.PA0905	586	19
3589203	208964.PA3942	18.0	6
3588283	208964.PA3021	183	16
3587799	208964.PA2537	278	91
3587164	208964.PA1901	30.8	30
3590000	208964.PA4741	3727	109
3588364	208964.PA3102	71.0	24
3586219	208964.PA0958	2851	1156
3590501	208964.PA5242	292	318
3590101	208964.PA4842	1129	373
3589580	208964.PA4319	47.6	13
3590266	208964.PA5007	68.3	13
3590463	208964.PA5204	126	50
3589499	208964.PA4238	5305	1719
3585632	208964.PA0372	438	239
3587728	208964.PA2466	27.8	30
3588874	208964.PA3613	272	224
3588716	208964.PA3455	98.3	66
3588355	208964.PA3093	126	65
3585722	208964.PA0461	162	43
3589246	208964.PA3985	19.0	8
3587916	208964.PA2654	315	682
3586825	208964.PA1562	650	428
3590203	208964.PA4944	3946	651
3586259	208964.PA0998	721	288
3587807	208964.PA2545	63.1	21
3589709	208964.PA4448	286	150
3590274	208964.PA5015	1790	1325
3588794	208964.PA3533	510	73
3588023	208964.PA2761	21.3	3
3589521	208964.PA4260	3999	837
3586271	208964.PA1010	390	155
3590201	208964.PA4942	1776	716
3587103	208964.PA1840	163	17
3586347	208964.PA1086	87.2	73
3590220	208964.PA4961	432	148
3589995	208964.PA4736	49.4	6
3589571	208964.PA4310	656	1420
3588886	208964.PA3625	75.5	12
3587997	208964.PA2735	164	142
3588002	208964.PA2740	130	45
3589057	208964.PA3796	57.3	5
3587328	208964.PA2065	80.9	37
3585487	208964.PA0227	7.65	3
3585798	208964.PA0537	931	288
3588799	208964.PA3538	113	48
3586352	208964.PA1091	21.0	36
3585886	208964.PA0625	133	84
3586274	208964.PA1013	414	98
3588884	208964.PA3623	198	57
3586327	208964.PA1066	45.1	10
3587641	208964.PA2378	159	148
3588385	208964.PA3123	175	36
3590705	208964.PA5446	206	12
3588420	208964.PA3158	572	166
3586634	208964.PA1373	166	70
3589092	208964.PA3831	1239	694
3588998	208964.PA3737	23.0	6
3589253	208964.PA3992	87.8	50
3587288	208964.PA2025	251	162
3586343	208964.PA1082	19.0	4
3587757	208964.PA2495	1023	466
3590473	208964.PA5214	32.5	4
3590770	208964.PA5510	85.1	14
3588592	208964.PA3331	111	33
3587382	208964.PA2119	303	95
3590430	208964.PA5171	2880	1692
3585525	208964.PA0265	900	487
3588836	208964.PA3575	157	26
3590514	208964.PA5255	75.8	6
3586157	208964.PA0896	224	73
3586314	208964.PA1053	3268	326
3590680	208964.PA5421	64.7	27
3585856	208964.PA0595	957	1021
3587052	208964.PA1789	135	50
3587040	208964.PA1777	14525	4549
3586117	208964.PA0856	718	145
3588026	208964.PA2764	82.0	19
3590781	208964.PA5521	21.1	8
3590353	208964.PA5094	21.7	6
3585642	208964.PA0382	19.4	5
3585350	208964.PA0091	64.5	110
3590479	208964.PA5220	54.8	11
3588248	208964.PA2986	145	38
3588162	208964.PA2900	249	81
3586110	208964.PA0849	435	212
3589723	208964.PA4462	24.0	14
3589789	208964.PA4529	21.7	5
3585607	208964.PA0347	22.4	10
3585833	208964.PA0572	429	380
3590228	208964.PA4969	71.0	24
3589211	208964.PA3950	34.7	24
3589528	208964.PA4267	5574	554
3586566	208964.PA1305	178	23
3586248	208964.PA0987	4.23	3
3590263	208964.PA5004	209	90
3588727	208964.PA3466	266	135
3586416	208964.PA1155	261	124
3588396	208964.PA3134	202	126
3588214	208964.PA2952	2329	546
3589027	208964.PA3766	87.3	16
3585933	208964.PA0672	105	24
3589737	208964.PA4476	50.8	90
3588913	208964.PA3652	23.3	6
3587271	208964.PA2008	703	334
3585278	208964.PA0019	451	62
3590303	208964.PA5044	736	296
3589127	208964.PA3866	59.4	59
3589804	208964.PA4544	90.5	25
3585270	208964.PA0011	132	43
3587823	208964.PA2561	54.5	586
3587500	208964.PA2237	9.13	7
3586097	208964.PA0836	101	43
3590357	208964.PA5098	204	106
3589920	208964.PA4661	3615	815
3586486	208964.PA1225	28.9	11
3590596	208964.PA5337	1451	64
3586188	208964.PA0927	54.9	24
3585590	208964.PA0330	63.2	17
3590366	208964.PA5107	62.5	18
3590799	208964.PA5539	11.7	3
3589441	208964.PA4180	115	56
3589261	208964.PA4000	9.61	4
3586796	208964.PA1535	39.7	15
3588434	208964.PA3173	14.4	3
3589022	208964.PA3761	59.1	31
3587407	208964.PA2144	29.1	30
3589934	208964.PA4675	1722	1392
3588120	208964.PA2858	54.7	33
3587281	208964.PA2018	2.0	3
3585667	208964.PA0407	90.6	39
3590208	208964.PA4949	21.7	13
3586094	208964.PA0833	831	193
3586398	208964.PA1137	10.3	5
3590401	208964.PA5142	87.7	29
3590007	208964.PA4748	203	39
3586022	208964.PA0762	480	92
3589241	208964.PA3980	17.8	15
3588050	208964.PA2788	475	618
3589792	208964.PA4532	23.6	3
3589114	208964.PA3853	71.1	21
3589379	208964.PA4118	38.7	10
3586198	208964.PA0937	130	15
3586794	208964.PA1533	98.1	13
3589647	208964.PA4386	2602	226
3590069	208964.PA4810	13.6	3
3585686	208964.PA0426	615	544
3588504	208964.PA3243	105	25
3587066	208964.PA1803	456	421
3589076	208964.PA3815	301	42
3589930	208964.PA4671	2244	590
3590272	208964.PA5013	1173	358
3589879	208964.PA4619	9.54	6
3588309	208964.PA3047	66.2	37
3586417	208964.PA1156	853	876
3585402	208964.PA0143	78.3	29
3586510	208964.PA1249	214	101
3589488	208964.PA4227	15.4	5
3590575	208964.PA5316	2274	173
3588300	208964.PA3038	1018	478
3588129	208964.PA2867	460	761
3585655	208964.PA0395	137	73
3590033	208964.PA4774	20.6	6
3586915	208964.PA1652	22.6	3
3586030	208964.PA0770	8.76	3
3585685	208964.PA0425	981	314
3588237	208964.PA2975	97.9	16
3586741	208964.PA1480	20.3	9
3588655	208964.PA3394	5.7	3
3585806	208964.PA0545	36.8	14
3586603	208964.PA1342	1642	606
3588093	208964.PA2831	153	61
3586128	208964.PA0867	787	101
3586054	208964.PA0794	167	155
3590008	208964.PA4749	345	142
3587327	208964.PA2064	278	78
3588788	208964.PA3527	271	133
3589100	208964.PA3839	14.3	9
3588409	208964.PA3147	311	131
3589513	208964.PA4252	3358	309
3589316	208964.PA4055	73.6	13
3587075	208964.PA1812	5.54	4
3590264	208964.PA5005	625	405
3587107	208964.PA1844	103	26
3590270	208964.PA5011	9.52	4
3588282	208964.PA3020	23.0	21
3590027	208964.PA4768	101	8
3585588	208964.PA0328	496	336
3589808	208964.PA4548	85.4	38
3589814	208964.PA4554	468	493
3589497	208964.PA4236	3978	1668
3589538	208964.PA4277	10004	10428
3586860	208964.PA1597	65.5	19
3589392	208964.PA4131	310	176
3587056	208964.PA1793	1278	171
3589632	208964.PA4371	44.9	13
3589061	208964.PA3800	946	347
3586329	208964.PA1068	24.1	22
3586039	208964.PA0779	339	269
3587038	208964.PA1775	225	100
3586896	208964.PA1633	22.7	3
3588696	208964.PA3435	31.2	4
3586720	208964.PA1459	145	71
3585694	208964.PA0434	941	447
3588217	208964.PA2955	11.9	3
3590561	208964.PA5302	279	83
3586863	208964.PA1600	30.9	11
3586564	208964.PA1303	14.8	3
3586331	208964.PA1070	326	109
3590388	208964.PA5129	100	5
3586942	208964.PA1679	45.5	13
3585567	208964.PA0307	31.0	5
3587064	208964.PA1801	473	77
3589393	208964.PA4132	52.0	34
3590324	208964.PA5065	253	181
3585841	208964.PA0580	18.7	9
3590294	208964.PA5035	99.8	51
3587073	208964.PA1810	77.1	60
3589180	208964.PA3919	149	66
3588424	208964.PA3162	4214	2501
3588824	208964.PA3563	34.6	15
3590665	208964.PA5406	51.7	10
3585910	208964.PA0649	56.0	10
3589394	208964.PA4133	174	68
3587946	208964.PA2684	37.9	55
3587742	208964.PA2480	29.9	14
3587881	208964.PA2619	70.0	8
3585769	208964.PA0508	87.7	188
3587849	208964.PA2587	165	85
3589774	208964.PA4513	10.3	11
3586817	208964.PA1555	1057	451
3589578	208964.PA4317	1465	91
3589540	208964.PA4279	20.7	5
3590809	208964.PA5549	248	178
3588336	208964.PA3074	10.8	5
3589266	208964.PA4005	386	41
3589687	208964.PA4426	416	80
3586605	208964.PA1344	34.1	10
3588207	208964.PA2945	55.2	22
3590217	208964.PA4958	84.7	43
3590146	208964.PA4887	25.0	7
3590592	208964.PA5333	289	23
3588428	208964.PA3167	426	153
3586819	208964.PA1556	2850	611
3586824	208964.PA1561	539	713
3586007	208964.PA0746	147	69
3589900	208964.PA4640	930	359
3589024	208964.PA3763	350	459
3590339	208964.PA5080	161	54
3590423	208964.PA5164	172	51
3587260	208964.PA1997	13.0	12
3588921	208964.PA3660	66.4	35
3590447	208964.PA5188	15.5	8
3586008	208964.PA0747	139	141
3588571	208964.PA3310	8.52	5
3589875	208964.PA4615	142	37
3586950	208964.PA1687	85.3	28
3589719	208964.PA4458	29.5	7
3589818	208964.PA4558	58.3	11
3589507	208964.PA4246	4601	1016
3588744	208964.PA3483	270	91
3589593	208964.PA4332	14.7	7
3590139	208964.PA4880	12.0	4
3589968	208964.PA4710	614	581
3586698	208964.PA1437	18.6	5
3586553	208964.PA1292	34.2	13
3586483	208964.PA1222	74.8	21
3586848	208964.PA1585	830	628
3588059	208964.PA2797	36.4	8
3590354	208964.PA5095	8.78	3
3587767	208964.PA2505	155	81
3587227	208964.PA1964	5.02	3
3588540	208964.PA3279	86.8	87
3589622	208964.PA4361	10.1	5
3588221	208964.PA2959	110	31
3589899	208964.PA4639	1022	265
3585743	208964.PA0482	1147	951
3588569	208964.PA3308	183	206
3585560	208964.PA0300	430	210
3589826	208964.PA4566	253	91
3586401	208964.PA1140	58.2	16
3585391	208964.PA0132	39.4	22
3587888	208964.PA2626	73.0	37
3588587	208964.PA3326	398	58
3586362	208964.PA1101	131	67
3588432	208964.PA3171	232	61
3586644	208964.PA1383	17.9	11
3586781	208964.PA1520	111	43
3590067	208964.PA4808	15.0	8
3589236	208964.PA3975	42.2	11
3589340	208964.PA4079	31.6	8
3590110	208964.PA4851	122	76
3586380	208964.PA1119	113	22
3589533	208964.PA4272	2486	393
3588473	208964.PA3212	20.5	8
3588578	208964.PA3317	40.2	9
3587592	208964.PA2329	14.8	6
3586632	208964.PA1371	16.4	5
3588067	208964.PA2805	30.9	5
3590750	208964.PA5490	2647	344
3588137	208964.PA2875	32.9	18
3590502	208964.PA5243	1640	361
3587033	208964.PA1770	1073	897
3590608	208964.PA5349	167	80
3587512	208964.PA2249	705	268
3590304	208964.PA5045	280	234
3587143	208964.PA1880	51.4	36
3586107	208964.PA0846	117	14
3588038	208964.PA2776	135	66
3590537	208964.PA5278	137	49
3589012	208964.PA3751	320	150
3587096	208964.PA1833	420	150
3587583	208964.PA2320	11.6	4
3590815	208964.PA5555	1389	420
3589257	208964.PA3996	53.8	20
3590817	208964.PA5557	1357	236
3586508	208964.PA1247	45.9	17
3587276	208964.PA2013	148	35
3586773	208964.PA1512	104	57
3589053	208964.PA3792	148	121
3590603	208964.PA5344	79.6	40
3588625	208964.PA3364	20.2	9
3589210	208964.PA3949	9.52	6
3585326	208964.PA0067	409	373
3590113	208964.PA4854	366	248
3585456	208964.PA0196	84.9	17
3587670	208964.PA2408	26.7	9
3588611	208964.PA3350	16.4	5
3590022	208964.PA4763	15.0	8
3587279	208964.PA2016	96.1	14
3588159	208964.PA2897	11.1	3
3590605	208964.PA5346	85.0	36
3587086	208964.PA1823	69.0	20
3586871	208964.PA1608	291	721
3588365	208964.PA3103	50.7	29
3590547	208964.PA5288	395	61
3587084	208964.PA1821	185	50
3586177	208964.PA0916	14.3	13
3587067	208964.PA1804	5957	700
3590030	208964.PA4771	450	239
3590179	208964.PA4920	219	74
3586932	208964.PA1669	24.1	33
3586947	208964.PA1684	22.2	4
3589888	208964.PA4628	79.7	22
3587755	208964.PA2493	1431	564
3585564	208964.PA0304	86.7	24
3588408	208964.PA3146	137	51
3589121	208964.PA3860	11.5	9
3587756	208964.PA2494	1395	992
3590527	208964.PA5268	65.5	30
3587071	208964.PA1808	84.8	20
3588451	208964.PA3190	563	280
3589688	208964.PA4427	29.2	5
3589695	208964.PA4434	97.8	49
3588213	208964.PA2951	1901	495
3587785	208964.PA2523	11.3	3
3586565	208964.PA1304	101	93
3589537	208964.PA4276	28.6	4
3586309	208964.PA1048	7.02	3
3588238	208964.PA2976	1467	1113
3590694	208964.PA5435	366	247
3585777	208964.PA0516	225	129
3588596	208964.PA3335	70.3	23
3590190	208964.PA4931	67.9	40
3588145	208964.PA2883	121	8
3588201	208964.PA2939	1923	749
3587410	208964.PA2147	510	297
3589589	208964.PA4328	173	72
3589485	208964.PA4224	311	100
3589670	208964.PA4409	62.0	27
3587286	208964.PA2023	321	111
3588663	208964.PA3402	164	48
3587901	208964.PA2639	784	521
3585279	208964.PA0020	282	78
3590607	208964.PA5348	246	24
3586715	208964.PA1454	100	34
3588126	208964.PA2864	500	37
3587794	208964.PA2532	456	112
3587375	208964.PA2112	63.2	19
3587812	208964.PA2550	5.63	4
3585555	208964.PA0295	229	68
3586691	208964.PA1430	114	45
3589649	208964.PA4388	60.7	16
3586682	208964.PA1421	14.4	5
3585866	208964.PA0605	73.1	38
3585283	208964.PA0024	249	83
3589088	208964.PA3827	209	42
3587926	208964.PA2664	10.4	5
3585605	208964.PA0345	57.0	29
3586149	208964.PA0888	987	397
3590753	208964.PA5493	193	216
3585687	208964.PA0427	849	493
3588363	208964.PA3101	295	58
3589157	208964.PA3896	35.5	13
3586230	208964.PA0969	1095	177
3590106	208964.PA4847	15854	1909
3590590	208964.PA5331	196	54
3589546	208964.PA4285	24.8	41
3588430	208964.PA3169	86.1	32
3590400	208964.PA5141	124	58
3590620	208964.PA5361	58.0	27
3588714	208964.PA3453	38.8	10
3588445	208964.PA3184	135	56
3589147	208964.PA3886	14.7	4
3589030	208964.PA3769	595	420
3588370	208964.PA3108	381	218
3587900	208964.PA2638	655	203
3589869	208964.PA4609	36.3	29
3585795	208964.PA0534	236	113
3585633	208964.PA0373	168	70
3585575	208964.PA0315	47.7	10
3585354	208964.PA0095	55.4	116
3589068	208964.PA3807	2290	255
3590509	208964.PA5250	12.5	3
3589317	208964.PA4056	38.0	18
3589703	208964.PA4442	249	184
3585720	208964.PA0459	967	927
3585306	208964.PA0047	21.8	5
3586168	208964.PA0907	35.8	4
3590526	208964.PA5267	104	57
3587529	208964.PA2266	41.6	27
3590283	208964.PA5024	18.1	3
3586133	208964.PA0872	80.3	23
3587753	208964.PA2491	1084	364
3586113	208964.PA0852	2079	684
3589095	208964.PA3834	359	344
3585410	208964.PA0151	18.6	15
3590265	208964.PA5006	131	30
3586026	208964.PA0766	924	308
3589893	208964.PA4633	280	736
3590440	208964.PA5181	38.7	34
3590233	208964.PA4974	639	391
3586937	208964.PA1674	224	50
3590105	208964.PA4846	21.5	5
3590399	208964.PA5140	15.9	5
3589082	208964.PA3821	1105	611
3585345	208964.PA0086	16.2	6
3585902	208964.PA0641	28.0	34
3585725	208964.PA0464	69.8	42
3589637	208964.PA4376	63.8	56
3590405	208964.PA5146	600	455
3589755	208964.PA4494	168	46
3590606	208964.PA5347	18.0	3
3587414	208964.PA2151	4.84	3
3589137	208964.PA3876	26.6	7
3590454	208964.PA5195	130	7
3588814	208964.PA3553	250	108
3585679	208964.PA0419	26.0	9
3590822	208964.PA5562	152	50
3590269	208964.PA5010	78.2	28
3589319	208964.PA4058	40.6	12
3589747	208964.PA4486	26.8	6
3590197	208964.PA4938	640	343
3589185	208964.PA3924	65.2	48
3586018	208964.PA0758	58.1	20
3589916	208964.PA4657	43.6	17
3589677	208964.PA4416	128	82
3585784	208964.PA0523	1201	145
3587593	208964.PA2330	165	92
3586854	208964.PA1591	36.4	12
3589617	208964.PA4356	443	154
3588343	208964.PA3081	270	132
3585854	208964.PA0593	8.83	6
3589985	208964.PA4726	112	45
3587326	208964.PA2063	14.1	6
3586818	208964.PA1555.1	404	56
3586844	208964.PA1581	322	72
3588887	208964.PA3626	25.4	7
3587505	208964.PA2242	59.0	17
3587882	208964.PA2620	185	156
3589494	208964.PA4233	240	46
3589925	208964.PA4666	129	50
3589802	208964.PA4542	826	994
3586261	208964.PA1000	75.0	47
3587266	208964.PA2003	47.0	10
3589097	208964.PA3836	298	122
3588956	208964.PA3695	10.9	3
3588158	208964.PA2896	102	11
3589987	208964.PA4728	40.6	10
3586952	208964.PA1689	239	198
3590745	208964.PA5485	32.2	10
3588776	208964.PA3515	2.85	3
3589498	208964.PA4237	2168	250
3586925	208964.PA1662	2.36	3
3590618	208964.PA5359	24.7	3
3588212	208964.PA2950	624	265
3587668	208964.PA2406	39.1	5
3589006	208964.PA3745	3390	321
3586165	208964.PA0904	350	174
3588367	208964.PA3105	169	122
3588745	208964.PA3484	102	33
3586174	208964.PA0913	160	87
3588523	208964.PA3262	1801	558
3588268	208964.PA3006	13.0	5
3589832	208964.PA4572	25.4	7
3585921	208964.PA0660	211	52
3590519	208964.PA5260	46.8	25
3585661	208964.PA0401	331	159
3588594	208964.PA3333	86.4	31
3585304	208964.PA0045	536	91
3588454	208964.PA3193	56.7	20
3586423	208964.PA1162	50.1	19
3589628	208964.PA4367	58.7	45
3587798	208964.PA2536	45.2	10
3589031	208964.PA3770	1231	703
3590402	208964.PA5143	63.9	15
3585837	208964.PA0576	1628	601
3585797	208964.PA0536	141	60
3587057	208964.PA1794	460	290
3587211	208964.PA1948	84.4	23
3588589	208964.PA3328	204	76
3590216	208964.PA4957	389	75
3589690	208964.PA4429	2393	725
3588863	208964.PA3602	469	273
3585666	208964.PA0406	112	23
3590443	208964.PA5184	13.4	3
3586237	208964.PA0976	19.2	5
3588598	208964.PA3337	134	63
3588610	208964.PA3349	160	72
3587050	208964.PA1787	1330	1455
3587665	208964.PA2403	39.5	13
3585656	208964.PA0396	206	94
3589116	208964.PA3855	122	22
3587594	208964.PA2331	130	27
3589757	208964.PA4496	258	169
3588116	208964.PA2854	23.6	10
3586659	208964.PA1398	25.3	5
3589981	208964.PA4723	251	35
3590589	208964.PA5330	42.4	9
3585731	208964.PA0470	24.4	27
3585803	208964.PA0542	48.0	5
3587270	208964.PA2007	161	52
3590564	208964.PA5305	53.8	6
3590562	208964.PA5303	77.2	7
3588103	208964.PA2841	122	36
3585881	208964.PA0620	455	253
3590604	208964.PA5345	27.7	24
3585864	208964.PA0603	286	131
3590788	208964.PA5528	822	205
3585550	208964.PA0290	26.4	9
3588627	208964.PA3366	154	54
3589429	208964.PA4168	107	79
3589496	208964.PA4235	460	69
3589781	208964.PA4520	49.5	597
3590114	208964.PA4855	318	163
3588032	208964.PA2770	183	55
3587123	208964.PA1860	15.1	5
3590170	208964.PA4911	4.74	3
3585417	208964.PA0158	106	91
3587297	208964.PA2034	46.9	14
3590560	208964.PA5301	24.8	5
3588253	208964.PA2991	938	505
3590688	208964.PA5429	479	124
3589292	208964.PA4031	235	38
3586811	208964.PA1550	422	96
3586638	208964.PA1377	24.5	7
3590536	208964.PA5277	228	154
3587706	208964.PA2444	13.8	10
3589989	208964.PA4730	119	45
3587608	208964.PA2345	204	84
3585323	208964.PA0064	114	16
3590103	208964.PA4844	16.4	32
3589531	208964.PA4270	2948	4626
3585924	208964.PA0663	178	29
3588618	208964.PA3357	72.6	38
3589726	208964.PA4465	23.9	9
3589713	208964.PA4452	214	28
3589785	208964.PA4524	79.7	31
3589117	208964.PA3856	17.8	3
3590052	208964.PA4793	88.9	15
3590259	208964.PA5000	38.3	14
3588489	208964.PA3228	70.6	46
3585809	208964.PA0548	920	513
3590262	208964.PA5003	10.2	3
3586028	208964.PA0768	488	165
3588073	208964.PA2811	151	30
3589518	208964.PA4257	4404	730
3589148	208964.PA3887	56.6	14
3589492	208964.PA4231	35.6	23
3590488	208964.PA5229	22.6	3
3590187	208964.PA4928	6.62	6
3585529	208964.PA0269	16.9	4
3589576	208964.PA4315	5842	550
3589827	208964.PA4567	830	21
3589668	208964.PA4407	782	391
3588153	208964.PA2891	34.6	34
3586302	208964.PA1041	196	18
3585651	208964.PA0391	26.0	17
3590512	208964.PA5253	3243	249
3588312	208964.PA3050	300	105
3589886	208964.PA4626	24.6	10
3587875	208964.PA2613	28.4	13
3588872	208964.PA3611	220	31
3586162	208964.PA0901	161	58
3588374	208964.PA3112	522	133
3590178	208964.PA4919	155	104
3588227	208964.PA2965	597	223
3590014	208964.PA4755	848	115
3589782	208964.PA4521	78.6	27
3590433	208964.PA5174	882	614
3590555	208964.PA5296	10.0	10
3590580	208964.PA5321	185	29
3586115	208964.PA0854	214	102
3588738	208964.PA3477	37.8	16
3586795	208964.PA1534	29.7	6
3586332	208964.PA1071	186	70
3587884	208964.PA2622	55.8	6
3588527	208964.PA3266	529	39
3590616	208964.PA5357	11.5	3
3588936	208964.PA3675	191	54
3585305	208964.PA0046	42.0	7
3586095	208964.PA0834	90.3	30
3589575	208964.PA4314	194	64
3589055	208964.PA3794	96.9	15
3587663	208964.PA2400	122	443
3590550	208964.PA5291	287	101
3590256	208964.PA4997	439	276
3590421	208964.PA5162	89.8	34
3588169	208964.PA2907	352	189
3589722	208964.PA4461	499	150
3585853	208964.PA0592	24.2	9
3587792	208964.PA2530	64.1	35
3588752	208964.PA3491	20.9	21
3588263	208964.PA3001	1230	640
3586387	208964.PA1126	38.3	6
3585767	208964.PA0506	328	317
3586814	208964.PA1552.1	404	56
3588688	208964.PA3427	90.8	28
3588622	208964.PA3361	75.3	4
3588869	208964.PA3608	16.6	4
3587513	208964.PA2250	591	429
3589905	208964.PA4646	139	38
3585385	208964.PA0126	488	108
3586358	208964.PA1097	133	73
3588112	208964.PA2850	195	26
3587515	208964.PA2252	387	107
3590215	208964.PA4956	28.3	12
3586533	208964.PA1272	12.4	3
3589025	208964.PA3764	44.3	18
3587212	208964.PA1949	15.7	9
3590597	208964.PA5338	109	82
3585761	208964.PA0500	14.3	3
3588845	208964.PA3584	636	334
3585898	208964.PA0637	16.2	3
3586164	208964.PA0903	420	412
3589686	208964.PA4425	188	27
3590365	208964.PA5106	22.4	12
3586444	208964.PA1183	248	54
3585602	208964.PA0342	73.2	18
3589758	208964.PA4497	9.64	18
3588302	208964.PA3040	1569	123
3585876	208964.PA0615	72.6	15
3590500	208964.PA5241	62.9	43
3589250	208964.PA3989	55.8	18
3589671	208964.PA4410	97.4	43
3589110	208964.PA3849	34.0	13
3587063	208964.PA1800	2203	1238
3585719	208964.PA0458	20.0	5
3585793	208964.PA0532	5.45	3
3589704	208964.PA4443	197	48
3587206	208964.PA1943	22.6	11
3589873	208964.PA4613	19.7	12
3588658	208964.PA3397	396	147
3590369	208964.PA5110	421	62
3586231	208964.PA0970	550	70
3587815	208964.PA2553	682	320
3587495	208964.PA2232	103	72
3588608	208964.PA3347	29.3	6
3590371	208964.PA5112	767	439
3589977	208964.PA4719	20.0	4
3588310	208964.PA3048	50.0	37
3586152	208964.PA0891	63.5	23
3586532	208964.PA1271	289	177
3587947	208964.PA2685	51.7	119
3589502	208964.PA4241	2648	304
3588410	208964.PA3148	329	144
3587846	208964.PA2584	70.7	6
3588717	208964.PA3456	32.6	30
3588456	208964.PA3195	791	267
3585648	208964.PA0388	200	28
3587914	208964.PA2652	337	657
3589487	208964.PA4226	330	555
3589694	208964.PA4433	2697	358
3590335	208964.PA5076	286	113
3590281	208964.PA5022	144	145
3590235	208964.PA4976	39.1	9
3590625	208964.PA5366	219	80
3585331	208964.PA0072	41.9	12
3589330	208964.PA4069	10.5	4
3586843	208964.PA1580	1543	585
3589391	208964.PA4130	139	96
3586941	208964.PA1678	93.1	23
3586245	208964.PA0984	39.2	5
3588228	208964.PA2966	3418	252
3587100	208964.PA1837	71.0	8
3586257	208964.PA0996	75.2	49
3585897	208964.PA0636	18.4	9
3588151	208964.PA2889	46.7	23
3590499	208964.PA5240	966	147
3586284	208964.PA1023	70.4	29
3590520	208964.PA5261	417	127
3586897	208964.PA1634	71.4	46
3585652	208964.PA0392	205	30
3590300	208964.PA5041	225	25
3586489	208964.PA1228	735	54
3588590	208964.PA3329	77.1	37
3589510	208964.PA4249	1884	267
3586815	208964.PA1553	2641	609
3589271	208964.PA4010	152	38
3590819	208964.PA5559	305	15
3587305	208964.PA2042	231	48
3590315	208964.PA5056	9.17	9
3590709	208964.PA5450	29.4	15
3586602	208964.PA1341	254	67
3585895	208964.PA0634	54.7	5
3589262	208964.PA4001	73.1	17
3588817	208964.PA3556	46.8	29
3586841	208964.PA1578	38.2	10
3588541	208964.PA3280	479	255
3588452	208964.PA3191	31.5	15
3588305	208964.PA3043	36.8	15
3586788	208964.PA1527	5.21	7
3586337	208964.PA1076	45.8	8
3589750	208964.PA4489	1380	1966
3587662	208964.PA2399	278	925
3589081	208964.PA3820	1055	271
3588232	208964.PA2970	1748	82
3585623	208964.PA0363	137	42
3590468	208964.PA5209	101	51
3588382	208964.PA3120	16.1	5
3590594	208964.PA5335	75.9	14
3589867	208964.PA4607	88.6	14
3590367	208964.PA5108	185	17
3587891	208964.PA2629	412	183
3587213	208964.PA1950	75.5	30
3589752	208964.PA4491	779	477
3589235	208964.PA3974	4.08	4
3588267	208964.PA3005	107	32
3589239	208964.PA3978	10.6	3
3588878	208964.PA3617	1262	594
3586751	208964.PA1490	57.3	16
3590002	208964.PA4743	34.4	5
3589582	208964.PA4321	36.9	18
3589810	208964.PA4550	95.3	13
3588417	208964.PA3155	464	208
3590003	208964.PA4744	1184	874
3590005	208964.PA4746	41.7	4
3586249	208964.PA0988	25.9	3
3589500	208964.PA4239	5389	1048
3589775	208964.PA4514	311	360
3586912	208964.PA1649	7.42	3
3587789	208964.PA2527	26.6	29
3588086	208964.PA2824	86.6	85
3589958	208964.PA4700	179	151
3587843	208964.PA2581	49.3	10
3586754	208964.PA1493	695	219
3590312	208964.PA5053	52.3	5
3586914	208964.PA1651	27.3	4
3590231	208964.PA4972	218	79
3585706	208964.PA0446	166	72
3589122	208964.PA3861	281	103
3585343	208964.PA0084	430	185
3587848	208964.PA2586	14.5	5
3588276	208964.PA3014	845	673
3585730	208964.PA0469	25.4	10
3590621	208964.PA5362	135	41
3588261	208964.PA2999	718	329
3586716	208964.PA1455	10.2	3
3588729	208964.PA3468	268	114
3589701	208964.PA4440	17.2	5
3588901	208964.PA3640	155	234
3589945	208964.PA4686	60.0	63
3590395	208964.PA5136	145	71
3586904	208964.PA1641	95.8	14
3586005	208964.PA0744	113	47
3589597	208964.PA4336	108	29
3590193	208964.PA4934	5342	183
3586234	208964.PA0973	2992	453
3586462	208964.PA1201	5.92	3
3589495	208964.PA4234	152	163
3589590	208964.PA4329	639	389
3588354	208964.PA3092	46.0	35
3586845	208964.PA1582	450	44
3588230	208964.PA2968	357	122
3590756	208964.PA5496	19.0	8
3588005	208964.PA2743	902	175
3585630	208964.PA0370	15.7	3
3585779	208964.PA0518	88.3	9
3585337	208964.PA0078	187	100
3590010	208964.PA4751	985	605
3589646	208964.PA4385	15213	7272
3588102	208964.PA2840	364	252
3585503	208964.PA0243	43.1	8
3588720	208964.PA3459	122	89
3585698	208964.PA0438	57.2	7
3585636	208964.PA0376	47.9	11
3587110	208964.PA1847	111	23
3590783	208964.PA5523	15.8	10
3590579	208964.PA5320	106	53
3585641	208964.PA0381	291	91
3587030	208964.PA1767	585	302
3586847	208964.PA1584	2777	930
3587131	208964.PA1868	20.8	32
3586275	208964.PA1014	96.7	28
3590714	208964.PA5455	48.4	20
3588487	208964.PA3226	23.2	9
3587334	208964.PA2071	879	1705
3590011	208964.PA4752	120	16
3589716	208964.PA4455	581	141
3588411	208964.PA3149	163	50
3589268	208964.PA4007	174	114
3587554	208964.PA2291	984	884
3590451	208964.PA5192	821	431
3589711	208964.PA4450	535	229
3589931	208964.PA4672	42.0	11
3589093	208964.PA3832	19.6	4
3589887	208964.PA4627	23.5	8
3588444	208964.PA3183	457	263
3590752	208964.PA5492	51.9	10
3586222	208964.PA0961	1322	63
3589139	208964.PA3878	161	82
3585333	208964.PA0074	50.4	65
3588335	208964.PA3073	19.9	10
3586354	208964.PA1093	26.8	6
3586626	208964.PA1365	18.8	26
3585813	208964.PA0552	703	332
3587878	208964.PA2616	939	283
3590222	208964.PA4963	310	68
3588388	208964.PA3126	604	133
3585709	208964.PA0449	29.4	10
3588429	208964.PA3168	565	410
3588243	208964.PA2981	54.4	21
3588373	208964.PA3111	48.2	23
3588741	208964.PA3480	90.1	19
3587467	208964.PA2204	141	52
3587462	208964.PA2199	77.8	37
3590219	208964.PA4960	54.6	29
3587911	208964.PA2649	75.9	23
3588951	208964.PA3690	142	95
3588293	208964.PA3031	977	29
3586220	208964.PA0959	106	30
3588332	208964.PA3070	40.2	17
3589184	208964.PA3923	357	201
3589992	208964.PA4733	138	120
3588133	208964.PA2871	320	97
3590757	208964.PA5497	120	106
3590277	208964.PA5018	133	38
3588532	208964.PA3271	49.1	54
3586006	208964.PA0745	469	142
3586335	208964.PA1074	1317	472
3585604	208964.PA0344	9.91	5
3587167	208964.PA1904	114	56
3590214	208964.PA4955	211	125
3589691	208964.PA4430	807	245
3589935	208964.PA4676	30.6	11
3589363	208964.PA4102	13.9	5
3586881	208964.PA1618	35.7	5
3589904	208964.PA4645	16.0	3
3585635	208964.PA0375	279	77
3590205	208964.PA4946	28.3	24
3589539	208964.PA4278	38.1	8
3588425	208964.PA3163	35.8	15
3590563	208964.PA5304	870	351
3586109	208964.PA0848	173	45
3589067	208964.PA3806	20.3	8
3588677	208964.PA3416	37.3	14
3590331	208964.PA5072	100	539
3588115	208964.PA2853	6779	762
3586940	208964.PA1677	114	40
3590568	208964.PA5309	49.8	27
3587081	208964.PA1818	117	122
3590627	208964.PA5368	45.4	30
3586189	208964.PA0928	27.3	32
3590029	208964.PA4770	38.5	13
3586258	208964.PA0997	388	123
3586024	208964.PA0764	134	41
3588416	208964.PA3154	33.0	10
3588269	208964.PA3007	80.4	23
3586917	208964.PA1654	26.9	8
3588996	208964.PA3735	406	274
3587091	208964.PA1828	88.0	17
3587877	208964.PA2615	77.5	58
3588304	208964.PA3042	295	28
3589866	208964.PA4606	318	148
