#id: 103
#name: P.aeruginosa - Whole organism, Biofilm, SC (Toyofuku,J_Proteome_Res,2012)
#score: 7.63
#weight: 100%
#description: abundance based on Spectral counting, biofilm, from<a href="http://www.ncbi.nlm.nih.gov/pubmed/22909304" target="_blank">Toyofuku, J_Proteome_Res, 2012</a><br/><b>Interaction consistency score</b>: 7.63&nbsp<b>Coverage</b>: 31
#organ: WHOLE_ORGANISM
#integrated: false
#coverage: 31
#publication_year: 2012
#filename: 208964-Pseudomonas_aeruginosa_SC_biomart_22024_E__1reps.txt
#
#internal_id	string_external_id	abundance	raw_spectral_count
3590226	208964.PA4967	569	23
3590435	208964.PA5176	299	4
3587885	208964.PA2623	6508	177
3589623	208964.PA4362	59.0	1
3590493	208964.PA5234	199	4
3585263	208964.PA0004	1180	55
3589472	208964.PA4211	280	4
3587896	208964.PA2634	1285	46
3587909	208964.PA2647	203	6
3588027	208964.PA2765	87.7	2
3588216	208964.PA2954	53.5	1
3587878	208964.PA2616	1626	17
3590425	208964.PA5166	49.7	1
3585840	208964.PA0579	1877	3
3586793	208964.PA1532	282	11
3589828	208964.PA4568	4388	28
3585617	208964.PA0357	68.4	1
3589725	208964.PA4464	80.0	1
3588609	208964.PA3348	147	2
3588413	208964.PA3151	386	6
3585399	208964.PA0140	719	24
3588134	208964.PA2872	43.8	1
3586637	208964.PA1376	59.4	3
3590459	208964.PA5200	209	4
3586310	208964.PA1049	270	4
3587101	208964.PA1838	1095	40
3590131	208964.PA4872	344	7
3589329	208964.PA4068	33.0	1
3590816	208964.PA5556	2804	85
3588374	208964.PA3112	494	8
3589932	208964.PA4673	528	14
3590624	208964.PA5365	32.1	1
3585574	208964.PA0314	127	3
3590538	208964.PA5279	127	2
3589089	208964.PA3828	256	8
3588920	208964.PA3659	295	6
3590735	208964.PA5475	64.4	1
3586900	208964.PA1637	32.4	1
3590031	208964.PA4772	10.2	1
3587961	208964.PA2699	184	11
3589924	208964.PA4665	56.7	1
3589714	208964.PA4453	225	3
3586852	208964.PA1589	2217	39
3588843	208964.PA3582	2470	76
3589453	208964.PA4192	42.4	1
3589480	208964.PA4219	73.5	2
3587616	208964.PA2353	22.6	1
3590449	208964.PA5190	54.6	1
3588669	208964.PA3408	302	18
3587658	208964.PA2395	74.4	1
3589915	208964.PA4656	173	4
3586163	208964.PA0902	95.5	2
3590717	208964.PA5458	6.45	1
3590384	208964.PA5125	20.5	1
3588050	208964.PA2788	299	7
3588898	208964.PA3637	2128	77
3585976	208964.PA0715	210	5
3585690	208964.PA0430	474	10
3588892	208964.PA3631	119	2
3590467	208964.PA5208	150	3
3585838	208964.PA0577	19.0	1
3590744	208964.PA5484	69.3	3
3586549	208964.PA1288	1102	28
3587106	208964.PA1843	468	30
3588722	208964.PA3461	505	12
3585660	208964.PA0400	1469	29
3589476	208964.PA4215	397	13
3590175	208964.PA4916	325	6
3587035	208964.PA1772	117	2
3585439	208964.PA0180	1.32	1
3587789	208964.PA2527	81.7	4
3586355	208964.PA1094	18.7	1
3586893	208964.PA1630	45.5	1
3590494	208964.PA5235	173	6
3588460	208964.PA3199	89.1	1
3588738	208964.PA3477	93.1	2
3588206	208964.PA2944	38.9	4
3588001	208964.PA2739	1501	66
3586601	208964.PA1340	111	2
3588792	208964.PA3531	71.2	1
3585508	208964.PA0248	8.19	1
3585454	208964.PA0195	30.5	1
3590359	208964.PA5100	2023	62
3590767	208964.PA5507	539	9
3589264	208964.PA4003	72.9	3
3589733	208964.PA4472	461	18
3590271	208964.PA5012	250	6
3589526	208964.PA4265	5811	318
3588377	208964.PA3115	1182	49
3588543	208964.PA3282	99.1	1
3588472	208964.PA3211	120	2
3589633	208964.PA4372	383	9
3590015	208964.PA4756	1574	99
3589659	208964.PA4398	54.1	2
3587757	208964.PA2495	1190	34
3585914	208964.PA0653	454	4
3589591	208964.PA4330	226	3
3588524	208964.PA3263	595	11
3590739	208964.PA5479	73.3	2
3589021	208964.PA3760	19.1	1
3585678	208964.PA0418	33.2	1
3588547	208964.PA3286	1267	28
3585359	208964.PA0100	744	10
3590310	208964.PA5051	1270	42
3590257	208964.PA4998	81.7	1
3587904	208964.PA2642	1230	64
3585261	208964.PA0002	2847	48
3588813	208964.PA3552	253	8
3585780	208964.PA0519	961	40
3590322	208964.PA5063	871	18
3588790	208964.PA3529	3427	43
3589954	208964.PA4696	379	11
3588214	208964.PA2952	3902	52
3588560	208964.PA3299	1679	52
3589477	208964.PA4216	663	18
3587377	208964.PA2114	416	9
3586755	208964.PA1494	338	10
3587566	208964.PA2303	50.9	1
3587165	208964.PA1902	149	3
3589000	208964.PA3739	194	4
3585550	208964.PA0290	167	3
3589759	208964.PA4498	364	12
3588845	208964.PA3584	2038	69
3586704	208964.PA1443	452	8
3588916	208964.PA3655	2523	49
3586246	208964.PA0985	359	8
3586178	208964.PA0917	139	3
3590230	208964.PA4971	584	6
3585381	208964.PA0122	317	2
3588393	208964.PA3131	62.5	1
3587343	208964.PA2080	464	12
3588997	208964.PA3736	616	15
3587671	208964.PA2409	265	2
3589763	208964.PA4502	19.5	1
3589663	208964.PA4402	695	18
3586845	208964.PA1582	356	2
3590491	208964.PA5232	529	15
3587553	208964.PA2290	645	30
3589048	208964.PA3787	119	2
3590743	208964.PA5483	242	7
3587423	208964.PA2160	342	15
3587720	208964.PA2458	28.8	1
3590308	208964.PA5049	255	2
3590715	208964.PA5456	28.8	1
3589029	208964.PA3768	280	10
3588989	208964.PA3728	204	25
3590387	208964.PA5128	165	3
3588418	208964.PA3156	327	3
3588591	208964.PA3330	748	13
3589684	208964.PA4423	903	29
3586386	208964.PA1125	34.8	1
3588803	208964.PA3542	21.3	3
3590828	208964.PA5568	1386	30
3585768	208964.PA0507	63.0	4
3585577	208964.PA0317	608	17
3585919	208964.PA0658	208	5
3588116	208964.PA2854	239	5
3587494	208964.PA2231	83.0	3
3588958	208964.PA3697	111	3
3589957	208964.PA4699	175	1
3588396	208964.PA3134	794	30
3590598	208964.PA5339	132	2
3589847	208964.PA4587	177	3
3585659	208964.PA0399	2909	76
3586468	208964.PA1207	35.1	1
3585496	208964.PA0236	201	3
3586385	208964.PA1124	88.4	3
3586383	208964.PA1122	143	1
3590331	208964.PA5072	32.0	3
3586905	208964.PA1642	271	5
3589486	208964.PA4225	1191	131
3588275	208964.PA3013	1198	23
3589514	208964.PA4253	2813	19
3586322	208964.PA1061	141	4
3588245	208964.PA2983	167	2
3590309	208964.PA5050	15.9	1
3588823	208964.PA3562	19.6	1
3588518	208964.PA3257	431	18
3587608	208964.PA2345	326	9
3586401	208964.PA1140	76.8	1
3588074	208964.PA2812	276	8
3589696	208964.PA4435	443	12
3590429	208964.PA5170	99.5	3
3588860	208964.PA3599	40.2	1
3590049	208964.PA4790	85.1	1
3588562	208964.PA3301	48.6	1
3589003	208964.PA3742	2267	20
3588971	208964.PA3710	13.1	1
3587065	208964.PA1802	1318	37
3586141	208964.PA0880	22.9	1
3590482	208964.PA5223	207	6
3589532	208964.PA4271	508	2
3590657	208964.PA5398	52.6	2
3585361	208964.PA0102	809	10
3589305	208964.PA4044	265	8
3590702	208964.PA5443	290	14
3586587	208964.PA1326	58.8	4
3588424	208964.PA3162	5134	162
3590556	208964.PA5297	29.7	1
3589283	208964.PA4022	632	35
3587989	208964.PA2727	99.2	9
3589483	208964.PA4222	1195	42
3586605	208964.PA1344	130	2
3585716	208964.PA0456	201	1
3589109	208964.PA3848	584	15
3588221	208964.PA2959	293	4
3589314	208964.PA4053	122	2
3589025	208964.PA3764	104	2
3590115	208964.PA4856	97.0	6
3588422	208964.PA3160	296	7
3589892	208964.PA4632	52.3	1
3586194	208964.PA0933	18.2	1
3589527	208964.PA4266	4889	257
3589530	208964.PA4269	3220	268
3587242	208964.PA1979	85.6	1
3588401	208964.PA3139	1966	68
3590275	208964.PA5016	1763	67
3587204	208964.PA1941	27.6	2
3586272	208964.PA1011	480	9
3587511	208964.PA2248	737	14
3585373	208964.PA0114	57.8	1
3590165	208964.PA4906	69.9	1
3586411	208964.PA1150	7.82	1
3586877	208964.PA1614	206	3
3589738	208964.PA4477	467	18
3590440	208964.PA5181	273	16
3585299	208964.PA0040	11.6	1
3585282	208964.PA0023	1537	30
3585295	208964.PA0036	549	12
3587563	208964.PA2300	834	21
3590631	208964.PA5372	184	9
3587486	208964.PA2223	224	3
3588068	208964.PA2806	33.8	1
3586807	208964.PA1546	888	22
3588627	208964.PA3366	332	7
3587425	208964.PA2162	71.5	4
3588281	208964.PA3019	166	8
3587971	208964.PA2709	1421	28
3589669	208964.PA4408	828	29
3586132	208964.PA0871	151	1
3588182	208964.PA2920	6.27	2
3586439	208964.PA1178	1022	12
3586330	208964.PA1069	401	24
3590103	208964.PA4844	9.9	1
3588448	208964.PA3187	624	18
3586189	208964.PA0928	86.5	6
3586233	208964.PA0972	1513	46
3586123	208964.PA0862	103	1
3585591	208964.PA0331	495	17
3587679	208964.PA2417	71.9	2
3588190	208964.PA2928	6.19	1
3588379	208964.PA3117	847	18
3589686	208964.PA4425	80.4	1
3589465	208964.PA4204	195	4
3588854	208964.PA3593	5.93	1
3586114	208964.PA0853	87.8	1
3588469	208964.PA3208	273	5
3588881	208964.PA3620	587	36
3586308	208964.PA1047	27.1	1
3590496	208964.PA5237	114	3
3585343	208964.PA0084	1023	25
3590504	208964.PA5245	133	2
3588994	208964.PA3733	72.7	2
3588330	208964.PA3068	1784	191
3585843	208964.PA0582	53.7	1
3586181	208964.PA0920	12.4	1
3590522	208964.PA5263	668	21
3587906	208964.PA2644	319	4
3585848	208964.PA0587	317	9
3587886	208964.PA2624	1752	87
3589506	208964.PA4245	529	1
3590178	208964.PA4919	516	19
3586216	208964.PA0955	269	6
3590697	208964.PA5438	53.4	1
3585552	208964.PA0292	810	16
3587072	208964.PA1809	192	3
3587554	208964.PA2291	438	23
3590462	208964.PA5203	158	6
3590563	208964.PA5304	1746	46
3590323	208964.PA5064	66.4	1
3588593	208964.PA3332	208	2
3589820	208964.PA4560	1601	92
3589065	208964.PA3804	164	2
3588911	208964.PA3650	82.8	2
3588905	208964.PA3644	974	11
3588350	208964.PA3088	466	8
3588450	208964.PA3189	190	3
3586286	208964.PA1025	3.79	1
3588919	208964.PA3658	16.1	1
3590001	208964.PA4742	226	4
3590669	208964.PA5410	29.3	1
3590517	208964.PA5258	494	13
3585614	208964.PA0354	283	7
3588500	208964.PA3239	59.6	1
3589787	208964.PA4526	768	29
3586813	208964.PA1552	139	4
3590677	208964.PA5418	70.6	4
3587944	208964.PA2682	96.8	3
3588840	208964.PA3579	626	22
3588984	208964.PA3723	900	17
3586591	208964.PA1330	181	3
3589672	208964.PA4411	967	14
3588384	208964.PA3122	33.3	1
3590593	208964.PA5334	652	7
3589884	208964.PA4624	56.1	2
3586976	208964.PA1713	133	2
3588056	208964.PA2794	146	3
3586053	208964.PA0793	1410	22
3590194	208964.PA4935	135	1
3590483	208964.PA5224	962	32
3585923	208964.PA0662	810	22
3588291	208964.PA3029	258	4
3586873	208964.PA1610	795	7
3589610	208964.PA4349	33.7	1
3587416	208964.PA2153	40.0	2
3586849	208964.PA1586	2921	54
3588839	208964.PA3578	487	6
3585329	208964.PA0070	432	5
3585340	208964.PA0081	27.1	1
3590266	208964.PA5007	61.0	1
3587277	208964.PA2014	1293	46
3589051	208964.PA3790	1721	84
3590298	208964.PA5039	66.3	1
3590276	208964.PA5017	8.6	1
3585260	208964.PA0001	363	10
3586153	208964.PA0892	142	2
3588060	208964.PA2798	633	15
3590196	208964.PA4937	1307	67
3585918	208964.PA0657	42.7	2
3589675	208964.PA4414	680	22
3588915	208964.PA3654	1100	16
3585338	208964.PA0079	300	11
3588085	208964.PA2823	442	8
3586197	208964.PA0936	139	4
3590189	208964.PA4930	142	4
3588605	208964.PA3344	222	10
3589248	208964.PA3987	1441	77
3586598	208964.PA1337	2577	49
3589692	208964.PA4431	873	12
3586193	208964.PA0932	111	3
3586033	208964.PA0773	184	3
3589780	208964.PA4519	654	22
3589848	208964.PA4588	387	15
3587686	208964.PA2424	794	251
3589238	208964.PA3977	1346	31
3590006	208964.PA4747	203	1
3587567	208964.PA2304	215	5
3588380	208964.PA3118	340	8
3588930	208964.PA3669	37.5	1
3590582	208964.PA5323	199	4
3585634	208964.PA0374	404	8
3586277	208964.PA1016	131	3
3589678	208964.PA4417	516	23
3588508	208964.PA3247	780	24
3589979	208964.PA4721	48.9	1
3586122	208964.PA0861	36.8	2
3587586	208964.PA2323	617	25
3589497	208964.PA4236	4413	109
3585601	208964.PA0341	190	4
3588907	208964.PA3646	531	9
3590768	208964.PA5508	93.5	2
3589219	208964.PA3958	86.8	3
3589538	208964.PA4277	5811	318
3587168	208964.PA1905	668	18
3588273	208964.PA3011	948	51
3589281	208964.PA4020	73.8	1
3589581	208964.PA4320	57.5	1
3586808	208964.PA1547	101	1
3588058	208964.PA2796	1002	21
3590336	208964.PA5077	579	26
3589529	208964.PA4268	1322	7
3587903	208964.PA2641	506	16
3589744	208964.PA4483	1138	36
3586056	208964.PA0796	370	6
3585597	208964.PA0337	496	29
3590044	208964.PA4785	95.0	3
3590790	208964.PA5530	163	3
3588965	208964.PA3704	79.4	5
3587325	208964.PA2062	28.5	2
3587528	208964.PA2265	31.8	1
3588215	208964.PA2953	1418	53
3589066	208964.PA3805	350	7
3588229	208964.PA2967	787	9
3585336	208964.PA0077	253	21
3590812	208964.PA5552	1107	25
3589708	208964.PA4447	571	10
3589980	208964.PA4722	525	12
3590820	208964.PA5560	313	5
3587095	208964.PA1832	81.0	2
3588491	208964.PA3230	25.5	1
3590174	208964.PA4915	1.55	1
3585689	208964.PA0429	182	6
3588390	208964.PA3128	41.8	1
3586019	208964.PA0759	367	8
3587814	208964.PA2552	565	11
3587675	208964.PA2413	918	27
3587264	208964.PA2001	3198	63
3587084	208964.PA1821	374	6
3588824	208964.PA3563	133	3
3590437	208964.PA5178	56.2	1
3588910	208964.PA3649	46.5	1
3589469	208964.PA4208	233	9
3588256	208964.PA2994	685	18
3588310	208964.PA3048	223	11
3587630	208964.PA2367	38.1	1
3586810	208964.PA1549	87.1	3
3589988	208964.PA4729	736	8
3589512	208964.PA4251	1751	18
3589519	208964.PA4258	472	2
3587707	208964.PA2445	1312	62
3587656	208964.PA2393	676	27
3586043	208964.PA0783	151	3
3585334	208964.PA0075	92.4	2
3589630	208964.PA4369	82.1	1
3589788	208964.PA4528	424	4
3590674	208964.PA5415	51.2	2
3586265	208964.PA1004	228	4
3586096	208964.PA0835	939	32
3587680	208964.PA2418	44.8	1
3587166	208964.PA1903	345	37
3588600	208964.PA3339	43.1	2
3587969	208964.PA2707	503	14
3585626	208964.PA0366	166	5
3586353	208964.PA1092	2553	61
3590814	208964.PA5554	2677	88
3590299	208964.PA5040	907	46
3586825	208964.PA1562	2319	89
3587498	208964.PA2235	487	24
3589462	208964.PA4201	600	7
3586458	208964.PA1197	67.0	1
3590211	208964.PA4952	264	7
3590377	208964.PA5118	27.3	1
3585294	208964.PA0035	158	2
3585707	208964.PA0447	2625	51
3590755	208964.PA5495	213	3
3587661	208964.PA2398	1479	80
3587841	208964.PA2579	95.2	2
3590297	208964.PA5038	917	17
3586693	208964.PA1432	233	3
3585692	208964.PA0432	2907	106
3586851	208964.PA1588	3454	104
3589635	208964.PA4374	69.6	2
3589478	208964.PA4217	2404	47
3585863	208964.PA0602	81.2	2
3588948	208964.PA3687	949	58
3586790	208964.PA1529	371	20
3587081	208964.PA1818	337	18
3585770	208964.PA0509	28.3	1
3590632	208964.PA5373	1028	27
3587460	208964.PA2197	676	15
3589953	208964.PA4695	106	1
3587457	208964.PA2194	661	21
3588617	208964.PA3356	364	7
3589950	208964.PA4692	35.6	1
3588376	208964.PA3114	116	3
3590684	208964.PA5425	146	2
3589113	208964.PA3852	148	2
3587064	208964.PA1801	425	4
3588062	208964.PA2800	62.3	1
3590273	208964.PA5014	442	31
3589706	208964.PA4445	107	2
3586690	208964.PA1429	137	9
3588372	208964.PA3110	109	1
3586846	208964.PA1583	2826	90
3588252	208964.PA2990	993	15
3585680	208964.PA0420	273	10
3587835	208964.PA2573	6.32	2
3588902	208964.PA3641	919	11
3587054	208964.PA1791	81.8	2
3587019	208964.PA1756	179	4
3587271	208964.PA2008	1360	36
3587203	208964.PA1940	29.6	1
3585667	208964.PA0407	558	14
3589505	208964.PA4244	1506	11
3587278	208964.PA2015	1728	39
3586021	208964.PA0761	257	10
3589460	208964.PA4199	617	26
3589513	208964.PA4252	545	3
3588844	208964.PA3583	545	10
3589720	208964.PA4459	118	1
3590802	208964.PA5542	43.9	1
3589180	208964.PA3919	505	11
3589164	208964.PA3903	274	9
3589650	208964.PA4389	632	10
3586217	208964.PA0956	1494	56
3590765	208964.PA5505	56.0	1
3586555	208964.PA1294	65.8	2
3588561	208964.PA3300	166	6
3589007	208964.PA3746	375	11
3589994	208964.PA4735	410	31
3589718	208964.PA4457	230	4
3589570	208964.PA4309	200	18
3590422	208964.PA5163	799	16
3587374	208964.PA2111	96.1	2
3585769	208964.PA0508	177	13
3585342	208964.PA0083	69.6	1
3588558	208964.PA3297	122	13
3587813	208964.PA2551	339	9
3587905	208964.PA2643	300	6
3588653	208964.PA3392	715	22
3589504	208964.PA4243	1274	17
3589544	208964.PA4283	63.5	3
3588159	208964.PA2897	47.8	2
3589105	208964.PA3844	110	2
3589681	208964.PA4420	198	4
3590763	208964.PA5503	67.2	1
3587666	208964.PA2404	214	3
3590018	208964.PA4759	1447	31
3587889	208964.PA2627	67.3	1
3588260	208964.PA2998	256	2
3585913	208964.PA0652	2819	37
3588830	208964.PA3569	367	6
3585795	208964.PA0534	1051	27
3588344	208964.PA3082	239	9
3587068	208964.PA1805	983	40
3586026	208964.PA0766	895	17
3589609	208964.PA4348	136	1
3590191	208964.PA4932	459	5
3589896	208964.PA4636	204	6
3585917	208964.PA0656	84.4	1
3585491	208964.PA0231	199	1
3587994	208964.PA2732	258	21
3588090	208964.PA2828	580	14
3589077	208964.PA3816	111	2
3585344	208964.PA0085	500	6
3589829	208964.PA4569	1151	25
3590516	208964.PA5257	897	31
3590225	208964.PA4966	69.7	2
3588266	208964.PA3004	540	7
3588927	208964.PA3666	1337	25
3587017	208964.PA1754	770	16
3586633	208964.PA1372	906	40
3588890	208964.PA3629	1014	13
3586388	208964.PA1127	394	8
3590512	208964.PA5253	5942	31
3588426	208964.PA3165	172	4
3585688	208964.PA0428	967	40
3589487	208964.PA4226	1988	172
3585740	208964.PA0479	10.4	1
3585562	208964.PA0302	462	9
3589673	208964.PA4412	520	11
3588917	208964.PA3656	2390	28
3586532	208964.PA1271	90.9	3
3587063	208964.PA1800	2505	86
3585277	208964.PA0018	179	4
3587005	208964.PA1742	220	3
3589648	208964.PA4387	108	1
3587030	208964.PA1767	623	20
3590826	208964.PA5566	120	1
3586257	208964.PA0996	106	4
3588528	208964.PA3267	110	3
3587213	208964.PA1950	395	8
3590393	208964.PA5134	389	11
3586950	208964.PA1687	258	4
3588743	208964.PA3482	1193	61
3588006	208964.PA2744	1374	58
3588082	208964.PA2820	68.8	1
3589482	208964.PA4221	1661	75
3588972	208964.PA3711	108	2
3590286	208964.PA5027	123	3
3588369	208964.PA3107	734	20
3585870	208964.PA0609	637	23
3587873	208964.PA2611	203	5
3585812	208964.PA0551	110	3
3586341	208964.PA1080	115	2
3590818	208964.PA5558	414	5
3590223	208964.PA4964	1104	49
3590698	208964.PA5439	31.1	1
3587091	208964.PA1828	567	7
3588421	208964.PA3159	2180	73
3588126	208964.PA2864	1058	4
3589707	208964.PA4446	132	3
3585650	208964.PA0390	231	5
3590629	208964.PA5370	112	2
3590566	208964.PA5307	11.1	1
3587163	208964.PA1900	340	5
3589967	208964.PA4709	530	16
3588934	208964.PA3673	155	10
3590051	208964.PA4792	442	11
3589866	208964.PA4606	560	12
3589627	208964.PA4366	336	4
3589078	208964.PA3817	176	3
3586106	208964.PA0845	44.1	1
3588785	208964.PA3524	247	2
3588990	208964.PA3729	860	42
3590237	208964.PA4978	4.74	1
3590581	208964.PA5322	1619	52
3590432	208964.PA5173	1430	19
3590681	208964.PA5422	690	19
3588928	208964.PA3667	50.6	2
3587654	208964.PA2391	473	14
3588235	208964.PA2973	459	8
3589858	208964.PA4598	10.2	2
3589754	208964.PA4493	434	3
3587568	208964.PA2305	370	24
3587770	208964.PA2508	119	1
3590511	208964.PA5252	291	14
3586839	208964.PA1576	127	3
3587946	208964.PA2684	165	14
3590166	208964.PA4907	620	9
3586442	208964.PA1181	12.7	1
3586441	208964.PA1180	63.6	2
3586736	208964.PA1475	44.3	1
3587510	208964.PA2247	963	25
3586227	208964.PA0966	79.3	1
3589823	208964.PA4563	378	1
3588443	208964.PA3182	249	4
3586600	208964.PA1339	458	6
3590423	208964.PA5164	246	4
3590004	208964.PA4745	1930	49
3590255	208964.PA4996	456	16
3586507	208964.PA1246	89.3	3
3585347	208964.PA0088	17.9	1
3589729	208964.PA4468	881	6
3588121	208964.PA2859	59.5	1
3588075	208964.PA2813	1013	17
3589766	208964.PA4505	136	3
3590480	208964.PA5221	466	12
3590572	208964.PA5313	281	10
3588883	208964.PA3622	150	4
3586018	208964.PA0758	160	3
3590019	208964.PA4760	357	8
3585490	208964.PA0230	31.2	1
3586264	208964.PA1003	107	2
3589064	208964.PA3803	523	15
3586206	208964.PA0945	395	8
3590827	208964.PA5567	73.9	2
3588969	208964.PA3708	44.1	2
3587263	208964.PA2000	481	7
3587913	208964.PA2651	303	2
3590252	208964.PA4993	222	4
3589731	208964.PA4470	2646	48
3587659	208964.PA2396	626	10
3590313	208964.PA5054	717	21
3588914	208964.PA3653	457	5
3590232	208964.PA4973	21.0	1
3589249	208964.PA3988	1161	16
3585561	208964.PA0301	56.0	1
3589470	208964.PA4209	1835	38
3588288	208964.PA3026	53.8	2
3586027	208964.PA0767	584	21
3587250	208964.PA1987	75.6	1
3587706	208964.PA2444	52.9	2
3589524	208964.PA4263	3672	40
3588516	208964.PA3255	176	3
3587649	208964.PA2386	3805	116
3585912	208964.PA0651	239	6
3585966	208964.PA0705	409	7
3588909	208964.PA3648	946	41
3585865	208964.PA0604	298	7
3590319	208964.PA5060	2370	18
3590823	208964.PA5563	84.4	1
3590098	208964.PA4839	438	22
3588447	208964.PA3186	445	23
3587070	208964.PA1807	145	7
3590267	208964.PA5008	224	4
3586466	208964.PA1205	58.3	1
3589376	208964.PA4115	310	9
3589553	208964.PA4292	198	4
3589075	208964.PA3814	1399	43
3588842	208964.PA3581	1782	10
3590694	208964.PA5435	1476	57
3589475	208964.PA4214	345	37
3588138	208964.PA2876	49.0	1
3588383	208964.PA3121	203	7
3587329	208964.PA2066	63.8	1
3589999	208964.PA4740	3301	135
3589489	208964.PA4228	2347	58
3586999	208964.PA1736	203	5
3590127	208964.PA4868	340	7
3586463	208964.PA1202	753	5
3590195	208964.PA4936	358	7
3586232	208964.PA0971	64.8	1
3587029	208964.PA1766	442	11
3589700	208964.PA4439	596	16
3585621	208964.PA0361	29.2	1
3589617	208964.PA4356	1298	24
3590498	208964.PA5239	1250	47
3590021	208964.PA4762	348	4
3588897	208964.PA3636	617	11
3590365	208964.PA5106	160	5
3590200	208964.PA4941	1991	27
3587725	208964.PA2463	11.6	1
3588713	208964.PA3452	348	9
3585416	208964.PA0157	36.7	1
3588431	208964.PA3170	244	6
3589061	208964.PA3800	1583	31
3587296	208964.PA2033	841	8
3588264	208964.PA3002	474	39
3589807	208964.PA4547	363	11
3585349	208964.PA0090	674	42
3586293	208964.PA1032	85.0	5
3590813	208964.PA5553	400	3
3589717	208964.PA4456	136	3
3588259	208964.PA2997	176	3
3590695	208964.PA5436	1000	29
3588876	208964.PA3615	977	18
3589545	208964.PA4284	39.3	4
3589761	208964.PA4500	63.6	3
3587866	208964.PA2604	1161	6
3587076	208964.PA1813	345	7
3590617	208964.PA5358	45.7	1
3590406	208964.PA5147	25.4	1
3586112	208964.PA0851	42.0	1
3588937	208964.PA3676	36.5	3
3585728	208964.PA0467	56.7	1
3586721	208964.PA1460	279	3
3589821	208964.PA4561	302	8
3588732	208964.PA3471	1472	38
3590107	208964.PA4848	2020	51
3589501	208964.PA4240	281	3
3587023	208964.PA1760	11.9	1
3589466	208964.PA4205	87.0	1
3588947	208964.PA3686	652	9
3588225	208964.PA2963	43.0	1
3590713	208964.PA5454	192	3
3589183	208964.PA3922	498	11
3588906	208964.PA3645	326	3
3590576	208964.PA5317	216	6
3586909	208964.PA1646	12.6	2
3590261	208964.PA5002	167	5
3589127	208964.PA3866	96.5	5
3589322	208964.PA4061	138	3
3587032	208964.PA1769	329	5
3587664	208964.PA2402	436	169
3589613	208964.PA4352	1967	33
3585268	208964.PA0009	640	13
3589245	208964.PA3984	516	13
3587652	208964.PA2389	527	15
3587307	208964.PA2044	335	16
3586148	208964.PA0887	1656	67
3586156	208964.PA0895	1629	45
3587916	208964.PA2654	133	8
3590333	208964.PA5074	86.1	1
3585631	208964.PA0371	175	6
3587648	208964.PA2385	314	17
3585267	208964.PA0008	1055	47
3585275	208964.PA0016	351	8
3587876	208964.PA2614	34.8	1
3585400	208964.PA0141	1565	30
3585920	208964.PA0659	236	2
3586723	208964.PA1462	305	4
3587267	208964.PA2004	103	2
3587275	208964.PA2012	999	34
3589710	208964.PA4449	119	2
3585748	208964.PA0487	43.3	1
3588544	208964.PA3283	79.6	1
3587793	208964.PA2531	1413	39
3588403	208964.PA3141	418	17
3589233	208964.PA3972	683	29
3585697	208964.PA0437	357	7
3589756	208964.PA4495	611	8
3589260	208964.PA3999	1879	38
3587227	208964.PA1964	31.5	1
3589071	208964.PA3810	442	21
3588211	208964.PA2949	139	4
3587207	208964.PA1944	202	9
3590712	208964.PA5453	430	9
3588486	208964.PA3225	620	13
3590476	208964.PA5217	644	8
3589946	208964.PA4687	218	5
3586477	208964.PA1216	237	5
3590700	208964.PA5441	446	22
3589092	208964.PA3831	2191	74
3588358	208964.PA3096	43.6	1
3586977	208964.PA1714	167	2
3589986	208964.PA4727	664	24
3588467	208964.PA3206	19.1	1
3588726	208964.PA3465	58.3	1
3590020	208964.PA4761	3251	114
3587000	208964.PA1737	592	23
3588002	208964.PA2740	722	19
3585833	208964.PA0572	270	14
3587645	208964.PA2382	183	5
3590250	208964.PA4991	297	10
3590430	208964.PA5171	4224	132
3588149	208964.PA2887	44.1	1
3590293	208964.PA5034	127	2
3588220	208964.PA2958	77.1	2
3587013	208964.PA1750	1005	18
3590350	208964.PA5091	139	3
3590474	208964.PA5215	895	13
3585681	208964.PA0421	224	8
3586554	208964.PA1293	687	12
3589523	208964.PA4262	1036	13
3587415	208964.PA2152	119	11
3590402	208964.PA5143	79.8	1
3587055	208964.PA1792	130	2
3588341	208964.PA3079	33.5	2
3586260	208964.PA0999	850	20
3589451	208964.PA4190	877	23
3589135	208964.PA3874	231	8
3588282	208964.PA3020	58.9	3
3588312	208964.PA3050	598	13
3589328	208964.PA4067	980	13
3587804	208964.PA2542	28.2	3
3589084	208964.PA3823	358	9
3588598	208964.PA3337	431	12
3586872	208964.PA1609	3196	43
3586744	208964.PA1483	281	9
3590408	208964.PA5149	24.8	1
3588624	208964.PA3363	66.6	1
3588475	208964.PA3214	133	2
3589153	208964.PA3892	153	2
3589515	208964.PA4254	1168	4
3587604	208964.PA2341	104	3
3587253	208964.PA1990	8.2	2
3588574	208964.PA3313	262	7
3587303	208964.PA2040	67.0	3
3588177	208964.PA2915	31.6	1
3586024	208964.PA0764	154	3
3589144	208964.PA3883	86.9	1
3590376	208964.PA5117	1342	32
3587410	208964.PA2147	487	17
3586291	208964.PA1030	54.0	1
3589786	208964.PA4525	1409	10
3585503	208964.PA0243	241	3
3585683	208964.PA0423	746	13
3590602	208964.PA5343	97.3	2
3586396	208964.PA1135	771	10
3589315	208964.PA4054	768	22
3585816	208964.PA0555	2034	36
3590045	208964.PA4786	480	15
3586944	208964.PA1681	340	10
3586805	208964.PA1544	60.0	1
3589878	208964.PA4618	29.9	1
3588241	208964.PA2979	608	9
3589762	208964.PA4501	76.2	2
3590378	208964.PA5119	1996	59
3589568	208964.PA4307	81.9	12
3590689	208964.PA5430	55.3	1
3589590	208964.PA4329	2035	70
3586052	208964.PA0792	893	27
3590198	208964.PA4939	451	11
3585568	208964.PA0308	107	3
3588588	208964.PA3327	900	145
3589948	208964.PA4689	276	18
3585807	208964.PA0546	3138	65
3589929	208964.PA4670	2730	63
3585785	208964.PA0524	135	2
3586224	208964.PA0963	1786	69
3588250	208964.PA2988	237	4
3587376	208964.PA2113	366	11
3588333	208964.PA3071	160	4
3587247	208964.PA1984	380	26
3589805	208964.PA4545	192	5
3588343	208964.PA3081	570	16
3586204	208964.PA0943	755	12
3585647	208964.PA0387	65.5	1
3585649	208964.PA0389	32.3	1
3590296	208964.PA5037	226	7
3589631	208964.PA4370	1977	44
3589742	208964.PA4481	1496	35
3590597	208964.PA5338	251	12
3587754	208964.PA2492	102	2
3586850	208964.PA1587	3600	102
3586270	208964.PA1009	72.7	1
3585996	208964.PA0735	52.9	1
3589136	208964.PA3875	375	34
3587011	208964.PA1748	264	3
3588992	208964.PA3731	505	7
3588425	208964.PA3163	47.7	1
3586859	208964.PA1596	2115	110
3590254	208964.PA4995	51.7	1
3585398	208964.PA0139	2879	43
3588113	208964.PA2851	964	11
3588136	208964.PA2874	50.3	1
3588429	208964.PA3168	1813	84
3589467	208964.PA4206	714	19
3585849	208964.PA0588	2012	81
3589517	208964.PA4256	1306	9
3590218	208964.PA4959	1001	40
3590260	208964.PA5001	621	16
3586941	208964.PA1678	327	4
3588904	208964.PA3643	104	3
3590017	208964.PA4758	696	10
3587672	208964.PA2410	182	4
3587987	208964.PA2725	280	12
3590672	208964.PA5413	867	16
3590460	208964.PA5201	671	37
3589922	208964.PA4663	65.4	1
3588345	208964.PA3083	1267	98
3589601	208964.PA4340	72.8	1
3588957	208964.PA3696	555	9
3588440	208964.PA3179	307	7
3589059	208964.PA3798	354	8
3585558	208964.PA0298	135	3
3589474	208964.PA4213	149	3
3589991	208964.PA4732	1055	37
3590635	208964.PA5376	114	4
3590627	208964.PA5368	61.1	2
3586126	208964.PA0865	2226	52
3586420	208964.PA1159	501	2
3586860	208964.PA1597	42.3	1
3587990	208964.PA2728	176	12
3585556	208964.PA0296	59.3	3
3588400	208964.PA3138	255	12
3590301	208964.PA5042	239	3
3588896	208964.PA3635	1710	35
3590071	208964.PA4812	581	41
3589594	208964.PA4333	1004	31
3590571	208964.PA5312	1410	38
3585788	208964.PA0527	62.0	1
3587657	208964.PA2394	1369	33
3588499	208964.PA3238	34.8	1
3587538	208964.PA2275	35.7	1
3588337	208964.PA3075	83.4	3
3589536	208964.PA4275	808	10
3586432	208964.PA1171	216	5
3587854	208964.PA2592	158	3
3589186	208964.PA3925	144	3
3589914	208964.PA4655	86.4	2
3588900	208964.PA3639	837	16
3588865	208964.PA3604	50.6	1
3588414	208964.PA3152	309	5
3585565	208964.PA0305	23.2	1
3587565	208964.PA2302	1038	146
3589060	208964.PA3799	717	20
3586031	208964.PA0771	584	13
3586223	208964.PA0962	880	9
3589107	208964.PA3846	69.7	1
3589862	208964.PA4602	1095	20
3585389	208964.PA0130	625	17
3589636	208964.PA4375	62.5	4
3589543	208964.PA4282	8.48	1
3586325	208964.PA1064	273	4
3587332	208964.PA2069	608	28
3589473	208964.PA4212	131	6
3588353	208964.PA3091	197	7
3590305	208964.PA5046	3004	74
3588602	208964.PA3341	169	2
3590457	208964.PA5198	61.7	1
3589699	208964.PA4438	217	6
3589798	208964.PA4538	571	16
3589493	208964.PA4232	499	7
3587660	208964.PA2397	692	20
3587373	208964.PA2110	166	3
3589767	208964.PA4506	284	6
3585965	208964.PA0704	19.4	1
3590817	208964.PA5557	301	4
3589569	208964.PA4308	172	5
3590392	208964.PA5133	37.0	1
3586782	208964.PA1521	182	6
3586504	208964.PA1243	33.5	2
3586820	208964.PA1557	809	10
3588831	208964.PA3570	1401	38
3589721	208964.PA4460	123	1
3586812	208964.PA1551	366	12
3590421	208964.PA5162	405	10
3589973	208964.PA4715	435	10
3589577	208964.PA4316	699	26
3588427	208964.PA3166	545	16
3587591	208964.PA2328	81.9	2
3588875	208964.PA3614	1047	32
3590490	208964.PA5231	278	19
3590337	208964.PA5078	1733	52
3586207	208964.PA0946	123	2
3589984	208964.PA4725	74.7	3
3589735	208964.PA4474	469	12
3586545	208964.PA1284	10.7	3
3589836	208964.PA4576	802	47
3589272	208964.PA4011	232	5
3590364	208964.PA5105	359	6
3587427	208964.PA2164	23.8	1
3590472	208964.PA5213	310	17
3585585	208964.PA0325	15.4	1
3590396	208964.PA5137	61.6	1
3585595	208964.PA0335	45.1	1
3586606	208964.PA1345	5.62	1
3587497	208964.PA2234	95.0	1
3587844	208964.PA2582	73.4	1
3588711	208964.PA3450	47.4	1
3590390	208964.PA5131	1968	45
3588721	208964.PA3460	106	5
3590104	208964.PA4845	128	4
3588073	208964.PA2811	229	2
3587085	208964.PA1822	124	5
3590458	208964.PA5199	100	4
3590756	208964.PA5496	87.3	2
3589664	208964.PA4403	1686	87
3587996	208964.PA2734	173	7
3586578	208964.PA1317	161	2
3588505	208964.PA3244	2381	36
3589463	208964.PA4202	216	5
3589175	208964.PA3914	9.81	1
3589035	208964.PA3774	45.4	1
3588517	208964.PA3256	853	19
3586486	208964.PA1225	49.8	1
3586440	208964.PA1179	739	12
3589959	208964.PA4701	1294	52
3589120	208964.PA3859	144	1
3585819	208964.PA0558	310	5
3585663	208964.PA0403	51.2	1
3588315	208964.PA3053	72.0	2
3586055	208964.PA0795	2177	53
3585673	208964.PA0413	830	117
3585662	208964.PA0402	1101	31
3589063	208964.PA3802	579	18
3587135	208964.PA1872	58.8	1
3589693	208964.PA4432	2536	18
3590686	208964.PA5427	1428	28
3585545	208964.PA0285	33.3	2
3585613	208964.PA0353	929	30
3589855	208964.PA4595	1435	60
3587669	208964.PA2407	717	14
3587816	208964.PA2554	330	7
3589050	208964.PA3789	252	9
3588412	208964.PA3150	1007	20
3589242	208964.PA3981	351	6
3590452	208964.PA5193	196	4
3586816	208964.PA1554	173	4
3590279	208964.PA5020	3.53	1
3588953	208964.PA3692	820	12
3586131	208964.PA0870	1352	44
3586294	208964.PA1033	324	3
3589479	208964.PA4218	1100	15
3589195	208964.PA3934	109	2
3590465	208964.PA5206	85.3	2
3587193	208964.PA1930	1.38	1
3589191	208964.PA3930	209	4
3588961	208964.PA3700	1112	45
3589231	208964.PA3970	646	23
3588742	208964.PA3481	1001	17
3590371	208964.PA5112	354	13
3586195	208964.PA0934	894	47
3586722	208964.PA1461	46.9	1
3586599	208964.PA1338	28.9	1
3589468	208964.PA4207	683	36
3588963	208964.PA3702	49.1	1
3590295	208964.PA5036	346	32
3589817	208964.PA4557	126	2
3587249	208964.PA1986	22.8	1
3586921	208964.PA1658	280	11
3585576	208964.PA0316	1677	49
3589741	208964.PA4480	94.9	3
3587015	208964.PA1752	232	6
3590469	208964.PA5210	265	13
3587262	208964.PA1999	1085	8
3586042	208964.PA0782	878	68
3585847	208964.PA0586	409	10
3588529	208964.PA3268	27.3	1
3590351	208964.PA5092	174	5
3585507	208964.PA0247	33.8	1
3585540	208964.PA0280	52.3	1
3589661	208964.PA4400	661	7
3587086	208964.PA1823	314	5
3587102	208964.PA1839	20.3	1
3589079	208964.PA3818	143	3
3586269	208964.PA1008	203	2
3586725	208964.PA1464	217	4
3589522	208964.PA4261	1461	6
3590139	208964.PA4880	122	2
3586456	208964.PA1195	225	4
3587272	208964.PA2009	1219	29
3586159	208964.PA0898	439	13
3585551	208964.PA0291	1455	39
3586636	208964.PA1375	313	7
3588417	208964.PA3155	1306	32
3589736	208964.PA4475	82.4	2
3590431	208964.PA5172	4250	76
3586166	208964.PA0905	2764	6
3589203	208964.PA3942	36.4	1
3585855	208964.PA0594	561	19
3587799	208964.PA2537	381	7
3587164	208964.PA1901	131	6
3590000	208964.PA4741	212	1
3586219	208964.PA0958	1852	41
3590501	208964.PA5242	1326	80
3588691	208964.PA3430	75.3	1
3590463	208964.PA5204	473	10
3589499	208964.PA4238	4242	87
3585632	208964.PA0372	166	6
3587351	208964.PA2088	12.4	1
3588207	208964.PA2945	48.4	1
3588874	208964.PA3613	1276	64
3588716	208964.PA3455	446	18
3588355	208964.PA3093	68.9	2
3585722	208964.PA0461	124	2
3589246	208964.PA3985	40.3	1
3586259	208964.PA0998	2004	41
3587807	208964.PA2545	352	7
3589709	208964.PA4448	1060	33
3586565	208964.PA1304	432	23
3589521	208964.PA4260	4222	61
3586271	208964.PA1010	596	15
3586719	208964.PA1458	657	23
3590220	208964.PA4961	303	8
3586903	208964.PA1640	220	4
3589571	208964.PA4310	234	19
3587997	208964.PA2735	757	42
3585798	208964.PA0537	105	2
3588799	208964.PA3538	210	5
3586352	208964.PA1091	147	17
3586274	208964.PA1013	577	8
3586327	208964.PA1066	274	4
3587641	208964.PA2378	155	8
3588533	208964.PA3272	28.6	3
3586010	208964.PA0750	73.3	1
3590256	208964.PA4997	263	10
3588420	208964.PA3158	2400	37
3586634	208964.PA1373	80.1	2
3589253	208964.PA3992	65.5	2
3587288	208964.PA2025	1158	37
3589484	208964.PA4223	1011	24
3589893	208964.PA4633	116	6
3590770	208964.PA5510	163	2
3588592	208964.PA3331	749	13
3587382	208964.PA2119	1461	27
3590247	208964.PA4988	152	4
3585525	208964.PA0265	1839	51
3590520	208964.PA5261	1668	30
3586157	208964.PA0896	688	12
3586314	208964.PA1053	556	4
3590680	208964.PA5421	350	7
3585856	208964.PA0595	1353	86
3587052	208964.PA1789	718	14
3587040	208964.PA1777	3800	69
3588026	208964.PA2764	465	6
3590781	208964.PA5521	197	4
3590353	208964.PA5094	229	4
3585642	208964.PA0382	251	4
3590687	208964.PA5428	34.1	1
3586115	208964.PA0854	605	16
3588162	208964.PA2900	37.1	1
3590711	208964.PA5452	32.4	1
3586110	208964.PA0849	964	15
3589723	208964.PA4462	131	4
3589789	208964.PA4529	216	3
3589139	208964.PA3878	44.3	2
3590228	208964.PA4969	38.0	1
3589528	208964.PA4267	2275	18
3590263	208964.PA5004	340	8
3588454	208964.PA3193	279	5
3586416	208964.PA1155	393	12
3589952	208964.PA4694	2347	46
3588304	208964.PA3042	512	3
3587109	208964.PA1846	26.7	2
3586288	208964.PA1027	178	6
3589737	208964.PA4476	112	11
3588798	208964.PA3537	878	20
3585278	208964.PA0019	270	2
3590303	208964.PA5044	1420	32
3587823	208964.PA2561	5.9	2
3589053	208964.PA3792	671	30
3586097	208964.PA0836	785	20
3589920	208964.PA4661	353	4
3586158	208964.PA0897	689	15
3586188	208964.PA0927	380	7
3590409	208964.PA5150	731	10
3590625	208964.PA5366	247	5
3589023	208964.PA3762	186	2
3589589	208964.PA4328	81.0	2
3586796	208964.PA1535	201	4
3588973	208964.PA3712	256	3
3587407	208964.PA2144	132	8
3589934	208964.PA4675	719	30
3588120	208964.PA2858	155	6
3590251	208964.PA4992	61.7	1
3588918	208964.PA3657	157	3
3590208	208964.PA4949	215	8
3586094	208964.PA0833	105	1
3586398	208964.PA1137	73.6	2
3590401	208964.PA5142	276	6
3590007	208964.PA4748	416	4
3586022	208964.PA0762	81.4	1
3589241	208964.PA3980	20.1	1
3589114	208964.PA3853	347	6
3586198	208964.PA0937	382	3
3587059	208964.PA1796	655	11
3585686	208964.PA0426	745	35
3588445	208964.PA3184	557	12
3587066	208964.PA1803	1599	85
3585314	208964.PA0055	38.5	1
3589031	208964.PA3770	2569	79
3589930	208964.PA4671	1614	25
3590272	208964.PA5013	2495	38
3589945	208964.PA4686	260	17
3588309	208964.PA3047	106	3
3586417	208964.PA1156	1752	99
3585402	208964.PA0143	151	3
3589488	208964.PA4227	91.8	2
3590575	208964.PA5316	1522	8
3588300	208964.PA3038	348	10
3588129	208964.PA2867	32.8	3
3585655	208964.PA0395	751	21
3590009	208964.PA4750	134	3
3588237	208964.PA2975	250	3
3586741	208964.PA1480	52.4	1
3586603	208964.PA1342	343	8
3588093	208964.PA2831	969	22
3586054	208964.PA0794	848	47
3590008	208964.PA4749	956	24
3587653	208964.PA2390	404	13
3588788	208964.PA3527	440	11
3588409	208964.PA3147	241	6
3585559	208964.PA0299	1080	24
3589316	208964.PA4055	117	1
3590264	208964.PA5005	952	34
3585868	208964.PA0607	156	2
3590270	208964.PA5011	203	4
3588284	208964.PA3022	887	14
3590179	208964.PA4920	558	9
3585588	208964.PA0328	367	14
3589808	208964.PA4548	316	8
3586588	208964.PA1327	20.1	1
3589814	208964.PA4554	1026	58
3586435	208964.PA1174	86.3	5
3588503	208964.PA3242	261	4
3588531	208964.PA3270	144	2
3586234	208964.PA0973	130	1
3589392	208964.PA4131	466	15
3588389	208964.PA3127	66.4	2
3587056	208964.PA1793	366	3
3586329	208964.PA1068	130	7
3586039	208964.PA0779	1297	62
3587038	208964.PA1775	124	3
3586684	208964.PA1423	1.36	1
3586720	208964.PA1459	199	5
3585694	208964.PA0434	287	11
3590561	208964.PA5302	1141	21
3586212	208964.PA0951	59.8	1
3588815	208964.PA3554	406	18
3587458	208964.PA2195	401	12
3589393	208964.PA4132	273	10
3589619	208964.PA4358	15.4	1
3585841	208964.PA0580	80.8	2
3590294	208964.PA5035	384	11
3588812	208964.PA3551	31.7	1
3587073	208964.PA1810	206	9
3588446	208964.PA3185	216	5
3586513	208964.PA1252	44.5	1
3585929	208964.PA0668	700	20
3585754	208964.PA0493	136	1
3585910	208964.PA0649	97.8	1
3589394	208964.PA4133	938	11
3586155	208964.PA0894	40.0	2
3589424	208964.PA4163	384	15
3587849	208964.PA2587	577	16
3586817	208964.PA1555	321	7
3586826	208964.PA1563	32.7	1
3589540	208964.PA4279	80.8	1
3590809	208964.PA5549	959	35
3588796	208964.PA3535	43.8	3
3589687	208964.PA4426	178	3
3590046	208964.PA4787	61.0	1
3590747	208964.PA5487	21.9	1
3590217	208964.PA4958	343	9
3588428	208964.PA3167	1603	31
3586819	208964.PA1556	684	8
3586824	208964.PA1561	165	5
3586007	208964.PA0746	800	21
3589900	208964.PA4640	1547	42
3589024	208964.PA3763	1257	90
3590339	208964.PA5080	892	21
3588478	208964.PA3217	52.3	1
3587260	208964.PA1997	120	7
3590447	208964.PA5188	111	4
3586133	208964.PA0872	243	4
3588571	208964.PA3310	8.74	1
3587274	208964.PA2011	59.0	1
3587910	208964.PA2648	138	2
3585687	208964.PA0427	867	29
3589507	208964.PA4246	771	9
3588744	208964.PA3483	46.3	1
3586008	208964.PA0747	381	14
3589968	208964.PA4710	440	24
3586698	208964.PA1437	121	2
3586553	208964.PA1292	135	3
3586848	208964.PA1585	2328	103
3587704	208964.PA2442	441	10
3589622	208964.PA4361	37.2	1
3589899	208964.PA4639	328	5
3585743	208964.PA0482	1755	78
3588569	208964.PA3308	676	39
3585560	208964.PA0300	150	4
3589826	208964.PA4566	432	8
3586837	208964.PA1574	569	3
3585391	208964.PA0132	38.4	1
3586230	208964.PA0969	347	3
3588587	208964.PA3326	1166	10
3588432	208964.PA3171	576	9
3586781	208964.PA1520	246	5
3590067	208964.PA4808	93.8	3
3590590	208964.PA5331	781	13
3589340	208964.PA4079	440	6
3586501	208964.PA1240	77.0	2
3585823	208964.PA0562	37.5	1
3589533	208964.PA4272	394	4
3590750	208964.PA5490	168	1
3588137	208964.PA2875	282	8
3590502	208964.PA5243	1334	18
3587033	208964.PA1770	2633	130
3590608	208964.PA5349	602	15
3587512	208964.PA2249	2373	53
3587143	208964.PA1880	20.4	1
3588038	208964.PA2776	36.0	1
3590537	208964.PA5278	616	12
3589012	208964.PA3751	1026	27
3587096	208964.PA1833	1540	31
3589290	208964.PA4029	394	2
3590815	208964.PA5555	1246	20
3589257	208964.PA3996	52.1	1
3587088	208964.PA1825	41.7	1
3590358	208964.PA5099	39.7	1
3587276	208964.PA2013	207	3
3590603	208964.PA5344	418	12
3587092	208964.PA1829	40.1	1
3589210	208964.PA3949	27.4	1
3585326	208964.PA0067	1068	53
3590113	208964.PA4854	1373	55
3587670	208964.PA2408	312	7
3589038	208964.PA3777	55.9	1
3590022	208964.PA4763	69.9	2
3590420	208964.PA5161	730	16
3586006	208964.PA0745	829	16
3590605	208964.PA5346	536	13
3590101	208964.PA4842	590	12
3586871	208964.PA1608	33.8	3
3588365	208964.PA3103	214	6
3586842	208964.PA1579	74.8	1
3587067	208964.PA1804	198	1
3590030	208964.PA4771	50.6	2
3588828	208964.PA3567	33.5	1
3589508	208964.PA4247	1536	11
3585564	208964.PA0304	164	2
3589121	208964.PA3860	49.6	2
3587756	208964.PA2494	2944	122
3590527	208964.PA5268	80.7	2
3588451	208964.PA3190	515	13
3589695	208964.PA4434	287	8
3588213	208964.PA2951	3683	47
3590716	208964.PA5457	42.6	1
3587785	208964.PA2523	100	2
3590274	208964.PA5015	2890	143
3588493	208964.PA3232	36.2	1
3587058	208964.PA1795	675	25
3588238	208964.PA2976	3171	139
3586154	208964.PA0893	43.6	1
3585777	208964.PA0516	299	10
3586503	208964.PA1242	23.0	1
3590190	208964.PA4931	169	5
3589962	208964.PA4704	282	6
3587737	208964.PA2475	39.1	1
3589441	208964.PA4180	664	18
3589485	208964.PA4224	1382	25
3587286	208964.PA2023	648	11
3587901	208964.PA2639	1085	47
3585279	208964.PA0020	1099	17
3586715	208964.PA1454	110	3
3587794	208964.PA2532	303	4
3587375	208964.PA2112	327	5
3587812	208964.PA2550	26.7	1
3585555	208964.PA0295	141	2
3586691	208964.PA1430	538	10
3589649	208964.PA4388	223	4
3588487	208964.PA3226	54.5	1
3585283	208964.PA0024	637	12
3589088	208964.PA3827	204	3
3587379	208964.PA2116	1274	17
3589745	208964.PA4484	1355	45
3586149	208964.PA0888	509	11
3590753	208964.PA5493	877	57
3585851	208964.PA0590	32.0	1
3589157	208964.PA3896	280	6
3590637	208964.PA5378	31.4	1
3587888	208964.PA2626	252	7
3590106	208964.PA4847	483	3
3589236	208964.PA3975	114	2
3589546	208964.PA4285	150	14
3590400	208964.PA5141	194	5
3588714	208964.PA3453	154	2
3589271	208964.PA4010	480	8
3589147	208964.PA3886	78.0	1
3589030	208964.PA3769	1396	56
3588370	208964.PA3108	1113	38
3587900	208964.PA2638	413	8
3589869	208964.PA4609	135	6
3585633	208964.PA0373	243	7
3588455	208964.PA3194	1804	54
3585354	208964.PA0095	62.4	9
3589068	208964.PA3807	227	1
3589317	208964.PA4056	99.6	3
3590157	208964.PA4898	6.73	1
3589689	208964.PA4428	147	3
3585422	208964.PA0163	46.8	1
3589655	208964.PA4394	154	2
3588442	208964.PA3181	474	6
3587119	208964.PA1856	47.5	2
3587753	208964.PA2491	4652	91
3586113	208964.PA0852	3064	54
3590265	208964.PA5006	24.9	1
3588977	208964.PA3716	229	6
3590304	208964.PA5045	597	31
3590233	208964.PA4974	771	26
3589891	208964.PA4631	74.9	2
3585837	208964.PA0576	1841	46
3590105	208964.PA4846	93.0	1
3588789	208964.PA3528	99.7	1
3590399	208964.PA5140	60.4	1
3589082	208964.PA3821	2454	83
3589637	208964.PA4376	211	10
3590405	208964.PA5146	1003	47
3589755	208964.PA4494	45.9	1
3590606	208964.PA5347	80.0	1
3589785	208964.PA4524	121	3
3589137	208964.PA3876	122	2
3586028	208964.PA0768	429	9
3588814	208964.PA3553	35.3	1
3585679	208964.PA0419	177	2
3590822	208964.PA5562	185	5
3590269	208964.PA5010	407	9
3590197	208964.PA4938	1161	32
3589185	208964.PA3924	261	10
3590282	208964.PA5023	43.2	1
3588610	208964.PA3349	607	16
3589677	208964.PA4416	493	16
3587847	208964.PA2585	26.8	1
3586632	208964.PA1371	61.8	1
3590284	208964.PA5025	645	17
3590302	208964.PA5043	554	5
3585854	208964.PA0593	84.4	2
3589985	208964.PA4726	277	7
3587326	208964.PA2063	30.6	1
3587882	208964.PA2620	884	42
3589494	208964.PA4233	177	2
3587103	208964.PA1840	537	3
3589535	208964.PA4274	120	1
3588444	208964.PA3183	1181	40
3586261	208964.PA1000	310	10
3587266	208964.PA2003	897	13
3586952	208964.PA1689	111	6
3590745	208964.PA5485	118	2
3588546	208964.PA3285	49.8	1
3586925	208964.PA1662	14.7	1
3589278	208964.PA4017	198	3
3588212	208964.PA2950	1210	31
3589006	208964.PA3745	778	4
3586165	208964.PA0904	981	31
3588367	208964.PA3105	541	19
3588523	208964.PA3262	589	10
3588268	208964.PA3006	114	2
3585921	208964.PA0660	946	13
3590519	208964.PA5260	118	3
3585661	208964.PA0401	851	22
3588594	208964.PA3333	418	7
3585304	208964.PA0045	57.8	1
3586423	208964.PA1162	224	4
3589628	208964.PA4367	43.8	2
3585333	208964.PA0074	29.1	2
3587837	208964.PA2575	326	5
3586937	208964.PA1674	51.3	1
3586731	208964.PA1470	46.0	1
3587057	208964.PA1794	1492	57
3587211	208964.PA1948	160	2
3588589	208964.PA3328	890	20
3590216	208964.PA4957	534	7
3589690	208964.PA4429	644	11
3588863	208964.PA3602	473	18
3585666	208964.PA0406	53.1	1
3586237	208964.PA0976	158	3
3589502	208964.PA4241	638	5
3587050	208964.PA1787	2697	166
3587665	208964.PA2403	90.1	2
3585656	208964.PA0396	1116	29
3589116	208964.PA3855	412	5
3587594	208964.PA2331	266	3
3589757	208964.PA4496	190	6
3590749	208964.PA5489	259	3
3589764	208964.PA4503	117	2
3589981	208964.PA4723	99.1	1
3585803	208964.PA0542	101	1
3587270	208964.PA2007	534	9
3590825	208964.PA5565	202	6
3588103	208964.PA2841	541	9
3590604	208964.PA5345	210	10
3585864	208964.PA0603	183	6
3588105	208964.PA2843	20.6	1
3586789	208964.PA1528	186	4
3588219	208964.PA2957	185	3
3585720	208964.PA0459	2308	130
3589496	208964.PA4235	258	3
3589667	208964.PA4406	1900	37
3589781	208964.PA4520	18.2	3
3590114	208964.PA4855	766	20
3588032	208964.PA2770	622	11
3587123	208964.PA1860	56.8	1
3585715	208964.PA0455	26.4	1
3585417	208964.PA0158	218	11
3587297	208964.PA2034	187	3
3590560	208964.PA5301	236	3
3588253	208964.PA2991	1675	49
3590688	208964.PA5429	886	15
3589292	208964.PA4031	235	2
3586811	208964.PA1550	69.0	1
3590536	208964.PA5277	825	31
3589989	208964.PA4730	218	5
3585323	208964.PA0064	293	2
3589531	208964.PA4270	3311	295
3588373	208964.PA3111	121	3
3589726	208964.PA4465	49.9	1
3590433	208964.PA5174	1425	55
3587414	208964.PA2151	38.7	3
3588489	208964.PA3228	225	9
3585809	208964.PA0548	2324	72
3589642	208964.PA4381	57.7	1
3589222	208964.PA3961	12.4	1
3589518	208964.PA4257	5709	57
3589148	208964.PA3887	68.9	1
3589492	208964.PA4231	244	9
3590219	208964.PA4960	238	8
3589576	208964.PA4315	481	3
3589827	208964.PA4567	270	1
3589668	208964.PA4407	513	13
3586302	208964.PA1041	403	2
3585651	208964.PA0391	111	4
3589886	208964.PA4626	125	3
3587875	208964.PA2613	123	3
3586162	208964.PA0901	1039	22
3589839	208964.PA4579	223	10
3589039	208964.PA3778	56.1	1
3588227	208964.PA2965	1143	19
3590014	208964.PA4755	70.4	1
3589782	208964.PA4521	50.8	1
3586906	208964.PA1643	41.0	1
3590555	208964.PA5296	35.3	2
3586332	208964.PA1071	95.4	2
3589575	208964.PA4314	374	6
3589431	208964.PA4170	55.2	1
3588786	208964.PA3525	2192	50
3587663	208964.PA2400	566	97
3590550	208964.PA5291	46.8	1
3590653	208964.PA5394	55.6	2
3586525	208964.PA1264	7.16	1
3588169	208964.PA2907	30.0	1
3589722	208964.PA4461	115	2
3585853	208964.PA0592	85.7	2
3587802	208964.PA2540	57.2	2
3588077	208964.PA2815	1337	70
3588263	208964.PA3001	1995	58
3589503	208964.PA4242	1846	1
3590531	208964.PA5272	9.5	1
3585767	208964.PA0506	611	20
3588688	208964.PA3427	555	9
3587513	208964.PA2250	1787	66
3589905	208964.PA4646	144	2
3586358	208964.PA1097	403	12
3588430	208964.PA3169	502	9
3589875	208964.PA4615	419	8
3585332	208964.PA0073	73.5	1
3587212	208964.PA1949	90.8	3
3587655	208964.PA2392	974	31
3587791	208964.PA2529	415	13
3586164	208964.PA0903	1313	76
3589802	208964.PA4542	1966	131
3586444	208964.PA1183	307	3
3585602	208964.PA0342	126	2
3589758	208964.PA4497	10.1	1
3590500	208964.PA5241	494	20
3589671	208964.PA4410	244	6
3589110	208964.PA3849	96.2	4
3589926	208964.PA4667	220	8
3586748	208964.PA1487	4.16	1
3589704	208964.PA4443	447	7
3587206	208964.PA1943	193	5
3588658	208964.PA3397	1130	23
3587815	208964.PA2553	1968	48
3587495	208964.PA2232	427	15
3589804	208964.PA4544	429	7
3586152	208964.PA0891	54.6	1
3587190	208964.PA1927	64.7	4
3587947	208964.PA2685	173	15
3589583	208964.PA4322	539	9
3585698	208964.PA0438	169	1
3587062	208964.PA1799	50.0	1
3588410	208964.PA3148	1488	35
3587593	208964.PA2330	760	24
3588717	208964.PA3456	193	11
3588456	208964.PA3195	2084	41
3587914	208964.PA2652	293	10
3589694	208964.PA4433	1275	11
3590335	208964.PA5076	377	8
3586306	208964.PA1045	17.4	1
3590281	208964.PA5022	115	7
3590235	208964.PA4976	71.5	1
3587792	208964.PA2530	300	8
3588022	208964.PA2760	1697	43
3586843	208964.PA1580	2578	54
3589391	208964.PA4130	603	26
3587892	208964.PA2630	61.6	1
3588135	208964.PA2873	60.7	2
3588151	208964.PA2889	251	7
3586284	208964.PA1023	168	4
3586897	208964.PA1634	6.52	1
3589534	208964.PA4273	1549	26
3588590	208964.PA3329	488	17
3589510	208964.PA4249	108	1
3586815	208964.PA1553	457	6
3587156	208964.PA1893	12.4	1
3585264	208964.PA0005	222	3
3587305	208964.PA2042	270	4
3590315	208964.PA5056	92.9	4
3586602	208964.PA1341	234	4
3586841	208964.PA1578	65.8	1
3588305	208964.PA3043	166	4
3586788	208964.PA1527	98.7	9
3589750	208964.PA4489	689	60
3587662	208964.PA2399	801	145
3589081	208964.PA3820	2923	35
3588153	208964.PA2891	68.5	3
3590468	208964.PA5209	300	9
3589511	208964.PA4250	350	1
3590594	208964.PA5335	147	2
3588003	208964.PA2741	3880	12
3586160	208964.PA0899	375	11
3587891	208964.PA2629	748	18
3589752	208964.PA4491	316	10
3586125	208964.PA0864	32.1	1
3585671	208964.PA0411	1061	30
3588267	208964.PA3005	366	6
3589825	208964.PA4565	485	9
3588878	208964.PA3617	1892	45
3586751	208964.PA1490	352	6
3590258	208964.PA4999	53.7	1
3588821	208964.PA3560	63.7	1
3590003	208964.PA4744	2626	109
3586249	208964.PA0988	281	2
3589500	208964.PA4239	4962	60
3589775	208964.PA4514	3.62	1
3586912	208964.PA1649	45.9	1
3590591	208964.PA5332	511	10
3588086	208964.PA2824	199	10
3589958	208964.PA4700	61.3	3
3590201	208964.PA4942	1498	33
3586754	208964.PA1493	267	4
3590231	208964.PA4972	290	5
3585706	208964.PA0446	691	14
3585526	208964.PA0266	1988	56
3589373	208964.PA4112	7.5	1
3587848	208964.PA2586	92.4	2
3588276	208964.PA3014	1862	78
3585730	208964.PA0469	136	3
3590357	208964.PA5098	538	13
3588261	208964.PA2999	715	22
3587926	208964.PA2664	71.1	2
3585527	208964.PA0267	15.5	1
3588729	208964.PA3468	471	14
3588683	208964.PA3422	10.4	1
3588901	208964.PA3640	280	28
3586275	208964.PA1014	80.5	2
3585685	208964.PA0425	1663	30
3586005	208964.PA0744	649	17
3589597	208964.PA4336	130	2
3587764	208964.PA2502	7.42	2
3586462	208964.PA1201	82.4	2
3589495	208964.PA4234	789	48
3588354	208964.PA3092	230	10
3588625	208964.PA3364	91.9	2
3588230	208964.PA2968	513	8
3589578	208964.PA4317	1522	7
3588005	208964.PA2743	888	9
3587767	208964.PA2505	3.26	1
3585350	208964.PA0091	57.6	6
3590010	208964.PA4751	869	33
3589646	208964.PA4385	8761	229
3588102	208964.PA2840	312	12
3589095	208964.PA3834	1244	73
3588720	208964.PA3459	669	30
3587110	208964.PA1847	78.9	1
3590783	208964.PA5523	99.0	3
3590579	208964.PA5320	346	9
3585641	208964.PA0381	441	8
3588596	208964.PA3335	312	6
3586847	208964.PA1584	1438	30
3587131	208964.PA1868	24.4	2
3590714	208964.PA5455	78.7	2
3588889	208964.PA3628	163	2
3587334	208964.PA2071	1027	76
3590023	208964.PA4764	110	1
3589716	208964.PA4455	983	12
3585937	208964.PA0676	51.0	1
3588411	208964.PA3149	84.1	1
3589268	208964.PA4007	587	22
3590451	208964.PA5192	2010	56
3589711	208964.PA4450	1768	37
3589916	208964.PA4657	277	5
3589339	208964.PA4078	363	20
3590324	208964.PA5065	453	20
3590752	208964.PA5492	129	2
3586222	208964.PA0961	1626	6
3586795	208964.PA1534	97.9	1
3585813	208964.PA0552	1030	27
3590222	208964.PA4963	241	3
3588570	208964.PA3309	1372	17
3588388	208964.PA3126	164	2
3585709	208964.PA0449	183	3
3588243	208964.PA2981	215	4
3590341	208964.PA5082	13.4	1
3588618	208964.PA3357	391	11
3588741	208964.PA3480	556	5
3587467	208964.PA2204	47.3	1
3587462	208964.PA2199	408	9
3587911	208964.PA2649	168	3
3588951	208964.PA3690	352	17
3590806	208964.PA5546	403	11
3588332	208964.PA3070	83.7	2
3589184	208964.PA3923	239	8
3589992	208964.PA4733	545	23
3589498	208964.PA4237	1259	8
3588133	208964.PA2871	1127	20
3590757	208964.PA5497	763	38
3590277	208964.PA5018	516	8
3588532	208964.PA3271	62.4	4
3590369	208964.PA5110	1192	14
3586335	208964.PA1074	1107	20
3587167	208964.PA1904	397	13
3590214	208964.PA4955	21.7	1
3589691	208964.PA4430	841	16
3589935	208964.PA4676	43.3	1
3586881	208964.PA1618	120	1
3585635	208964.PA0375	98.5	2
3590205	208964.PA4946	199	10
3585734	208964.PA0473	54.7	1
3587874	208964.PA2612	467	12
3589122	208964.PA3861	484	12
3586109	208964.PA0848	914	12
3589067	208964.PA3806	87.3	2
3588677	208964.PA3416	194	5
3588115	208964.PA2853	141	1
3586940	208964.PA1677	169	3
3589703	208964.PA4442	1240	52
3590568	208964.PA5309	231	7
3588727	208964.PA3466	566	18
3588886	208964.PA3625	252	2
3586258	208964.PA0997	657	10
3587755	208964.PA2493	2006	56
3588269	208964.PA3007	342	6
3586694	208964.PA1433	24.6	1
3588996	208964.PA3735	1095	35
3589509	208964.PA4248	3818	29
3587877	208964.PA2615	150	7
