#id: 166
#name: S.oneidensis MR-1 - Whole organism, SC (GPM,Aug,2014)
#score: 7.5
#weight: 100%
#description: abundance based on Spectral counting, from<a href="http://www.thegpm.org/" target="_blank">GPM,Aug,2014</a><br/><b>Interaction consistency score</b>: 7.5&nbsp<b>Coverage</b>: 31
#organ: WHOLE_ORGANISM
#integrated: false
#coverage: 31
#publication_year: 2014
#filename: 211586-GPM_201408.txt
#
#internal_id	string_external_id	abundance	raw_spectral_count
3598748	211586.SO_4266	16.1	6
3595114	211586.SO_0248	4237	519
3598974	211586.SO_4511	30.9	10
3596935	211586.SO_2262	83.3	11
3597515	211586.SO_2903	8572	2408
3596645	211586.SO_1932	1021	420
3594892	211586.SO_0008	62.8	14
3598652	211586.SO_4164	71.7	5
3594917	211586.SO_0033	9.25	3
3597020	211586.SO_2361	383	132
3596903	211586.SO_2222	856	378
3597395	211586.SO_2763	12.6	5
3598455	211586.SO_3934	47.0	14
3598332	211586.SO_3800	295	348
3597806	211586.SO_3207	452	228
3598863	211586.SO_4384	407	72
3595294	211586.SO_0438	39.6	9
3595571	211586.SO_0740	148	22
3598368	211586.SO_3838	157	743
3596705	211586.SO_2001	544	201
3596377	211586.SO_1627	89.9	14
3598940	211586.SO_4472	7.52	3
3597871	211586.SO_3273	5.91	4
3595389	211586.SO_0541	336	99
3598287	211586.SO_3748	62.6	6
3597468	211586.SO_2851	61.4	10
3597138	211586.SO_2489	285	58
3598462	211586.SO_3941	20.9	7
3598494	211586.SO_3980	206	66
3595055	211586.SO_0185	824	16
3598925	211586.SO_4454	152	620
3598041	211586.SO_3466	3340	431
3596131	211586.SO_1346	38.8	18
3598437	211586.SO_3914	237	182
3596269	211586.SO_1498	114	23
3598477	211586.SO_3959	79.2	13
3595613	211586.SO_0783	204	100
3594948	211586.SO_0065	368	50
3595121	211586.SO_0255	3747	282
3598089	211586.SO_3519	480	44
3596561	211586.SO_1839	42.0	8
3597259	211586.SO_2622	96.8	8
3596904	211586.SO_2223	151	87
3596289	211586.SO_1519	507	185
3597353	211586.SO_2720	174	21
3598229	211586.SO_3681	4408	705
3596600	211586.SO_1882	2.61	3
3596292	211586.SO_1522	72.1	23
3598933	211586.SO_4465	9.54	3
3596424	211586.SO_1677	21.2	5
3599178	211586.SO_4731	44.8	12
3595134	211586.SO_0267	221	36
3599096	211586.SO_4645	56.9	14
3595311	211586.SO_0456	1023	138
3597380	211586.SO_2747	2655	266
3595803	211586.SO_0988	6.65	6
3596379	211586.SO_1630	5060	867
3597254	211586.SO_2617	19.1	3
3596412	211586.SO_1664	91.0	23
3598469	211586.SO_3950	47.1	3
3597240	211586.SO_2602	157	18
3596090	211586.SO_1303	59.8	7
3598452	211586.SO_3930	5620	608
3596588	211586.SO_1868	53.9	9
3598279	211586.SO_3740	1110	429
3596165	211586.SO_1380	23.1	3
3596240	211586.SO_1463	6.83	5
3596937	211586.SO_2264	606	198
3596133	211586.SO_1348	65.2	10
3599193	211586.SO_4749	4272	1368
3598196	211586.SO_3642	64.1	724
3598899	211586.SO_4428	301	57
3595700	211586.SO_0878	20.3	4
3595655	211586.SO_0831	302	71
3598033	211586.SO_3458	68.8	10
3596520	211586.SO_1794	1165	253
3598804	211586.SO_4321	2387	296
3599114	211586.SO_4662	122	22
3595873	211586.SO_1065	1628	296
3596055	211586.SO_1268	159	49
3597005	211586.SO_2345	1535	577
3597629	211586.SO_3024	513	128
3598960	211586.SO_4492	2004	268
3598976	211586.SO_4513	320	198
3597745	211586.SO_3145	456	88
3598085	211586.SO_3514	3.24	3
3597536	211586.SO_2928	64.1	9
3597624	211586.SO_3019	32.2	15
3595200	211586.SO_0340	79.2	32
3596110	211586.SO_1325	465	579
3597535	211586.SO_2927	146	30
3597241	211586.SO_2603	234	20
3595865	211586.SO_1055	33.9	9
3598347	211586.SO_3817	21.9	7
3596539	211586.SO_1814	248	17
3598262	211586.SO_3718	90.4	18
3596642	211586.SO_1929	1084	150
3598611	211586.SO_4114.2	6.8	4
3596404	211586.SO_1655	53.3	17
3598341	211586.SO_3811	280	42
3598280	211586.SO_3741	798	129
3595448	211586.SO_0604	82.5	24
3599201	211586.SO_4757	29.3	5
3598786	211586.SO_4303	120	17
3595031	211586.SO_0159	46.2	10
3597668	211586.SO_3067	56.1	15
3598018	211586.SO_3440	2592	642
3597496	211586.SO_2883	36.6	10
3595109	211586.SO_0243	9853	628
3597993	211586.SO_3414	161	45
3596296	211586.SO_1526	35.4	10
3595131	211586.SO_0264	220	47
3598700	211586.SO_4216	51.6	22
3596204	211586.SO_1421	34.2	47
3597340	211586.SO_2705	137	59
3596649	211586.SO_1937	161	29
3597252	211586.SO_2615	18.0	3
3597135	211586.SO_2486	731	85
3596898	211586.SO_2217	22.8	7
3595765	211586.SO_0946	35.5	6
3595115	211586.SO_0249	6141	114
3595046	211586.SO_0175	202	29
3596013	211586.SO_1219	58.5	21
3597885	211586.SO_3292	148	68
3596628	211586.SO_1913	303	26
3596459	211586.SO_1722	227	26
3598692	211586.SO_4208	855	168
3597983	211586.SO_3403	227	25
3598307	211586.SO_3770	11.0	4
3597025	211586.SO_2366	35.9	10
3597399	211586.SO_2768	206	127
3597379	211586.SO_2746	242	39
3597363	211586.SO_2731	12.2	7
3597281	211586.SO_2646	22.1	9
3598463	211586.SO_3942	3374	1230
3595447	211586.SO_0603	44.0	6
3597341	211586.SO_2706	9.34	3
3596646	211586.SO_1933	1311	337
3598143	211586.SO_3580	48.7	11
3598428	211586.SO_3905	8.69	3
3598450	211586.SO_3928	2063	49
3598594	211586.SO_4098	501	58
3595938	211586.SO_1139	1673	271
3596951	211586.SO_2279	423	150
3597898	211586.SO_3308	20.6	7
3597513	211586.SO_2901	89.5	28
3596011	211586.SO_1217	1319	249
3595386	211586.SO_0538	10.8	3
3595452	211586.SO_0609	69.6	20
3597681	211586.SO_3082	25.6	3
3596480	211586.SO_1748	19.0	7
3597143	211586.SO_2494	6.93	5
3595083	211586.SO_0217	16580	9618
3597262	211586.SO_2625	269	14
3597853	211586.SO_3255	72.0	7
3596861	211586.SO_2176	886	54
3597393	211586.SO_2761	54.0	8
3599186	211586.SO_4741	51.9	32
3596783	211586.SO_2090	4.7	3
3595992	211586.SO_1195	1692	49
3598255	211586.SO_3711	28.2	5
3598087	211586.SO_3517	36.0	9
3597210	211586.SO_2570	340	134
3595867	211586.SO_1059	9.03	4
3596391	211586.SO_1642	19.1	5
3596552	211586.SO_1828	786	174
3595998	211586.SO_1201	100	19
3595692	211586.SO_0870	446	37
3596000	211586.SO_1203	1742	436
3595817	211586.SO_1004	8.04	4
3596268	211586.SO_1496	22.3	13
3596523	211586.SO_1797	56116	1169
3598427	211586.SO_3904	2124	549
3595737	211586.SO_0918	114	56
3596389	211586.SO_1640	1418	109
3598215	211586.SO_3667	433	57
3597274	211586.SO_2638	127	32
3598770	211586.SO_4287	42.4	7
3597242	211586.SO_2604	717	42
3597427	211586.SO_2800	1404	43
3598467	211586.SO_3948	62.5	20
3596290	211586.SO_1520	538	172
3595123	211586.SO_0257	5515	139
3596969	211586.SO_2301	15570	16
3599016	211586.SO_4561	33.7	5
3599194	211586.SO_4750	768	62
3596525	211586.SO_1800	231	71
3598040	211586.SO_3465	47.2	3
3597529	211586.SO_2920	13.1	5
3597801	211586.SO_3202	1669	219
3596541	211586.SO_1816	557	138
3598812	211586.SO_4329	150	5
3596872	211586.SO_2190	235	37
3598431	211586.SO_3908	255	53
3595292	211586.SO_0435	307	81
3597715	211586.SO_3114	95.5	13
3596995	211586.SO_2333	13.3	3
3598848	211586.SO_4369	1036	16
3596950	211586.SO_2278	680	47
3596682	211586.SO_1971	167	82
3596644	211586.SO_1931	3169	810
3598612	211586.SO_4116	11.1	4
3598479	211586.SO_3961	56.3	15
3595152	211586.SO_0287	52.3	16
3597891	211586.SO_3299	58.8	23
3596659	211586.SO_1948	10.4	4
3598348	211586.SO_3819	524	53
3597228	211586.SO_2590	15.4	3
3596014	211586.SO_1221	2421	598
3595143	211586.SO_0278	698	293
3597686	211586.SO_3088	67.6	27
3598601	211586.SO_4106	606	131
3596899	211586.SO_2218	578	165
3597287	211586.SO_2652	185	20
3595284	211586.SO_0426	3731	1051
3598233	211586.SO_3685	38.5	5
3596214	211586.SO_1434	20.7	552
3595960	211586.SO_1162	142	24
3596405	211586.SO_1656	468	123
3595107	211586.SO_0241	4142	282
3596663	211586.SO_1952	139	56
3596974	211586.SO_2307	99.8	11
3597234	211586.SO_2596	544	153
3597038	211586.SO_2381	226	9
3597744	211586.SO_3144	1516	299
3598796	211586.SO_4313	779	234
3595682	211586.SO_0860	78.7	23
3595081	211586.SO_0215	90.4	15
3596587	211586.SO_1867	32.2	6
3597225	211586.SO_2587	796	145
3595663	211586.SO_0841	8.66	3
3595529	211586.SO_0691	2501	232
3597808	211586.SO_3209	768	68
3598204	211586.SO_3652	4397	284
3595999	211586.SO_1202	39.3	5
3595287	211586.SO_0429	1388	524
3595028	211586.SO_0152	13.6	3
3595629	211586.SO_0801	76.3	12
3595451	211586.SO_0608	838	100
3597126	211586.SO_2477	1701	328
3596132	211586.SO_1347	77.1	16
3596319	211586.SO_1556	290	51
3597652	211586.SO_3051	18.5	4
3597093	211586.SO_2440	28.4	6
3595855	211586.SO_1045	15.4	3
3596039	211586.SO_1249	16.3	3
3596677	211586.SO_1966	104	18
3596949	211586.SO_2277	508	43
3595842	211586.SO_1030	44.0	41
3598008	211586.SO_3430	203	81
3598273	211586.SO_3733	1307	595
3598720	211586.SO_4236	389	190
3597255	211586.SO_2618	393	101
3595994	211586.SO_1197	181	94
3596080	211586.SO_1295	2406	231
3596742	211586.SO_2044	77.0	7
3596211	211586.SO_1430	158	31
3598464	211586.SO_3943	106	18
3595122	211586.SO_0256	3384	841
3598242	211586.SO_3695	12.3	3
3596390	211586.SO_1641	204	21
3599202	211586.SO_4758	111	48
3596463	211586.SO_1726	180	20
3597886	211586.SO_3293	1469	549
3595060	211586.SO_0190	133	11
3599160	211586.SO_4713	42.4	9
3596388	211586.SO_1639	88.8	16
3598614	211586.SO_4120	89.3	6
3598617	211586.SO_4123	209	84
3597833	211586.SO_3235	7.34	3
3599119	211586.SO_4669	154	82
3596629	211586.SO_1915	5.13	3
3599189	211586.SO_4745	171	46
3598309	211586.SO_3772	683	123
3595117	211586.SO_0251	31.1	12
3597215	211586.SO_2576	198	17
3595220	211586.SO_0360	3010	143
3595995	211586.SO_1198	19.7	5
3597688	211586.SO_3090	597	155
3597772	211586.SO_3172	196	24
3597408	211586.SO_2778	163	30
3599090	211586.SO_4640	106	21
3595291	211586.SO_0433	721	60
3595304	211586.SO_0449	30.6	19
3596070	211586.SO_1284	442	111
3595096	211586.SO_0230	4384	232
3596569	211586.SO_1848	208	42
3596210	211586.SO_1429	113	60
3596968	211586.SO_2300	172	15
3598300	211586.SO_3763	6.07	3
3598705	211586.SO_4221	56.8	17
3598162	211586.SO_3602	54.9	22
3595449	211586.SO_0605	989	187
3596933	211586.SO_2260	20.8	3
3598675	211586.SO_4190	704	147
3595968	211586.SO_1170	785	75
3597971	211586.SO_3388	5.0	3
3598193	211586.SO_3639	197	18
3597525	211586.SO_2916	946	422
3598045	211586.SO_3470	45.0	3
3598559	211586.SO_4053	30.2	555
3595599	211586.SO_0769	52.2	14
3597947	211586.SO_3361	51.6	13
3597928	211586.SO_3341	136	21
3595066	211586.SO_0196	207	65
3596009	211586.SO_1214	18.7	15
3596235	211586.SO_1458	65.4	14
3595988	211586.SO_1191	249	28
3597700	211586.SO_3099	232	109
3597831	211586.SO_3233	309	37
3596333	211586.SO_1571	76.8	58
3595807	211586.SO_0994	89.5	11
3595137	211586.SO_0272	221	58
3598686	211586.SO_4202	1071	72
3595906	211586.SO_1103	737	224
3598231	211586.SO_3683	225	45
3598620	211586.SO_4128	64.2	21
3598970	211586.SO_4507	93.8	22
3598730	211586.SO_4247	4649	54
3595093	211586.SO_0227	10476	423
3598115	211586.SO_3547	421	165
3595463	211586.SO_0620	365	89
3598460	211586.SO_3939	5398	213
3596970	211586.SO_2302	27371	203
3598113	211586.SO_3545	9781	1881
3596914	211586.SO_2237	26.4	8
3596482	211586.SO_1751	61.8	66
3597208	211586.SO_2567	84.0	16
3596010	211586.SO_1215	387	78
3596366	211586.SO_1614	62.8	13
3596863	211586.SO_2178	133	40
3595056	211586.SO_0186	122	8
3595205	211586.SO_0345	936	101
3595419	211586.SO_0570	178	32
3597285	211586.SO_2650	18.7	6
3597903	211586.SO_3313	45.9	9
3598810	211586.SO_4327	141	41
3597418	211586.SO_2791	1447	260
3598825	211586.SO_4344	94.2	21
3598745	211586.SO_4263	256	36
3596548	211586.SO_1824	9308	1800
3595100	211586.SO_0234	6006	535
3596549	211586.SO_1825	5584	2231
3597000	211586.SO_2339	164	60
3597796	211586.SO_3196	11.8	4
3594937	211586.SO_0053	33.1	9
3594916	211586.SO_0032	23.7	3
3595881	211586.SO_1074	17.0	7
3597599	211586.SO_2991	16.4	4
3596427	211586.SO_1680	106	26
3595133	211586.SO_0266	20.6	15
3595120	211586.SO_0254	1197	139
3595283	211586.SO_0425	644	322
3597741	211586.SO_3142	294	90
3595188	211586.SO_0326	139	42
3596136	211586.SO_1351	76.6	15
3596430	211586.SO_1683	32.6	10
3598664	211586.SO_4178	97.1	22
3598979	211586.SO_4516	180	99
3597239	211586.SO_2601	188	77
3595610	211586.SO_0780	557	35
3595986	211586.SO_1189	109	10
3597818	211586.SO_3220	57.9	8
3597137	211586.SO_2488	22.9	4
3598615	211586.SO_4121	7.99	3
3597628	211586.SO_3023	59.8	24
3597059	211586.SO_2404	527	136
3598482	211586.SO_3964	257	42
3595414	211586.SO_0565	144	27
3596883	211586.SO_2201	460	70
3598801	211586.SO_4318	157	42
3597079	211586.SO_2427	6417	4745
3598513	211586.SO_4003	75.6	22
3595453	211586.SO_0610	500	119
3595037	211586.SO_0166	209	129
3596206	211586.SO_1424	23.4	10
3596262	211586.SO_1489	48.1	6
3595105	211586.SO_0239	15707	527
3595996	211586.SO_1199	127	43
3597805	211586.SO_3206	17.1	4
3597494	211586.SO_2881	1276	260
3595694	211586.SO_0872	12.2	3
3597534	211586.SO_2926	63.8	34
3597941	211586.SO_3355	13.9	6
3598769	211586.SO_4286	18.1	5
3597640	211586.SO_3037	28.0	4
3598518	211586.SO_4008	6.62	3
3598217	211586.SO_3669	246	151
3595148	211586.SO_0283	58.6	9
3597795	211586.SO_3195	56.9	11
3595450	211586.SO_0606	627	102
3597570	211586.SO_2963	68.8	18
3598585	211586.SO_4089	16.4	4
3596762	211586.SO_2068	31.6	6
3596643	211586.SO_1930	570	376
3598924	211586.SO_4453	70.7	32
3598216	211586.SO_3668	50.1	5
3598102	211586.SO_3532	194	138
3596095	211586.SO_1309	1.92	3
3597414	211586.SO_2787	17807	803
3595541	211586.SO_0704	9545	4434
3598340	211586.SO_3810	92.7	8
3597087	211586.SO_2436	167	41
3597219	211586.SO_2581	17.9	8
3598046	211586.SO_3471	1146	494
3596380	211586.SO_1631	127	24
3597937	211586.SO_3350	192	29
3595687	211586.SO_0865	54.3	11
3596999	211586.SO_2338	115	17
3595530	211586.SO_0693	68.8	17
3599164	211586.SO_4717	8.57	3
3596444	211586.SO_1701	470	51
3595352	211586.SO_0501	92.9	13
3595097	211586.SO_0231	5176	748
3595289	211586.SO_0431	54.5	12
3598001	211586.SO_3422	966	105
3595985	211586.SO_1188	13.3	3
3596354	211586.SO_1602	2.19	3
3596462	211586.SO_1725	138	20
3596744	211586.SO_2046	17.2	5
3597280	211586.SO_2645	172	19
3598173	211586.SO_3615	9.93	5
3598145	211586.SO_3582	303	831
3596065	211586.SO_1278	278	685
3597728	211586.SO_3128	59.6	19
3596441	211586.SO_1698	325	15
3598799	211586.SO_4316	80.5	17
3595987	211586.SO_1190	630	92
3598311	211586.SO_3775	238	62
3595579	211586.SO_0748	32.0	5
3597139	211586.SO_2490	57.9	11
3597405	211586.SO_2775	1647	160
3595439	211586.SO_0595	106	21
3596524	211586.SO_1798	504	233
3594897	211586.SO_0013	76.4	11
3597069	211586.SO_2416	110	32
3594898	211586.SO_0014	616	313
3598613	211586.SO_4118	94.8	20
3598219	211586.SO_3671	8.28	3
3598159	211586.SO_3599	1600	488
3597060	211586.SO_2406	507	168
3595644	211586.SO_0818	375	174
3597404	211586.SO_2774	109	36
3596481	211586.SO_1750	459	145
3594904	211586.SO_0020	43.5	14
3597938	211586.SO_3351	33.7	8
3597057	211586.SO_2402	3695	1593
3596147	211586.SO_1362	250	59
3598868	211586.SO_4391	272	70
3597356	211586.SO_2723	1459	157
3596003	211586.SO_1207	655	34
3596503	211586.SO_1776	1396	616
3595025	211586.SO_0148	59.3	10
3598130	211586.SO_3562	5.64	4
3598642	211586.SO_4151	15.9	3
3597064	211586.SO_2410	401	137
3596535	211586.SO_1810	7.94	3
3595038	211586.SO_0167	48.5	17
3596627	211586.SO_1912	149	23
3597235	211586.SO_2597	341	129
3596381	211586.SO_1632	1945	154
3595776	211586.SO_0958	268	84
3596997	211586.SO_2336	435	175
3599129	211586.SO_4679	54.0	7
3597951	211586.SO_3366	256	26
3595371	211586.SO_0521	157	17
3598600	211586.SO_4105	2963	555
3595239	211586.SO_0381	10.5	3
3595218	211586.SO_0358	697	36
3598484	211586.SO_3966	12.4	4
3598012	211586.SO_3434	50.2	7
3596555	211586.SO_1831	116	45
3595275	211586.SO_0417	540	73
3597881	211586.SO_3286	623	241
3596808	211586.SO_2116	215	111
3595358	211586.SO_0506	98.8	24
3595462	211586.SO_0619	46.1	20
3596657	211586.SO_1946	416	39
3597882	211586.SO_3287	240	274
3597376	211586.SO_2743	534	361
3596263	211586.SO_1490	6996	2057
3594893	211586.SO_0009	507	100
3595684	211586.SO_0862	1753	532
3597635	211586.SO_3032	38.0	17
3594913	211586.SO_0029	64.6	27
3598449	211586.SO_3927	7273	549
3598883	211586.SO_4408	118	48
3599012	211586.SO_4557	65.9	714
3598213	211586.SO_3664	131	45
3597199	211586.SO_2557	23.5	7
3595285	211586.SO_0427	8.01	7
3598829	211586.SO_4349	3568	1710
3596941	211586.SO_2268	16.2	3
3595059	211586.SO_0189	12.7	9
3596598	211586.SO_1880	173	43
3595094	211586.SO_0228	611	340
3596992	211586.SO_2330	244	45
3596258	211586.SO_1484	1887	479
3595949	211586.SO_1151	48.8	13
3598966	211586.SO_4503	34.4	6
3596568	211586.SO_1846	109	19
3595479	211586.SO_0640	52.6	29
3597097	211586.SO_2444	143	58
3596386	211586.SO_1637	84.6	63
3599117	211586.SO_4666	499	99
3596768	211586.SO_2074	909	177
3595590	211586.SO_0761	1653	123
3597453	211586.SO_2834	35.9	10
3595802	211586.SO_0987	405	860
3595591	211586.SO_0762	1389	194
3596698	211586.SO_1991	381	26
3596720	211586.SO_2017	173	31
3597094	211586.SO_2441	197	41
3595532	211586.SO_0695	30.3	12
3597948	211586.SO_3363	435	99
3596924	211586.SO_2250	58.3	18
3598208	211586.SO_3656	415	29
3595423	211586.SO_0576	301	101
3597787	211586.SO_3188	182	73
3594933	211586.SO_0049	386	143
3598569	211586.SO_4066	67.7	21
3595298	211586.SO_0442	12.8	6
3596063	211586.SO_1276	305	107
3596765	211586.SO_2071	94.5	26
3597207	211586.SO_2566	150	72
3595609	211586.SO_0779	293	86
3596647	211586.SO_1935	164	15
3596519	211586.SO_1793	2741	821
3598661	211586.SO_4174	83.4	19
3596873	211586.SO_2191	123	39
3595290	211586.SO_0432	2672	1805
3595918	211586.SO_1115	151	50
3598945	211586.SO_4477	21.2	3
3597709	211586.SO_3108	393	81
3595034	211586.SO_0163	45.4	10
3596087	211586.SO_1300	309	123
3596608	211586.SO_1891	598	72
3597999	211586.SO_3420	2081	254
3599040	211586.SO_4586	6.67	4
3597272	211586.SO_2636	265	45
3596253	211586.SO_1479	1569	124
3596049	211586.SO_1261	35.8	7
3597153	211586.SO_2506	30.7	8
3596538	211586.SO_1813	453	64
3597746	211586.SO_3146	4391	369
3596498	211586.SO_1770	13.9	4
3597802	211586.SO_3203	16.9	4
3599177	211586.SO_4730	183	50
3599141	211586.SO_4692	67.9	49
3598828	211586.SO_4347	49.0	21
3598114	211586.SO_3546	1783	447
3596743	211586.SO_2045	40.2	19
3598234	211586.SO_3686	56.9	7
3597902	211586.SO_3312	100	26
3595087	211586.SO_0221	4196	732
3597119	211586.SO_2469	65.2	56
3598969	211586.SO_4506	131	59
3597855	211586.SO_3257	56.0	6
3595116	211586.SO_0250	14174	402
3598624	211586.SO_4133	2293	753
3598458	211586.SO_3937	244	46
3598258	211586.SO_3714	82.7	20
3597238	211586.SO_2600	79.6	33
3598128	211586.SO_3560	155	94
3596336	211586.SO_1576	506	83
3597655	211586.SO_3054	229	34
3595762	211586.SO_0943	66.9	39
3596967	211586.SO_2299	294	107
3596638	211586.SO_1926	1543	621
3595689	211586.SO_0867	342	120
3598561	211586.SO_4055	295	181
3595754	211586.SO_0935	6.02	3
3598303	211586.SO_3766	436	56
3598480	211586.SO_3962	3235	257
3596301	211586.SO_1533	100	15
3597990	211586.SO_3411	30.8	21
3597086	211586.SO_2435	19.9	6
3595948	211586.SO_1150	1464	242
3597474	211586.SO_2857	77.7	42
3597770	211586.SO_3170	9.79	4
3596517	211586.SO_1791	65.1	14
3595390	211586.SO_0542	70.1	24
3594967	211586.SO_0084	390	73
3597896	211586.SO_3305	46.7	4
3596007	211586.SO_1210.1	44.5	6
3596791	211586.SO_2098	10.5	7
3595262	211586.SO_0404	187	108
3597930	211586.SO_3343	1439	247
3595422	211586.SO_0575	10.7	5
3595928	211586.SO_1127	373	79
3595351	211586.SO_0500	32.3	552
3597183	211586.SO_2540	29.7	3
3595281	211586.SO_0423	369	65
3597899	211586.SO_3309	93.8	29
3597625	211586.SO_3020	62.5	10
3599158	211586.SO_4711	37.0	6
3596372	211586.SO_1622	62.1	8
3596719	211586.SO_2016	1081	520
3597786	211586.SO_3186	147	22
3597348	211586.SO_2714	66.9	10
3595362	211586.SO_0511	43.5	5
3596553	211586.SO_1829	2265	618
3598683	211586.SO_4199	21.2	3
3597649	211586.SO_3048	83.7	36
3598006	211586.SO_3428	223	176
3596160	211586.SO_1375	11.1	4
3598800	211586.SO_4317	153	171
3596943	211586.SO_2270	16.6	3
3596704	211586.SO_1999	93.3	7
3597825	211586.SO_3227	262	44
3597423	211586.SO_2796	13.2	8
3598003	211586.SO_3424	55.1	35
3597232	211586.SO_2594	16.3	6
3594936	211586.SO_0052	2742	265
3596004	211586.SO_1208	23.4	10
3597984	211586.SO_3404	22.6	552
3597845	211586.SO_3247	68.2	21
3597955	211586.SO_3370	59.5	15
3595908	211586.SO_1105	93.5	26
3597382	211586.SO_2749	37.5	9
3595927	211586.SO_1126	4068	2275
3597879	211586.SO_3282	51.7	715
3596609	211586.SO_1892	87.2	17
3598798	211586.SO_4315	605	139
3597653	211586.SO_3052	581	867
3599191	211586.SO_4747	2227	1247
3597995	211586.SO_3417	1373	208
3596256	211586.SO_1482	156	98
3596653	211586.SO_1941	31.3	9
3594998	211586.SO_0118	15.7	3
3597127	211586.SO_2478	266	26
3597256	211586.SO_2619	252	132
3598109	211586.SO_3541	8.9	3
3595017	211586.SO_0139	1866	110
3596550	211586.SO_1826	27.2	8
3598791	211586.SO_4308	40.9	5
3595142	211586.SO_0277	313	91
3597359	211586.SO_2726	16.5	5
3595698	211586.SO_0876	286	84
3598539	211586.SO_4030	31.6	22
3595898	211586.SO_1095	1702	614
3595915	211586.SO_1112	1170	145
3595045	211586.SO_0174	67.1	26
3595095	211586.SO_0229	16365	9618
3597839	211586.SO_3239.3	45.8	12
3596767	211586.SO_2073	530	96
3596515	211586.SO_1789	29.3	3
3596073	211586.SO_1288	3502	24
3597009	211586.SO_2350	1464	462
3597543	211586.SO_2935	389	49
3597636	211586.SO_3033	86.8	38
3595101	211586.SO_0235	3291	211
3596977	211586.SO_2310	854	197
3595707	211586.SO_0885	31.7	14
3596511	211586.SO_1784	15.3	6
3597495	211586.SO_2882	780	331
3596940	211586.SO_2267	40.7	4
3598527	211586.SO_4017	90.1	15
3597691	211586.SO_3093	31.9	10
3597974	211586.SO_3391	6.7	3
3595460	211586.SO_0617	571	233
3597672	211586.SO_3072	1905	557
3596316	211586.SO_1552	6.53	3
3598473	211586.SO_3954	83.8	14
3598363	211586.SO_3833	27.2	5
3596577	211586.SO_1856	149	12
3598651	211586.SO_4163	260	58
3595979	211586.SO_1181	87.7	23
3598542	211586.SO_4034	88.7	40
3596656	211586.SO_1945	32.1	8
3595653	211586.SO_0828	13.8	3
3595377	211586.SO_0527	70.4	6
3595971	211586.SO_1173	46.1	7
3598042	211586.SO_3467	554	147
3595848	211586.SO_1037	38.2	5
3598228	211586.SO_3680	63.3	12
3596278	211586.SO_1507	21.6	7
3595634	211586.SO_0807	498	65
3598711	211586.SO_4227	122	21
3595606	211586.SO_0776	55.0	12
3595150	211586.SO_0285	49.2	31
3595912	211586.SO_1109	19.9	4
3598342	211586.SO_3812	162	52
3598699	211586.SO_4215	228	112
3596012	211586.SO_1218	226	105
3596295	211586.SO_1525	280	97
3597128	211586.SO_2479	39.9	3
3598702	211586.SO_4218	153	30
3596936	211586.SO_2263	35.5	4
3596546	211586.SO_1821	65.9	19
3595997	211586.SO_1200	142	24
3595943	211586.SO_1144	87.3	555
3596942	211586.SO_2269	19.5	3
3596142	211586.SO_1357	1178	36
3597704	211586.SO_3103	8.52	7
3597154	211586.SO_2507	185	44
3597362	211586.SO_2730	312	82
3598502	211586.SO_3988	3542	444
3597626	211586.SO_3021	38.8	6
3595766	211586.SO_0947	58.1	19
3594963	211586.SO_0080	18.8	4
3597665	211586.SO_3064	461	183
3595641	211586.SO_0815	13.1	8
3595159	211586.SO_0294	750	157
3595703	211586.SO_0881	19.3	3
3597792	211586.SO_3193	43.2	37
3598415	211586.SO_3890	198	582
3597954	211586.SO_3369	321	15
3596815	211586.SO_2123	24.1	8
3596152	211586.SO_1367	113	55
3595624	211586.SO_0795	139	71
3597073	211586.SO_2420	99.8	29
3598996	211586.SO_4537.2	157	54
3598885	211586.SO_4410	4264	1732
3598498	211586.SO_3984	64.5	12
3599050	211586.SO_4597	103	55
3598972	211586.SO_4509	1227	911
3597077	211586.SO_2424	212	77
3597757	211586.SO_3157	112	13
3596348	211586.SO_1589	78.9	14
3596575	211586.SO_1854	169	65
3597694	211586.SO_3096	101	8
3595554	211586.SO_0719	56.3	34
3596054	211586.SO_1267	95.5	32
3595681	211586.SO_0859	87.9	125
3598331	211586.SO_3799	40.6	7
3596057	211586.SO_1270	1986	611
3595905	211586.SO_1102	10.7	5
3596134	211586.SO_1349	22.4	5
3596733	211586.SO_2034	125	23
3597221	211586.SO_2583	741	146
3595442	211586.SO_0598	47.4	12
3597901	211586.SO_3311	126	31
3596294	211586.SO_1524	1129	250
3598732	211586.SO_4249	36.2	8
3598318	211586.SO_3782	12.6	4
3596780	211586.SO_2087	11093	446
3597807	211586.SO_3208	70.0	14
3598562	211586.SO_4056	425	120
3598982	211586.SO_4521	213	8
3596921	211586.SO_2247	82.3	7
3596896	211586.SO_2215	96.3	17
3595102	211586.SO_0236	6553	288
3595054	211586.SO_0184	9.3	3
3596781	211586.SO_2088	25.8	5
3597524	211586.SO_2915	374	154
3595751	211586.SO_0932	1810	646
3596595	211586.SO_1877	17.5	3
3597216	211586.SO_2577	357	54
3598202	211586.SO_3649	65.1	20
3596491	211586.SO_1763	176	35
3595972	211586.SO_1174	246	175
3597401	211586.SO_2771	31.4	6
3596809	211586.SO_2117	45.7	552
3595866	211586.SO_1056	444	925
3598927	211586.SO_4456	22.2	3
3598139	211586.SO_3575	36.7	7
3599170	211586.SO_4723	114	38
3599150	211586.SO_4702	577	201
3597266	211586.SO_2629	1612	812
3597530	211586.SO_2921	685	32
3596171	211586.SO_1388	14.3	9
3597279	211586.SO_2644	2166	958
3597177	211586.SO_2533	26.2	3
3595608	211586.SO_0778	221	26
3597388	211586.SO_2755	21.9	3
3596700	211586.SO_1994	44.6	12
3596435	211586.SO_1690	38.5	10
3596518	211586.SO_1792	140	13
3598803	211586.SO_4320	4212	1446
3595461	211586.SO_0618	74.3	15
3595752	211586.SO_0933	1462	440
3597058	211586.SO_2403	506	47
3597669	211586.SO_3069	244	80
3596251	211586.SO_1476	308	41
3597251	211586.SO_2614	18.3	4
3595113	211586.SO_0247	6325	315
3595454	211586.SO_0611	404	63
3598375	211586.SO_3848	123	28
3598171	211586.SO_3613	273	45
3597702	211586.SO_3101	350	55
3596091	211586.SO_1304	22.3	4
3595430	211586.SO_0584	81.3	708
3595536	211586.SO_0699	36.1	4
3597836	211586.SO_3238	3142	1583
3595140	211586.SO_0275	454	144
3598934	211586.SO_4466	133	617
3595446	211586.SO_0602	11.7	3
3596971	211586.SO_2303	1140	401
3595119	211586.SO_0253	5786	241
3597378	211586.SO_2745	3899	155
3597692	211586.SO_3094	67.9	25
3596505	211586.SO_1778	891	666
3598794	211586.SO_4311	185	7
3598004	211586.SO_3426	1305	55
3597065	211586.SO_2411	455	261
3599188	211586.SO_4743	150	97
3595111	211586.SO_0245	2938	201
3594980	211586.SO_0097	169	52
3597754	211586.SO_3155	15.8	4
3598500	211586.SO_3986	324	129
3597992	211586.SO_3413	792	356
3598154	211586.SO_3594	531	95
3597412	211586.SO_2782	78.9	13
3595427	211586.SO_0581	56.5	4
3597136	211586.SO_2487	344	186
3599166	211586.SO_4719	520	114
3597504	211586.SO_2891	1260	58
3596088	211586.SO_1301	396	75
3595099	211586.SO_0233	2276	142
3596169	211586.SO_1385	45.8	708
3595286	211586.SO_0428	90.7	51
3599142	211586.SO_4693	132	29
3596124	211586.SO_1339	446	29
3598717	211586.SO_4233	116	22
3597767	211586.SO_3167	5.51	10
3595265	211586.SO_0407	103	35
3595578	211586.SO_0747	21.2	5
3598127	211586.SO_3559	253	66
3598259	211586.SO_3715	182	26
3596422	211586.SO_1675	759	101
3598538	211586.SO_4029	18.3	4
3596504	211586.SO_1777	75.2	54
3595493	211586.SO_0655	1133	119
3595085	211586.SO_0219	727	127
3597140	211586.SO_2491	1352	531
3598560	211586.SO_4054	294	44
3598345	211586.SO_3815	316	32
3597269	211586.SO_2633	29.5	14
3595425	211586.SO_0578	140	62
3594899	211586.SO_0015	126	21
3596072	211586.SO_1287	149	5
3595696	211586.SO_0874	615	50
3598738	211586.SO_4256	58.6	8
3594906	211586.SO_0022	343	71
3598192	211586.SO_3638	67.6	17
3595166	211586.SO_0301	77.3	20
3597244	211586.SO_2606	78.7	58
3595090	211586.SO_0224	2245	2079
3595267	211586.SO_0409	858	135
3595993	211586.SO_1196	84.3	11
3594991	211586.SO_0110	421	101
3595940	211586.SO_1141	112	31
3598382	211586.SO_3855	414	182
3595976	211586.SO_1178	214	21
3595193	211586.SO_0333	2162	340
3598707	211586.SO_4223	33.7	13
3597994	211586.SO_3415	459	345
3596052	211586.SO_1264	27.7	6
3597141	211586.SO_2492	218	133
3595722	211586.SO_0902	42.5	12
3598035	211586.SO_3460	17.9	4
3595662	211586.SO_0840	704	685
3597179	211586.SO_2536	14.3	5
3595572	211586.SO_0741	6.98	3
3595308	211586.SO_0453	47.4	4
3598191	211586.SO_3637	224	69
3597014	211586.SO_2355	546	171
3598488	211586.SO_3973	134	27
3595088	211586.SO_0222	3757	473
3597003	211586.SO_2342	146	30
3595061	211586.SO_0191	89.2	30
3599095	211586.SO_4644.1	58.7	16
3595436	211586.SO_0588.4	300	6
3597407	211586.SO_2777	178	24
3595911	211586.SO_1108	209	82
3598703	211586.SO_4219	26.6	5
3597394	211586.SO_2762	57.8	15
3596880	211586.SO_2198	91.8	34
3598268	211586.SO_3726	242	58
3597174	211586.SO_2529	59.8	15
3596146	211586.SO_1361	223	44
3598875	211586.SO_4399	186	31
3598461	211586.SO_3940	2648	260
3595619	211586.SO_0788	93.4	6
3597400	211586.SO_2769	82.1	14
3595540	211586.SO_0703	3457	341
3597410	211586.SO_2780	4949	191
3598019	211586.SO_3441	267	102
3598069	211586.SO_3496	97.9	33
3596862	211586.SO_2177	70.2	20
3598719	211586.SO_4235	693	168
3597398	211586.SO_2767	1241	406
3597542	211586.SO_2934	136	83
3597860	211586.SO_3262	40.5	11
3597693	211586.SO_3095	43.2	14
3598436	211586.SO_3913	14.3	7
3594905	211586.SO_0021	447	327
3595163	211586.SO_0298	814	140
3596533	211586.SO_1808	261	30
3596050	211586.SO_1262	49.8	4
3595962	211586.SO_1164	273	107
3597784	211586.SO_3184	35.6	11
3596113	211586.SO_1328	64.4	10
3598879	211586.SO_4403	393	51
3596417	211586.SO_1670	18.9	5
3596641	211586.SO_1928	426	288
3596029	211586.SO_1237	129	13
3597835	211586.SO_3237	4640	1956
3597358	211586.SO_2725	264	41
3596908	211586.SO_2228	468	46
3595465	211586.SO_0622	38.3	5
3596129	211586.SO_1344	26.7	10
3598364	211586.SO_3834	112	24
3597036	211586.SO_2379	82.7	3
3597461	211586.SO_2843	8.57	4
3595092	211586.SO_0226	1361	78
3598121	211586.SO_3553	21.1	5
3596443	211586.SO_1700	4.75	3
3598948	211586.SO_4480	1383	392
3597084	211586.SO_2433	700	289
3598205	211586.SO_3653	424	120
3596611	211586.SO_1894	25.2	16
3595397	211586.SO_0548	1276	61
3595089	211586.SO_0223	19397	2312
3597457	211586.SO_2839	199	20
3598430	211586.SO_3907	254	53
3597803	211586.SO_3204	177	25
3595165	211586.SO_0300	193	46
3595108	211586.SO_0242	9914	557
3595438	211586.SO_0592	386	56
3598335	211586.SO_3803	135	14
3598977	211586.SO_4514	195	57
3597413	211586.SO_2785	180	145
3596860	211586.SO_2175	26.2	9
3595941	211586.SO_1142	367	324
3595157	211586.SO_0292	473	75
3598157	211586.SO_3597	303	43
3596387	211586.SO_1638	1681	153
3598284	211586.SO_3745	106	27
3596126	211586.SO_1341	48.1	23
3597343	211586.SO_2708	76.3	14
3596536	211586.SO_1811	15.5	3
3597054	211586.SO_2399	43.9	7
3596918	211586.SO_2241	163	32
3597706	211586.SO_3105	239	25
3595467	211586.SO_0624	933	175
3595158	211586.SO_0293	129	18
3595324	211586.SO_0471	167	26
3597253	211586.SO_2616	661	33
3598047	211586.SO_3472	343	116
3598687	211586.SO_4203	42.1	12
3597477	211586.SO_2861	38.5	7
3599192	211586.SO_4748	479	112
3597627	211586.SO_3022	61.6	20
3597670	211586.SO_3070	1527	583
3598499	211586.SO_3985	84.0	19
3598009	211586.SO_3431	82.7	35
3596291	211586.SO_1521	1103	736
3597270	211586.SO_2634	356	38
3598844	211586.SO_4365	515	107
3595734	211586.SO_0915	4.32	3
3598881	211586.SO_4405	10.8	4
3596484	211586.SO_1755	273	144
3596990	211586.SO_2328	3850	241
3597563	211586.SO_2956	31.2	3
3598695	211586.SO_4211	372	210
3598604	211586.SO_4109	32.9	14
3599195	211586.SO_4751	980	112
3599120	211586.SO_4670	160	31
3595282	211586.SO_0424	1219	668
3599106	211586.SO_4655	219	61
3598107	211586.SO_3539	93.0	29
3595040	211586.SO_0169	159	20
3595638	211586.SO_0811	89.7	15
3598298	211586.SO_3761	377	16
3595670	211586.SO_0848	21.4	9
3596938	211586.SO_2265	167	31
3599071	211586.SO_4619	879	63
3595278	211586.SO_0420.2	413	15
3596784	211586.SO_2091	25.1	7
3594939	211586.SO_0055	27.3	7
3596058	211586.SO_1271	88.9	28
3596428	211586.SO_1681	21.1	7
3596445	211586.SO_1702	36.7	3
3595162	211586.SO_0297	11.7	3
3596922	211586.SO_2248	186	38
3597809	211586.SO_3210	14.4	3
3598826	211586.SO_4345	241	102
3598737	211586.SO_4255	24.5	6
3596612	211586.SO_1895	27.8	4
3597361	211586.SO_2728	142	10
3595110	211586.SO_0244	5294	59
3597975	211586.SO_3392	9.57	5
3596109	211586.SO_1324	388	85
3597098	211586.SO_2445	9.9	5
3598935	211586.SO_4467	323	7
3597386	211586.SO_2753	274	126
3595748	211586.SO_0929	1077	282
3597089	211586.SO_2438	29.2	6
3597732	211586.SO_3134	1153	225
3597264	211586.SO_2627	40.5	3
3597545	211586.SO_2938	554	71
3597687	211586.SO_3089	44.9	12
3595342	211586.SO_0491	20.9	6
3599045	211586.SO_4591	879	75
3595806	211586.SO_0992	151	36
3595983	211586.SO_1185	156	42
3596691	211586.SO_1981	26.6	7
3594934	211586.SO_0050	17.1	3
3596779	211586.SO_2086	512	344
3595787	211586.SO_0970	5156	2677
3599165	211586.SO_4718	9.51	3
3595215	211586.SO_0355	88.2	15
3597263	211586.SO_2626	39.9	22
3598896	211586.SO_4423.1	70.9	29
3596145	211586.SO_1360	5429	256
3598666	211586.SO_4180	10.6	3
3595611	211586.SO_0781	204	128
3598973	211586.SO_4510	239	110
3598554	211586.SO_4047	137	11
3598424	211586.SO_3901	121	24
3598728	211586.SO_4245	34.4	10
3597952	211586.SO_3367	52.3	9
3598537	211586.SO_4028	422	80
3596315	211586.SO_1551	740	204
3596591	211586.SO_1872	3.28	10
3594902	211586.SO_0018	21.8	3
3596341	211586.SO_1581	148	24
3596112	211586.SO_1327	2390	296
3596257	211586.SO_1483	57.1	38
3598334	211586.SO_3802	24.2	5
3594993	211586.SO_0112	52.1	13
3596117	211586.SO_1332	120	52
3596556	211586.SO_1832	89.6	10
3595914	211586.SO_1111	481	92
3598269	211586.SO_3727	341	50
3597478	211586.SO_2862	50.6	14
3595777	211586.SO_0959	6.98	4
3596778	211586.SO_2085	1226	234
3595781	211586.SO_0963	69.0	6
3598357	211586.SO_3827	190	40
3595327	211586.SO_0474	41.6	3
3595627	211586.SO_0798	136	61
3598067	211586.SO_3494	137	7
3597758	211586.SO_3158	40.6	5
3596120	211586.SO_1335	39.9	6
3598419	211586.SO_3896	5759	2109
3596894	211586.SO_2213	11.2	7
3597002	211586.SO_2341	205	39
3597810	211586.SO_3211	151	39
3596506	211586.SO_1779	1252	943
3595016	211586.SO_0138	59.5	14
3598337	211586.SO_3805	36.1	14
3598627	211586.SO_4136	88.0	28
3597518	211586.SO_2907	4512	2971
3595104	211586.SO_0238	2677	141
3598141	211586.SO_3577	797	413
3597209	211586.SO_2569	50.3	4
3596696	211586.SO_1989	17.1	4
3596618	211586.SO_1902	6.63	6
3596288	211586.SO_1518	1901	418
3598105	211586.SO_3537	8747	142
3595533	211586.SO_0696	14.9	7
3598607	211586.SO_4112	73.7	24
3598123	211586.SO_3555	20.3	7
3597712	211586.SO_3111	76.9	24
3596522	211586.SO_1796	360	133
3598504	211586.SO_3991	602	128
3595620	211586.SO_0789	27.6	5
3596799	211586.SO_2107	118	41
3596828	211586.SO_2136	10.5	8
3595318	211586.SO_0466	42.8	6
3596153	211586.SO_1368	346	150
3597050	211586.SO_2395	52.7	20
3597125	211586.SO_2476	534	125
3595832	211586.SO_1018	95.8	13
3596551	211586.SO_1827	2436	266
3598574	211586.SO_4072	7.05	3
3598132	211586.SO_3564	111	48
3597022	211586.SO_2363	994	159
3595956	211586.SO_1158	148	29
3596939	211586.SO_2266	75.9	9
3596119	211586.SO_1334	8.26	3
3596162	211586.SO_1377	663	254
3597509	211586.SO_2897	131	30
3597913	211586.SO_3323	310	26
3595833	211586.SO_1019	73.9	33
3598555	211586.SO_4048	17.9	3
3597001	211586.SO_2340	235	51
3596141	211586.SO_1356	165	35
3596804	211586.SO_2112	1355	128
3597714	211586.SO_3113	37.9	9
3597582	211586.SO_2974.1	31.7	3
3598739	211586.SO_4257	63.2	12
3596660	211586.SO_1949	133	146
3597763	211586.SO_3163	90.2	4
3597392	211586.SO_2760	233	75
3597278	211586.SO_2643	28.0	12
3596420	211586.SO_1673	729	109
3596716	211586.SO_2013	6.93	4
3595076	211586.SO_0208	42.6	4
3597988	211586.SO_3409	178	30
3595600	211586.SO_0770	4410	1349
3598278	211586.SO_3738	230	102
3596917	211586.SO_2240	139	735
3599200	211586.SO_4756	62.9	10
3596485	211586.SO_1756	18.2	3
3597384	211586.SO_2751	150	16
3597773	211586.SO_3173	154	19
3599055	211586.SO_4602	31.9	15
3595403	211586.SO_0554	219	17
3597271	211586.SO_2635	304	143
3596516	211586.SO_1790	148	35
3597759	211586.SO_3159	1.84	3
3595139	211586.SO_0274	406	264
3596547	211586.SO_1822	1115	747
3595829	211586.SO_1016	44.4	35
3596163	211586.SO_1378	28.4	3
3595981	211586.SO_1183	49.9	13
3595151	211586.SO_0286	208	31
3595721	211586.SO_0900	357	42
3598474	211586.SO_3956	63.2	8
3597841	211586.SO_3242	27.6	8
3596001	211586.SO_1204	1040	545
3595204	211586.SO_0344	188	49
3598621	211586.SO_4129	394	99
3598802	211586.SO_4319	102	28
3597790	211586.SO_3191	153	35
3598478	211586.SO_3960	90.3	16
3599107	211586.SO_4656	178	24
3597498	211586.SO_2885	479	24
3596616	211586.SO_1899	16.5	7
3599118	211586.SO_4667	68.7	11
3599123	211586.SO_4673	397	77
3597927	211586.SO_3340	911	140
3596005	211586.SO_1209	1253	573
3595086	211586.SO_0220	4807	308
3598578	211586.SO_4078	67.0	17
3597788	211586.SO_3189	270	76
3594960	211586.SO_0077	43.0	4
3596717	211586.SO_2014	269	24
3598622	211586.SO_4130	27.2	4
3599098	211586.SO_4647	67.3	9
3595132	211586.SO_0265	379	128
3598148	211586.SO_3586	46.9	7
3598681	211586.SO_4197	56.9	11
3595724	211586.SO_0904	44.7	8
3596306	211586.SO_1538	674	149
3595973	211586.SO_1175	989	72
3596913	211586.SO_2236	299	40
3597678	211586.SO_3078.2	702	47
3597421	211586.SO_2794	140	19
3595251	211586.SO_0393	130	5
3598302	211586.SO_3765	7040	818
3597915	211586.SO_3325	976	84
3598631	211586.SO_4141	16.3	4
3597142	211586.SO_2493	117	21
3599085	211586.SO_4635	32.7	708
3598282	211586.SO_3743	348	67
3597068	211586.SO_2415	50.8	26
3597850	211586.SO_3252	279	58
3596532	211586.SO_1807	3610	406
3599190	211586.SO_4746	158	23
3598872	211586.SO_4396	73.2	14
3598297	211586.SO_3760	5.85	3
3597977	211586.SO_3395	91.7	5
3597537	211586.SO_2929	609	213
3596835	211586.SO_2147	11.5	5
3598137	211586.SO_3571	33.6	5
3596740	211586.SO_2042	114	18
3597284	211586.SO_2649	107	21
3596043	211586.SO_1254	78.0	7
3595664	211586.SO_0842	2183	1083
3595372	211586.SO_0522	63.2	9
3598372	211586.SO_3844	860	322
3598468	211586.SO_3949	90.9	6
3597505	211586.SO_2893	1446	253
3596099	211586.SO_1313	15.1	6
3595937	211586.SO_1137	23.1	5
3598414	211586.SO_3888	2897	254
3595098	211586.SO_0232	7269	939
3596425	211586.SO_1678	121	35
3596107	211586.SO_1322	185	32
3595145	211586.SO_0280	7.85	6
3598922	211586.SO_4451	111	13
3598183	211586.SO_3629	40.6	3
3597531	211586.SO_2922	98.3	16
3599124	211586.SO_4674	215	70
3599131	211586.SO_4681	15.0	4
3595710	211586.SO_0888	343	125
3595295	211586.SO_0439	164	22
3598367	211586.SO_3837	513	196
3597785	211586.SO_3185	120	31
3596597	211586.SO_1879	302	78
3598456	211586.SO_3935	37.8	11
3597491	211586.SO_2878	185	56
3596101	211586.SO_1315	636	167
3598481	211586.SO_3963	191	20
3598230	211586.SO_3682	956	108
3597521	211586.SO_2912	3279	2129
3598708	211586.SO_4224	73.5	27
3597345	211586.SO_2711	18.5	3
3597775	211586.SO_3175	209	99
3598110	211586.SO_3542	84.0	33
3598277	211586.SO_3737	191	56
3595297	211586.SO_0441	210	52
3595861	211586.SO_1051	105	46
3594915	211586.SO_0031	143	26
3596589	211586.SO_1870	283	89
3599134	211586.SO_4684	70.0	11
3596701	211586.SO_1995	58.5	7
3596777	211586.SO_2083	60.4	561
3595039	211586.SO_0168	15.0	3
3598506	211586.SO_3994	140	28
3597753	211586.SO_3154	921	344
3597056	211586.SO_2401	13577	288
3597406	211586.SO_2776	561	157
3597258	211586.SO_2621	160	38
3595144	211586.SO_0279	375	161
3598572	211586.SO_4070	92.6	5
3595586	211586.SO_0756	319	86
3595106	211586.SO_0240	420	31
3595923	211586.SO_1122	287	108
3595135	211586.SO_0268	100	15
3597469	211586.SO_2852	39.6	9
3596757	211586.SO_2062	280	33
3596706	211586.SO_2002	147	16
3596782	211586.SO_2089	27.9	3
3598625	211586.SO_4134	5154	93
3597429	211586.SO_2802	11.4	6
3598329	211586.SO_3796	185	10
3596314	211586.SO_1550	119	41
3595786	211586.SO_0968	198	39
3598371	211586.SO_3842	1094	244
3599103	211586.SO_4652	3711	1024
3595882	211586.SO_1075	260	96
3595141	211586.SO_0276	524	174
3598438	211586.SO_3915	1467	176
3599104	211586.SO_4653	12.3	3
3596375	211586.SO_1625	121	32
3597349	211586.SO_2715	115	45
3597053	211586.SO_2398	291	51
3599083	211586.SO_4633	117	25
3599128	211586.SO_4678	18.8	4
3596763	211586.SO_2069	29.4	10
3596219	211586.SO_1441	75.5	14
3595126	211586.SO_0259	204	33
3597789	211586.SO_3190	199	87
3598528	211586.SO_4018	17.9	8
3595654	211586.SO_0830	20.1	8
3595405	211586.SO_0556	331	20
3597981	211586.SO_3401	71.8	11
3596761	211586.SO_2067	52.8	9
3595417	211586.SO_0568	128	14
3595203	211586.SO_0343	128	48
3596679	211586.SO_1968	36.2	4
3595846	211586.SO_1035	46.5	22
3598429	211586.SO_3906	400	153
3596521	211586.SO_1795	263	77
3598099	211586.SO_3529	181	37
3595112	211586.SO_0246	4419	714
3598203	211586.SO_3651	3057	112
3599018	211586.SO_4563	38.4	6
3595202	211586.SO_0342	25.5	3
3596512	211586.SO_1786	214	43
3596724	211586.SO_2021	496	76
3597391	211586.SO_2759	976	173
3595904	211586.SO_1101	780	157
3597820	211586.SO_3222	141	24
3595103	211586.SO_0237	6252	608
3594888	211586.SO_0004	93.9	34
3597381	211586.SO_2748	12.8	4
3597783	211586.SO_3183	183	34
3597713	211586.SO_3112	639	54
3598718	211586.SO_4234	147	35
3597231	211586.SO_2593	604	671
3598301	211586.SO_3764	792	85
3598806	211586.SO_4323	328	131
3597734	211586.SO_3136	5.11	3
3599147	211586.SO_4699	485	205
3597230	211586.SO_2592	219	65
3596456	211586.SO_1717	633	73
3598682	211586.SO_4198	41.1	6
3596378	211586.SO_1629	3812	721
3596946	211586.SO_2274	2735	302
3594895	211586.SO_0011	168	88
3598039	211586.SO_3464	169	38
3597906	211586.SO_3316	59.8	8
3596574	211586.SO_1853	33.1	9
3598426	211586.SO_3903	87.9	15
3598117	211586.SO_3549	945	85
3597497	211586.SO_2884	43.7	16
3596423	211586.SO_1676	25.0	7
3596925	211586.SO_2251	37.3	7
3595727	211586.SO_0907	31.1	15
3596721	211586.SO_2018	2644	465
3595876	211586.SO_1068	282	17
3595920	211586.SO_1117	53.7	11
3596766	211586.SO_2072	15.7	4
3598030	211586.SO_3455	35.2	14
3595091	211586.SO_0225	1715	1781
3596531	211586.SO_1806	78.4	13
3595656	211586.SO_0832	66.2	11
3599135	211586.SO_4685	11.9	4
3595280	211586.SO_0422	67.3	27
3598470	211586.SO_3951	351	67
3595852	211586.SO_1042	40.7	5
3595264	211586.SO_0406	6515	503
3597438	211586.SO_2813	168	26
3597007	211586.SO_2347	598	203
3598471	211586.SO_3952	394	59
3596413	211586.SO_1665	1460	222
3595197	211586.SO_0337	156	16
3595683	211586.SO_0861	197	38
3595033	211586.SO_0162	748	384
3597711	211586.SO_3110	29.7	8
3595868	211586.SO_1060	1327	223
3595219	211586.SO_0359	14.5	5
3595263	211586.SO_0405	1370	327
3598931	211586.SO_4462	241	24
3594924	211586.SO_0040	46.2	8
3599172	211586.SO_4725	126	12
3597900	211586.SO_3310	492	97
3596297	211586.SO_1529	66.5	13
3596033	211586.SO_1242	399	50
3598735	211586.SO_4252	28.8	14
3598824	211586.SO_4343	617	212
3595749	211586.SO_0930	798	485
3595978	211586.SO_1180	48.5	16
3595642	211586.SO_0816	144	14
