#id: 352
#name: C.neoformans - Whole organism, Biofilm, SC (Santi,J_Proteome_Res,2014)
#score: 3.41
#weight: 100%
#description: abundance based on Spectral counting, biofilm, from<a href="http://pubs.acs.org/doi/abs/10.1021/pr401075f" target="_blank">Santi,J_Proteome_Res,2014</a><br/><b>Interaction consistency score</b>: 3.41&nbsp<b>Coverage</b>: 25
#organ: WHOLE_ORGANISM
#integrated: false
#coverage: 25
#publication_year: 2014
#filename: 214684-Cryptococcus_biofilm_Santi_2014.txt
#
#internal_id	string_external_id	abundance	raw_spectral_count
3610484	214684.XP_568073.1	8.44	3
3611960	214684.XP_569549.1	5.46	1
3613580	214684.XP_571169.1	15.5	2
3611428	214684.XP_569017.1	130	8
3609130	214684.XP_566719.1	66.8	18
3613529	214684.XP_571118.1	535	27
3613020	214684.XP_570609.1	2492	71
3609607	214684.XP_567196.1	69.8	3
3613411	214684.XP_571000.1	782	64
3609305	214684.XP_566894.1	29.1	1
3615185	214684.XP_572774.1	17.8	3
3615091	214684.XP_572680.1	79.9	9
3614024	214684.XP_571613.1	6.48	1
3610002	214684.XP_567591.1	122	5
3609321	214684.XP_566910.1	401	101
3611977	214684.XP_569566.1	3.12	1
3614944	214684.XP_572533.1	5850	2040
3610981	214684.XP_568570.1	1894	284
3612166	214684.XP_569755.1	517	143
3614407	214684.XP_571996.1	14.0	3
3614904	214684.XP_572493.1	51.9	18
3613364	214684.XP_570953.1	68.1	12
3609191	214684.XP_566780.1	9.64	1
3610495	214684.XP_568084.1	62.8	10
3614180	214684.XP_571769.1	75.6	20
3614168	214684.XP_571757.1	91.9	6
3610246	214684.XP_567835.1	8135	1107
3611539	214684.XP_569128.1	19.2	4
3614953	214684.XP_572542.1	2.06	1
3612744	214684.XP_570333.1	149	4
3614391	214684.XP_571980.1	2046	19
3611889	214684.XP_569478.1	22.2	4
3609051	214684.XP_566640.1	109	15
3613797	214684.XP_571386.1	6.85	1
3611062	214684.XP_568651.1	1691	560
3614570	214684.XP_572159.1	6.3	1
3611793	214684.XP_569382.1	33.3	10
3612564	214684.XP_570153.1	112	8
3615161	214684.XP_572750.1	4.43	1
3611032	214684.XP_568621.1	59.4	1
3612793	214684.XP_570382.1	7.92	1
3612680	214684.XP_570269.1	65.0	12
3614877	214684.XP_572466.1	3.6	1
3612688	214684.XP_570277.1	5.41	1
3613950	214684.XP_571539.1	3386	71
3610388	214684.XP_567977.1	12.4	1
3612309	214684.XP_569898.1	508	93
3613618	214684.XP_571207.1	71.8	4
3614004	214684.XP_571593.1	7.56	1
3609827	214684.XP_567416.1	14.3	1
3614429	214684.XP_572018.1	4.95	1
3609193	214684.XP_566782.1	281	34
3611147	214684.XP_568736.1	71.5	13
3608941	214684.XP_566530.1	656	11
3615012	214684.XP_572601.1	16.2	4
3613682	214684.XP_571271.1	18.8	2
3614740	214684.XP_572329.1	98.2	40
3611701	214684.XP_569290.1	54.9	3
3614508	214684.XP_572097.1	18.9	4
3609046	214684.XP_566635.1	315	6
3612871	214684.XP_570460.1	246	37
3611268	214684.XP_568857.1	226	67
3609466	214684.XP_567055.1	5.25	1
3609478	214684.XP_567067.1	815	148
3611518	214684.XP_569107.1	664	27
3611893	214684.XP_569482.1	12.7	1
3610294	214684.XP_567883.1	22.0	3
3608929	214684.XP_566518.1	481	89
3613189	214684.XP_570778.1	6.61	3
3611492	214684.XP_569081.1	179	22
3611462	214684.XP_569051.1	1298	63
3613616	214684.XP_571205.1	70.0	14
3614835	214684.XP_572424.1	1.71	1
3614617	214684.XP_572206.1	867	44
3609157	214684.XP_566746.1	56.5	25
3613548	214684.XP_571137.1	109	8
3611395	214684.XP_568984.1	42.5	6
3611825	214684.XP_569414.1	22.9	3
3613271	214684.XP_570860.1	1791	329
3613008	214684.XP_570597.1	180	8
3614542	214684.XP_572131.1	1445	358
3615295	214684.XP_572884.1	10169	605
3613564	214684.XP_571153.1	612	86
3611820	214684.XP_569409.1	2343	47
3610297	214684.XP_567886.1	20.2	5
3614752	214684.XP_572341.1	383	26
3613852	214684.XP_571441.1	17.1	1
3612627	214684.XP_570216.1	5.09	2
3612022	214684.XP_569611.1	363	168
3609208	214684.XP_566797.1	91.3	13
3613417	214684.XP_571006.1	102	23
3610200	214684.XP_567789.1	94.6	6
3611568	214684.XP_569157.1	194	4
3614996	214684.XP_572585.1	8.41	2
3609795	214684.XP_567384.1	2.17	1
3613914	214684.XP_571503.1	3.89	2
3615208	214684.XP_572797.1	457	31
3614427	214684.XP_572016.1	6750	461
3611529	214684.XP_569118.1	156	44
3609144	214684.XP_566733.1	138	60
3610353	214684.XP_567942.1	2.22	1
3613549	214684.XP_571138.1	3.45	1
3611415	214684.XP_569004.1	13670	544
3610746	214684.XP_568335.1	233	20
3613275	214684.XP_570864.1	272	13
3608852	214684.XP_566441.1	13.0	1
3610016	214684.XP_567605.1	32.3	5
3609756	214684.XP_567345.1	30.9	10
3611463	214684.XP_569052.1	48.0	9
3613237	214684.XP_570826.1	22.9	3
3609511	214684.XP_567100.1	138	7
3609187	214684.XP_566776.1	20.1	5
3610862	214684.XP_568451.1	1807	333
3612951	214684.XP_570540.1	2699	79
3608991	214684.XP_566580.1	11.4	2
3615032	214684.XP_572621.1	3.67	1
3611990	214684.XP_569579.1	56.2	8
3613252	214684.XP_570841.1	2.42	1
3612671	214684.XP_570260.1	1653	55
3615181	214684.XP_572770.1	16.4	1
3615240	214684.XP_572829.1	41.0	9
3611189	214684.XP_568778.1	145	16
3611394	214684.XP_568983.1	205	53
3615093	214684.XP_572682.1	14.5	4
3611640	214684.XP_569229.1	1.56	1
3611560	214684.XP_569149.1	289	34
3609002	214684.XP_566591.1	2.76	1
3609858	214684.XP_567447.1	584	47
3613255	214684.XP_570844.1	48.6	10
3615342	214684.XP_572931.1	419	61
3610068	214684.XP_567657.1	85.2	14
3613629	214684.XP_571218.1	8.22	1
3614383	214684.XP_571972.1	136	18
3611705	214684.XP_569294.1	1225	18
3613040	214684.XP_570629.1	98.9	10
3612174	214684.XP_569763.1	130	4
3613187	214684.XP_570776.1	50.3	10
3609904	214684.XP_567493.1	89.9	22
3608973	214684.XP_566562.1	130	43
3610478	214684.XP_568067.1	74.8	3
3613285	214684.XP_570874.1	206	16
3613830	214684.XP_571419.1	106	12
3611538	214684.XP_569127.1	10.2	7
3613160	214684.XP_570749.1	4.39	1
3612023	214684.XP_569612.1	5541	249
3611662	214684.XP_569251.1	83.4	8
3613811	214684.XP_571400.1	429	23
3613768	214684.XP_571357.1	19.4	1
3611480	214684.XP_569069.1	189	12
3612446	214684.XP_570035.1	53.1	2
3615291	214684.XP_572880.1	1167	123
3610305	214684.XP_567894.1	468	46
3612137	214684.XP_569726.1	65.4	15
3613781	214684.XP_571370.1	4.81	1
3611310	214684.XP_568899.1	20.1	3
3609032	214684.XP_566621.1	477	118
3612720	214684.XP_570309.1	4.64	1
3612021	214684.XP_569610.1	357	168
3609929	214684.XP_567518.1	78.3	16
3614008	214684.XP_571597.1	258	9
3613352	214684.XP_570941.1	27.7	4
3614175	214684.XP_571764.1	112	9
3613378	214684.XP_570967.1	15.9	3
3613562	214684.XP_571151.1	27.7	3
3610709	214684.XP_568298.1	11.0	1
3610466	214684.XP_568055.1	129	3
3609564	214684.XP_567153.1	59.9	2
3610520	214684.XP_568109.1	6.27	1
3610345	214684.XP_567934.1	5850	2040
3609546	214684.XP_567135.1	61.0	7
3610702	214684.XP_568291.1	1.86	1
3612207	214684.XP_569796.1	36.2	4
3613485	214684.XP_571074.1	212	32
3610688	214684.XP_568277.1	16.0	5
3614074	214684.XP_571663.1	3540	73
3610429	214684.XP_568018.1	28.5	6
3614047	214684.XP_571636.1	360	33
3615107	214684.XP_572696.1	17.3	1
3610555	214684.XP_568144.1	4.63	1
3612583	214684.XP_570172.1	600	53
3609675	214684.XP_567264.1	29.1	1
3610831	214684.XP_568420.1	983	48
3612067	214684.XP_569656.1	20.4	8
3613665	214684.XP_571254.1	145	7
3609118	214684.XP_566707.1	26.4	8
3609587	214684.XP_567176.1	341	1
3611386	214684.XP_568975.1	31.8	2
3614826	214684.XP_572415.1	6.35	1
3613786	214684.XP_571375.1	10.8	2
3614585	214684.XP_572174.1	372	87
3612513	214684.XP_570102.1	42.0	14
3610987	214684.XP_568576.1	1535	40
3615083	214684.XP_572672.1	18891	1424
3613179	214684.XP_570768.1	130	10
3613268	214684.XP_570857.1	23.7	4
3611278	214684.XP_568867.1	62.4	21
3615286	214684.XP_572875.1	65.4	18
3612041	214684.XP_569630.1	49.2	8
3611609	214684.XP_569198.1	87.0	15
3611258	214684.XP_568847.1	6.14	1
3610192	214684.XP_567781.1	169	10
3612880	214684.XP_570469.1	994	33
3612260	214684.XP_569849.1	47.7	8
3611594	214684.XP_569183.1	146	54
3612696	214684.XP_570285.1	80.2	4
3613078	214684.XP_570667.1	19.3	1
3615121	214684.XP_572710.1	109	33
3614813	214684.XP_572402.1	8.75	1
3615269	214684.XP_572858.1	36.2	2
3611826	214684.XP_569415.1	194	6
3610704	214684.XP_568293.1	5.95	2
3615070	214684.XP_572659.1	14.0	1
3613465	214684.XP_571054.1	2166	314
3612123	214684.XP_569712.1	926	133
3610969	214684.XP_568558.1	8.28	1
3615164	214684.XP_572753.1	90.8	20
3614819	214684.XP_572408.1	2.85	1
3613159	214684.XP_570748.1	35.9	12
3615128	214684.XP_572717.1	2008	36
3609738	214684.XP_567327.1	31.7	3
3609600	214684.XP_567189.1	14.1	1
3609126	214684.XP_566715.1	3.28	1
3610206	214684.XP_567795.1	377	38
3611499	214684.XP_569088.1	81.0	4
3612576	214684.XP_570165.1	8.16	1
3614422	214684.XP_572011.1	9.93	1
3613315	214684.XP_570904.1	178	14
3612412	214684.XP_570001.1	1482	3
3609365	214684.XP_566954.1	2.16	2
3610784	214684.XP_568373.1	264	50
3611045	214684.XP_568634.1	353	62
3610816	214684.XP_568405.1	801	64
3613220	214684.XP_570809.1	101	5
3609734	214684.XP_567323.1	35.4	5
3615201	214684.XP_572790.1	96.8	10
3613430	214684.XP_571019.1	19826	1067
3613813	214684.XP_571402.1	6.11	1
3612216	214684.XP_569805.1	81.4	22
3615349	214684.XP_572938.1	7.62	1
3608907	214684.XP_566496.1	3.41	1
3611809	214684.XP_569398.1	4.88	2
3614066	214684.XP_571655.1	12.7	2
3610823	214684.XP_568412.1	33.4	8
3614591	214684.XP_572180.1	231	4
3611269	214684.XP_568858.1	209	66
3615126	214684.XP_572715.1	13.1	1
3611194	214684.XP_568783.1	3.63	1
3614316	214684.XP_571905.1	16.1	3
3612541	214684.XP_570130.1	106	10
3612307	214684.XP_569896.1	66.1	11
3612094	214684.XP_569683.1	6.49	2
3611481	214684.XP_569070.1	20.3	3
3613570	214684.XP_571159.1	3212	91
3611380	214684.XP_568969.1	163	22
3612846	214684.XP_570435.1	86.0	3
3611757	214684.XP_569346.1	3.58	1
3611896	214684.XP_569485.1	23.4	4
3612635	214684.XP_570224.1	27.9	2
3608943	214684.XP_566532.1	7.73	1
3610450	214684.XP_568039.1	7.14	2
3609052	214684.XP_566641.1	435	28
3609295	214684.XP_566884.1	26.6	3
3609109	214684.XP_566698.1	21.2	2
3613814	214684.XP_571403.1	28.8	1
3613774	214684.XP_571363.1	34.9	11
3609881	214684.XP_567470.1	54.8	11
3611995	214684.XP_569584.1	43.1	12
3610020	214684.XP_567609.1	18.5	5
3611649	214684.XP_569238.1	70.8	6
3613423	214684.XP_571012.1	18.2	2
3611953	214684.XP_569542.1	706	99
3613258	214684.XP_570847.1	5.58	1
3612582	214684.XP_570171.1	9.19	2
3614226	214684.XP_571815.1	470	75
3610137	214684.XP_567726.1	39.1	8
3614282	214684.XP_571871.1	2137	176
3613210	214684.XP_570799.1	26.8	3
3612209	214684.XP_569798.1	22.0	2
3611573	214684.XP_569162.1	561	12
3613301	214684.XP_570890.1	24.2	7
3615008	214684.XP_572597.1	47.9	6
3610971	214684.XP_568560.1	636	61
3610942	214684.XP_568531.1	1138	51
3612819	214684.XP_570408.1	152	12
3613543	214684.XP_571132.1	21.8	1
3613296	214684.XP_570885.1	919	15
3612238	214684.XP_569827.1	900	15
3610728	214684.XP_568317.1	5.03	2
3609163	214684.XP_566752.1	189	25
3612141	214684.XP_569730.1	27.7	7
3609884	214684.XP_567473.1	22.7	3
3612002	214684.XP_569591.1	4.01	1
3612489	214684.XP_570078.1	296	49
3610622	214684.XP_568211.1	1351	26
3611639	214684.XP_569228.1	1001	147
3612095	214684.XP_569684.1	103	10
3609271	214684.XP_566860.1	676	30
3611620	214684.XP_569209.1	2.09	1
3609068	214684.XP_566657.1	11.2	1
3613584	214684.XP_571173.1	590	19
3610323	214684.XP_567912.1	4.92	1
3609425	214684.XP_567014.1	98.2	15
3610482	214684.XP_568071.1	43.1	4
3611212	214684.XP_568801.1	1004	136
3610626	214684.XP_568215.1	26.9	1
3609871	214684.XP_567460.1	834	319
3614919	214684.XP_572508.1	86.5	27
3612010	214684.XP_569599.1	3053	329
3608946	214684.XP_566535.1	5.24	1
3611280	214684.XP_568869.1	137	53
3609790	214684.XP_567379.1	4.81	1
3613346	214684.XP_570935.1	17.3	1
3613283	214684.XP_570872.1	805	24
3611225	214684.XP_568814.1	38.9	8
3614348	214684.XP_571937.1	206	4
3609861	214684.XP_567450.1	28.5	6
3613904	214684.XP_571493.1	83.9	8
3615246	214684.XP_572835.1	9.18	1
3614879	214684.XP_572468.1	20.2	4
3610162	214684.XP_567751.1	83.6	9
3611488	214684.XP_569077.1	58.8	1
3613482	214684.XP_571071.1	3.92	1
3615207	214684.XP_572796.1	142	7
3614182	214684.XP_571771.1	6254	1733
3613901	214684.XP_571490.1	1.53	1
3610828	214684.XP_568417.1	939	132
3609097	214684.XP_566686.1	16.4	2
3614461	214684.XP_572050.1	92.4	13
3614392	214684.XP_571981.1	71.2	1
3609117	214684.XP_566706.1	4.14	1
3614537	214684.XP_572126.1	11.6	3
3610815	214684.XP_568404.1	751	66
3612354	214684.XP_569943.1	107	4
3613641	214684.XP_571230.1	15.7	1
3610302	214684.XP_567891.1	1089	32
3613698	214684.XP_571287.1	31.8	6
3610532	214684.XP_568121.1	350	57
3614501	214684.XP_572090.1	35176	668
3611711	214684.XP_569300.1	167	39
3612185	214684.XP_569774.1	1482	3
3610927	214684.XP_568516.1	43.6	13
3614363	214684.XP_571952.1	160	4
3612735	214684.XP_570324.1	7.0	2
3613145	214684.XP_570734.1	138	21
3610483	214684.XP_568072.1	12.1	1
3611795	214684.XP_569384.1	24.1	3
3609907	214684.XP_567496.1	86.1	13
3611267	214684.XP_568856.1	226	67
3612919	214684.XP_570508.1	17.0	2
3609229	214684.XP_566818.1	394	1
3612181	214684.XP_569770.1	33.2	6
3609541	214684.XP_567130.1	1085	12
3615393	214684.XP_572982.1	3.8	1
3612168	214684.XP_569757.1	555	143
3609543	214684.XP_567132.1	629	20
3614837	214684.XP_572426.1	13.4	1
3611959	214684.XP_569548.1	188	5
3614680	214684.XP_572269.1	13.6	1
3612490	214684.XP_570079.1	88.3	16
3612572	214684.XP_570161.1	426	35
3612872	214684.XP_570461.1	2.01	1
3614449	214684.XP_572038.1	4427	445
3613475	214684.XP_571064.1	11.3	1
3613791	214684.XP_571380.1	20.1	8
3612196	214684.XP_569785.1	22.9	1
3609951	214684.XP_567540.1	38.1	2
3610415	214684.XP_568004.1	8.57	1
3614750	214684.XP_572339.1	20.3	9
3609982	214684.XP_567571.1	74.3	45
3612807	214684.XP_570396.1	256	18
3615427	214684.XP_573016.1	11.4	2
3612245	214684.XP_569834.1	350	32
3612930	214684.XP_570519.1	112	22
3609147	214684.XP_566736.1	8.23	1
3614232	214684.XP_571821.1	837	112
3611599	214684.XP_569188.1	194	18
3611798	214684.XP_569387.1	108	9
3611159	214684.XP_568748.1	260	8
3609204	214684.XP_566793.1	3441	798
3611019	214684.XP_568608.1	37.9	3
3610422	214684.XP_568011.1	1.63	1
3609006	214684.XP_566595.1	12.2	9
3609828	214684.XP_567417.1	73.9	11
3609725	214684.XP_567314.1	17.4	19
3609008	214684.XP_566597.1	6.95	2
3611516	214684.XP_569105.1	291	19
3614025	214684.XP_571614.1	19.7	4
3612610	214684.XP_570199.1	651	53
3610557	214684.XP_568146.1	575	73
3611519	214684.XP_569108.1	51.2	11
3614776	214684.XP_572365.1	530	116
3615238	214684.XP_572827.1	3.1	1
3613290	214684.XP_570879.1	467	138
3610344	214684.XP_567933.1	560	174
3612234	214684.XP_569823.1	267	95
3611209	214684.XP_568798.1	34.3	4
3610825	214684.XP_568414.1	304	43
3612690	214684.XP_570279.1	48.0	6
3614857	214684.XP_572446.1	786	91
3612077	214684.XP_569666.1	62.2	7
3611365	214684.XP_568954.1	20.0	3
3609281	214684.XP_566870.1	8.11	2
3613298	214684.XP_570887.1	211	5
3611402	214684.XP_568991.1	334	18
3611956	214684.XP_569545.1	2306	712
3611049	214684.XP_568638.1	40.7	4
3615036	214684.XP_572625.1	311	31
3609874	214684.XP_567463.1	4.92	1
3612056	214684.XP_569645.1	7.68	1
3611142	214684.XP_568731.1	5.36	2
3610614	214684.XP_568203.1	29.0	3
3610711	214684.XP_568300.1	68.5	12
3611856	214684.XP_569445.1	30.2	4
3609775	214684.XP_567364.1	118	11
3613999	214684.XP_571588.1	9.89	1
3613334	214684.XP_570923.1	15.8	10
3611674	214684.XP_569263.1	76.9	10
3613525	214684.XP_571114.1	328	59
3613567	214684.XP_571156.1	70.2	11
3608985	214684.XP_566574.1	204	51
3613419	214684.XP_571008.1	338	11
3615081	214684.XP_572670.1	19.9	2
3612227	214684.XP_569816.1	4.25	1
3614735	214684.XP_572324.1	101	13
3614950	214684.XP_572539.1	7.98	7
3611522	214684.XP_569111.1	20.2	3
3612656	214684.XP_570245.1	1238	265
3612672	214684.XP_570261.1	227	57
3612423	214684.XP_570012.1	24.5	1
3608886	214684.XP_566475.1	291	33
3612342	214684.XP_569931.1	106	10
3611526	214684.XP_569115.1	6.32	2
3610310	214684.XP_567899.1	3.11	1
3610369	214684.XP_567958.1	18.6	2
3614011	214684.XP_571600.1	242	23
3614134	214684.XP_571723.1	5.32	1
3613483	214684.XP_571072.1	8.32	1
3614805	214684.XP_572394.1	374	7
3614513	214684.XP_572102.1	10.5	1
3613538	214684.XP_571127.1	85.1	5
3613194	214684.XP_570783.1	10.6	1
3615141	214684.XP_572730.1	317	16
3609654	214684.XP_567243.1	291	15
3609617	214684.XP_567206.1	1106	35
3612633	214684.XP_570222.1	83.4	5
3610035	214684.XP_567624.1	23.0	7
3614218	214684.XP_571807.1	124	23
3608978	214684.XP_566567.1	15.0	3
3613492	214684.XP_571081.1	2.95	1
3615264	214684.XP_572853.1	8.6	2
3610777	214684.XP_568366.1	942	101
3611312	214684.XP_568901.1	14.3	2
3610845	214684.XP_568434.1	9.35	1
3614595	214684.XP_572184.1	17.4	4
3614490	214684.XP_572079.1	87.5	6
3613684	214684.XP_571273.1	56.9	2
3610833	214684.XP_568422.1	99.7	10
3614746	214684.XP_572335.1	757	74
3611177	214684.XP_568766.1	113	10
3611392	214684.XP_568981.1	32.6	5
3610336	214684.XP_567925.1	3.7	1
3613250	214684.XP_570839.1	22.9	3
3611180	214684.XP_568769.1	77.0	8
3609151	214684.XP_566740.1	98.5	3
3613318	214684.XP_570907.1	8.92	1
3611355	214684.XP_568944.1	56.4	11
3614079	214684.XP_571668.1	18.8	4
3609801	214684.XP_567390.1	1679	37
3609301	214684.XP_566890.1	1064	29
3611222	214684.XP_568811.1	30.4	4
3610049	214684.XP_567638.1	56.0	11
3611771	214684.XP_569360.1	16.0	3
3615242	214684.XP_572831.1	1004	70
3613850	214684.XP_571439.1	51.8	6
3609463	214684.XP_567052.1	19.7	7
3609867	214684.XP_567456.1	5935	35
3612642	214684.XP_570231.1	110	6
3609037	214684.XP_566626.1	14.2	2
3614006	214684.XP_571595.1	354	17
3612024	214684.XP_569613.1	334	16
3612643	214684.XP_570232.1	70.3	2
3609525	214684.XP_567114.1	14.9	2
3614012	214684.XP_571601.1	2188	52
3609100	214684.XP_566689.1	187	41
3614909	214684.XP_572498.1	65.9	9
3613685	214684.XP_571274.1	71.1	4
3613893	214684.XP_571482.1	158	53
3613299	214684.XP_570888.1	31.8	2
3609065	214684.XP_566654.1	326	29
3610301	214684.XP_567890.1	29.9	2
3610717	214684.XP_568306.1	39.3	2
3615154	214684.XP_572743.1	170	40
3610309	214684.XP_567898.1	39.2	8
3613626	214684.XP_571215.1	5.43	1
3610729	214684.XP_568318.1	21.7	3
3614217	214684.XP_571806.1	221	37
3609523	214684.XP_567112.1	578	60
3609589	214684.XP_567178.1	1107	12
3611758	214684.XP_569347.1	151	11
3612711	214684.XP_570300.1	125	6
3612812	214684.XP_570401.1	215	21
3615000	214684.XP_572589.1	751	42
3612621	214684.XP_570210.1	699	16
3612662	214684.XP_570251.1	20.2	4
3609330	214684.XP_566919.1	2111	76
3609530	214684.XP_567119.1	28.6	2
3611478	214684.XP_569067.1	798	4
3613001	214684.XP_570590.1	49.8	7
3612646	214684.XP_570235.1	23.8	9
3609454	214684.XP_567043.1	57.5	7
3615270	214684.XP_572859.1	3.67	1
3613446	214684.XP_571035.1	72.0	20
3615199	214684.XP_572788.1	6.23	1
3610114	214684.XP_567703.1	21.4	2
3611211	214684.XP_568800.1	3.54	1
3609296	214684.XP_566885.1	378	22
3612768	214684.XP_570357.1	2402	469
3609500	214684.XP_567089.1	3.05	1
3614871	214684.XP_572460.1	175	53
3611670	214684.XP_569259.1	116	22
3610097	214684.XP_567686.1	1587	70
3612853	214684.XP_570442.1	246	7
3612905	214684.XP_570494.1	199	23
3613385	214684.XP_570974.1	8.42	3
3609761	214684.XP_567350.1	256	35
3614408	214684.XP_571997.1	57.7	7
3609651	214684.XP_567240.1	12.8	1
3611345	214684.XP_568934.1	3.71	2
3610073	214684.XP_567662.1	8.54	2
3610947	214684.XP_568536.1	205	23
3612128	214684.XP_569717.1	164	37
3614093	214684.XP_571682.1	6.76	1
3612488	214684.XP_570077.1	108	16
3614041	214684.XP_571630.1	4.46	1
3615006	214684.XP_572595.1	30.3	7
3610414	214684.XP_568003.1	7.25	3
3614636	214684.XP_572225.1	90.7	7
3613923	214684.XP_571512.1	5.59	1
3614253	214684.XP_571842.1	61.4	3
3611274	214684.XP_568863.1	10.7	1
3612786	214684.XP_570375.1	149	27
3614873	214684.XP_572462.1	1674	233
3611237	214684.XP_568826.1	4.95	1
3609190	214684.XP_566779.1	5.1	1
3614001	214684.XP_571590.1	150	47
3615230	214684.XP_572819.1	8.65	3
3610512	214684.XP_568101.1	922	8
3609774	214684.XP_567363.1	232	16
3612595	214684.XP_570184.1	33.8	2
3609199	214684.XP_566788.1	24.8	4
3609019	214684.XP_566608.1	620	18
3614172	214684.XP_571761.1	58.2	3
3611868	214684.XP_569457.1	4.06	1
3613357	214684.XP_570946.1	154	30
3615156	214684.XP_572745.1	54.8	16
3615047	214684.XP_572636.1	10.6	1
3610786	214684.XP_568375.1	35.9	3
3610870	214684.XP_568459.1	2318	63
3608897	214684.XP_566486.1	110	14
3611085	214684.XP_568674.1	13.5	3
3615073	214684.XP_572662.1	11.1	4
3614393	214684.XP_571982.1	71.2	1
3613511	214684.XP_571100.1	379	242
3610453	214684.XP_568042.1	60.0	8
3614911	214684.XP_572500.1	51.0	11
3608969	214684.XP_566558.1	16.2	2
3612813	214684.XP_570402.1	1888	302
3610375	214684.XP_567964.1	14.3	2
3608975	214684.XP_566564.1	166	49
3614843	214684.XP_572432.1	22.4	2
3610204	214684.XP_567793.1	10643	1303
3614389	214684.XP_571978.1	16.8	3
3612961	214684.XP_570550.1	745	4
3610507	214684.XP_568096.1	290	31
3614442	214684.XP_572031.1	71.1	4
3613264	214684.XP_570853.1	25.6	4
3610665	214684.XP_568254.1	28.3	8
3609205	214684.XP_566794.1	3441	798
3613927	214684.XP_571516.1	19.7	1
3610107	214684.XP_567696.1	565	24
3612215	214684.XP_569804.1	26.4	2
3612916	214684.XP_570505.1	3.58	1
3611246	214684.XP_568835.1	14.1	1
3612847	214684.XP_570436.1	29.2	3
3610262	214684.XP_567851.1	24.8	10
3610188	214684.XP_567777.1	11.2	1
3610572	214684.XP_568161.1	558	65
3610526	214684.XP_568115.1	7.42	1
3612692	214684.XP_570281.1	11.2	1
3611452	214684.XP_569041.1	53.6	10
3609914	214684.XP_567503.1	28.1	4
3609900	214684.XP_567489.1	39.8	5
3614359	214684.XP_571948.1	1629	401
3615074	214684.XP_572663.1	10.4	4
3615209	214684.XP_572798.1	10.8	1
3611830	214684.XP_569419.1	6.36	1
3609983	214684.XP_567572.1	3.39	1
3612110	214684.XP_569699.1	75.4	2
3610377	214684.XP_567966.1	6.82	3
3611179	214684.XP_568768.1	51.9	27
3612139	214684.XP_569728.1	6729	788
3612545	214684.XP_570134.1	57.0	4
3614448	214684.XP_572037.1	56.1	3
3614222	214684.XP_571811.1	96.4	19
3609899	214684.XP_567488.1	27.3	3
3608988	214684.XP_566577.1	97.7	8
3612693	214684.XP_570282.1	89.9	7
3614183	214684.XP_571772.1	6299	1733
3610824	214684.XP_568413.1	368	12
3613747	214684.XP_571336.1	4.5	2
3612552	214684.XP_570141.1	5712	99
3612297	214684.XP_569886.1	2198	79
3611220	214684.XP_568809.1	13.4	1
3609835	214684.XP_567424.1	23.7	5
3609975	214684.XP_567564.1	478	124
3610807	214684.XP_568396.1	10.5	4
3613722	214684.XP_571311.1	28.9	5
3608858	214684.XP_566447.1	2.02	1
3613944	214684.XP_571533.1	27.3	4
3609516	214684.XP_567105.1	3.36	1
3613842	214684.XP_571431.1	766	294
3615383	214684.XP_572972.1	56.7	4
3614156	214684.XP_571745.1	85.2	49
3614288	214684.XP_571877.1	30.6	5
3611116	214684.XP_568705.1	17.2	2
3614922	214684.XP_572511.1	65.2	5
3613222	214684.XP_570811.1	138	19
3615224	214684.XP_572813.1	93.8	12
3614859	214684.XP_572448.1	5.48	1
3611737	214684.XP_569326.1	70.7	14
3612999	214684.XP_570588.1	31.6	8
3612121	214684.XP_569710.1	13.8	1
3610346	214684.XP_567935.1	131	39
3611940	214684.XP_569529.1	27.7	1
3613652	214684.XP_571241.1	81.0	3
3611949	214684.XP_569538.1	705	81
3613681	214684.XP_571270.1	209	30
3613688	214684.XP_571277.1	124	21
3612748	214684.XP_570337.1	1440	118
3610050	214684.XP_567639.1	56.0	11
3611980	214684.XP_569569.1	6.99	1
3614575	214684.XP_572164.1	18.8	2
3612577	214684.XP_570166.1	20.6	13
3613770	214684.XP_571359.1	60.5	4
3609932	214684.XP_567521.1	18682	307
3613259	214684.XP_570848.1	33.0	6
3613434	214684.XP_571023.1	442	6
3611924	214684.XP_569513.1	45.5	12
3610443	214684.XP_568032.1	419	12
3609908	214684.XP_567497.1	7.98	1
3615410	214684.XP_572999.1	112	15
3613486	214684.XP_571075.1	55.7	3
3611534	214684.XP_569123.1	5.72	2
3614949	214684.XP_572538.1	19.4	3
3612901	214684.XP_570490.1	118	8
3610260	214684.XP_567849.1	168	45
3610121	214684.XP_567710.1	4040	467
3613083	214684.XP_570672.1	176	10
3609726	214684.XP_567315.1	1354	144
3612255	214684.XP_569844.1	32.8	4
3611729	214684.XP_569318.1	124	15
3611200	214684.XP_568789.1	349	63
3614545	214684.XP_572134.1	26.4	4
3610973	214684.XP_568562.1	5.43	1
3613126	214684.XP_570715.1	421	21
3609391	214684.XP_566980.1	855	39
3615003	214684.XP_572592.1	37.4	3
3609140	214684.XP_566729.1	385	13
3613172	214684.XP_570761.1	237	30
3611800	214684.XP_569389.1	6.16	1
3615206	214684.XP_572795.1	8.26	3
3611329	214684.XP_568918.1	12.1	2
3614366	214684.XP_571955.1	10.5	2
3614262	214684.XP_571851.1	25690	694
3612180	214684.XP_569769.1	56.3	6
3611790	214684.XP_569379.1	6289	593
3610983	214684.XP_568572.1	89.2	27
3611484	214684.XP_569073.1	12.5	3
3613009	214684.XP_570598.1	27.2	1
3613104	214684.XP_570693.1	590	19
3610497	214684.XP_568086.1	27.7	12
3611658	214684.XP_569247.1	547	21
3609056	214684.XP_566645.1	67.1	9
3609004	214684.XP_566593.1	23.0	3
3613656	214684.XP_571245.1	19.6	2
3612904	214684.XP_570493.1	90.6	13
3613211	214684.XP_570800.1	7.12	1
3614417	214684.XP_572006.1	149	21
3613130	214684.XP_570719.1	1.5	1
3610780	214684.XP_568369.1	91.2	8
3614844	214684.XP_572433.1	2.25	1
3613279	214684.XP_570868.1	3.25	1
3612105	214684.XP_569694.1	83.1	16
3614759	214684.XP_572348.1	203	27
3611387	214684.XP_568976.1	44.4	3
3608857	214684.XP_566446.1	2.09	1
3610864	214684.XP_568453.1	3778	166
3608871	214684.XP_566460.1	201	7
3611718	214684.XP_569307.1	170	46
3612092	214684.XP_569681.1	89.4	13
3612470	214684.XP_570059.1	111	22
3609115	214684.XP_566704.1	22.5	4
3609898	214684.XP_567487.1	275	68
3608940	214684.XP_566529.1	72.3	12
3611143	214684.XP_568732.1	6.19	1
3610351	214684.XP_567940.1	7.98	7
3610003	214684.XP_567592.1	329	32
3609785	214684.XP_567374.1	182	16
3611352	214684.XP_568941.1	68.4	7
3611284	214684.XP_568873.1	5.11	1
3612805	214684.XP_570394.1	69.0	18
3612604	214684.XP_570193.1	150	4
3612619	214684.XP_570208.1	133	27
3613903	214684.XP_571492.1	6.3	2
3613902	214684.XP_571491.1	6.3	2
3613773	214684.XP_571362.1	10.6	4
3609713	214684.XP_567302.1	780	225
3611016	214684.XP_568605.1	3.63	1
3608878	214684.XP_566467.1	338	36
3608962	214684.XP_566551.1	14.6	1
3609269	214684.XP_566858.1	10.6	2
3612091	214684.XP_569680.1	757	93
3614623	214684.XP_572212.1	11426	784
3611702	214684.XP_569291.1	480	25
3614378	214684.XP_571967.1	19.3	1
3610051	214684.XP_567640.1	8.29	1
3610337	214684.XP_567926.1	370	39
3609407	214684.XP_566996.1	48.5	6
3613303	214684.XP_570892.1	6.14	2
3612855	214684.XP_570444.1	189	31
3615282	214684.XP_572871.1	2306	417
3609071	214684.XP_566660.1	61954	795
3615311	214684.XP_572900.1	87.5	2
3611508	214684.XP_569097.1	14.9	5
3609517	214684.XP_567106.1	1.84	1
3611341	214684.XP_568930.1	54.0	6
3613839	214684.XP_571428.1	95.7	14
3610840	214684.XP_568429.1	65.1	19
3611384	214684.XP_568973.1	25.8	3
3609371	214684.XP_566960.1	285	16
3615106	214684.XP_572695.1	220	21
3613306	214684.XP_570895.1	46.5	10
3613304	214684.XP_570893.1	22.6	2
3611214	214684.XP_568803.1	26.8	7
3612097	214684.XP_569686.1	622	59
3608877	214684.XP_566466.1	6.51	1
3609606	214684.XP_567195.1	9.21	1
3613716	214684.XP_571305.1	56.1	6
3615423	214684.XP_573012.1	1756	589
3612413	214684.XP_570002.1	6.04	2
3613680	214684.XP_571269.1	7.96	2
3608883	214684.XP_566472.1	129	10
3611994	214684.XP_569583.1	43.1	12
3610286	214684.XP_567875.1	22.8	2
3609886	214684.XP_567475.1	2392	538
3610928	214684.XP_568517.1	10.6	2
3611743	214684.XP_569332.1	15.7	1
3610435	214684.XP_568024.1	4.87	1
3608964	214684.XP_566553.1	30.2	4
3615335	214684.XP_572924.1	33.9	5
3611043	214684.XP_568632.1	5.03	1
3611693	214684.XP_569282.1	567	11
3612894	214684.XP_570483.1	42.5	14
3610009	214684.XP_567598.1	721	100
3613039	214684.XP_570628.1	18.2	1
3612837	214684.XP_570426.1	2388	29
3612558	214684.XP_570147.1	5621	583
3612304	214684.XP_569893.1	87.1	13
3612415	214684.XP_570004.1	75.2	21
3610456	214684.XP_568045.1	6.51	2
3609973	214684.XP_567562.1	605	38
3610234	214684.XP_567823.1	6.63	1
3615179	214684.XP_572768.1	32.3	8
3611104	214684.XP_568693.1	54.3	7
3609083	214684.XP_566672.1	2.19	1
3614766	214684.XP_572355.1	144	6
3610480	214684.XP_568069.1	6.92	1
3613278	214684.XP_570867.1	463	34
3609598	214684.XP_567187.1	543	21
3612305	214684.XP_569894.1	19.1	7
3610967	214684.XP_568556.1	61.5	9
3609766	214684.XP_567355.1	23.5	1
3611160	214684.XP_568749.1	203	27
3611687	214684.XP_569276.1	34.9	5
3610472	214684.XP_568061.1	47.6	5
3610296	214684.XP_567885.1	1144	59
3612912	214684.XP_570501.1	255	31
3614162	214684.XP_571751.1	30.5	9
3613140	214684.XP_570729.1	100.0	8
3609568	214684.XP_567157.1	8.39	1
3609614	214684.XP_567203.1	196	25
3611957	214684.XP_569546.1	103	2
3611024	214684.XP_568613.1	65.3	5
3608854	214684.XP_566443.1	8.9	2
3613190	214684.XP_570779.1	17.8	5
3611445	214684.XP_569034.1	701	102
3609936	214684.XP_567525.1	48.2	29
3610376	214684.XP_567965.1	6.51	3
3610105	214684.XP_567694.1	151	15
3609423	214684.XP_567012.1	55672	1843
3613215	214684.XP_570804.1	14.9	1
3612797	214684.XP_570386.1	497	58
3611663	214684.XP_569252.1	133	4
3612053	214684.XP_569642.1	35.8	3
3614749	214684.XP_572338.1	153	19
3610869	214684.XP_568458.1	298	10
3612935	214684.XP_570524.1	15.8	2
3610142	214684.XP_567731.1	10.8	2
3609215	214684.XP_566804.1	93.5	34
3608898	214684.XP_566487.1	10.3	2
3610352	214684.XP_567941.1	8.18	7
3608914	214684.XP_566503.1	54.8	3
3614707	214684.XP_572296.1	1502	83
3609510	214684.XP_567099.1	2118	4
3611827	214684.XP_569416.1	1270	67
3611449	214684.XP_569038.1	17.6	2
3614842	214684.XP_572431.1	159	18
3613643	214684.XP_571232.1	11.9	1
3610540	214684.XP_568129.1	39.0	5
3612312	214684.XP_569901.1	4.85	1
3609294	214684.XP_566883.1	326	142
3610620	214684.XP_568209.1	87.5	10
3613820	214684.XP_571409.1	50.5	3
3613609	214684.XP_571198.1	7.97	1
3615137	214684.XP_572726.1	4.35	1
3614421	214684.XP_572010.1	3.86	2
3613112	214684.XP_570701.1	37.8	5
3610895	214684.XP_568484.1	20.6	15
3612525	214684.XP_570114.1	4136	457
3609248	214684.XP_566837.1	406	50
3613416	214684.XP_571005.1	30.7	5
3611817	214684.XP_569406.1	1650	249
3614260	214684.XP_571849.1	2443	63
3610835	214684.XP_568424.1	19.0	2
3612910	214684.XP_570499.1	82.6	13
3610887	214684.XP_568476.1	137	23
3612393	214684.XP_569982.1	75.9	3
3610462	214684.XP_568051.1	28.3	2
3613463	214684.XP_571052.1	13.8	1
3612360	214684.XP_569949.1	49.4	4
3615280	214684.XP_572869.1	2380	417
3615308	214684.XP_572897.1	13.4	2
3609820	214684.XP_567409.1	87.1	11
3613185	214684.XP_570774.1	29.1	2
3614974	214684.XP_572563.1	11.1	2
3613662	214684.XP_571251.1	4.09	1
3613248	214684.XP_570837.1	8.67	1
3613748	214684.XP_571337.1	24.0	6
3612403	214684.XP_569992.1	2.42	1
3613572	214684.XP_571161.1	9.36	2
3611198	214684.XP_568787.1	6.08	1
3610682	214684.XP_568271.1	23185	1981
3610389	214684.XP_567978.1	1073	185
3614669	214684.XP_572258.1	11.3	1
3614436	214684.XP_572025.1	515	67
3609826	214684.XP_567415.1	279	8
3613719	214684.XP_571308.1	15.3	1
3614706	214684.XP_572295.1	29.1	1
3610194	214684.XP_567783.1	4.42	1
3609588	214684.XP_567177.1	15.6	1
3612913	214684.XP_570502.1	10.3	1
3612697	214684.XP_570286.1	15.0	2
3614802	214684.XP_572391.1	172	14
3615360	214684.XP_572949.1	23.7	2
3613289	214684.XP_570878.1	467	138
3613772	214684.XP_571361.1	8.5	4
3612682	214684.XP_570271.1	3.32	1
3610084	214684.XP_567673.1	19.7	4
3613964	214684.XP_571553.1	121	38
3611563	214684.XP_569152.1	808	129
3612565	214684.XP_570154.1	96.0	8
3614486	214684.XP_572075.1	9.47	4
3612190	214684.XP_569779.1	82.5	9
3613326	214684.XP_570915.1	48.6	2
3609230	214684.XP_566819.1	91.6	4
3610273	214684.XP_567862.1	2223	357
3609660	214684.XP_567249.1	172	23
3613809	214684.XP_571398.1	4.24	1
3614825	214684.XP_572414.1	90.5	4
3611417	214684.XP_569006.1	9.38	1
3610239	214684.XP_567828.1	173	27
3610944	214684.XP_568533.1	70.7	4
3608912	214684.XP_566501.1	33.6	9
3611281	214684.XP_568870.1	137	53
3610181	214684.XP_567770.1	62.3	24
3614576	214684.XP_572165.1	5.4	1
3609185	214684.XP_566774.1	14.4	3
3611660	214684.XP_569249.1	13.4	2
3609164	214684.XP_566753.1	57.2	2
3610763	214684.XP_568352.1	11.9	4
3609571	214684.XP_567160.1	12.5	2
3610479	214684.XP_568068.1	17.4	2
3612230	214684.XP_569819.1	9.44	2
3611803	214684.XP_569392.1	7.1	1
3609515	214684.XP_567104.1	244	3
3612325	214684.XP_569914.1	95.8	8
3610475	214684.XP_568064.1	233	35
3615123	214684.XP_572712.1	227	18
3611721	214684.XP_569310.1	29.7	4
3610810	214684.XP_568399.1	17.5	2
3609094	214684.XP_566683.1	46.1	7
3611118	214684.XP_568707.1	2.08	1
3613803	214684.XP_571392.1	60.8	35
3610117	214684.XP_567706.1	16.4	2
3614293	214684.XP_571882.1	20.1	4
3611622	214684.XP_569211.1	929	133
3609513	214684.XP_567102.1	120	28
3612761	214684.XP_570350.1	63.1	3
3613743	214684.XP_571332.1	12.2	7
3614479	214684.XP_572068.1	26.8	13
3610616	214684.XP_568205.1	82.1	2
3613751	214684.XP_571340.1	20.6	4
3612267	214684.XP_569856.1	5.04	1
3611084	214684.XP_568673.1	9.82	3
3611265	214684.XP_568854.1	30.6	4
3613889	214684.XP_571478.1	344	66
3612107	214684.XP_569696.1	20.9	6
3609787	214684.XP_567376.1	58.7	6
3613127	214684.XP_570716.1	47.3	15
3611984	214684.XP_569573.1	10.5	1
3613510	214684.XP_571099.1	161	67
3610994	214684.XP_568583.1	20.0	2
3609800	214684.XP_567389.1	1065	424
3613761	214684.XP_571350.1	59.0	5
3615247	214684.XP_572836.1	169	28
3613655	214684.XP_571244.1	1235	154
3612929	214684.XP_570518.1	6.86	1
3612618	214684.XP_570207.1	123	51
3611867	214684.XP_569456.1	44.0	5
3612414	214684.XP_570003.1	75.2	21
3610272	214684.XP_567861.1	8.71	1
3611361	214684.XP_568950.1	289	8
3609595	214684.XP_567184.1	9.13	2
3612988	214684.XP_570577.1	33.6	5
3611709	214684.XP_569298.1	66.3	3
3610955	214684.XP_568544.1	106	11
3614431	214684.XP_572020.1	817	125
3610598	214684.XP_568187.1	84.8	12
3614290	214684.XP_571879.1	213	18
3609283	214684.XP_566872.1	5.35	1
3613139	214684.XP_570728.1	17.7	1
3610594	214684.XP_568183.1	112	9
3614932	214684.XP_572521.1	42.9	3
3614355	214684.XP_571944.1	74.0	7
3615038	214684.XP_572627.1	51.8	5
3610896	214684.XP_568485.1	20.6	15
3609956	214684.XP_567545.1	798	4
3615343	214684.XP_572932.1	20.4	2
3613986	214684.XP_571575.1	770	37
3609533	214684.XP_567122.1	304	43
3608862	214684.XP_566451.1	56.6	13
3613969	214684.XP_571558.1	40.9	2
3608910	214684.XP_566499.1	43.4	6
3610720	214684.XP_568309.1	188	4
3609256	214684.XP_566845.1	2313	341
3612142	214684.XP_569731.1	71.6	14
3613494	214684.XP_571083.1	3785	423
3615297	214684.XP_572886.1	16.7	3
3615254	214684.XP_572843.1	5.54	1
3611207	214684.XP_568796.1	1117	135
3612368	214684.XP_569957.1	1089	76
3614650	214684.XP_572239.1	11.2	1
3610359	214684.XP_567948.1	6.78	1
3613737	214684.XP_571326.1	1301	135
3612043	214684.XP_569632.1	115	18
3615384	214684.XP_572973.1	5.08	1
3614179	214684.XP_571768.1	4.0	1
3613815	214684.XP_571404.1	7816	576
3608872	214684.XP_566461.1	3.59	1
3615112	214684.XP_572701.1	1538	163
3613219	214684.XP_570808.1	16.8	2
3612170	214684.XP_569759.1	14.7	1
3614941	214684.XP_572530.1	2.59	1
3611744	214684.XP_569333.1	9.77	1
3612834	214684.XP_570423.1	37.5	6
3615194	214684.XP_572783.1	17.9	2
3611727	214684.XP_569316.1	38.3	6
3609672	214684.XP_567261.1	295	19
3613333	214684.XP_570922.1	690	223
3614371	214684.XP_571960.1	93.7	44
3610087	214684.XP_567676.1	10.6	1
3611134	214684.XP_568723.1	200	9
3610233	214684.XP_567822.1	126	16
3608998	214684.XP_566587.1	132	24
3610703	214684.XP_568292.1	5.95	2
3610370	214684.XP_567959.1	190	7
3609566	214684.XP_567155.1	964	36
3613473	214684.XP_571062.1	563	123
3609765	214684.XP_567354.1	50.3	7
3610677	214684.XP_568266.1	281	14
3611185	214684.XP_568774.1	1042	22
3614000	214684.XP_571589.1	165	53
3612052	214684.XP_569641.1	35.8	3
3609359	214684.XP_566948.1	16.9	1
3612144	214684.XP_569733.1	125	5
3612686	214684.XP_570275.1	242	37
3612976	214684.XP_570565.1	137	15
3609149	214684.XP_566738.1	2.32	1
3609849	214684.XP_567438.1	1872	90
3612113	214684.XP_569702.1	146	10
3614849	214684.XP_572438.1	320	35
3611542	214684.XP_569131.1	172	58
3611375	214684.XP_568964.1	7.8	2
3612085	214684.XP_569674.1	3240	98
3610465	214684.XP_568054.1	2.23	1
3613332	214684.XP_570921.1	690	223
3610314	214684.XP_567903.1	9.55	1
3611839	214684.XP_569428.1	663	159
3610736	214684.XP_568325.1	3.76	1
3613966	214684.XP_571555.1	146	6
3608972	214684.XP_566561.1	12.4	1
3613418	214684.XP_571007.1	102	23
3609255	214684.XP_566844.1	9.56	2
3613030	214684.XP_570619.1	140	16
3611476	214684.XP_569065.1	3157	50
3609488	214684.XP_567077.1	53.8	2
3609626	214684.XP_567215.1	7.69	1
3609254	214684.XP_566843.1	15.4	2
3613111	214684.XP_570700.1	121	1
3611605	214684.XP_569194.1	209	12
3612532	214684.XP_570121.1	502	60
3610477	214684.XP_568066.1	38.2	4
3612200	214684.XP_569789.1	110	7
3613963	214684.XP_571552.1	35.9	6
3613204	214684.XP_570793.1	2265	782
3612560	214684.XP_570149.1	6.09	1
3612859	214684.XP_570448.1	28.4	4
3610514	214684.XP_568103.1	110	9
3615025	214684.XP_572614.1	7.56	1
3612450	214684.XP_570039.1	467	11
3614671	214684.XP_572260.1	165	17
3609078	214684.XP_566667.1	52.9	10
3609018	214684.XP_566607.1	83.4	19
3615288	214684.XP_572877.1	11.9	2
3610499	214684.XP_568088.1	35.8	5
3610361	214684.XP_567950.1	72.4	5
3613144	214684.XP_570733.1	45.1	4
3611115	214684.XP_568704.1	2.53	1
3614443	214684.XP_572032.1	3547	204
3612762	214684.XP_570351.1	741	65
3610315	214684.XP_567904.1	392	54
3610899	214684.XP_568488.1	17.2	1
3609327	214684.XP_566916.1	4.49	1
3612233	214684.XP_569822.1	56.1	3
3612836	214684.XP_570425.1	45.2	3
3608923	214684.XP_566512.1	60.5	4
3611349	214684.XP_568938.1	29.2	1
3613253	214684.XP_570842.1	44.4	2
3614227	214684.XP_571816.1	53.4	12
3614673	214684.XP_572262.1	4.23	1
3615281	214684.XP_572870.1	1495	417
3612475	214684.XP_570064.1	210	24
3609246	214684.XP_566835.1	49.6	6
3614584	214684.XP_572173.1	385	88
3613349	214684.XP_570938.1	71.5	9
3610530	214684.XP_568119.1	57.6	10
3615317	214684.XP_572906.1	1368	26
3614999	214684.XP_572588.1	403	31
3613890	214684.XP_571479.1	11.1	2
3611903	214684.XP_569492.1	2.69	1
3610699	214684.XP_568288.1	12.8	2
3611202	214684.XP_568791.1	5.44	2
3609413	214684.XP_567002.1	354	20
3611732	214684.XP_569321.1	31.4	1
3613534	214684.XP_571123.1	51.5	2
3613775	214684.XP_571364.1	90.2	4
3609460	214684.XP_567049.1	75.9	10
3611195	214684.XP_568784.1	4.61	1
3614564	214684.XP_572153.1	10.6	1
3612294	214684.XP_569883.1	4.22	1
3611947	214684.XP_569536.1	357	9
3612579	214684.XP_570168.1	500	52
3614627	214684.XP_572216.1	33.5	10
3612772	214684.XP_570361.1	48.7	9
3609024	214684.XP_566613.1	3.49	1
3611400	214684.XP_568989.1	21.1	3
3613320	214684.XP_570909.1	86.4	8
3613558	214684.XP_571147.1	19.5	2
3613967	214684.XP_571556.1	42.6	1
3612285	214684.XP_569874.1	51.3	2
3613535	214684.XP_571124.1	15.1	4
3614945	214684.XP_572534.1	131	39
3611255	214684.XP_568844.1	565	57
3614726	214684.XP_572315.1	114	9
3609448	214684.XP_567037.1	8.75	3
3610837	214684.XP_568426.1	53.5	6
3611844	214684.XP_569433.1	18.7	5
3612316	214684.XP_569905.1	2.87	1
3614727	214684.XP_572316.1	189	4
3612877	214684.XP_570466.1	23.4	2
3613444	214684.XP_571033.1	178	19
3611150	214684.XP_568739.1	47.0	1
3611997	214684.XP_569586.1	62.9	3
3609040	214684.XP_566629.1	4.54	1
3612211	214684.XP_569800.1	4.29	1
3611396	214684.XP_568985.1	28.3	1
3611065	214684.XP_568654.1	274	5
3613960	214684.XP_571549.1	7.1	2
3614297	214684.XP_571886.1	22.2	6
3610078	214684.XP_567667.1	9.3	5
3614130	214684.XP_571719.1	2.28	1
3608944	214684.XP_566533.1	114	9
3613368	214684.XP_570957.1	8.09	1
3609794	214684.XP_567383.1	514	23
3609789	214684.XP_567378.1	387	37
3613581	214684.XP_571170.1	6.52	1
3612283	214684.XP_569872.1	968	39
3610754	214684.XP_568343.1	15.1	1
3610373	214684.XP_567962.1	516	23
3610103	214684.XP_567692.1	232	48
3614331	214684.XP_571920.1	298	11
3609086	214684.XP_566675.1	187	26
3611823	214684.XP_569412.1	503	22
3611089	214684.XP_568678.1	152	9
3612590	214684.XP_570179.1	45.3	1
3613896	214684.XP_571485.1	61.2	12
3610335	214684.XP_567924.1	3.7	1
3614102	214684.XP_571691.1	886	41
3612140	214684.XP_569729.1	50.1	6
3610760	214684.XP_568349.1	5.54	1
3613177	214684.XP_570766.1	95.3	7
3614739	214684.XP_572328.1	98.2	40
3613082	214684.XP_570671.1	176	10
3611828	214684.XP_569417.1	92.9	4
3609270	214684.XP_566859.1	52.2	8
3609072	214684.XP_566661.1	113	11
3614154	214684.XP_571743.1	481	12
3614489	214684.XP_572078.1	163	4
3609039	214684.XP_566628.1	22.2	4
3609430	214684.XP_567019.1	9.28	1
3614022	214684.XP_571611.1	14.1	2
3611079	214684.XP_568668.1	11.6	2
3611173	214684.XP_568762.1	183	25
3612336	214684.XP_569925.1	5.94	1
3614020	214684.XP_571609.1	226	7
3611119	214684.XP_568708.1	23.5	2
3610747	214684.XP_568336.1	193	21
3613578	214684.XP_571167.1	13.7	2
3615237	214684.XP_572826.1	5.37	1
3611607	214684.XP_569196.1	30.2	1
3611919	214684.XP_569508.1	89.5	6
3613205	214684.XP_570794.1	128	15
3612884	214684.XP_570473.1	58.8	7
3612273	214684.XP_569862.1	130	3
3612544	214684.XP_570133.1	299	6
3610326	214684.XP_567915.1	253	11
3609397	214684.XP_566986.1	75.6	8
3611391	214684.XP_568980.1	35.2	2
3612718	214684.XP_570307.1	1191	115
3614131	214684.XP_571720.1	2.09	1
3611899	214684.XP_569488.1	31.9	7
3610469	214684.XP_568058.1	25.6	3
3612826	214684.XP_570415.1	31.7	6
3610109	214684.XP_567698.1	356	42
3614872	214684.XP_572461.1	64.4	8
3611328	214684.XP_568917.1	434	32
3611668	214684.XP_569257.1	11.6	1
3612667	214684.XP_570256.1	932	3
3609424	214684.XP_567013.1	4.76	1
3609135	214684.XP_566724.1	93.9	4
3611876	214684.XP_569465.1	23.9	1
3612631	214684.XP_570220.1	650	12
3610587	214684.XP_568176.1	219	15
3612759	214684.XP_570348.1	648	108
3614415	214684.XP_572004.1	7.47	1
3609681	214684.XP_567270.1	151	45
3610004	214684.XP_567593.1	91.2	12
3613874	214684.XP_571463.1	1.48	1
3609709	214684.XP_567298.1	370	71
3613883	214684.XP_571472.1	681	136
3611912	214684.XP_569501.1	86.9	15
3614091	214684.XP_571680.1	123	14
3610925	214684.XP_568514.1	3886	201
3613437	214684.XP_571026.1	777	71
3615148	214684.XP_572737.1	8.68	1
3615274	214684.XP_572863.1	120	6
3613354	214684.XP_570943.1	27.1	12
3609314	214684.XP_566903.1	16.3	3
3613759	214684.XP_571348.1	77.4	14
3611972	214684.XP_569561.1	7.09	2
3615077	214684.XP_572666.1	319	2
3609706	214684.XP_567295.1	28.1	5
3609618	214684.XP_567207.1	111	5
3613337	214684.XP_570926.1	366	39
3611543	214684.XP_569132.1	172	58
3609408	214684.XP_566997.1	374	8
3609769	214684.XP_567358.1	2.19	1
3615245	214684.XP_572834.1	1108	157
3614687	214684.XP_572276.1	3.46	1
3613802	214684.XP_571391.1	65.6	35
3609155	214684.XP_566744.1	21.0	3
3609819	214684.XP_567408.1	49.0	8
3611251	214684.XP_568840.1	6.14	2
3608983	214684.XP_566572.1	57.9	2
3609387	214684.XP_566976.1	53.0	17
3611918	214684.XP_569507.1	4.81	2
3615024	214684.XP_572613.1	81.1	7
3613741	214684.XP_571330.1	94.9	23
3612588	214684.XP_570177.1	3.46	1
3609818	214684.XP_567407.1	76.1	43
3614185	214684.XP_571774.1	4.14	1
3611920	214684.XP_569509.1	2109	671
3614038	214684.XP_571627.1	12567	843
3614497	214684.XP_572086.1	5559	340
3614082	214684.XP_571671.1	9.28	1
3611915	214684.XP_569504.1	922	8
3612460	214684.XP_570049.1	28.3	4
3610244	214684.XP_567833.1	5.35	1
3609686	214684.XP_567275.1	702	68
3610434	214684.XP_568023.1	26.1	6
3613679	214684.XP_571268.1	7.91	2
3612287	214684.XP_569876.1	94.3	7
3613836	214684.XP_571425.1	26.4	1
3612833	214684.XP_570422.1	23.4	4
3610235	214684.XP_567824.1	27.7	2
3610115	214684.XP_567704.1	1033	209
3610889	214684.XP_568478.1	25.6	7
3614943	214684.XP_572532.1	560	174
3609783	214684.XP_567372.1	210	23
3609537	214684.XP_567126.1	43.7	1
3610442	214684.XP_568031.1	2997	191
3612878	214684.XP_570467.1	19.3	4
3610207	214684.XP_567796.1	381	20
3611943	214684.XP_569532.1	70.7	9
3610821	214684.XP_568410.1	111	6
3612005	214684.XP_569594.1	14.4	5
3611170	214684.XP_568759.1	7.17	1
3611641	214684.XP_569230.1	1.67	1
3613178	214684.XP_570767.1	3.67	1
3610354	214684.XP_567943.1	2.06	1
3608945	214684.XP_566534.1	226	12
3613182	214684.XP_570771.1	244	41
3612830	214684.XP_570419.1	96.3	9
3614951	214684.XP_572540.1	8.18	7
3614698	214684.XP_572287.1	87.9	14
3612555	214684.XP_570144.1	123	22
3614906	214684.XP_572495.1	18.0	2
3615347	214684.XP_572936.1	170	20
3612338	214684.XP_569927.1	21.1	3
3610918	214684.XP_568507.1	124	5
3608984	214684.XP_566573.1	25.9	1
3614557	214684.XP_572146.1	61.9	5
3611578	214684.XP_569167.1	1000	34
3609682	214684.XP_567271.1	65.7	13
3608935	214684.XP_566524.1	386	55
3614014	214684.XP_571603.1	2.6	1
3611616	214684.XP_569205.1	25.9	4
3609030	214684.XP_566619.1	545	103
3608950	214684.XP_566539.1	137	17
3609367	214684.XP_566956.1	139	20
3613164	214684.XP_570753.1	7.69	6
3612219	214684.XP_569808.1	220	16
3610897	214684.XP_568486.1	20.6	15
3610457	214684.XP_568046.1	6.51	2
3614964	214684.XP_572553.1	122	11
3614789	214684.XP_572378.1	494	30
3612112	214684.XP_569701.1	196	23
3610855	214684.XP_568444.1	565	18
3614026	214684.XP_571615.1	53.7	1
3614754	214684.XP_572343.1	9.4	2
3610350	214684.XP_567939.1	19.4	3
3611458	214684.XP_569047.1	30.1	6
3609695	214684.XP_567284.1	833	22
3610132	214684.XP_567721.1	10.2	1
3610873	214684.XP_568462.1	11720	485
3610448	214684.XP_568037.1	31.0	5
3613940	214684.XP_571529.1	391	4
3613808	214684.XP_571397.1	3.74	1
3614325	214684.XP_571914.1	1155	60
3609236	214684.XP_566825.1	6.94	1
3612601	214684.XP_570190.1	202	23
3611778	214684.XP_569367.1	3.96	1
3609287	214684.XP_566876.1	61.2	11
3615418	214684.XP_573007.1	3.14	1
3613394	214684.XP_570983.1	5.49	1
3611562	214684.XP_569151.1	7.22	1
3611598	214684.XP_569187.1	163	28
3613906	214684.XP_571495.1	1443	118
3609778	214684.XP_567367.1	176	8
3613725	214684.XP_571314.1	356	16
3612011	214684.XP_569600.1	145	13
3614745	214684.XP_572334.1	105	23
3611510	214684.XP_569099.1	185	6
3611247	214684.XP_568836.1	9.78	2
3610565	214684.XP_568154.1	311	34
3614216	214684.XP_571805.1	297	33
3610575	214684.XP_568164.1	4.48	1
3613885	214684.XP_571474.1	45.3	1
3614225	214684.XP_571814.1	588	10
3610642	214684.XP_568231.1	11.4	2
3609451	214684.XP_567040.1	63.4	13
3609156	214684.XP_566745.1	59.4	25
3613690	214684.XP_571279.1	26.8	5
3609723	214684.XP_567312.1	69.5	16
3612685	214684.XP_570274.1	5.27	1
3612854	214684.XP_570443.1	158	26
3610075	214684.XP_567664.1	4.02	1
3611874	214684.XP_569463.1	60.5	9
3610033	214684.XP_567622.1	105	23
3614809	214684.XP_572398.1	96.4	2
3615042	214684.XP_572631.1	1362	237
3615116	214684.XP_572705.1	105	11
3614836	214684.XP_572425.1	1.77	1
3611613	214684.XP_569202.1	40.5	6
3610533	214684.XP_568122.1	5.77	1
3611468	214684.XP_569057.1	131	32
3614991	214684.XP_572580.1	66.4	3
3611327	214684.XP_568916.1	20.6	2
3611645	214684.XP_569234.1	37.7	9
3610694	214684.XP_568283.1	169	61
3610231	214684.XP_567820.1	71.6	13
3615018	214684.XP_572607.1	109	15
3614574	214684.XP_572163.1	9.88	1
3613518	214684.XP_571107.1	208	21
3609362	214684.XP_566951.1	2.07	1
3615069	214684.XP_572658.1	5.61	1
3611596	214684.XP_569185.1	521	28
3614114	214684.XP_571703.1	30.0	2
3611061	214684.XP_568650.1	11.9	4
3611559	214684.XP_569148.1	82.1	6
3612829	214684.XP_570418.1	131	32
3613386	214684.XP_570975.1	8.42	3
3613305	214684.XP_570894.1	19.7	4
3609550	214684.XP_567139.1	285	18
3612487	214684.XP_570076.1	108	18
3610151	214684.XP_567740.1	28.6	2
3612000	214684.XP_569589.1	113	15
3610693	214684.XP_568282.1	64.9	15
3615329	214684.XP_572918.1	745	59
3611373	214684.XP_568962.1	16.6	1
3613730	214684.XP_571319.1	57.6	3
3611854	214684.XP_569443.1	3.95	1
3612806	214684.XP_570395.1	80.7	18
3608849	214684.XP_566438.1	3.15	1
3613592	214684.XP_571181.1	5.66	1
3609573	214684.XP_567162.1	104	13
3609168	214684.XP_566757.1	1317	206
3614327	214684.XP_571916.1	4.29	1
3609129	214684.XP_566718.1	203	10
3611169	214684.XP_568758.1	4.03	1
3611657	214684.XP_569246.1	65.5	17
3615312	214684.XP_572901.1	535	77
3613713	214684.XP_571302.1	27.9	9
3609125	214684.XP_566714.1	309	21
3612841	214684.XP_570430.1	45.1	7
3614899	214684.XP_572488.1	49.9	7
3612654	214684.XP_570243.1	1204	115
3614276	214684.XP_571865.1	40.4	4
3613708	214684.XP_571297.1	5.84	2
3610196	214684.XP_567785.1	77.3	2
3609544	214684.XP_567133.1	4.87	1
3609939	214684.XP_567528.1	10.5	3
3612694	214684.XP_570283.1	7.81	1
3612232	214684.XP_569821.1	51.7	6
3611944	214684.XP_569533.1	23.1	3
3612563	214684.XP_570152.1	22.8	4
3615165	214684.XP_572754.1	92.6	20
3614653	214684.XP_572242.1	48.3	5
3612130	214684.XP_569719.1	38.9	4
3615339	214684.XP_572928.1	34.9	3
3612952	214684.XP_570541.1	7.09	1
3611294	214684.XP_568883.1	304	34
3608955	214684.XP_566544.1	13.8	1
3614728	214684.XP_572317.1	191	27
3612927	214684.XP_570516.1	1.39	1
3615143	214684.XP_572732.1	15.8	2
3613796	214684.XP_571385.1	6.53	2
3614418	214684.XP_572007.1	26.5	5
3611252	214684.XP_568841.1	422	122
3612972	214684.XP_570561.1	181	8
3611689	214684.XP_569278.1	9254	210
3611172	214684.XP_568761.1	219	8
3610789	214684.XP_568378.1	26.9	2
3610261	214684.XP_567850.1	25.4	10
3611282	214684.XP_568871.1	26.6	2
3609755	214684.XP_567344.1	54.0	21
3610190	214684.XP_567779.1	85.1	6
3610577	214684.XP_568166.1	470	68
3609714	214684.XP_567303.1	155	11
3610843	214684.XP_568432.1	190	17
3611431	214684.XP_569020.1	51.8	2
3612835	214684.XP_570424.1	7.53	1
3610980	214684.XP_568569.1	7.84	1
3611627	214684.XP_569216.1	274	53
3611704	214684.XP_569293.1	251	12
3614725	214684.XP_572314.1	1059	63
3609317	214684.XP_566906.1	19.1	8
3611931	214684.XP_569520.1	148	19
3612499	214684.XP_570088.1	7.04	1
3609398	214684.XP_566987.1	3.42	2
3611934	214684.XP_569523.1	10.1	1
3609318	214684.XP_566907.1	22.2	5
3611541	214684.XP_569130.1	159	11
3611182	214684.XP_568771.1	9418	1152
3611470	214684.XP_569059.1	4.94	1
3608889	214684.XP_566478.1	2411	205
3612361	214684.XP_569950.1	83.5	19
3614903	214684.XP_572492.1	51.9	18
3613183	214684.XP_570772.1	49.5	2
3610492	214684.XP_568081.1	28.6	4
3614781	214684.XP_572370.1	5.69	1
3612016	214684.XP_569605.1	557	44
3614976	214684.XP_572565.1	33.4	1
3614311	214684.XP_571900.1	84.9	6
3611815	214684.XP_569404.1	819	22
3614136	214684.XP_571725.1	3.13	1
3609856	214684.XP_567445.1	18.1	3
3612687	214684.XP_570276.1	89.3	9
3611810	214684.XP_569399.1	8.84	1
3614115	214684.XP_571704.1	54.9	1
3612960	214684.XP_570549.1	3333	525
3613800	214684.XP_571389.1	26.7	14
3614125	214684.XP_571714.1	17.4	2
3609753	214684.XP_567342.1	4.42	2
3609799	214684.XP_567388.1	3.35	1
3609298	214684.XP_566887.1	1485	155
3609603	214684.XP_567192.1	17.0	1
3613398	214684.XP_570987.1	6.18	1
3612102	214684.XP_569691.1	15.5	4
3615278	214684.XP_572867.1	342	115
3608894	214684.XP_566483.1	243	20
3614197	214684.XP_571786.1	68.5	11
3612167	214684.XP_569756.1	555	143
3612018	214684.XP_569607.1	138	12
3608846	214684.XP_566435.1	250	31
3609902	214684.XP_567491.1	142	4
3613340	214684.XP_570929.1	197	25
3609402	214684.XP_566991.1	281	7
3608875	214684.XP_566464.1	9.11	3
3612613	214684.XP_570202.1	15.5	2
3612145	214684.XP_569734.1	2061	235
3610982	214684.XP_568571.1	44.8	12
3609303	214684.XP_566892.1	317	10
3614307	214684.XP_571896.1	51.9	7
3609518	214684.XP_567107.1	11402	49
3609159	214684.XP_566748.1	393	65
3614083	214684.XP_571672.1	61.7	10
3615285	214684.XP_572874.1	95.6	18
3610321	214684.XP_567910.1	20474	2586
3613319	214684.XP_570908.1	21.8	1
3610455	214684.XP_568044.1	6.51	2
3614637	214684.XP_572226.1	28.4	6
3614106	214684.XP_571695.1	96.4	6
3612281	214684.XP_569870.1	22.5	3
3611973	214684.XP_569562.1	34.6	2
3612620	214684.XP_570209.1	197	15
3610464	214684.XP_568053.1	2.35	1
3614511	214684.XP_572100.1	10.9	2
3613085	214684.XP_570674.1	51.9	4
3614881	214684.XP_572470.1	114	9
3609324	214684.XP_566913.1	915	15
3609055	214684.XP_566644.1	67.4	14
3612078	214684.XP_569667.1	2877	58
3609116	214684.XP_566705.1	102	5
3612617	214684.XP_570206.1	123	51
3613374	214684.XP_570963.1	736	29
3611929	214684.XP_569518.1	74.4	13
3610124	214684.XP_567713.1	34.2	3
3614173	214684.XP_571762.1	6.1	1
3613146	214684.XP_570735.1	183	17
3613727	214684.XP_571316.1	56.0	43
3613827	214684.XP_571416.1	22.8	1
3613756	214684.XP_571345.1	71.5	8
3611295	214684.XP_568884.1	606	24
3610441	214684.XP_568030.1	497	64
3614952	214684.XP_572541.1	2.22	1
3611005	214684.XP_568594.1	12.3	1
3611712	214684.XP_569301.1	30.1	5
3609910	214684.XP_567499.1	110	8
3615252	214684.XP_572841.1	5.8	2
3610946	214684.XP_568535.1	9.03	1
3610615	214684.XP_568204.1	66.4	3
3609090	214684.XP_566679.1	5.26	1
3612827	214684.XP_570416.1	271	16
3614860	214684.XP_572449.1	21.3	1
3610842	214684.XP_568431.1	4975	214
3611644	214684.XP_569233.1	37.7	9
3613043	214684.XP_570632.1	4.03	1
3611477	214684.XP_569066.1	542	7
3613165	214684.XP_570754.1	7.7	6
3609162	214684.XP_566751.1	2247	362
3613778	214684.XP_571367.1	6971	73
3610725	214684.XP_568314.1	247	25
3610118	214684.XP_567707.1	283	41
3611363	214684.XP_568952.1	68.6	7
3610822	214684.XP_568411.1	15.0	1
3611544	214684.XP_569133.1	172	58
3614283	214684.XP_571872.1	9.16	9
3612210	214684.XP_569799.1	341	12
3611086	214684.XP_568675.1	401	20
3613307	214684.XP_570896.1	3.01	1
3613634	214684.XP_571223.1	684	67
3613345	214684.XP_570934.1	2017	83
3611762	214684.XP_569351.1	63.8	5
3612705	214684.XP_570294.1	66.2	5
3613560	214684.XP_571149.1	33.9	11
3614119	214684.XP_571708.1	7.4	2
3610122	214684.XP_567711.1	144	33
3612559	214684.XP_570148.1	30.8	4
3613974	214684.XP_571563.1	99.1	2
3610342	214684.XP_567931.1	2.59	1
3615313	214684.XP_572902.1	19.3	3
3610523	214684.XP_568112.1	26.8	1
3610808	214684.XP_568397.1	10.5	4
3612569	214684.XP_570158.1	9.01	2
3611166	214684.XP_568755.1	27.4	2
3615022	214684.XP_572611.1	15.4	1
3611178	214684.XP_568767.1	47.3	27
3609392	214684.XP_566981.1	78.1	5
3614108	214684.XP_571697.1	1198	160
3612392	214684.XP_569981.1	3.78	1
3609119	214684.XP_566708.1	113	12
3612914	214684.XP_570503.1	210	15
3612050	214684.XP_569639.1	174	12
3610753	214684.XP_568342.1	162	8
3610732	214684.XP_568321.1	47.7	3
3610985	214684.XP_568574.1	17.0	2
3611708	214684.XP_569297.1	153	11
3614787	214684.XP_572376.1	9.9	1
3610953	214684.XP_568542.1	1.7	1
3611814	214684.XP_569403.1	789	22
3614814	214684.XP_572403.1	14.1	1
3613021	214684.XP_570610.1	2198	71
3611928	214684.XP_569517.1	79.9	11
3609217	214684.XP_566806.1	4424	70
3614358	214684.XP_571947.1	1391	401
3614865	214684.XP_572454.1	5.67	1
3610010	214684.XP_567599.1	19.9	1
3614917	214684.XP_572506.1	20.6	4
3612296	214684.XP_569885.1	12140	1085
3611857	214684.XP_569446.1	411	30
3613451	214684.XP_571040.1	411	19
3612059	214684.XP_569648.1	458	19
3614934	214684.XP_572523.1	83.6	8
3614412	214684.XP_572001.1	126	3
3612311	214684.XP_569900.1	133	27
3609379	214684.XP_566968.1	65.5	5
3612416	214684.XP_570005.1	38.4	9
3610817	214684.XP_568406.1	24.2	2
3610618	214684.XP_568207.1	8.24	1
3612391	214684.XP_569980.1	6924	318
3614414	214684.XP_572003.1	4258	554
3610140	214684.XP_567729.1	14.2	3
3612065	214684.XP_569654.1	93.2	10
3611675	214684.XP_569264.1	82.4	22
3609708	214684.XP_567297.1	1541	151
3612547	214684.XP_570136.1	42.1	4
3609499	214684.XP_567088.1	3.05	1
3610070	214684.XP_567659.1	3548	117
3612600	214684.XP_570189.1	410	46
3613229	214684.XP_570818.1	190	17
3612061	214684.XP_569650.1	521	54
3610569	214684.XP_568158.1	413	173
3610894	214684.XP_568483.1	20.6	15
3613197	214684.XP_570786.1	33.9	3
3611523	214684.XP_569112.1	9.3	2
3612763	214684.XP_570352.1	14.7	1
3615225	214684.XP_572814.1	9.18	1
3614430	214684.XP_572019.1	4.79	1
3610713	214684.XP_568302.1	72.0	5
3614499	214684.XP_572088.1	1930	76
3614341	214684.XP_571930.1	27.5	12
3615385	214684.XP_572974.1	10.9	2
3612958	214684.XP_570547.1	7.11	1
3611532	214684.XP_569121.1	98.6	3
3611242	214684.XP_568831.1	32.5	8
3608957	214684.XP_566546.1	1187	61
3609195	214684.XP_566784.1	12.6	1
3614456	214684.XP_572045.1	353	55
3611353	214684.XP_568942.1	31.8	1
3608859	214684.XP_566448.1	2.09	1
3611740	214684.XP_569329.1	486	8
3609890	214684.XP_567479.1	30.1	5
3614228	214684.XP_571817.1	48.0	12
3614214	214684.XP_571803.1	5.74	1
3613023	214684.XP_570612.1	32.0	2
3612388	214684.XP_569977.1	69846	2652
3612518	214684.XP_570107.1	8.83	2
3615334	214684.XP_572923.1	16.1	1
3612034	214684.XP_569623.1	59.9	12
3613014	214684.XP_570603.1	101	5
3612272	214684.XP_569861.1	96.4	8
3609694	214684.XP_567283.1	126	10
3609363	214684.XP_566952.1	2.3	1
3611671	214684.XP_569260.1	118	22
3611574	214684.XP_569163.1	26.8	9
3614143	214684.XP_571732.1	73.9	13
3614446	214684.XP_572035.1	75.5	6
3608920	214684.XP_566509.1	529	66
3614002	214684.XP_571591.1	64.9	8
3614806	214684.XP_572395.1	128	9
3612677	214684.XP_570266.1	5.4	1
3609179	214684.XP_566768.1	355	81
3608904	214684.XP_566493.1	10.8	3
3614018	214684.XP_571607.1	182	10
3613356	214684.XP_570945.1	10.3	3
3610516	214684.XP_568105.1	2.8	1
3613019	214684.XP_570608.1	13.8	2
3611829	214684.XP_569418.1	170	23
3612268	214684.XP_569857.1	2480	296
3614315	214684.XP_571904.1	15.6	1
3615039	214684.XP_572628.1	274	9
3613524	214684.XP_571113.1	296	59
3610187	214684.XP_567776.1	2474	645
3611728	214684.XP_569317.1	9.98	1
3609961	214684.XP_567550.1	25.9	2
3611794	214684.XP_569383.1	10.1	3
3610362	214684.XP_567951.1	3648	282
3611891	214684.XP_569480.1	14.3	2
3613362	214684.XP_570951.1	66.3	4
3610408	214684.XP_567997.1	211	22
3612070	214684.XP_569659.1	105	19
3615290	214684.XP_572879.1	1837	44
3609737	214684.XP_567326.1	4.42	1
3609950	214684.XP_567539.1	9.65	1
3612626	214684.XP_570215.1	5.09	2
3613180	214684.XP_570769.1	28.5	2
3611840	214684.XP_569429.1	49.6	2
3614831	214684.XP_572420.1	514	69
3611063	214684.XP_568652.1	1455	560
3611275	214684.XP_568864.1	480	8
3613203	214684.XP_570792.1	141	6
3609602	214684.XP_567191.1	41.9	7
3614364	214684.XP_571953.1	5.7	1
3612611	214684.XP_570200.1	63.5	8
3609443	214684.XP_567032.1	30.5	4
3613965	214684.XP_571554.1	122	31
3614352	214684.XP_571941.1	3.86	2
3611382	214684.XP_568971.1	4.55	1
3609815	214684.XP_567404.1	63.9	5
3613718	214684.XP_571307.1	14.1	1
3614447	214684.XP_572036.1	30.5	5
3610655	214684.XP_568244.1	696	44
3612777	214684.XP_570366.1	463	25
3613113	214684.XP_570702.1	33.0	5
3615122	214684.XP_572711.1	1415	29
3610690	214684.XP_568279.1	65.9	4
3614089	214684.XP_571678.1	673	27
3613804	214684.XP_571393.1	65.6	35
3614021	214684.XP_571610.1	3.06	1
3615231	214684.XP_572820.1	30.3	2
3610431	214684.XP_568020.1	323	13
3612765	214684.XP_570354.1	72.3	5
3612790	214684.XP_570379.1	267	96
3612069	214684.XP_569658.1	408	68
3611133	214684.XP_568722.1	106	2
3613779	214684.XP_571368.1	36.2	1
3609449	214684.XP_567038.1	8.85	3
3612350	214684.XP_569939.1	19.4	1
3611650	214684.XP_569239.1	177	19
3612176	214684.XP_569765.1	5.51	1
3614424	214684.XP_572013.1	675	58
3614032	214684.XP_571621.1	15.7	2
3610819	214684.XP_568408.1	5.0	1
3610392	214684.XP_567981.1	1.75	1
3612100	214684.XP_569689.1	202	18
3615084	214684.XP_572673.1	373	31
3615341	214684.XP_572930.1	10.4	2
3613171	214684.XP_570760.1	10.2	2
3608974	214684.XP_566563.1	145	49
3611088	214684.XP_568677.1	105	12
3608887	214684.XP_566476.1	6.13	1
3613910	214684.XP_571499.1	388	10
3611442	214684.XP_569031.1	136	16
3611264	214684.XP_568853.1	62.9	8
3614918	214684.XP_572507.1	95.7	27
3612719	214684.XP_570308.1	20.5	2
3611117	214684.XP_568706.1	2.08	1
3613091	214684.XP_570680.1	159	21
3610599	214684.XP_568188.1	103	1
3612928	214684.XP_570517.1	81.6	5
3612864	214684.XP_570453.1	50.4	11
3609005	214684.XP_566594.1	35.6	4
3611205	214684.XP_568794.1	12.5	2
3612933	214684.XP_570522.1	430	27
3615019	214684.XP_572608.1	26.0	2
3611354	214684.XP_568943.1	479	32
