#id: 111
#name: C.neoformans - Whole organism, Planktonic, SC (Santi,J_Proteome_Res,2014)
#score: 3.52
#weight: 100%
#description: abundance based on Spectral counting, planktonic, from<a href="http://pubs.acs.org/doi/abs/10.1021/pr401075f" target="_blank">Santi,J_Proteome_Res,2014</a><br/><b>Interaction consistency score</b>: 3.52&nbsp<b>Coverage</b>: 34
#organ: WHOLE_ORGANISM
#integrated: false
#coverage: 34
#publication_year: 2014
#filename: 214684-Cryptococcus_planktonic_Santi_2014.txt
#
#internal_id	string_external_id	abundance	raw_spectral_count
3610484	214684.XP_568073.1	11.2	6
3611960	214684.XP_569549.1	14.5	4
3613898	214684.XP_571487.1	5.11	2
3613580	214684.XP_571169.1	13.6	2
3611428	214684.XP_569017.1	127	11
3609130	214684.XP_566719.1	429	117
3613529	214684.XP_571118.1	1105	70
3615371	214684.XP_572960.1	10.4	1
3614946	214684.XP_572535.1	1.4	1
3615372	214684.XP_572961.1	5.93	1
3613020	214684.XP_570609.1	259	14
3609877	214684.XP_567466.1	1.16	1
3611283	214684.XP_568872.1	2.66	1
3609343	214684.XP_566932.1	162	38
3612797	214684.XP_570386.1	128	23
3615185	214684.XP_572774.1	12.0	3
3615091	214684.XP_572680.1	74.9	16
3609623	214684.XP_567212.1	10.3	7
3614024	214684.XP_571613.1	938	234
3615108	214684.XP_572697.1	5.79	1
3608987	214684.XP_566576.1	5.48	1
3610002	214684.XP_567591.1	220	21
3609321	214684.XP_566910.1	114	53
3614944	214684.XP_572533.1	6194	3397
3610981	214684.XP_568570.1	687	243
3612166	214684.XP_569755.1	309	187
3614407	214684.XP_571996.1	28.0	9
3610226	214684.XP_567815.1	63.7	5
3614904	214684.XP_572493.1	12.5	10
3613364	214684.XP_570953.1	137	44
3610495	214684.XP_568084.1	65.3	14
3614169	214684.XP_571758.1	9.21	4
3613822	214684.XP_571411.1	12.9	3
3614168	214684.XP_571757.1	24.4	3
3610246	214684.XP_567835.1	2061	493
3609137	214684.XP_566726.1	3.2	1
3613357	214684.XP_570946.1	68.0	23
3612087	214684.XP_569676.1	20.3	4
3614353	214684.XP_571942.1	19.5	1
3611079	214684.XP_568668.1	51.7	10
3610250	214684.XP_567839.1	2.58	1
3614391	214684.XP_571980.1	2140	32
3611889	214684.XP_569478.1	22.6	7
3614706	214684.XP_572295.1	15.1	1
3610317	214684.XP_567906.1	1.89	1
3613797	214684.XP_571386.1	4.06	1
3610658	214684.XP_568247.1	6.12	1
3611062	214684.XP_568651.1	264	171
3614570	214684.XP_572159.1	3.69	1
3608889	214684.XP_566478.1	1209	146
3611793	214684.XP_569382.1	31.7	14
3612564	214684.XP_570153.1	361	40
3613968	214684.XP_571557.1	2.21	1
3611032	214684.XP_568621.1	24.4	1
3612793	214684.XP_570382.1	4.53	1
3612680	214684.XP_570269.1	10.6	4
3614877	214684.XP_572466.1	104	19
3615385	214684.XP_572974.1	16.3	5
3611693	214684.XP_569282.1	252	7
3613950	214684.XP_571539.1	3675	121
3615229	214684.XP_572818.1	31.9	3
3611119	214684.XP_568708.1	95.9	10
3613618	214684.XP_571207.1	491	36
3609827	214684.XP_567416.1	1695	178
3614203	214684.XP_571792.1	3.62	1
3611147	214684.XP_568736.1	38.4	9
3608941	214684.XP_566530.1	535	15
3611914	214684.XP_569503.1	1.34	4
3612806	214684.XP_570395.1	3.41	2
3614740	214684.XP_572329.1	44.8	29
3611701	214684.XP_569290.1	49.7	6
3614508	214684.XP_572097.1	63.0	12
3609046	214684.XP_566635.1	220	9
3612871	214684.XP_570460.1	85.0	22
3613471	214684.XP_571060.1	7.59	2
3612602	214684.XP_570191.1	12.8	2
3609466	214684.XP_567055.1	53.7	15
3609478	214684.XP_567067.1	357	74
3611518	214684.XP_569107.1	104	8
3615284	214684.XP_572873.1	15.4	7
3610560	214684.XP_568149.1	16.1	5
3608986	214684.XP_566575.1	5.29	1
3610294	214684.XP_567883.1	18.6	5
3610029	214684.XP_567618.1	9.5	2
3608929	214684.XP_566518.1	123	32
3613189	214684.XP_570778.1	1.58	1
3611492	214684.XP_569081.1	295	51
3613298	214684.XP_570887.1	284	11
3613302	214684.XP_570891.1	3.52	1
3613806	214684.XP_571395.1	7.42	1
3614617	214684.XP_572206.1	421	28
3609157	214684.XP_566746.1	9.2	7
3611190	214684.XP_568779.1	55.4	16
3609892	214684.XP_567481.1	53.1	6
3611395	214684.XP_568984.1	24.3	6
3611825	214684.XP_569414.1	16.9	4
3613271	214684.XP_570860.1	369	147
3613008	214684.XP_570597.1	53.4	4
3614542	214684.XP_572131.1	1599	611
3614494	214684.XP_572083.1	7.55	2
3611486	214684.XP_569075.1	9.25	3
3613564	214684.XP_571153.1	128	29
3611820	214684.XP_569409.1	536	19
3610297	214684.XP_567886.1	2.62	1
3609627	214684.XP_567216.1	5.87	1
3614752	214684.XP_572341.1	124	13
3611771	214684.XP_569360.1	16.7	5
3612627	214684.XP_570216.1	5.86	4
3612022	214684.XP_569611.1	108	82
3609208	214684.XP_566797.1	57.2	15
3613417	214684.XP_571006.1	40.4	13
3615281	214684.XP_572870.1	275	136
3609884	214684.XP_567473.1	64.5	11
3611568	214684.XP_569157.1	274	9
3612531	214684.XP_570120.1	1.91	2
3613485	214684.XP_571074.1	78.5	23
3609795	214684.XP_567384.1	1.61	1
3613914	214684.XP_571503.1	22.8	14
3615208	214684.XP_572797.1	737	57
3614427	214684.XP_572016.1	3375	394
3611529	214684.XP_569118.1	79.5	33
3610353	214684.XP_567942.1	3.73	4
3610314	214684.XP_567903.1	73.9	9
3613549	214684.XP_571138.1	17.2	5
3609640	214684.XP_567229.1	3.79	1
3613275	214684.XP_570864.1	9.18	1
3610319	214684.XP_567908.1	1.89	1
3610016	214684.XP_567605.1	6.16	3
3611949	214684.XP_569538.1	289	55
3610125	214684.XP_567714.1	8.98	5
3611469	214684.XP_569058.1	1.29	1
3614295	214684.XP_571884.1	4.15	2
3611253	214684.XP_568842.1	12.3	3
3611415	214684.XP_569004.1	4990	386
3611463	214684.XP_569052.1	63.6	18
3609737	214684.XP_567326.1	2.98	1
3609511	214684.XP_567100.1	57.9	5
3614913	214684.XP_572502.1	11.0	3
3612348	214684.XP_569937.1	44.7	20
3609187	214684.XP_566776.1	55.0	19
3610862	214684.XP_568451.1	6195	1273
3612951	214684.XP_570540.1	1640	78
3609203	214684.XP_566792.1	2.64	2
3611915	214684.XP_569504.1	1092	13
3610262	214684.XP_567851.1	21.1	16
3613252	214684.XP_570841.1	67.1	39
3612671	214684.XP_570260.1	651	36
3610222	214684.XP_567811.1	7.48	3
3615181	214684.XP_572770.1	27.5	4
3612138	214684.XP_569727.1	88.5	6
3615240	214684.XP_572829.1	24.9	11
3609271	214684.XP_566860.1	284	19
3608871	214684.XP_566460.1	2813	151
3610347	214684.XP_567936.1	1.4	1
3610402	214684.XP_567991.1	4.95	2
3610522	214684.XP_568111.1	13.1	3
3614828	214684.XP_572417.1	128	23
3611560	214684.XP_569149.1	255	47
3609002	214684.XP_566591.1	16.9	3
3609858	214684.XP_567447.1	140	21
3614366	214684.XP_571955.1	6.19	2
3615342	214684.XP_572931.1	57.2	17
3610807	214684.XP_568396.1	8.95	5
3610068	214684.XP_567657.1	73.0	18
3609575	214684.XP_567164.1	148	34
3612026	214684.XP_569615.1	2.8	2
3614383	214684.XP_571972.1	26.4	5
3611705	214684.XP_569294.1	11709	210
3613040	214684.XP_570629.1	215	34
3612174	214684.XP_569763.1	310	11
3614210	214684.XP_571799.1	6.48	1
3614751	214684.XP_572340.1	3.06	1
3614543	214684.XP_572132.1	24.0	2
3612240	214684.XP_569829.1	24.9	2
3609904	214684.XP_567493.1	41.3	23
3608973	214684.XP_566562.1	429	255
3609936	214684.XP_567525.1	63.6	43
3613285	214684.XP_570874.1	328	45
3613830	214684.XP_571419.1	177	31
3611538	214684.XP_569127.1	12.1	13
3613160	214684.XP_570749.1	4.95	2
3614980	214684.XP_572569.1	2.28	1
3612013	214684.XP_569602.1	15.6	7
3612023	214684.XP_569612.1	388	37
3614744	214684.XP_572333.1	3.54	2
3613811	214684.XP_571400.1	6.85	1
3613717	214684.XP_571306.1	6.8	1
3609799	214684.XP_567388.1	1.85	1
3610372	214684.XP_567961.1	29.4	3
3611985	214684.XP_569574.1	10.9	2
3611480	214684.XP_569069.1	48.0	4
3613375	214684.XP_570964.1	1.19	1
3615291	214684.XP_572880.1	758	148
3612172	214684.XP_569761.1	1.66	1
3610462	214684.XP_568051.1	39.1	5
3611361	214684.XP_568950.1	76.8	3
3612914	214684.XP_570503.1	216	23
3615103	214684.XP_572692.1	19.9	2
3611310	214684.XP_568899.1	10.9	4
3609032	214684.XP_566621.1	102	41
3612720	214684.XP_570309.1	3.67	1
3612021	214684.XP_569610.1	110	82
3615088	214684.XP_572677.1	6.93	1
3611081	214684.XP_568670.1	3.66	3
3614008	214684.XP_571597.1	244	16
3613352	214684.XP_570941.1	68.4	16
3612608	214684.XP_570197.1	2.4	1
3613378	214684.XP_570967.1	9.21	3
3608849	214684.XP_566438.1	5.11	3
3610233	214684.XP_567822.1	18.0	4
3610709	214684.XP_568298.1	71.7	7
3610466	214684.XP_568055.1	94.0	4
3609380	214684.XP_566969.1	16.5	6
3614848	214684.XP_572437.1	3.6	2
3614918	214684.XP_572507.1	52.0	26
3610345	214684.XP_567934.1	6194	3397
3609546	214684.XP_567135.1	276	52
3610702	214684.XP_568291.1	3.55	3
3610577	214684.XP_568166.1	623	140
3612207	214684.XP_569796.1	146	17
3613573	214684.XP_571162.1	31.7	4
3611777	214684.XP_569366.1	575	3
3612854	214684.XP_570443.1	61.7	19
3611115	214684.XP_568704.1	1.77	1
3614047	214684.XP_571636.1	9.2	1
3612018	214684.XP_569607.1	139	19
3614527	214684.XP_572116.1	4.42	3
3613177	214684.XP_570766.1	58.3	7
3612803	214684.XP_570392.1	6.23	1
3609675	214684.XP_567264.1	162	9
3610831	214684.XP_568420.1	431	32
3608894	214684.XP_566483.1	86.2	12
3612744	214684.XP_570333.1	98.4	5
3609118	214684.XP_566707.1	89.4	49
3610469	214684.XP_568058.1	17.8	3
3611339	214684.XP_568928.1	3.39	4
3611608	214684.XP_569197.1	9.72	2
3609258	214684.XP_566847.1	17.7	5
3609607	214684.XP_567196.1	137	11
3614826	214684.XP_572415.1	17.0	4
3613786	214684.XP_571375.1	17.8	5
3614585	214684.XP_572174.1	509	194
3613092	214684.XP_570681.1	3.42	1
3611567	214684.XP_569156.1	1.73	1
3610607	214684.XP_568196.1	9.88	2
3615041	214684.XP_572630.1	2.56	1
3612513	214684.XP_570102.1	11.7	6
3612642	214684.XP_570231.1	77.6	6
3612822	214684.XP_570411.1	6.4	2
3613247	214684.XP_570836.1	63.8	11
3612826	214684.XP_570415.1	9.71	3
3611048	214684.XP_568637.1	33.6	9
3611278	214684.XP_568867.1	51.5	29
3615286	214684.XP_572875.1	43.5	16
3612041	214684.XP_569630.1	37.5	11
3610884	214684.XP_568473.1	1.47	1
3611609	214684.XP_569198.1	3.62	1
3612303	214684.XP_569892.1	21.7	7
3612755	214684.XP_570344.1	17.1	5
3610192	214684.XP_567781.1	722	74
3612260	214684.XP_569849.1	11.2	3
3611594	214684.XP_569183.1	198	107
3609314	214684.XP_566903.1	3.57	1
3613078	214684.XP_570667.1	12.3	1
3612848	214684.XP_570437.1	6.57	4
3615121	214684.XP_572710.1	129	62
3611097	214684.XP_568686.1	2.72	2
3614813	214684.XP_572402.1	24.4	4
3612006	214684.XP_569595.1	16.2	7
3614456	214684.XP_572045.1	88.4	27
3611826	214684.XP_569415.1	889	40
3610704	214684.XP_568293.1	8.69	4
3613465	214684.XP_571054.1	1351	345
3612667	214684.XP_570256.1	858	4
3615300	214684.XP_572889.1	3.62	1
3610969	214684.XP_568558.1	130	30
3615164	214684.XP_572753.1	44.1	17
3615128	214684.XP_572717.1	900	35
3610548	214684.XP_568137.1	5.32	2
3615010	214684.XP_572599.1	3.89	1
3614164	214684.XP_571753.1	1.58	1
3612409	214684.XP_569998.1	11.6	3
3609738	214684.XP_567327.1	102	16
3610946	214684.XP_568535.1	3.69	1
3609600	214684.XP_567189.1	11.9	2
3611876	214684.XP_569465.1	713	30
3609126	214684.XP_566715.1	5.58	3
3610911	214684.XP_568500.1	0.85	1
3610206	214684.XP_567795.1	55.6	11
3611499	214684.XP_569088.1	88.3	5
3615090	214684.XP_572679.1	7.4	1
3614422	214684.XP_572011.1	6.39	2
3615115	214684.XP_572704.1	4.56	1
3613315	214684.XP_570904.1	52.7	5
3614174	214684.XP_571763.1	11.4	2
3610685	214684.XP_568274.1	1.66	1
3614195	214684.XP_571784.1	3.52	2
3612684	214684.XP_570273.1	10.9	1
3610784	214684.XP_568373.1	10.8	2
3610951	214684.XP_568540.1	45.0	4
3610816	214684.XP_568405.1	1047	115
3613220	214684.XP_570809.1	60.2	5
3609734	214684.XP_567323.1	31.1	7
3615201	214684.XP_572790.1	3.84	1
3612661	214684.XP_570250.1	5.49	1
3613813	214684.XP_571402.1	4.59	1
3612935	214684.XP_570524.1	4.77	1
3609856	214684.XP_567445.1	45.4	13
3611809	214684.XP_569398.1	6.04	4
3610982	214684.XP_568571.1	24.9	10
3613853	214684.XP_571442.1	135	33
3614703	214684.XP_572292.1	2.03	1
3613213	214684.XP_570802.1	8.86	10
3611537	214684.XP_569126.1	13.6	3
3614591	214684.XP_572180.1	136	4
3611269	214684.XP_568858.1	77.5	42
3610708	214684.XP_568297.1	9.72	1
3610547	214684.XP_568136.1	6.09	2
3609681	214684.XP_567270.1	32.8	17
3615126	214684.XP_572715.1	3.82	1
3611194	214684.XP_568783.1	2.23	1
3614316	214684.XP_571905.1	22.0	6
3612541	214684.XP_570130.1	14.7	3
3612297	214684.XP_569886.1	433	28
3611354	214684.XP_568943.1	72.7	10
3614196	214684.XP_571785.1	4.12	2
3613570	214684.XP_571159.1	2030	78
3611380	214684.XP_568969.1	5.91	1
3612418	214684.XP_570007.1	1.98	1
3608949	214684.XP_566538.1	2.57	1
3612846	214684.XP_570435.1	146	9
3611896	214684.XP_569485.1	38.3	11
3612635	214684.XP_570224.1	13.3	2
3608887	214684.XP_566476.1	36.7	8
3610450	214684.XP_568039.1	24.1	8
3614363	214684.XP_571952.1	121	5
3609052	214684.XP_566641.1	94.6	10
3614743	214684.XP_572332.1	3.24	1
3609295	214684.XP_566884.1	10.3	2
3609109	214684.XP_566698.1	97.8	11
3613774	214684.XP_571363.1	90.8	42
3609881	214684.XP_567470.1	71.4	20
3611995	214684.XP_569584.1	35.6	14
3610020	214684.XP_567609.1	2.0	1
3611671	214684.XP_569260.1	22.8	9
3613011	214684.XP_570600.1	3.07	2
3610320	214684.XP_567909.1	1.89	1
3608977	214684.XP_566566.1	15.1	2
3612325	214684.XP_569914.1	18.5	6
3609810	214684.XP_567399.1	2.34	1
3613258	214684.XP_570847.1	53.0	15
3614632	214684.XP_572221.1	9.33	2
3614017	214684.XP_571606.1	8.63	2
3611429	214684.XP_569018.1	1.88	1
3609189	214684.XP_566778.1	3.02	1
3610137	214684.XP_567726.1	50.7	18
3614282	214684.XP_571871.1	301	35
3613210	214684.XP_570799.1	35.8	7
3609518	214684.XP_567107.1	1988	17
3612652	214684.XP_570241.1	5.13	1
3609509	214684.XP_567098.1	5.45	3
3611068	214684.XP_568657.1	4.2	2
3608928	214684.XP_566517.1	3.05	2
3611573	214684.XP_569162.1	2138	56
3613301	214684.XP_570890.1	50.1	22
3614802	214684.XP_572391.1	20.5	3
3612113	214684.XP_569702.1	592	54
3610971	214684.XP_568560.1	82.9	13
3610942	214684.XP_568531.1	2010	134
3611964	214684.XP_569553.1	67.4	12
3612819	214684.XP_570408.1	277	36
3613543	214684.XP_571132.1	56.6	4
3613296	214684.XP_570885.1	1408	50
3614462	214684.XP_572051.1	13.0	2
3612238	214684.XP_569827.1	6045	151
3609214	214684.XP_566803.1	9.94	3
3609163	214684.XP_566752.1	211	46
3612141	214684.XP_569730.1	10.4	3
3610330	214684.XP_567919.1	8.25	2
3610001	214684.XP_567590.1	14.0	1
3612489	214684.XP_570078.1	619	123
3610622	214684.XP_568211.1	272	7
3611639	214684.XP_569228.1	530	140
3609442	214684.XP_567031.1	3.9	1
3612095	214684.XP_569684.1	24.4	2
3610318	214684.XP_567907.1	1.89	1
3611343	214684.XP_568932.1	15.0	3
3609068	214684.XP_566657.1	6.42	1
3613584	214684.XP_571173.1	966	60
3610323	214684.XP_567912.1	1.53	1
3609425	214684.XP_567014.1	23.2	8
3614864	214684.XP_572453.1	2.52	1
3611118	214684.XP_568707.1	1.3	1
3613469	214684.XP_571058.1	19.1	3
3611212	214684.XP_568801.1	629	138
3613430	214684.XP_571019.1	9791	838
3609871	214684.XP_567460.1	3164	1855
3614919	214684.XP_572508.1	40.8	24
3612010	214684.XP_569599.1	1975	492
3611280	214684.XP_568869.1	331	217
3613909	214684.XP_571498.1	4.98	1
3614723	214684.XP_572312.1	564	82
3613283	214684.XP_570872.1	694	24
3611225	214684.XP_568814.1	26.4	9
3614348	214684.XP_571937.1	427	12
3611099	214684.XP_568688.1	32.4	9
3613904	214684.XP_571493.1	48.6	7
3610925	214684.XP_568514.1	18.3	2
3614879	214684.XP_572468.1	20.9	8
3609744	214684.XP_567333.1	5.58	1
3610595	214684.XP_568184.1	2.36	1
3611488	214684.XP_569077.1	13.1	1
3610119	214684.XP_567708.1	2.47	1
3613482	214684.XP_571071.1	11.8	5
3615207	214684.XP_572796.1	556	63
3613828	214684.XP_571417.1	7.8	2
3613901	214684.XP_571490.1	8.86	6
3610828	214684.XP_568417.1	207	42
3614958	214684.XP_572547.1	2.67	2
3614661	214684.XP_572250.1	3.9	1
3614461	214684.XP_572050.1	288	53
3613960	214684.XP_571549.1	11.2	6
3609117	214684.XP_566706.1	10.3	3
3611605	214684.XP_569194.1	49.9	5
3611600	214684.XP_569189.1	9.26	3
3610815	214684.XP_568404.1	1006	116
3614731	214684.XP_572320.1	11.1	3
3609376	214684.XP_566965.1	8.16	13
3610532	214684.XP_568121.1	92.2	30
3611640	214684.XP_569229.1	0.893	1
3614501	214684.XP_572090.1	8611	306
3613106	214684.XP_570695.1	1.3	1
3611711	214684.XP_569300.1	326	149
3610927	214684.XP_568516.1	15.3	6
3611262	214684.XP_568851.1	6.36	2
3612735	214684.XP_570324.1	38.4	16
3612235	214684.XP_569824.1	8.05	1
3613145	214684.XP_570734.1	48.9	15
3608904	214684.XP_566493.1	29.0	13
3611795	214684.XP_569384.1	16.6	4
3612589	214684.XP_570178.1	3.51	1
3608968	214684.XP_566557.1	8.66	4
3610561	214684.XP_568150.1	14.6	2
3613659	214684.XP_571248.1	12.0	3
3611267	214684.XP_568856.1	83.6	42
3612919	214684.XP_570508.1	30.1	6
3614140	214684.XP_571729.1	3.1	1
3612181	214684.XP_569770.1	11.4	4
3609213	214684.XP_566802.1	11.2	4
3611357	214684.XP_568946.1	6.33	3
3613681	214684.XP_571270.1	176	34
3609918	214684.XP_567507.1	12.2	1
3614903	214684.XP_572492.1	12.5	10
3609543	214684.XP_567132.1	90.3	6
3614837	214684.XP_572426.1	40.4	6
3613354	214684.XP_570943.1	65.3	42
3609489	214684.XP_567078.1	11.1	3
3610277	214684.XP_567866.1	11.9	4
3613176	214684.XP_570765.1	1.29	1
3609857	214684.XP_567446.1	4.32	1
3614841	214684.XP_572430.1	3.53	4
3612490	214684.XP_570079.1	42.1	11
3612572	214684.XP_570161.1	181	15
3612872	214684.XP_570461.1	5.81	5
3614449	214684.XP_572038.1	3782	611
3610336	214684.XP_567925.1	21.1	5
3613791	214684.XP_571380.1	6.54	3
3612057	214684.XP_569646.1	14.4	7
3612300	214684.XP_569889.1	22.8	2
3609497	214684.XP_567086.1	13.7	7
3609951	214684.XP_567540.1	21.6	2
3608961	214684.XP_566550.1	27.8	1
3614750	214684.XP_572339.1	11.6	9
3609982	214684.XP_567571.1	38.2	44
3614515	214684.XP_572104.1	5.94	1
3610278	214684.XP_567867.1	14.4	3
3609228	214684.XP_566817.1	3.09	1
3615427	214684.XP_573016.1	7.37	2
3612245	214684.XP_569834.1	181	29
3612930	214684.XP_570519.1	39.3	13
3610626	214684.XP_568215.1	103	8
3614232	214684.XP_571821.1	743	147
3611599	214684.XP_569188.1	94.4	22
3611798	214684.XP_569387.1	7.45	1
3611159	214684.XP_568748.1	247	9
3609204	214684.XP_566793.1	243	82
3611019	214684.XP_568608.1	4.08	1
3610422	214684.XP_568011.1	2.29	2
3609006	214684.XP_566595.1	31.6	44
3609334	214684.XP_566923.1	31.8	6
3609828	214684.XP_567417.1	48.1	10
3609725	214684.XP_567314.1	6.3	12
3612461	214684.XP_570050.1	6.87	1
3613842	214684.XP_571431.1	951	585
3614555	214684.XP_572144.1	5.54	2
3614500	214684.XP_572089.1	11.8	1
3614547	214684.XP_572136.1	7.92	1
3613187	214684.XP_570776.1	63.0	21
3614025	214684.XP_571614.1	10.3	3
3609229	214684.XP_566818.1	306	1
3612610	214684.XP_570199.1	123	15
3613260	214684.XP_570849.1	23.0	6
3614486	214684.XP_572075.1	27.7	18
3611519	214684.XP_569108.1	142	46
3614776	214684.XP_572365.1	410	171
3611959	214684.XP_569548.1	256	12
3615238	214684.XP_572827.1	8.99	5
3613290	214684.XP_570879.1	1620	613
3610344	214684.XP_567933.1	267	176
3612234	214684.XP_569823.1	151	68
3610551	214684.XP_568140.1	6.26	2
3613889	214684.XP_571478.1	486	108
3611209	214684.XP_568798.1	28.0	5
3610825	214684.XP_568414.1	142	39
3609541	214684.XP_567130.1	1556	32
3614857	214684.XP_572446.1	337	79
3614048	214684.XP_571637.1	31.8	5
3612077	214684.XP_569666.1	10.3	2
3611365	214684.XP_568954.1	18.8	5
3609281	214684.XP_566870.1	97.2	34
3615061	214684.XP_572650.1	0.973	1
3613616	214684.XP_571205.1	8.89	3
3611402	214684.XP_568991.1	351	29
3611956	214684.XP_569545.1	1260	644
3614863	214684.XP_572452.1	5.74	5
3614835	214684.XP_572424.1	2.8	2
3611049	214684.XP_568638.1	107	16
3612844	214684.XP_570433.1	16.1	2
3609938	214684.XP_567527.1	4.52	1
3610472	214684.XP_568061.1	35.0	6
3610141	214684.XP_567730.1	2.06	1
3612107	214684.XP_569696.1	44.9	18
3611703	214684.XP_569292.1	14.1	2
3609012	214684.XP_566601.1	16.0	5
3612950	214684.XP_570539.1	16.5	3
3611246	214684.XP_568835.1	8.13	1
3610711	214684.XP_568300.1	58.5	11
3613411	214684.XP_571000.1	4128	388
3612178	214684.XP_569767.1	59.9	15
3609775	214684.XP_567364.1	347	52
3609408	214684.XP_566997.1	8963	196
3613334	214684.XP_570923.1	3.99	4
3614711	214684.XP_572300.1	132	9
3611109	214684.XP_568698.1	12.2	1
3613567	214684.XP_571156.1	186	46
3612617	214684.XP_570206.1	356	219
3613127	214684.XP_570716.1	44.3	22
3612100	214684.XP_569689.1	54.1	8
3612227	214684.XP_569816.1	11.7	5
3614735	214684.XP_572324.1	92.9	16
3614950	214684.XP_572539.1	4.16	6
3611715	214684.XP_569304.1	36.4	7
3611522	214684.XP_569111.1	27.5	8
3612656	214684.XP_570245.1	442	158
3613615	214684.XP_571204.1	1.03	1
3612672	214684.XP_570261.1	182	77
3609098	214684.XP_566687.1	2.37	1
3612423	214684.XP_570012.1	438	42
3610853	214684.XP_568442.1	51.8	6
3608886	214684.XP_566475.1	128	28
3609620	214684.XP_567209.1	1.4	1
3615136	214684.XP_572725.1	8.22	2
3612342	214684.XP_569931.1	19.7	2
3611526	214684.XP_569115.1	136	53
3614011	214684.XP_571600.1	232	31
3611575	214684.XP_569164.1	7.05	1
3614134	214684.XP_571723.1	10.1	3
3611524	214684.XP_569113.1	6.63	1
3613483	214684.XP_571072.1	7.56	3
3615212	214684.XP_572801.1	1.57	1
3613932	214684.XP_571521.1	2.51	1
3612690	214684.XP_570279.1	62.0	22
3612976	214684.XP_570565.1	33.4	7
3614821	214684.XP_572410.1	2.63	2
3612274	214684.XP_569863.1	45.4	3
3613538	214684.XP_571127.1	36.8	5
3613194	214684.XP_570783.1	5.69	1
3615141	214684.XP_572730.1	716	60
3609654	214684.XP_567243.1	25.1	2
3609617	214684.XP_567206.1	4473	219
3612633	214684.XP_570222.1	340	30
3610035	214684.XP_567624.1	24.2	10
3614218	214684.XP_571807.1	11.2	5
3608978	214684.XP_566567.1	54.8	19
3613492	214684.XP_571081.1	41.8	20
3614584	214684.XP_572173.1	493	194
3610777	214684.XP_568366.1	349	75
3609413	214684.XP_567002.1	166	21
3611975	214684.XP_569564.1	11.0	3
3614194	214684.XP_571783.1	5.23	2
3614595	214684.XP_572184.1	32.2	13
3614490	214684.XP_572079.1	76.2	11
3610833	214684.XP_568422.1	104	19
3614746	214684.XP_572335.1	173	43
3609800	214684.XP_567389.1	759	520
3609741	214684.XP_567330.1	3.69	3
3611392	214684.XP_568981.1	25.4	7
3613916	214684.XP_571505.1	10.7	1
3611180	214684.XP_568769.1	43.6	7
3609151	214684.XP_566740.1	56.7	3
3609172	214684.XP_566761.1	8.09	3
3613859	214684.XP_571448.1	6.01	1
3611355	214684.XP_568944.1	70.9	22
3614079	214684.XP_571668.1	76.0	28
3609412	214684.XP_567001.1	4.16	3
3609801	214684.XP_567390.1	1787	76
3609301	214684.XP_566890.1	473	14
3611222	214684.XP_568811.1	31.5	8
3610049	214684.XP_567638.1	408	126
3610267	214684.XP_567856.1	3.48	1
3610576	214684.XP_568165.1	1.2	1
3615242	214684.XP_572831.1	493	62
3613850	214684.XP_571439.1	6.1	1
3609463	214684.XP_567052.1	1.55	1
3614847	214684.XP_572436.1	5.5	1
3612888	214684.XP_570477.1	4.73	1
3609037	214684.XP_566626.1	28.9	7
3614006	214684.XP_571595.1	123	8
3611297	214684.XP_568886.1	28.2	19
3615322	214684.XP_572911.1	0.722	1
3612287	214684.XP_569876.1	25.6	3
3609525	214684.XP_567114.1	19.2	4
3614012	214684.XP_571601.1	1704	59
3613368	214684.XP_570957.1	41.0	7
3614909	214684.XP_572498.1	2584	516
3613685	214684.XP_571274.1	38.8	4
3615051	214684.XP_572640.1	2.66	2
3613893	214684.XP_571482.1	605	323
3610844	214684.XP_568433.1	9.0	1
3611038	214684.XP_568627.1	8.01	2
3613299	214684.XP_570888.1	42.2	5
3609065	214684.XP_566654.1	296	47
3612112	214684.XP_569701.1	128	24
3609075	214684.XP_566664.1	7.26	3
3613969	214684.XP_571558.1	187	16
3610328	214684.XP_567917.1	22.1	7
3610309	214684.XP_567898.1	30.3	10
3615296	214684.XP_572885.1	27.7	2
3614322	214684.XP_571911.1	1.0	1
3614217	214684.XP_571806.1	18.5	7
3614991	214684.XP_572580.1	39.3	3
3615292	214684.XP_572881.1	23.1	4
3609499	214684.XP_567088.1	343	200
3615098	214684.XP_572687.1	7.98	9
3613355	214684.XP_570944.1	6.26	4
3611758	214684.XP_569347.1	77.1	10
3612711	214684.XP_570300.1	30.4	3
3612812	214684.XP_570401.1	51.1	8
3612662	214684.XP_570251.1	2.02	1
3609330	214684.XP_566919.1	3793	171
3609530	214684.XP_567119.1	16.0	2
3610940	214684.XP_568529.1	2.56	1
3611478	214684.XP_569067.1	392	6
3610583	214684.XP_568172.1	10.1	2
3614654	214684.XP_572243.1	6.62	1
3615257	214684.XP_572846.1	4.36	1
3613001	214684.XP_570590.1	166	41
3612588	214684.XP_570177.1	1.59	1
3609454	214684.XP_567043.1	899	168
3612361	214684.XP_569950.1	34.0	13
3613446	214684.XP_571035.1	1.96	1
3615199	214684.XP_572788.1	4.15	1
3610114	214684.XP_567703.1	72.6	11
3611211	214684.XP_568800.1	4.69	2
3615278	214684.XP_572867.1	186	86
3609945	214684.XP_567534.1	23.4	1
3614996	214684.XP_572585.1	5.4	2
3614600	214684.XP_572189.1	5.22	1
3612768	214684.XP_570357.1	2402	731
3609500	214684.XP_567089.1	343	200
3614083	214684.XP_571672.1	66.1	16
3611670	214684.XP_569259.1	22.5	9
3610097	214684.XP_567686.1	7777	527
3609851	214684.XP_567440.1	3.66	1
3609926	214684.XP_567515.1	0.463	1
3613827	214684.XP_571416.1	16.3	2
3612896	214684.XP_570485.1	0.673	1
3612160	214684.XP_569749.1	10.9	13
3613116	214684.XP_570705.1	1.54	1
3609761	214684.XP_567350.1	96.2	16
3614408	214684.XP_571997.1	69.1	15
3609651	214684.XP_567240.1	30.6	4
3614497	214684.XP_572086.1	146	26
3614842	214684.XP_572431.1	122	26
3610947	214684.XP_568536.1	25.6	5
3608933	214684.XP_566522.1	22.6	10
3612128	214684.XP_569717.1	131	43
3612255	214684.XP_569844.1	91.7	16
3612071	214684.XP_569660.1	84.2	47
3609414	214684.XP_567003.1	46.2	12
3615317	214684.XP_572906.1	2896	81
3612488	214684.XP_570077.1	67.1	17
3614041	214684.XP_571630.1	4.02	1
3615006	214684.XP_572595.1	33.3	12
3610414	214684.XP_568003.1	5.1	3
3613971	214684.XP_571560.1	4.37	1
3614253	214684.XP_571842.1	109	9
3613613	214684.XP_571202.1	1.79	1
3612786	214684.XP_570375.1	151	52
3615037	214684.XP_572626.1	21.9	3
3614717	214684.XP_572306.1	7.12	1
3609147	214684.XP_566736.1	48.0	14
3611183	214684.XP_568772.1	1.13	1
3611497	214684.XP_569086.1	2.62	1
3610848	214684.XP_568437.1	9.29	1
3610512	214684.XP_568101.1	1092	13
3609774	214684.XP_567363.1	10.2	1
3612595	214684.XP_570184.1	19.9	2
3609019	214684.XP_566608.1	942	39
3614172	214684.XP_571761.1	139	11
3611868	214684.XP_569457.1	2.61	1
3609742	214684.XP_567331.1	43.7	9
3615156	214684.XP_572745.1	77.8	31
3610786	214684.XP_568375.1	13.4	2
3610870	214684.XP_568459.1	71.1	5
3608897	214684.XP_566486.1	118	25
3610599	214684.XP_568188.1	125	2
3615173	214684.XP_572762.1	78.2	3
3615073	214684.XP_572662.1	57.0	25
3609482	214684.XP_567071.1	3.14	1
3609057	214684.XP_566646.1	64.8	11
3613511	214684.XP_571100.1	88.5	92
3609342	214684.XP_566931.1	10.0	3
3614911	214684.XP_572500.1	10.2	4
3608969	214684.XP_566558.1	14.4	4
3612813	214684.XP_570402.1	2499	643
3610375	214684.XP_567964.1	29.5	6
3608975	214684.XP_566564.1	464	256
3612137	214684.XP_569726.1	10.3	4
3608848	214684.XP_566437.1	24.3	2
3612417	214684.XP_570006.1	4.02	1
3610204	214684.XP_567793.1	8461	1641
3614389	214684.XP_571978.1	35.6	9
3611313	214684.XP_568902.1	7.01	1
3610829	214684.XP_568418.1	3.15	1
3611008	214684.XP_568597.1	9.0	3
3613264	214684.XP_570853.1	22.9	9
3610665	214684.XP_568254.1	12.3	6
3614855	214684.XP_572444.1	3.13	1
3609205	214684.XP_566794.1	243	82
3611014	214684.XP_568603.1	2.49	1
3609338	214684.XP_566927.1	19.8	3
3610107	214684.XP_567696.1	244	16
3614144	214684.XP_571733.1	3.2	1
3612215	214684.XP_569804.1	195	24
3614565	214684.XP_572154.1	8.69	1
3612847	214684.XP_570436.1	24.6	4
3608890	214684.XP_566479.1	8.61	5
3610460	214684.XP_568049.1	34.0	19
3611691	214684.XP_569280.1	3.49	1
3610572	214684.XP_568161.1	145	28
3611385	214684.XP_568974.1	6.23	1
3613105	214684.XP_570694.1	1.31	1
3610725	214684.XP_568314.1	57.6	8
3611452	214684.XP_569041.1	27.0	4
3609648	214684.XP_567237.1	5.51	1
3610520	214684.XP_568109.1	21.9	6
3614074	214684.XP_571663.1	2872	87
3613724	214684.XP_571313.1	3.49	1
3615074	214684.XP_572663.1	53.3	25
3615209	214684.XP_572798.1	24.5	4
3611830	214684.XP_569419.1	33.2	9
3614762	214684.XP_572351.1	71.9	2
3610377	214684.XP_567966.1	5.37	2
3611219	214684.XP_568808.1	7.24	2
3611179	214684.XP_568768.1	41.5	43
3612139	214684.XP_569728.1	165	38
3614448	214684.XP_572037.1	85.1	7
3614222	214684.XP_571811.1	55.6	13
3609899	214684.XP_567488.1	1404	267
3608988	214684.XP_566577.1	26.1	4
3614953	214684.XP_572542.1	3.43	4
3612693	214684.XP_570282.1	39.1	5
3614183	214684.XP_571772.1	3365	2406
3610647	214684.XP_568236.1	2.37	1
3610046	214684.XP_567635.1	3.38	1
3610999	214684.XP_568588.1	43.0	2
3612552	214684.XP_570141.1	1964	59
3612307	214684.XP_569896.1	70.5	25
3611220	214684.XP_568809.1	8.26	1
3609835	214684.XP_567424.1	32.6	10
3609975	214684.XP_567564.1	306	124
3610631	214684.XP_568220.1	16.0	3
3611189	214684.XP_568778.1	151	25
3614470	214684.XP_572059.1	1.87	1
3613722	214684.XP_571311.1	16.2	4
3612582	214684.XP_570171.1	13.1	4
3609008	214684.XP_566597.1	3.18	3
3615383	214684.XP_572972.1	15.2	2
3614156	214684.XP_571745.1	36.2	33
3614288	214684.XP_571877.1	8.69	2
3611116	214684.XP_568705.1	12.1	2
3614922	214684.XP_572511.1	10.1	2
3611536	214684.XP_569125.1	23.5	11
3613222	214684.XP_570811.1	39.4	10
3614142	214684.XP_571731.1	83.6	16
3615224	214684.XP_572813.1	14.2	5
3614859	214684.XP_572448.1	5.67	2
3613970	214684.XP_571559.1	7.9	1
3612999	214684.XP_570588.1	57.4	24
3613513	214684.XP_571102.1	3.29	1
3609756	214684.XP_567345.1	30.2	13
3609731	214684.XP_567320.1	26.6	3
3610431	214684.XP_568020.1	104	7
3609336	214684.XP_566925.1	8.9	1
3613995	214684.XP_571584.1	299	10
3612807	214684.XP_570396.1	105	12
3611268	214684.XP_568857.1	83.6	42
3613652	214684.XP_571241.1	42.3	3
3609316	214684.XP_566905.1	5.74	2
3613338	214684.XP_570927.1	10.3	2
3613688	214684.XP_571277.1	84.0	28
3610526	214684.XP_568115.1	15.5	4
3612748	214684.XP_570337.1	914	100
3610050	214684.XP_567639.1	408	126
3611980	214684.XP_569569.1	24.8	5
3610434	214684.XP_568023.1	17.0	8
3609956	214684.XP_567545.1	392	6
3612577	214684.XP_570166.1	12.8	14
3610453	214684.XP_568042.1	18.4	4
3615314	214684.XP_572903.1	36.3	2
3609710	214684.XP_567299.1	2.37	1
3613770	214684.XP_571359.1	14.7	2
3609932	214684.XP_567521.1	2781	80
3611762	214684.XP_569351.1	2476	270
3613434	214684.XP_571023.1	630	8
3612916	214684.XP_570505.1	2.18	1
3611924	214684.XP_569513.1	117	48
3610443	214684.XP_568032.1	193	9
3609908	214684.XP_567497.1	19.6	5
3615410	214684.XP_572999.1	96.5	22
3615154	214684.XP_572743.1	13.4	6
3611763	214684.XP_569352.1	28.2	2
3610302	214684.XP_567891.1	66.6	4
3612901	214684.XP_570490.1	276	25
3609587	214684.XP_567176.1	2055	10
3610121	214684.XP_567710.1	847	156
3613606	214684.XP_571195.1	45.2	9
3613083	214684.XP_570672.1	342	33
3609726	214684.XP_567315.1	484	80
3613929	214684.XP_571518.1	1.55	1
3611729	214684.XP_569318.1	68.8	8
3611200	214684.XP_568789.1	41.1	13
3612790	214684.XP_570379.1	87.4	49
3614545	214684.XP_572134.1	79.7	20
3609381	214684.XP_566970.1	30.5	13
3612811	214684.XP_570400.1	4.77	2
3613126	214684.XP_570715.1	140	15
3609391	214684.XP_566980.1	157	11
3615025	214684.XP_572614.1	14.1	3
3614540	214684.XP_572129.1	3.84	1
3615433	214684.XP_573022.1	7.23	1
3613019	214684.XP_570608.1	9.43	2
3613172	214684.XP_570761.1	189	36
3611800	214684.XP_569389.1	14.4	5
3615206	214684.XP_572795.1	7.47	4
3611329	214684.XP_568918.1	20.4	6
3611626	214684.XP_569215.1	15.6	1
3614262	214684.XP_571851.1	1117	37
3614278	214684.XP_571867.1	2.81	1
3612180	214684.XP_569769.1	15.0	4
3611790	214684.XP_569379.1	2235	320
3610983	214684.XP_568572.1	117	51
3611484	214684.XP_569073.1	4.79	2
3613009	214684.XP_570598.1	1341	73
3613104	214684.XP_570693.1	966	60
3612705	214684.XP_570294.1	33.5	5
3610497	214684.XP_568086.1	35.3	38
3611658	214684.XP_569247.1	252	18
3609056	214684.XP_566645.1	91.7	17
3611023	214684.XP_568612.1	10.4	1
3609004	214684.XP_566593.1	13.5	3
3612017	214684.XP_569606.1	4.35	1
3615248	214684.XP_572837.1	7.01	2
3613656	214684.XP_571245.1	59.2	10
3612904	214684.XP_570493.1	281	59
3612526	214684.XP_570115.1	11.5	1
3613211	214684.XP_570800.1	39.5	8
3613305	214684.XP_570894.1	61.6	19
3614119	214684.XP_571708.1	11.2	5
3612605	214684.XP_570194.1	34.8	2
3609426	214684.XP_567015.1	7.16	2
3610780	214684.XP_568369.1	30.4	4
3609280	214684.XP_566869.1	3.43	1
3610503	214684.XP_568092.1	6.57	5
3611453	214684.XP_569042.1	3.3	1
3613716	214684.XP_571305.1	15.4	4
3610357	214684.XP_567946.1	6.62	5
3612105	214684.XP_569694.1	43.4	13
3615060	214684.XP_572649.1	0.991	1
3612337	214684.XP_569926.1	3.18	1
3614759	214684.XP_572348.1	51.7	12
3611387	214684.XP_568976.1	38.9	5
3612191	214684.XP_569780.1	3.03	1
3612168	214684.XP_569757.1	315	187
3611231	214684.XP_568820.1	20.0	2
3610864	214684.XP_568453.1	10117	680
3613238	214684.XP_570827.1	4.78	2
3612559	214684.XP_570148.1	67.5	15
3611394	214684.XP_568983.1	384	151
3611718	214684.XP_569307.1	51.2	26
3612092	214684.XP_569681.1	28.1	5
3612470	214684.XP_570059.1	61.2	18
3615304	214684.XP_572893.1	67.6	9
3613333	214684.XP_570922.1	59.0	46
3609140	214684.XP_566729.1	52.5	4
3613307	214684.XP_570896.1	6.04	3
3609115	214684.XP_566704.1	12.9	3
3614331	214684.XP_571920.1	14.1	1
3608940	214684.XP_566529.1	107	36
3614356	214684.XP_571945.1	8.35	1
3611143	214684.XP_568732.1	3.93	1
3610351	214684.XP_567940.1	4.16	6
3610359	214684.XP_567948.1	19.5	4
3609785	214684.XP_567374.1	26.2	2
3609429	214684.XP_567018.1	14.3	2
3611352	214684.XP_568941.1	22.0	2
3609933	214684.XP_567522.1	62.2	16
3611284	214684.XP_568873.1	3.21	1
3613562	214684.XP_571151.1	14.2	3
3612805	214684.XP_570394.1	2.96	2
3610030	214684.XP_567619.1	6.72	2
3611233	214684.XP_568822.1	7.45	7
3613903	214684.XP_571492.1	9.28	4
3613902	214684.XP_571491.1	9.28	4
3608931	214684.XP_566520.1	17.3	4
3613325	214684.XP_570914.1	2.85	1
3611907	214684.XP_569496.1	12.4	1
3610285	214684.XP_567874.1	1.83	1
3613405	214684.XP_570994.1	12.5	3
3613944	214684.XP_571533.1	37.5	13
3609013	214684.XP_566602.1	20.9	5
3612202	214684.XP_569791.1	24.7	16
3609743	214684.XP_567332.1	38.7	9
3609713	214684.XP_567302.1	416	213
3611016	214684.XP_568605.1	3.02	2
3608878	214684.XP_566467.1	1549	196
3614495	214684.XP_572084.1	2.07	1
3611532	214684.XP_569121.1	212	9
3614117	214684.XP_571706.1	7.71	1
3610810	214684.XP_568399.1	7.98	1
3612091	214684.XP_569680.1	554	121
3614906	214684.XP_572495.1	2.31	1
3615112	214684.XP_572701.1	98.7	15
3611702	214684.XP_569291.1	101	9
3615045	214684.XP_572634.1	8.52	1
3611185	214684.XP_568774.1	111	4
3614254	214684.XP_571843.1	3.59	1
3613452	214684.XP_571041.1	6.31	1
3610337	214684.XP_567926.1	99.4	17
3609407	214684.XP_566996.1	392	74
3615054	214684.XP_572643.1	121	6
3613255	214684.XP_570844.1	54.0	26
3609206	214684.XP_566795.1	3.72	1
3612855	214684.XP_570444.1	102	26
3615282	214684.XP_572871.1	404	136
3609071	214684.XP_566660.1	124791	2677
3615311	214684.XP_572900.1	48.4	2
3611508	214684.XP_569097.1	27.1	13
3609517	214684.XP_567106.1	1.08	1
3611341	214684.XP_568930.1	306	41
3613839	214684.XP_571428.1	46.9	12
3610840	214684.XP_568429.1	43.6	23
3611384	214684.XP_568973.1	4.61	1
3609371	214684.XP_566960.1	91.9	9
3611473	214684.XP_569062.1	4.91	1
3613306	214684.XP_570895.1	217	76
3613535	214684.XP_571124.1	56.4	22
3610837	214684.XP_568426.1	944	177
3612097	214684.XP_569686.1	101	16
3608877	214684.XP_566466.1	19.9	4
3609606	214684.XP_567195.1	9.16	2
3613373	214684.XP_570962.1	13.1	1
3613279	214684.XP_570868.1	15.6	8
3613629	214684.XP_571218.1	6.25	1
3614452	214684.XP_572041.1	1.46	1
3615423	214684.XP_573012.1	727	334
3613433	214684.XP_571022.1	20.3	2
3613680	214684.XP_571269.1	12.1	4
3608883	214684.XP_566472.1	33.3	5
3609092	214684.XP_566681.1	6.26	2
3609405	214684.XP_566994.1	21.7	4
3610090	214684.XP_567679.1	3.19	2
3610286	214684.XP_567875.1	41.6	6
3609886	214684.XP_567475.1	2542	902
3611847	214684.XP_569436.1	8.17	1
3610928	214684.XP_568517.1	18.2	7
3611743	214684.XP_569332.1	87.8	16
3613385	214684.XP_570974.1	4.32	3
3608964	214684.XP_566553.1	201	47
3610092	214684.XP_567681.1	17.3	4
3615335	214684.XP_572924.1	42.3	10
3612905	214684.XP_570494.1	334	62
3610074	214684.XP_567663.1	1.37	1
3612530	214684.XP_570119.1	17.8	1
3613880	214684.XP_571469.1	2.19	1
3611043	214684.XP_568632.1	121	36
3610311	214684.XP_567900.1	1.67	1
3612894	214684.XP_570483.1	26.9	14
3610009	214684.XP_567598.1	350	82
3611992	214684.XP_569581.1	1.41	1
3610256	214684.XP_567845.1	3.66	1
3613039	214684.XP_570628.1	11.5	1
3610745	214684.XP_568334.1	2.01	1
3612558	214684.XP_570147.1	675	113
3612304	214684.XP_569893.1	74.3	17
3612415	214684.XP_570004.1	156	63
3610456	214684.XP_568045.1	3.69	2
3612433	214684.XP_570022.1	3.48	2
3614386	214684.XP_571975.1	8.4	1
3610234	214684.XP_567823.1	12.8	3
3615026	214684.XP_572615.1	9.29	3
3611199	214684.XP_568788.1	4.28	4
3609941	214684.XP_567530.1	10.2	2
3612394	214684.XP_569983.1	6.6	1
3615179	214684.XP_572768.1	2.95	1
3609874	214684.XP_567463.1	7.16	1
3613879	214684.XP_571468.1	3.34	2
3609083	214684.XP_566672.1	3.0	2
3611108	214684.XP_568697.1	10.0	2
3615362	214684.XP_572951.1	7.9	2
3614019	214684.XP_571608.1	3.03	1
3614766	214684.XP_572355.1	252	14
3610106	214684.XP_567695.1	15.6	2
3610480	214684.XP_568069.1	6.2	1
3614730	214684.XP_572319.1	1.98	1
3613278	214684.XP_570867.1	61.7	11
3615067	214684.XP_572656.1	207	32
3609598	214684.XP_567187.1	287	20
3609451	214684.XP_567040.1	36.6	13
3615116	214684.XP_572705.1	9.21	2
3611045	214684.XP_568634.1	158	40
3610967	214684.XP_568556.1	27.9	6
3613016	214684.XP_570605.1	10.8	2
3611160	214684.XP_568749.1	121	24
3611687	214684.XP_569276.1	29.9	7
3615023	214684.XP_572612.1	4.81	1
3610296	214684.XP_567885.1	5148	431
3612912	214684.XP_570501.1	386	69
3614162	214684.XP_571751.1	98.4	55
3613140	214684.XP_570729.1	7.84	1
3609480	214684.XP_567069.1	7.72	1
3609614	214684.XP_567203.1	129	26
3609373	214684.XP_566962.1	62.3	4
3609544	214684.XP_567133.1	3.05	1
3611024	214684.XP_568613.1	48.7	7
3608854	214684.XP_566443.1	11.0	4
3614882	214684.XP_572471.1	11.5	3
3612615	214684.XP_570204.1	7.96	5
3613190	214684.XP_570779.1	8.64	5
3611142	214684.XP_568731.1	11.8	9
3611445	214684.XP_569034.1	363	76
3610376	214684.XP_567965.1	5.43	2
3610105	214684.XP_567694.1	57.6	10
3609423	214684.XP_567012.1	37056	2109
3612164	214684.XP_569753.1	143	13
3612831	214684.XP_570420.1	7.7	1
3609913	214684.XP_567502.1	2.47	1
3615294	214684.XP_572883.1	97.1	8
3609694	214684.XP_567283.1	195	29
3609929	214684.XP_567518.1	78.5	29
3612403	214684.XP_569992.1	1.61	1
3613928	214684.XP_571517.1	13.6	4
3614369	214684.XP_571958.1	2.71	1
3611298	214684.XP_568887.1	4.22	1
3609917	214684.XP_567506.1	19.1	2
3612381	214684.XP_569970.1	2.28	1
3615368	214684.XP_572957.1	2.52	1
3609215	214684.XP_566804.1	16.4	16
3612089	214684.XP_569678.1	9.18	2
3614450	214684.XP_572039.1	15.5	3
3610352	214684.XP_567941.1	4.27	6
3608914	214684.XP_566503.1	18.0	2
3614707	214684.XP_572296.1	784	68
3609510	214684.XP_567099.1	3652	11
3610614	214684.XP_568203.1	105	21
3615220	214684.XP_572809.1	18.7	14
3610080	214684.XP_567669.1	1.59	1
3609292	214684.XP_566881.1	20.9	2
3610540	214684.XP_568129.1	4.99	1
3612312	214684.XP_569901.1	41.2	15
3609294	214684.XP_566883.1	207	117
3610620	214684.XP_568209.1	1183	132
3613021	214684.XP_570610.1	228	14
3613609	214684.XP_571198.1	14.7	2
3610589	214684.XP_568178.1	15.3	3
3612296	214684.XP_569885.1	1299	286
3615336	214684.XP_572925.1	20.3	5
3613112	214684.XP_570701.1	18.9	4
3610895	214684.XP_568484.1	18.5	24
3612525	214684.XP_570114.1	4275	784
3613416	214684.XP_571005.1	10.1	3
3611817	214684.XP_569406.1	228	56
3612346	214684.XP_569935.1	5.8	1
3614260	214684.XP_571849.1	488	26
3610835	214684.XP_568424.1	141	25
3614410	214684.XP_571999.1	2.07	1
3610887	214684.XP_568476.1	156	29
3612393	214684.XP_569982.1	10.0	1
3610224	214684.XP_567813.1	5.55	1
3612268	214684.XP_569857.1	2012	415
3612070	214684.XP_569659.1	31.0	12
3614644	214684.XP_572233.1	14.1	2
3612360	214684.XP_569949.1	39.7	9
3615280	214684.XP_572869.1	416	136
3611625	214684.XP_569214.1	8.37	2
3609346	214684.XP_566935.1	41.3	7
3609820	214684.XP_567409.1	92.5	19
3613185	214684.XP_570774.1	19.8	2
3614974	214684.XP_572563.1	8.4	3
3613662	214684.XP_571251.1	2.39	1
3611446	214684.XP_569035.1	18.2	5
3613748	214684.XP_571337.1	18.6	8
3612719	214684.XP_570308.1	5.91	1
3614514	214684.XP_572103.1	5.14	1
3615232	214684.XP_572821.1	3.18	1
3610682	214684.XP_568271.1	4593	714
3610389	214684.XP_567978.1	747	210
3611662	214684.XP_569251.1	142	23
3614436	214684.XP_572025.1	575	102
3613719	214684.XP_571308.1	65.6	7
3609051	214684.XP_566640.1	123	24
3610194	214684.XP_567783.1	2.72	1
3610677	214684.XP_568266.1	63.1	5
3615012	214684.XP_572601.1	12.1	4
3612697	214684.XP_570286.1	38.7	7
3610855	214684.XP_568444.1	168	8
3614214	214684.XP_571803.1	1.98	1
3613289	214684.XP_570878.1	1620	613
3613772	214684.XP_571361.1	3.19	3
3609144	214684.XP_566733.1	271	185
3610084	214684.XP_567673.1	118	38
3613964	214684.XP_571553.1	78.9	43
3611563	214684.XP_569152.1	1145	349
3611619	214684.XP_569208.1	2.01	1
3612565	214684.XP_570154.1	318	41
3614786	214684.XP_572375.1	2.37	1
3608996	214684.XP_566585.1	20.8	3
3614229	214684.XP_571818.1	25.0	1
3612190	214684.XP_569779.1	621	109
3614300	214684.XP_571889.1	3.25	1
3613326	214684.XP_570915.1	21.7	2
3610273	214684.XP_567862.1	10322	1718
3609660	214684.XP_567249.1	25.6	8
3611010	214684.XP_568599.1	15.1	2
3613809	214684.XP_571398.1	3.09	1
3614825	214684.XP_572414.1	48.8	4
3611417	214684.XP_569006.1	24.9	4
3610239	214684.XP_567828.1	367	54
3612818	214684.XP_570407.1	5.58	1
3610944	214684.XP_568533.1	8.44	1
3614321	214684.XP_571910.1	1.0	1
3608912	214684.XP_566501.1	17.1	8
3610346	214684.XP_567935.1	17.5	8
3611281	214684.XP_568870.1	331	217
3610181	214684.XP_567770.1	70.0	26
3612067	214684.XP_569656.1	20.1	10
3609185	214684.XP_566774.1	2.28	1
3611660	214684.XP_569249.1	28.0	7
3612173	214684.XP_569762.1	1.73	1
3610763	214684.XP_568352.1	15.5	9
3609571	214684.XP_567160.1	14.2	3
3610479	214684.XP_568068.1	21.7	3
3611803	214684.XP_569392.1	13.4	3
3609515	214684.XP_567104.1	62.5	1
3614876	214684.XP_572465.1	4.34	1
3610475	214684.XP_568064.1	197	45
3610004	214684.XP_567593.1	25.8	5
3611721	214684.XP_569310.1	14.7	3
3612416	214684.XP_570005.1	13.0	7
3609094	214684.XP_566683.1	3.85	1
3615231	214684.XP_572820.1	59.5	7
3609693	214684.XP_567282.1	2.59	1
3613803	214684.XP_571392.1	57.7	37
3615249	214684.XP_572838.1	7.01	2
3610117	214684.XP_567706.1	28.6	6
3614293	214684.XP_571882.1	21.9	8
3611622	214684.XP_569211.1	630	159
3609513	214684.XP_567102.1	29.6	12
3612761	214684.XP_570350.1	78.9	6
3612966	214684.XP_570555.1	7.32	2
3614479	214684.XP_572068.1	21.8	16
3610616	214684.XP_568205.1	25.7	2
3613751	214684.XP_571340.1	11.8	3
3614050	214684.XP_571639.1	53.5	7
3609354	214684.XP_566943.1	4.05	1
3611265	214684.XP_568854.1	17.2	4
3612977	214684.XP_570566.1	3.37	1
3610740	214684.XP_568329.1	9.36	2
3614521	214684.XP_572110.1	19.6	5
3609787	214684.XP_567376.1	43.0	7
3613419	214684.XP_571008.1	24.6	3
3609629	214684.XP_567218.1	6.0	2
3611824	214684.XP_569413.1	20.2	3
3611984	214684.XP_569573.1	11.0	2
3611035	214684.XP_568624.1	1.05	1
3612241	214684.XP_569830.1	5.23	1
3613773	214684.XP_571362.1	4.13	3
3614993	214684.XP_572582.1	13.3	2
3613761	214684.XP_571350.1	46.6	7
3615247	214684.XP_572836.1	80.5	25
3613655	214684.XP_571244.1	1577	325
3612929	214684.XP_570518.1	5.82	1
3612618	214684.XP_570207.1	356	219
3611374	214684.XP_568963.1	5.76	1
3611867	214684.XP_569456.1	24.8	5
3612414	214684.XP_570003.1	156	63
3610272	214684.XP_567861.1	6.38	1
3611221	214684.XP_568810.1	4.84	3
3609595	214684.XP_567184.1	136	31
3612988	214684.XP_570577.1	1080	205
3611709	214684.XP_569298.1	28.9	3
3610955	214684.XP_568544.1	19.2	5
3614431	214684.XP_572020.1	513	105
3611564	214684.XP_569153.1	4.28	3
3610707	214684.XP_568296.1	7.0	1
3610598	214684.XP_568187.1	246	42
3615374	214684.XP_572963.1	4.47	3
3614290	214684.XP_571879.1	199	28
3611882	214684.XP_569471.1	2.98	1
3611274	214684.XP_568863.1	33.6	5
3613139	214684.XP_570728.1	104	14
3611490	214684.XP_569079.1	1.13	1
3610938	214684.XP_568527.1	2.92	1
3614355	214684.XP_571944.1	26.6	4
3615038	214684.XP_572627.1	89.8	9
3614051	214684.XP_571640.1	11.9	1
3610896	214684.XP_568485.1	18.5	24
3610498	214684.XP_568087.1	223	3
3611664	214684.XP_569253.1	5.88	2
3615343	214684.XP_572932.1	14.5	3
3611326	214684.XP_568915.1	3.77	1
3613986	214684.XP_571575.1	293	26
3609533	214684.XP_567122.1	572	216
3611791	214684.XP_569380.1	3.51	1
3608862	214684.XP_566451.1	121	36
3613860	214684.XP_571449.1	14.4	4
3610271	214684.XP_567860.1	1.37	1
3608910	214684.XP_566499.1	21.4	6
3610720	214684.XP_568309.1	409	17
3609256	214684.XP_566845.1	696	143
3612142	214684.XP_569731.1	7.33	3
3613494	214684.XP_571083.1	4139	838
3615268	214684.XP_572857.1	3.7	1
3615254	214684.XP_572843.1	12.1	3
3609714	214684.XP_567303.1	107	14
3611291	214684.XP_568880.1	15.5	1
3611207	214684.XP_568796.1	716	137
3612368	214684.XP_569957.1	377	45
3613841	214684.XP_571430.1	8.94	2
3610409	214684.XP_567998.1	4.5	1
3610003	214684.XP_567592.1	306	42
3613737	214684.XP_571326.1	1532	209
3612534	214684.XP_570123.1	20.7	3
3612043	214684.XP_569632.1	182	34
3615384	214684.XP_572973.1	17.0	5
3614179	214684.XP_571768.1	61.3	28
3613815	214684.XP_571404.1	2466	219
3614532	214684.XP_572121.1	1.31	1
3612779	214684.XP_570368.1	0.853	1
3611744	214684.XP_569333.1	26.8	5
3615118	214684.XP_572707.1	13.2	2
3612834	214684.XP_570423.1	127	26
3615194	214684.XP_572783.1	185	36
3614175	214684.XP_571764.1	257	34
3610886	214684.XP_568475.1	4.24	1
3611727	214684.XP_569316.1	87.0	21
3612299	214684.XP_569888.1	9.48	2
3609672	214684.XP_567261.1	438	45
3611652	214684.XP_569241.1	9.33	3
3614623	214684.XP_572212.1	4089	359
3611344	214684.XP_568933.1	6.03	1
3611375	214684.XP_568964.1	18.2	10
3611598	214684.XP_569187.1	67.4	20
3610087	214684.XP_567676.1	5.95	1
3611134	214684.XP_568723.1	301	25
3614749	214684.XP_572338.1	38.8	6
3614720	214684.XP_572309.1	1.48	1
3608998	214684.XP_566587.1	72.7	27
3609592	214684.XP_567181.1	55.3	2
3613045	214684.XP_570634.1	109	12
3611904	214684.XP_569493.1	20.1	7
3612123	214684.XP_569712.1	133	32
3610703	214684.XP_568292.1	8.69	4
3610370	214684.XP_567959.1	270	21
3609566	214684.XP_567155.1	39.1	2
3613473	214684.XP_571062.1	4470	1822
3614165	214684.XP_571754.1	22.7	3
3613725	214684.XP_571314.1	18.4	1
3609588	214684.XP_567177.1	52.9	5
3614959	214684.XP_572548.1	2.67	2
3613505	214684.XP_571094.1	2.25	3
3613996	214684.XP_571585.1	1.61	1
3613061	214684.XP_570650.1	4.17	3
3612655	214684.XP_570244.1	18.4	2
3614000	214684.XP_571589.1	1986	1002
3609359	214684.XP_566948.1	6.36	1
3612144	214684.XP_569733.1	7669	544
3612686	214684.XP_570275.1	193	38
3614513	214684.XP_572102.1	38.3	7
3612875	214684.XP_570464.1	3.46	1
3611911	214684.XP_569500.1	3.67	1
3612058	214684.XP_569647.1	8.22	3
3609849	214684.XP_567438.1	2265	168
3614849	214684.XP_572438.1	86.8	16
3611542	214684.XP_569131.1	124	70
3614873	214684.XP_572462.1	1006	224
3611531	214684.XP_569120.1	3.95	1
3610633	214684.XP_568222.1	17.4	2
3612085	214684.XP_569674.1	282	10
3613332	214684.XP_570921.1	59.0	46
3610070	214684.XP_567659.1	87.1	5
3611839	214684.XP_569428.1	335	138
3610736	214684.XP_568325.1	19.5	5
3613966	214684.XP_571555.1	27.9	2
3613782	214684.XP_571371.1	279	15
3613824	214684.XP_571413.1	5.24	4
3610135	214684.XP_567724.1	6.27	1
3613418	214684.XP_571007.1	40.4	13
3609255	214684.XP_566844.1	50.3	17
3613030	214684.XP_570619.1	183	44
3609134	214684.XP_566723.1	17.9	5
3610590	214684.XP_568179.1	17.6	2
3614351	214684.XP_571940.1	38.0	5
3611476	214684.XP_569065.1	126	12
3609488	214684.XP_567077.1	30.6	2
3613017	214684.XP_570606.1	11.3	2
3614395	214684.XP_571984.1	35.8	6
3610559	214684.XP_568148.1	1.72	1
3613558	214684.XP_571147.1	5.5	1
3612037	214684.XP_569626.1	4.6	1
3609254	214684.XP_566843.1	4.6	1
3609273	214684.XP_566862.1	3.25	1
3612573	214684.XP_570162.1	23.2	8
3614136	214684.XP_571725.1	20.8	6
3612532	214684.XP_570121.1	292	54
3612590	214684.XP_570179.1	21.2	1
3613963	214684.XP_571552.1	73.9	17
3608874	214684.XP_566463.1	2.47	1
3613204	214684.XP_570793.1	4211	2473
3612560	214684.XP_570149.1	31.8	8
3612859	214684.XP_570448.1	23.6	6
3610514	214684.XP_568103.1	72.0	9
3614388	214684.XP_571977.1	5.64	1
3612450	214684.XP_570039.1	302	7
3614225	214684.XP_571814.1	10614	301
3614671	214684.XP_572260.1	74.0	12
3612665	214684.XP_570254.1	3.17	1
3609018	214684.XP_566607.1	35.7	15
3611627	214684.XP_569216.1	131	39
3611993	214684.XP_569582.1	48.9	11
3610499	214684.XP_568088.1	3.88	1
3610361	214684.XP_567950.1	133	17
3613144	214684.XP_570733.1	71.6	9
3612529	214684.XP_570118.1	3.85	1
3609891	214684.XP_567480.1	111	2
3610315	214684.XP_567904.1	114	34
3610899	214684.XP_568488.1	39.0	4
3609327	214684.XP_566916.1	6.94	2
3611846	214684.XP_569435.1	14.1	6
3612987	214684.XP_570576.1	1.56	2
3608923	214684.XP_566512.1	189	26
3613253	214684.XP_570842.1	12.4	1
3613212	214684.XP_570801.1	8.86	10
3612878	214684.XP_570467.1	45.2	12
3615036	214684.XP_572625.1	87.4	20
3612475	214684.XP_570064.1	129	25
3614243	214684.XP_571832.1	4.8	1
3612583	214684.XP_570172.1	207	31
3609246	214684.XP_566835.1	32.9	5
3615211	214684.XP_572800.1	1.57	1
3609876	214684.XP_567465.1	2.53	1
3613284	214684.XP_570873.1	54.9	44
3614674	214684.XP_572263.1	10.2	1
3612824	214684.XP_570413.1	3.02	2
3614999	214684.XP_572588.1	279	37
3613890	214684.XP_571479.1	66.9	15
3611903	214684.XP_569492.1	2.24	2
3610699	214684.XP_568288.1	180	45
3611202	214684.XP_568791.1	6.12	3
3612985	214684.XP_570574.1	26.1	7
3613386	214684.XP_570975.1	4.32	3
3613534	214684.XP_571123.1	8.58	1
3611854	214684.XP_569443.1	25.9	9
3609460	214684.XP_567049.1	37.1	10
3611195	214684.XP_568784.1	2.72	1
3611561	214684.XP_569150.1	2.53	1
3610790	214684.XP_568379.1	2.41	1
3615106	214684.XP_572695.1	99.4	16
3613665	214684.XP_571254.1	31.7	3
3612579	214684.XP_570168.1	161	29
3614627	214684.XP_572216.1	90.9	26
3612772	214684.XP_570361.1	14.6	8
3609024	214684.XP_566613.1	1.68	1
3611400	214684.XP_568989.1	12.7	3
3613320	214684.XP_570909.1	22.6	4
3613910	214684.XP_571499.1	98.3	5
3613755	214684.XP_571344.1	14.7	4
3614539	214684.XP_572128.1	6.87	2
3613304	214684.XP_570893.1	3.41	1
3614945	214684.XP_572534.1	17.5	8
3612959	214684.XP_570548.1	8.46	4
3613046	214684.XP_570635.1	4.56	1
3611098	214684.XP_568687.1	2.72	2
3609107	214684.XP_566696.1	0.967	1
3614726	214684.XP_572315.1	15.4	2
3609448	214684.XP_567037.1	128	83
3611214	214684.XP_568803.1	28.3	12
3613081	214684.XP_570670.1	5.43	1
3611386	214684.XP_568975.1	68.0	8
3611844	214684.XP_569433.1	45.3	16
3612316	214684.XP_569905.1	1.39	1
3614727	214684.XP_572316.1	144	9
3614907	214684.XP_572496.1	1.15	1
3612877	214684.XP_570466.1	7.18	1
3613444	214684.XP_571033.1	15.4	2
3609357	214684.XP_566946.1	3.32	3
3614881	214684.XP_572470.1	33.0	5
3611080	214684.XP_568669.1	3.5	3
3609040	214684.XP_566629.1	25.0	10
3612211	214684.XP_569800.1	28.7	9
3611396	214684.XP_568985.1	71.3	3
3611065	214684.XP_568654.1	92.9	6
3609526	214684.XP_567115.1	1.7	1
3610458	214684.XP_568047.1	1.46	1
3614297	214684.XP_571886.1	31.3	14
3614130	214684.XP_571719.1	5.41	4
3610584	214684.XP_568173.1	10.1	2
3615129	214684.XP_572718.1	2.06	1
3609666	214684.XP_567255.1	31.3	9
3608944	214684.XP_566533.1	137	30
3611917	214684.XP_569506.1	2.24	1
3609794	214684.XP_567383.1	340	24
3614809	214684.XP_572398.1	132	5
3615298	214684.XP_572887.1	2.91	1
3612283	214684.XP_569872.1	510	32
3609471	214684.XP_567060.1	7.93	2
3610754	214684.XP_568343.1	19.2	2
3610373	214684.XP_567962.1	77.9	12
3609291	214684.XP_566880.1	4.38	2
3614255	214684.XP_571844.1	6.29	1
3612757	214684.XP_570346.1	13.1	8
3610103	214684.XP_567692.1	208	69
3609086	214684.XP_566675.1	61.5	16
3611823	214684.XP_569412.1	223	20
3611089	214684.XP_568678.1	85.2	11
3608898	214684.XP_566487.1	3.27	1
3612200	214684.XP_569789.1	7.98	1
3613896	214684.XP_571485.1	34.5	12
3612956	214684.XP_570545.1	17.3	7
3614580	214684.XP_572169.1	5.82	2
3614102	214684.XP_571691.1	11171	774
3609866	214684.XP_567455.1	4.2	1
3609044	214684.XP_566633.1	2.93	1
3614739	214684.XP_572328.1	44.8	29
3613082	214684.XP_570671.1	342	33
3610823	214684.XP_568412.1	4.72	3
3609270	214684.XP_566859.1	1739	273
3614373	214684.XP_571962.1	6.13	1
3614768	214684.XP_572357.1	0.955	1
3610913	214684.XP_568502.1	9.96	3
3614489	214684.XP_572078.1	248	10
3609453	214684.XP_567042.1	12.1	8
3610987	214684.XP_568576.1	3348	78
3609224	214684.XP_566813.1	2.14	1
3615083	214684.XP_572672.1	60312	6664
3611929	214684.XP_569518.1	54.5	15
3614022	214684.XP_571611.1	15.3	4
3614411	214684.XP_572000.1	1.33	1
3613136	214684.XP_570725.1	42.7	9
3611173	214684.XP_568762.1	36.8	11
3614020	214684.XP_571609.1	132	7
3612309	214684.XP_569898.1	17.7	6
3614141	214684.XP_571730.1	3.12	1
3610747	214684.XP_568336.1	231	50
3611747	214684.XP_569336.1	14.8	3
3613401	214684.XP_570990.1	1.97	1
3611607	214684.XP_569196.1	132	7
3612853	214684.XP_570442.1	83.4	4
3608895	214684.XP_566484.1	2.89	1
3611204	214684.XP_568793.1	49.7	13
3610746	214684.XP_568335.1	22.9	7
3612273	214684.XP_569862.1	28.8	2
3612597	214684.XP_570186.1	7.43	2
3613400	214684.XP_570989.1	0.866	1
3609520	214684.XP_567109.1	22.0	1
3611685	214684.XP_569274.1	23.0	2
3612544	214684.XP_570133.1	942	25
3610326	214684.XP_567915.1	584	32
3610897	214684.XP_568486.1	18.5	24
3614713	214684.XP_572302.1	5.35	4
3609397	214684.XP_566986.1	41.4	8
3613931	214684.XP_571520.1	2.51	1
3611391	214684.XP_568980.1	1186	136
3611379	214684.XP_568968.1	19.0	5
3610053	214684.XP_567642.1	23.6	5
3608927	214684.XP_566516.1	11.0	2
3614131	214684.XP_571720.1	5.38	4
3611899	214684.XP_569488.1	56.0	17
3609263	214684.XP_566852.1	2.83	1
3613268	214684.XP_570857.1	19.0	5
3611169	214684.XP_568758.1	5.11	1
3610109	214684.XP_567698.1	465	90
3614872	214684.XP_572461.1	23.2	4
3611328	214684.XP_568917.1	332	39
3613578	214684.XP_571167.1	3.95	1
3611668	214684.XP_569257.1	41.6	6
3615288	214684.XP_572877.1	34.6	9
3612663	214684.XP_570252.1	1.58	1
3609424	214684.XP_567013.1	5.53	2
3609135	214684.XP_566724.1	21.0	1
3613781	214684.XP_571370.1	11.3	4
3612580	214684.XP_570169.1	5.08	2
3611443	214684.XP_569032.1	11.2	1
3611290	214684.XP_568879.1	16.7	5
3610587	214684.XP_568176.1	279	31
3612759	214684.XP_570348.1	496	143
3614415	214684.XP_572004.1	3.93	1
3613619	214684.XP_571208.1	19.1	3
3612570	214684.XP_570159.1	1.44	1
3609112	214684.XP_566701.1	43.5	5
3612094	214684.XP_569683.1	2.94	1
3611859	214684.XP_569448.1	7.36	1
3613458	214684.XP_571047.1	1.3	1
3613874	214684.XP_571463.1	5.95	6
3609966	214684.XP_567555.1	4.61	2
3609709	214684.XP_567298.1	70.3	23
3612518	214684.XP_570107.1	9.69	5
3612933	214684.XP_570522.1	12.4	1
3610260	214684.XP_567849.1	55.6	26
3612154	214684.XP_569743.1	6.28	1
3613883	214684.XP_571472.1	271	93
3614143	214684.XP_571732.1	22.6	7
3612709	214684.XP_570298.1	30.0	4
3611912	214684.XP_569501.1	4.58	1
3614091	214684.XP_571680.1	106	15
3615246	214684.XP_572835.1	6.49	2
3613437	214684.XP_571026.1	590	85
3609983	214684.XP_567572.1	2.07	1
3610684	214684.XP_568273.1	1.73	1
3612718	214684.XP_570307.1	1902	293
3614598	214684.XP_572187.1	0.734	1
3609160	214684.XP_566749.1	7.02	2
3614354	214684.XP_571943.1	7.21	1
3613759	214684.XP_571348.1	1073	344
3611972	214684.XP_569561.1	45.0	18
3608851	214684.XP_566440.1	12.3	1
3612244	214684.XP_569833.1	6.88	2
3609746	214684.XP_567335.1	61.9	9
3609329	214684.XP_566918.1	10.6	2
3612802	214684.XP_570391.1	4.51	1
3609706	214684.XP_567295.1	2.92	1
3609618	214684.XP_567207.1	66.5	5
3611258	214684.XP_568847.1	10.5	3
3613337	214684.XP_570926.1	91.6	16
3612906	214684.XP_570495.1	18.8	2
3608921	214684.XP_566510.1	47.9	5
3613014	214684.XP_570603.1	165	13
3614443	214684.XP_572032.1	1243	119
3613037	214684.XP_570626.1	26.9	17
3613525	214684.XP_571114.1	373	130
3609139	214684.XP_566728.1	2.8	1
3615245	214684.XP_572834.1	185	54
3614687	214684.XP_572276.1	3.15	1
3612764	214684.XP_570353.1	86.7	12
3610530	214684.XP_568119.1	74.6	24
3614323	214684.XP_571912.1	1.0	1
3609155	214684.XP_566744.1	37.8	7
3609745	214684.XP_567334.1	1.23	1
3609633	214684.XP_567222.1	5.24	1
3613254	214684.XP_570843.1	45.1	21
3611251	214684.XP_568840.1	0.845	2
3614767	214684.XP_572356.1	0.955	1
3612837	214684.XP_570426.1	389	8
3609387	214684.XP_566976.1	63.0	30
3613837	214684.XP_571426.1	7.02	2
3611918	214684.XP_569507.1	1.84	1
3613015	214684.XP_570604.1	3.98	1
3615024	214684.XP_572613.1	17.5	4
3610936	214684.XP_568525.1	6.78	2
3614176	214684.XP_571765.1	14.3	3
3613741	214684.XP_571330.1	29.4	9
3612646	214684.XP_570235.1	15.3	6
3612836	214684.XP_570425.1	17.9	2
3611920	214684.XP_569509.1	1209	629
3614038	214684.XP_571627.1	1525	247
3612101	214684.XP_569690.1	5.41	2
3610808	214684.XP_568397.1	8.95	5
3612024	214684.XP_569613.1	2066	175
3612460	214684.XP_570049.1	198	35
3610244	214684.XP_567833.1	19.9	4
3609539	214684.XP_567128.1	14.2	2
3613234	214684.XP_570823.1	5.69	1
3609686	214684.XP_567275.1	357	59
3613679	214684.XP_571268.1	12.1	4
3614990	214684.XP_572579.1	44.6	9
3609973	214684.XP_567562.1	247	22
3614118	214684.XP_571707.1	2.53	1
3610235	214684.XP_567824.1	52.5	5
3611208	214684.XP_568797.1	0.852	1
3611164	214684.XP_568753.1	11.2	1
3610115	214684.XP_567704.1	2190	762
3610889	214684.XP_568478.1	36.1	19
3614382	214684.XP_571971.1	8.96	3
3614943	214684.XP_572532.1	267	176
3609783	214684.XP_567372.1	71.6	15
3608957	214684.XP_566546.1	15075	1392
3610442	214684.XP_568031.1	114	13
3611940	214684.XP_569529.1	15.5	1
3609072	214684.XP_566661.1	29.0	5
3609275	214684.XP_566864.1	9.68	3
3610207	214684.XP_567796.1	39.8	3
3611943	214684.XP_569532.1	48.8	10
3610821	214684.XP_568410.1	596	59
3612005	214684.XP_569594.1	17.8	10
3609304	214684.XP_566893.1	1.97	1
3611559	214684.XP_569148.1	209	35
3610354	214684.XP_567943.1	3.43	4
3611535	214684.XP_569124.1	14.7	1
3608945	214684.XP_566534.1	41.3	3
3613182	214684.XP_570771.1	69.5	21
3615295	214684.XP_572884.1	230	27
3613085	214684.XP_570674.1	103	8
3615105	214684.XP_572694.1	1.79	1
3614951	214684.XP_572540.1	4.27	6
3614777	214684.XP_572366.1	9.48	1
3610124	214684.XP_567713.1	5.39	1
3614698	214684.XP_572287.1	97.6	23
3612555	214684.XP_570144.1	103	29
3610088	214684.XP_567677.1	11.9	2
3615347	214684.XP_572936.1	108	22
3612338	214684.XP_569927.1	29.3	7
3611881	214684.XP_569470.1	8.92	3
3611737	214684.XP_569326.1	55.3	19
3610918	214684.XP_568507.1	533	29
3614557	214684.XP_572146.1	12.8	2
3611578	214684.XP_569167.1	745	47
3614575	214684.XP_572164.1	17.6	3
3608935	214684.XP_566524.1	186	40
3608950	214684.XP_566539.1	47.0	9
3611616	214684.XP_569205.1	17.9	4
3611683	214684.XP_569272.1	13.7	1
3609030	214684.XP_566619.1	354	113
3613073	214684.XP_570662.1	18.9	9
3610034	214684.XP_567623.1	3.42	1
3609367	214684.XP_566956.1	80.5	21
3612373	214684.XP_569962.1	6.68	2
3613164	214684.XP_570753.1	2.9	4
3612895	214684.XP_570484.1	0.675	1
3611994	214684.XP_569583.1	35.6	14
3611827	214684.XP_569416.1	1190	102
3610457	214684.XP_568046.1	3.69	2
3614964	214684.XP_572553.1	64.2	8
3614789	214684.XP_572378.1	1987	174
3610966	214684.XP_568555.1	18.3	7
3609005	214684.XP_566594.1	29.3	3
3610822	214684.XP_568411.1	12.9	2
3615003	214684.XP_572592.1	32.4	4
3609818	214684.XP_567407.1	98.8	106
3610215	214684.XP_567804.1	117	12
3613709	214684.XP_571298.1	1.89	1
3611458	214684.XP_569047.1	14.2	3
3611539	214684.XP_569128.1	21.2	5
3609695	214684.XP_567284.1	64.0	3
3614350	214684.XP_571939.1	42.4	3
3613577	214684.XP_571166.1	5.31	1
3610873	214684.XP_568462.1	42852	2651
3610448	214684.XP_568037.1	46.7	11
3613940	214684.XP_571529.1	561	8
3614146	214684.XP_571735.1	10.1	2
3614325	214684.XP_571914.1	1017	73
3609236	214684.XP_566825.1	37.8	8
3612601	214684.XP_570190.1	143	30
3611778	214684.XP_569367.1	3.1	1
3609287	214684.XP_566876.1	4.51	1
3615418	214684.XP_573007.1	5.96	3
3613394	214684.XP_570983.1	3.98	1
3611562	214684.XP_569151.1	4.77	1
3614252	214684.XP_571841.1	15.2	1
3613906	214684.XP_571495.1	3263	444
3610795	214684.XP_568384.1	3.3	1
3609778	214684.XP_567367.1	266	20
3609765	214684.XP_567354.1	33.4	7
3615101	214684.XP_572690.1	29.2	2
3614745	214684.XP_572334.1	120	48
3610594	214684.XP_568183.1	13.3	3
3609508	214684.XP_567097.1	14.1	5
3611510	214684.XP_569099.1	103	5
3610621	214684.XP_568210.1	3.05	1
3610565	214684.XP_568154.1	10.0	2
3614216	214684.XP_571805.1	105	30
3612208	214684.XP_569797.1	20.9	3
3610575	214684.XP_568164.1	7.16	3
3613885	214684.XP_571474.1	1417	13
3609819	214684.XP_567408.1	12.6	3
3612666	214684.XP_570255.1	4.36	3
3610642	214684.XP_568231.1	33.9	11
3610729	214684.XP_568318.1	59.0	14
3613130	214684.XP_570719.1	0.956	1
3609156	214684.XP_566745.1	9.58	7
3609374	214684.XP_566963.1	17.4	10
3609723	214684.XP_567312.1	171	69
3611266	214684.XP_568855.1	6.01	2
3612604	214684.XP_570193.1	41.9	2
3613518	214684.XP_571107.1	76.6	14
3611874	214684.XP_569463.1	75.7	17
3614502	214684.XP_572091.1	127	4
3613179	214684.XP_570768.1	89.1	12
3609930	214684.XP_567519.1	11.1	2
3609398	214684.XP_566987.1	5.26	5
3614014	214684.XP_571603.1	4.53	3
3609789	214684.XP_567378.1	290	45
3612048	214684.XP_569637.1	2.64	1
3615042	214684.XP_572631.1	398	131
3612305	214684.XP_569894.1	23.2	13
3614359	214684.XP_571948.1	857	397
3614836	214684.XP_572425.1	2.92	2
3611613	214684.XP_569202.1	18.7	5
3609150	214684.XP_566739.1	2.37	1
3611468	214684.XP_569057.1	49.3	22
3609523	214684.XP_567112.1	885	150
3609811	214684.XP_567400.1	4.94	1
3611327	214684.XP_568916.1	7.08	1
3612650	214684.XP_570239.1	1.98	1
3611645	214684.XP_569234.1	60.2	21
3610694	214684.XP_568283.1	78.0	47
3610231	214684.XP_567820.1	34.7	11
3610715	214684.XP_568304.1	24.6	11
3611776	214684.XP_569365.1	12.5	2
3615307	214684.XP_572896.1	7.89	1
3611449	214684.XP_569038.1	14.6	3
3609349	214684.XP_566938.1	8.61	1
3610017	214684.XP_567606.1	3.38	1
3612767	214684.XP_570356.1	8.02	2
3608994	214684.XP_566583.1	1.95	1
3611596	214684.XP_569185.1	17.3	2
3614114	214684.XP_571703.1	84.9	10
3613421	214684.XP_571010.1	76.6	8
3611061	214684.XP_568650.1	4.32	2
3609193	214684.XP_566782.1	126	24
3613862	214684.XP_571451.1	5.69	1
3611641	214684.XP_569230.1	0.95	1
3609014	214684.XP_566603.1	24.2	3
3612829	214684.XP_570418.1	78.4	43
3611245	214684.XP_568834.1	522	156
3609264	214684.XP_566853.1	3.0	1
3610335	214684.XP_567924.1	21.1	5
3609965	214684.XP_567554.1	19.3	2
3609420	214684.XP_567009.1	87.8	20
3613763	214684.XP_571352.1	2.55	1
3611516	214684.XP_569105.1	199	17
3609589	214684.XP_567178.1	3616	85
3609550	214684.XP_567139.1	63.9	7
3613420	214684.XP_571009.1	27.5	9
3610883	214684.XP_568472.1	1.62	1
3613695	214684.XP_571284.1	6.2	2
3615339	214684.XP_572928.1	39.0	6
3610693	214684.XP_568282.1	78.4	33
3610332	214684.XP_567921.1	42.9	5
3615329	214684.XP_572918.1	1032	151
3610796	214684.XP_568385.1	1.78	1
3613775	214684.XP_571364.1	850	50
3613235	214684.XP_570824.1	129	1
3613723	214684.XP_571312.1	34.9	5
3614381	214684.XP_571970.1	2.08	1
3614574	214684.XP_572163.1	6.19	1
3610521	214684.XP_568110.1	15.4	2
3614485	214684.XP_572074.1	1.69	1
3612619	214684.XP_570208.1	99.1	31
3615069	214684.XP_572658.1	11.3	5
3613592	214684.XP_571181.1	22.6	4
3609573	214684.XP_567162.1	15.1	3
3609168	214684.XP_566757.1	692	191
3611706	214684.XP_569295.1	22.7	7
3614327	214684.XP_571916.1	8.41	4
3609129	214684.XP_566718.1	636	34
3611252	214684.XP_568841.1	237	122
3611657	214684.XP_569246.1	10.3	6
3615312	214684.XP_572901.1	56.1	13
3613713	214684.XP_571302.1	8.77	4
3609207	214684.XP_566796.1	7.72	1
3611345	214684.XP_568934.1	49.0	37
3612841	214684.XP_570430.1	106	24
3614899	214684.XP_572488.1	58.2	15
3612654	214684.XP_570243.1	300	45
3613708	214684.XP_571297.1	3.48	1
3610196	214684.XP_567785.1	28.0	2
3611957	214684.XP_569546.1	306	8
3609939	214684.XP_567528.1	10.6	5
3611947	214684.XP_569536.1	210	8
3612694	214684.XP_570283.1	11.4	2
3609402	214684.XP_566991.1	1380	55
3612563	214684.XP_570152.1	36.2	9
3609365	214684.XP_566954.1	18.9	29
3615165	214684.XP_572754.1	41.3	17
3614653	214684.XP_572242.1	53.2	9
3613346	214684.XP_570935.1	76.3	4
3609953	214684.XP_567542.1	13.8	2
3612644	214684.XP_570233.1	3.38	2
3612952	214684.XP_570541.1	9.21	2
3611294	214684.XP_568883.1	198	39
3608955	214684.XP_566544.1	23.0	3
3609232	214684.XP_566821.1	17.0	1
3614728	214684.XP_572317.1	195	46
3612927	214684.XP_570516.1	4.13	3
3615143	214684.XP_572732.1	8.49	2
3613796	214684.XP_571385.1	18.8	11
3610065	214684.XP_567654.1	15.4	5
3614880	214684.XP_572469.1	7.04	3
3614418	214684.XP_572007.1	64.7	17
3613690	214684.XP_571279.1	47.3	17
3610615	214684.XP_568204.1	39.3	3
3610956	214684.XP_568545.1	21.1	5
3611689	214684.XP_569278.1	2574	105
3612236	214684.XP_569825.1	11.7	1
3610261	214684.XP_567850.1	21.6	16
3614936	214684.XP_572525.1	85.9	6
3611282	214684.XP_568871.1	9.99	1
3614933	214684.XP_572522.1	3.89	1
3609755	214684.XP_567344.1	23.9	14
3610190	214684.XP_567779.1	68.0	9
3614368	214684.XP_571957.1	2.58	1
3609125	214684.XP_566714.1	802	97
3609759	214684.XP_567348.1	4.86	1
3611837	214684.XP_569426.1	31.7	6
3610843	214684.XP_568432.1	28.9	4
3611431	214684.XP_569020.1	45.1	2
3612359	214684.XP_569948.1	10.8	2
3612835	214684.XP_570424.1	19.9	4
3609081	214684.XP_566670.1	11.9	3
3610980	214684.XP_568569.1	53.5	12
3611704	214684.XP_569293.1	1194	98
3614725	214684.XP_572314.1	509	44
3614616	214684.XP_572205.1	15.1	5
3611931	214684.XP_569520.1	53.7	15
3612499	214684.XP_570088.1	8.0	2
3611610	214684.XP_569199.1	48.8	6
3609318	214684.XP_566907.1	71.7	20
3612553	214684.XP_570142.1	11.8	2
3611541	214684.XP_569130.1	42.6	5
3614226	214684.XP_571815.1	26.6	9
3611182	214684.XP_568771.1	6722	1511
3614771	214684.XP_572360.1	34.0	6
3614416	214684.XP_572005.1	7.6	2
3611470	214684.XP_569059.1	13.9	5
3611682	214684.XP_569271.1	4.15	1
3610218	214684.XP_567807.1	3.3	1
3615270	214684.XP_572859.1	22.9	7
3611663	214684.XP_569252.1	757	37
3613808	214684.XP_571397.1	2.37	1
3611036	214684.XP_568625.1	1.05	1
3613183	214684.XP_570772.1	15.5	1
3610492	214684.XP_568081.1	27.9	7
3610033	214684.XP_567622.1	64.4	26
3612016	214684.XP_569605.1	136	23
3612441	214684.XP_570030.1	9.75	2
3614311	214684.XP_571900.1	102	12
3611815	214684.XP_569404.1	20.1	1
3614371	214684.XP_571960.1	45.8	38
3609716	214684.XP_567305.1	22.3	7
3612687	214684.XP_570276.1	112	19
3613548	214684.XP_571137.1	152	15
3611255	214684.XP_568844.1	31.6	8
3611990	214684.XP_569579.1	318	82
3614115	214684.XP_571704.1	132	3
3612326	214684.XP_569915.1	11.6	2
3612960	214684.XP_570549.1	3004	801
3612224	214684.XP_569813.1	36.0	2
3613800	214684.XP_571389.1	17.3	20
3614125	214684.XP_571714.1	41.4	8
3613854	214684.XP_571443.1	12.6	4
3609298	214684.XP_566887.1	1408	259
3612609	214684.XP_570198.1	1.66	1
3608991	214684.XP_566580.1	2.63	1
3613398	214684.XP_570987.1	17.7	4
3612102	214684.XP_569691.1	7.89	4
3609296	214684.XP_566885.1	95.3	10
3611303	214684.XP_568892.1	5.57	1
3614197	214684.XP_571786.1	204	75
3611620	214684.XP_569209.1	11.7	8
3608846	214684.XP_566435.1	162	29
3609902	214684.XP_567491.1	87.2	3
3611983	214684.XP_569572.1	43.6	9
3613340	214684.XP_570929.1	116	25
3612232	214684.XP_569821.1	9.88	2
3610917	214684.XP_568506.1	4.28	1
3612613	214684.XP_570202.1	15.3	4
3612145	214684.XP_569734.1	1262	187
3613344	214684.XP_570933.1	34.6	9
3609352	214684.XP_566941.1	3.5	1
3609303	214684.XP_566892.1	127	9
3609728	214684.XP_567317.1	8.16	1
3615064	214684.XP_572653.1	4.48	4
3614307	214684.XP_571896.1	15.9	5
3613510	214684.XP_571099.1	259	200
3615123	214684.XP_572712.1	54.6	7
3609159	214684.XP_566748.1	130	33
3609496	214684.XP_567085.1	35.3	14
3613802	214684.XP_571391.1	55.9	37
3614871	214684.XP_572460.1	523	229
3615285	214684.XP_572874.1	43.4	13
3610321	214684.XP_567910.1	15878	2883
3613319	214684.XP_570908.1	84.4	6
3610455	214684.XP_568044.1	3.69	2
3614424	214684.XP_572013.1	854	98
3609861	214684.XP_567450.1	103	38
3614106	214684.XP_571695.1	31.4	6
3612281	214684.XP_569870.1	33.2	6
3613973	214684.XP_571562.1	44.2	12
3611611	214684.XP_569200.1	16.3	5
3611661	214684.XP_569250.1	1.94	1
3612501	214684.XP_570090.1	5.94	1
3614145	214684.XP_571734.1	3.2	1
3614564	214684.XP_572153.1	8.16	1
3615428	214684.XP_573017.1	16.0	1
3615250	214684.XP_572839.1	7.01	2
3610557	214684.XP_568146.1	53.6	13
3613825	214684.XP_571414.1	4.89	3
3610656	214684.XP_568245.1	3.53	1
3615122	214684.XP_572711.1	7647	286
3615174	214684.XP_572763.1	5.64	2
3614453	214684.XP_572042.1	5.06	1
3609055	214684.XP_566644.1	49.6	16
3612078	214684.XP_569667.1	3158	84
3609116	214684.XP_566705.1	27.6	4
3613778	214684.XP_571367.1	2220	39
3608985	214684.XP_566574.1	87.0	40
3613374	214684.XP_570963.1	2015	130
3613593	214684.XP_571182.1	3.95	1
3614372	214684.XP_571961.1	12.7	3
3609459	214684.XP_567048.1	3.2	2
3610541	214684.XP_568130.1	14.5	2
3612762	214684.XP_570351.1	215	39
3613146	214684.XP_570735.1	186	22
3613727	214684.XP_571316.1	51.0	70
3613756	214684.XP_571345.1	225	29
3613348	214684.XP_570937.1	1.1	1
3611295	214684.XP_568884.1	162	11
3610441	214684.XP_568030.1	434	96
3614952	214684.XP_572541.1	3.73	4
3614394	214684.XP_571983.1	19.9	6
3611005	214684.XP_568594.1	11.6	1
3611448	214684.XP_569037.1	9.68	1
3609910	214684.XP_567499.1	114	15
3615252	214684.XP_572841.1	57.3	22
3610268	214684.XP_567857.1	3.48	1
3614207	214684.XP_571796.1	8.97	2
3611285	214684.XP_568874.1	18.0	5
3610251	214684.XP_567840.1	8.16	1
3611348	214684.XP_568937.1	5.81	1
3611590	214684.XP_569179.1	8.36	3
3609248	214684.XP_566837.1	111	30
3609090	214684.XP_566679.1	4.35	1
3615014	214684.XP_572603.1	123	39
3612827	214684.XP_570416.1	74.4	6
3612885	214684.XP_570474.1	2.86	1
3610842	214684.XP_568431.1	8645	740
3611644	214684.XP_569233.1	60.2	21
3613524	214684.XP_571113.1	333	130
3613043	214684.XP_570632.1	136	80
3615316	214684.XP_572905.1	67.7	13
3611477	214684.XP_569066.1	32.2	1
3613165	214684.XP_570754.1	2.91	4
3609162	214684.XP_566751.1	494	173
3609596	214684.XP_567185.1	202	23
3613261	214684.XP_570850.1	1.99	1
3612670	214684.XP_570259.1	3.41	1
3615251	214684.XP_572840.1	18.3	1
3610118	214684.XP_567707.1	152	36
3611363	214684.XP_568952.1	321	48
3610824	214684.XP_568413.1	1139	49
3611741	214684.XP_569330.1	77.6	5
3611544	214684.XP_569133.1	124	70
3615230	214684.XP_572819.1	27.9	13
3614538	214684.XP_572127.1	12.7	3
3612310	214684.XP_569899.1	4.02	1
3614283	214684.XP_571872.1	1.2	2
3612210	214684.XP_569799.1	133	8
3612264	214684.XP_569853.1	2.81	1
3611086	214684.XP_568675.1	550	56
3611347	214684.XP_568936.1	6.08	1
3614949	214684.XP_572538.1	4.26	1
3613634	214684.XP_571223.1	1516	243
3608850	214684.XP_566439.1	2.8	1
3609867	214684.XP_567456.1	3779	24
3613345	214684.XP_570934.1	4820	305
3614092	214684.XP_571681.1	0.907	1
3609096	214684.XP_566685.1	15.0	2
3613560	214684.XP_571149.1	70.3	29
3614856	214684.XP_572445.1	7.9	2
3614417	214684.XP_572006.1	79.2	21
3610122	214684.XP_567711.1	193	66
3614637	214684.XP_572226.1	8.5	3
3613974	214684.XP_571563.1	86.0	3
3609170	214684.XP_566759.1	10.1	5
3615313	214684.XP_572902.1	46.3	11
3611583	214684.XP_569172.1	14.2	1
3614180	214684.XP_571769.1	463	189
3612890	214684.XP_570479.1	2.15	1
3612413	214684.XP_570002.1	33.2	13
3612569	214684.XP_570158.1	6.04	4
3611166	214684.XP_568755.1	23.8	3
3611178	214684.XP_568767.1	37.3	43
3610937	214684.XP_568526.1	2.92	1
3609392	214684.XP_566981.1	421	52
3609443	214684.XP_567032.1	23.7	5
3614108	214684.XP_571697.1	732	152
3612392	214684.XP_569981.1	1.43	1
3609119	214684.XP_566708.1	772	90
3609898	214684.XP_567487.1	284	125
3612050	214684.XP_569639.1	251	26
3609085	214684.XP_566674.1	26.4	4
3609568	214684.XP_567157.1	27.5	5
3612706	214684.XP_570295.1	23.6	10
3614820	214684.XP_572409.1	16.7	6
3612954	214684.XP_570543.1	3.71	1
3608876	214684.XP_566465.1	10.5	5
3609967	214684.XP_567556.1	2.46	1
3610753	214684.XP_568342.1	83.8	5
3614333	214684.XP_571922.1	3.34	1
3610985	214684.XP_568574.1	21.0	4
3612567	214684.XP_570156.1	7.47	1
3614186	214684.XP_571775.1	6.8	2
3611708	214684.XP_569297.1	226	29
3614787	214684.XP_572376.1	25.3	4
3612216	214684.XP_569805.1	5.12	3
3611814	214684.XP_569403.1	19.4	1
3613820	214684.XP_571409.1	31.4	3
3611928	214684.XP_569517.1	139	28
3609217	214684.XP_566806.1	1895	53
3613617	214684.XP_571206.1	6.5	3
3609104	214684.XP_566693.1	2.54	1
3614358	214684.XP_571947.1	728	397
3610040	214684.XP_567629.1	6.35	1
3614865	214684.XP_572454.1	875	228
3612623	214684.XP_570212.1	11.4	3
3611828	214684.XP_569417.1	110	8
3614917	214684.XP_572506.1	71.5	20
3611767	214684.XP_569356.1	38.3	17
3614421	214684.XP_572010.1	15.0	10
3611857	214684.XP_569446.1	70.3	8
3613451	214684.XP_571040.1	29.6	4
3609901	214684.XP_567490.1	19.2	3
3612059	214684.XP_569648.1	929	57
3614934	214684.XP_572523.1	44.8	7
3614412	214684.XP_572001.1	89.5	2
3612311	214684.XP_569900.1	14.3	5
3609379	214684.XP_566968.1	424	57
3613376	214684.XP_570965.1	13.3	3
3612020	214684.XP_569609.1	4.78	1
3610817	214684.XP_568406.1	7.28	1
3610618	214684.XP_568207.1	5.42	1
3612391	214684.XP_569980.1	3919	341
3614414	214684.XP_572003.1	1792	365
3610140	214684.XP_567729.1	2.28	1
3612065	214684.XP_569654.1	6.34	1
3611675	214684.XP_569264.1	24.7	10
3609708	214684.XP_567297.1	517	91
3611172	214684.XP_568761.1	503	28
3612547	214684.XP_570136.1	8.07	2
3613124	214684.XP_570713.1	33.5	29
3609230	214684.XP_566819.1	178	14
3611104	214684.XP_568693.1	13.2	3
3612600	214684.XP_570189.1	1009	191
3613229	214684.XP_570818.1	102	15
3612631	214684.XP_570220.1	2251	63
3612061	214684.XP_569650.1	2949	667
3610569	214684.XP_568158.1	612	293
3612620	214684.XP_570209.1	114	16
3610894	214684.XP_568483.1	18.5	24
3613197	214684.XP_570786.1	59.4	6
3614636	214684.XP_572225.1	71.3	10
3609572	214684.XP_567161.1	3.41	1
3613023	214684.XP_570612.1	8.76	1
3614434	214684.XP_572023.1	63.9	6
3610713	214684.XP_568302.1	89.6	9
3613484	214684.XP_571073.1	44.6	13
3614499	214684.XP_572088.1	701	48
3614341	214684.XP_571930.1	10.3	5
3611462	214684.XP_569051.1	1488	114
3612958	214684.XP_570547.1	30.6	8
3614622	214684.XP_572211.1	4.79	1
3613726	214684.XP_571315.1	2.56	1
3613784	214684.XP_571373.1	3.54	1
3611242	214684.XP_568831.1	14.6	6
3612140	214684.XP_569729.1	134	16
3615032	214684.XP_572621.1	6.6	2
3614633	214684.XP_572222.1	5.37	1
3611740	214684.XP_569329.1	98.6	3
3613886	214684.XP_571475.1	71.8	7
3609890	214684.XP_567479.1	39.6	14
3612075	214684.XP_569664.1	15.7	3
3613768	214684.XP_571357.1	51.6	4
3613205	214684.XP_570794.1	66.6	13
3614829	214684.XP_572418.1	13.9	4
3611933	214684.XP_569522.1	5.93	3
3610229	214684.XP_567818.1	8.02	2
3613313	214684.XP_570902.1	1.77	1
3612388	214684.XP_569977.1	128935	8401
3612910	214684.XP_570499.1	82.1	15
3613236	214684.XP_570825.1	2.16	1
3611953	214684.XP_569542.1	37.9	11
3611031	214684.XP_568620.1	1.35	1
3611584	214684.XP_569173.1	4.76	1
3612034	214684.XP_569623.1	108	34
3611543	214684.XP_569132.1	124	70
3612272	214684.XP_569861.1	184	26
3614806	214684.XP_572395.1	42.6	6
3611574	214684.XP_569163.1	22.8	10
3612219	214684.XP_569808.1	29.6	4
3614446	214684.XP_572035.1	22.7	3
3608920	214684.XP_566509.1	363	51
3614002	214684.XP_571591.1	39.1	10
3609682	214684.XP_567271.1	621	181
3612677	214684.XP_570266.1	5.68	1
3612791	214684.XP_570380.1	6.79	2
3609179	214684.XP_566768.1	329	100
3611733	214684.XP_569322.1	5.01	3
3610031	214684.XP_567620.1	1.39	1
3614018	214684.XP_571607.1	503	37
3613356	214684.XP_570945.1	55.1	23
3610516	214684.XP_568105.1	47.3	26
3611829	214684.XP_569418.1	88.0	21
3612011	214684.XP_569600.1	71.1	14
3613343	214684.XP_570932.1	12.5	2
3615039	214684.XP_572628.1	91.0	4
3614001	214684.XP_571590.1	46.4	22
3610187	214684.XP_567776.1	1368	549
3614956	214684.XP_572545.1	6.62	5
3609961	214684.XP_567550.1	29.4	4
3610362	214684.XP_567951.1	1557	193
3609324	214684.XP_566913.1	791	22
3611891	214684.XP_569480.1	69.2	17
3613362	214684.XP_570951.1	9.58	1
3610408	214684.XP_567997.1	136	28
3613463	214684.XP_571052.1	5.79	2
3615290	214684.XP_572879.1	385	21
3612626	214684.XP_570215.1	5.86	4
3613180	214684.XP_570769.1	43.2	5
3611840	214684.XP_569429.1	41.6	3
3614831	214684.XP_572420.1	94.6	21
3614914	214684.XP_572503.1	12.3	2
3608980	214684.XP_566569.1	2.32	1
3613363	214684.XP_570952.1	27.9	4
3611063	214684.XP_568652.1	227	171
3611275	214684.XP_568864.1	2404	67
3613203	214684.XP_570792.1	785	35
3610485	214684.XP_568074.1	4.65	2
3609602	214684.XP_567191.1	4.5	2
3614758	214684.XP_572347.1	1.81	2
3612275	214684.XP_569864.1	27.6	7
3612611	214684.XP_570200.1	48.4	10
3614044	214684.XP_571633.1	2.36	2
3609078	214684.XP_566667.1	197	47
3610688	214684.XP_568277.1	11.0	7
3613965	214684.XP_571554.1	36.5	24
3614352	214684.XP_571941.1	45.0	32
3612928	214684.XP_570517.1	68.7	7
3612225	214684.XP_569814.1	18.3	9
3612636	214684.XP_570225.1	6.47	2
3614447	214684.XP_572036.1	11.3	3
3611009	214684.XP_568598.1	11.3	3
3611523	214684.XP_569112.1	43.7	16
3610655	214684.XP_568244.1	159	21
3611299	214684.XP_568888.1	1.78	1
3613113	214684.XP_570702.1	20.3	5
3610471	214684.XP_568060.1	1.34	1
3610690	214684.XP_568279.1	118	10
3610507	214684.XP_568096.1	96.7	19
3614089	214684.XP_571678.1	3138	203
3613804	214684.XP_571393.1	55.9	37
3614021	214684.XP_571610.1	10.3	5
3614928	214684.XP_572517.1	5.34	2
3609100	214684.XP_566689.1	1300	367
3610666	214684.XP_568255.1	5.72	1
3612765	214684.XP_570354.1	215	24
3612399	214684.XP_569988.1	10.7	1
3612069	214684.XP_569658.1	157	47
3615346	214684.XP_572935.1	1.94	1
3611133	214684.XP_568722.1	32.6	1
3611965	214684.XP_569554.1	14.4	1
3614905	214684.XP_572494.1	12.2	2
3609449	214684.XP_567038.1	130	83
3613387	214684.XP_570976.1	5.81	1
3613747	214684.XP_571336.1	2.98	4
3612487	214684.XP_570076.1	198	48
3614963	214684.XP_572552.1	85.1	2
3615345	214684.XP_572934.1	18.2	3
3612167	214684.XP_569756.1	315	187
3610869	214684.XP_568458.1	284	13
3611579	214684.XP_569168.1	11.4	15
3610392	214684.XP_567981.1	5.04	4
3615084	214684.XP_572673.1	46.5	10
3614053	214684.XP_571642.1	15.0	3
3614009	214684.XP_571598.1	29.2	8
3613171	214684.XP_570760.1	10.8	4
3608974	214684.XP_566563.1	426	256
3611088	214684.XP_568677.1	271	39
3609469	214684.XP_567058.1	13.0	5
3614182	214684.XP_571771.1	3352	2406
3611442	214684.XP_569031.1	62.3	10
3611264	214684.XP_568853.1	63.8	9
3613935	214684.XP_571524.1	5.94	1
3610931	214684.XP_568520.1	2.11	1
3611117	214684.XP_568706.1	1.3	1
3613091	214684.XP_570680.1	158	31
3610350	214684.XP_567939.1	4.26	1
3609317	214684.XP_566906.1	3.53	3
3613423	214684.XP_571012.1	13.6	2
3612864	214684.XP_570453.1	133	50
3609196	214684.XP_566785.1	10.4	2
3614259	214684.XP_571848.1	11.4	2
3610819	214684.XP_568408.1	15.3	3
3615341	214684.XP_572930.1	10.7	3
3615019	214684.XP_572608.1	6.11	1
3611794	214684.XP_569383.1	6.4	3
