#name: B.anthracis - Whole organism, SC (GPM,Aug,2014)
#score: 6.72
#weight: 100%
#description: abundance based on Spectral counting, from<a href="http://www.thegpm.org/" target="_blank">GPM,Aug,2014</a><br/><b>Interaction consistency score</b>: 6.72&nbsp<b>Coverage</b>: 26
#organ: WHOLE_ORGANISM
#integrated: false
#coverage: 26
#publication_year: 2014
#filename: 260799_GPM_201408.txt
#
#internal_id	string_external_id	abundance	raw_spectral_count
4014133	260799.BAS3888	21.6	36
4014129	260799.BAS3884	169	117
4014130	260799.BAS3885	19.8	29
4014131	260799.BAS3886	157	33
4014132	260799.BAS3887	63.4	208
4014125	260799.BAS3880	1092	2680
4014126	260799.BAS3881	2465	3183
4014127	260799.BAS3882	2467	3579
4014128	260799.BAS3883	4032	5658
4010328	260799.BAS0045	61.7	103
4010330	260799.BAS0047	1593	839
4010329	260799.BAS0046	131	20
4010326	260799.BAS0043	200	14
4014811	260799.BAS4569	10.5	7
4014804	260799.BAS4562	1.72	3
4014805	260799.BAS4563	8.36	6
4014802	260799.BAS4560	142	368
4010584	260799.BAS0308	27.3	34
4010582	260799.BAS0306	322	727
4010583	260799.BAS0307	350	677
4010581	260799.BAS0305	772	124
4013659	260799.BAS3408	599	2247
4014611	260799.BAS4369	669	1115
4014603	260799.BAS4361	21.1	27
4013653	260799.BAS3402	325	542
4013654	260799.BAS3403	1345	184
4014607	260799.BAS4365	13.8	13
4014608	260799.BAS4366	39.1	23
4014609	260799.BAS4367	171	404
4010325	260799.BAS0042	12.3	9
4010552	260799.BAS0276	301	531
4010553	260799.BAS0277	913	1669
4010551	260799.BAS0275	875	851
4012933	260799.BAS2680	4.99	4
4012938	260799.BAS2685	6.03	5
4010554	260799.BAS0278	183	204
4010555	260799.BAS0279	825	194
4014457	260799.BAS4214	422	315
4014458	260799.BAS4215	10.2	11
4014453	260799.BAS4210	1.93	4
4014454	260799.BAS4211	24.6	13
4014455	260799.BAS4212	179	302
4014456	260799.BAS4213	5826	10344
4010332	260799.BAS0049	1865	2127
4014461	260799.BAS4218	115	280
4010331	260799.BAS0048	272	352
4013905	260799.BAS3659	24714	3489
4013904	260799.BAS3658	311	980
4013897	260799.BAS3651	144	263
4013896	260799.BAS3650	691	1086
4013899	260799.BAS3653	77.1	84
4013898	260799.BAS3652	1675	2022
4013900	260799.BAS3654	230	312
4013902	260799.BAS3656	394	628
4012139	260799.BAS1879	7.8	10
4012131	260799.BAS1871	1060	735
4012137	260799.BAS1877	50.5	31
4012136	260799.BAS1876	3.99	9
4012134	260799.BAS1874	15.6	24
4011388	260799.BAS1120	3.18	3
4012690	260799.BAS2435	35.9	54
4010970	260799.BAS0698	23.7	15
4010966	260799.BAS0694	2.23	4
4010968	260799.BAS0696	7.65	10
4011574	260799.BAS1309	7.27	3
4011573	260799.BAS1308	7.66	20
4011572	260799.BAS1307	44.7	88
4011568	260799.BAS1303	8.92	8
4012576	260799.BAS2320	143	67
4015068	260799.BAS4830	14.1	24
4011288	260799.BAS1019	53.4	160
4011286	260799.BAS1017	104	125
4011285	260799.BAS1016	72.6	90
4012469	260799.BAS2212	112	90
4012470	260799.BAS2213	5273	2419
4013601	260799.BAS3349	3.34	5
4013600	260799.BAS3348	1122	2372
4013592	260799.BAS3340	1.02	5
4013597	260799.BAS3345	7.42	8
4011539	260799.BAS1274	7.4	15
4011535	260799.BAS1270	223	313
4011741	260799.BAS1476	3.86	12
4011740	260799.BAS1475	268	223
4011739	260799.BAS1474	10.2	9
4015392	260799.BAS5158	302	149
4015393	260799.BAS5159	509	284
4011736	260799.BAS1471	260	347
4011735	260799.BAS1470	6.85	16
4015388	260799.BAS5154	295	162
4015389	260799.BAS5155	3521	7847
4015390	260799.BAS5156	806	846
4015391	260799.BAS5157	1323	2088
4011744	260799.BAS1479	2.35	10
4012365	260799.BAS2106	1635	499
4012359	260799.BAS2100	75.9	73
4012360	260799.BAS2101	11.5	11
4014421	260799.BAS4177	8197	6684
4014414	260799.BAS4170	5.54	7
4015017	260799.BAS4779	22.6	9
4015011	260799.BAS4773	95.8	135
4013660	260799.BAS3409	2527	193
4015471	260799.BAS5238	525	649
4010335	260799.BAS0052	9.0	56
4010336	260799.BAS0053	395	233
4010333	260799.BAS0050	3.67	3
4010340	260799.BAS0057	130	44
4010338	260799.BAS0055	11.1	27
4014928	260799.BAS4689	91.7	72
4014922	260799.BAS4683	22.8	18
4014926	260799.BAS4687	159	148
4014924	260799.BAS4685	103	50
4015230	260799.BAS4996	52.7	62
4015227	260799.BAS4993	1234	413
4013656	260799.BAS3405	22.9	21
4014597	260799.BAS4355	325	958
4014668	260799.BAS4426	156	111
4014599	260799.BAS4357	5.43	9
4014666	260799.BAS4424	1760	2358
4014592	260799.BAS4350	892	1000
4014663	260799.BAS4421	12.8	17
4014662	260799.BAS4420	749	791
4014601	260799.BAS4359	345	383
4014600	260799.BAS4358	150	266
4014440	260799.BAS4197	56.1	38
4014439	260799.BAS4196	187	152
4014437	260799.BAS4194	209	217
4014436	260799.BAS4193	104	83
4014435	260799.BAS4192	7.88	9
4014434	260799.BAS4191	9.3	18
4014433	260799.BAS4190	61.2	66
4014442	260799.BAS4199	100.0	111
4012946	260799.BAS2693	202	242
4012944	260799.BAS2691	29.3	8
4014464	260799.BAS4221	3366	522
4014463	260799.BAS4220	95.3	127
4014468	260799.BAS4225	3.58	3
4014471	260799.BAS4228	41.1	15
4013893	260799.BAS3647	52.7	59
4013890	260799.BAS3644	297	256
4013888	260799.BAS3642	31.4	77
4013889	260799.BAS3643	1905	2186
4013894	260799.BAS3648	165	444
4012997	260799.BAS2744	7.25	12
4012998	260799.BAS2745	4.85	12
4013000	260799.BAS2747	75.7	135
4010792	260799.BAS0518	486	1258
4010790	260799.BAS0516	113	81
4010787	260799.BAS0513	9.55	15
4010784	260799.BAS0510	53.7	54
4012174	260799.BAS1915	125	121
4011911	260799.BAS1649	0.789	6
4011577	260799.BAS1312	56.0	81
4011575	260799.BAS1310	194	220
4011576	260799.BAS1311	5.32	13
4011581	260799.BAS1316	105	74
4011582	260799.BAS1317	65.0	44
4014333	260799.BAS4088	49.6	88
4012851	260799.BAS2597	18.0	27
4011003	260799.BAS0731	5.66	5
4011002	260799.BAS0730	521	480
4011271	260799.BAS1002	5.7	16
4011269	260799.BAS1000	92.2	168
4015249	260799.BAS5015	70.2	191
4015250	260799.BAS5016	54.7	108
4015245	260799.BAS5011	17.0	21
4011277	260799.BAS1008	6.51	3
4014328	260799.BAS4083	73.2	56
4011748	260799.BAS1483	31.7	52
4013608	260799.BAS3356	42.2	9
4011528	260799.BAS1263	24.1	27
4011525	260799.BAS1260	131	75
4011532	260799.BAS1267	179	261
4011534	260799.BAS1269	313	740
4015403	260799.BAS5169	628	400
4011730	260799.BAS1465	98.7	39
4011268	260799.BAS0999	67.4	89
4011732	260799.BAS1467	788	82
4011728	260799.BAS1463	319	37
4015394	260799.BAS5160	282	87
4011266	260799.BAS0997	71.3	54
4014884	260799.BAS4645	632	262
4015401	260799.BAS5167	13.4	6
4015400	260799.BAS5166	27.2	18
4012435	260799.BAS2178	6.83	9
4011120	260799.BAS0848	29.1	11
4011113	260799.BAS0841	1034	2942
4012431	260799.BAS2174	370	53
4014412	260799.BAS4168	191	24
4010478	260799.BAS0197	257	396
4010477	260799.BAS0196	35.5	30
4010476	260799.BAS0195	8.36	18
4014406	260799.BAS4162	15.8	13
4014407	260799.BAS4163	21.9	28
4014405	260799.BAS4161	88.0	34
4014409	260799.BAS4165	51.3	56
4015004	260799.BAS4766	14.2	9
4015005	260799.BAS4767	2557	4026
4015000	260799.BAS4761	2.72	15
4015001	260799.BAS4762	863	1840
4012263	260799.BAS2004	56.1	37
4012261	260799.BAS2002	151	159
4012267	260799.BAS2008	1623	673
4014751	260799.BAS4508	466	767
4014744	260799.BAS4501	88.3	79
4014748	260799.BAS4505	5.26	12
4014750	260799.BAS4507	30.2	38
4014932	260799.BAS4693	5.89	6
4015222	260799.BAS4988	3066	5161
4015223	260799.BAS4989	33796	30264
4015219	260799.BAS4985	10309	25657
4015220	260799.BAS4986	620	1020
4015221	260799.BAS4987	2043	2611
4014584	260799.BAS4342	2355	713
4014582	260799.BAS4340	1409	283
4013672	260799.BAS3421	2.4	4
4014588	260799.BAS4346	106	146
4013678	260799.BAS3427	28.9	12
4013164	260799.BAS2911	1431	1020
4013163	260799.BAS2910	496	380
4014591	260799.BAS4349	18.4	18
4013167	260799.BAS2914	168	93
4014429	260799.BAS4185	59.8	16
4014430	260799.BAS4186	89.2	105
4014431	260799.BAS4187	174	227
4014424	260799.BAS4180	126	176
4014477	260799.BAS4234	197	111
4013762	260799.BAS3513	24.9	18
4014474	260799.BAS4231	74.0	20
4013009	260799.BAS2756	8.55	9
4013880	260799.BAS3633	16.7	22
4013879	260799.BAS3632	5.43	9
4013877	260799.BAS3630	13.7	27
4013884	260799.BAS3637	91.7	190
4013883	260799.BAS3636	37.5	76
4013881	260799.BAS3634	2762	1034
4012115	260799.BAS1855	336	244
4013029	260799.BAS2776	360	105
4010780	260799.BAS0504	36.9	21
4010781	260799.BAS0505	544	265
4012119	260799.BAS1859	613	734
4012238	260799.BAS1979	3.43	3
4013440	260799.BAS3188	57.9	48
4013438	260799.BAS3186	3.93	12
4013433	260799.BAS3181	49.6	93
4013432	260799.BAS3180	256	334
4013434	260799.BAS3182	26.5	48
4013993	260799.BAS3747	1903	908
4013992	260799.BAS3746	282	993
4013989	260799.BAS3743	46.0	34
4013988	260799.BAS3742	239	69
4013986	260799.BAS3740	9.5	15
4012183	260799.BAS1924	84.5	57
4012187	260799.BAS1928	639	332
4011935	260799.BAS1673	274	289
4011938	260799.BAS1676	46.9	72
4011092	260799.BAS0820	713	320
4012841	260799.BAS2587	8.73	15
4013542	260799.BAS3290	31.5	9
4013545	260799.BAS3293	8.33	33
4012843	260799.BAS2589	6.48	3
4010996	260799.BAS0724	26.7	27
4011339	260799.BAS1071	629	1103
4011344	260799.BAS1076	353	782
4011343	260799.BAS1075	13.7	27
4015237	260799.BAS5003	107	150
4015234	260799.BAS5000	899	860
4015235	260799.BAS5001	32.8	6
4015241	260799.BAS5007	1066	1024
4015238	260799.BAS5004	243	281
4011371	260799.BAS1103	264	177
4013412	260799.BAS3160	2.22	3
4015408	260799.BAS5174	26.1	51
4015405	260799.BAS5171	288	247
4011562	260799.BAS1297	642	495
4011561	260799.BAS1296	6.2	4
4015412	260799.BAS5178	94.3	115
4011719	260799.BAS1454	157	290
4011723	260799.BAS1458	6.9	30
4011373	260799.BAS1105	791	1091
4011372	260799.BAS1104	1072	1368
4011253	260799.BAS0984	6.65	18
4011370	260799.BAS1102	21.0	37
4011369	260799.BAS1101	75.1	97
4012417	260799.BAS2160	6.42	47
4011122	260799.BAS0850	99.0	123
4011123	260799.BAS0851	280	580
4012341	260799.BAS2082	9.37	9
4014992	260799.BAS4753	75.4	88
4014993	260799.BAS4754	6904	2833
4014996	260799.BAS4757	13.1	46
4011181	260799.BAS0910	353	219
4012269	260799.BAS2010	10.6	18
4012278	260799.BAS2019	357	269
4014777	260799.BAS4535	1656	2446
4014779	260799.BAS4537	892	718
4014774	260799.BAS4532	2.82	4
4014780	260799.BAS4538	182	158
4014230	260799.BAS3985	79.3	56
4014229	260799.BAS3984	232	153
4014231	260799.BAS3986	56.2	84
4014228	260799.BAS3983	17.3	9
4013156	260799.BAS2903	53.4	56
4014505	260799.BAS4262	8.57	9
4014853	260799.BAS4612	62.5	94
4013161	260799.BAS2908	11507	13795
4013798	260799.BAS3549	630	1006
4010509	260799.BAS0228	1.14	3
4010507	260799.BAS0226	2.07	3
4013811	260799.BAS3563	4.48	15
4013810	260799.BAS3562	29.9	62
4014483	260799.BAS4240	191	24
4014487	260799.BAS4244	6.18	12
4013713	260799.BAS3463	68.1	134
4013868	260799.BAS3620	16.2	9
4013869	260799.BAS3621	76.1	152
4013870	260799.BAS3622	154	211
4013871	260799.BAS3623	471	958
4013872	260799.BAS3624	2.38	3
4013873	260799.BAS3625	1495	892
4013875	260799.BAS3627	180	299
4013876	260799.BAS3629	289	481
4012102	260799.BAS1842	451	375
4012103	260799.BAS1843	345	285
4012100	260799.BAS1840	551	929
4012101	260799.BAS1841	9.83	9
4012104	260799.BAS1844	13424	11446
4013015	260799.BAS2762	131	220
4011463	260799.BAS1197	61.8	159
4013445	260799.BAS3193	253	499
4013449	260799.BAS3197	16.9	15
4010681	260799.BAS0405	225	167
4014004	260799.BAS3758	263	395
4010678	260799.BAS0402	41.9	122
4014001	260799.BAS3755	97.3	44
4014003	260799.BAS3757	546	783
4010685	260799.BAS0409	100	18
4013998	260799.BAS3752	19.3	18
4012195	260799.BAS1936	114	185
4013538	260799.BAS3286	12.0	25
4013534	260799.BAS3282	8.47	7
4013533	260799.BAS3281	8.67	3
4012630	260799.BAS2375	247	551
4012629	260799.BAS2374	23.1	29
4012632	260799.BAS2377	48.7	20
4012631	260799.BAS2376	84.4	248
4012627	260799.BAS2371	173	73
4012626	260799.BAS2370	494	1076
4010984	260799.BAS0712	56.7	87
4010988	260799.BAS0716	1.89	3
4010990	260799.BAS0718	2.97	4
4011328	260799.BAS1060	1.09	9
4011330	260799.BAS1062	35.6	12
4011334	260799.BAS1066	17.0	9
4011337	260799.BAS1069	6.29	10
4015576	260799.BAS6002	1685	129
4015575	260799.BAS6001	843	84
4013629	260799.BAS3377	9.99	21
4013626	260799.BAS3374	11.0	4
4013627	260799.BAS3375	6.97	5
4013630	260799.BAS3378	19.1	64
4013631	260799.BAS3379	77.5	166
4013428	260799.BAS3176	2.66	6
4013424	260799.BAS3172	18.9	26
4013431	260799.BAS3179	465	794
4015337	260799.BAS5103	103	53
4015340	260799.BAS5106	11.6	15
4011549	260799.BAS1284	35.6	33
4011550	260799.BAS1285	55.0	23
4011552	260799.BAS1287	23.0	60
4011546	260799.BAS1281	44.9	39
4011714	260799.BAS1449	37.9	33
4011382	260799.BAS1114	841	1755
4011710	260799.BAS1445	5.61	12
4011707	260799.BAS1442	14.7	27
4011708	260799.BAS1443	20.0	9
4012413	260799.BAS2156	20.7	21
4012410	260799.BAS2153	793	510
4012415	260799.BAS2158	16.4	8
4012649	260799.BAS2394	15.3	21
4014987	260799.BAS4748	619	532
4013382	260799.BAS3130	9.9	12
4010417	260799.BAS0135	4124	798
4015557	260799.BAS5325	1205	109
4012280	260799.BAS2021	61.5	110
4015523	260799.BAS5290	40.0	51
4012286	260799.BAS2027	5.78	18
4014765	260799.BAS4523	2894	1771
4014763	260799.BAS4521	485	1921
4010414	260799.BAS0132	40.4	33
4010371	260799.BAS0089	289	484
4010370	260799.BAS0088	8.67	9
4014236	260799.BAS3991	75.7	44
4014241	260799.BAS3996	229	110
4014242	260799.BAS3997	232	348
4014240	260799.BAS3995	452	692
4010363	260799.BAS0081	2268	6631
4010362	260799.BAS0080	439	680
4010365	260799.BAS0083	14.3	33
4010364	260799.BAS0082	3.63	12
4010366	260799.BAS0084	31.0	44
4010369	260799.BAS0087	377	744
4010368	260799.BAS0086	214	89
4014346	260799.BAS4101	92.5	58
4015560	260799.BAS5328	342	495
4014660	260799.BAS4418	2804	2965
4014661	260799.BAS4419	466	572
4014659	260799.BAS4417	2711	1080
4014656	260799.BAS4414	3.82	4
4014657	260799.BAS4415	94.4	64
4014654	260799.BAS4412	313	343
4014655	260799.BAS4413	357	997
4010436	260799.BAS0155	602	329
4010439	260799.BAS0158	387	559
4010519	260799.BAS0238	270	543
4010513	260799.BAS0232	55.5	72
4010514	260799.BAS0233	454	629
4013056	260799.BAS2803	12.5	22
4010518	260799.BAS0237	19.9	30
4013053	260799.BAS2800	192	95
4014502	260799.BAS4259	5.21	4
4013822	260799.BAS3574	11419	4088
4010799	260799.BAS0525	259	396
4013867	260799.BAS3619	85.7	158
4013866	260799.BAS3618	38.7	100
4013865	260799.BAS3617	4.4	9
4012963	260799.BAS2710	19.2	15
4014015	260799.BAS3769	180	212
4010686	260799.BAS0410	122	241
4010687	260799.BAS0411	22.8	27
4014007	260799.BAS3761	58.0	57
4014009	260799.BAS3763	14.3	27
4014011	260799.BAS3765	41.2	117
4014013	260799.BAS3767	2.85	12
4012882	260799.BAS2628	191	195
4012625	260799.BAS2369	386	671
4012617	260799.BAS2361	13.3	31
4012623	260799.BAS2367	133	53
4012821	260799.BAS2567	2.34	3
4012814	260799.BAS2560	109	84
4012816	260799.BAS2562	9.62	19
4010972	260799.BAS0700	8.44	8
4011990	260799.BAS1729	21.1	34
4011322	260799.BAS1054	140	50
4011985	260799.BAS1724	7.69	9
4011984	260799.BAS1723	86.4	159
4011318	260799.BAS1050	2126	1184
4011320	260799.BAS1052	60.0	104
4013392	260799.BAS3140	13.1	12
4012745	260799.BAS2490	14.1	29
4014939	260799.BAS4700	527	306
4015348	260799.BAS5114	74.7	194
4015349	260799.BAS5115	6.18	9
4015350	260799.BAS5116	72.6	15
4015351	260799.BAS5117	647	2035
4011397	260799.BAS1129	5.23	8
4011703	260799.BAS1438	50.1	38
4011698	260799.BAS1433	3.68	4
4011697	260799.BAS1432	70.3	53
4011696	260799.BAS1431	150	141
4011392	260799.BAS1124	2.83	3
4012399	260799.BAS2142	2.96	8
4012400	260799.BAS2143	20.2	30
4012404	260799.BAS2147	11.1	3
4012402	260799.BAS2145	50.3	109
4014970	260799.BAS4731	43.0	39
4015118	260799.BAS4881	262	93
4014977	260799.BAS4738	7.74	9
4011804	260799.BAS1541	27.5	11
4011161	260799.BAS0890	13.3	4
4015514	260799.BAS5281	109	201
4015520	260799.BAS5287	40.6	57
4012295	260799.BAS2036	7505	2088
4012294	260799.BAS2035	1.71	12
4012291	260799.BAS2032	9.09	13
4010378	260799.BAS0096	250	177
4010379	260799.BAS0097	2935	1425
4014334	260799.BAS4089	32.8	27
4010375	260799.BAS0093	16.6	12
4010373	260799.BAS0091	222	168
4014330	260799.BAS4085	639	691
4014332	260799.BAS4087	1286	683
4014331	260799.BAS4086	12.5	4
4014326	260799.BAS4081	24.6	114
4010380	260799.BAS0098	3279	2150
4010381	260799.BAS0099	3051	1568
4014214	260799.BAS3969	4.55	3
4014212	260799.BAS3967	36.3	31
4014210	260799.BAS3965	133	265
4014209	260799.BAS3964	211	247
4014208	260799.BAS3963	81.6	81
4014207	260799.BAS3962	8.15	21
4014205	260799.BAS3960	78.8	213
4013216	260799.BAS2964	1620	2048
4013218	260799.BAS2966	153	197
4012328	260799.BAS2069	66.0	50
4014711	260799.BAS4469	2062	160
4014710	260799.BAS4468	577	305
4014709	260799.BAS4467	368	436
4014707	260799.BAS4465	12.9	9
4010426	260799.BAS0144	2078	468
4010429	260799.BAS0147	48.0	84
4010425	260799.BAS0143	10640	3716
4010430	260799.BAS0148	10.3	5
4015567	260799.BAS5335	7.45	9
4014508	260799.BAS4265	29.6	33
4014510	260799.BAS4267	403	1475
4014055	260799.BAS3810	54.3	65
4013069	260799.BAS2816	16.3	27
4014512	260799.BAS4269	47.4	62
4014511	260799.BAS4268	332	398
4014312	260799.BAS4067	633	679
4014311	260799.BAS4066	649	937
4014310	260799.BAS4065	411	604
4014306	260799.BAS4061	141	147
4014314	260799.BAS4069	45.5	66
4014313	260799.BAS4068	98.0	111
4010826	260799.BAS0552	149	96
4010829	260799.BAS0555	129	94
4010670	260799.BAS0394	7835	2464
4010666	260799.BAS0390	121	123
4010668	260799.BAS0392	76.6	18
4012953	260799.BAS2700	30.1	40
4012889	260799.BAS2635	445	597
4012217	260799.BAS1958	3.23	5
4012218	260799.BAS1959	268	635
4014485	260799.BAS4242	10.3	9
4012212	260799.BAS1953	333	343
4011589	260799.BAS1324	7.14	9
4012808	260799.BAS2554	643	843
4011043	260799.BAS0771	2.32	3
4011042	260799.BAS0770	49.5	67
4011316	260799.BAS1048	572	524
4011317	260799.BAS1049	154	139
4011998	260799.BAS1738	3.02	3
4011313	260799.BAS1045	3.13	9
4013649	260799.BAS3398	54.7	136
4013645	260799.BAS3394	70.8	26
4013646	260799.BAS3395	363	475
4013642	260799.BAS3390	25.2	23
4013643	260799.BAS3391	5.9	12
4013644	260799.BAS3392	4.28	12
4010880	260799.BAS0607	70.0	65
4010877	260799.BAS0604	44.4	44
4011405	260799.BAS1137	96.2	145
4011403	260799.BAS1135	74.8	62
4011400	260799.BAS1132	41.9	43
4015362	260799.BAS5128	166	189
4011225	260799.BAS0955	768	789
4015354	260799.BAS5120	66.6	143
4011221	260799.BAS0951	70.0	123
4011407	260799.BAS1139	312	412
4011693	260799.BAS1428	495	765
4011685	260799.BAS1420	17913	6437
4011686	260799.BAS1421	86.2	77
4011690	260799.BAS1425	2528	1304
4011691	260799.BAS1426	63.5	88
4011692	260799.BAS1427	61.3	78
4014962	260799.BAS4723	25.9	22
4014964	260799.BAS4725	45.4	38
4012303	260799.BAS2044	81.9	32
4015483	260799.BAS5250	38.7	36
4014217	260799.BAS3972	1529	1126
4014218	260799.BAS3973	31.5	36
4014627	260799.BAS4385	34.0	4
4014625	260799.BAS4383	16.8	14
4013202	260799.BAS2950	23.4	33
4014630	260799.BAS4388	10.8	36
4014631	260799.BAS4389	1.58	9
4014720	260799.BAS4478	774	1166
4014721	260799.BAS4479	20.7	18
4014712	260799.BAS4470	4633	505
4014713	260799.BAS4471	429	227
4014714	260799.BAS4472	215	610
4014718	260799.BAS4476	634	97
4014719	260799.BAS4477	552	177
4010458	260799.BAS0177	40.7	40
4010460	260799.BAS0179	31.2	24
4013082	260799.BAS2829	16.1	16
4014516	260799.BAS4273	130	88
4014513	260799.BAS4270	326	368
4013800	260799.BAS3551	5.42	4
4014519	260799.BAS4276	274	152
4013806	260799.BAS3557	21.9	16
4014518	260799.BAS4275	695	349
4013807	260799.BAS3559	50.0	22
4013078	260799.BAS2825	536	258
4013080	260799.BAS2827	173	54
4014319	260799.BAS4074	2.04	3
4014321	260799.BAS4076	348	300
4014315	260799.BAS4070	4084	3446
4014316	260799.BAS4071	197	257
4014324	260799.BAS4079	25.3	17
4012987	260799.BAS2734	52.6	45
4011220	260799.BAS0950	5.92	8
4012991	260799.BAS2738	349	696
4012158	260799.BAS1898	105	70
4010662	260799.BAS0386	1353	1137
4010663	260799.BAS0387	494	478
4010661	260799.BAS0385	24.0	21
4012151	260799.BAS1891	22.8	69
4012154	260799.BAS1894	149	285
4013949	260799.BAS3703	48.2	68
4013948	260799.BAS3702	163	155
4013947	260799.BAS3701	751	486
4013946	260799.BAS3700	13.9	18
4013953	260799.BAS3707	121	250
4013950	260799.BAS3704	2.74	6
4013954	260799.BAS3708	205	113
4012220	260799.BAS1961	109	103
4012222	260799.BAS1963	2.57	3
4012228	260799.BAS1969	50.6	129
4011040	260799.BAS0768	525	168
4013451	260799.BAS3199	21.5	15
4011032	260799.BAS0760	8.53	15
4011038	260799.BAS0766	997	621
4011039	260799.BAS0767	352	63
4011899	260799.BAS1637	345	597
4013377	260799.BAS3125	790	169
4011680	260799.BAS1415	151	216
4011679	260799.BAS1414	155	287
4011409	260799.BAS1141	51.7	61
4011413	260799.BAS1145	31.7	47
4011412	260799.BAS1144	1490	1079
4011416	260799.BAS1148	1885	1340
4011684	260799.BAS1419	240	517
4015371	260799.BAS5137	85.9	157
4011212	260799.BAS0942	96.6	12
4011650	260799.BAS1385	2.94	9
4011651	260799.BAS1386	97.0	63
4011647	260799.BAS1382	5.29	3
4013685	260799.BAS3434	16.7	36
4013938	260799.BAS3692	4.96	3
4011733	260799.BAS1468	37.6	49
4013486	260799.BAS3234	11.2	12
4013684	260799.BAS3433	51.5	34
4015106	260799.BAS4869	48.3	79
4014954	260799.BAS4715	4.29	9
4014952	260799.BAS4713	1.95	3
4015098	260799.BAS4860	168	110
4011358	260799.BAS1090	238	1387
4011363	260799.BAS1095	30.2	42
4011362	260799.BAS1094	21.8	6
4011364	260799.BAS1096	273	475
4011367	260799.BAS1099	122	132
4011366	260799.BAS1098	2.17	3
4012094	260799.BAS1834	37.1	45
4014194	260799.BAS3949	2.98	3
4015473	260799.BAS5240	7.69	18
4015474	260799.BAS5241	347	257
4015475	260799.BAS5242	1656	722
4015476	260799.BAS5243	7.15	5
4014186	260799.BAS3941	42.9	56
4014899	260799.BAS4660	525	1005
4015481	260799.BAS5248	23.6	18
4014189	260799.BAS3944	14.3	13
4015153	260799.BAS4917	122	114
4014689	260799.BAS4447	28.0	56
4015150	260799.BAS4914	1553	1521
4014685	260799.BAS4443	13.4	18
4014684	260799.BAS4442	36.1	84
4013195	260799.BAS2942	129	101
4013196	260799.BAS2943	24.0	31
4013193	260799.BAS2940	15.3	44
4013194	260799.BAS2941	87.1	90
4014690	260799.BAS4448	54.0	82
4015155	260799.BAS4919	175	61
4014295	260799.BAS4050	81.7	43
4010447	260799.BAS0166	46.1	105
4010441	260799.BAS0160	832	2432
4013087	260799.BAS2834	917	997
4014078	260799.BAS3833	23.6	9
4014082	260799.BAS3837	9.99	27
4014527	260799.BAS4284	292	971
4014526	260799.BAS4283	1626	452
4014524	260799.BAS4281	178	42
4014523	260799.BAS4280	11.1	18
4014290	260799.BAS4045	43.1	41
4014292	260799.BAS4047	22.6	24
4014291	260799.BAS4046	46.3	24
4010851	260799.BAS0578	339	89
4012977	260799.BAS2724	1.94	5
4010849	260799.BAS0576	20.8	39
4012378	260799.BAS2120	3.16	7
4013957	260799.BAS3711	36.4	36
4013959	260799.BAS3713	7.82	27
4013961	260799.BAS3715	9.0	15
4013963	260799.BAS3717	80.5	155
4013964	260799.BAS3718	14.5	12
4012230	260799.BAS1971	125	21
4012236	260799.BAS1977	5.42	23
4012237	260799.BAS1978	36.7	62
4012869	260799.BAS2615	38.0	65
4010564	260799.BAS0288	143	168
4010559	260799.BAS0283	463	724
4010558	260799.BAS0282	68.8	148
4010557	260799.BAS0281	429	1110
4010556	260799.BAS0280	169	225
4010563	260799.BAS0287	164	15
4010562	260799.BAS0286	390	445
4010561	260799.BAS0285	1288	2912
4010560	260799.BAS0284	58.4	66
4011029	260799.BAS0757	35.4	67
4010864	260799.BAS0591	40.8	59
4010871	260799.BAS0598	3.4	4
4012543	260799.BAS2287	44.2	37
4012542	260799.BAS2286	173	182
4012539	260799.BAS2283	464	189
4012703	260799.BAS2448	96.3	218
4012702	260799.BAS2447	61.4	50
4010896	260799.BAS0623	489	988
4010900	260799.BAS0627	36.4	42
4010899	260799.BAS0626	133	90
4010902	260799.BAS0629	50.9	15
4011882	260799.BAS1620	517	224
4011883	260799.BAS1621	19.5	29
4013387	260799.BAS3135	17.1	3
4013388	260799.BAS3136	20.0	16
4011887	260799.BAS1625	219	612
4011418	260799.BAS1150	14.9	20
4011247	260799.BAS0978	528	369
4011666	260799.BAS1401	659	1056
4011671	260799.BAS1406	5.56	12
4011672	260799.BAS1407	4.36	3
4011673	260799.BAS1408	2798	3941
4015030	260799.BAS4792	142	221
4011243	260799.BAS0974	1298	562
4011245	260799.BAS0976	122	85
4011657	260799.BAS1392	4088	212
4012456	260799.BAS2199	6.28	30
4012448	260799.BAS2191	296	759
4012447	260799.BAS2190	267	370
4012450	260799.BAS2193	548	1649
4012449	260799.BAS2192	484	620
4012452	260799.BAS2195	292	332
4012454	260799.BAS2197	43.2	12
4011977	260799.BAS1716	3.1	8
4013479	260799.BAS3227	6.65	8
4013472	260799.BAS3220	5.83	14
4015491	260799.BAS5258	44.0	51
4015116	260799.BAS4879	63.1	89
4015111	260799.BAS4874	12.6	18
4015112	260799.BAS4875	954	1856
4015113	260799.BAS4876	40.5	88
4015114	260799.BAS4877	228	581
4015107	260799.BAS4870	3213	466
4015108	260799.BAS4871	892	248
4015324	260799.BAS5090	6.47	16
4011839	260799.BAS1576	25.0	44
4011836	260799.BAS1573	6.15	4
4011357	260799.BAS1089	31.8	8
4011354	260799.BAS1086	217	115
4011355	260799.BAS1087	12.0	24
4011350	260799.BAS1082	1.97	3
4011349	260799.BAS1081	377	138
4012524	260799.BAS2268	223	471
4014915	260799.BAS4676	2.93	4
4014202	260799.BAS3957	1603	544
4014200	260799.BAS3955	99.1	136
4014909	260799.BAS4670	124	165
4014203	260799.BAS3958	171	528
4014204	260799.BAS3959	5754	2095
4015505	260799.BAS5272	67.3	75
4014692	260799.BAS4450	273	96
4014693	260799.BAS4451	9.97	9
4013734	260799.BAS3484	33.4	41
4014699	260799.BAS4457	44.5	65
4014696	260799.BAS4454	568	916
4014697	260799.BAS4455	194	740
4014700	260799.BAS4458	476	188
4010401	260799.BAS0119	1931	269
4010400	260799.BAS0118	4351	546
4010395	260799.BAS0113	3214	2684
4010394	260799.BAS0112	15348	697
4010393	260799.BAS0111	4958	2563
4010392	260799.BAS0110	4476	3916
4010399	260799.BAS0117	6563	1542
4010398	260799.BAS0116	4105	1485
4010397	260799.BAS0115	5169	2094
4010396	260799.BAS0114	10934	3368
4014541	260799.BAS4298	74.3	148
4014537	260799.BAS4294	7.84	15
4014539	260799.BAS4296	26.3	20
4014540	260799.BAS4297	265	483
4014533	260799.BAS4290	31.4	42
4014534	260799.BAS4291	23.6	34
4014535	260799.BAS4292	26.9	43
4014536	260799.BAS4293	327	215
4010306	260799.BAS0022	1097	283
4010305	260799.BAS0021	7.78	18
4014297	260799.BAS4052	701	1161
4014298	260799.BAS4053	23.2	9
4010312	260799.BAS0029	16.3	15
4010842	260799.BAS0569	47.6	24
4010836	260799.BAS0563	47.8	27
4010834	260799.BAS0561	431	1637
4010839	260799.BAS0566	25.7	26
4010840	260799.BAS0567	166	346
4010838	260799.BAS0565	20.5	41
4013242	260799.BAS2990	159	46
4010642	260799.BAS0366	41.3	17
4010636	260799.BAS0360	15.7	42
4010638	260799.BAS0362	5.38	4
4012246	260799.BAS1987	4.84	15
4013001	260799.BAS2748	1477	2331
4013971	260799.BAS3725	5.56	20
4013973	260799.BAS3727	11.4	28
4013972	260799.BAS3726	16.1	34
4013967	260799.BAS3721	138	39
4013966	260799.BAS3720	8.78	6
4013969	260799.BAS3723	208	63
4013968	260799.BAS3722	17.1	16
4012917	260799.BAS2663	87.0	26
4012918	260799.BAS2664	1.54	3
4010566	260799.BAS0290	27.7	42
4010567	260799.BAS0291	103	281
4010568	260799.BAS0292	57.7	152
4010569	260799.BAS0293	27.0	33
4010571	260799.BAS0295	3124	5852
4010572	260799.BAS0296	23.4	23
4012776	260799.BAS2521	50.3	27
4012779	260799.BAS2524	3.21	8
4011017	260799.BAS0745	50.6	30
4010857	260799.BAS0584	54.8	51
4010859	260799.BAS0586	175	255
4010854	260799.BAS0581	66.6	78
4012708	260799.BAS2453	68.3	63
4010910	260799.BAS0637	514	705
4010907	260799.BAS0634	5.64	13
4010905	260799.BAS0632	43.5	48
4011435	260799.BAS1169	406	354
4012442	260799.BAS2185	45.2	82
4011634	260799.BAS1369	236	77
4011631	260799.BAS1366	224	107
4011627	260799.BAS1362	36.1	31
4012445	260799.BAS2188	537	800
4012446	260799.BAS2189	586	1449
4012023	260799.BAS1763	98.5	162
4013467	260799.BAS3215	57.9	19
4015087	260799.BAS4849	258	472
4015086	260799.BAS4848	22.0	12
4015078	260799.BAS4840	110	87
4015081	260799.BAS4843	59.4	22
4015085	260799.BAS4847	549	962
4015316	260799.BAS5082	18.8	31
4011771	260799.BAS1508	5.1	10
4012533	260799.BAS2277	85.1	126
4011230	260799.BAS0960	112	182
4012529	260799.BAS2273	25.7	35
4011237	260799.BAS0968	10.4	9
4014168	260799.BAS3923	48.6	124
4014167	260799.BAS3922	972	1266
4014170	260799.BAS3925	53.5	95
4014169	260799.BAS3924	16.1	39
4011483	260799.BAS1217	68.4	76
4011482	260799.BAS1216	44.3	81
4011481	260799.BAS1215	65.4	45
4015499	260799.BAS5266	243	271
4011484	260799.BAS1218	11.2	18
4011452	260799.BAS1186	456	136
4011454	260799.BAS1188	31.6	14
4014514	260799.BAS4271	46.7	52
4014520	260799.BAS4277	37.3	60
4015167	260799.BAS4931	85.9	300
4015171	260799.BAS4935	560	1300
4015170	260799.BAS4934	1387	842
4015173	260799.BAS4937	28.6	30
4015172	260799.BAS4936	227	520
4015174	260799.BAS4938	47.5	12
4014357	260799.BAS4112	15.3	12
4010390	260799.BAS0108	16800	39351
4010391	260799.BAS0109	3450	1183
4010382	260799.BAS0100	17760	7451
4010384	260799.BAS0102	554	2569
4010385	260799.BAS0103	915	3516
4010387	260799.BAS0105	13125	4241
4010388	260799.BAS0106	5077	2115
4010389	260799.BAS0107	4063	11462
4014832	260799.BAS4591	197	407
4014836	260799.BAS4595	109	85
4013103	260799.BAS2850	16.0	9
4013108	260799.BAS2855	7.07	12
4014145	260799.BAS3900	142	48
4013836	260799.BAS3588	60.1	108
4014104	260799.BAS3859	838	3969
4014098	260799.BAS3853	11.1	4
4014096	260799.BAS3851	52.9	72
4014095	260799.BAS3850	160	69
4014101	260799.BAS3856	79.9	123
4014100	260799.BAS3855	27.1	49
4010318	260799.BAS0035	13.8	9
4010319	260799.BAS0036	1763	661
4010320	260799.BAS0037	174	546
4010315	260799.BAS0032	66.7	36
4014268	260799.BAS4023	28.8	30
4014266	260799.BAS4021	82.4	65
4010321	260799.BAS0038	8.86	9
4014576	260799.BAS4334	140	144
4014573	260799.BAS4331	24.0	18
4010626	260799.BAS0350	14.8	33
4010629	260799.BAS0353	52.2	47
4013235	260799.BAS2983	31.3	18
4013233	260799.BAS2981	2.93	3
4013984	260799.BAS3738	37.5	60
4013985	260799.BAS3739	101	163
4013979	260799.BAS3733	13.2	13
4013983	260799.BAS3737	141	557
4013981	260799.BAS3735	106	122
4012932	260799.BAS2679	40.1	35
4012257	260799.BAS1998	7.97	9
4012254	260799.BAS1995	13.3	27
4012249	260799.BAS1990	13.6	8
4015399	260799.BAS5165	2381	3062
4015398	260799.BAS5164	794	554
4013274	260799.BAS3022	56.0	46
4013275	260799.BAS3023	30.3	52
4012770	260799.BAS2515	14.8	6
4013367	260799.BAS3115	184	58
4010914	260799.BAS0641	218	244
4011436	260799.BAS1170	38.2	75
4011442	260799.BAS1176	431	550
4011443	260799.BAS1177	130	482
4011440	260799.BAS1174	4.16	12
4011643	260799.BAS1378	564	506
4011642	260799.BAS1377	46.9	31
4011637	260799.BAS1372	146	238
4012030	260799.BAS1770	876	443
4012276	260799.BAS2017	44.1	51
4014449	260799.BAS4206	20.5	8
4011099	260799.BAS0827	172	84
4011095	260799.BAS0823	6.2	18
4015191	260799.BAS4956	96.6	283
4011782	260799.BAS1519	138	205
4015190	260799.BAS4955	43.0	12
4011774	260799.BAS1511	490	146
4011775	260799.BAS1512	1380	650
4010404	260799.BAS0122	6665	2749
4014382	260799.BAS4138	60.2	73
4012344	260799.BAS2085	530	590
4012343	260799.BAS2084	77.7	87
4012342	260799.BAS2083	57.6	48
4015568	260799.BAS5336	47.4	110
4012340	260799.BAS2081	119	254
4015569	260799.BAS5337	4.39	9
4011186	260799.BAS0915	69.8	65
4015562	260799.BAS5330	10.8	12
4014177	260799.BAS3932	374	939
4010406	260799.BAS0124	3286	937
4015565	260799.BAS5333	95.7	77
4015453	260799.BAS5219	139	130
4015452	260799.BAS5218	77.3	100
4011468	260799.BAS1202	70.0	102
4015447	260799.BAS5213	207	514
4014243	260799.BAS3998	122	75
4015449	260799.BAS5215	5.17	9
4011460	260799.BAS1194	188	226
4011461	260799.BAS1195	167	36
4011462	260799.BAS1196	690	57
4015422	260799.BAS5188	458	405
4011458	260799.BAS1192	5.71	4
4015417	260799.BAS5183	8.33	14
4015416	260799.BAS5182	354	379
4015415	260799.BAS5181	109	166
4015414	260799.BAS5180	1384	503
4015421	260799.BAS5187	243	487
4011465	260799.BAS1199	27.7	36
4015419	260799.BAS5185	152	60
4015418	260799.BAS5184	2540	3379
4015093	260799.BAS4855	61.3	78
4015090	260799.BAS4852	65.2	95
4015091	260799.BAS4853	342	377
4015088	260799.BAS4850	646	946
4015089	260799.BAS4851	795	966
4015097	260799.BAS4859	462	209
4015162	260799.BAS4926	1796	1138
4015161	260799.BAS4925	20.0	25
4015559	260799.BAS5327	9188	3290
4015558	260799.BAS5326	133	138
4010419	260799.BAS0137	1092	833
4010418	260799.BAS0136	19905	7374
4010413	260799.BAS0131	271	276
4015554	260799.BAS5322	42.9	14
4010415	260799.BAS0133	1921	569
4015552	260799.BAS5320	823	1019
4010420	260799.BAS0138	2106	519
4014347	260799.BAS4102	377	672
4014348	260799.BAS4103	6.14	9
4014823	260799.BAS4582	44.5	30
4014824	260799.BAS4583	117	195
4014825	260799.BAS4584	41.4	52
4014826	260799.BAS4585	4.51	12
4014827	260799.BAS4586	13.2	9
4014828	260799.BAS4587	79.1	85
4014830	260799.BAS4589	248	139
4013841	260799.BAS3593	15.9	9
4013838	260799.BAS3590	340	166
4013113	260799.BAS2860	20.6	21
4010288	260799.BAS0001	89.0	175
4010289	260799.BAS0002	23.8	25
4010292	260799.BAS0005	49.0	146
4010293	260799.BAS0006	56.7	132
4014276	260799.BAS4031	177	586
4014278	260799.BAS4033	55.4	45
4010622	260799.BAS0346	22.5	6
4010618	260799.BAS0342	7.72	5
4010616	260799.BAS0340	224	229
4010617	260799.BAS0341	633	376
4014566	260799.BAS4324	1362	1625
4014567	260799.BAS4325	61.1	138
4014568	260799.BAS4326	155	194
4013691	260799.BAS3440	53.5	97
4013692	260799.BAS3441	123	194
4013693	260799.BAS3442	0.912	3
4014565	260799.BAS4323	798	492
4014570	260799.BAS4328	55.8	104
4014571	260799.BAS4329	105	90
4012898	260799.BAS2644	6.42	12
4012895	260799.BAS2641	72.3	72
4012894	260799.BAS2640	247	659
4012897	260799.BAS2643	49.6	84
4012896	260799.BAS2642	40.0	54
4013138	260799.BAS2885	17.5	24
4013302	260799.BAS3050	54.6	121
4012762	260799.BAS2507	64.2	116
4013941	260799.BAS3695	3234	743
4013942	260799.BAS3696	123	214
4013937	260799.BAS3691	3834	480
4013939	260799.BAS3693	7.67	9
4014798	260799.BAS4556	75.7	110
4014796	260799.BAS4554	12554	7119
4012099	260799.BAS1839	385	1008
4012098	260799.BAS1838	63.2	156
4010924	260799.BAS0651	4.98	12
4011614	260799.BAS1349	19.3	14
4011959	260799.BAS1697	25.4	42
4011729	260799.BAS1464	13.0	7
4013525	260799.BAS3273	15.8	10
4012004	260799.BAS1744	15.6	15
4013523	260799.BAS3271	62.9	24
4012006	260799.BAS1746	10.1	14
4011110	260799.BAS0838	20.9	57
4011785	260799.BAS1522	12.3	28
4011108	260799.BAS0836	218	36
4011109	260799.BAS0837	58.9	55
4011104	260799.BAS0832	8.93	15
4015294	260799.BAS5060	9.01	26
4012353	260799.BAS2094	32.7	16
4012354	260799.BAS2095	54.0	99
4012355	260799.BAS2096	3.71	3
4012350	260799.BAS2091	12.0	9
4012352	260799.BAS2093	15.6	12
4011264	260799.BAS0995	25.1	18
4011178	260799.BAS0907	31.2	61
4012514	260799.BAS2257	443	160
4012510	260799.BAS2253	16.0	21
4014149	260799.BAS3904	14.1	21
4014861	260799.BAS4620	1.94	3
4011496	260799.BAS1231	215	331
4011495	260799.BAS1230	683	846
4015438	260799.BAS5204	90.8	54
4015424	260799.BAS5190	15.2	34
4015425	260799.BAS5191	31.9	43
4015426	260799.BAS5192	668	779
4015427	260799.BAS5193	37.9	87
4015428	260799.BAS5194	2.44	3
4015059	260799.BAS4821	736	411
4015065	260799.BAS4827	15.2	19
4015064	260799.BAS4826	9.86	9
4015062	260799.BAS4824	231	207
4014731	260799.BAS4488	472	779
4015188	260799.BAS4953	4217	4340
4015186	260799.BAS4951	6.51	9
4014724	260799.BAS4482	25.6	90
4015192	260799.BAS4957	94.5	134
4014726	260799.BAS4484	28.2	25
4014730	260799.BAS4487	3034	2560
4014729	260799.BAS4486	742	1010
4015566	260799.BAS5334	56.8	78
4010405	260799.BAS0123	20365	9
4010402	260799.BAS0120	8439	1113
4010403	260799.BAS0121	5507	1351
4010408	260799.BAS0126	2717	1271
4010409	260799.BAS0127	3333	1892
4015564	260799.BAS5332	32.1	19
4010407	260799.BAS0125	6020	3308
4014375	260799.BAS4131	717	1097
4014374	260799.BAS4130	1900	2063
4010410	260799.BAS0128	5039	390
4010411	260799.BAS0129	7469	2302
4015570	260799.BAS5338	37.1	18
4014120	260799.BAS3875	73.9	131
4014119	260799.BAS3874	39.9	90
4014115	260799.BAS3870	3.41	3
4011231	260799.BAS0961	68.5	147
4013128	260799.BAS2875	21.4	21
4014250	260799.BAS4005	24.1	33
4014249	260799.BAS4004	60.1	31
4014251	260799.BAS4006	2.63	3
4014246	260799.BAS4001	107	51
4014794	260799.BAS4552	41.6	30
4014248	260799.BAS4003	177	163
4014254	260799.BAS4009	12.4	19
4010300	260799.BAS0016	24.1	14
4012434	260799.BAS2177	280	28
4010298	260799.BAS0014	38.5	37
4010299	260799.BAS0015	3393	4524
4010296	260799.BAS0012	21.0	30
4010297	260799.BAS0013	1328	1836
4010295	260799.BAS0011	1999	5241
4011114	260799.BAS0842	18613	54231
4010472	260799.BAS0191	1195	637
4010608	260799.BAS0332	4.38	9
4010607	260799.BAS0331	186	263
4010606	260799.BAS0330	11674	9916
4010613	260799.BAS0337	138	156
4010612	260799.BAS0336	132	172
4010614	260799.BAS0338	13.3	6
4012393	260799.BAS2136	18.0	9
4014553	260799.BAS4311	1773	577
4013720	260799.BAS3470	911	2146
4014555	260799.BAS4313	20.7	46
4014554	260799.BAS4312	124	152
4014557	260799.BAS4315	44.6	43
4013729	260799.BAS3479	55.5	36
4012905	260799.BAS2651	7.39	9
4010765	260799.BAS0489	7.75	3
4012911	260799.BAS2657	9.15	24
4010757	260799.BAS0481	1477	5077
4010758	260799.BAS0482	39.6	37
4013149	260799.BAS2896	5.03	4
4010529	260799.BAS0249	103	91
4010528	260799.BAS0248	23.6	42
4010527	260799.BAS0247	14.1	39
4010525	260799.BAS0245	30.5	24
4013152	260799.BAS2899	10.9	36
4010522	260799.BAS0241	53.1	113
4010521	260799.BAS0240	106	40
4011070	260799.BAS0798	10.5	9
4013926	260799.BAS3680	535	984
4013927	260799.BAS3681	222	99
4013932	260799.BAS3686	1945	2394
4013933	260799.BAS3687	1073	1604
4013930	260799.BAS3684	41.6	87
4013934	260799.BAS3688	10.8	9
4013935	260799.BAS3689	173	164
4012084	260799.BAS1824	19.1	16
4012085	260799.BAS1825	7.92	16
4012086	260799.BAS1826	17.2	29
4012659	260799.BAS2404	27.1	27
4010942	260799.BAS0669	145	190
4010941	260799.BAS0668	28.4	53
4010736	260799.BAS0460	2.18	8
4011622	260799.BAS1357	217	291
4011950	260799.BAS1688	88.8	48
4011944	260799.BAS1682	292	691
4011945	260799.BAS1683	27.5	65
4012575	260799.BAS2319	47.9	129
4012569	260799.BAS2313	659	475
4013520	260799.BAS3268	306	256
4013521	260799.BAS3269	28.1	18
4012019	260799.BAS1759	98.8	15
4012016	260799.BAS1756	30.0	76
4012014	260799.BAS1754	31.8	29
4011080	260799.BAS0808	204	463
4011075	260799.BAS0803	8.27	21
4015287	260799.BAS5053	19.1	18
4015290	260799.BAS5056	14.9	31
4013567	260799.BAS3315	7.14	14
4012478	260799.BAS2221	5.08	4
4014163	260799.BAS3918	28.0	66
4014157	260799.BAS3912	564	1656
4014156	260799.BAS3911	22.3	9
4015472	260799.BAS5239	229	273
4014876	260799.BAS4637	240	685
4014874	260799.BAS4634	373	90
4011494	260799.BAS1229	1811	529
4011491	260799.BAS1226	10.2	8
4011492	260799.BAS1227	918	763
4011490	260799.BAS1225	3029	754
4012394	260799.BAS2137	31.7	47
4015069	260799.BAS4831	72.2	9
4012392	260799.BAS2135	14.3	16
4015072	260799.BAS4834	5.11	3
4015074	260799.BAS4836	1052	814
4012396	260799.BAS2139	4.84	11
4012395	260799.BAS2138	71.5	67
4015185	260799.BAS4949	47.0	75
4013335	260799.BAS3083	7.09	3
4014373	260799.BAS4129	1009	1552
4015532	260799.BAS5300	2519	2347
4015535	260799.BAS5303	22.3	16
4015541	260799.BAS5309	143	175
4013373	260799.BAS3121	29.9	54
4014108	260799.BAS3863	77.0	141
4014106	260799.BAS3861	11.4	10
4014109	260799.BAS3864	35.6	22
4014113	260799.BAS3868	211	577
4014786	260799.BAS4544	36520	19554
4014787	260799.BAS4545	22.3	34
4014788	260799.BAS4546	19.7	39
4014789	260799.BAS4547	35.0	60
4014782	260799.BAS4540	85.1	99
4014262	260799.BAS4017	16.2	9
4014784	260799.BAS4542	81.3	33
4014785	260799.BAS4543	12.0	16
4010351	260799.BAS0068	38.1	94
4010346	260799.BAS0063	438	391
4010343	260799.BAS0060	20308	3726
4010350	260799.BAS0067	1000	1142
4010349	260799.BAS0066	92.1	69
4010348	260799.BAS0065	23.9	20
4010347	260799.BAS0064	1192	2650
4014739	260799.BAS4496	5.05	3
4014740	260799.BAS4497	209	411
4014737	260799.BAS4494	106	87
4014738	260799.BAS4495	14.2	16
4014735	260799.BAS4492	2494	4075
4014736	260799.BAS4493	1440	1354
4011217	260799.BAS0947	93.2	152
4011211	260799.BAS0941	102	31
4010600	260799.BAS0324	14.6	30
4010603	260799.BAS0327	35.4	66
4010605	260799.BAS0329	1278	2355
4013718	260799.BAS3468	69.1	39
4014548	260799.BAS4306	13.3	39
4014546	260799.BAS4304	4.9	21
4014544	260799.BAS4302	33.2	81
4014545	260799.BAS4303	91.6	45
4010774	260799.BAS0498	145	828
4010775	260799.BAS0499	83.8	126
4010768	260799.BAS0492	17.4	10
4010769	260799.BAS0493	3345	1198
4010771	260799.BAS0495	13.0	15
4010534	260799.BAS0254	1157	2463
4010532	260799.BAS0252	6955	1999
4010533	260799.BAS0253	12429	28215
4011056	260799.BAS0784	4.85	6
4011057	260799.BAS0785	6.93	9
4013331	260799.BAS3079	21.0	36
4013330	260799.BAS3078	22.7	40
4013323	260799.BAS3071	264	299
4013324	260799.BAS3072	239	304
4013925	260799.BAS3679	1456	1622
4013924	260799.BAS3678	5037	3274
4013923	260799.BAS3677	4453	4215
4013922	260799.BAS3676	85.6	96
4013921	260799.BAS3675	925	291
4013918	260799.BAS3672	7.02	13
4013917	260799.BAS3671	3.19	9
4013916	260799.BAS3670	72.0	150
4012071	260799.BAS1811	571	352
4012072	260799.BAS1812	765	1654
4012079	260799.BAS1819	25.6	24
4012673	260799.BAS2418	7.58	8
4010750	260799.BAS0474	215	29
4010748	260799.BAS0472	20.3	34
4011587	260799.BAS1322	7.64	3
4011585	260799.BAS1320	3.15	3
4011590	260799.BAS1325	203	255
4013929	260799.BAS3683	69.3	93
4011594	260799.BAS1329	3.77	12
4011593	260799.BAS1328	15.3	10
4014676	260799.BAS4434	47.7	9
4012557	260799.BAS2301	5.17	9
4012559	260799.BAS2303	50.6	53
4014679	260799.BAS4437	65.9	33
4013345	260799.BAS3093	543	1166
4013350	260799.BAS3098	25.5	53
4015279	260799.BAS5045	94.3	49
4015277	260799.BAS5043	12.2	21
4015274	260799.BAS5040	398	268
4015282	260799.BAS5048	645	2029
4012041	260799.BAS1781	33.3	33
4012040	260799.BAS1780	37.0	33
4012044	260799.BAS1784	329	1098
4012047	260799.BAS1787	13.5	68
4012046	260799.BAS1786	6.66	9
4011304	260799.BAS1036	72.0	64
4013573	260799.BAS3321	5.07	19
4013575	260799.BAS3323	1.22	6
4013579	260799.BAS3327	7.25	9
4013578	260799.BAS3326	2.25	5
4011192	260799.BAS0922	20.2	10
4013580	260799.BAS3328	767	270
4012493	260799.BAS2236	9.55	12
4015460	260799.BAS5226	960	105
4015458	260799.BAS5224	167	70
4015462	260799.BAS5229	42.4	36
4014273	260799.BAS4028	165	322
4011515	260799.BAS1250	72.6	75
4011522	260799.BAS1257	8.29	9
4011520	260799.BAS1255	182	206
4011519	260799.BAS1254	278	587
4011086	260799.BAS0814	14.0	7
4011087	260799.BAS0815	27004	14227
4011084	260799.BAS0812	47.0	47
4015046	260799.BAS4808	65.5	102
4012380	260799.BAS2122	59.3	40
4015044	260799.BAS4806	2.5	4
4012386	260799.BAS2128	819	181
4014396	260799.BAS4152	28.1	21
4014401	260799.BAS4157	28.7	75
4014399	260799.BAS4155	8.99	9
4014403	260799.BAS4159	14.5	18
4014402	260799.BAS4158	48.8	61
4015035	260799.BAS4797	205	310
4015034	260799.BAS4796	11.9	28
4015028	260799.BAS4790	217	623
4015551	260799.BAS5319	44.5	42
4015546	260799.BAS5314	20.7	18
4015037	260799.BAS4799	50.6	33
4015542	260799.BAS5310	52.6	134
4014141	260799.BAS3896	244	174
4014138	260799.BAS3893	538	348
4014136	260799.BAS3891	255	297
4014816	260799.BAS4575	289	436
4014818	260799.BAS4577	44.5	15
4014820	260799.BAS4579	120	220
4014819	260799.BAS4578	185	124
4010354	260799.BAS0071	110	137
4010355	260799.BAS0072	33.3	18
4010359	260799.BAS0076	236	466
4013034	260799.BAS2781	273	351
4013035	260799.BAS2782	17.9	27
4013038	260799.BAS2785	7.04	9
4010595	260799.BAS0319	31.2	36
4010591	260799.BAS0315	66.6	99
4010590	260799.BAS0314	320	407
4010592	260799.BAS0316	21.5	42
4010586	260799.BAS0310	4.03	8
4010588	260799.BAS0312	29.5	54
4014621	260799.BAS4379	18.7	27
4014615	260799.BAS4373	263	242
4013662	260799.BAS3411	324	97
4014612	260799.BAS4370	1727	3443
4014619	260799.BAS4377	161	169
4014618	260799.BAS4376	31.7	19
4013775	260799.BAS3526	2.12	3
4013773	260799.BAS3524	4.45	18
4014446	260799.BAS4203	10.1	27
4014445	260799.BAS4202	18.3	13
4013770	260799.BAS3521	8.15	9
4013769	260799.BAS3520	43.2	5
4014452	260799.BAS4209	2.87	9
4014451	260799.BAS4208	512	8
4013321	260799.BAS3069	18.8	33
4013315	260799.BAS3063	74.4	54
4013914	260799.BAS3668	14.2	15
4013915	260799.BAS3669	6.13	42
4013910	260799.BAS3664	463	1153
4013912	260799.BAS3666	535	78
4013913	260799.BAS3667	353	516
4013906	260799.BAS3660	11.7	27
4013908	260799.BAS3662	12.8	9
4012068	260799.BAS1808	7.36	4
4010959	260799.BAS0687	59.0	41
4010954	260799.BAS0681	64.1	57
4011604	260799.BAS1339	8.13	12
4014476	260799.BAS4233	31.0	32
4014900	260799.BAS4661	320	824
4014580	260799.BAS4338	71.4	140
4013499	260799.BAS3247	17.0	5
4012590	260799.BAS2334	86.5	612
4013333	260799.BAS3081	10.3	12
4011987	260799.BAS1726	26.4	68
4015267	260799.BAS5033	40.7	79
4015271	260799.BAS5037	4.59	8
4015269	260799.BAS5035	60.8	24
4015268	260799.BAS5034	196	195
4011319	260799.BAS1051	48.0	110
4015273	260799.BAS5039	6465	3372
4015272	260799.BAS5038	178	479
4011290	260799.BAS1021	213	281
4011291	260799.BAS1022	2.01	17
4012462	260799.BAS2205	144	252
4012464	260799.BAS2207	428	432
4012463	260799.BAS2206	69.3	177
4012466	260799.BAS2209	288	81
4012465	260799.BAS2208	69.7	780
4013587	260799.BAS3335	440	129
4013585	260799.BAS3333	41176	17360
4012370	260799.BAS2111	2925	4346
4014390	260799.BAS4146	13.0	18
4015024	260799.BAS4786	7.94	9
4015022	260799.BAS4784	953	1864
4015023	260799.BAS4785	62.2	25
4015027	260799.BAS4789	1583	1792
4010630	260799.BAS0354	4.64	3
