#id: 348
#name: L.lactis - Whole organism, SC (Lahtvee,Microbiology,2014)
#score: 12.59
#weight: 100%
#description: abundance based on Spectral counting, from<a href="http://www.ncbi.nlm.nih.gov/pubmed/24739216" target="_blank">Lahtvee,Microbiology,2014</a><br/><b>Interaction consistency score</b>: 12.59&nbsp<b>Coverage</b>: 49
#organ: WHOLE_ORGANISM
#integrated: false
#coverage: 49
#publication_year: 2014
#filename: 272623-Lactococcus_lactis_Lahtvee_2014.txt
#
#internal_id	string_external_id	abundance	raw_spectral_count
4188484	272623.L90946	262	52
4186802	272623.L106965	15.7	6
4187040	272623.L12887	132	31
4188328	272623.L74738	104	20
4187393	272623.L168650	28.8	21
4188465	272623.L88730	74.9	13
4187627	272623.L192589	1337	223
4187609	272623.L190464	12.3	3
4186777	272623.L10433	243	92
4187253	272623.L153408	1169	339
4186649	272623.L0402	2430	333
4188414	272623.L84477	4329	648
4187168	272623.L142722	61.3	10
4188225	272623.L64737	416	80
4187713	272623.L200010	890	65
4187123	272623.L136968	835	94
4186935	272623.L119452	54.5	11
4187567	272623.L186490	1133	296
4186267	272623.L0016	1388	402
4187685	272623.L198033	1975	1538
4187552	272623.L184871	57.7	14
4186390	272623.L0138	901	899
4188356	272623.L77627	47.7	13
4186966	272623.L12227	3061	396
4186463	272623.L0213	324	210
4188202	272623.L62663	1306	282
4187385	272623.L16806	2312	640
4186664	272623.L0417	3378	234
4186644	272623.L0397	2840	86
4188276	272623.L6907	322	74
4188299	272623.L70961	41.3	7
4187502	272623.L179531	175	52
4187802	272623.L24277	5.93	3
4188470	272623.L89194	39.5	12
4186369	272623.L0117	40.7	14
4187775	272623.L20937	47.5	13
4186879	272623.L114325	169	32
4188080	272623.L51437	17.3	3
4187996	272623.L43866	2283	261
4186742	272623.L101577	50.3	7
4187357	272623.L165	796	391
4186348	272623.L0097	658	298
4188522	272623.L9458	24.9	19
4187298	272623.L158566	64.2	27
4188267	272623.L68401	111	28
4188394	272623.L82250	2288	230
4186345	272623.L0094	381	116
4187381	272623.L167675	412	74
4187965	272623.L41072	174	24
4188031	272623.L4702	584	50
4187208	272623.L148007	25.9	2
4186327	272623.L0076	38.2	9
4188220	272623.L64175	398	170
4186669	272623.L0422	3165	172
4188238	272623.L6615	192	30
4187682	272623.L197697	1025	29
4186476	272623.L0227	6107	728
4187325	272623.L161266	13.6	2
4187614	272623.L191436	290	15
4186928	272623.L118475	387	109
4187541	272623.L183602	525	102
4187995	272623.L43680	906	32
4187590	272623.L18872	6648	580
4188126	272623.L5532	156	30
4188429	272623.L85854	139	14
4186848	272623.L110960	435	60
4187535	272623.L183012	477	102
4186574	272623.L0326	107	21
4188210	272623.L63310	1199	267
4188410	272623.L84096	1001	235
4186456	272623.L0206	701	202
4188491	272623.L91807	166	41
4186454	272623.L0204	1006	470
4186733	272623.L1010	5811	695
4186749	272623.L102051	2750	241
4186997	272623.L125244	131	21
4186556	272623.L0308	16.2	16
4188378	272623.L80191	92.3	28
4186920	272623.L117718	265	62
4186647	272623.L0400	2669	549
4186946	272623.L120335	8038	373
4187256	272623.L153863	2627	49
4187544	272623.L184033	306	97
4186714	272623.L0474	720	355
4186646	272623.L0399	2661	450
4187496	272623.L17893	161	48
4188143	272623.L57113	72.5	24
4188313	272623.L72609	145	20
4188546	272623.L9737	1619	76
4188140	272623.L56431	1172	178
4188224	272623.L64491	9.1	7
4187116	272623.L135972	20.8	14
4186663	272623.L0416	6856	315
4186764	272623.L103212	768	121
4186825	272623.L108994	359	71
4187680	272623.L19745	258	49
4186374	272623.L0122	61.8	34
4187260	272623.L154481	373	124
4188315	272623.L73160	878	143
4188149	272623.L5776	67.3	12
4186943	272623.L11986	159	18
4188018	272623.L45616	142	30
4188543	272623.L96847	1153	340
4188135	272623.L56232	88.7	19
4186371	272623.L0119	443	519
4188507	272623.L92987	26.7	10
4187422	272623.L17182	533	65
4187706	272623.L200000	221	17
4187688	272623.L19816	635	83
4187808	272623.L25115	1352	190
4188563	272623.L99272	89.2	32
4187792	272623.L22735	375	63
4186850	272623.L111126	203	56
4188110	272623.L54021	9.32	4
4186260	272623.L0010	3802	1256
4188374	272623.L79833	339	25
4187871	272623.L3227	3200	675
4187880	272623.L3279	94.2	19
4186385	272623.L0133	37.8	9
4188482	272623.L9089	118	30
4188354	272623.L77482	651	134
4187324	272623.L161132	1835	378
4186470	272623.L0221	856	587
4187361	272623.L165279	869	388
4188272	272623.L68759	1269	90
4188215	272623.L63770	124	21
4186493	272623.L0244	482	88
4187557	272623.L185472	92.9	15
4187646	272623.L193909	681	169
4187059	272623.L130944	27.1	4
4187890	272623.L33556	425	274
4186459	272623.L0209	24.8	10
4187862	272623.L31280	1789	188
4188234	272623.L65637	1128	192
4186948	272623.L120396	1001	129
4188235	272623.L65675	170	54
4186843	272623.L110564	57.7	6
4187044	272623.L129183	132	80
4188347	272623.L76755	289	77
4188464	272623.L88729	50.6	18
4188534	272623.L95846	20.6	15
4187351	272623.L164222	309	41
4186874	272623.L113931	429	83
4186301	272623.L0049	32.6	8
4187670	272623.L196779	14.4	3
4187454	272623.L174946	232	89
4186358	272623.L0106	4.52	6
4187375	272623.L166804	245	48
4186384	272623.L0132	12.2	4
4186718	272623.L1001	260	14
4187352	272623.L164312	361	58
4186331	272623.L0080	152	51
4187006	272623.L126409	1351	84
4187811	272623.L25614	796	245
4187606	272623.L190126	21.8	10
4187778	272623.L21264	3732	1409
4186255	272623.L0006	3624	489
4186963	272623.L121994	178	22
4188457	272623.L883	435	118
4188512	272623.L93500	37.0	11
4186753	272623.L102317	7617	576
4188300	272623.L70979	44.4	13
4188502	272623.L92665	1089	231
4188199	272623.L6208	134	25
4188400	272623.L82539	488	38
4187151	272623.L141260	174	68
4186471	272623.L0222	318	147
4187225	272623.L150031	941	231
4186283	272623.L0032	253	85
4187509	272623.L180241	6.94	6
4188059	272623.L49824	18.4	4
4186741	272623.L101560	377	94
4187157	272623.L141748	174	29
4187842	272623.L2866	493	372
4187300	272623.L158834	993	118
4186335	272623.L0084	1179	440
4186873	272623.L113864	2281	359
4186593	272623.L0345	1292	438
4186298	272623.L0046	806	355
4186478	272623.L0229	15.5	6
4186918	272623.L11749	42.1	30
4187845	272623.L29089	94.6	24
4187456	272623.L175136	472	44
4188088	272623.L52034	87.1	26
4186378	272623.L0126	125	28
4188467	272623.L89001	12.5	2
4187041	272623.L128951	210	47
4188436	272623.L86448	100	14
4186535	272623.L0286	28.6	16
4187782	272623.L21717	227	42
4188030	272623.L46694	888	125
4188336	272623.L75803	1724	155
4187117	272623.L135991	1654	365
4187877	272623.L32666	21.1	8
4186606	272623.L0358	305	80
4186641	272623.L0394	3739	216
4186625	272623.L0378	3219	980
4187490	272623.L178303	120	11
4187692	272623.L198515	3427	324
4188139	272623.L56416	429	147
4188291	272623.L70400	243	157
4186629	272623.L0382	5061	682
4187954	272623.L39857	228	92
4188253	272623.L67370	61.7	8
4186472	272623.L0223	426	51
4187146	272623.L140714	1563	361
4187895	272623.L34138	553	55
4186919	272623.L117685	2569	633
4188335	272623.L75718	302	71
4186402	272623.L0150	129	34
4186435	272623.L0185	2018	327
4186577	272623.L0329	61.2	21
4187180	272623.L14408	618	65
4187516	272623.L180805	547	68
4187136	272623.L139168	115	31
4186254	272623.L0005	7568	1325
4187534	272623.L182916	157	28
4186285	272623.L0034	2943	683
4187368	272623.L166082	228	47
4187754	272623.L200068	342	21
4187009	272623.L126819	48.5	8
4186542	272623.L0293	102	72
4188055	272623.L48975	26.5	4
4187615	272623.L191486	427	84
4187379	272623.L167426	206	46
4188510	272623.L93420	143	64
4186538	272623.L0289	135	25
4187271	272623.L155602	497	77
4186344	272623.L0093	3544	699
4188261	272623.L67760	43.8	10
4186984	272623.L123581	60.0	24
4188128	272623.L55584	1042	202
4187481	272623.L177593	62.8	24
4188112	272623.L54059	239	65
4187331	272623.L162009	1037	292
4187373	272623.L16653	14.6	5
4188311	272623.L72391	2857	364
4186525	272623.L0276	105	59
4188348	272623.L76848	299	33
4186898	272623.L115551	622	131
4186373	272623.L0121	196	84
4186530	272623.L0281	71.0	20
4188095	272623.L52568	130	43
4188153	272623.L58125	789	164
4186362	272623.L0110	471	74
4188521	272623.L94552	482	25
4188463	272623.L88699	18.0	2
4186775	272623.L104221	378	83
4186582	272623.L0334	584	399
4187138	272623.L139276	669	113
4186473	272623.L0224	766	271
4188186	272623.L60959	2195	292
4188211	272623.L63652	736	660
4186346	272623.L0095	405	242
4187073	272623.L13187	410	111
4186750	272623.L102062	67.1	23
4186569	272623.L0321	637	77
4186461	272623.L0211	15.6	12
4187603	272623.L189881	32.3	5
4188254	272623.L67463	247	11
4187281	272623.L157055	159	38
4186411	272623.L0159	371	201
4186289	272623.L0038	730	180
4187691	272623.L198485	617	195
4187143	272623.L140288	10.3	4
4188233	272623.L6563	1476	549
4186870	272623.L113067	65.9	17
4187130	272623.L138452	419	132
4187316	272623.L160485	24.6	15
4188239	272623.L66199	1452	379
4187491	272623.L178329	279	80
4186604	272623.L0356	1039	512
4186558	272623.L0310	63.7	26
4187345	272623.L163307	195	17
4186393	272623.L0141	1996	216
4187471	272623.L176579	1712	249
4186623	272623.L0376	2882	679
4186996	272623.L125196	285	60
4187432	272623.L173045	4061	315
4186912	272623.L117145	262	57
4187990	272623.L4342	431	175
4187038	272623.L128737	33.9	5
4186916	272623.L117444	508	144
4186587	272623.L0339	57.0	19
4186316	272623.L0064	480	162
4186845	272623.L11083	50.4	19
4186795	272623.L106425	377	67
4187337	272623.L162604	1138	280
4187096	272623.L133761	163	25
4188146	272623.L57408	826	486
4186256	272623.L0007	5883	1990
4188478	272623.L90422	543	167
4187291	272623.L157995	1187	479
4186900	272623.L115671	234	29
4186754	272623.L102360	1244	814
4188282	272623.L69383	33.1	9
4186339	272623.L0088	1108	235
4186521	272623.L0272	390	113
4187194	272623.L145739	1156	484
4186880	272623.L114363	467	33
4187417	272623.L171350	15.2	18
4188437	272623.L86471	103	12
4187600	272623.L189428	237	88
4186573	272623.L0325	681	454
4186622	272623.L0375	2204	90
4188192	272623.L61397	1967	104
4187364	272623.L165684	307	51
4187649	272623.L194226	281	79
4187358	272623.L16514	230	77
4187620	272623.L192043	812	230
4186800	272623.L10679	890	160
4186603	272623.L0355	437	280
4187228	272623.L150333	197	51
4187416	272623.L171116	67.6	13
4186602	272623.L0354	1036	221
4188148	272623.L57608	7.44	2
4187572	272623.L186875	48.5	20
4187690	272623.L198323	1182	199
4187301	272623.L15884	187	59
4186932	272623.L118696	920	176
4186837	272623.L110351	140	39
4186395	272623.L0143	3064	725
4187137	272623.L13927	111	66
4187660	272623.L195415	49.9	24
4187349	272623.L164012	624	121
4187655	272623.L195257	263	18
4186787	272623.L105494	487	47
4187601	272623.L189448	1380	125
4187257	272623.L153973	534	41
4186930	272623.L11851	1203	310
4186611	272623.L0363	46.2	14
4187266	272623.L155044	907	81
4188044	272623.L4822	621	207
4187596	272623.L189090	99.8	29
4186886	272623.L114717	167	63
4186638	272623.L0391	3241	57
4187667	272623.L196216	712	92
4186958	272623.L121426	1428	595
4186619	272623.L0372	665	364
4187921	272623.L36774	47.3	55
4186745	272623.L101699	1154	170
4188426	272623.L85575	9252	1284
4186793	272623.L106356	1159	77
4187314	272623.L160425	883	131
4188346	272623.L76582	205	51
4186391	272623.L0139	1319	370
4188473	272623.L8990	1091	319
4187193	272623.L145420	1195	226
4188425	272623.L85514	66.5	35
4186268	272623.L0017	2830	488
4187261	272623.L154512	147	30
4188170	272623.L5953	1332	101
4187147	272623.L140754	1235	236
4188179	272623.L60543	4184	271
4186645	272623.L0398	6882	155
4187666	272623.L196206	204	35
4187617	272623.L191704	1171	114
4188428	272623.L85764	1590	141
4186570	272623.L0322	1316	209
4187818	272623.L26054	1352	60
4186667	272623.L0420	9698	202
4187694	272623.L198787	30.1	9
4186771	272623.L104007	459	63
4186652	272623.L0405	6143	600
4187326	272623.L161441	102	27
4186834	272623.L109747	11.7	2
4188560	272623.L9876	384	60
4188010	272623.L45035	316	22
4186440	272623.L0190	1209	241
4186660	272623.L0413	4747	352
4187294	272623.L158188	540	99
4187505	272623.L179660	81.1	14
4188104	272623.L53699	83.9	29
4186985	272623.L123777	19.2	9
4186468	272623.L0219	64.0	19
4187583	272623.L187815	12.2	4
4186851	272623.L111159	544	36
4186739	272623.L1015	126	21
4187531	272623.L182559	230	57
4188248	272623.L67158	328	36
4188091	272623.L52207	97.5	37
4186425	272623.L0175	141	46
4186887	272623.L114740	1669	209
4186821	272623.L108801	51.8	9
4187784	272623.L21952	23.7	3
4186613	272623.L0366	1721	77
4186941	272623.L119731	1027	139
4188302	272623.L71174	398	111
4188021	272623.L45702	892	68
4186300	272623.L0048	113	28
4186532	272623.L0283	281	132
4187870	272623.L32195	28.4	6
4188304	272623.L71486	30.3	7
4188452	272623.L87561	264	62
4188488	272623.L91456	392	140
4187658	272623.L195348	1686	159
4186423	272623.L0171	809	205
4186743	272623.L101678	560	200
4186347	272623.L0096	7707	75
4186439	272623.L0189	1099	324
4186355	272623.L0103	11.9	3
4187860	272623.L31137	225	30
4187152	272623.L141485	4786	340
4186379	272623.L0127	198	43
4187424	272623.L172073	577	23
4187154	272623.L141547	180	61
4186762	272623.L103086	182	39
4186314	272623.L0062	729	149
4187264	272623.L154925	2593	756
4187202	272623.L147009	330	49
4188096	272623.L52644	635	82
4186662	272623.L0415	5262	506
4187280	272623.L157023	696	57
4188098	272623.L52686	47.2	13
4186913	272623.L117205	1037	129
4187206	272623.L147466	1501	455
4187169	272623.L142733	8057	873
4187035	272623.L128697	842	151
4186854	272623.L111484	346	57
4188435	272623.L86424	284	79
4187085	272623.L132712	716	207
4187513	272623.L180469	175	47
4187389	272623.L168282	1382	37
4186921	272623.L1178	813	57
4186819	272623.L108503	132	16
4188212	272623.L63684	803	238
4186584	272623.L0336	2156	676
4188116	272623.L54580	301	49
4187403	272623.L169610	165	27
4186823	272623.L108967	365	63
4186486	272623.L0237	293	110
4188308	272623.L72115	315	8
4186501	272623.L0252	5.41	6
4188432	272623.L86251	878	243
4187149	272623.L140905	47.3	55
4187303	272623.L159324	207	47
4186419	272623.L0167	141	47
4186502	272623.L0253	36.8	4
4188451	272623.L87497	35.5	9
4186605	272623.L0357	306	146
4187014	272623.L127411	897	65
4187556	272623.L185224	222	95
4187923	272623.L36841	257	60
4187434	272623.L173068	434	104
4187608	272623.L190278	245	65
4186328	272623.L0077	18.6	7
4186383	272623.L0131	1887	364
4186772	272623.L104021	7.97	7
4186484	272623.L0235	320	34
4188551	272623.L98095	32.2	9
4187852	272623.L29875	484	144
4188468	272623.L89079	27.7	21
4186412	272623.L0160	458	166
4186487	272623.L0238	329	108
4187247	272623.L15262	0.856	3
4186788	272623.L105533	883	93
4188434	272623.L86338	1626	155
4188565	272623.L99502	32.7	5
4186670	272623.L0423	4681	125
4186656	272623.L0409	3564	497
4186403	272623.L0151	420	85
4188419	272623.L84767	120	26
4188217	272623.L63900	560	90
4186631	272623.L0384	6214	625
4187234	272623.L151062	262	147
4188524	272623.L94760	1.57	3
4188446	272623.L87107	71.5	54
4186407	272623.L0155	394	117
4187283	272623.L157237	593	69
4187230	272623.L150584	26.1	11
4186498	272623.L0249	116	16
4187457	272623.L175147	367	48
4188489	272623.L91510	449	164
4187549	272623.L184708	2510	147
4187785	272623.L22059	48.2	4
4186310	272623.L0058	9.09	3
4187087	272623.L132777	679	117
4186789	272623.L106031	66.9	15
4187450	272623.L174389	1213	444
4186546	272623.L0298	52.2	35
4187588	272623.L188472	11.6	5
4186639	272623.L0392	4585	196
4187455	272623.L175101	752	242
4187222	272623.L149828	488	98
4186462	272623.L0212	31.3	12
4186986	272623.L123851	418	98
4186672	272623.L0425	3296	229
4187944	272623.L38687	361	54
4186258	272623.L0009	5908	971
4187479	272623.L177520	86.4	25
4187296	272623.L158343	15.8	4
4187115	272623.L135954	239	108
4187127	272623.L137630	1116	530
4187374	272623.L166614	133	32
4186392	272623.L0140	2556	322
4186597	272623.L0349	631	271
4188552	272623.L98109	912	385
4188165	272623.L58914	34.7	17
4187867	272623.L320	451	124
4186952	272623.L120883	40.5	5
4186334	272623.L0083	339	88
4188568	272623.L99869	680	68
4187621	272623.L192122	484	78
4187034	272623.L128696	553	121
4187705	272623.L2.1N	445	114
4188060	272623.L49937	76.7	19
4186455	272623.L0205	1509	262
4186509	272623.L0260	1134	363
4188259	272623.L67708	276	37
4186844	272623.L110588	66.4	13
4187437	272623.L173313	122	27
4187790	272623.L22687	394	112
4188136	272623.L56236	20.6	5
4187941	272623.L3846	234	47
4187135	272623.L1389	128	51
4186515	272623.L0266	45.6	8
4187110	272623.L135351	2792	350
4187947	272623.L39365	635	139
4186847	272623.L110933	467	62
4187091	272623.L133367	18.4	6
4187848	272623.L29321	260	216
4187558	272623.L185517	927	148
4188385	272623.L8105	447	116
4187604	272623.L189883	233	41
4188103	272623.L53427	74.2	8
4188039	272623.L47650	180	24
4187589	272623.L188550	664	195
4187903	272623.L35068	417	164
4186252	272623.L0003	3114	1242
4186291	272623.L00396	860	417
4186987	272623.L124107	76.9	24
4187158	272623.L141766	337	131
4186981	272623.L123365	162	93
4186671	272623.L0424	4282	160
4187847	272623.L29314	36.1	5
4187453	272623.L174788	1606	230
4186627	272623.L0380	4256	716
4186448	272623.L0198	1197	124
4187932	272623.L37651	570	102
4187677	272623.L197116	21.5	4
4186280	272623.L0028	18.6	9
4186998	272623.L125485	630	135
4187662	272623.L195751	1027	196
4187695	272623.L198893	2188	1012
4188322	272623.L73818	877	289
4187798	272623.L2385	1976	315
4186372	272623.L0120	53.3	17
4187529	272623.L18206	176	41
4188141	272623.L56488	780	249
4187521	272623.L181494	45.3	20
4186434	272623.L0184	972	256
4186313	272623.L0061	207	50
4186830	272623.L109335	941	227
4187145	272623.L140690	1519	359
4186643	272623.L0396	3797	354
4188257	272623.L67624	67.5	11
4187058	272623.L130713	58.5	15
4186835	272623.L109882	1097	321
4187823	272623.L26721	209	40
4188450	272623.L87453	262	107
4187878	272623.L3272	1157	190
4188504	272623.L92850	19.9	4
4186377	272623.L0125	2687	617
4187622	272623.L192192	173	34
4187165	272623.L142410	1293	95
4187458	272623.L175357	505	163
4188271	272623.L68758	941	266
4186370	272623.L0118	2010	669
4188017	272623.L45583	980	53
4187032	272623.L128694	21.8	12
4187218	272623.L149295	2357	174
4187128	272623.L137682	46.5	23
4186594	272623.L0346	1056	479
4186947	272623.L120355	27.0	7
4187461	272623.L175712	1593	235
4186780	272623.L104681	2036	124
4187186	272623.L144693	62.1	11
4186557	272623.L0309	126	55
4188542	272623.L96658	3232	832
4186430	272623.L0180	581	146
4188244	272623.L66407	184	9
4186888	272623.L114827	447	201
4186549	272623.L0301	27.7	12
4187885	272623.L33187	74.1	18
4187391	272623.L16848	155	38
4188196	272623.L61727	277	132
4186336	272623.L0085	825	168
4186812	272623.L107797	1567	422
4188379	272623.L80315	116	20
4186453	272623.L0203	885	200
4186409	272623.L0157	98.8	42
4187191	272623.L145357	204	23
4186505	272623.L0256	22.5	17
4188367	272623.L79267	1191	196
4187820	272623.L26400	355	50
4187184	272623.L144535	308	11
4188449	272623.L87336	28.0	8
4187605	272623.L190009	137	49
4186528	272623.L0279	58.6	22
4188310	272623.L7226	6702	778
4186436	272623.L0186	1577	265
4187473	272623.L17695	14.4	3
4186438	272623.L0188	659	95
4187185	272623.L144551	3.04	2
4186956	272623.L121253	1425	358
4187103	272623.L134243	467	133
4187464	272623.L1762179	5565	1081
4186636	272623.L0389	3307	234
4186866	272623.L11285	227	36
4186715	272623.L0475	1082	123
4186543	272623.L0294	215	130
4186878	272623.L114099	2241	57
4187813	272623.L25787	14.0	4
4187495	272623.L178908	686	81
4186971	272623.L122632	129	22
4187284	272623.L157316	1835	304
4186761	272623.L102979	221	92
4186457	272623.L0207	1768	579
4187704	272623.L199942	42.1	5
4186596	272623.L0348	62.9	30
4186661	272623.L0414	4709	303
4187633	272623.L193031	5572	253
4186628	272623.L0381	3654	759
4187480	272623.L177590	2005	467
4188390	272623.L81453	22.7	7
4186311	272623.L0059	482	160
4186654	272623.L0407	4486	601
4187293	272623.L158186	181	56
4187376	272623.L166912	1380	261
4187488	272623.L178206	2834	1218
4188416	272623.L84502	328	223
4187278	272623.L156559	2230	435
4186951	272623.L120628	794	347
4187224	272623.L150017	188	25
4187242	272623.L152305	373	69
4188115	272623.L54546	679	211
4188391	272623.L81616	49.6	13
4188076	272623.L5126	1899	73
4188258	272623.L6768	2202	138
4187392	272623.L168484	1014	137
4187139	272623.L13958	75.1	10
4188323	272623.L73853	82.1	11
4186504	272623.L0255	2142	143
4188231	272623.L65440	2404	160
4188422	272623.L85091	921	107
4186342	272623.L0091	669	140
4186869	272623.L113060	2342	162
4186914	272623.L11729	21.7	3
4187189	272623.L145267	2311	852
4186624	272623.L0377	2125	225
4186607	272623.L0359	1318	383
4186732	272623.L1009	71.7	16
4186615	272623.L0368	2171	1255
4186269	272623.L0018	107	30
4186633	272623.L0386	3891	289
4187816	272623.L25961	17.5	9
4186506	272623.L0257	104	71
4187876	272623.L32653	384	84
4187517	272623.L181168	820	127
4186957	272623.L121289	433	112
4186292	272623.L0040	4445	1112
4188051	272623.L48504	1009	168
4186964	272623.L122198	10.3	7
4186757	272623.L102634	159	14
4186494	272623.L0245	131	34
4187645	272623.L193873	212	95
4186632	272623.L0385	3601	368
4188497	272623.L92414	69.3	16
4186776	272623.L104285	452	88
4188462	272623.L88643	127	86
4187341	272623.L162952	221	30
4186396	272623.L0144	137	43
4186779	272623.L104552	338	37
4186398	272623.L0146	22.4	8
4187254	272623.L153665	1307	273
4187591	272623.L188798	843	209
4186544	272623.L0295	624	146
4188260	272623.L67726	536	148
4186653	272623.L0406	2387	255
4188034	272623.L47257	1610	125
4186307	272623.L0055	85.7	25
4186989	272623.L124415	351	149
4187631	272623.L192996	121	16
4186640	272623.L0393	4522	167
4186433	272623.L0183	2706	63
4188133	272623.L5610	978	81
4186829	272623.L109201	109	14
4186980	272623.L12335	317	74
4186539	272623.L0290	65.9	36
4187268	272623.L155408	666	172
4187275	272623.L156302	143	18
4188303	272623.L71425	370	51
4187530	272623.L182555	1231	234
4188145	272623.L57401	247	36
4188383	272623.L80459	48.7	16
4187435	272623.L173151	290	32
4186810	272623.L107724	244	49
4187663	272623.L196017	1977	188
4187353	272623.L164461	107	25
4187099	272623.L133825	265	57
4187425	272623.L172471	897	262
4187017	272623.L127611	37.3	3
4187177	272623.L143879	157	40
4186621	272623.L0374	131	32
4188540	272623.L96595	441	149
4187070	272623.L131803	178	22
4186713	272623.L0473	715	321
4188236	272623.L65707	45.6	9
4188188	272623.L6128	129	20
4186337	272623.L0086	1549	394
4186410	272623.L0158	636	232
4188343	272623.L76216	23.2	4
4188173	272623.L59867	3298	1016
4188447	272623.L87113	114	45
4186651	272623.L0404	4250	644
4187983	272623.L42499	321	29
4187249	272623.L152977	504	91
4186444	272623.L0194	190	46
4187540	272623.L183563	884	203
4187446	272623.L174251	985	104
4188204	272623.L62931	441	38
4188232	272623.L65498	198	40
4187174	272623.L143459	837	101
4188556	272623.L98347	44.2	20
4186261	272623.L0011	2504	468
4187094	272623.L133490	192	12
4186414	272623.L0162	19.7	8
4187466	272623.L176316	131	41
4186259	272623.L00096	4481	83
4186531	272623.L0282	251	165
4187613	272623.L191431	169	85
4187623	272623.L192240	238	32
4187887	272623.L33412	714	172
4187176	272623.L143791	528	127
4188500	272623.L9255	1167	198
4186299	272623.L0047	309	67
4186387	272623.L0135	1022	212
4187665	272623.L196178	248	19
4186642	272623.L0395	4244	174
4187986	272623.L42784	166	19
4186650	272623.L0403	5563	816
4186550	272623.L0302	1474	228
4188256	272623.L67527	747	75
4186832	272623.L109453	23.8	8
4186782	272623.L104789	173	63
4186295	272623.L0044	711	340
4188545	272623.L97131	131	43
4186655	272623.L0408	6768	476
4186527	272623.L0278	24.7	35
4188009	272623.L45003	53.3	9
4187336	272623.L162597	206	92
4188483	272623.L9094	136	42
4186599	272623.L0351	208	181
4186250	272623.L0001	137	18
4186954	272623.L121175	17.2	5
4187635	272623.L193121	46.7	8
4187129	272623.L138230	41.0	31
4186893	272623.L115113	734	122
4186257	272623.L0008	113	56
4186867	272623.L112952	87.9	26
4187584	272623.L187918	206	58
4186489	272623.L0240	216	38
4188132	272623.L55836	168	12
4187309	272623.L15964	711	163
4186446	272623.L0196	1146	274
4186421	272623.L0169	55.3	26
4188025	272623.L46118	83.9	24
4187433	272623.L173048	53.5	55
4188486	272623.L91273	1181	74
4188078	272623.L51368	174	24
4188430	272623.L85895	323	29
4188496	272623.L92295	1220	108
4186600	272623.L0352	286	177
4186961	272623.L12179	1537	583
4187566	272623.L18647	155	31
4187834	272623.L27646	314	36
4187343	272623.L163056	77.8	15
4186959	272623.L121483	63.9	25
4187836	272623.L27865	3695	1055
4186806	272623.L107468	506	215
4188073	272623.L51032	634	142
4188181	272623.L60596	2896	775
4188121	272623.L54944	162	44
4186524	272623.L0275	733	231
4186296	272623.L0045	486	123
4187873	272623.L324	800	406
4188364	272623.L7866	151	45
4186520	272623.L0271	129	27
4187306	272623.L159396	61.4	11
4186724	272623.L1005	564	114
4188108	272623.L53929	226	96
4187581	272623.L187716	64.6	10
4186637	272623.L0390	3070	301
4188558	272623.L98583	881	218
4186452	272623.L0202	406	96
4188372	272623.L79678	33.5	37
4186933	272623.L119013	438	85
4188118	272623.L54760	53.5	55
4187239	272623.L151700	1586	150
4187213	272623.L148897	40.4	11
4187104	272623.L134394	13.2	7
4186343	272623.L0092	482	251
4188330	272623.L75267	155	40
4188012	272623.L45109	203	34
4186492	272623.L0243	3433	722
4186729	272623.L100735	15.7	2
4187678	272623.L19721	110	20
4188041	272623.L47971	49.3	14
4188415	272623.L84494	2646	127
4186585	272623.L0337	468	81
4186581	272623.L0333	261	56
4187369	272623.L166370	615	272
4188326	272623.L74195	297	88
4187265	272623.L155040	1976	121
4188535	272623.L95975	174	45
4186630	272623.L0383	5466	301
4188063	272623.L50174	36.0	7
4188360	272623.L78434	790	161
4186308	272623.L0056	198	30
4186349	272623.L0098	630	224
4187012	272623.L127182	19.9	2
4187346	272623.L163602	486	227
4186333	272623.L0082	974	320
4187628	272623.L19272	35.9	11
4186309	272623.L0057	148	53
4188366	272623.L7894	144	85
4187229	272623.L150515	614	213
4186865	272623.L112776	72.2	19
4188388	272623.L81319	239	33
4186975	272623.L123116	318	99
4187277	272623.L156445	460	94
4186588	272623.L0340	607	224
4188037	272623.L4747	71.5	10
4187536	272623.L183112	25.9	11
4186929	272623.L118481	254	48
4187582	272623.L187771	1038	196
4186881	272623.L114370	145	26
4188307	272623.L71932	1845	232
4187093	272623.L133446	294	34
4188513	272623.L93826	42.6	10
4187441	272623.L173813	1274	406
4188008	272623.L45002	3836	1103
4187908	272623.L35545	766	63
4187363	272623.L165490	193	28
4187630	272623.L19292	4148	352
4188193	272623.L61620	1784	463
4187056	272623.L130682	13.4	10
4188316	272623.L73210	504	219
4187069	272623.L131778	130	22
4188292	272623.L7043	253	53
4187470	272623.L17654	292	62
4187822	272623.L26628	105	32
4188386	272623.L81189	1637	489
4186811	272623.L107726	55.5	9
4186294	272623.L0043	1004	458
4187212	272623.L148778	128	257
4186432	272623.L0182	439	105
4187602	272623.L189822	157	10
4187504	272623.L179659	31.5	13
4186840	272623.L110467	1763	233
4186579	272623.L0331	24.7	5
4188409	272623.L83865	237	21
4186746	272623.L101706	295	113
4186578	272623.L0330	481	99
4187106	272623.L134453	721	180
4187105	272623.L134450	1228	384
4187830	272623.L27434	53.5	55
4186364	272623.L0112	1.68	1
4186846	272623.L110899	255	106
4188120	272623.L54803	187	26
4186614	272623.L0367	2715	341
4187288	272623.L157841	443	77
4187340	272623.L162872	625	113
4186988	272623.L124252	494	176
4187243	272623.L152419	1773	328
4186774	272623.L104115	18.4	20
4186659	272623.L0412	3289	186
4187263	272623.L154885	1247	221
4186340	272623.L0089	250	54
4188296	272623.L70624	1542	298
4187011	272623.L126998	521	86
4187302	272623.L158972	2241	239
4186903	272623.L115968	635	277
4187066	272623.L13145	2440	1470
4186264	272623.L0014	49.0	25
4186361	272623.L0109	202	54
4188559	272623.L98749	384	80
4188472	272623.L89418	215	127
4188223	272623.L64445	741	57
4187711	272623.L200005	427	29
4188505	272623.L92886	398	114
4187927	272623.L37085	288	54
4186668	272623.L0421	1584	130
4187898	272623.L34494	11.5	3
4187297	272623.L158463	90.2	17
4188544	272623.L96903	19.1	4
4186290	272623.L0039	8430	438
4187442	272623.L173848	1221	92
4186431	272623.L0181	554	130
4186263	272623.L0013	207	117
4186944	272623.L119891	321	128
4187850	272623.L29491	323	132
4187067	272623.L13150	25.8	15
4186721	272623.L100263	89.4	35
4187837	272623.L28204	876	94
4188216	272623.L63811	686	146
4186529	272623.L0280	12.9	3
4187335	272623.L16252	581	80
4186341	272623.L0090	215	81
4186413	272623.L0161	906	292
4188350	272623.L7722	1591	713
4186595	272623.L0347	1809	715
4187216	272623.L148976	1038	225
4188530	272623.L95210	32.4	6
4187047	272623.L129403	211	56
4186526	272623.L0277	69.0	39
4188241	272623.L66222	511	113
4187846	272623.L29171	85.6	2
4188342	272623.L7612	108	9
4186617	272623.L0370	688	308
4187968	272623.L41335	813	428
4188228	272623.L65029	2614	316
4186927	272623.L118462	57.6	42
4186548	272623.L0300	246	77
4187426	272623.L172505	6342	213
4187766	272623.L20397	180	26
4187542	272623.L183902	690	53
4186972	272623.L122849	3034	156
4188312	272623.L72477	68.5	29
4187634	272623.L193090	83.7	11
4188250	272623.L67226	749	138
4187347	272623.L163677	16.6	3
4188461	272623.L88637	155	20
4187789	272623.L22498	123	22
4186818	272623.L108430	308	61
4187049	272623.L129431	461	133
4188531	272623.L95240	2934	138
4187699	272623.L199221	955	271
4186293	272623.L0041	3524	1445
4186674	272623.L0430	2110	15
4186808	272623.L10754	1413	203
4186838	272623.L110431	82.4	22
4187545	272623.L184159	45.5	14
4188369	272623.L79329	249	29
4186304	272623.L0052	102	18
4187408	272623.L169971	59.5	12
4187700	272623.L199247	47.3	55
4187641	272623.L193644	768	61
4186925	272623.L118271	1048	158
4186860	272623.L112263	1619	168
4187210	272623.L148513	301	44
4187901	272623.L34806	1046	224
4188058	272623.L49741	1578	673
4188376	272623.L80045	507	57
4188503	272623.L92686	302	85
4188029	272623.L46679	56.1	18
4187318	272623.L160560	394	32
4186540	272623.L0291	37.7	22
4186665	272623.L0418	4960	456
4187198	272623.L146261	59.4	10
4188377	272623.L80177	45.7	15
4188003	272623.L44542	384	53
4186751	272623.L102093	1743	224
4187875	272623.L3255	102	42
4188242	272623.L66233	562	136
4188479	272623.L90622	1276	71
4187451	272623.L174407	696	93
4187388	272623.L168265	722	103
4186449	272623.L0199	26.3	9
4187607	272623.L190226	128	47
4187595	272623.L188985	194	31
4188262	272623.L67872	47.1	5
4187565	272623.L186258	79.8	27
4188456	272623.L88252	655	259
4188382	272623.L80411	2469	515
4187065	272623.L131443	93.5	10
4186598	272623.L0350	220	166
4188222	272623.L64373	850	252
4187793	272623.L22900	311	117
4186445	272623.L0195	4112	319
4186555	272623.L0307	4.69	6
4186287	272623.L0036	1854	582
4186590	272623.L0342	1043	469
4186458	272623.L0208	3152	768
4187142	272623.L140141	14.2	3
4186271	272623.L00196	24.9	8
4186284	272623.L0033	2235	570
4186648	272623.L0401	6181	471
4186813	272623.L107870	761	233
4187928	272623.L37338	1068	167
4187370	272623.L166407	315	248
4187013	272623.L127223	575	195
4187207	272623.L147936	522	115
4187308	272623.L159505	284	137
4187231	272623.L150593	643	189
4186266	272623.L00157	668	129
4187776	272623.L210	1086	455
4187561	272623.L18600	782	340
4186857	272623.L111950	152	29
4187616	272623.L191500	68.6	12
4186765	272623.L103246	132	22
4188207	272623.L63227	454	90
4187449	272623.L174321	1289	228
4186513	272623.L0264	369	176
4187501	272623.L179409	2211	689
4187669	272623.L196579	269	93
4188520	272623.L94534	972	102
4186616	272623.L0369	31.0	13
4188541	272623.L96605	387	63
4187817	272623.L2599	24.3	6
4188273	272623.L6876	647	76
4187292	272623.L158071	1134	39
4187079	272623.L132251	54.9	16
4186276	272623.L0024	553	206
4186460	272623.L0210	153	42
4186592	272623.L0344	979	501
4187570	272623.L186839	63.1	7
4186516	272623.L0267	123	36
4186253	272623.L0004	655	172
4187413	272623.L170990	435	70
4187443	272623.L173881	496	127
4188265	272623.L68137	38.5	14
4186895	272623.L115302	111	19
4187937	272623.L37916	0.9	3
4187854	272623.L30285	221	52
4188412	272623.L84257	204	53
4187486	272623.L178172	601	145
4186841	272623.L110479	25.8	13
4187315	272623.L160442	395	68
4187687	272623.L198056	303	86
4186752	272623.L102100	112	30
4186312	272623.L0060	412	121
4188042	272623.L47979	95.8	6
4186666	272623.L0419	4686	391
4186552	272623.L0304	88.2	44
4186536	272623.L0287	61.7	37
4186251	272623.L0002	2581	504
4187362	272623.L165449	2698	453
4187563	272623.L186107	2037	301
4186389	272623.L0137	880	819
4186491	272623.L0242	57.2	23
4188555	272623.L98310	573	189
4188205	272623.L62955	336	58
4186534	272623.L0285	92.8	22
4187460	272623.L175538	3044	484
4187399	272623.L169230	262	38
4186786	272623.L105256	196	50
4186833	272623.L109527	31.3	11
4187057	272623.L130687	1160	529
4188442	272623.L86881	137	53
4186839	272623.L110441	126	18
4186610	272623.L0362	1060	265
4187935	272623.L37880	174	68
4186626	272623.L0379	3853	854
4186447	272623.L0197	518	223
4187420	272623.L171588	34.8	8
4186437	272623.L0187	1316	134
4186375	272623.L0123	112	30
4187269	272623.L155471	47.3	55
4186522	272623.L0273	2939	321
4187033	272623.L128695	5012	1571
4187431	272623.L172964	43.3	11
4188454	272623.L88187	537	217
4187673	272623.L197041	1380	317
4186618	272623.L0371	6376	1977
4186917	272623.L11745	343	66
4186620	272623.L0373	60.2	23
4188047	272623.L48417	244	102
4187487	272623.L178204	40.3	5
4187528	272623.L182026	392	48
4187200	272623.L146623	676	46
4186635	272623.L0388	1607	109
4186658	272623.L0411	3222	284
4187155	272623.L141634	80.1	15
4186815	272623.L108008	381	74
4186828	272623.L109162	338	174
4186735	272623.L101209	541	42
4187088	272623.L132875	13.2	4
4186608	272623.L0360	194	119
4187320	272623.L160937	213	67
4186315	272623.L0063	582	205
4187574	272623.L187016	4.78	2
4186882	272623.L114402	166	20
4187092	272623.L133416	81.4	33
4187650	272623.L194765	52.4	9
4186400	272623.L0148	12.6	4
4186499	272623.L0250	186	30
4187942	272623.L38510	47.3	55
4186634	272623.L0387	4427	353
4186858	272623.L11208	1420	218
4188227	272623.L64833	453	104
4186591	272623.L0343	387	305
4186262	272623.L0012	2825	711
4187354	272623.L164604	1623	275
4188333	272623.L75633	344	40
4186572	272623.L0324	65.4	22
4186519	272623.L0270	93.7	81
4187647	272623.L194050	5.67	3
4187240	272623.L152002	391	91
4186924	272623.L118079	1148	685
4186726	272623.L100575	254	27
4186601	272623.L0353	514	342
4186368	272623.L0116	518	213
4187988	272623.L43222	48.5	13
4187226	272623.L15012	16.0	4
4188208	272623.L6328	638	35
4187826	272623.L26998	408	95
4187410	272623.L170617	71.8	10
4186286	272623.L0035	2124	788
4187554	272623.L185031	275	88
4186408	272623.L0156	144	47
4187522	272623.L181692	2574	531
4186657	272623.L0410	4454	425
4187872	272623.L32389	3898	462
4186523	272623.L0274	236	114
4186388	272623.L0136	2845	609
4187500	272623.L179277	15.8	2
4187801	272623.L24228	696	254
4187723	272623.L200025	2968	96
4187124	272623.L137335	47.3	55
4188420	272623.L84937	249	50
4188515	272623.L93858	122	13
4186910	272623.L117074	460	49
4188389	272623.L81441	125	33
4187640	272623.L193593	484	192
4187081	272623.L132585	955	105
