#id: 75
#name: L.pneumophila - Whole organism, SC (GPM,Aug,2014)
#score: 7.51
#weight: 100%
#description: abundance based on Spectral counting, from<a href="http://www.thegpm.org/" target="_blank">GPM,Aug,2014</a><br/><b>Interaction consistency score</b>: 7.51&nbsp<b>Coverage</b>: 25
#organ: WHOLE_ORGANISM
#integrated: false
#coverage: 25
#publication_year: 2014
#filename: 272624-GPM_201408.txt
#
#internal_id	string_external_id	abundance	raw_spectral_count
4190557	272624.lpg2026	1180	34
4191324	272624.lpg2814	74.7	8
4189250	272624.lpg0699	571	88
4190408	272624.lpg1873	179	26
4190749	272624.lpg2222	1780	138
4189935	272624.lpg1391	1003	27
4189420	272624.lpg0870	45.7	3
4188663	272624.lpg0094	515	22
4191008	272624.lpg2486	42.9	6
4188701	272624.lpg0132	694	16
4191139	272624.lpg2619	311	19
4191164	272624.lpg2644	811	157
4188683	272624.lpg0114	120	22
4190377	272624.lpg1836	42.5	8
4190802	272624.lpg2275	2587	156
4191319	272624.lpg2809	107	32
4189733	272624.lpg1186	443	48
4189880	272624.lpg1336	166	14
4189117	272624.lpg0561	444	36
4189056	272624.lpg0497	30.4	6
4189434	272624.lpg0885	167	10
4191221	272624.lpg2701	419	7
4191473	272624.lpg2965	8065	578
4189481	272624.lpg0932	770	56
4191491	272624.lpg2984	5976	758
4190289	272624.lpg1748	701	38
4188965	272624.lpg0406	2627	62
4189897	272624.lpg1353	831	91
4191371	272624.lpg2862	83.4	26
4189084	272624.lpg0526	1028	115
4189449	272624.lpg0900	52.9	8
4189391	272624.lpg0841	95.6	9
4190559	272624.lpg2028	20.8	3
4191334	272624.lpg2824	22.0	3
4189022	272624.lpg0463	2406	93
4189135	272624.lpg0584	143	13
4188578	272624.lpg0008	334	49
4190248	272624.lpg1706	19.2	3
4188660	272624.lpg0091	143	9
4190393	272624.lpg1852	29.5	6
4190129	272624.lpg1585	255	14
4191255	272624.lpg2737	106	9
4189967	272624.lpg1423	73.8	12
4188913	272624.lpg0354	4449	434
4189578	272624.lpg1030	171	7
4191411	272624.lpg2903	120	11
4188867	272624.lpg0298	16.5	3
4190724	272624.lpg2197	1043	31
4189271	272624.lpg0720	11.8	4
4190384	272624.lpg1843	60.3	8
4189059	272624.lpg0500	69.5	9
4190249	272624.lpg1707	139	15
4188806	272624.lpg0237	151	6
4188876	272624.lpg0317	2337	159
4191109	272624.lpg2589	174	27
4188855	272624.lpg0286	623	45
4189844	272624.lpg1299	103	24
4190555	272624.lpg2024	79.9	9
4189884	272624.lpg1340	4837	469
4189316	272624.lpg0765	24.5	5
4189397	272624.lpg0847	670	68
4190767	272624.lpg2240	129	17
4188700	272624.lpg0131	131	21
4190035	272624.lpg1491	89.3	10
4190530	272624.lpg1999	66.1	3
4189299	272624.lpg0748	695	98
4189008	272624.lpg0449	440	15
4191115	272624.lpg2595	30.3	3
4189715	272624.lpg1167	350	15
4190805	272624.lpg2278	360	24
4188686	272624.lpg0117	444	14
4188998	272624.lpg0439	104	14
4189851	272624.lpg1306	179	32
4190440	272624.lpg1908	1244	69
4188668	272624.lpg0099	34.7	8
4190481	272624.lpg1950	146	11
4191146	272624.lpg2626	352	13
4189152	272624.lpg0601	15.7	3
4189283	272624.lpg0732	1440	61
4189006	272624.lpg0447	67.3	3
4190267	272624.lpg1726	5.22	5
4191332	272624.lpg2822	294	44
4189058	272624.lpg0499	285	33
4188622	272624.lpg0052	528	43
4190883	272624.lpg2359	1094	36
4188888	272624.lpg0329	5271	267
4190093	272624.lpg1549	74.4	4
4189821	272624.lpg1276	29.5	8
4188579	272624.lpg0009	1267	42
4189885	272624.lpg1341	1948	118
4191226	272624.lpg2706	6278	106
4188911	272624.lpg0352	715	35
4191248	272624.lpg2730	2109	70
4189248	272624.lpg0697	49.7	9
4191268	272624.lpg2755	12460	287
4190683	272624.lpg2155	23.2	7
4190292	272624.lpg1751	56.2	9
4190312	272624.lpg1771	173	24
4188899	272624.lpg0340	4264	151
4190340	272624.lpg1799	635	194
4191206	272624.lpg2686	63.6	15
4191161	272624.lpg2641	437	26
4189475	272624.lpg0926	94.4	10
4190264	272624.lpg1722	38.6	9
4191487	272624.lpg2980	52.5	9
4188694	272624.lpg0125	94.2	5
4191041	272624.lpg2519	35.4	4
4188670	272624.lpg0101	569	19
4188807	272624.lpg0238	48.2	6
4189252	272624.lpg0701	614	67
4189377	272624.lpg0827	659	106
4189175	272624.lpg0624	396	4
4190544	272624.lpg2013	115	15
4190318	272624.lpg1777	496	59
4189752	272624.lpg1206	140	7
4189437	272624.lpg0888	287	22
4189426	272624.lpg0876	51.2	7
4188995	272624.lpg0436	64.9	6
4190876	272624.lpg2352	5026	502
4188834	272624.lpg0265	32.5	4
4188654	272624.lpg0085	2783	107
4189037	272624.lpg0478	247	3
4190238	272624.lpg1696	473	126
4189202	272624.lpg0651	24.6	3
4191450	272624.lpg2942	2515	200
4188931	272624.lpg0372	900	26
4189342	272624.lpg0791	10964	679
4190388	272624.lpg1847	76.2	9
4188893	272624.lpg0334	2607	77
4190406	272624.lpg1871	390	21
4189311	272624.lpg0760	31.8	4
4191153	272624.lpg2633	89.9	4
4190872	272624.lpg2348	532	11
4190830	272624.lpg2306	642	22
4189273	272624.lpg0722	240	5
4189001	272624.lpg0442	364	16
4190342	272624.lpg1801	447	54
4189667	272624.lpg1119	149	6
4191297	272624.lpg2785	649	47
4189091	272624.lpg0533	4832	409
4190365	272624.lpg1824	1051	99
4188593	272624.lpg0023	481	15
4190804	272624.lpg2277	467	23
4188907	272624.lpg0348	6546	314
4191285	272624.lpg2772	221	49
4191459	272624.lpg2951	1261	94
4191167	272624.lpg2647	247	20
4190636	272624.lpg2108	145	5
4191188	272624.lpg2668	420	31
4190086	272624.lpg1542	62.1	8
4191159	272624.lpg2639	1149	400
4188656	272624.lpg0087	228	17
4190963	272624.lpg2440	87.9	11
4190873	272624.lpg2349	65.9	4
4189303	272624.lpg0752	194	19
4190291	272624.lpg1750	2086	562
4188977	272624.lpg0418	63.3	8
4189985	272624.lpg1441	37.3	4
4189168	272624.lpg0617	48.2	3
4188959	272624.lpg0400	535	56
4189245	272624.lpg0694	210	34
4189393	272624.lpg0843	1371	76
4189220	272624.lpg0669	1197	27
4188883	272624.lpg0324	5370	154
4189607	272624.lpg1059	30.6	3
4190880	272624.lpg2356	127	7
4191320	272624.lpg2810	2324	409
4190181	272624.lpg1639	36.8	3
4190310	272624.lpg1769	223	12
4189665	272624.lpg1117	131	7
4188901	272624.lpg0342	6849	124
4190141	272624.lpg1597	2519	246
4189495	272624.lpg0946	43.6	3
4188894	272624.lpg0335	2265	138
4190400	272624.lpg1861	1117	80
4188707	272624.lpg0138	592	90
4188905	272624.lpg0346	2843	180
4191127	272624.lpg2607	424	79
4191299	272624.lpg2787	959	61
4191366	272624.lpg2856	21.9	3
4189852	272624.lpg1307	41.2	6
4189276	272624.lpg0725	1836	190
4189239	272624.lpg0688	50247	6973
4190821	272624.lpg2297	424	68
4190125	272624.lpg1581	19.9	11
4190007	272624.lpg1463	795	195
4191274	272624.lpg2761	3612	187
4188886	272624.lpg0327	18077	4326
4188710	272624.lpg0141	245	58
4191303	272624.lpg2792	31.0	3
4190834	272624.lpg2310	40.1	3
4188902	272624.lpg0343	1063	63
4189394	272624.lpg0844	1860	127
4189380	272624.lpg0830	132	12
4190047	272624.lpg1503	993	149
4188973	272624.lpg0414	51.8	3
4191350	272624.lpg2840	90.8	6
4191346	272624.lpg2836	386	75
4189837	272624.lpg1292	56.7	4
4190874	272624.lpg2350	590	52
4189983	272624.lpg1439	31.5	3
4190541	272624.lpg2010	59.0	3
4190540	272624.lpg2009	11.9	3
4190127	272624.lpg1583	57.0	8
4188881	272624.lpg0322	2635	952
4191233	272624.lpg2713	1955	58
4191231	272624.lpg2711	218	24
4190851	272624.lpg2327	1348	110
4188944	272624.lpg0385	1168	62
4189704	272624.lpg1156	48.6	4
4189263	272624.lpg0712	440	21
4188985	272624.lpg0426	1021	18
4189955	272624.lpg1411	765	61
4189941	272624.lpg1397	900	77
4191191	272624.lpg2671	139	24
4189099	272624.lpg0541	3709	640
4189336	272624.lpg0785	925	94
4188756	272624.lpg0187	431	66
4191509	272624.lpg3002	71.7	10
4189026	272624.lpg0467	579	67
4189288	272624.lpg0737	2866	119
4189900	272624.lpg1356	21.6	3
4191401	272624.lpg2892	43.8	3
4191174	272624.lpg2654	94.4	7
4189089	272624.lpg0531	1800	149
4190032	272624.lpg1488	24.2	12
4189260	272624.lpg0709	102	8
4189261	272624.lpg0710	58.2	4
4189359	272624.lpg0809	331	47
4189404	272624.lpg0854	298	6
4191406	272624.lpg2897	155	23
4189396	272624.lpg0846	372	12
4188687	272624.lpg0118	961	65
4191407	272624.lpg2898	242	43
4188689	272624.lpg0120	82.0	7
4191151	272624.lpg2631	502	57
4190837	272624.lpg2313	25.3	3
4190253	272624.lpg1711	3340	122
4191241	272624.lpg2722	22.0	3
4190532	272624.lpg2001	227	32
4189971	272624.lpg1427	27.2	3
4189170	272624.lpg0619	88.3	5
4190022	272624.lpg1478	54.3	9
4190916	272624.lpg2393	93.9	6
4188863	272624.lpg0294	2119	167
4189924	272624.lpg1380	33.5	4
4189913	272624.lpg1369	2578	528
4189223	272624.lpg0672	1065	63
4189035	272624.lpg0476	5089	151
4190777	272624.lpg2250	184	20
4190386	272624.lpg1845	504	34
4190369	272624.lpg1828	188	14
4189014	272624.lpg0455	80.9	3
4191129	272624.lpg2609	744	84
4190349	272624.lpg1808	31.5	4
4191335	272624.lpg2825	3292	110
4191036	272624.lpg2514	22.8	4
4189332	272624.lpg0781	1776	44
4190053	272624.lpg1509	901	113
4191284	272624.lpg2771	161	7
4191467	272624.lpg2959	813	144
4191383	272624.lpg2874	1094	95
4190862	272624.lpg2338	977	50
4190240	272624.lpg1698	895	37
4189093	272624.lpg0535	2404	294
4189959	272624.lpg1415	1145	95
4190376	272624.lpg1835	1998	160
4189888	272624.lpg1344	112	5
4190554	272624.lpg2023	137	13
4190838	272624.lpg2314	283	25
4191232	272624.lpg2712	1379	23
4188958	272624.lpg0399	1593	33
4190747	272624.lpg2220	20.7	4
4189043	272624.lpg0484	2189	206
4188885	272624.lpg0326	3474	737
4189439	272624.lpg0890	324	46
4189209	272624.lpg0658	410	55
4188920	272624.lpg0361	155	28
4191357	272624.lpg2847	408	39
4189208	272624.lpg0657	155	9
4190219	272624.lpg1677	186	17
4189351	272624.lpg0801	144	26
4189090	272624.lpg0532	636	142
4189005	272624.lpg0446	12.9	3
4190048	272624.lpg1504	1022	232
4190092	272624.lpg1548	7522	348
4189750	272624.lpg1204	103	7
4189929	272624.lpg1385	80.4	5
4189908	272624.lpg1364	2339	291
4189564	272624.lpg1016	77.0	6
4188671	272624.lpg0102	83.3	7
4191185	272624.lpg2665	283	26
4191281	272624.lpg2768	1097	205
4191234	272624.lpg2714	394	95
4188880	272624.lpg0321	21254	449
4190392	272624.lpg1851	2034	136
4189010	272624.lpg0451	1062	312
4189452	272624.lpg0903	680	65
4190588	272624.lpg2060	39.9	6
4189991	272624.lpg1447	137	11
4189240	272624.lpg0689	3239	159
4188838	272624.lpg0269	37.8	8
4188987	272624.lpg0428	921	30
4189583	272624.lpg1035	15.9	6
4190063	272624.lpg1519	128	6
4189937	272624.lpg1393	391	33
4190078	272624.lpg1534	234	28
4191194	272624.lpg2674	1253	74
4190574	272624.lpg2043	9198	478
4191101	272624.lpg2581	64.8	12
4191395	272624.lpg2886	24.5	3
4188954	272624.lpg0395	8076	333
4190380	272624.lpg1839	65.3	16
4188882	272624.lpg0323	1378	594
4188891	272624.lpg0332	3323	165
4189072	272624.lpg0513	468	59
4188664	272624.lpg0095	30.9	3
4190135	272624.lpg1591	3148	40
4190232	272624.lpg1690	2561	552
4190552	272624.lpg2021	724	83
4191243	272624.lpg2724	233	3
4190573	272624.lpg2042	151	8
4189307	272624.lpg0756	132	8
4189988	272624.lpg1444	170	15
4191143	272624.lpg2623	144	13
4189923	272624.lpg1379	133	29
4189131	272624.lpg0580	513	61
4190556	272624.lpg2025	6245	877
4189730	272624.lpg1182	360	26
4191134	272624.lpg2614	457	62
4190786	272624.lpg2259	5913	101
4191136	272624.lpg2616	300	32
4191474	272624.lpg2966	1634	28
4188753	272624.lpg0184	44.3	3
4189116	272624.lpg0560	778	68
4190576	272624.lpg2045	60.3	6
4191172	272624.lpg2652	4122	292
4190052	272624.lpg1508	107	9
4189463	272624.lpg0914	73.0	3
4189912	272624.lpg1368	154	30
4190372	272624.lpg1831	13.8	3
4191229	272624.lpg2709	766	29
4188903	272624.lpg0344	3276	150
4189734	272624.lpg1187	109	11
4190840	272624.lpg2316	1118	55
4189301	272624.lpg0750	346	24
4189887	272624.lpg1343	403	26
4189649	272624.lpg1101	31.3	5
4188856	272624.lpg0287	1029	42
4190419	272624.lpg1887	211	5
4189609	272624.lpg1061	85.1	5
4190087	272624.lpg1543	467	36
4191072	272624.lpg2550	71.9	10
4189451	272624.lpg0902	31.6	3
4189155	272624.lpg0604	28.6	3
4190095	272624.lpg1551	180	7
4190443	272624.lpg1911	126	14
4188928	272624.lpg0369	111	5
4191493	272624.lpg2986	3004	136
4189045	272624.lpg0486	328	41
4189236	272624.lpg0685	17.9	3
4191489	272624.lpg2982	5167	723
4191035	272624.lpg2513	136	14
4190442	272624.lpg1910	296	27
4191223	272624.lpg2703	77.5	4
4190962	272624.lpg2439	123	6
4190254	272624.lpg1712	755	68
4190003	272624.lpg1459	414	27
4191004	272624.lpg2482	30.2	3
4189029	272624.lpg0470	5023	343
4188803	272624.lpg0234	3.9	12
4190543	272624.lpg2012	480	25
4190445	272624.lpg1913	488	59
4191300	272624.lpg2788	1817	85
4191176	272624.lpg2656	103	9
4191463	272624.lpg2955	80.8	3
4191468	272624.lpg2960	472	24
4191145	272624.lpg2625	142	44
4191376	272624.lpg2867	48.6	3
4190382	272624.lpg1841	14867	964
4189473	272624.lpg0924	3469	300
4190133	272624.lpg1589	3770	150
4190070	272624.lpg1526	772	41
4191144	272624.lpg2624	895	48
4189176	272624.lpg0625	25.7	3
4189069	272624.lpg0510	53.6	4
4190769	272624.lpg2242	53.8	8
4188764	272624.lpg0195	50.6	6
4191256	272624.lpg2738	46.7	5
4191182	272624.lpg2662	50.1	4
4190089	272624.lpg1545	1364	103
4189975	272624.lpg1431	2436	103
4190719	272624.lpg2192	329	26
4188914	272624.lpg0355	1664	73
4189474	272624.lpg0925	288	58
4190560	272624.lpg2029	501	14
4189896	272624.lpg1352	1341	238
4189214	272624.lpg0663	28.4	5
4190714	272624.lpg2187	251	7
4190284	272624.lpg1743	882	22
4191227	272624.lpg2707	1236	36
4190381	272624.lpg1840	91.3	10
4189030	272624.lpg0471	167	15
4190803	272624.lpg2276	3691	372
4189765	272624.lpg1219	149	13
4191181	272624.lpg2661	141	7
4189255	272624.lpg0704	996	50
4189418	272624.lpg0868	134	23
4189291	272624.lpg0740	1690	89
4190721	272624.lpg2194	830	57
4190351	272624.lpg1810	8030	767
4189185	272624.lpg0634	1650	204
4190383	272624.lpg1842	21.8	5
4189319	272624.lpg0768	237	17
4189982	272624.lpg1438	303	23
4191353	272624.lpg2843	1064	104
4188979	272624.lpg0420	30.5	3
4189274	272624.lpg0723	392	7
4190568	272624.lpg2037	1317	134
4191156	272624.lpg2636	7718	65
4190685	272624.lpg2157	132	80
4190806	272624.lpg2279	859	73
4191132	272624.lpg2612	374	45
4189278	272624.lpg0727	280	20
4188706	272624.lpg0137	181	27
4188761	272624.lpg0192	106	6
4188941	272624.lpg0382	60.9	3
4189484	272624.lpg0935	5663	144
4189053	272624.lpg0494	179	19
4190758	272624.lpg2231	71.5	3
4191368	272624.lpg2859	1830	142
4190562	272624.lpg2031	237	52
4190882	272624.lpg2358	5546	43
4190505	272624.lpg1974	18058	1731
4191292	272624.lpg2780	1291	20
4189341	272624.lpg0790	317	31
4190965	272624.lpg2442	70.4	3
4189507	272624.lpg0958	63.7	13
4191279	272624.lpg2766	401	22
4191442	272624.lpg2934	2310	343
4189978	272624.lpg1434	42.3	6
4190978	272624.lpg2456	96.3	13
4189191	272624.lpg0640	330	22
4189584	272624.lpg1036	565	25
4191464	272624.lpg2956	820	41
4191445	272624.lpg2937	626	53
4189259	272624.lpg0708	1322	60
4189849	272624.lpg1304	300	39
4190603	272624.lpg2075	37.7	12
4191492	272624.lpg2985	1192	75
4189105	272624.lpg0548	58.0	3
4191380	272624.lpg2871	25.7	6
4188912	272624.lpg0353	3122	159
4189405	272624.lpg0855	383	31
4190682	272624.lpg2154	26.3	3
4190132	272624.lpg1588	346	77
4190115	272624.lpg1571	452	49
4189892	272624.lpg1348	761	178
4189965	272624.lpg1421	5024	734
4189865	272624.lpg1320	47.1	12
4190832	272624.lpg2308	6096	277
4191100	272624.lpg2580	128	12
4189964	272624.lpg1420	354	27
4188742	272624.lpg0173	30.0	5
4189195	272624.lpg0644	59.9	8
4189926	272624.lpg1382	712	94
4188906	272624.lpg0347	2263	43
4190842	272624.lpg2318	71.1	3
4189015	272624.lpg0456	99.9	38
4189427	272624.lpg0877	270	13
4191506	272624.lpg2999	79.0	5
4189969	272624.lpg1425	156	13
4191479	272624.lpg2971	554	83
4190282	272624.lpg1741	870	32
4188904	272624.lpg0345	4102	119
4188708	272624.lpg0139	318	52
4190257	272624.lpg1715	7686	211
4191513	272624.lpg_3050	723	37
4190577	272624.lpg2046	52.4	3
4189459	272624.lpg0910	867	30
4188655	272624.lpg0086	8.99	6
4191412	272624.lpg2904	108	7
4189153	272624.lpg0602	583	61
4191259	272624.lpg2741	262	11
4190104	272624.lpg1560	1730	172
4190885	272624.lpg2361	779	81
4189092	272624.lpg0534	784	110
4190098	272624.lpg1554	105	11
4190640	272624.lpg2112	31247	1259
4190539	272624.lpg2008	1648	96
4188572	272624.lpg0002	42.6	4
4189758	272624.lpg1212	83.1	9
4191166	272624.lpg2646	363	29
4190371	272624.lpg1830	122	10
4189009	272624.lpg0450	239	18
4191230	272624.lpg2710	190	48
4189124	272624.lpg0568	258	30
4189365	272624.lpg0815	161	14
4190398	272624.lpg1859	782	194
4188646	272624.lpg0077	103	11
4189673	272624.lpg1125	24.2	6
4189472	272624.lpg0923	2198	138
4191267	272624.lpg2754	11.3	3
4190394	272624.lpg1853	115	12
4190447	272624.lpg1915	12350	113
4190745	272624.lpg2218	247	16
4189483	272624.lpg0934	37.9	4
4190102	272624.lpg1558	1006	139
4189282	272624.lpg0731	910	27
4190118	272624.lpg1574	369	19
4191278	272624.lpg2765	204	8
4190790	272624.lpg2263	234	24
4189275	272624.lpg0724	940	21
4189368	272624.lpg0818	636	145
4189229	272624.lpg0678	105	6
4190718	272624.lpg2191	2557	133
4188884	272624.lpg0325	12544	479
4189755	272624.lpg1209	133	9
4191469	272624.lpg2961	37327	2889
4190396	272624.lpg1855	521	72
4191499	272624.lpg2992	780	34
4191027	272624.lpg2505	39.9	5
4190582	272624.lpg2051	53.5	5
4188972	272624.lpg0413	410	27
4189011	272624.lpg0452	1755	156
4189500	272624.lpg0951	167	16
4189471	272624.lpg0922	4887	365
4190549	272624.lpg2018	1347	23
4189596	272624.lpg1048	26.7	5
4189357	272624.lpg0807	103	7
4189320	272624.lpg0769	62.5	4
4189925	272624.lpg1381	5.19	3
4191344	272624.lpg2834	467	95
4188874	272624.lpg0314	18077	4326
4188705	272624.lpg0136	31.4	3
4189066	272624.lpg0507	7086	361
4191384	272624.lpg2875	38.8	5
4189961	272624.lpg1417	229	47
4190323	272624.lpg1782	60.0	4
4188841	272624.lpg0272	362	17
4189939	272624.lpg1395	3405	167
4191196	272624.lpg2676	46.4	6
4190983	272624.lpg2461	146	14
4190681	272624.lpg2153	34.8	41
4189272	272624.lpg0721	628	84
4191391	272624.lpg2882	291	58
4190553	272624.lpg2022	1257	152
4191209	272624.lpg2689	3398	378
4189021	272624.lpg0462	260	32
4188697	272624.lpg0128	42.1	4
4191372	272624.lpg2863	45.0	3
4191195	272624.lpg2675	404	39
4190131	272624.lpg1587	620	25
4190860	272624.lpg2336	325	31
4190306	272624.lpg1765	378	22
4191277	272624.lpg2764	1718	76
4190684	272624.lpg2156	22.2	38
4189751	272624.lpg1205	3829	84
4189875	272624.lpg1331	1296	99
4189100	272624.lpg0542	1134	10
4188763	272624.lpg0194	604	149
4190211	272624.lpg1669	23.5	6
4191022	272624.lpg2500	681	63
4191245	272624.lpg2726	2857	141
4190558	272624.lpg2027	34.1	6
4191296	272624.lpg2784	240	41
4189238	272624.lpg0687	23442	611
4190074	272624.lpg1530	365	36
4190571	272624.lpg2040	82.3	14
4190279	272624.lpg1738	163	21
4190308	272624.lpg1767	813	74
4190097	272624.lpg1553	97.5	10
4189740	272624.lpg1193	98.6	8
4188698	272624.lpg0129	247	22
4189736	272624.lpg1189	888	29
4190073	272624.lpg1529	250	52
4188917	272624.lpg0358	133	12
4188639	272624.lpg0070	1407	118
4190987	272624.lpg2465	104	27
4190103	272624.lpg1559	1588	160
4190741	272624.lpg2214	102	10
4189384	272624.lpg0834	40.9	3
4191443	272624.lpg2935	2636	156
4188878	272624.lpg0319	5714	440
4190457	272624.lpg1925	5.22	3
4191138	272624.lpg2618	423	42
4191295	272624.lpg2783	128	24
4189827	272624.lpg1282	228	16
4191392	272624.lpg2883	64.5	4
4188734	272624.lpg0165	51.3	3
4189956	272624.lpg1412	1309	49
4189822	272624.lpg1277	21.5	14
4191137	272624.lpg2617	28.3	10
4190319	272624.lpg1778	71.5	7
4190807	272624.lpg2280	348	12
4188918	272624.lpg0359	1683	75
4189826	272624.lpg1281	423	26
4189309	272624.lpg0758	82.8	10
4188897	272624.lpg0338	1227	32
4188887	272624.lpg0328	430	17
4190126	272624.lpg1582	65.3	5
4189460	272624.lpg0911	64.1	6
4189163	272624.lpg0612	40.1	6
4190116	272624.lpg1572	524	33
4188598	272624.lpg0028	57.9	3
4189825	272624.lpg1280	34.3	9
4189143	272624.lpg0592	902	46
4190287	272624.lpg1746	261	25
4188956	272624.lpg0397	117	3
4188900	272624.lpg0341	2768	124
4188943	272624.lpg0384	44.2	13
4190421	272624.lpg1889	1784	143
4189499	272624.lpg0950	190	17
4190266	272624.lpg1724	1109	59
4190768	272624.lpg2241	153	22
4191031	272624.lpg2509	156	19
4191475	272624.lpg2967	520	25
4190854	272624.lpg2330	32.2	3
4188788	272624.lpg0219	54.9	4
4189254	272624.lpg0703	1178	134
4189101	272624.lpg0543	1167	104
4188679	272624.lpg0110	25.5	6
4189712	272624.lpg1164	32.1	4
4190826	272624.lpg2302	395	56
4189355	272624.lpg0805	320	71
4191494	272624.lpg2987	2347	19
4190809	272624.lpg2282	19.4	3
4188898	272624.lpg0339	7843	153
4191500	272624.lpg2993	97.1	4
4189726	272624.lpg1178	165	10
4189094	272624.lpg0536	55.4	3
4188574	272624.lpg0004	299	73
4190207	272624.lpg1665	11.6	5
4189367	272624.lpg0817	139	5
4190411	272624.lpg1876	59.8	3
4189065	272624.lpg0506	100	21
4191059	272624.lpg2537	68.0	7
4189415	272624.lpg0865	5670	291
4190735	272624.lpg2208	332	50
4190352	272624.lpg1811	105	37
4189710	272624.lpg1162	1833	41
4191170	272624.lpg2650	1548	50
4189940	272624.lpg1396	2929	44
4189419	272624.lpg0869	587	39
4189486	272624.lpg0937	101	30
4190046	272624.lpg1502	279	32
4189076	272624.lpg0517	52.3	4
4191476	272624.lpg2968	858	116
4189938	272624.lpg1394	1194	60
4191490	272624.lpg2983	1595	114
4189349	272624.lpg0799	76.0	14
4191363	272624.lpg2853	147	24
4189894	272624.lpg1350	875	71
4191471	272624.lpg2963	271	34
4188981	272624.lpg0422	72.9	8
4191360	272624.lpg2850	190	4
4189366	272624.lpg0816	2259	247
4190395	272624.lpg1854	1300	110
4188915	272624.lpg0356	10380	388
4190117	272624.lpg1573	452	7
4191317	272624.lpg2807	55.7	8
4190401	272624.lpg1862	2150	228
4189088	272624.lpg0530	318	55
4189270	272624.lpg0719	278	78
4191286	272624.lpg2773	1670	210
4190770	272624.lpg2243	312	11
4188787	272624.lpg0218	318	11
4189831	272624.lpg1286	1378	55
4191032	272624.lpg2510	1298	723
4190315	272624.lpg1774	507	141
4188577	272624.lpg0007	474	33
4191352	272624.lpg2842	149	24
4188575	272624.lpg0005	68.6	6
4188889	272624.lpg0330	2912	131
4189300	272624.lpg0749	1304	86
4190399	272624.lpg1860	828	125
4190265	272624.lpg1723	276	53
4190542	272624.lpg2011	49.8	4
4190422	272624.lpg1890	21.0	4
4191015	272624.lpg2493	602	24
4189192	272624.lpg0641	976	109
4190452	272624.lpg1920	1078	11
4191282	272624.lpg2769	3918	70
4190493	272624.lpg1962	248	6
4190835	272624.lpg2311	232	92
4189361	272624.lpg0811	3117	300
4191119	272624.lpg2599	207	46
4191298	272624.lpg2786	94.7	18
4190397	272624.lpg1858	21295	617
4191154	272624.lpg2634	154	19
4189829	272624.lpg1284	549	44
4190241	272624.lpg1699	217	14
4188693	272624.lpg0124	356	21
4189921	272624.lpg1377	207	6
4189491	272624.lpg0942	27.2	3
4189104	272624.lpg0547	241	20
4190723	272624.lpg2196	446	44
4190290	272624.lpg1749	115	6
4189895	272624.lpg1351	2382	232
4190818	272624.lpg2294	73.4	7
4190414	272624.lpg1882	192	9
4191222	272624.lpg2702	251	23
4190368	272624.lpg1827	175	28
4190256	272624.lpg1714	8751	315
4189489	272624.lpg0940	266	52
4189251	272624.lpg0700	442	28
4190136	272624.lpg1592	1295	44
4191033	272624.lpg2511	19257	5210
4190533	272624.lpg2002	1811	42
4188910	272624.lpg0351	2261	64
4189044	272624.lpg0485	1621	140
4191293	272624.lpg2781	1678	80
4189454	272624.lpg0905	552	45
4191305	272624.lpg2794	240	29
4189850	272624.lpg1305	466	24
4189221	272624.lpg0670	86.4	8
4190675	272624.lpg2147	20.5	3
4189253	272624.lpg0702	484	8
4190140	272624.lpg1596	1617	297
4189197	272624.lpg0646	219	16
4191307	272624.lpg2796	1363	225
4190801	272624.lpg2274	49.2	4
4190364	272624.lpg1823	989	62
4188895	272624.lpg0336	2644	79
4188949	272624.lpg0390	43.9	8
4188877	272624.lpg0318	5382	289
4189215	272624.lpg0664	159	9
4191171	272624.lpg2651	2575	51
4191048	272624.lpg2526	63.8	7
4191488	272624.lpg2981	2779	47
4191006	272624.lpg2484	104	5
4190088	272624.lpg1544	141	23
4188879	272624.lpg0320	3473	136
4191023	272624.lpg2501	64.8	10
4188691	272624.lpg0122	33.1	4
4190064	272624.lpg1520	301	6
4189083	272624.lpg0525	46.2	3
4189445	272624.lpg0896	151	6
4190366	272624.lpg1825	7060	496
4189119	272624.lpg0563	11501	437
4190255	272624.lpg1713	4979	393
4188692	272624.lpg0123	485	39
4189833	272624.lpg1288	73.7	3
