#id: 401
#name: A.thaliana - Leaf, Short Day Mild Water Deficit, SC (Baerenfaller,Mol_Syst_Bio,2012)
#score: 4.07
#weight: 100%
#description: abundance based on Spectral counting SWD, Short Day Mild Water Deficit, from<a href="http://www.ncbi.nlm.nih.gov/pmc/articles/PMC3435506/" target="_blank">Baerenfaller,Mol_Syst_Bio,2012</a><br/><b>Interaction consistency score</b>: 4.07&nbsp<b>Coverage</b>: 7
#organ: LEAF
#integrated: false
#coverage: 7
#publication_year: 2012
#filename: 3702-2.2ArabidopsisLeaf_waterDefict_SWD.txt
#
#internal_id	string_external_id	abundance	raw_spectral_count
128074	3702.AT3G14310.1	239	48
138465	3702.AT5G23940.1	3.88	1
117046	3702.AT1G17290.1	193	41
132139	3702.AT4G00620.1	11.0	1
116638	3702.AT1G13440.1	743	90
121440	3702.AT1G71820.2	3.77	1
141024	3702.AT5G53850.2	75.2	16
116035	3702.AT1G07890.1	3925	372
139170	3702.AT5G36790.1	2178	786
126383	3702.AT2G45820.1	38.9	1
128285	3702.AT3G16210.1	0.66	1
125601	3702.AT2G38540.1	3881	128
141288	3702.AT5G56260.1	122	15
117501	3702.AT1G21770.1	9.23	1
133743	3702.AT4G17560.1	56.6	7
134759	3702.AT4G26860.2	4.66	1
137510	3702.AT5G14220.1	19.0	7
119669	3702.AT1G53280.1	85.9	15
134429	3702.AT4G23850.1	119	27
120616	3702.AT1G63970.1	427	45
140892	3702.AT5G52650.1	14.7	2
129439	3702.AT3G26720.1	2.51	1
142540	3702.ATCG00490.1	76423	14483
137450	3702.AT5G13650.2	656	133
133632	3702.AT4G16530.1	4.34	1
128485	3702.AT3G18060.1	10.5	2
120726	3702.AT1G64980.1	7.74	1
133032	3702.AT4G11420.1	36.3	14
135374	3702.AT4G32470.1	648	30
119501	3702.AT1G51710.1	6.18	1
142133	3702.AT5G64250.2	19.2	2
132515	3702.AT4G04350.1	5.32	4
126136	3702.AT2G43480.1	8.74	1
134469	3702.AT4G24190.1	232	83
140389	3702.AT5G48020.1	112	14
130419	3702.AT3G48110.1	73.9	30
130006	3702.AT3G44110.1	48.5	4
123097	3702.AT2G14290.1	1.8	2
135884	3702.AT4G37200.1	65.6	7
138654	3702.AT5G25754.1	2.2	2
124267	3702.AT2G26080.1	294	150
139709	3702.AT5G41970.1	110	22
122751	3702.AT2G04842.1	9.51	2
124273	3702.AT2G26140.1	5.02	2
130719	3702.AT3G50820.1	1623	287
131108	3702.AT3G54470.1	205	36
129875	3702.AT3G42050.1	108	16
118801	3702.AT1G35720.1	746	116
127707	3702.AT3G11130.1	1.63	1
135435	3702.AT4G33030.1	56.1	17
118823	3702.AT1G36160.1	1.17	1
118657	3702.AT1G34000.1	193	18
131635	3702.AT3G59540.1	44.7	2
141795	3702.AT5G61000.1	0.467	1
126263	3702.AT2G44640.1	14.1	5
130251	3702.AT3G46440.1	105	8
115438	3702.AT1G02280.1	138	17
141620	3702.AT5G59320.1	47.2	2
120794	3702.AT1G65590.1	2.97	1
134724	3702.AT4G26530.1	1402	221
138916	3702.AT5G28540.1	24.8	14
123596	3702.AT2G19760.1	220	19
132912	3702.AT4G10300.1	183	15
129432	3702.AT3G26650.1	1365	217
130005	3702.AT3G44100.1	186	6
122644	3702.AT2G03680.1	42.9	2
132218	3702.AT4G01310.1	590	86
119715	3702.AT1G53645.1	2.95	1
142536	3702.ATCG00430.1	17.2	1
142046	3702.AT5G63400.1	718	75
132844	3702.AT4G09670.1	89.3	14
134504	3702.AT4G24510.1	2.75	1
124994	3702.AT2G32920.1	33.3	10
123133	3702.AT2G14880.1	28.2	1
116511	3702.AT1G12230.2	86.4	15
127026	3702.AT3G04550.1	307	47
135762	3702.AT4G36020.1	34.7	5
116372	3702.AT1G10960.1	2122	40
134614	3702.AT4G25540.1	0.82	1
118019	3702.AT1G27390.1	6.59	1
121806	3702.AT1G75350.1	517	37
116883	3702.AT1G15730.1	47.4	5
136507	3702.AT5G03940.1	513	129
120477	3702.AT1G62660.1	8.66	2
132566	3702.AT4G04910.1	7.06	3
117350	3702.AT1G20340.1	25248	314
120485	3702.AT1G62740.1	6.14	1
132916	3702.AT4G10340.1	1855	342
126145	3702.AT2G43560.1	943	84
124381	3702.AT2G27170.1	1.81	1
142597	3702.ATCG01300.1	18.3	2
124016	3702.AT2G23670.1	437	28
117123	3702.AT1G18060.1	59.8	6
125262	3702.AT2G35410.1	539	49
135622	3702.AT4G34730.1	22.2	1
124155	3702.AT2G25060.1	7.33	1
132923	3702.AT4G10410.1	12.0	2
130230	3702.AT3G46220.2	20.7	5
141178	3702.AT5G55220.1	696	219
117598	3702.AT1G22700.1	8.96	1
131178	3702.AT3G55120.1	166	23
137259	3702.AT5G11420.1	184	20
115508	3702.AT1G02930.1	626	64
128373	3702.AT3G17020.1	44.4	2
127333	3702.AT3G07230.1	208	2
117499	3702.AT1G21750.1	133	43
126161	3702.AT2G43720.1	4.3	1
142589	3702.ATCG01110.1	247	44
135486	3702.AT4G33510.1	177	34
116491	3702.AT1G12050.1	43.2	6
122241	3702.AT1G79600.1	21.5	11
118575	3702.AT1G33040.1	22.2	2
123442	3702.AT2G18230.1	44.4	3
125509	3702.AT2G37660.1	2188	246
125025	3702.AT2G33210.1	152	34
122854	3702.AT2G06850.1	38.8	7
128734	3702.AT3G20330.1	17.4	4
127058	3702.AT3G04840.1	12.4	1
128306	3702.AT3G16420.1	19.7	2
122810	3702.AT2G05710.1	18.9	7
116109	3702.AT1G08550.1	270	39
123269	3702.AT2G16600.1	2772	229
125625	3702.AT2G38750.1	11.0	1
117708	3702.AT1G23730.1	14.0	3
142571	3702.ATCG00820.1	1278	37
115705	3702.AT1G04820.1	63.7	32
130105	3702.AT3G45030.1	750	92
139482	3702.AT5G39830.1	30.9	7
115424	3702.AT1G02140.1	109	11
133298	3702.AT4G13940.1	1378	302
127348	3702.AT3G07390.1	8.44	1
139715	3702.AT5G42020.1	69.2	18
142152	3702.AT5G64400.2	21.7	2
129015	3702.AT3G22890.1	687	144
142556	3702.ATCG00670.1	314	42
126605	3702.AT2G47940.1	69.8	17
142335	3702.AT5G66040.1	455	29
117165	3702.AT1G18500.1	6.54	1
123427	3702.AT2G18110.1	176	24
136236	3702.AT5G01410.1	141	18
138451	3702.AT5G23820.1	139	12
135676	3702.AT4G35250.1	93.6	23
133318	3702.AT4G14090.1	5.04	1
135505	3702.AT4G33670.1	34.4	4
116563	3702.AT1G12730.1	0.347	2
138373	3702.AT5G23060.1	94.5	13
119674	3702.AT1G53310.1	40.7	16
125716	3702.AT2G39670.2	34.3	8
116091	3702.AT1G08380.1	231	4
134412	3702.AT4G23670.1	3511	292
121532	3702.AT1G72690.1	31.3	1
118051	3702.AT1G27680.1	78.4	10
128890	3702.AT3G21760.1	6.51	1
123780	3702.AT2G21390.1	1.85	1
132499	3702.AT4G04020.1	478	91
129166	3702.AT3G24190.1	2.42	1
119506	3702.AT1G51760.1	21.2	2
134537	3702.AT4G24830.1	672	127
140202	3702.AT5G46290.3	468	79
127415	3702.AT3G08010.1	10.4	1
122164	3702.AT1G78850.1	20.7	5
125624	3702.AT2G38740.1	20.3	1
134108	3702.AT4G20960.1	6.94	1
125946	3702.AT2G41680.1	136	33
116224	3702.AT1G09640.1	20.1	3
138073	3702.AT5G19510.1	1761	113
140253	3702.AT5G46790.1	18.1	2
139744	3702.AT5G42250.1	6.4	1
137817	3702.AT5G17170.1	126	14
140356	3702.AT5G47700.1	50.5	1
127537	3702.AT3G09630.1	45.6	6
137978	3702.AT5G18660.1	26.4	4
118077	3702.AT1G27970.2	98.2	7
125449	3702.AT2G37080.1	5.41	2
130553	3702.AT3G49320.1	20.9	4
142577	3702.ATCG00900.1	15.7	4
123683	3702.AT2G20580.1	74.9	28
130090	3702.AT3G44890.1	1351	78
134771	3702.AT4G26970.1	62.5	19
117654	3702.AT1G23180.1	12.4	5
139342	3702.AT5G38480.1	598	60
125422	3702.AT2G36880.1	568	100
115542	3702.AT1G03220.1	58.7	11
138178	3702.AT5G20500.1	121	6
131006	3702.AT3G53460.4	903	152
126640	3702.AT3G01120.1	12.3	5
120613	3702.AT1G63940.2	762	193
120978	3702.AT1G67350.1	41.9	5
123086	3702.AT2G14170.1	21.9	4
135677	3702.AT4G35260.1	18.9	2
136175	3702.AT4G39970.1	400	68
135592	3702.AT4G34450.1	50.4	15
142095	3702.AT5G63890.2	307	40
141543	3702.AT5G58590.1	34.8	6
123352	3702.AT2G17420.1	24.6	2
142062	3702.AT5G63570.1	246	52
132931	3702.AT4G10480.1	210	24
122283	3702.AT1G80030.1	17.3	6
116176	3702.AT1G09210.1	27.5	8
133247	3702.AT4G13430.1	358	105
130199	3702.AT3G45930.1	82.9	24
138505	3702.AT5G24300.1	99.9	23
119182	3702.AT1G48510.1	1.51	3
122171	3702.AT1G78900.1	1000	272
124679	3702.AT2G30060.1	80.7	8
133697	3702.AT4G17090.1	41.2	13
132358	3702.AT4G02510.1	3.92	2
132286	3702.AT4G01900.1	13.2	1
127268	3702.AT3G06610.1	232	8
120842	3702.AT1G66070.1	13.9	1
135966	3702.AT4G37980.1	18.5	2
140555	3702.AT5G49510.1	40.8	4
124801	3702.AT2G31170.1	10.6	4
139550	3702.AT5G40490.1	3.95	1
118746	3702.AT1G35160.2	414	60
136553	3702.AT5G04360.1	13.8	4
139059	3702.AT5G35590.1	16.7	2
119970	3702.AT1G56050.1	194	34
134193	3702.AT4G21720.1	30.0	14
140232	3702.AT5G46580.1	7.96	3
125219	3702.AT2G35010.1	36.0	5
135557	3702.AT4G34150.1	13.8	1
136039	3702.AT4G38680.1	49.3	3
125417	3702.AT2G36835.1	21.2	1
116909	3702.AT1G15950.1	5.99	1
140599	3702.AT5G49940.1	17.9	1
140712	3702.AT5G50920.1	873	420
116419	3702.AT1G11430.1	835	73
141440	3702.AT5G57655.2	20.1	6
121698	3702.AT1G74260.1	69.4	27
137286	3702.AT5G11680.1	34.8	2
136473	3702.AT5G03630.1	32.8	6
126264	3702.AT2G44650.1	1057	48
116821	3702.AT1G15120.2	14.7	1
135242	3702.AT4G31300.2	121	9
119801	3702.AT1G54410.1	67.1	2
118999	3702.AT1G45000.1	77.4	10
127884	3702.AT3G12800.1	5.56	1
120856	3702.AT1G66200.3	321	27
119329	3702.AT1G49975.1	124	8
129198	3702.AT3G24503.1	213	57
128301	3702.AT3G16370.1	29.3	3
135635	3702.AT4G34870.1	1648	156
137650	3702.AT5G15610.1	4.73	1
138249	3702.AT5G21430.1	107	14
121913	3702.AT1G76450.1	552	73
126658	3702.AT3G01280.1	259	34
134748	3702.AT4G26750.1	9.26	1
125492	3702.AT2G37500.1	49.2	8
135865	3702.AT4G37022.1	13.2	1
137206	3702.AT5G10920.1	268	52
135562	3702.AT4G34200.1	816	163
118892	3702.AT1G42960.1	79.7	6
130592	3702.AT3G49680.1	700	88
134826	3702.AT4G27520.1	314	55
115726	3702.AT1G05010.1	213	26
136249	3702.AT5G01530.1	190	28
116008	3702.AT1G07660.1	82.9	24
137597	3702.AT5G15090.1	882	117
124878	3702.AT2G31880.1	7.97	2
120016	3702.AT1G56450.1	144	18
142573	3702.ATCG00840.1	18.3	2
123337	3702.AT2G17265.1	23.1	3
122111	3702.AT1G78320.1	18.2	3
115585	3702.AT1G03680.1	4330	473
127782	3702.AT3G11830.1	128	31
124624	3702.AT2G29550.1	111	21
138717	3702.AT5G26570.1	44.0	23
124744	3702.AT2G30695.1	153	20
138100	3702.AT5G19770.1	384	132
139176	3702.AT5G36880.2	6.04	2
128499	3702.AT3G18190.1	40.8	8
117469	3702.AT1G21480.1	5.99	2
119188	3702.AT1G48570.1	17.0	2
125349	3702.AT2G36230.1	63.9	8
128312	3702.AT3G16470.1	224	49
141673	3702.AT5G59850.1	469	58
139660	3702.AT5G41520.1	11.0	1
134303	3702.AT4G22670.1	116	12
128812	3702.AT3G21055.1	42.2	3
126805	3702.AT3G02520.1	51.3	4
134533	3702.AT4G24800.1	3.31	1
127586	3702.AT3G10070.1	0.144	1
131036	3702.AT3G53750.1	6.31	2
126882	3702.AT3G03250.1	188	43
135068	3702.AT4G29680.1	129	21
135033	3702.AT4G29350.1	1454	69
124622	3702.AT2G29530.3	51.2	3
137654	3702.AT5G15650.1	290	60
127292	3702.AT3G06850.1	5.67	1
115568	3702.AT1G03475.1	806	152
127760	3702.AT3G11630.1	1326	198
138155	3702.AT5G20280.1	13.2	3
121336	3702.AT1G70730.3	160	48
128149	3702.AT3G15010.1	21.6	3
130518	3702.AT3G49010.1	128	7
118440	3702.AT1G31710.1	1.45	1
129316	3702.AT3G25660.1	22.6	5
131913	3702.AT3G62120.1	4.16	1
121764	3702.AT1G74920.1	49.0	6
135506	3702.AT4G33680.1	608	124
131127	3702.AT3G54660.1	216	51
117379	3702.AT1G20630.1	32.0	5
141075	3702.AT5G54270.1	172	18
126380	3702.AT2G45790.1	227	23
115536	3702.AT1G03160.1	27.7	13
125723	3702.AT2G39730.1	31591	5699
122621	3702.AT2G03440.1	279	24
126757	3702.AT3G02080.1	585	22
127043	3702.AT3G04720.1	106	5
128671	3702.AT3G19710.1	33.9	3
119217	3702.AT1G48850.1	187	17
142346	3702.AT5G66120.2	111	16
135007	3702.AT4G29120.1	25.5	5
129557	3702.AT3G27740.1	47.6	8
120951	3702.AT1G67090.1	8479	835
132785	3702.AT4G09040.1	83.2	9
121803	3702.AT1G75330.1	51.3	9
139985	3702.AT5G44340.1	282	36
132023	3702.AT3G63170.1	43.9	5
118874	3702.AT1G41830.1	26.7	4
118771	3702.AT1G35420.2	50.0	5
121526	3702.AT1G72640.1	23.0	3
121733	3702.AT1G74600.1	2.88	7
125832	3702.AT2G40660.1	21.3	4
127674	3702.AT3G10850.1	91.5	8
121247	3702.AT1G69830.1	81.3	43
139830	3702.AT5G42970.1	27.4	4
141142	3702.AT5G54900.1	109	12
138716	3702.AT5G26360.1	188	44
116164	3702.AT1G09130.3	219	58
137001	3702.AT5G08610.1	0.564	1
118986	3702.AT1G44820.1	5.75	2
120828	3702.AT1G65930.1	2251	437
133739	3702.AT4G17520.1	45.6	6
125162	3702.AT2G34460.1	357	20
125727	3702.AT2G39770.1	6.76	1
123807	3702.AT2G21660.1	2122	217
137005	3702.AT5G08650.1	10.7	2
133659	3702.AT4G16760.1	6.93	1
138816	3702.AT5G27470.1	412	79
119052	3702.AT1G47260.1	123	14
136174	3702.AT4G39960.1	73.1	14
117023	3702.AT1G17100.1	719	67
138924	3702.AT5G28640.1	4.45	1
131903	3702.AT3G62030.2	10500	1684
130867	3702.AT3G52180.1	19.7	2
137308	3702.AT5G11900.1	9.15	1
126377	3702.AT2G45750.1	0.362	1
138399	3702.AT5G23310.1	114	14
126980	3702.AT3G04120.1	347	37
135659	3702.AT4G35090.1	1995	337
117480	3702.AT1G21600.1	12.7	3
142587	3702.ATCG01090.1	45.4	4
126550	3702.AT2G47400.1	9718	223
131305	3702.AT3G56310.1	25.0	8
120001	3702.AT1G56330.1	47.2	3
132350	3702.AT4G02450.1	2769	135
119575	3702.AT1G52410.2	177	47
142533	3702.ATCG00360.1	15.6	1
116621	3702.AT1G13270.1	154	15
132837	3702.AT4G09620.1	20.8	3
120366	3702.AT1G61570.1	740	28
119664	3702.AT1G53240.1	3007	319
137285	3702.AT5G11670.1	364	74
128940	3702.AT3G22200.2	142	23
139691	3702.AT5G41790.1	6.92	4
117275	3702.AT1G19570.1	1973	213
137127	3702.AT5G10160.1	48.3	11
115889	3702.AT1G06510.1	14.8	1
132780	3702.AT4G09000.2	724	101
134045	3702.AT4G20260.4	1130	102
139122	3702.AT5G36230.1	35.9	9
130116	3702.AT3G45140.1	3492	1485
116444	3702.AT1G11650.2	182	26
124755	3702.AT2G30790.1	333	13
138414	3702.AT5G23440.1	286	20
130531	3702.AT3G49120.1	77.0	14
139021	3702.AT5G35170.1	328	83
120489	3702.AT1G62780.1	944	107
134783	3702.AT4G27090.1	812	37
127032	3702.AT3G04610.1	35.1	8
141675	3702.AT5G59870.1	62.6	4
142496	3702.AT5G67500.2	31.1	5
138530	3702.AT5G24490.1	210	27
133239	3702.AT4G13360.1	5.55	1
133273	3702.AT4G13670.1	21.7	3
137157	3702.AT5G10450.4	367	40
140283	3702.AT5G47030.1	99.7	18
126833	3702.AT3G02780.1	24.1	2
131083	3702.AT3G54210.1	304	21
140478	3702.AT5G48790.1	129	15
127792	3702.AT3G11930.3	132	15
116530	3702.AT1G12410.1	292	46
118618	3702.AT1G33600.1	23.3	6
131288	3702.AT3G56130.1	163	9
132927	3702.AT4G10450.1	65.8	4
132309	3702.AT4G02080.1	16.1	1
132055	3702.AT3G63490.1	2063	344
139272	3702.AT5G37850.1	137	25
141128	3702.AT5G54770.1	967	192
124692	3702.AT2G30200.1	59.1	9
127790	3702.AT3G11910.1	18.7	16
138819	3702.AT5G27510.1	32.0	8
141650	3702.AT5G59613.1	206	16
124256	3702.AT2G25970.1	122	12
118617	3702.AT1G33590.1	621	143
142527	3702.ATCG00270.1	174	11
141179	3702.AT5G55230.2	22.9	7
128580	3702.AT3G18890.1	3.73	1
135696	3702.AT4G35450.5	706	75
140136	3702.AT5G45680.1	114	12
118828	3702.AT1G36280.1	42.8	5
122236	3702.AT1G79550.1	2263	382
117053	3702.AT1G17360.1	0.363	1
125031	3702.AT2G33255.1	4.52	1
126121	3702.AT2G43360.1	94.4	12
139114	3702.AT5G36160.1	45.8	4
116626	3702.AT1G13320.1	1.0	1
119533	3702.AT1G51980.1	233	43
116352	3702.AT1G10760.1	308	150
142511	3702.ATCG00020.1	157	16
140506	3702.AT5G49030.3	9.42	6
119183	3702.AT1G48520.1	361	92
142392	3702.AT5G66570.1	2478	389
131186	3702.AT3G55200.1	1.1	3
128527	3702.AT3G18420.1	108	15
123728	3702.AT2G20890.1	1304	105
135840	3702.AT4G36810.1	25.0	2
126996	3702.AT3G04260.1	3.77	2
123779	3702.AT2G21385.4	184	36
136050	3702.AT4G38800.1	31.4	8
117174	3702.AT1G18590.1	4.94	1
130029	3702.AT3G44310.1	972	150
118585	3702.AT1G33120.1	2312	318
118247	3702.AT1G29790.1	10.2	7
142411	3702.AT5G66720.1	33.7	4
142146	3702.AT5G64350.1	43.8	2
119007	3702.AT1G45145.1	47.8	3
122337	3702.AT1G80560.1	63.8	8
123418	3702.AT2G18020.1	217	15
128741	3702.AT3G20390.1	1711	182
140571	3702.AT5G49650.1	8.34	2
121721	3702.AT1G74470.1	451	134
128642	3702.AT3G19480.1	49.2	14
121417	3702.AT1G71480.1	22.6	2
127942	3702.AT3G13235.1	83.3	14
140370	3702.AT5G47840.1	284	30
132406	3702.AT4G02930.1	276	50
129578	3702.AT3G27925.1	613	77
123301	3702.AT2G16950.1	23.3	6
126638	3702.AT3G01090.2	5.17	1
137437	3702.AT5G13510.1	1511	127
142305	3702.AT5G65760.1	8.7	2
128788	3702.AT3G20820.1	120	24
141970	3702.AT5G62690.1	519	168
123735	3702.AT2G20960.1	4.07	1
120018	3702.AT1G56500.1	17.2	5
123662	3702.AT2G20420.1	482	84
142222	3702.AT5G65020.1	57.1	7
139042	3702.AT5G35430.1	13.8	4
142548	3702.ATCG00570.1	41.3	1
134280	3702.AT4G22485.1	9.51	1
122820	3702.AT2G05830.1	79.0	18
135697	3702.AT4G35460.1	6.74	1
130087	3702.AT3G44860.1	7.23	1
134749	3702.AT4G26760.1	19.6	4
120476	3702.AT1G62640.1	14.1	2
138119	3702.AT5G19940.1	139	18
117923	3702.AT1G26570.1	2.75	1
118493	3702.AT1G32220.1	175	20
124465	3702.AT2G28000.1	4678	1232
138379	3702.AT5G23120.1	713	186
127139	3702.AT3G05530.1	90.3	17
141132	3702.AT5G54810.1	124	21
142545	3702.ATCG00540.1	435	78
131211	3702.AT3G55440.1	3365	468
134698	3702.AT4G26300.1	34.1	15
139676	3702.AT5G41670.1	96.1	17
116062	3702.AT1G08110.4	183	15
138040	3702.AT5G19220.1	446	141
135539	3702.AT4G33985.1	10.5	1
129078	3702.AT3G23400.1	1750	193
137144	3702.AT5G10330.1	4.12	2
115659	3702.AT1G04410.1	3053	414
117000	3702.AT1G16880.1	3403	364
117037	3702.AT1G17220.1	27.7	8
118407	3702.AT1G31330.1	2256	240
131676	3702.AT3G59970.3	422	119
120970	3702.AT1G67280.1	374	75
142237	3702.AT5G65165.1	24.8	16
128396	3702.AT3G17240.1	15.5	4
133800	3702.AT4G18040.1	9.98	1
126036	3702.AT2G42540.2	2109	142
140855	3702.AT5G52310.1	3.94	1
120584	3702.AT1G63610.2	145	23
131771	3702.AT3G60900.1	29.3	6
128230	3702.AT3G15690.2	333	20
127082	3702.AT3G05020.1	198	7
139957	3702.AT5G44090.1	5.45	1
131813	3702.AT3G61240.1	1.54	1
134757	3702.AT4G26840.1	24.4	1
131406	3702.AT3G57290.1	406	102
123084	3702.AT2G14120.3	2.06	1
132260	3702.AT4G01690.1	216	46
138558	3702.AT5G24780.1	22.4	2
131876	3702.AT3G61820.1	27.7	3
118256	3702.AT1G29880.1	136	37
128087	3702.AT3G14415.2	1938	385
119706	3702.AT1G53580.1	21.5	4
132370	3702.AT4G02620.1	161	8
141658	3702.AT5G59710.1	8.25	1
129093	3702.AT3G23570.1	579	57
140165	3702.AT5G45950.1	6.06	1
127850	3702.AT3G12490.2	757	62
130288	3702.AT3G46780.1	1711	357
130967	3702.AT3G53130.1	35.5	7
131154	3702.AT3G54900.1	465	30
133572	3702.AT4G16060.1	18.5	2
137167	3702.AT5G10540.1	45.9	14
122274	3702.AT1G79920.1	8.46	2
126188	3702.AT2G43950.1	3.2	1
117400	3702.AT1G20810.1	18.0	1
119293	3702.AT1G49630.1	20.5	25
139064	3702.AT5G35620.1	24.6	3
123878	3702.AT2G22360.1	33.9	7
138680	3702.AT5G26000.1	5970	1653
123709	3702.AT2G20760.1	22.1	1
135741	3702.AT4G35830.1	120	25
119215	3702.AT1G48830.1	304	10
133155	3702.AT4G12600.2	47.6	2
131433	3702.AT3G57560.1	502	58
136256	3702.AT5G01600.1	8.92	1
129408	3702.AT3G26450.1	524	40
141115	3702.AT5G54650.1	1.2	1
134890	3702.AT4G28080.1	12.0	7
120028	3702.AT1G56580.1	98.1	6
121881	3702.AT1G76140.1	7.95	4
127496	3702.AT3G09200.1	780	52
116700	3702.AT1G14030.1	29.7	5
122836	3702.AT2G06050.1	21.0	6
137397	3702.AT5G13120.1	545	63
133297	3702.AT4G13930.1	1114	206
119986	3702.AT1G56190.1	843	201
120588	3702.AT1G63660.1	146	39
127120	3702.AT3G05350.1	87.8	40
137833	3702.AT5G17310.2	17.4	7
136350	3702.AT5G02500.1	526	147
139750	3702.AT5G42310.1	4.81	1
122341	3702.AT1G80600.1	195	31
115906	3702.AT1G06680.1	7696	721
135709	3702.AT4G35570.1	26.7	1
115527	3702.AT1G03090.2	4.24	1
120516	3702.AT1G63000.1	25.2	3
125163	3702.AT2G34470.2	120	15
123646	3702.AT2G20270.2	59.1	8
133312	3702.AT4G14030.1	59.3	16
141184	3702.AT5G55280.1	27.9	4
132274	3702.AT4G01810.1	16.5	7
117912	3702.AT1G26460.1	5.05	1
131834	3702.AT3G61440.1	438	89
115907	3702.AT1G06690.1	97.1	13
124901	3702.AT2G32060.1	440	27
123568	3702.AT2G19480.1	12.5	1
135433	3702.AT4G33010.1	2094	842
133337	3702.AT4G14210.1	3.82	1
121730	3702.AT1G74560.3	19.2	2
129296	3702.AT3G25520.1	17.2	2
119879	3702.AT1G55220.1	4.72	1
126428	3702.AT2G46280.1	308	45
128140	3702.AT3G14930.1	651	104
128083	3702.AT3G14390.1	44.1	14
116200	3702.AT1G09430.1	4.21	2
131003	3702.AT3G53430.1	93.9	6
123917	3702.AT2G22780.1	471	66
120676	3702.AT1G64510.1	340	26
116453	3702.AT1G11720.2	4.81	2
130756	3702.AT3G51160.1	14.1	2
133647	3702.AT4G16660.1	5.29	1
122266	3702.AT1G79850.1	108	5
142538	3702.ATCG00470.1	6265	389
126210	3702.AT2G44160.1	166	32
120861	3702.AT1G66240.1	134	8
137276	3702.AT5G11580.1	5.84	1
118018	3702.AT1G27385.4	17.2	1
140380	3702.AT5G47930.1	1532	43
115835	3702.AT1G06000.1	145	35
117089	3702.AT1G17720.1	3.6	1
131539	3702.AT3G58610.1	1240	328
125513	3702.AT2G37690.1	9.25	4
136154	3702.AT4G39800.1	89.7	14
121587	3702.AT1G73230.1	104	4
128031	3702.AT3G13930.1	108	26
141616	3702.AT5G59290.2	11.7	2
130766	3702.AT3G51260.1	302	26
130862	3702.AT3G52140.4	9.59	4
133888	3702.AT4G18810.2	80.4	20
130459	3702.AT3G48420.1	1664	287
127683	3702.AT3G10920.1	124	13
129954	3702.AT3G43540.1	87.4	9
135379	3702.AT4G32520.1	58.7	18
132438	3702.AT4G03205.2	140	32
115470	3702.AT1G02560.1	1003	170
130353	3702.AT3G47470.1	1389	138
133391	3702.AT4G14605.1	4.17	1
141912	3702.AT5G62140.1	85.6	11
141316	3702.AT5G56500.1	52.6	19
125333	3702.AT2G36060.2	41.0	5
121979	3702.AT1G77060.1	105	16
142092	3702.AT5G63860.1	12.6	7
122207	3702.AT1G79230.1	95.0	23
121776	3702.AT1G75040.1	42.0	5
135168	3702.AT4G30620.1	35.9	5
116456	3702.AT1G11750.2	50.1	7
126348	3702.AT2G45470.1	223	27
136754	3702.AT5G06290.1	797	120
139536	3702.AT5G40370.2	1366	87
131762	3702.AT3G60820.1	164	15
124326	3702.AT2G26670.1	101	16
119757	3702.AT1G54010.1	7.94	2
134025	3702.AT4G20060.1	1.81	2
137548	3702.AT5G14590.1	176	42
137735	3702.AT5G16400.1	171	14
138553	3702.AT5G24710.1	1.46	1
124199	3702.AT2G25450.1	206	36
131724	3702.AT3G60440.1	19.7	2
139769	3702.AT5G42480.1	7.72	2
121799	3702.AT1G75280.1	59.2	8
116131	3702.AT1G08780.1	462	31
116149	3702.AT1G08980.1	51.7	11
117883	3702.AT1G26160.1	26.7	2
123774	3702.AT2G21330.1	4657	536
133331	3702.AT4G14160.1	10.4	2
135103	3702.AT4G30010.1	38.7	1
136962	3702.AT5G08300.1	68.2	5
135405	3702.AT4G32760.2	23.8	4
137235	3702.AT5G11200.2	209	118
120677	3702.AT1G64520.1	29.7	4
140093	3702.AT5G45280.2	6.38	1
116022	3702.AT1G07770.1	469	58
119437	3702.AT1G51100.1	50.1	3
134435	3702.AT4G23890.1	444	56
138220	3702.AT5G20950.1	17.3	4
126206	3702.AT2G44120.2	29.2	4
122865	3702.AT2G07050.1	4.72	2
128353	3702.AT3G16850.1	5.55	1
125389	3702.AT2G36580.1	13.1	2
139720	3702.AT5G42060.1	52.0	1
135201	3702.AT4G30920.1	69.5	12
136104	3702.AT4G39330.1	1052	145
117778	3702.AT1G24360.1	75.2	11
130965	3702.AT3G53110.1	12.7	3
119793	3702.AT1G54340.1	0.882	1
132885	3702.AT4G10060.1	21.9	11
141811	3702.AT5G61170.1	318	11
137968	3702.AT5G18570.1	2.41	1
133026	3702.AT4G11380.2	16.1	8
128267	3702.AT3G16050.1	37.0	9
142518	3702.ATCG00130.1	2872	132
135611	3702.AT4G34620.1	2231	98
122741	3702.AT2G04700.1	141	8
129441	3702.AT3G26740.1	1635	48
136047	3702.AT4G38780.1	2.15	16
137514	3702.AT5G14260.1	176	37
129573	3702.AT3G27890.1	54.7	3
129608	3702.AT3G28220.1	196	45
120180	3702.AT1G59760.1	1.68	1
118941	3702.AT1G43800.1	134	58
125094	3702.AT2G33800.1	1389	138
117922	3702.AT1G26560.1	3.27	1
130505	3702.AT3G48870.1	184	82
128331	3702.AT3G16640.1	1310	143
137859	3702.AT5G17560.1	410	29
128277	3702.AT3G16140.1	1009	28
120113	3702.AT1G58290.1	126	33
127502	3702.AT3G09260.1	229	31
117489	3702.AT1G21680.1	13.5	6
124828	3702.AT2G31390.1	7.81	1
121603	3702.AT1G73380.1	0.264	2
140805	3702.AT5G51820.1	211	52
124762	3702.AT2G30870.1	1104	116
137874	3702.AT5G17710.2	838	125
133716	3702.AT4G17300.1	17.7	3
134473	3702.AT4G24220.1	22.2	5
117339	3702.AT1G20225.1	629	51
132763	3702.AT4G08870.1	2029	201
117574	3702.AT1G22450.1	165	16
120598	3702.AT1G63770.5	631	243
129736	3702.AT3G29320.1	28.1	12
139115	3702.AT5G36170.1	6.19	1
116845	3702.AT1G15340.1	279	30
128063	3702.AT3G14210.1	5177	960
123190	3702.AT2G15620.1	1013	324
120755	3702.AT1G65260.1	486	58
138655	3702.AT5G25757.1	2.2	2
117991	3702.AT1G27130.1	39.0	3
124726	3702.AT2G30520.1	4.39	1
140985	3702.AT5G53490.3	747	85
117124	3702.AT1G18070.3	80.8	20
127520	3702.AT3G09440.1	442	166
126160	3702.AT2G43710.1	253	91
117787	3702.AT1G24450.1	1.96	1
121419	3702.AT1G71500.1	163	24
120426	3702.AT1G62180.1	6.21	1
120758	3702.AT1G65290.1	446	15
132626	3702.AT4G05420.1	2.64	1
140981	3702.AT5G53460.1	34.7	32
126773	3702.AT3G02230.1	69.7	13
127053	3702.AT3G04790.1	3767	528
124367	3702.AT2G27040.1	5.47	2
138547	3702.AT5G24650.1	220	24
139724	3702.AT5G42100.1	8.14	1
127063	3702.AT3G04870.1	51.2	17
137840	3702.AT5G17380.1	10.6	3
132194	3702.AT4G01070.1	19.7	2
131438	3702.AT3G57610.1	1766	339
118450	3702.AT1G31800.1	31.6	11
136433	3702.AT5G03300.1	133	19
124432	3702.AT2G27630.1	9.5	20
122879	3702.AT2G07360.2	5.06	3
125728	3702.AT2G39780.1	11.4	1
136529	3702.AT5G04140.2	2239	1759
121114	3702.AT1G68590.1	350	16
118271	3702.AT1G29990.1	59.2	3
136083	3702.AT4G39120.1	29.0	4
119835	3702.AT1G54780.1	1058	122
134678	3702.AT4G26110.1	11.5	2
119951	3702.AT1G55890.1	17.2	3
127417	3702.AT3G08030.1	1243	150
139454	3702.AT5G39570.1	213	40
133387	3702.AT4G14570.1	3.86	1
132133	3702.AT4G00570.1	65.3	16
141465	3702.AT5G57870.1	45.8	14
126094	3702.AT2G43100.1	20.6	3
117360	3702.AT1G20450.1	26.9	7
131943	3702.AT3G62410.1	4214	171
135951	3702.AT4G37830.1	19.6	1
133418	3702.AT4G14800.2	35.1	4
137638	3702.AT5G15490.1	5.14	1
122654	3702.AT2G03800.1	4.9	1
140438	3702.AT5G48480.1	89.7	8
139759	3702.AT5G42390.1	101	51
124761	3702.AT2G30860.1	3375	451
140704	3702.AT5G50850.1	193	27
119697	3702.AT1G53520.1	4.39	1
126793	3702.AT3G02420.1	0.339	2
135649	3702.AT4G35000.1	161	26
135057	3702.AT4G29590.1	183	22
130888	3702.AT3G52380.1	584	72
118020	3702.AT1G27400.1	8.05	1
116479	3702.AT1G11930.1	11.5	1
115982	3702.AT1G07440.1	46.1	6
134162	3702.AT4G21445.1	126	7
117111	3702.AT1G17940.1	98.3	123
139798	3702.AT5G42740.1	15.1	3
139472	3702.AT5G39730.1	67.9	6
116923	3702.AT1G16080.1	762	128
136730	3702.AT5G06060.1	49.9	8
119987	3702.AT1G56200.1	10.3	1
117572	3702.AT1G22430.1	72.8	10
138132	3702.AT5G20060.1	69.2	6
121623	3702.AT1G73600.2	71.3	12
119351	3702.AT1G50250.1	40.7	12
138674	3702.AT5G25940.1	64.7	2
135441	3702.AT4G33090.1	31.1	20
123645	3702.AT2G20260.1	495	21
123802	3702.AT2G21620.2	36.2	4
137159	3702.AT5G10470.2	51.8	27
140180	3702.AT5G46070.1	3.09	1
127622	3702.AT3G10405.1	49.6	4
120289	3702.AT1G60950.1	9778	184
121321	3702.AT1G70580.1	63.8	11
139334	3702.AT5G38410.3	12.7	10
121523	3702.AT1G72610.1	1344	77
121871	3702.AT1G76050.2	5.26	1
127832	3702.AT3G12290.1	324	54
119165	3702.AT1G48350.1	496	42
126291	3702.AT2G44920.2	238	20
135523	3702.AT4G33865.1	83.3	6
116520	3702.AT1G12310.1	31.3	3
116040	3702.AT1G07930.1	4932	3280
125572	3702.AT2G38270.1	459	69
125995	3702.AT2G42130.4	83.5	9
131369	3702.AT3G56940.1	831	161
121012	3702.AT1G67680.1	3.58	1
131167	3702.AT3G55010.1	21.3	3
137396	3702.AT5G13110.1	3.75	1
116894	3702.AT1G15820.1	823	105
142157	3702.AT5G64440.1	17.7	4
122322	3702.AT1G80410.2	11.8	5
130284	3702.AT3G46740.1	54.7	17
119072	3702.AT1G47420.1	120	15
117745	3702.AT1G24100.1	8.15	2
116948	3702.AT1G16350.1	27.4	4
137232	3702.AT5G11170.1	256	118
119306	3702.AT1G49760.1	79.8	23
137333	3702.AT5G12140.1	113	7
126807	3702.AT3G02540.1	68.0	12
131492	3702.AT3G58140.1	75.3	20
141876	3702.AT5G61780.1	97.1	37
133822	3702.AT4G18240.1	1.94	1
137471	3702.AT5G13850.1	9.46	1
139347	3702.AT5G38530.1	3.6	1
132858	3702.AT4G09800.1	58.3	6
130516	3702.AT3G48990.1	229	39
140373	3702.AT5G47870.1	9.69	2
115892	3702.AT1G06530.1	20.4	2
126323	3702.AT2G45240.1	6.99	1
119822	3702.AT1G54630.1	246	8
124625	3702.AT2G29560.1	7.62	10
128192	3702.AT3G15360.1	2563	277
120324	3702.AT1G61190.1	3.72	1
137289	3702.AT5G11710.1	21.0	3
121798	3702.AT1G75270.1	395	47
130879	3702.AT3G52300.1	1237	108
139160	3702.AT5G36700.1	2178	786
139559	3702.AT5G40580.1	7.83	1
118586	3702.AT1G33140.1	2312	318
131523	3702.AT3G58450.1	2.99	1
137856	3702.AT5G17530.3	25.2	4
141514	3702.AT5G58330.1	977	211
130550	3702.AT3G49305.1	2363	14
126339	3702.AT2G45406.1	15.8	3
137063	3702.AT5G09590.1	121	47
129492	3702.AT3G27160.1	29.5	1
134972	3702.AT4G28780.1	7.28	1
142317	3702.AT5G65880.1	50.5	1
122035	3702.AT1G77610.1	12.4	2
126681	3702.AT3G01390.1	2954	69
140487	3702.AT5G48880.2	31.2	5
131232	3702.AT3G55610.1	31.5	7
125656	3702.AT2G39080.1	38.7	7
119972	3702.AT1G56070.1	1513	579
119100	3702.AT1G47710.1	5.22	1
137069	3702.AT5G09650.1	2369	328
125755	3702.AT2G39990.1	477	77
133374	3702.AT4G14440.1	35.4	4
128240	3702.AT3G15790.1	50.6	4
117607	3702.AT1G22780.1	58.3	6
142289	3702.AT5G65620.1	252	87
140446	3702.AT5G48540.1	5.9	1
136017	3702.AT4G38460.1	28.1	5
135959	3702.AT4G37910.1	358	108
136023	3702.AT4G38510.5	30.5	8
130408	3702.AT3G48000.1	346	66
129404	3702.AT3G26420.1	290	18
122777	3702.AT2G05220.1	97.7	1
129096	3702.AT3G23600.1	522	43
137169	3702.AT5G10560.1	31.6	16
137431	3702.AT5G13450.1	1212	144
137263	3702.AT5G11450.1	57.1	6
128412	3702.AT3G17390.1	344	78
142390	3702.AT5G66550.1	377	20
123414	3702.AT2G17980.1	7.73	3
129865	3702.AT3G32980.1	19.2	4
136874	3702.AT5G07470.1	45.9	6
122146	3702.AT1G78680.1	4.54	1
126165	3702.AT2G43750.1	1184	256
134096	3702.AT4G20830.1	4.7	2
139086	3702.AT5G35790.1	4.13	2
133541	3702.AT4G15802.1	931	50
122829	3702.AT2G05990.1	765	105
117717	3702.AT1G23820.1	178	39
133511	3702.AT4G15545.1	174	36
134968	3702.AT4G28750.1	199	10
119358	3702.AT1G50320.1	832	93
125310	3702.AT2G35830.2	13.2	1
134818	3702.AT4G27440.1	1571	242
129525	3702.AT3G27430.2	23.4	3
116320	3702.AT1G10522.1	58.8	3
116490	3702.AT1G12040.1	12.3	1
139983	3702.AT5G44320.1	2.61	1
135834	3702.AT4G36760.1	17.2	4
140876	3702.AT5G52520.1	27.5	8
125295	3702.AT2G35720.1	1.62	1
134207	3702.AT4G21860.1	567	49
141743	3702.AT5G60540.1	220	41
127511	3702.AT3G09350.1	15.0	2
119333	3702.AT1G50010.1	63.7	32
127031	3702.AT3G04600.1	23.4	6
135067	3702.AT4G29670.2	357	50
117889	3702.AT1G26220.1	27.2	3
120219	3702.AT1G60160.1	0.155	2
133050	3702.AT4G11600.1	199	18
139789	3702.AT5G42650.1	1844	469
139722	3702.AT5G42080.1	99.0	35
131299	3702.AT3G56240.1	295	17
142334	3702.AT5G66030.1	5.29	3
132192	3702.AT4G01050.1	475	81
115951	3702.AT1G07140.1	470	30
138742	3702.AT5G26742.2	617	265
141683	3702.AT5G59950.5	6.96	1
129614	3702.AT3G28270.1	78.4	12
119045	3702.AT1G47128.1	625	98
124579	3702.AT2G29080.1	13.3	6
118452	3702.AT1G31812.1	916	26
116907	3702.AT1G15930.1	1801	130
123992	3702.AT2G23390.1	3.73	1
129862	3702.AT3G32930.1	21.3	1
117494	3702.AT1G21720.1	38.7	3
137567	3702.AT5G14780.1	182	38
135551	3702.AT4G34110.1	82.3	18
127593	3702.AT3G10130.1	17.3	3
125414	3702.AT2G36810.1	2.01	1
122199	3702.AT1G79150.1	0.666	1
120360	3702.AT1G61520.1	3361	219
120830	3702.AT1G65960.2	331	65
134563	3702.AT4G25080.1	390	71
140213	3702.AT5G46390.2	106	18
136500	3702.AT5G03880.1	99.8	18
116608	3702.AT1G13150.1	10.2	2
132090	3702.AT4G00230.1	2.44	1
121678	3702.AT1G74070.1	88.2	11
141561	3702.AT5G58770.1	14.8	2
127057	3702.AT3G04830.1	21.5	2
129111	3702.AT3G23700.1	319	54
128169	3702.AT3G15190.1	71.2	9
138134	3702.AT5G20080.1	31.9	6
127613	3702.AT3G10320.1	0.448	2
129364	3702.AT3G26060.2	2520	268
126828	3702.AT3G02730.1	1984	155
141231	3702.AT5G55730.1	5.08	1
137267	3702.AT5G11490.2	3.76	1
123350	3702.AT2G17390.1	122	22
131654	3702.AT3G59750.1	6.69	3
130568	3702.AT3G49470.1	47.2	8
122960	3702.AT2G09990.1	135	9
119786	3702.AT1G54270.1	64.5	13
134333	3702.AT4G22930.1	68.2	10
137903	3702.AT5G17990.1	12.6	3
135991	3702.AT4G38220.2	76.1	20
142590	3702.ATCG01120.1	156	4
134536	3702.AT4G24820.1	38.1	6
125839	3702.AT2G40730.1	2.67	1
140411	3702.AT5G48230.2	34.0	10
141033	3702.AT5G53920.1	9.29	1
122617	3702.AT2G03390.1	20.7	3
127655	3702.AT3G10670.1	151	18
133780	3702.AT4G17870.1	33.3	4
116041	3702.AT1G07940.1	4932	3280
127254	3702.AT3G06483.1	10.7	2
116512	3702.AT1G12240.1	59.3	26
142604	3702.ATMG00070.1	23.7	3
140082	3702.AT5G45170.1	10.1	3
124613	3702.AT2G29450.1	1783	167
115660	3702.AT1G04420.1	633	132
117182	3702.AT1G18670.1	5.06	1
116470	3702.AT1G11870.2	37.5	9
120452	3702.AT1G62390.1	40.0	12
133509	3702.AT4G15530.5	36.7	12
120590	3702.AT1G63680.1	42.3	17
118637	3702.AT1G33811.1	24.5	4
139034	3702.AT5G35360.3	827	238
141507	3702.AT5G58260.1	160	19
116239	3702.AT1G09780.1	456	112
135960	3702.AT4G37920.1	3.89	1
121573	3702.AT1G73110.1	129	23
116912	3702.AT1G15980.1	301	51
116074	3702.AT1G08200.1	112	30
117429	3702.AT1G21080.3	9.1	1
138757	3702.AT5G26860.1	45.3	19
133438	3702.AT4G14960.2	47.8	12
127841	3702.AT3G12390.1	24.1	2
126821	3702.AT3G02660.1	25.5	5
115339	3702.AT1G01320.1	7.51	5
117987	3702.AT1G27090.1	60.1	12
128088	3702.AT3G14420.1	906	211
129124	3702.AT3G23810.1	204	37
116360	3702.AT1G10840.1	66.2	10
127616	3702.AT3G10350.2	139	33
137520	3702.AT5G14320.1	79.1	7
128769	3702.AT3G20630.1	21.0	8
118929	3702.AT1G43670.1	2140	246
142415	3702.AT5G66760.1	99.1	22
123593	3702.AT2G19730.1	205	8
133691	3702.AT4G17040.1	188	27
134530	3702.AT4G24770.1	2841	211
141692	3702.AT5G60040.2	2.51	8
130491	3702.AT3G48730.1	747	104
130752	3702.AT3G51120.1	3.94	14
142523	3702.ATCG00180.1	4.74	2
128674	3702.AT3G19760.1	19.1	4
123689	3702.AT2G20610.1	44.4	9
118329	3702.AT1G30580.1	728	134
131323	3702.AT3G56490.1	361	27
121293	3702.AT1G70310.1	219	50
123767	3702.AT2G21250.1	153	15
127585	3702.AT3G10060.1	96.8	12
141793	3702.AT5G60980.2	25.9	4
135716	3702.AT4G35630.1	108	19
134561	3702.AT4G25050.2	778	42
116475	3702.AT1G11910.1	607	131
131572	3702.AT3G58930.1	1.01	3
137200	3702.AT5G10860.1	102	18
131282	3702.AT3G56070.1	194	27
139733	3702.AT5G42190.1	15.6	1
134804	3702.AT4G27320.1	8.28	1
142029	3702.AT5G63220.1	6.13	1
137706	3702.AT5G16130.1	35.7	1
142539	3702.ATCG00480.1	21730	5908
135319	3702.AT4G31990.3	852	212
119602	3702.AT1G52670.1	30.4	2
126198	3702.AT2G44050.1	476	34
136317	3702.AT5G02160.1	802	39
115970	3702.AT1G07320.1	1156	146
121435	3702.AT1G71770.1	6.34	1
122114	3702.AT1G78370.1	1115	161
118522	3702.AT1G32470.1	388	30
119348	3702.AT1G50200.1	78.2	34
132914	3702.AT4G10320.1	41.9	16
126608	3702.AT2G47970.1	4.61	1
125270	3702.AT2G35500.1	6.05	1
131339	3702.AT3G56650.1	330	45
133313	3702.AT4G14040.1	51.3	15
116571	3702.AT1G12800.1	15.9	5
119727	3702.AT1G53750.1	93.0	18
131079	3702.AT3G54170.1	4.48	1
126831	3702.AT3G02760.1	18.9	7
121549	3702.AT1G72870.1	4.98	1
138231	3702.AT5G21060.2	4.5	2
121110	3702.AT1G68560.1	61.1	30
121981	3702.AT1G77090.1	91.8	10
118258	3702.AT1G29900.1	444	201
137634	3702.AT5G15450.1	132	48
128609	3702.AT3G19170.1	478	257
125202	3702.AT2G34840.1	5.06	1
119928	3702.AT1G55670.1	1267	138
124847	3702.AT2G31570.1	721	28
142267	3702.AT5G65430.3	218	23
132020	3702.AT3G63140.1	3045	700
121672	3702.AT1G74030.1	140	34
131060	3702.AT3G53990.1	211	8
137322	3702.AT5G12040.1	132	25
142566	3702.ATCG00770.1	642	37
116790	3702.AT1G14810.1	691	91
122254	3702.AT1G79730.1	0.158	1
134565	3702.AT4G25100.1	128	17
138064	3702.AT5G19440.1	5.88	1
125854	3702.AT2G40840.1	87.7	46
133171	3702.AT4G12750.1	1.57	1
120205	3702.AT1G59990.1	6.21	1
125062	3702.AT2G33530.1	2.13	1
138057	3702.AT5G19370.1	210	44
141370	3702.AT5G57020.1	7.23	1
131034	3702.AT3G53730.1	82.9	24
125523	3702.AT2G37790.1	12.9	3
124903	3702.AT2G32080.1	1.55	3
134177	3702.AT4G21580.1	4.78	1
120188	3702.AT1G59835.1	10.2	1
121426	3702.AT1G71695.1	74.2	14
142553	3702.ATCG00640.1	43.7	1
135485	3702.AT4G33500.1	4.84	2
137916	3702.AT5G18100.1	34.9	4
119511	3702.AT1G51805.1	2.02	1
136997	3702.AT5G08570.1	2.62	1
134957	3702.AT4G28660.2	69.6	5
124354	3702.AT2G26930.1	22.8	3
135885	3702.AT4G37210.1	12.1	3
135137	3702.AT4G30310.2	9.27	3
122189	3702.AT1G79040.1	1711	91
122319	3702.AT1G80380.2	554	154
141951	3702.AT5G62530.1	23.0	6
127604	3702.AT3G10230.1	19.5	3
130825	3702.AT3G51800.2	523	69
142113	3702.AT5G64050.1	38.7	7
122405	3702.AT2G01250.1	273	16
127883	3702.AT3G12780.1	5856	1331
120002	3702.AT1G56340.1	24.5	6
138077	3702.AT5G19550.1	20.4	5
140821	3702.AT5G51970.1	109	18
139817	3702.AT5G42890.1	112	4
136380	3702.AT5G02790.1	687	72
120642	3702.AT1G64190.1	25.1	6
118917	3702.AT1G43560.1	192	13
137070	3702.AT5G09660.4	7634	866
124969	3702.AT2G32730.1	5.72	2
125732	3702.AT2G39800.1	321	85
124948	3702.AT2G32520.1	63.9	4
131290	3702.AT3G56150.1	1.55	1
127559	3702.AT3G09840.1	24.8	10
142106	3702.AT5G63980.1	108	21
122033	3702.AT1G77590.1	6.39	2
124919	3702.AT2G32240.1	13.2	11
126458	3702.AT2G46520.1	2.9	2
133507	3702.AT4G15510.1	73.7	9
118324	3702.AT1G30530.1	30.5	4
117318	3702.AT1G20020.1	4978	705
135429	3702.AT4G32970.1	5.14	3
131671	3702.AT3G59920.1	29.2	5
141463	3702.AT5G57850.1	234	29
139961	3702.AT5G44130.1	200	25
126087	3702.AT2G43030.1	168	33
120060	3702.AT1G57720.1	660	111
117018	3702.AT1G17050.1	364	60
125933	3702.AT2G41530.1	5.65	1
125548	3702.AT2G38040.1	194	61
121303	3702.AT1G70410.2	387	46
137608	3702.AT5G15200.1	29.6	2
122662	3702.AT2G03870.1	114	4
117562	3702.AT1G22300.1	586	56
138366	3702.AT5G23010.1	3.88	1
135623	3702.AT4G34740.1	81.0	20
131479	3702.AT3G58010.1	154	15
126329	3702.AT2G45300.1	6.77	2
119738	3702.AT1G53850.1	175	21
131191	3702.AT3G55250.1	126	19
123770	3702.AT2G21280.1	19.4	3
138944	3702.AT5G28840.1	805	133
138747	3702.AT5G26780.2	51.4	16
118279	3702.AT1G30070.2	10.6	1
135862	3702.AT4G37000.1	160	29
142532	3702.ATCG00350.1	10.1	2
130388	3702.AT3G47800.1	258	36
125600	3702.AT2G38530.1	14.6	1
120196	3702.AT1G59900.1	196	31
126758	3702.AT3G02090.2	528	106
141203	3702.AT5G55480.1	9.32	4
124293	3702.AT2G26340.2	237	34
132360	3702.AT4G02530.1	1578	230
124921	3702.AT2G32260.1	7.68	1
122328	3702.AT1G80480.1	326	66
132365	3702.AT4G02570.1	1.81	1
136475	3702.AT5G03650.1	13.8	5
131552	3702.AT3G58730.1	36.6	5
133934	3702.AT4G19170.1	12.7	3
124319	3702.AT2G26590.1	53.9	8
135327	3702.AT4G32070.1	4.37	1
121014	3702.AT1G67700.2	21.0	1
116190	3702.AT1G09340.1	5945	1175
137739	3702.AT5G16440.1	102	11
124678	3702.AT2G30050.1	16.6	2
123470	3702.AT2G18510.1	23.6	3
117470	3702.AT1G21500.1	37.4	14
128072	3702.AT3G14290.1	8.33	1
140715	3702.AT5G50950.1	5.05	1
131018	3702.AT3G53580.1	214	45
115581	3702.AT1G03630.1	618	118
126738	3702.AT3G01910.1	196	45
133537	3702.AT4G15770.1	31.5	3
129164	3702.AT3G24170.1	102	12
139746	3702.AT5G42270.1	6.58	2
123827	3702.AT2G21870.1	1184	145
117582	3702.AT1G22530.1	7.58	2
126379	3702.AT2G45770.2	263	40
124486	3702.AT2G28190.1	2282	161
125464	3702.AT2G37220.1	5134	412
120908	3702.AT1G66670.1	82.2	11
134410	3702.AT4G23650.1	24.6	5
124633	3702.AT2G29630.1	267	65
136960	3702.AT5G08280.1	1472	281
127662	3702.AT3G10740.1	5.31	1
137800	3702.AT5G17020.1	0.759	3
122109	3702.AT1G78300.1	76.9	9
132970	3702.AT4G10840.1	3.62	1
140417	3702.AT5G48300.1	527	153
115336	3702.AT1G01300.1	3.03	1
138736	3702.AT5G26710.1	9.74	2
124668	3702.AT2G29960.1	13.8	2
116242	3702.AT1G09795.1	189	27
126199	3702.AT2G44060.1	298	55
133005	3702.AT4G11175.1	19.9	1
141092	3702.AT5G54440.1	1.49	1
133002	3702.AT4G11150.1	836	100
121452	3702.AT1G71920.2	4.12	2
142535	3702.ATCG00420.1	26.3	3
139239	3702.AT5G37510.2	96.2	32
141400	3702.AT5G57290.1	304	15
118439	3702.AT1G31690.1	1.46	1
138216	3702.AT5G20920.1	76.5	5
124816	3702.AT2G31290.1	5.23	1
127556	3702.AT3G09810.1	7.93	1
136479	3702.AT5G03690.1	33.0	3
128487	3702.AT3G18080.1	93.1	12
115903	3702.AT1G06650.2	7.27	1
120932	3702.AT1G66900.1	112	20
138207	3702.AT5G20830.1	6.92	3
140302	3702.AT5G47190.1	367	35
138367	3702.AT5G23020.1	3.65	1
142407	3702.AT5G66680.1	106	26
131620	3702.AT3G59400.1	290	19
121517	3702.AT1G72550.1	26.6	6
134515	3702.AT4G24620.1	284	74
120680	3702.AT1G64550.1	32.7	8
118294	3702.AT1G30230.2	521	61
116236	3702.AT1G09750.1	413	65
139940	3702.AT5G43940.2	963	156
121281	3702.AT1G70190.1	53.9	3
116303	3702.AT1G10370.1	380	33
125958	3702.AT2G41790.1	17.6	8
117359	3702.AT1G20440.1	311	41
131655	3702.AT3G59760.1	11.3	2
137428	3702.AT5G13420.1	4.79	1
140635	3702.AT5G50250.1	358	28
121770	3702.AT1G74970.1	415	39
141751	3702.AT5G60600.1	494	153
118703	3702.AT1G34430.1	73.8	14
126582	3702.AT2G47710.1	41.6	4
118834	3702.AT1G36390.1	287	21
116584	3702.AT1G12900.1	218	32
128210	3702.AT3G15520.1	116	34
140723	3702.AT5G51040.3	14.4	2
131125	3702.AT3G54640.1	88.9	9
132473	3702.AT4G03520.1	1902	228
140793	3702.AT5G51720.1	600	43
134849	3702.AT4G27700.1	179	19
120400	3702.AT1G61900.1	5.28	1
127445	3702.AT3G08740.1	87.4	13
133587	3702.AT4G16155.1	73.0	17
123615	3702.AT2G19940.1	343	83
136086	3702.AT4G39150.1	93.1	9
124980	3702.AT2G32810.1	14.1	4
118636	3702.AT1G33810.1	66.2	3
120704	3702.AT1G64760.1	8.58	1
141334	3702.AT5G56680.1	83.2	19
124532	3702.AT2G28605.1	32.4	3
139831	3702.AT5G42980.1	3333	254
122025	3702.AT1G77510.1	188	42
130474	3702.AT3G48560.1	194	46
136699	3702.AT5G05780.1	120	16
121951	3702.AT1G76810.1	1.78	1
126042	3702.AT2G42600.1	704	296
131711	3702.AT3G60318.1	42.2	1
121875	3702.AT1G76080.1	1154	165
136432	3702.AT5G03290.1	60.7	8
123606	3702.AT2G19860.1	3.81	1
137508	3702.AT5G14200.1	201	38
134763	3702.AT4G26900.1	37.8	12
116174	3702.AT1G09195.2	0.478	1
140983	3702.AT5G53480.1	60.5	20
125895	3702.AT2G41220.1	62.4	113
118478	3702.AT1G32060.1	6692	1259
142561	3702.ATCG00720.1	75.2	5
131403	3702.AT3G57260.1	555	64
121883	3702.AT1G76160.1	11.2	4
116576	3702.AT1G12840.1	316	49
118082	3702.AT1G28010.1	0.42	1
126698	3702.AT3G01520.1	303	31
142521	3702.ATCG00160.1	244	19
127465	3702.AT3G08940.2	44.5	6
135961	3702.AT4G37925.1	602	69
123572	3702.AT2G19520.1	9.87	2
130944	3702.AT3G52930.1	1138	281
141298	3702.AT5G56350.1	9.06	2
135406	3702.AT4G32770.1	15.2	6
137329	3702.AT5G12100.1	3.92	3
141726	3702.AT5G60360.3	197	22
117566	3702.AT1G22360.1	8.09	1
116807	3702.AT1G14980.1	1398	80
138259	3702.AT5G21990.1	4.43	1
116824	3702.AT1G15140.1	827	96
137485	3702.AT5G13980.1	8.77	4
127380	3702.AT3G07660.1	9.04	2
139721	3702.AT5G42070.1	104	8
137698	3702.AT5G16050.1	122	10
131529	3702.AT3G58510.1	28.2	6
134615	3702.AT4G25550.1	31.7	3
127635	3702.AT3G10520.1	242	19
125568	3702.AT2G38230.1	1043	86
139341	3702.AT5G38470.1	269	32
115626	3702.AT1G04080.3	1.52	1
134089	3702.AT4G20760.1	21.0	5
127100	3702.AT3G05180.1	1.93	2
132052	3702.AT3G63460.1	10.2	5
142584	3702.ATCG01060.1	15161	650
119574	3702.AT1G52400.1	1723	306
132022	3702.AT3G63160.1	155	6
138745	3702.AT5G26760.2	1.67	1
137625	3702.AT5G15350.1	33.9	4
119585	3702.AT1G52510.1	369	64
125204	3702.AT2G34860.1	109	7
131701	3702.AT3G60240.4	4.41	4
128188	3702.AT3G15356.1	19.5	2
142388	3702.AT5G66530.1	534	71
138099	3702.AT5G19760.1	13.2	2
134056	3702.AT4G20360.1	10868	2495
132638	3702.AT4G05530.1	8.61	1
132501	3702.AT4G04040.1	13.2	4
117509	3702.AT1G21860.1	5.43	3
138157	3702.AT5G20300.1	0.551	1
136325	3702.AT5G02240.1	749	53
126041	3702.AT2G42590.3	469	47
132278	3702.AT4G01850.1	91.5	14
134482	3702.AT4G24280.1	878	263
138806	3702.AT5G27380.1	50.1	10
124436	3702.AT2G27680.1	181	34
138101	3702.AT5G19780.1	384	132
126613	3702.AT2G48020.1	0.383	2
130972	3702.AT3G53180.1	24.6	8
134727	3702.AT4G26555.1	13.1	1
133551	3702.AT4G15900.1	6.17	1
119759	3702.AT1G54030.1	4.92	1
117757	3702.AT1G24180.1	19.7	4
122023	3702.AT1G77490.1	50.4	6
137427	3702.AT5G13410.1	160	28
120088	3702.AT1G58080.1	87.1	12
142567	3702.ATCG00780.1	2599	155
135580	3702.AT4G34350.1	3.67	1
142549	3702.ATCG00580.1	16.3	1
136135	3702.AT4G39660.1	28.4	5
142122	3702.AT5G64140.1	2548	31
118182	3702.AT1G29150.1	193	31
129994	3702.AT3G43980.1	83.3	6
136862	3702.AT5G07350.2	16.8	10
126562	3702.AT2G47510.1	21.0	4
126204	3702.AT2G44100.1	8.96	3
136617	3702.AT5G05010.1	170	33
122499	3702.AT2G02100.1	66.0	1
136574	3702.AT5G04590.1	856	97
139785	3702.AT5G42620.2	1.45	4
130239	3702.AT3G46320.1	82.9	24
115745	3702.AT1G05190.1	1257	117
127809	3702.AT3G12080.1	3.87	1
139805	3702.AT5G42790.1	32.6	3
128931	3702.AT3G22110.1	11.4	1
141257	3702.AT5G55960.1	0.239	2
116098	3702.AT1G08450.1	24.5	5
124685	3702.AT2G30110.1	30.2	20
124552	3702.AT2G28790.1	180	23
133462	3702.AT4G15130.1	7.76	1
120805	3702.AT1G65700.3	26.8	2
129276	3702.AT3G25230.2	66.2	7
127971	3702.AT3G13470.1	208	49
137768	3702.AT5G16710.1	1708	204
132025	3702.AT3G63190.1	748	90
128388	3702.AT3G17170.1	3.08	3
126864	3702.AT3G03070.1	201	4
122790	3702.AT2G05380.1	111	6
129500	3702.AT3G27240.1	9.84	1
121877	3702.AT1G76100.1	735	12
126827	3702.AT3G02720.1	59.2	10
122081	3702.AT1G78020.1	4.26	3
131955	3702.AT3G62530.1	814	101
142039	3702.AT5G63310.1	510	53
136138	3702.AT4G39680.1	24.5	14
133290	3702.AT4G13850.1	743	50
120529	3702.AT1G63110.1	4.11	5
141705	3702.AT5G60160.1	35.6	11
125623	3702.AT2G38730.1	9.3	1
125223	3702.AT2G35040.1	165	45
120705	3702.AT1G64770.3	56.2	5
130425	3702.AT3G48170.1	40.0	8
124711	3702.AT2G30390.2	5.07	1
122798	3702.AT2G05520.1	773	30
132359	3702.AT4G02520.1	622	84
142524	3702.ATCG00190.1	6.54	4
125383	3702.AT2G36530.1	3002	593
127428	3702.AT3G08580.1	979	129
141685	3702.AT5G59970.1	82.9	24
133101	3702.AT4G12060.1	178	25
116187	3702.AT1G09310.1	1253	65
131051	3702.AT3G53900.2	257	38
140027	3702.AT5G44650.1	16.0	1
124562	3702.AT2G28900.1	137	11
126228	3702.AT2G44310.1	77.6	4
129721	3702.AT3G29185.2	78.6	15
131255	3702.AT3G55800.1	4318	800
117417	3702.AT1G20950.1	28.6	8
138029	3702.AT5G19140.1	212	26
136068	3702.AT4G38970.1	8303	1065
128289	3702.AT3G16250.1	87.8	6
137769	3702.AT5G16715.1	75.2	16
121500	3702.AT1G72370.1	1757	178
132809	3702.AT4G09320.1	1399	141
126073	3702.AT2G42910.1	23.7	4
134774	3702.AT4G27000.1	146	16
120882	3702.AT1G66430.1	136	22
137690	3702.AT5G15970.1	2365	77
116516	3702.AT1G12270.1	5.39	2
134655	3702.AT4G25900.1	11.5	2
133668	3702.AT4G16830.1	5.59	1
121671	3702.AT1G74020.1	78.6	12
126687	3702.AT3G01440.1	718	32
125845	3702.AT2G40770.1	2.44	4
116237	3702.AT1G09760.1	9.26	1
121604	3702.AT1G73390.1	97.8	123
116697	3702.AT1G14000.1	15.5	4
126933	3702.AT3G03710.1	16.4	7
119438	3702.AT1G51110.1	81.7	14
124028	3702.AT2G23820.2	169	12
119415	3702.AT1G50900.1	224	10
123702	3702.AT2G20690.1	9.85	1
119592	3702.AT1G52570.1	2.07	2
134568	3702.AT4G25130.1	780	66
134102	3702.AT4G20890.1	7.45	2
126584	3702.AT2G47730.1	2718	250
131066	3702.AT3G54050.1	3431	644
128262	3702.AT3G16000.1	132	33
121681	3702.AT1G74090.1	19.4	2
124773	3702.AT2G30950.1	363	159
118744	3702.AT1G35140.1	5.55	1
130487	3702.AT3G48690.1	85.3	8
126964	3702.AT3G03960.1	160	37
120939	3702.AT1G66970.2	63.1	24
136013	3702.AT4G38410.1	20.2	5
115314	3702.AT1G01090.1	973	153
136937	3702.AT5G08060.1	12.8	1
116981	3702.AT1G16710.1	6.33	9
125697	3702.AT2G39470.1	140	13
127238	3702.AT3G06350.1	40.2	15
132551	3702.AT4G04770.1	18.7	4
135688	3702.AT4G35360.1	8.23	2
137088	3702.AT5G09810.1	449	82
124144	3702.AT2G24940.1	326	14
138753	3702.AT5G26830.1	129	47
127860	3702.AT3G12580.1	2.68	1
138557	3702.AT5G24770.1	8.03	1
122141	3702.AT1G78630.1	550	87
115860	3702.AT1G06210.1	3.65	1
118392	3702.AT1G31180.1	226	32
116769	3702.AT1G14650.1	4.63	1
131677	3702.AT3G59980.1	731	66
116221	3702.AT1G09620.1	31.5	16
126197	3702.AT2G44040.1	86.9	13
123373	3702.AT2G17630.1	24.0	5
124597	3702.AT2G29290.2	148	13
119818	3702.AT1G54580.1	447	16
123755	3702.AT2G21170.1	3639	535
115640	3702.AT1G04210.1	0.07	1
139000	3702.AT5G34850.1	27.8	9
141510	3702.AT5G58290.1	299	43
124440	3702.AT2G27720.2	865	49
131016	3702.AT3G53560.1	68.4	11
127685	3702.AT3G10940.1	12.7	1
130250	3702.AT3G46430.1	206	16
135596	3702.AT4G34490.1	20.3	2
138397	3702.AT5G23290.1	66.0	4
118560	3702.AT1G32900.1	22.3	8
133324	3702.AT4G14110.1	16.3	1
137313	3702.AT5G11950.1	30.5	4
135269	3702.AT4G31530.2	65.7	13
141980	3702.AT5G62790.2	286	73
132718	3702.AT4G08390.1	407	56
141929	3702.AT5G62300.1	750	92
140184	3702.AT5G46110.4	5.09	1
125113	3702.AT2G34040.1	3.15	1
122674	3702.AT2G03980.1	5.23	1
131811	3702.AT3G61220.2	224	29
140911	3702.AT5G52840.1	508	36
139599	3702.AT5G40950.1	354	25
131208	3702.AT3G55410.1	33.8	12
141506	3702.AT5G58250.1	1265	164
116103	3702.AT1G08490.1	42.1	7
125311	3702.AT2G35840.1	58.2	10
142221	3702.AT5G65010.2	80.3	26
119364	3702.AT1G50380.1	6.09	2
127806	3702.AT3G12050.1	18.1	1
126035	3702.AT2G42530.1	859	70
127424	3702.AT3G08530.1	19.3	17
128785	3702.AT3G20790.1	11.1	2
129087	3702.AT3G23490.1	184	21
123988	3702.AT2G23350.1	24.8	4
140974	3702.AT5G53400.1	7.99	1
118026	3702.AT1G27450.3	213	26
132842	3702.AT4G09650.1	7214	1090
116543	3702.AT1G12520.1	25.1	5
135302	3702.AT4G31840.1	50.5	5
125351	3702.AT2G36250.1	19.7	4
141532	3702.AT5G58490.1	6.81	1
118465	3702.AT1G31910.1	6.19	1
127588	3702.AT3G10090.1	5507	134
125370	3702.AT2G36390.1	6.3	3
137555	3702.AT5G14660.1	509	46
129334	3702.AT3G25800.1	14.3	4
117455	3702.AT1G21350.3	21.7	2
117484	3702.AT1G21640.2	1.88	1
128362	3702.AT3G16910.1	115	20
133583	3702.AT4G16143.1	95.1	20
130764	3702.AT3G51240.1	100	19
121769	3702.AT1G74960.1	242	36
128030	3702.AT3G13920.2	80.3	8
126034	3702.AT2G42520.1	7.7	3
141098	3702.AT5G54500.2	209	16
116252	3702.AT1G09870.1	3.71	1
121353	3702.AT1G70890.1	27.2	3
135955	3702.AT4G37870.1	21.2	7
129536	3702.AT3G27530.1	2.38	1
140883	3702.AT5G52560.1	1.87	1
124010	3702.AT2G23600.1	266	40
117083	3702.AT1G17650.1	94.0	13
141676	3702.AT5G59880.1	736	48
118571	3702.AT1G32990.1	1426	164
127051	3702.AT3G04770.1	124	46
138213	3702.AT5G20890.1	194	37
140255	3702.AT5G46800.1	139	16
142112	3702.AT5G64040.2	2088	214
126554	3702.AT2G47440.1	4.28	1
119906	3702.AT1G55480.1	982	137
117317	3702.AT1G20010.1	125	30
126133	3702.AT2G43460.1	44.7	2
137306	3702.AT5G11880.1	119	36
133513	3702.AT4G15560.1	98.5	16
127973	3702.AT3G13490.1	3.12	1
122162	3702.AT1G78830.1	512	99
122165	3702.AT1G78860.1	1.67	1
141729	3702.AT5G60390.1	4932	3280
116486	3702.AT1G12000.1	7.44	1
128392	3702.AT3G17210.1	839	34
141387	3702.AT5G57170.2	1083	45
133986	3702.AT4G19710.2	1.72	1
136991	3702.AT5G08530.1	355	69
126003	3702.AT2G42210.2	6.83	1
131166	3702.AT3G55005.1	60.6	7
130938	3702.AT3G52880.2	736	166
133460	3702.AT4G15110.1	73.9	23
129506	3702.AT3G27300.1	42.3	11
135425	3702.AT4G32930.2	58.5	4
127265	3702.AT3G06580.1	6.13	2
142541	3702.ATCG00500.1	70.0	21
141656	3702.AT5G59690.1	82.9	24
138474	3702.AT5G24020.1	95.2	15
125017	3702.AT2G33150.1	347	69
138912	3702.AT5G28500.1	629	117
131121	3702.AT3G54600.1	19.9	4
132273	3702.AT4G01800.2	163	81
139335	3702.AT5G38420.1	11.2	10
131401	3702.AT3G57240.1	11.9	2
141848	3702.AT5G61510.1	33.5	7
133073	3702.AT4G11820.2	6.19	1
137014	3702.AT5G08740.1	3.54	1
121555	3702.AT1G72930.1	10.4	1
139802	3702.AT5G42770.2	7.65	1
124810	3702.AT2G31240.1	6.88	4
115355	3702.AT1G01470.1	41.2	2
115963	3702.AT1G07250.1	13.4	2
139415	3702.AT5G39210.1	242	21
136098	3702.AT4G39260.1	885	81
136588	3702.AT5G04740.1	168	35
128022	3702.AT3G13860.1	19.4	6
125341	3702.AT2G36145.1	19.0	3
122135	3702.AT1G78570.1	39.8	8
125269	3702.AT2G35490.1	1006	126
135962	3702.AT4G37930.1	2751	798
139546	3702.AT5G40450.1	1.99	2
138150	3702.AT5G20230.1	16.5	1
123402	3702.AT2G17870.1	22.6	3
123882	3702.AT2G22420.1	5.21	1
116317	3702.AT1G10500.1	16.8	1
134405	3702.AT4G23600.1	1769	320
128850	3702.AT3G21370.1	12.2	11
130464	3702.AT3G48460.1	3.07	1
127899	3702.AT3G12930.1	15.7	1
123655	3702.AT2G20360.1	252	55
126557	3702.AT2G47470.1	920	128
122304	3702.AT1G80230.1	211	20
132988	3702.AT4G11010.1	220	33
136261	3702.AT5G01650.2	1144	62
137897	3702.AT5G17920.1	2560	764
131755	3702.AT3G60750.1	3748	1177
125259	3702.AT2G35370.1	344	26
124101	3702.AT2G24540.1	4.28	4
126318	3702.AT2G45180.1	120	7
133430	3702.AT4G14890.1	15.5	1
118975	3702.AT1G44575.1	57.5	8
131048	3702.AT3G53870.1	252	26
135545	3702.AT4G34050.1	388	50
133429	3702.AT4G14880.1	1435	212
125265	3702.AT2G35450.1	16.7	3
131837	3702.AT3G61470.1	610	46
135159	3702.AT4G30530.1	164	16
129189	3702.AT3G24430.1	85.4	18
118393	3702.AT1G31190.1	73.9	12
128317	3702.AT3G16520.3	5.31	1
134255	3702.AT4G22240.1	253	39
132926	3702.AT4G10440.1	0.298	1
136044	3702.AT4G38740.1	138	13
116959	3702.AT1G16460.2	14.8	4
116039	3702.AT1G07920.1	4932	3280
130948	3702.AT3G52960.1	1919	284
138398	3702.AT5G23300.1	14.7	3
126694	3702.AT3G01500.2	6559	1237
137345	3702.AT5G12250.1	79.5	13
139247	3702.AT5G37600.1	50.4	5
140539	3702.AT5G49360.1	2.7	1
139336	3702.AT5G38430.1	2830	223
118886	3702.AT1G42550.1	5.71	2
132153	3702.AT4G00750.1	0.319	1
135402	3702.AT4G32720.1	10.6	2
118234	3702.AT1G29660.1	235	30
121763	3702.AT1G74910.1	31.3	5
126770	3702.AT3G02200.2	3.65	1
124047	3702.AT2G24020.1	830	99
131153	3702.AT3G54890.1	592	35
134966	3702.AT4G28730.1	31.9	2
132446	3702.AT4G03280.1	4770	543
119033	3702.AT1G45688.1	3.03	2
122395	3702.AT2G01140.1	118	13
139801	3702.AT5G42765.1	64.2	7
121863	3702.AT1G75950.1	65.5	3
123174	3702.AT2G15420.1	0.084	1
122683	3702.AT2G04039.3	34.5	5
128225	3702.AT3G15640.1	161	13
127557	3702.AT3G09820.1	845	115
140782	3702.AT5G51610.1	45.7	17
133384	3702.AT4G14540.1	27.0	1
136785	3702.AT5G06600.1	24.6	14
117106	3702.AT1G17880.1	163	8
135552	3702.AT4G34120.1	83.8	10
141771	3702.AT5G60790.1	49.7	13
136139	3702.AT4G39690.1	46.9	15
124518	3702.AT2G28470.1	11.0	3
140921	3702.AT5G52920.1	87.9	20
124051	3702.AT2G24060.1	2.53	1
126409	3702.AT2G46090.1	2.57	1
128535	3702.AT3G18490.1	13.3	1
133847	3702.AT4G18440.1	324	44
129137	3702.AT3G23940.1	82.6	48
131207	3702.AT3G55400.1	5.9	2
130801	3702.AT3G51600.1	40.3	2
129618	3702.AT3G28300.1	86.4	20
129668	3702.AT3G28760.2	4.83	1
129023	3702.AT3G22960.1	330	61
125883	3702.AT2G41100.1	76.5	12
135495	3702.AT4G33590.1	11.0	4
134993	3702.AT4G29010.1	144	28
118491	3702.AT1G32200.1	282	49
116601	3702.AT1G13080.1	0.131	1
127429	3702.AT3G08590.1	203	40
136306	3702.AT5G02050.1	13.2	1
119855	3702.AT1G55020.1	1.21	1
127657	3702.AT3G10690.1	1.67	1
117378	3702.AT1G20620.1	1573	277
124383	3702.AT2G27190.1	11.5	1
137798	3702.AT5G17000.1	24.1	7
131294	3702.AT3G56190.1	12.8	2
125050	3702.AT2G33430.1	113	10
142480	3702.AT5G67360.1	11.3	2
139065	3702.AT5G35630.1	6781	1068
122260	3702.AT1G79790.1	23.9	3
123961	3702.AT2G23120.1	86.4	1
127391	3702.AT3G07770.1	50.2	17
123250	3702.AT2G16430.2	7.59	1
136828	3702.AT5G07020.1	184	13
129143	3702.AT3G23990.1	48.4	12
142563	3702.ATCG00740.1	3.85	1
141110	3702.AT5G54600.1	137	14
122677	3702.AT2G04030.1	1101	391
133198	3702.AT4G13010.1	314	28
131002	3702.AT3G53420.1	11.8	1
131188	3702.AT3G55220.1	1.1	3
127829	3702.AT3G12260.1	343	42
132293	3702.AT4G01940.1	186	19
122826	3702.AT2G05920.1	10.6	3
132604	3702.AT4G05180.1	3100	414
115426	3702.AT1G02150.1	38.7	10
141148	3702.AT5G54960.1	3.5	1
137004	3702.AT5G08640.1	38.9	5
142149	3702.AT5G64380.1	6.96	1
124105	3702.AT2G24580.1	8.37	2
118525	3702.AT1G32500.1	9.23	2
127944	3702.AT3G13275.1	0.917	1
128639	3702.AT3G19450.1	77.2	10
129297	3702.AT3G25530.1	771	112
124439	3702.AT2G27710.1	1804	122
137724	3702.AT5G16290.1	12.5	3
118307	3702.AT1G30380.1	179	6
134713	3702.AT4G26455.1	0.899	1
125176	3702.AT2G34590.1	25.2	4
126966	3702.AT3G03980.1	13.7	1
136829	3702.AT5G07030.1	52.0	7
124775	3702.AT2G30970.1	138	22
117736	3702.AT1G24020.1	1392	144
138135	3702.AT5G20090.1	13.0	1
136771	3702.AT5G06460.1	4.19	5
137557	3702.AT5G14680.1	16.4	2
133218	3702.AT4G13200.1	43.7	4
135896	3702.AT4G37300.1	45.0	6
130358	3702.AT3G47520.1	1321	231
127947	3702.AT3G13300.1	1.26	1
116469	3702.AT1G11860.1	2679	512
116106	3702.AT1G08520.1	170	45
135673	3702.AT4G35220.1	28.2	2
137803	3702.AT5G17050.1	114	14
130422	3702.AT3G48140.1	47.4	2
122976	3702.AT2G10940.1	1891	317
127768	3702.AT3G11710.1	135	31
137577	3702.AT5G14910.1	1737	136
138678	3702.AT5G25980.2	3816	879
140304	3702.AT5G47210.1	183	24
137923	3702.AT5G18170.1	11.6	1
130468	3702.AT3G48500.2	28.6	10
115578	3702.AT1G03600.1	2132	170
135122	3702.AT4G30160.2	2.9	1
128828	3702.AT3G21200.1	9.52	1
134545	3702.AT4G24930.1	35.1	5
118235	3702.AT1G29670.1	637	114
134210	3702.AT4G21880.1	2.49	7
125040	3702.AT2G33340.1	5.46	1
138105	3702.AT5G19820.1	86.0	55
122275	3702.AT1G79930.1	43.3	17
118112	3702.AT1G28290.1	25.5	2
115881	3702.AT1G06430.1	52.0	28
142086	3702.AT5G63800.1	3.0	1
123794	3702.AT2G21530.1	407	50
142517	3702.ATCG00120.1	18885	2841
127922	3702.AT3G13120.1	774	57
120866	3702.AT1G66280.1	11.3	11
128245	3702.AT3G15840.1	375	48
130906	3702.AT3G52560.4	34.6	3
124063	3702.AT2G24200.1	272	71
129365	3702.AT3G26070.1	588	74
115313	3702.AT1G01080.2	72.2	13
139053	3702.AT5G35530.1	104	9
117464	3702.AT1G21440.1	53.6	6
142593	3702.ATCG01240.1	15.7	4
129350	3702.AT3G25920.1	119	13
128045	3702.AT3G14067.1	121	31
121051	3702.AT1G68010.2	3467	703
129883	3702.AT3G42170.1	10.4	4
128150	3702.AT3G15020.1	18.1	17
118893	3702.AT1G42970.1	8282	1812
126943	3702.AT3G03780.1	606	179
119767	3702.AT1G54100.1	6.9	2
115603	3702.AT1G03860.1	13.0	1
134721	3702.AT4G26500.1	230	38
115646	3702.AT1G04270.1	41.1	3
126183	3702.AT2G43910.2	829	82
126555	3702.AT2G47450.1	367	78
124157	3702.AT2G25080.1	917	106
115672	3702.AT1G04530.1	5.96	1
126847	3702.AT3G02900.1	15.5	1
138969	3702.AT5G30510.1	2191	473
142159	3702.AT5G64460.1	5.02	1
132160	3702.AT4G00810.1	54.6	2
119374	3702.AT1G50480.1	154	58
138224	3702.AT5G20990.1	2.84	1
136561	3702.AT5G04430.2	263	58
135948	3702.AT4G37800.1	26.4	4
140163	3702.AT5G45930.1	39.3	5
123420	3702.AT2G18040.1	119	5
128849	3702.AT3G21360.1	8.25	1
117669	3702.AT1G23310.1	3398	619
122256	3702.AT1G79750.1	9.49	2
125964	3702.AT2G41840.1	63.9	5
136993	3702.AT5G08540.1	189	25
121346	3702.AT1G70820.1	99.0	30
119555	3702.AT1G52230.1	10512	325
136935	3702.AT5G08050.1	72.8	3
122416	3702.AT2G01350.1	46.3	5
134470	3702.AT4G24200.1	0.076	1
115315	3702.AT1G01100.1	394	16
118799	3702.AT1G35680.1	109	11
119218	3702.AT1G48860.1	8.8	2
128472	3702.AT3G17930.1	27.0	1
120265	3702.AT1G60710.1	17.9	3
123146	3702.AT2G15050.1	0.974	2
126787	3702.AT3G02360.1	23.7	5
120240	3702.AT1G60420.1	6.24	2
142568	3702.ATCG00790.1	26.9	1
137563	3702.AT5G14740.1	2628	473
117308	3702.AT1G19920.1	136	27
117125	3702.AT1G18080.1	1176	167
123724	3702.AT2G20860.1	117	15
140596	3702.AT5G49910.1	700	206
142569	3702.ATCG00800.1	1688	130
130343	3702.AT3G47370.1	375	22
140191	3702.AT5G46180.1	6.54	1
117405	3702.AT1G20850.1	6.37	1
135501	3702.AT4G33640.1	183	9
130739	3702.AT3G51000.1	117	9
133613	3702.AT4G16390.1	18.0	8
117864	3702.AT1G25490.1	21.5	6
133176	3702.AT4G12800.1	331	24
134350	3702.AT4G23100.1	703	120
126535	3702.AT2G47240.1	5.57	1
122268	3702.AT1G79870.1	10.8	2
137734	3702.AT5G16390.1	39.4	6
124604	3702.AT2G29360.1	140	14
130863	3702.AT3G52150.1	1510	239
142180	3702.AT5G64650.1	18.3	3
139346	3702.AT5G38520.2	17.1	2
117136	3702.AT1G18210.1	57.7	9
118859	3702.AT1G37130.1	10.7	5
130396	3702.AT3G47860.1	23.8	4
120193	3702.AT1G59870.1	3.03	2
119297	3702.AT1G49670.2	4.03	1
117570	3702.AT1G22410.1	70.2	18
138156	3702.AT5G20290.1	204	15
118910	3702.AT1G43190.1	7.17	1
142557	3702.ATCG00680.1	464	55
128461	3702.AT3G17820.1	3.67	1
133166	3702.AT4G12720.4	10.2	1
127293	3702.AT3G06860.1	19.1	4
138190	3702.AT5G20630.1	2792	208
115783	3702.AT1G05560.1	30.8	5
132537	3702.AT4G04640.1	4256	748
127206	3702.AT3G06050.1	393	44
116135	3702.AT1G08820.1	1.47	3
138521	3702.AT5G24400.1	43.6	10
140834	3702.AT5G52100.1	2.67	1
132366	3702.AT4G02580.1	419	39
130319	3702.AT3G47070.1	7597	401
115747	3702.AT1G05205.1	102	2
116496	3702.AT1G12090.1	7.28	1
133064	3702.AT4G11740.1	6.13	1
118597	3702.AT1G33320.1	2.27	1
120486	3702.AT1G62750.1	1620	558
139955	3702.AT5G44070.1	6.8	1
115507	3702.AT1G02920.1	59.5	7
124548	3702.AT2G28740.1	82.9	24
116690	3702.AT1G13930.1	1858	154
141064	3702.AT5G54180.1	8.47	2
127735	3702.AT3G11400.2	24.5	6
142343	3702.AT5G66090.1	186	39
123836	3702.AT2G21960.1	9.37	1
132058	3702.AT3G63520.1	26.3	8
115693	3702.AT1G04690.1	249	34
138658	3702.AT5G25780.1	9.2	2
138934	3702.AT5G28750.1	18.2	2
118660	3702.AT1G34030.1	58.3	6
122161	3702.AT1G78820.1	76.6	15
130372	3702.AT3G47650.1	862	77
136562	3702.AT5G04440.1	11.9	1
125481	3702.AT2G37400.1	66.0	12
141836	3702.AT5G61410.1	3257	347
129997	3702.AT3G44010.1	83.3	6
119535	3702.AT1G52000.1	114	26
132060	3702.AT3G63540.1	1399	78
140994	3702.AT5G53580.1	9.06	1
119132	3702.AT1G48030.1	1115	237
120568	3702.AT1G63460.1	8.54	1
121496	3702.AT1G72330.3	12.4	10
119328	3702.AT1G49970.1	231	54
126817	3702.AT3G02630.1	14.9	2
136497	3702.AT5G03850.1	5507	134
126093	3702.AT2G43090.1	46.9	7
132966	3702.AT4G10790.1	6.22	1
117643	3702.AT1G23100.1	41.5	7
131768	3702.AT3G60880.2	3.13	1
116947	3702.AT1G16340.4	8.13	1
118460	3702.AT1G31860.1	129	15
117929	3702.AT1G26630.1	1545	118
122113	3702.AT1G78360.1	38.2	4
141373	3702.AT5G57040.1	754	45
122631	3702.AT2G03550.1	14.0	3
128147	3702.AT3G14990.1	172	34
115931	3702.AT1G06950.1	385	196
126504	3702.AT2G46930.1	3.51	1
115553	3702.AT1G03330.1	181	7
121477	3702.AT1G72150.1	178	41
133373	3702.AT4G14430.1	58.9	8
118192	3702.AT1G29250.1	38.6	3
124441	3702.AT2G27730.1	14.4	1
139839	3702.AT5G43060.1	12.8	2
123345	3702.AT2G17340.1	69.1	13
140927	3702.AT5G52970.1	295	31
138110	3702.AT5G19860.1	109	9
117646	3702.AT1G23130.1	55.1	3
129616	3702.AT3G28290.1	86.4	20
138344	3702.AT5G22800.1	14.0	7
125792	3702.AT2G40290.1	60.1	9
117793	3702.AT1G24510.1	96.5	25
136042	3702.AT4G38710.2	25.4	3
134098	3702.AT4G20850.1	85.3	55
128157	3702.AT3G15090.1	5.07	1
135348	3702.AT4G32260.1	1401	163
141264	3702.AT5G56030.2	11.8	6
119305	3702.AT1G49750.1	109	24
116982	3702.AT1G16720.1	70.8	17
122225	3702.AT1G79440.1	58.2	11
138876	3702.AT5G28050.2	212	20
123036	3702.AT2G13360.1	3539	584
125977	3702.AT2G41950.1	27.6	6
115635	3702.AT1G04170.1	39.2	6
134637	3702.AT4G25740.1	13.8	2
136977	3702.AT5G08410.1	615	63
135549	3702.AT4G34090.3	39.0	11
129740	3702.AT3G29360.1	115	16
127623	3702.AT3G10410.1	72.8	10
129690	3702.AT3G28940.1	58.3	4
127358	3702.AT3G07480.1	43.6	2
141971	3702.AT5G62700.1	519	168
122115	3702.AT1G78380.1	862	134
134741	3702.AT4G26690.1	63.5	26
127720	3702.AT3G11270.1	40.5	6
136141	3702.AT4G39710.1	73.6	7
115686	3702.AT1G04640.1	55.8	5
121736	3702.AT1G74640.1	67.3	6
134416	3702.AT4G23710.1	51.0	3
138048	3702.AT5G19290.1	15.6	1
129416	3702.AT3G26520.1	152	3
139871	3702.AT5G43330.1	58.2	10
130951	3702.AT3G52990.1	401	60
137448	3702.AT5G13630.1	210	141
125377	3702.AT2G36460.1	535	101
139928	3702.AT5G43830.1	66.8	9
124855	3702.AT2G31670.1	58.7	10
142048	3702.AT5G63420.1	4.23	2
128987	3702.AT3G22630.1	9.87	1
120065	3702.AT1G57770.1	5.34	1
130272	3702.AT3G46630.1	30.0	4
116514	3702.AT1G12250.1	289	34
131105	3702.AT3G54440.3	6.07	5
116340	3702.AT1G10670.3	3.76	2
141734	3702.AT5G60450.1	1.63	3
133940	3702.AT4G19210.1	135	33
120832	3702.AT1G65980.1	1382	149
124072	3702.AT2G24270.4	1200	293
127185	3702.AT3G05900.1	10.4	3
126231	3702.AT2G44350.2	87.5	23
133852	3702.AT4G18480.1	396	62
118908	3702.AT1G43170.1	29.6	4
117585	3702.AT1G22570.1	0.31	2
138424	3702.AT5G23540.1	7.47	1
131101	3702.AT3G54400.1	42.9	4
126753	3702.AT3G02050.1	0.158	2
116569	3702.AT1G12780.1	8.13	2
128807	3702.AT3G20970.1	8.77	1
136193	3702.AT5G01010.2	3.96	1
130925	3702.AT3G52750.1	7.42	2
141710	3702.AT5G60210.1	7.51	2
141061	3702.AT5G54160.1	200	34
142353	3702.AT5G66190.1	4470	705
124454	3702.AT2G27860.1	213	47
130578	3702.AT3G49560.1	203	23
127279	3702.AT3G06720.1	26.1	5
126715	3702.AT3G01680.1	2.25	1
132202	3702.AT4G01150.1	205	20
140410	3702.AT5G48220.1	106	27
135000	3702.AT4G29060.1	1032	396
118253	3702.AT1G29850.3	42.1	3
127166	3702.AT3G05730.1	181	4
123959	3702.AT2G23110.1	0.637	1
131284	3702.AT3G56090.1	11.4	1
121568	3702.AT1G73060.1	123	19
118983	3702.AT1G44790.1	171	18
119942	3702.AT1G55805.1	119	10
134781	3702.AT4G27070.1	17.0	3
126692	3702.AT3G01480.1	1125	178
127926	3702.AT3G13160.1	56.6	11
132083	3702.AT4G00165.1	474	30
123945	3702.AT2G22990.3	56.7	6
140729	3702.AT5G51100.1	46.6	6
130869	3702.AT3G52200.2	30.4	7
135085	3702.AT4G29840.1	471	113
141934	3702.AT5G62350.1	92.7	4
117427	3702.AT1G21065.1	105	16
134932	3702.AT4G28440.1	119	9
127280	3702.AT3G06730.1	10.3	1
125007	3702.AT2G33040.1	456	43
139017	3702.AT5G35100.1	4.15	1
134594	3702.AT4G25370.1	284	41
128705	3702.AT3G20050.1	221	54
121868	3702.AT1G76020.1	11.6	1
126867	3702.AT3G03100.1	66.3	3
135619	3702.AT4G34700.1	36.1	2
123677	3702.AT2G20530.1	14.8	1
125048	3702.AT2G33410.1	15.1	1
122215	3702.AT1G79340.1	66.3	12
126806	3702.AT3G02530.1	17.5	5
125505	3702.AT2G37620.1	6.31	2
137795	3702.AT5G16970.1	226	63
120245	3702.AT1G60470.1	1.36	1
126411	3702.AT2G46110.1	18.4	1
119781	3702.AT1G54220.1	4.2	1
136439	3702.AT5G03350.1	101	15
137098	3702.AT5G09900.3	10.7	1
138632	3702.AT5G25460.1	8.57	1
130899	3702.AT3G52500.1	168	43
116764	3702.AT1G14610.1	11.4	8
134136	3702.AT4G21210.1	50.9	10
138200	3702.AT5G20720.1	2551	338
115391	3702.AT1G01800.1	20.4	2
140731	3702.AT5G51110.1	74.7	8
141756	3702.AT5G60640.1	186	36
126492	3702.AT2G46820.1	176	9
122287	3702.AT1G80070.1	2.17	16
130389	3702.AT3G47810.1	161	16
119868	3702.AT1G55150.1	3.95	1
123050	3702.AT2G13560.1	62.8	12
134940	3702.AT4G28510.1	13.3	1
119192	3702.AT1G48600.2	221	41
125815	3702.AT2G40490.1	995	151
133351	3702.AT4G14300.1	24.6	3
132032	3702.AT3G63250.1	30.4	7
126549	3702.AT2G47390.1	73.4	33
119346	3702.AT1G50180.1	14.8	26
136034	3702.AT4G38630.1	25.6	3
120451	3702.AT1G62380.1	221	23
123865	3702.AT2G22230.1	24.4	4
140104	3702.AT5G45390.1	657	67
130055	3702.AT3G44620.2	27.4	3
116027	3702.AT1G07820.1	82.9	24
142572	3702.ATCG00830.1	40.1	6
131170	3702.AT3G55040.1	156	28
118388	3702.AT1G31160.1	71.2	6
124851	3702.AT2G31610.1	266	26
128234	3702.AT3G15730.1	194	56
139580	3702.AT5G40770.1	14.0	1
116467	3702.AT1G11840.6	693	117
135574	3702.AT4G34290.1	46.1	2
127773	3702.AT3G11750.1	23.9	2
136802	3702.AT5G06760.1	14.8	1
129342	3702.AT3G25860.1	404	102
123777	3702.AT2G21370.1	20.2	3
116136	3702.AT1G08830.1	1378	99
138729	3702.AT5G26667.1	72.4	7
134146	3702.AT4G21280.2	4574	635
135796	3702.AT4G36390.1	2.45	1
142598	3702.ATCG01310.1	40.1	6
121235	3702.AT1G69740.1	854	128
134528	3702.AT4G24750.1	21.3	3
117709	3702.AT1G23740.1	1464	289
142245	3702.AT5G65220.1	430	21
115464	3702.AT1G02500.1	84.0	12
124571	3702.AT2G29000.1	0.256	1
142138	3702.AT5G64300.1	2.74	1
135513	3702.AT4G33760.1	33.6	8
135550	3702.AT4G34100.1	3.15	7
138588	3702.AT5G25070.1	8.19	2
124364	3702.AT2G27020.1	40.1	5
142560	3702.ATCG00710.1	1146	14
139119	3702.AT5G36210.1	43.1	15
138381	3702.AT5G23140.1	297	32
140603	3702.AT5G49970.1	52.8	13
141555	3702.AT5G58710.1	6.59	1
118180	3702.AT1G29120.5	8.42	2
118334	3702.AT1G30630.1	29.5	5
119907	3702.AT1G55490.1	404	111
126810	3702.AT3G02560.1	265	10
130309	3702.AT3G46970.1	355	140
142554	3702.ATCG00650.1	505	9
140946	3702.AT5G53140.1	4.19	1
117655	3702.AT1G23190.1	109	24
136585	3702.AT5G04710.1	20.9	6
128148	3702.AT3G15000.1	31.3	4
138126	3702.AT5G20010.1	94.9	6
132781	3702.AT4G09010.1	1023	142
135457	3702.AT4G33250.1	176	13
132389	3702.AT4G02770.1	13.6	1
135422	3702.AT4G32915.1	17.5	1
131200	3702.AT3G55330.1	461	63
