#id: 298
#name: A.thaliana - Leaf, Short Day Optimal Water, SC (Baerenfaller,Mol_Syst_Bio,2012)
#score: 5.34
#weight: 100%
#description: abundance based on Spectral counting SOW, Short Day Optimal Water, from<a href="http://www.ncbi.nlm.nih.gov/pmc/articles/PMC3435506/" target="_blank">Baerenfaller,Mol_Syst_Bio,2012</a><br/><b>Interaction consistency score</b>: 5.34&nbsp<b>Coverage</b>: 9
#organ: LEAF
#integrated: false
#coverage: 9
#publication_year: 2012
#filename: 3702-2.1ArabidopsisLeaf_waterDefict_SOW.txt
#
#internal_id	string_external_id	abundance	raw_spectral_count
124870	3702.AT2G31810.1	50.9	20
131303	3702.AT3G56290.1	34.1	3
138465	3702.AT5G23940.1	5.49	2
117046	3702.AT1G17290.1	599	172
132139	3702.AT4G00620.1	43.2	6
136317	3702.AT5G02160.1	1404	104
121440	3702.AT1G71820.2	4.36	2
141024	3702.AT5G53850.2	89.7	31
131165	3702.AT3G55000.1	9.77	2
116035	3702.AT1G07890.1	2962	444
142533	3702.ATCG00360.1	23.9	2
142552	3702.ATCG00630.1	84.8	3
136170	3702.AT4G39940.1	4.12	1
126383	3702.AT2G45820.1	95.8	7
129605	3702.AT3G28200.1	10.8	2
141288	3702.AT5G56260.1	171	29
117501	3702.AT1G21770.1	10.4	3
131339	3702.AT3G56650.1	284	62
140304	3702.AT5G47210.1	476	96
119669	3702.AT1G53280.1	114	29
134429	3702.AT4G23850.1	126	48
120206	3702.AT1G60000.1	15.1	4
140892	3702.AT5G52650.1	4.51	1
129439	3702.AT3G26720.1	2.74	1
142540	3702.ATCG00490.1	72628	20433
137450	3702.AT5G13650.2	631	201
129517	3702.AT3G27380.1	14.9	2
139730	3702.AT5G42150.1	5.54	1
128485	3702.AT3G18060.1	46.7	13
120726	3702.AT1G64980.1	55.9	10
133032	3702.AT4G11420.1	37.8	17
116638	3702.AT1G13440.1	485	84
118886	3702.AT1G42550.1	46.1	23
132515	3702.AT4G04350.1	3.75	4
134469	3702.AT4G24190.1	207	118
140389	3702.AT5G48020.1	5.25	1
130419	3702.AT3G48110.1	50.7	31
126634	3702.AT3G01060.1	1.96	1
130006	3702.AT3G44110.1	174	26
130033	3702.AT3G44340.1	1.28	1
126050	3702.AT2G42690.1	3.73	1
135884	3702.AT4G37200.1	13.0	2
129188	3702.AT3G24420.1	42.6	7
138654	3702.AT5G25754.1	5.92	6
124267	3702.AT2G26080.1	359	226
137441	3702.AT5G13560.1	6.46	3
139709	3702.AT5G41970.1	134	41
119371	3702.AT1G50450.1	12.4	3
140486	3702.AT5G48870.1	33.1	5
124273	3702.AT2G26140.1	1.74	1
130719	3702.AT3G50820.1	1569	370
131108	3702.AT3G54470.1	189	59
129875	3702.AT3G42050.1	70.3	16
118801	3702.AT1G35720.1	501	112
127707	3702.AT3G11130.1	5.71	5
129573	3702.AT3G27890.1	68.8	6
118823	3702.AT1G36160.1	1.13	1
118657	3702.AT1G34000.1	319	52
131635	3702.AT3G59540.1	225	16
136958	3702.AT5G08260.1	6.85	2
126263	3702.AT2G44640.1	17.4	6
130251	3702.AT3G46440.1	1.58	1
115438	3702.AT1G02280.1	9.94	2
141620	3702.AT5G59320.1	17.0	1
120794	3702.AT1G65590.1	15.0	7
134724	3702.AT4G26530.1	1740	391
133283	3702.AT4G13780.1	5.3	3
138916	3702.AT5G28540.1	31.8	26
123596	3702.AT2G19760.1	436	50
132912	3702.AT4G10300.1	378	49
129432	3702.AT3G26650.1	1426	315
140716	3702.AT5G50960.1	23.0	2
122644	3702.AT2G03680.1	14.5	1
132218	3702.AT4G01310.1	1383	310
127151	3702.AT3G05625.1	4.1	1
119715	3702.AT1G53645.1	4.01	2
136740	3702.AT5G06160.1	9.08	3
126994	3702.AT3G04240.1	0.32	1
131663	3702.AT3G59840.1	106	6
133014	3702.AT4G11260.1	34.6	7
139170	3702.AT5G36790.1	2749	1342
120705	3702.AT1G64770.3	13.8	3
118416	3702.AT1G31410.1	3.32	1
124994	3702.AT2G32920.1	46.6	17
133955	3702.AT4G19410.2	108	23
123133	3702.AT2G14880.1	32.4	2
116511	3702.AT1G12230.2	141	41
116724	3702.AT1G14250.1	26.9	8
135762	3702.AT4G36020.1	103	21
128473	3702.AT3G17940.1	17.9	3
116372	3702.AT1G10960.1	1698	45
121806	3702.AT1G75350.1	1299	144
116883	3702.AT1G15730.1	37.1	8
136507	3702.AT5G03940.1	640	235
136263	3702.AT5G01670.2	2.19	1
132566	3702.AT4G04910.1	13.3	7
132282	3702.AT4G01883.1	48.0	7
117350	3702.AT1G20340.1	16248	256
120485	3702.AT1G62740.1	18.6	5
127246	3702.AT3G06430.1	8.79	7
132916	3702.AT4G10340.1	1813	456
126145	3702.AT2G43560.1	1018	123
139270	3702.AT5G37830.1	0.997	1
142597	3702.ATCG01300.1	68.7	14
124016	3702.AT2G23670.1	542	50
117123	3702.AT1G18060.1	34.3	5
132848	3702.AT4G09730.1	9.61	2
125540	3702.AT2G37970.1	32.7	4
125262	3702.AT2G35410.1	446	87
137700	3702.AT5G16070.1	1.74	1
124155	3702.AT2G25060.1	58.0	11
136497	3702.AT5G03850.1	8024	292
130230	3702.AT3G46220.2	4.67	2
141178	3702.AT5G55220.1	937	444
136059	3702.AT4G38880.1	0.174	1
131178	3702.AT3G55120.1	49.1	10
137259	3702.AT5G11420.1	105	16
115508	3702.AT1G02930.1	511	80
128373	3702.AT3G17020.1	212	16
127333	3702.AT3G07230.1	1311	20
117499	3702.AT1G21750.1	161	76
126161	3702.AT2G43720.1	3.17	1
142589	3702.ATCG01110.1	325	85
135486	3702.AT4G33510.1	243	64
142637	3702.ATMG00510.1	18.3	6
116491	3702.AT1G12050.1	77.8	24
120700	3702.AT1G64710.1	5.16	1
122241	3702.AT1G79600.1	5.27	4
127185	3702.AT3G05900.1	15.4	7
123442	3702.AT2G18230.1	14.5	2
121603	3702.AT1G73380.1	0.093	1
117490	3702.AT1G21690.3	3.35	1
125025	3702.AT2G33210.1	99.2	46
142495	3702.AT5G67490.1	101	2
122854	3702.AT2G06850.1	47.1	11
128227	3702.AT3G15660.1	7.69	1
128734	3702.AT3G20330.1	41.6	16
130909	3702.AT3G52580.1	16.3	2
137934	3702.AT5G18280.2	0.264	1
122810	3702.AT2G05710.1	83.1	45
116109	3702.AT1G08550.1	217	44
123269	3702.AT2G16600.1	3515	378
136738	3702.AT5G06140.1	9.99	2
122228	3702.AT1G79470.1	5.1	3
134098	3702.AT4G20850.1	83.1	74
117708	3702.AT1G23730.1	15.5	5
142571	3702.ATCG00820.1	1682	93
115705	3702.AT1G04820.1	104	70
121269	3702.AT1G70070.1	0.772	1
136083	3702.AT4G39120.1	15.9	3
115424	3702.AT1G02140.1	18.4	2
133298	3702.AT4G13940.1	1266	377
127348	3702.AT3G07390.1	110	19
139715	3702.AT5G42020.1	115	37
142152	3702.AT5G64400.2	23.6	3
131418	3702.AT3G57410.1	4.07	5
129015	3702.AT3G22890.1	590	187
142556	3702.ATCG00670.1	471	83
142335	3702.AT5G66040.1	303	28
123427	3702.AT2G18110.1	185	32
136236	3702.AT5G01410.1	277	62
138451	3702.AT5G23820.1	241	27
140342	3702.AT5G47570.1	30.5	1
142112	3702.AT5G64040.2	2340	339
124562	3702.AT2G28900.1	113	11
119722	3702.AT1G53705.2	11.4	1
116563	3702.AT1G12730.1	0.125	1
138373	3702.AT5G23060.1	189	38
119674	3702.AT1G53310.1	45.7	27
125716	3702.AT2G39670.2	20.7	7
135569	3702.AT4G34260.1	5.67	3
134412	3702.AT4G23670.1	1681	200
133180	3702.AT4G12830.1	3.92	1
123780	3702.AT2G21390.1	0.611	1
132499	3702.AT4G04020.1	680	207
119506	3702.AT1G51760.1	12.5	2
120366	3702.AT1G61570.1	587	29
134537	3702.AT4G24830.1	392	106
140202	3702.AT5G46290.3	412	93
127415	3702.AT3G08010.1	7.42	1
122164	3702.AT1G78850.1	57.4	26
120893	3702.AT1G66530.1	1.4	2
134108	3702.AT4G20960.1	32.3	13
125946	3702.AT2G41680.1	247	57
138073	3702.AT5G19510.1	1826	194
140253	3702.AT5G46790.1	72.6	12
137817	3702.AT5G17170.1	144	22
140356	3702.AT5G47700.1	153	5
134210	3702.AT4G21880.1	1.01	4
127537	3702.AT3G09630.1	25.7	6
137978	3702.AT5G18660.1	7.38	2
118077	3702.AT1G27970.2	283	29
131251	3702.AT3G55760.1	10.4	4
142577	3702.ATCG00900.1	122	20
123683	3702.AT2G20580.1	40.6	23
130090	3702.AT3G44890.1	1428	169
134771	3702.AT4G26970.1	116	58
132571	3702.AT4G04950.1	3.06	2
117654	3702.AT1G23180.1	1.48	1
132592	3702.AT4G05090.1	36.6	8
139342	3702.AT5G38480.1	833	136
127742	3702.AT3G11450.1	11.0	9
121372	3702.AT1G71040.1	1.61	1
125422	3702.AT2G36880.1	614	153
142598	3702.ATCG01310.1	312	66
115542	3702.AT1G03220.1	91.4	27
122074	3702.AT1G77940.1	109	9
131006	3702.AT3G53460.4	743	208
122129	3702.AT1G78510.1	2.08	1
120613	3702.AT1G63940.2	820	325
123455	3702.AT2G18350.1	1.71	1
120978	3702.AT1G67350.1	11.3	2
128699	3702.AT3G20000.1	5.4	1
135677	3702.AT4G35260.1	6.05	1
121799	3702.AT1G75280.1	97.0	19
121900	3702.AT1G76320.1	0.085	1
135592	3702.AT4G34450.1	59.3	31
138291	3702.AT5G22320.1	0.693	1
142095	3702.AT5G63890.2	175	34
137769	3702.AT5G16715.1	78.5	30
123352	3702.AT2G17420.1	38.3	4
142062	3702.AT5G63570.1	232	85
132931	3702.AT4G10480.1	538	87
136060	3702.AT4G38890.1	2.08	1
123755	3702.AT2G21170.1	2899	656
122283	3702.AT1G80030.1	27.3	13
116176	3702.AT1G09210.1	32.9	13
130199	3702.AT3G45930.1	525	280
138505	3702.AT5G24300.1	137	50
127926	3702.AT3G13160.1	24.5	8
140908	3702.AT5G52810.1	7.41	1
128257	3702.AT3G15950.1	5.19	2
117337	3702.AT1G20200.1	2.1	1
128150	3702.AT3G15020.1	30.8	40
124679	3702.AT2G30060.1	86.4	12
133697	3702.AT4G17090.1	55.7	26
132358	3702.AT4G02510.1	20.1	13
141290	3702.AT5G56280.1	6.88	1
127268	3702.AT3G06610.1	341	17
125083	3702.AT2G33730.1	3.88	3
119883	3702.AT1G55260.1	4.02	1
135272	3702.AT4G31560.1	21.7	1
125523	3702.AT2G37790.1	59.5	14
135966	3702.AT4G37980.1	27.0	5
141759	3702.AT5G60670.1	10.5	1
124801	3702.AT2G31170.1	16.5	8
139550	3702.AT5G40490.1	8.44	3
134418	3702.AT4G23730.1	7.78	3
128063	3702.AT3G14210.1	3788	1000
119970	3702.AT1G56050.1	240	55
134193	3702.AT4G21720.1	46.8	33
140232	3702.AT5G46580.1	5.83	3
125219	3702.AT2G35010.1	37.0	7
135557	3702.AT4G34150.1	72.8	7
123190	3702.AT2G15620.1	870	433
136039	3702.AT4G38680.1	12.4	1
125417	3702.AT2G36835.1	73.7	5
140599	3702.AT5G49940.1	13.7	1
140712	3702.AT5G50920.1	803	579
137270	3702.AT5G11520.1	20.9	6
116419	3702.AT1G11430.1	655	83
121698	3702.AT1G74260.1	53.7	34
137286	3702.AT5G11680.1	180	15
122493	3702.AT2G02050.1	114	10
126264	3702.AT2G44650.1	1202	79
116821	3702.AT1G15120.2	15.9	2
133743	3702.AT4G17560.1	143	20
120461	3702.AT1G62480.1	15.8	2
125697	3702.AT2G39470.1	259	36
133443	3702.AT4G15000.1	18.0	1
127884	3702.AT3G12800.1	43.2	11
120856	3702.AT1G66200.3	305	36
119329	3702.AT1G49975.1	96.4	9
129198	3702.AT3G24503.1	188	75
117136	3702.AT1G18210.1	115	25
135635	3702.AT4G34870.1	1641	207
137650	3702.AT5G15610.1	9.81	3
138249	3702.AT5G21430.1	90.7	16
121913	3702.AT1G76450.1	370	69
126658	3702.AT3G01280.1	224	46
132967	3702.AT4G10800.1	2.46	2
125492	3702.AT2G37500.1	65.4	17
118256	3702.AT1G29880.1	206	93
137206	3702.AT5G10920.1	163	48
135562	3702.AT4G34200.1	445	142
116711	3702.AT1G14150.1	34.8	7
142302	3702.AT5G65730.1	47.8	10
118892	3702.AT1G42960.1	42.9	4
130592	3702.AT3G49680.1	417	87
134826	3702.AT4G27520.1	587	144
115726	3702.AT1G05010.1	234	41
141807	3702.AT5G61130.1	125	6
136249	3702.AT5G01530.1	374	82
142523	3702.ATCG00180.1	11.2	5
116008	3702.AT1G07660.1	525	280
137597	3702.AT5G15090.1	660	123
117787	3702.AT1G24450.1	29.5	21
142573	3702.ATCG00840.1	68.7	14
123337	3702.AT2G17265.1	62.1	9
122111	3702.AT1G78320.1	4.26	1
115869	3702.AT1G06290.1	4.52	2
135505	3702.AT4G33670.1	83.9	9
127782	3702.AT3G11830.1	73.8	36
139021	3702.AT5G35170.1	162	79
138717	3702.AT5G26570.1	80.1	57
124744	3702.AT2G30695.1	64.7	13
126713	3702.AT3G01660.1	14.0	2
138100	3702.AT5G19770.1	592	284
139176	3702.AT5G36880.2	48.9	25
128499	3702.AT3G18190.1	67.0	20
136991	3702.AT5G08530.1	465	111
139580	3702.AT5G40770.1	31.0	5
123626	3702.AT2G20060.1	5.07	1
125349	3702.AT2G36230.1	50.7	9
128312	3702.AT3G16470.1	72.0	25
139660	3702.AT5G41520.1	82.6	9
141490	3702.AT5G58090.1	8.41	3
134303	3702.AT4G22670.1	185	31
128812	3702.AT3G21055.1	557	58
134165	3702.AT4G21470.1	4.87	1
121604	3702.AT1G73390.1	89.2	158
136182	3702.AT4G40020.1	2.11	1
134533	3702.AT4G24800.1	23.0	10
132890	3702.AT4G10110.1	10.2	2
115578	3702.AT1G03600.1	2587	295
131036	3702.AT3G53750.1	8.88	4
126882	3702.AT3G03250.1	202	94
135068	3702.AT4G29680.1	43.2	11
135033	3702.AT4G29350.1	1839	116
124622	3702.AT2G29530.3	137	12
137654	3702.AT5G15650.1	212	63
127292	3702.AT3G06850.1	0.376	1
142584	3702.ATCG01060.1	13259	848
126933	3702.AT3G03710.1	60.4	36
117669	3702.AT1G23310.1	3652	1028
138155	3702.AT5G20280.1	9.53	3
121336	3702.AT1G70730.3	160	90
136375	3702.AT5G02740.1	8.31	1
129316	3702.AT3G25660.1	46.9	15
131913	3702.AT3G62120.1	30.6	11
119196	3702.AT1G48630.1	61.1	9
135506	3702.AT4G33680.1	1045	304
126773	3702.AT3G02230.1	69.6	19
131127	3702.AT3G54660.1	310	107
117379	3702.AT1G20630.1	39.3	10
141075	3702.AT5G54270.1	157	21
126380	3702.AT2G45790.1	152	30
127064	3702.AT3G04880.1	2.02	1
115536	3702.AT1G03160.1	15.3	10
125723	3702.AT2G39730.1	36164	9071
122621	3702.AT2G03440.1	283	38
126757	3702.AT3G02080.1	944	59
127043	3702.AT3G04720.1	144	10
128671	3702.AT3G19710.1	9.21	2
119217	3702.AT1G48850.1	92.1	15
142346	3702.AT5G66120.2	103	29
127829	3702.AT3G12260.1	625	100
129557	3702.AT3G27740.1	99.4	25
120951	3702.AT1G67090.1	7256	1071
126185	3702.AT2G43930.1	6.6	2
121803	3702.AT1G75330.1	150	35
139985	3702.AT5G44340.1	231	42
132023	3702.AT3G63170.1	38.3	8
115819	3702.AT1G05850.1	4.64	1
118874	3702.AT1G41830.1	5.19	2
118771	3702.AT1G35420.2	46.4	7
137563	3702.AT5G14740.1	2171	570
121733	3702.AT1G74600.1	2.87	10
128688	3702.AT3G19895.1	0.321	1
128705	3702.AT3G20050.1	99.9	44
121247	3702.AT1G69830.1	97.7	72
139830	3702.AT5G42970.1	46.5	10
128318	3702.AT3G16530.1	9.71	2
141142	3702.AT5G54900.1	145	20
138716	3702.AT5G26360.1	154	56
116164	3702.AT1G09130.3	331	113
119346	3702.AT1G50180.1	17.6	45
130055	3702.AT3G44620.2	25.7	4
120828	3702.AT1G65930.1	2102	622
133739	3702.AT4G17520.1	73.8	11
125162	3702.AT2G34460.1	47.7	10
117292	3702.AT1G19740.1	28.0	2
128773	3702.AT3G20670.1	469	14
125727	3702.AT2G39770.1	11.3	4
132165	3702.AT4G00860.1	15.3	1
137005	3702.AT5G08650.1	17.4	5
133659	3702.AT4G16760.1	3.17	1
139817	3702.AT5G42890.1	140	8
119052	3702.AT1G47260.1	194	37
136174	3702.AT4G39960.1	88.7	23
118799	3702.AT1G35680.1	329	58
127850	3702.AT3G12490.2	415	52
142536	3702.ATCG00430.1	33.1	4
117023	3702.AT1G17100.1	577	79
123887	3702.AT2G22450.1	2.28	1
123696	3702.AT2G20630.2	2.75	1
131903	3702.AT3G62030.2	9636	2193
137308	3702.AT5G11900.1	12.5	1
131763	3702.AT3G60830.1	8.28	2
138399	3702.AT5G23310.1	118	20
129143	3702.AT3G23990.1	107	45
131380	3702.AT3G57050.1	3.64	1
140478	3702.AT5G48790.1	31.2	6
126980	3702.AT3G04120.1	208	34
133806	3702.AT4G18100.1	51.4	4
135659	3702.AT4G35090.1	2058	513
117480	3702.AT1G21600.1	2.34	1
124692	3702.AT2G30200.1	41.4	16
120642	3702.AT1G64190.1	3.37	1
131305	3702.AT3G56310.1	24.6	7
117250	3702.AT1G19340.1	0.816	1
120001	3702.AT1G56330.1	10.4	1
132350	3702.AT4G02450.1	1799	142
127058	3702.AT3G04840.1	46.1	5
132366	3702.AT4G02580.1	318	44
132602	3702.AT4G05160.1	4.12	1
126787	3702.AT3G02360.1	69.5	21
116621	3702.AT1G13270.1	95.4	14
132837	3702.AT4G09620.1	4.8	1
118519	3702.AT1G32440.1	12.4	5
132927	3702.AT4G10450.1	111	11
131097	3702.AT3G54360.1	31.7	14
137285	3702.AT5G11670.1	307	106
134531	3702.AT4G24780.1	10.8	2
128940	3702.AT3G22200.2	94.0	24
139691	3702.AT5G41790.1	5.05	5
117275	3702.AT1G19570.1	1072	181
142530	3702.ATCG00330.1	25.6	1
137127	3702.AT5G10160.1	102	27
125651	3702.AT2G39020.1	13.9	3
132780	3702.AT4G09000.2	875	172
134045	3702.AT4G20260.4	1034	162
139122	3702.AT5G36230.1	6.79	2
130116	3702.AT3G45140.1	1847	1213
116444	3702.AT1G11650.2	202	38
124755	3702.AT2G30790.1	280	15
138414	3702.AT5G23440.1	255	24
130531	3702.AT3G49120.1	177	64
124624	3702.AT2G29550.1	83.5	23
120489	3702.AT1G62780.1	1335	234
134783	3702.AT4G27090.1	1300	106
142570	3702.ATCG00810.1	27.2	3
138819	3702.AT5G27510.1	55.5	19
116933	3702.AT1G16210.1	20.0	1
142496	3702.AT5G67500.2	12.1	4
138530	3702.AT5G24490.1	545	76
133273	3702.AT4G13670.1	50.1	13
139737	3702.AT5G42220.1	5.42	3
130856	3702.AT3G52100.1	0.439	1
122751	3702.AT2G04842.1	19.4	11
137157	3702.AT5G10450.4	536	86
123807	3702.AT2G21660.1	2002	301
126833	3702.AT3G02780.1	32.4	5
140596	3702.AT5G49910.1	776	327
131083	3702.AT3G54210.1	640	70
127026	3702.AT3G04550.1	466	107
127792	3702.AT3G11930.3	133	22
116530	3702.AT1G12410.1	345	72
118618	3702.AT1G33600.1	18.5	9
131288	3702.AT3G56130.1	13.6	1
128050	3702.AT3G14100.1	15.7	3
132055	3702.AT3G63490.1	1661	456
139272	3702.AT5G37850.1	68.0	18
141128	3702.AT5G54770.1	1425	386
117427	3702.AT1G21065.1	108	24
127790	3702.AT3G11910.1	17.6	21
127032	3702.AT3G04610.1	38.5	13
141650	3702.AT5G59613.1	170	20
124256	3702.AT2G25970.1	238	38
118617	3702.AT1G33590.1	526	179
123568	3702.AT2G19480.1	30.0	4
142527	3702.ATCG00270.1	279	23
141179	3702.AT5G55230.2	44.3	21
128580	3702.AT3G18890.1	15.3	5
135696	3702.AT4G35450.5	1011	119
116981	3702.AT1G16710.1	5.76	12
140136	3702.AT5G45680.1	518	64
122236	3702.AT1G79550.1	2096	516
125031	3702.AT2G33255.1	30.4	9
126121	3702.AT2G43360.1	27.7	5
138055	3702.AT5G19350.1	15.6	4
139114	3702.AT5G36160.1	32.0	4
116626	3702.AT1G13320.1	15.0	7
119533	3702.AT1G51980.1	305	81
116352	3702.AT1G10760.1	192	154
141662	3702.AT5G59750.2	14.0	4
137144	3702.AT5G10330.1	7.88	4
131656	3702.AT3G59770.3	0.587	1
130288	3702.AT3G46780.1	1568	484
119183	3702.AT1G48520.1	172	61
142392	3702.AT5G66570.1	1267	360
125662	3702.AT2G39140.1	9.11	2
134966	3702.AT4G28730.1	31.3	4
123728	3702.AT2G20890.1	1167	193
135840	3702.AT4G36810.1	19.8	3
126996	3702.AT3G04260.1	12.7	7
123779	3702.AT2G21385.4	171	49
136050	3702.AT4G38800.1	51.8	12
125513	3702.AT2G37690.1	20.2	12
117174	3702.AT1G18590.1	3.48	1
130029	3702.AT3G44310.1	1462	323
118247	3702.AT1G29790.1	39.3	40
142411	3702.AT5G66720.1	41.6	7
142146	3702.AT5G64350.1	87.1	5
115790	3702.AT1G05610.1	1.58	2
119007	3702.AT1G45145.1	314	34
127417	3702.AT3G08030.1	781	144
122337	3702.AT1G80560.1	98.4	20
121141	3702.AT1G68830.1	0.702	1
142398	3702.AT5G66620.1	3.82	1
140571	3702.AT5G49650.1	11.7	4
121721	3702.AT1G74470.1	470	199
115835	3702.AT1G06000.1	132	41
126144	3702.AT2G43550.1	270	10
124548	3702.AT2G28740.1	525	280
121417	3702.AT1G71480.1	16.9	2
127942	3702.AT3G13235.1	230	57
131844	3702.AT3G61540.1	12.7	6
140370	3702.AT5G47840.1	218	48
132406	3702.AT4G02930.1	268	73
141803	3702.AT5G61090.1	2.05	1
123301	3702.AT2G16950.1	8.92	3
140093	3702.AT5G45280.2	4.29	1
137437	3702.AT5G13510.1	1626	190
142305	3702.AT5G65760.1	39.1	13
128788	3702.AT3G20820.1	207	58
141970	3702.AT5G62690.1	333	162
125048	3702.AT2G33410.1	76.0	8
123662	3702.AT2G20420.1	505	133
139102	3702.AT5G35970.1	3.55	3
135007	3702.AT4G29120.1	51.3	18
120598	3702.AT1G63770.5	477	286
132844	3702.AT4G09670.1	163	35
122820	3702.AT2G05830.1	61.1	21
135697	3702.AT4G35460.1	19.4	4
134749	3702.AT4G26760.1	42.7	12
120476	3702.AT1G62640.1	101	20
117864	3702.AT1G25490.1	16.2	8
117923	3702.AT1G26570.1	7.5	4
126094	3702.AT2G43100.1	4.97	1
124861	3702.AT2G31725.1	54.4	5
118493	3702.AT1G32220.1	43.6	9
138674	3702.AT5G25940.1	256	11
128492	3702.AT3G18130.1	16.1	3
127139	3702.AT3G05530.1	81.8	23
115695	3702.AT1G04710.1	15.6	9
141132	3702.AT5G54810.1	89.0	22
135923	3702.AT4G37550.1	14.4	3
131211	3702.AT3G55440.1	3054	671
131194	3702.AT3G55260.1	4.1	1
134698	3702.AT4G26300.1	15.9	12
139676	3702.AT5G41670.1	80.8	20
116062	3702.AT1G08110.4	200	25
130053	3702.AT3G44600.1	6.51	3
135951	3702.AT4G37830.1	63.8	5
129078	3702.AT3G23400.1	2654	424
142511	3702.ATCG00020.1	166	26
115659	3702.AT1G04410.1	2809	528
117000	3702.AT1G16880.1	2638	454
117037	3702.AT1G17220.1	126	52
133167	3702.AT4G12730.1	15.8	3
118407	3702.AT1G31330.1	2650	405
131676	3702.AT3G59970.3	396	160
120970	3702.AT1G67280.1	506	171
142237	3702.AT5G65165.1	19.5	17
126299	3702.AT2G45000.1	7.72	1
128396	3702.AT3G17240.1	24.2	8
133800	3702.AT4G18040.1	15.8	3
126036	3702.AT2G42540.2	1357	154
142301	3702.AT5G65720.1	46.9	13
140855	3702.AT5G52310.1	9.64	4
133435	3702.AT4G14930.1	6.84	1
115516	3702.AT1G03000.1	2.97	8
131771	3702.AT3G60900.1	6.87	2
128230	3702.AT3G15690.2	108	9
127082	3702.AT3G05020.1	59.4	3
126695	3702.AT3G01510.1	44.1	9
139957	3702.AT5G44090.1	7.9	2
130206	3702.AT3G46000.1	63.6	7
141692	3702.AT5G60040.2	8.52	39
123864	3702.AT2G22201.1	5.13	1
131406	3702.AT3G57290.1	155	51
142222	3702.AT5G65020.1	47.3	9
127036	3702.AT3G04650.1	49.3	12
115680	3702.AT1G04600.1	0.65	1
130834	3702.AT3G51890.1	12.8	2
139825	3702.AT5G42950.1	0.577	1
132260	3702.AT4G01690.1	227	82
131876	3702.AT3G61820.1	6.62	1
119173	3702.AT1G48420.1	14.6	4
128087	3702.AT3G14415.2	1887	583
119706	3702.AT1G53580.1	113	24
132370	3702.AT4G02620.1	21.0	2
129093	3702.AT3G23570.1	485	67
140165	3702.AT5G45950.1	18.6	4
120111	3702.AT1G58270.1	4.08	2
124965	3702.AT2G32690.1	33.7	1
130967	3702.AT3G53130.1	5.99	3
140434	3702.AT5G48440.1	5.41	2
131154	3702.AT3G54900.1	784	73
133572	3702.AT4G16060.1	50.0	8
137764	3702.AT5G16660.1	29.9	3
137167	3702.AT5G10540.1	17.9	9
125548	3702.AT2G38040.1	212	119
117418	3702.AT1G20960.1	2.01	3
117400	3702.AT1G20810.1	30.7	3
119293	3702.AT1G49630.1	32.4	56
139064	3702.AT5G35620.1	20.0	4
123878	3702.AT2G22360.1	82.8	26
135269	3702.AT4G31530.2	116	23
123709	3702.AT2G20760.1	82.1	7
135741	3702.AT4G35830.1	203	83
119215	3702.AT1G48830.1	96.2	6
125460	3702.AT2G37190.1	21.0	2
135616	3702.AT4G34670.1	66.6	8
131323	3702.AT3G56490.1	465	48
127914	3702.AT3G13060.2	2.97	1
120848	3702.AT1G66130.1	5.47	1
120680	3702.AT1G64550.1	11.1	4
135550	3702.AT4G34100.1	3.95	12
134890	3702.AT4G28080.1	18.7	18
120028	3702.AT1G56580.1	123	10
128006	3702.AT3G13750.1	11.2	5
138975	3702.AT5G32470.1	0.523	1
127496	3702.AT3G09200.1	220	23
116700	3702.AT1G14030.1	52.0	15
138366	3702.AT5G23010.1	33.2	8
142445	3702.AT5G67030.1	17.5	9
141404	3702.AT5G57330.1	9.67	2
116153	3702.AT1G09010.1	5.48	4
122836	3702.AT2G06050.1	4.77	2
131538	3702.AT3G58600.1	5.18	2
137397	3702.AT5G13120.1	688	107
139721	3702.AT5G42070.1	316	34
126429	3702.AT2G46290.1	1.44	1
135176	3702.AT4G30690.1	6.19	1
119986	3702.AT1G56190.1	1021	338
120588	3702.AT1G63660.1	73.7	26
127120	3702.AT3G05350.1	95.6	53
115402	3702.AT1G01940.1	6.73	1
120477	3702.AT1G62660.1	12.7	4
136350	3702.AT5G02500.1	668	253
125181	3702.AT2G34640.1	2.82	1
125279	3702.AT2G35605.1	26.9	1
139750	3702.AT5G42310.1	3.43	1
142545	3702.ATCG00540.1	482	131
122341	3702.AT1G80600.1	338	80
115906	3702.AT1G06680.1	3895	662
124326	3702.AT2G26670.1	62.7	12
135709	3702.AT4G35570.1	90.8	4
125953	3702.AT2G41740.1	4.34	4
115527	3702.AT1G03090.2	17.5	6
136313	3702.AT5G02120.1	46.6	4
120516	3702.AT1G63000.1	95.2	14
125163	3702.AT2G34470.2	41.2	10
123646	3702.AT2G20270.2	76.0	15
133312	3702.AT4G14030.1	106	37
141184	3702.AT5G55280.1	35.4	7
132274	3702.AT4G01810.1	5.13	3
127666	3702.AT3G10780.1	33.4	11
121843	3702.AT1G75750.1	83.2	7
131834	3702.AT3G61440.1	664	187
137055	3702.AT5G09510.1	9.22	1
124901	3702.AT2G32060.1	472	44
142592	3702.ATCG01230.1	68.2	12
128127	3702.AT3G14790.1	3.94	1
120584	3702.AT1G63610.2	83.2	24
133337	3702.AT4G14210.1	19.0	8
125637	3702.AT2G38870.1	88.6	3
126428	3702.AT2G46280.1	326	61
128140	3702.AT3G14930.1	516	145
128083	3702.AT3G14390.1	86.4	37
116200	3702.AT1G09430.1	23.2	8
131003	3702.AT3G53430.1	210	20
123917	3702.AT2G22780.1	487	94
117157	3702.AT1G18440.1	15.2	2
120265	3702.AT1G60710.1	37.8	8
128741	3702.AT3G20390.1	1209	223
120676	3702.AT1G64510.1	782	92
116453	3702.AT1G11720.2	6.52	4
130756	3702.AT3G51160.1	27.1	7
128412	3702.AT3G17390.1	441	135
137753	3702.AT5G16560.1	1.7	1
137306	3702.AT5G11880.1	127	56
122266	3702.AT1G79850.1	413	52
136441	3702.AT5G03370.1	86.6	6
137295	3702.AT5G11770.1	6.7	1
128527	3702.AT3G18420.1	73.5	16
120861	3702.AT1G66240.1	295	25
137276	3702.AT5G11580.1	3.94	1
124063	3702.AT2G24200.1	297	118
140380	3702.AT5G47930.1	642	24
128642	3702.AT3G19480.1	33.0	14
122191	3702.AT1G79060.1	2.4	1
125844	3702.AT2G40765.1	20.0	1
135188	3702.AT4G30810.1	7.72	1
123175	3702.AT2G15430.1	41.1	6
134333	3702.AT4G22930.1	93.2	26
138491	3702.AT5G24165.1	142	6
121587	3702.AT1G73230.1	141	8
128031	3702.AT3G13930.1	145	56
141616	3702.AT5G59290.2	83.2	20
130766	3702.AT3G51260.1	156	20
130862	3702.AT3G52140.4	10.2	9
140939	3702.AT5G53070.1	17.0	1
130459	3702.AT3G48420.1	1955	468
127683	3702.AT3G10920.1	206	31
115604	3702.AT1G03870.1	35.1	3
136594	3702.AT5G04800.1	43.4	1
135379	3702.AT4G32520.1	77.1	32
133101	3702.AT4G12060.1	462	91
137822	3702.AT5G17220.1	29.1	4
115470	3702.AT1G02560.1	851	171
130353	3702.AT3G47470.1	1743	272
141912	3702.AT5G62140.1	60.4	10
141316	3702.AT5G56500.1	18.2	10
125333	3702.AT2G36060.2	50.3	8
137996	3702.AT5G18820.1	4.71	2
142092	3702.AT5G63860.1	19.5	8
137923	3702.AT5G18170.1	7.34	1
122253	3702.AT1G79720.1	2.19	1
135168	3702.AT4G30620.1	20.0	3
126864	3702.AT3G03070.1	330	9
116456	3702.AT1G11750.2	179	39
124668	3702.AT2G29960.1	17.8	4
126348	3702.AT2G45470.1	168	30
136754	3702.AT5G06290.1	949	192
139536	3702.AT5G40370.2	1544	123
131762	3702.AT3G60820.1	143	22
121346	3702.AT1G70820.1	69.1	27
119757	3702.AT1G54010.1	38.0	12
119419	3702.AT1G50940.1	17.6	4
137548	3702.AT5G14590.1	68.8	26
136941	3702.AT5G08100.1	3.04	1
137735	3702.AT5G16400.1	367	46
116038	3702.AT1G07910.1	1.82	1
123418	3702.AT2G18020.1	397	39
118859	3702.AT1G37130.1	45.7	29
117756	3702.AT1G24170.1	0.954	2
124199	3702.AT2G25450.1	233	56
134963	3702.AT4G28706.4	8.97	2
131724	3702.AT3G60440.1	19.4	3
126615	3702.AT2G48060.1	1.24	7
136176	3702.AT4G39980.1	10.9	4
119498	3702.AT1G51680.1	6.28	1
129578	3702.AT3G27925.1	471	93
117572	3702.AT1G22430.1	55.5	11
116149	3702.AT1G08980.1	22.8	7
117883	3702.AT1G26160.1	16.6	2
123774	3702.AT2G21330.1	5819	956
117793	3702.AT1G24510.1	65.0	27
129296	3702.AT3G25520.1	12.4	2
127053	3702.AT3G04790.1	3179	618
136962	3702.AT5G08300.1	90.2	12
135405	3702.AT4G32760.2	5.02	1
137235	3702.AT5G11200.2	364	266
120677	3702.AT1G64520.1	103	19
126638	3702.AT3G01090.2	3.5	1
126562	3702.AT2G47510.1	11.9	4
138184	3702.AT5G20570.2	18.4	2
119437	3702.AT1G51100.1	152	18
134435	3702.AT4G23890.1	358	69
139393	3702.AT5G38980.1	172	3
138220	3702.AT5G20950.1	52.6	17
126206	3702.AT2G44120.2	50.9	8
122865	3702.AT2G07050.1	8.65	5
141488	3702.AT5G58070.1	75.4	6
126925	3702.AT3G03630.1	11.0	3
121943	3702.AT1G76730.1	52.5	12
125389	3702.AT2G36580.1	18.8	4
130263	3702.AT3G46560.1	167	14
131320	3702.AT3G56460.1	12.2	2
140911	3702.AT5G52840.1	366	46
123645	3702.AT2G20260.1	462	28
140218	3702.AT5G46430.1	12.8	1
136104	3702.AT4G39330.1	373	84
117778	3702.AT1G24360.1	177	29
130965	3702.AT3G53110.1	32.4	12
122270	3702.AT1G79890.1	2.6	1
130657	3702.AT3G50270.1	4.37	1
132885	3702.AT4G10060.1	13.9	10
141811	3702.AT5G61170.1	768	43
120018	3702.AT1G56500.1	66.9	30
133026	3702.AT4G11380.2	7.34	5
128267	3702.AT3G16050.1	84.4	28
132360	3702.AT4G02530.1	1592	332
142518	3702.ATCG00130.1	3029	286
137510	3702.AT5G14220.1	3.93	2
122047	3702.AT1G77710.1	137	5
122741	3702.AT2G04700.1	723	67
129441	3702.AT3G26740.1	1389	60
136047	3702.AT4G38780.1	2.81	30
122821	3702.AT2G05840.1	4.85	1
137514	3702.AT5G14260.1	285	82
131433	3702.AT3G57560.1	183	31
129608	3702.AT3G28220.1	21.0	5
141231	3702.AT5G55730.1	32.6	9
139983	3702.AT5G44320.1	1.86	1
122113	3702.AT1G78360.1	25.7	4
118941	3702.AT1G43800.1	75.2	47
128889	3702.AT3G21750.1	14.9	3
135676	3702.AT4G35250.1	189	77
136522	3702.AT5G04060.1	3.08	5
128331	3702.AT3G16640.1	1612	236
137859	3702.AT5G17560.1	273	28
128277	3702.AT3G16140.1	112	4
120113	3702.AT1G58290.1	131	46
127502	3702.AT3G09260.1	78.0	14
117489	3702.AT1G21680.1	40.2	25
124828	3702.AT2G31390.1	28.1	4
125509	3702.AT2G37660.1	1600	277
140805	3702.AT5G51820.1	319	160
128313	3702.AT3G16480.1	10.2	2
124762	3702.AT2G30870.1	1348	244
128045	3702.AT3G14067.1	115	40
137874	3702.AT5G17710.2	970	236
127334	3702.AT3G07250.1	0.321	2
133716	3702.AT4G17300.1	21.5	5
134473	3702.AT4G24220.1	19.0	6
117339	3702.AT1G20225.1	137	16
132763	3702.AT4G08870.1	736	126
117574	3702.AT1G22450.1	187	23
135254	3702.AT4G31390.1	3.12	2
138320	3702.AT5G22580.1	101	10
129736	3702.AT3G29320.1	99.0	58
126004	3702.AT2G42220.1	10.2	2
119465	3702.AT1G51380.1	1.7	2
139115	3702.AT5G36170.1	24.9	7
116845	3702.AT1G15340.1	221	37
117374	3702.AT1G20580.1	34.4	3
123768	3702.AT2G21260.1	8.02	1
120755	3702.AT1G65260.1	725	142
138655	3702.AT5G25757.1	5.92	6
117991	3702.AT1G27130.1	35.7	4
124726	3702.AT2G30520.1	6.18	4
140985	3702.AT5G53490.3	981	197
117124	3702.AT1G18070.3	154	55
127520	3702.AT3G09440.1	366	189
126160	3702.AT2G43710.1	328	129
121709	3702.AT1G74370.1	12.0	1
120016	3702.AT1G56450.1	354	57
115889	3702.AT1G06510.1	4.15	1
121419	3702.AT1G71500.1	535	117
120426	3702.AT1G62180.1	92.5	21
116012	3702.AT1G07700.3	63.9	10
120758	3702.AT1G65290.1	240	14
132626	3702.AT4G05420.1	2.82	2
140981	3702.AT5G53460.1	24.1	35
127310	3702.AT3G07010.1	4.26	1
132192	3702.AT4G01050.1	511	136
124367	3702.AT2G27040.1	5.77	3
136389	3702.AT5G02870.1	6.3	1
138547	3702.AT5G24650.1	95.6	14
121014	3702.AT1G67700.2	224	25
121526	3702.AT1G72640.1	6.12	1
127063	3702.AT3G04870.1	65.7	29
137840	3702.AT5G17380.1	21.7	8
131255	3702.AT3G55800.1	4405	1197
131438	3702.AT3G57610.1	1339	390
118450	3702.AT1G31800.1	17.8	7
136433	3702.AT5G03300.1	260	48
124432	3702.AT2G27630.1	12.1	37
134818	3702.AT4G27440.1	1020	219
125728	3702.AT2G39780.1	2.46	1
136529	3702.AT5G04140.2	2388	2662
121114	3702.AT1G68590.1	218	12
118271	3702.AT1G29990.1	75.2	6
139482	3702.AT5G39830.1	25.9	6
126805	3702.AT3G02520.1	107	19
139000	3702.AT5G34850.1	102	41
119951	3702.AT1G55890.1	7.48	2
131058	3702.AT3G53970.1	16.9	2
138835	3702.AT5G27670.1	108	4
117884	3702.AT1G26170.1	0.709	1
123262	3702.AT2G16570.1	0.179	1
137748	3702.AT5G16510.1	3.62	1
139454	3702.AT5G39570.1	201	55
124246	3702.AT2G25870.1	7.25	2
132133	3702.AT4G00570.1	124	46
121043	3702.AT1G67930.1	3.32	1
140974	3702.AT5G53400.1	31.1	5
136807	3702.AT5G06810.1	1.05	1
117360	3702.AT1G20450.1	19.8	9
131943	3702.AT3G62410.1	5563	272
128334	3702.AT3G16670.1	67.9	1
124244	3702.AT2G25840.2	11.4	4
137638	3702.AT5G15490.1	6.01	2
140438	3702.AT5G48480.1	160	19
139759	3702.AT5G42390.1	34.0	31
124761	3702.AT2G30860.1	2351	449
140704	3702.AT5G50850.1	511	109
119697	3702.AT1G53520.1	6.06	1
126793	3702.AT3G02420.1	0.116	1
135649	3702.AT4G35000.1	46.4	9
131369	3702.AT3G56940.1	568	167
140506	3702.AT5G49030.3	39.4	30
124642	3702.AT2G29700.1	58.4	5
116479	3702.AT1G11930.1	8.51	1
115982	3702.AT1G07440.1	82.5	13
128305	3702.AT3G16410.1	5.47	2
137774	3702.AT5G16760.1	2.17	1
134162	3702.AT4G21445.1	83.4	7
117111	3702.AT1G17940.1	89.7	158
121881	3702.AT1G76140.1	11.3	7
139798	3702.AT5G42740.1	41.5	20
135047	3702.AT4G29490.1	1.59	1
139472	3702.AT5G39730.1	91.4	12
116923	3702.AT1G16080.1	1037	276
136730	3702.AT5G06060.1	85.6	19
121559	3702.AT1G72970.1	2.37	1
119987	3702.AT1G56200.1	44.4	6
142587	3702.ATCG01090.1	66.5	9
134097	3702.AT4G20840.1	1.17	1
128460	3702.AT3G17810.1	44.5	8
138132	3702.AT5G20060.1	109	12
121623	3702.AT1G73600.2	84.0	21
119351	3702.AT1G50250.1	9.43	4
124465	3702.AT2G28000.1	4810	1799
136606	3702.AT5G04900.1	7.03	1
135441	3702.AT4G33090.1	37.2	29
135201	3702.AT4G30920.1	45.8	13
123802	3702.AT2G21620.2	117	18
134192	3702.AT4G21710.1	20.6	19
137159	3702.AT5G10470.2	50.6	38
140180	3702.AT5G46070.1	4.22	1
138379	3702.AT5G23120.1	1071	384
120289	3702.AT1G60950.1	9234	238
128317	3702.AT3G16520.3	9.71	3
121321	3702.AT1G70580.1	165	45
139334	3702.AT5G38410.3	3.33	4
135611	3702.AT4G34620.1	2838	169
135781	3702.AT4G36195.1	2.84	1
125931	3702.AT2G41510.1	1.5	3
127832	3702.AT3G12290.1	390	84
119165	3702.AT1G48350.1	558	77
126291	3702.AT2G44920.2	611	90
135523	3702.AT4G33865.1	216	24
120240	3702.AT1G60420.1	17.3	6
133352	3702.AT4G14301.1	3.34	1
132438	3702.AT4G03205.2	58.7	19
139746	3702.AT5G42270.1	41.1	17
136121	3702.AT4G39520.1	11.2	3
125572	3702.AT2G38270.1	493	114
125995	3702.AT2G42130.4	187	43
117179	3702.AT1G18640.2	3.19	1
130272	3702.AT3G46630.1	26.8	5
121012	3702.AT1G67680.1	12.0	5
142324	3702.AT5G65940.1	5.22	1
131167	3702.AT3G55010.1	63.3	11
137882	3702.AT5G17790.1	3.83	1
137396	3702.AT5G13110.1	2.54	1
116894	3702.AT1G15820.1	668	121
122322	3702.AT1G80410.2	15.3	9
130284	3702.AT3G46740.1	13.9	6
119072	3702.AT1G47420.1	305	49
117745	3702.AT1G24100.1	3.54	1
116948	3702.AT1G16350.1	39.7	8
137232	3702.AT5G11170.1	463	270
119306	3702.AT1G49760.1	170	73
135057	3702.AT4G29590.1	175	31
127143	3702.AT3G05560.1	190	14
137333	3702.AT5G12140.1	464	36
126807	3702.AT3G02540.1	107	27
131492	3702.AT3G58140.1	65.0	26
117107	3702.AT1G17890.1	4.89	1
141876	3702.AT5G61780.1	78.9	42
133822	3702.AT4G18240.1	2.76	2
137471	3702.AT5G13850.1	87.2	12
139347	3702.AT5G38530.1	3.75	1
140650	3702.AT5G50370.1	26.5	2
132858	3702.AT4G09800.1	646	129
126758	3702.AT3G02090.2	795	239
140776	3702.AT5G51550.1	20.4	2
130516	3702.AT3G48990.1	337	91
138266	3702.AT5G22060.1	10.6	2
140373	3702.AT5G47870.1	17.4	4
115892	3702.AT1G06530.1	21.6	3
126323	3702.AT2G45240.1	24.4	7
136644	3702.AT5G05270.1	6.37	1
119822	3702.AT1G54630.1	22.4	1
124625	3702.AT2G29560.1	14.6	28
128192	3702.AT3G15360.1	2300	379
138648	3702.AT5G25610.1	7.82	4
137289	3702.AT5G11710.1	9.42	2
121668	3702.AT1G73990.1	2.36	1
130879	3702.AT3G52300.1	1437	190
139160	3702.AT5G36700.1	2749	1342
139559	3702.AT5G40580.1	5.61	1
118586	3702.AT1G33140.1	2753	604
131523	3702.AT3G58450.1	6.07	3
137856	3702.AT5G17530.3	31.6	6
141514	3702.AT5G58330.1	887	323
142548	3702.ATCG00570.1	102	3
126339	3702.AT2G45406.1	3.82	1
137063	3702.AT5G09590.1	119	63
129492	3702.AT3G27160.1	77.3	5
134972	3702.AT4G28780.1	23.5	4
125342	3702.AT2G36160.1	98.5	11
115894	3702.AT1G06550.1	4.09	1
126681	3702.AT3G01390.1	3379	125
140487	3702.AT5G48880.2	54.7	19
126199	3702.AT2G44060.1	212	60
131232	3702.AT3G55610.1	30.1	10
135179	3702.AT4G30720.1	22.4	8
119972	3702.AT1G56070.1	1881	959
141370	3702.AT5G57020.1	15.4	3
119100	3702.AT1G47710.1	11.3	3
137069	3702.AT5G09650.1	1898	391
125755	3702.AT2G39990.1	423	90
128240	3702.AT3G15790.1	16.3	2
117607	3702.AT1G22780.1	646	129
141159	3702.AT5G55070.1	3.28	1
142113	3702.AT5G64050.1	34.5	13
140446	3702.AT5G48540.1	16.3	4
126817	3702.AT3G02630.1	8.62	2
135959	3702.AT4G37910.1	140	68
136023	3702.AT4G38510.5	31.4	12
130408	3702.AT3G48000.1	336	114
129404	3702.AT3G26420.1	291	28
121478	3702.AT1G72160.1	8.99	2
129096	3702.AT3G23600.1	549	69
137169	3702.AT5G10560.1	11.7	8
137431	3702.AT5G13450.1	1092	211
128072	3702.AT3G14290.1	5.82	1
141848	3702.AT5G61510.1	48.0	16
142390	3702.AT5G66550.1	13.8	1
132623	3702.AT4G05390.1	6.58	1
123414	3702.AT2G17980.1	11.8	3
132143	3702.AT4G00660.1	3.35	1
118765	3702.AT1G35340.1	6.31	1
136874	3702.AT5G07470.1	14.7	3
121936	3702.AT1G76680.2	10.5	3
127622	3702.AT3G10405.1	26.7	3
128769	3702.AT3G20630.1	7.52	4
137800	3702.AT5G17020.1	36.3	35
126165	3702.AT2G43750.1	1299	430
134096	3702.AT4G20830.1	19.9	11
132419	3702.AT4G03080.1	4.75	4
118142	3702.AT1G28510.1	47.9	4
139086	3702.AT5G35790.1	40.5	13
133541	3702.AT4G15802.1	1061	90
122829	3702.AT2G05990.1	571	145
125958	3702.AT2G41790.1	21.0	13
118834	3702.AT1G36390.1	221	26
134968	3702.AT4G28750.1	1069	71
119358	3702.AT1G50320.1	492	78
125310	3702.AT2G35830.2	185	20
139546	3702.AT5G40450.1	3.18	8
129525	3702.AT3G27430.2	49.1	9
116320	3702.AT1G10522.1	14.0	1
142046	3702.AT5G63400.1	594	93
125568	3702.AT2G38230.1	559	84
140876	3702.AT5G52520.1	79.0	34
126034	3702.AT2G42520.1	33.8	13
118411	3702.AT1G31360.1	1.04	1
132369	3702.AT4G02610.1	14.5	2
127511	3702.AT3G09350.1	10.5	2
119333	3702.AT1G50010.1	104	70
137776	3702.AT5G16780.1	1.73	1
135067	3702.AT4G29670.2	296	58
117889	3702.AT1G26220.1	23.9	3
128648	3702.AT3G19520.1	5.26	1
133050	3702.AT4G11600.1	580	47
139789	3702.AT5G42650.1	1154	454
139722	3702.AT5G42080.1	59.3	28
131299	3702.AT3G56240.1	346	30
142334	3702.AT5G66030.1	13.5	10
130105	3702.AT3G45030.1	676	116
115951	3702.AT1G07140.1	538	53
138742	3702.AT5G26742.2	664	429
133776	3702.AT4G17830.2	9.69	3
141683	3702.AT5G59950.5	9.16	2
129614	3702.AT3G28270.1	45.4	9
116040	3702.AT1G07930.1	4638	4496
117276	3702.AT1G19580.1	5.7	1
137690	3702.AT5G15970.1	2284	116
127880	3702.AT3G12760.1	7.0	1
116907	3702.AT1G15930.1	1270	144
123992	3702.AT2G23390.1	2.56	1
129862	3702.AT3G32930.1	6.73	1
124072	3702.AT2G24270.4	984	336
117494	3702.AT1G21720.1	74.4	8
135551	3702.AT4G34110.1	94.9	32
135231	3702.AT4G31180.1	20.6	10
122199	3702.AT1G79150.1	1.89	4
128774	3702.AT3G20680.1	11.2	2
118746	3702.AT1G35160.2	690	120
120830	3702.AT1G65960.2	387	124
134563	3702.AT4G25080.1	415	118
140213	3702.AT5G46390.2	27.5	7
136500	3702.AT5G03880.1	73.7	19
138178	3702.AT5G20500.1	104	8
130619	3702.AT3G49910.1	85.0	7
127057	3702.AT3G04830.1	12.5	2
129111	3702.AT3G23700.1	314	78
137148	3702.AT5G10360.1	23.9	2
128169	3702.AT3G15190.1	230	40
138134	3702.AT5G20080.1	38.9	11
141200	3702.AT5G55450.1	14.8	1
129364	3702.AT3G26060.2	3122	467
133120	3702.AT4G12290.1	3.58	2
138020	3702.AT5G19050.1	22.6	5
126828	3702.AT3G02730.1	2065	245
119393	3702.AT1G50670.1	15.0	2
121760	3702.AT1G74880.1	241	25
123350	3702.AT2G17390.1	184	31
116330	3702.AT1G10590.3	8.93	1
130568	3702.AT3G49470.1	164	36
134489	3702.AT4G24350.1	12.8	2
121798	3702.AT1G75270.1	191	33
122960	3702.AT2G09990.1	191	21
132970	3702.AT4G10840.1	2.53	1
115744	3702.AT1G05180.1	3.6	1
126605	3702.AT2G47940.1	162	43
135991	3702.AT4G38220.2	114	37
142590	3702.ATCG01120.1	635	26
131499	3702.AT3G58210.1	0.166	1
134536	3702.AT4G24820.1	52.0	14
133373	3702.AT4G14430.1	16.7	3
125839	3702.AT2G40730.1	2.15	1
120707	3702.AT1G64790.2	0.798	2
140411	3702.AT5G48230.2	8.88	2
122617	3702.AT2G03390.1	15.0	4
115323	3702.AT1G01170.1	58.6	5
116041	3702.AT1G07940.1	4638	4496
123855	3702.AT2G22125.1	0.596	1
127254	3702.AT3G06483.1	11.5	3
116512	3702.AT1G12240.1	56.9	26
142604	3702.ATMG00070.1	85.9	16
142068	3702.AT5G63620.1	8.0	2
116217	3702.AT1G09580.1	24.2	11
124613	3702.AT2G29450.1	1005	168
115660	3702.AT1G04420.1	571	175
129297	3702.AT3G25530.1	656	144
116470	3702.AT1G11870.2	104	32
117106	3702.AT1G17880.1	42.3	3
120452	3702.AT1G62390.1	33.3	14
133509	3702.AT4G15530.5	79.1	33
120590	3702.AT1G63680.1	50.3	20
118637	3702.AT1G33811.1	33.6	8
126675	3702.AT3G01340.1	14.7	4
141507	3702.AT5G58260.1	426	72
127051	3702.AT3G04770.1	121	68
140082	3702.AT5G45170.1	122	38
116239	3702.AT1G09780.1	375	159
136354	3702.AT5G02530.1	26.1	4
115672	3702.AT1G04530.1	47.1	10
140927	3702.AT5G52970.1	537	69
116074	3702.AT1G08200.1	129	49
122631	3702.AT2G03550.1	18.7	6
135084	3702.AT4G29830.1	21.7	6
133438	3702.AT4G14960.2	53.6	18
126821	3702.AT3G02660.1	13.7	4
115339	3702.AT1G01320.1	10.1	12
117987	3702.AT1G27090.1	30.8	10
134526	3702.AT4G24730.1	3.72	1
130036	3702.AT3G44380.1	10.6	2
132537	3702.AT4G04640.1	3909	1088
116360	3702.AT1G10840.1	46.7	9
141092	3702.AT5G54440.1	2.03	2
127616	3702.AT3G10350.2	77.4	24
119296	3702.AT1G49660.1	30.9	3
119878	3702.AT1G55210.1	8.21	1
116102	3702.AT1G08480.1	44.2	2
128306	3702.AT3G16420.1	21.0	3
135451	3702.AT4G33180.1	1.95	2
118929	3702.AT1G43670.1	1379	254
142415	3702.AT5G66760.1	56.5	17
123593	3702.AT2G19730.1	217	17
133691	3702.AT4G17040.1	250	53
135425	3702.AT4G32930.2	53.9	5
134530	3702.AT4G24770.1	1635	203
136735	3702.AT5G06110.1	10.7	9
141656	3702.AT5G59690.1	525	280
141808	3702.AT5G61140.2	0.197	2
130491	3702.AT3G48730.1	306	70
130752	3702.AT3G51120.1	6.41	33
116216	3702.AT1G09575.1	6.8	1
128674	3702.AT3G19760.1	20.7	8
119906	3702.AT1G55480.1	1013	235
121682	3702.AT1G74100.1	4.96	1
121293	3702.AT1G70310.1	191	58
123767	3702.AT2G21250.1	59.4	13
127585	3702.AT3G10060.1	344	61
141793	3702.AT5G60980.2	57.3	14
134561	3702.AT4G25050.2	838	62
121695	3702.AT1G74230.1	12.2	2
118234	3702.AT1G29660.1	294	51
116475	3702.AT1G11910.1	341	117
122264	3702.AT1G79830.4	2.88	1
137200	3702.AT5G10860.1	168	40
131282	3702.AT3G56070.1	89.5	18
139733	3702.AT5G42190.1	17.8	2
134804	3702.AT4G27320.1	13.3	2
134039	3702.AT4G20210.1	0.521	2
134712	3702.AT4G26450.1	3.03	1
137178	3702.AT5G10630.2	2.9	2
137706	3702.AT5G16130.1	115	7
142539	3702.ATCG00480.1	19555	7833
135319	3702.AT4G31990.3	998	355
119602	3702.AT1G52670.1	119	12
126198	3702.AT2G44050.1	381	41
131114	3702.AT3G54530.1	1.21	1
139239	3702.AT5G37510.2	116	51
122114	3702.AT1G78370.1	1019	208
118522	3702.AT1G32470.1	345	40
133602	3702.AT4G16265.1	24.5	2
119348	3702.AT1G50200.1	135	85
132914	3702.AT4G10320.1	15.6	8
126608	3702.AT2G47970.1	3.4	1
125270	3702.AT2G35500.1	20.9	5
124604	3702.AT2G29360.1	58.2	8
118438	3702.AT1G31670.1	0.236	1
133313	3702.AT4G14040.1	100	40
116571	3702.AT1G12800.1	41.4	16
119727	3702.AT1G53750.1	115	34
126831	3702.AT3G02760.1	21.0	12
127577	3702.AT3G09980.1	8.11	1
136051	3702.AT4G38810.2	65.6	5
138231	3702.AT5G21060.2	3.16	2
125656	3702.AT2G39080.1	79.6	20
121110	3702.AT1G68560.1	21.4	18
121981	3702.AT1G77090.1	188	33
139707	3702.AT5G41950.1	1.94	1
137634	3702.AT5G15450.1	138	82
122225	3702.AT1G79440.1	49.6	17
122165	3702.AT1G78860.1	13.8	12
125202	3702.AT2G34840.1	7.37	2
122035	3702.AT1G77610.1	4.28	1
124847	3702.AT2G31570.1	785	44
127777	3702.AT3G11780.2	9.72	1
142267	3702.AT5G65430.3	320	47
142172	3702.AT5G64570.1	22.1	5
132020	3702.AT3G63140.1	3479	992
121672	3702.AT1G74030.1	58.4	38
131060	3702.AT3G53990.1	304	22
137322	3702.AT5G12040.1	74.0	21
142566	3702.ATCG00770.1	523	46
116790	3702.AT1G14810.1	1008	179
132068	3702.AT4G00030.1	16.3	2
134565	3702.AT4G25100.1	238	45
118999	3702.AT1G45000.1	30.8	6
138064	3702.AT5G19440.1	20.7	4
125854	3702.AT2G40840.1	106	90
120205	3702.AT1G59990.1	26.4	6
139415	3702.AT5G39210.1	218	27
125062	3702.AT2G33530.1	12.1	4
138057	3702.AT5G19370.1	92.6	30
137462	3702.AT5G13770.1	2.59	1
117876	3702.AT1G26090.1	4.44	1
131034	3702.AT3G53730.1	525	280
131666	3702.AT3G59870.1	45.2	8
124903	3702.AT2G32080.1	7.76	2
134177	3702.AT4G21580.1	19.4	4
116909	3702.AT1G15950.1	22.7	3
120932	3702.AT1G66900.1	73.9	19
142553	3702.ATCG00640.1	135	4
135485	3702.AT4G33500.1	20.3	11
138337	3702.AT5G22750.1	0.994	5
119511	3702.AT1G51805.1	2.15	1
136997	3702.AT5G08570.1	32.9	10
134957	3702.AT4G28660.2	27.6	3
126746	3702.AT3G01980.3	13.5	3
124354	3702.AT2G26930.1	95.8	17
135885	3702.AT4G37210.1	22.6	5
135137	3702.AT4G30310.2	24.7	9
133986	3702.AT4G19710.2	1.52	1
122189	3702.AT1G79040.1	2515	158
122319	3702.AT1G80380.2	617	227
141951	3702.AT5G62530.1	33.6	14
127438	3702.AT3G08670.1	3.87	1
130825	3702.AT3G51800.2	465	113
142289	3702.AT5G65620.1	193	82
122405	3702.AT2G01250.1	298	31
120002	3702.AT1G56340.1	58.8	18
123528	3702.AT2G19050.1	3.33	1
138077	3702.AT5G19550.1	89.1	20
140821	3702.AT5G51970.1	200	50
125033	3702.AT2G33270.1	6.23	5
136380	3702.AT5G02790.1	746	126
138119	3702.AT5G19940.1	311	52
126197	3702.AT2G44040.1	125	31
126550	3702.AT2G47400.1	12478	382
118917	3702.AT1G43560.1	782	73
137070	3702.AT5G09660.4	5684	1063
124969	3702.AT2G32730.1	11.4	6
124948	3702.AT2G32520.1	277	24
127559	3702.AT3G09840.1	62.2	27
137248	3702.AT5G11330.1	8.31	2
142106	3702.AT5G63980.1	116	32
122033	3702.AT1G77590.1	2.29	1
124919	3702.AT2G32240.1	13.3	16
126640	3702.AT3G01120.1	54.1	28
122804	3702.AT2G05620.1	58.0	3
126458	3702.AT2G46520.1	7.22	7
115533	3702.AT1G03130.1	7.0	1
142213	3702.AT5G64940.1	1.56	1
133507	3702.AT4G15510.1	161	30
118324	3702.AT1G30530.1	5.27	1
117318	3702.AT1G20020.1	4645	926
120109	3702.AT1G58260.1	0.732	2
123517	3702.AT2G18960.1	2.14	1
132961	3702.AT4G10750.1	6.58	2
131671	3702.AT3G59920.1	95.3	25
139473	3702.AT5G39740.1	6.22	1
130217	3702.AT3G46100.1	10.7	3
141463	3702.AT5G57850.1	102	19
139961	3702.AT5G44130.1	192	34
126087	3702.AT2G43030.1	374	86
120060	3702.AT1G57720.1	705	165
117018	3702.AT1G17050.1	85.3	29
125933	3702.AT2G41530.1	101	22
129331	3702.AT3G25770.1	26.1	4
121303	3702.AT1G70410.2	357	64
137608	3702.AT5G15200.1	252	26
117562	3702.AT1G22300.1	525	85
126993	3702.AT3G04230.1	0.685	1
135623	3702.AT4G34740.1	131	42
135357	3702.AT4G32330.1	5.28	1
131479	3702.AT3G58010.1	136	21
140363	3702.AT5G47770.1	13.4	3
126329	3702.AT2G45300.1	28.3	12
119738	3702.AT1G53850.1	106	18
118042	3702.AT1G27595.1	0.068	1
118396	3702.AT1G31230.1	21.4	15
131938	3702.AT3G62360.1	0.837	1
131191	3702.AT3G55250.1	119	29
123770	3702.AT2G21280.1	38.6	10
138944	3702.AT5G28840.1	1037	267
133584	3702.AT4G16144.1	0.136	1
132125	3702.AT4G00490.1	8.65	3
138747	3702.AT5G26780.2	49.0	20
122274	3702.AT1G79920.1	14.6	5
123091	3702.AT2G14260.1	12.9	2
129112	3702.AT3G23710.1	8.33	1
119835	3702.AT1G54780.1	1289	223
130388	3702.AT3G47800.1	359	72
136175	3702.AT4G39970.1	270	65
135103	3702.AT4G30010.1	46.5	2
137263	3702.AT5G11450.1	97.7	17
141203	3702.AT5G55480.1	6.72	4
124293	3702.AT2G26340.2	203	47
128524	3702.AT3G18390.1	0.974	1
122328	3702.AT1G80480.1	287	83
141756	3702.AT5G60640.1	113	41
123665	3702.AT2G20450.1	71.8	5
136475	3702.AT5G03650.1	3.7	2
142541	3702.ATCG00500.1	120	51
131552	3702.AT3G58730.1	125	20
133934	3702.AT4G19170.1	25.0	13
124319	3702.AT2G26590.1	22.1	5
126377	3702.AT2G45750.1	0.748	3
132226	3702.AT4G01370.1	9.79	3
116190	3702.AT1G09340.1	4051	1236
136100	3702.AT4G39280.1	2.93	1
141543	3702.AT5G58590.1	39.0	9
123470	3702.AT2G18510.1	29.4	5
141465	3702.AT5G57870.1	37.0	19
140715	3702.AT5G50950.1	3.67	1
131018	3702.AT3G53580.1	134	39
117757	3702.AT1G24180.1	37.2	10
115581	3702.AT1G03630.1	662	197
126738	3702.AT3G01910.1	169	43
140925	3702.AT5G52960.1	15.1	2
135716	3702.AT4G35630.1	135	35
118371	3702.AT1G30960.1	0.472	1
123827	3702.AT2G21870.1	1370	238
117582	3702.AT1G22530.1	48.2	36
126379	3702.AT2G45770.2	149	35
138824	3702.AT5G27560.1	12.6	3
138043	3702.AT5G19250.1	15.0	2
138523	3702.AT5G24420.1	8.1	2
124486	3702.AT2G28190.1	3356	290
125464	3702.AT2G37220.1	3267	436
127463	3702.AT3G08920.1	8.67	2
131496	3702.AT3G58180.1	6.15	6
120908	3702.AT1G66670.1	191	40
134410	3702.AT4G23650.1	26.6	8
124633	3702.AT2G29630.1	253	111
136960	3702.AT5G08280.1	1393	408
134110	3702.AT4G20980.1	2.65	1
127662	3702.AT3G10740.1	14.6	6
131563	3702.AT3G58840.1	12.5	1
129083	3702.AT3G23450.1	0.932	1
126049	3702.AT2G42680.1	149	15
122109	3702.AT1G78300.1	141	25
119786	3702.AT1G54270.1	66.2	24
119480	3702.AT1G51510.1	119	6
135296	3702.AT4G31790.1	6.89	1
140417	3702.AT5G48300.1	835	315
115336	3702.AT1G01300.1	2.14	1
138736	3702.AT5G26710.1	29.1	10
133418	3702.AT4G14800.2	23.8	4
116242	3702.AT1G09795.1	334	69
139034	3702.AT5G35360.3	979	379
133005	3702.AT4G11175.1	121	9
141416	3702.AT5G57440.1	4.38	1
137520	3702.AT5G14320.1	840	99
125441	3702.AT2G37020.2	5.61	1
121452	3702.AT1G71920.2	7.88	4
124602	3702.AT2G29340.1	17.8	2
127010	3702.AT3G04400.1	113	39
142535	3702.ATCG00420.1	147	22
115970	3702.AT1G07320.1	1543	308
141400	3702.AT5G57290.1	748	48
127768	3702.AT3G11710.1	143	50
138216	3702.AT5G20920.1	186	18
116742	3702.AT1G14410.1	4.3	1
130394	3702.AT3G47840.1	0.873	1
128609	3702.AT3G19170.1	438	379
123506	3702.AT2G18876.1	0.724	1
128487	3702.AT3G18080.1	67.6	14
121426	3702.AT1G71695.1	129	34
134775	3702.AT4G27010.2	0.337	1
117847	3702.AT1G25350.2	1.64	1
116719	3702.AT1G14210.1	4.43	1
140302	3702.AT5G47190.1	678	87
127883	3702.AT3G12780.1	5639	1876
125826	3702.AT2G40600.1	81.4	12
142407	3702.AT5G66680.1	11.3	4
131620	3702.AT3G59400.1	521	49
121517	3702.AT1G72550.1	34.9	11
134515	3702.AT4G24620.1	163	72
129408	3702.AT3G26450.1	454	53
118294	3702.AT1G30230.2	572	94
128088	3702.AT3G14420.1	1380	457
139940	3702.AT5G43940.2	823	216
137158	3702.AT5G10460.1	5.2	1
116303	3702.AT1G10370.1	517	67
118487	3702.AT1G32160.1	2.04	1
139724	3702.AT5G42100.1	41.5	6
117359	3702.AT1G20440.1	188	32
131655	3702.AT3G59760.1	5.55	2
124084	3702.AT2G24390.1	8.78	1
137428	3702.AT5G13420.1	14.5	5
140635	3702.AT5G50250.1	535	64
119182	3702.AT1G48510.1	3.41	9
121770	3702.AT1G74970.1	731	110
129164	3702.AT3G24170.1	185	37
118703	3702.AT1G34430.1	322	80
126582	3702.AT2G47710.1	52.2	7
120451	3702.AT1G62380.1	275	40
133511	3702.AT4G15545.1	144	38
140793	3702.AT5G51720.1	468	48
116584	3702.AT1G12900.1	299	70
128210	3702.AT3G15520.1	134	60
140723	3702.AT5G51040.3	15.7	3
115963	3702.AT1G07250.1	6.07	2
132473	3702.AT4G03520.1	2392	392
132509	3702.AT4G04210.1	11.1	2
134849	3702.AT4G27700.1	287	47
135243	3702.AT4G31310.1	10.3	1
127445	3702.AT3G08740.1	323	68
133837	3702.AT4G18370.1	2.99	1
133587	3702.AT4G16155.1	58.7	16
140983	3702.AT5G53480.1	35.9	21
136086	3702.AT4G39150.1	56.3	8
119732	3702.AT1G53790.2	5.69	5
118636	3702.AT1G33810.1	28.2	2
132422	3702.AT4G03110.1	2.48	1
128039	3702.AT3G14010.1	3.08	1
132286	3702.AT4G01900.1	49.1	8
124532	3702.AT2G28605.1	29.5	4
139831	3702.AT5G42980.1	2747	332
138099	3702.AT5G19760.1	15.9	2
130474	3702.AT3G48560.1	172	58
117145	3702.AT1G18310.1	0.449	1
136699	3702.AT5G05780.1	38.6	8
139324	3702.AT5G38344.1	6.07	1
130923	3702.AT3G52730.1	88.4	3
131711	3702.AT3G60318.1	52.2	2
121875	3702.AT1G76080.1	952	187
137066	3702.AT5G09620.1	4.51	1
136432	3702.AT5G03290.1	146	28
125341	3702.AT2G36145.1	23.5	5
137508	3702.AT5G14200.1	372	87
138124	3702.AT5G19990.1	3.29	1
118479	3702.AT1G32070.2	14.8	1
134763	3702.AT4G26900.1	122	54
123086	3702.AT2G14170.1	1.23	1
123615	3702.AT2G19940.1	163	60
125895	3702.AT2G41220.1	48.7	123
118478	3702.AT1G32060.1	6070	1513
132809	3702.AT4G09320.1	1331	199
131403	3702.AT3G57260.1	405	73
121883	3702.AT1G76160.1	9.95	4
116576	3702.AT1G12840.1	239	61
121776	3702.AT1G75040.1	506	89
126698	3702.AT3G01520.1	189	30
141877	3702.AT5G61790.1	11.7	2
142521	3702.ATCG00160.1	436	60
127465	3702.AT3G08940.2	46.2	9
135961	3702.AT4G37925.1	258	53
123572	3702.AT2G19520.1	46.3	12
130944	3702.AT3G52930.1	1221	405
133888	3702.AT4G18810.2	122	47
133889	3702.AT4G18820.1	0.319	2
141298	3702.AT5G56350.1	3.28	1
135406	3702.AT4G32770.1	16.2	9
125421	3702.AT2G36870.1	17.2	3
141726	3702.AT5G60360.3	250	42
134384	3702.AT4G23420.3	6.05	1
116807	3702.AT1G14980.1	1128	105
119567	3702.AT1G52340.1	3.06	1
122704	3702.AT2G04270.5	2.67	1
116824	3702.AT1G15140.1	1133	167
137485	3702.AT5G13980.1	10.5	8
133297	3702.AT4G13930.1	1440	390
121497	3702.AT1G72340.1	4.14	1
137698	3702.AT5G16050.1	62.5	11
131529	3702.AT3G58510.1	17.4	7
134615	3702.AT4G25550.1	28.8	4
127635	3702.AT3G10520.1	308	39
120866	3702.AT1G66280.1	3.04	4
135834	3702.AT4G36760.1	14.6	5
139341	3702.AT5G38470.1	350	54
126557	3702.AT2G47470.1	710	149
119290	3702.AT1G49600.1	28.0	3
130550	3702.AT3G49305.1	3332	33
141334	3702.AT5G56680.1	77.3	27
125370	3702.AT2G36390.1	17.9	12
132022	3702.AT3G63160.1	490	28
126999	3702.AT3G04290.1	8.28	1
137625	3702.AT5G15350.1	9.95	1
119585	3702.AT1G52510.1	534	129
125204	3702.AT2G34860.1	178	15
131701	3702.AT3G60240.4	5.42	7
128188	3702.AT3G15356.1	20.2	3
142388	3702.AT5G66530.1	918	185
134207	3702.AT4G21860.1	678	88
122025	3702.AT1G77510.1	118	46
134056	3702.AT4G20360.1	7359	2556
128850	3702.AT3G21370.1	3.29	4
132501	3702.AT4G04040.1	19.2	8
117509	3702.AT1G21860.1	2.66	2
133847	3702.AT4G18440.1	241	61
139339	3702.AT5G38450.1	1.39	1
136325	3702.AT5G02240.1	400	47
126041	3702.AT2G42590.3	645	113
132278	3702.AT4G01850.1	58.0	14
134482	3702.AT4G24280.1	844	357
139059	3702.AT5G35590.1	153	27
124436	3702.AT2G27680.1	427	112
141743	3702.AT5G60540.1	304	56
138101	3702.AT5G19780.1	592	284
126613	3702.AT2G48020.1	0.142	1
130972	3702.AT3G53180.1	24.3	10
138224	3702.AT5G20990.1	3.5	2
137667	3702.AT5G15770.1	61.9	6
119759	3702.AT1G54030.1	2.52	1
122777	3702.AT2G05220.1	63.8	1
122023	3702.AT1G77490.1	46.0	8
137427	3702.AT5G13410.1	127	32
120088	3702.AT1G58080.1	228	38
139923	3702.AT5G43780.1	3.59	2
142567	3702.ATCG00780.1	2552	224
118597	3702.AT1G33320.1	5.04	3
135000	3702.AT4G29060.1	1070	609
136135	3702.AT4G39660.1	8.66	2
124430	3702.AT2G27600.1	1.75	1
118182	3702.AT1G29150.1	200	52
129994	3702.AT3G43980.1	216	24
136862	3702.AT5G07350.2	66.2	50
126093	3702.AT2G43090.1	82.3	19
126204	3702.AT2G44100.1	20.5	7
141928	3702.AT5G62290.1	15.8	2
137014	3702.AT5G08740.1	18.7	7
117612	3702.AT1G22840.1	12.7	2
136574	3702.AT5G04590.1	595	142
120219	3702.AT1G60160.1	0.058	1
130239	3702.AT3G46320.1	525	280
134833	3702.AT4G27585.1	5.12	1
115745	3702.AT1G05190.1	2376	345
127809	3702.AT3G12080.1	2.85	1
125627	3702.AT2G38770.1	2.39	2
139805	3702.AT5G42790.1	52.2	7
135552	3702.AT4G34120.1	273	45
128931	3702.AT3G22110.1	31.0	4
123689	3702.AT2G20610.1	111	33
116098	3702.AT1G08450.1	56.4	17
135862	3702.AT4G37000.1	253	67
141971	3702.AT5G62700.1	333	162
127170	3702.AT3G05750.1	0.296	1
124685	3702.AT2G30110.1	44.2	53
124552	3702.AT2G28790.1	147	28
120805	3702.AT1G65700.3	149	15
129276	3702.AT3G25230.2	16.6	3
125232	3702.AT2G35120.1	40.1	5
127971	3702.AT3G13470.1	269	93
137768	3702.AT5G16710.1	1340	275
132025	3702.AT3G63190.1	971	186
128388	3702.AT3G17170.1	14.4	10
125094	3702.AT2G33800.1	2611	424
134146	3702.AT4G21280.2	4756	917
125259	3702.AT2G35370.1	142	17
135823	3702.AT4G36650.1	1.87	5
119928	3702.AT1G55670.1	1110	167
126827	3702.AT3G02720.1	55.2	14
117655	3702.AT1G23190.1	81.9	34
120319	3702.AT1G61150.1	8.35	1
131955	3702.AT3G62530.1	1088	197
142039	3702.AT5G63310.1	848	133
136138	3702.AT4G39680.1	7.35	6
116236	3702.AT1G09750.1	534	107
133290	3702.AT4G13850.1	622	60
120247	3702.AT1G60500.1	2.07	1
120529	3702.AT1G63110.1	11.1	12
141705	3702.AT5G60160.1	39.7	17
117417	3702.AT1G20950.1	94.0	38
127748	3702.AT3G11510.1	206	23
133647	3702.AT4G16660.1	17.3	7
125223	3702.AT2G35040.1	375	127
131718	3702.AT3G60370.1	20.3	3
130425	3702.AT3G48170.1	32.0	8
120616	3702.AT1G63970.1	448	69
122798	3702.AT2G05520.1	1605	70
132359	3702.AT4G02520.1	1009	172
125989	3702.AT2G42070.1	5.53	1
142524	3702.ATCG00190.1	11.3	9
125383	3702.AT2G36530.1	2819	823
127428	3702.AT3G08580.1	227	57
141685	3702.AT5G59970.1	525	280
124550	3702.AT2G28760.1	1.55	1
116187	3702.AT1G09310.1	1169	112
140027	3702.AT5G44650.1	10.9	1
141440	3702.AT5G57655.2	95.7	47
116305	3702.AT1G10385.1	4.04	1
122716	3702.AT2G04400.1	22.2	7
126042	3702.AT2G42600.1	761	507
136961	3702.AT5G08290.1	28.3	2
131994	3702.AT3G62910.1	4.39	1
119045	3702.AT1G47128.1	750	171
126228	3702.AT2G44310.1	41.7	4
129721	3702.AT3G29185.2	94.5	27
130005	3702.AT3G44100.1	187	9
133429	3702.AT4G14880.1	1502	307
138029	3702.AT5G19140.1	149	25
136068	3702.AT4G38970.1	7951	1467
137569	3702.AT5G14800.1	9.64	2
128289	3702.AT3G16250.1	123	8
136553	3702.AT5G04360.1	10.8	5
121500	3702.AT1G72370.1	2264	358
142554	3702.ATCG00650.1	554	17
126073	3702.AT2G42910.1	136	35
135159	3702.AT4G30530.1	100	15
120882	3702.AT1G66430.1	164	39
124579	3702.AT2G29080.1	1.52	1
128074	3702.AT3G14310.1	194	65
116516	3702.AT1G12270.1	24.9	7
134655	3702.AT4G25900.1	39.2	11
133668	3702.AT4G16830.1	5.35	1
126687	3702.AT3G01440.1	205	17
125845	3702.AT2G40770.1	0.84	2
116237	3702.AT1G09760.1	44.9	7
118452	3702.AT1G31812.1	641	26
116697	3702.AT1G14000.1	63.6	24
115568	3702.AT1G03475.1	804	208
119438	3702.AT1G51110.1	133	25
124028	3702.AT2G23820.2	15.7	2
123702	3702.AT2G20690.1	39.6	4
119592	3702.AT1G52570.1	2.94	4
134568	3702.AT4G25130.1	747	107
134102	3702.AT4G20890.1	2.7	1
121210	3702.AT1G69510.1	13.3	1
131051	3702.AT3G53900.2	239	54
126584	3702.AT2G47730.1	2704	413
119575	3702.AT1G52410.2	7.41	3
127204	3702.AT3G06035.1	6.67	1
128262	3702.AT3G16000.1	148	58
121681	3702.AT1G74090.1	4.81	1
124773	3702.AT2G30950.1	291	175
122146	3702.AT1G78680.1	17.1	5
130487	3702.AT3G48690.1	62.0	9
126964	3702.AT3G03960.1	70.0	29
120939	3702.AT1G66970.2	59.0	28
136473	3702.AT5G03630.1	69.4	21
118082	3702.AT1G28010.1	0.302	1
115314	3702.AT1G01090.1	694	175
136813	3702.AT5G06870.1	10.3	4
135242	3702.AT4G31300.2	249	33
121940	3702.AT1G76710.1	2.57	4
136937	3702.AT5G08060.1	81.0	6
119942	3702.AT1G55805.1	89.0	10
134032	3702.AT4G20130.1	3.25	1
141506	3702.AT5G58250.1	1004	184
127238	3702.AT3G06350.1	38.1	21
132551	3702.AT4G04770.1	53.4	20
136265	3702.AT5G01690.1	0.269	1
127593	3702.AT3G10130.1	11.8	3
138753	3702.AT5G26830.1	51.0	34
137088	3702.AT5G09810.1	293	78
124144	3702.AT2G24940.1	410	30
131166	3702.AT3G55005.1	5.79	1
135774	3702.AT4G36130.1	30.5	3
139426	3702.AT5G39320.1	4.05	1
127860	3702.AT3G12580.1	6.97	3
126692	3702.AT3G01480.1	1380	331
122141	3702.AT1G78630.1	862	159
120360	3702.AT1G61520.1	3138	334
118392	3702.AT1G31180.1	171	38
117878	3702.AT1G26110.1	7.73	2
116769	3702.AT1G14650.1	17.0	7
131677	3702.AT3G59980.1	225	36
116221	3702.AT1G09620.1	65.8	41
136148	3702.AT4G39756.1	7.98	4
123373	3702.AT2G17630.1	24.9	8
133002	3702.AT4G11150.1	683	130
128366	3702.AT3G16950.2	5.71	2
137089	3702.AT5G09820.2	8.52	1
124597	3702.AT2G29290.2	63.3	8
119818	3702.AT1G54580.1	260	13
135085	3702.AT4G29840.1	629	225
135487	3702.AT4G33520.2	10.3	3
131596	3702.AT3G59160.1	0.513	1
141510	3702.AT5G58290.1	197	42
124440	3702.AT2G27720.2	810	49
131016	3702.AT3G53560.1	45.2	12
137414	3702.AT5G13280.1	2.78	1
121730	3702.AT1G74560.3	19.4	3
135596	3702.AT4G34490.1	22.5	4
138397	3702.AT5G23290.1	29.8	3
118560	3702.AT1G32900.1	45.6	24
121979	3702.AT1G77060.1	163	31
137313	3702.AT5G11950.1	89.0	19
128592	3702.AT3G19010.1	3.35	1
141980	3702.AT5G62790.2	435	135
132718	3702.AT4G08390.1	615	114
141929	3702.AT5G62300.1	676	116
132604	3702.AT4G05180.1	3661	678
121678	3702.AT1G74070.1	83.3	17
125113	3702.AT2G34040.1	27.8	13
131811	3702.AT3G61220.2	146	26
141000	3702.AT5G53620.1	5.65	2
139599	3702.AT5G40950.1	624	60
131258	3702.AT3G55830.1	4.4	1
138388	3702.AT5G23210.1	2.32	1
131208	3702.AT3G55410.1	66.2	36
142204	3702.AT5G64860.1	39.6	11
116103	3702.AT1G08490.1	11.9	5
125311	3702.AT2G35840.1	118	25
142221	3702.AT5G65010.2	105	45
119364	3702.AT1G50380.1	8.55	3
127806	3702.AT3G12050.1	2.12	1
126035	3702.AT2G42530.1	397	47
123868	3702.AT2G22250.2	2.97	1
127424	3702.AT3G08530.1	11.9	15
141934	3702.AT5G62350.1	212	16
129087	3702.AT3G23490.1	125	17
123988	3702.AT2G23350.1	38.1	14
125167	3702.AT2G34510.1	0.671	1
123860	3702.AT2G22170.1	16.9	1
116166	3702.AT1G09150.1	4.14	2
118026	3702.AT1G27450.3	315	57
132842	3702.AT4G09650.1	5049	1202
116543	3702.AT1G12520.1	50.5	12
141926	3702.AT5G62270.2	2.97	1
135302	3702.AT4G31840.1	94.3	12
125351	3702.AT2G36250.1	30.6	7
136479	3702.AT5G03690.1	54.0	7
127613	3702.AT3G10320.1	0.163	1
127588	3702.AT3G10090.1	8024	292
136828	3702.AT5G07020.1	295	31
129334	3702.AT3G25800.1	32.3	12
138262	3702.AT5G22020.1	2.59	1
139700	3702.AT5G41880.1	3.34	1
119218	3702.AT1G48860.1	33.7	11
128362	3702.AT3G16910.1	27.5	7
133583	3702.AT4G16143.1	170	46
140498	3702.AT5G48960.1	3.82	1
130764	3702.AT3G51240.1	19.5	5
126400	3702.AT2G45990.1	5.17	1
118790	3702.AT1G35580.1	2.69	1
121769	3702.AT1G74960.1	133	28
128030	3702.AT3G13920.2	51.0	17
116596	3702.AT1G13020.1	3.66	1
119574	3702.AT1G52400.1	423	99
141098	3702.AT5G54500.2	243	22
116252	3702.AT1G09870.1	7.19	2
121353	3702.AT1G70890.1	120	21
142578	3702.ATCG00905.1	68.2	12
135955	3702.AT4G37870.1	43.9	18
129536	3702.AT3G27530.1	6.64	4
137389	3702.AT5G13030.1	3.7	2
127655	3702.AT3G10670.1	158	29
124010	3702.AT2G23600.1	327	67
117083	3702.AT1G17650.1	145	32
141676	3702.AT5G59880.1	1109	96
118571	3702.AT1G32990.1	2168	373
119718	3702.AT1G53670.1	32.6	7
138213	3702.AT5G20890.1	260	77
140255	3702.AT5G46800.1	77.5	13
137922	3702.AT5G18160.1	4.1	1
128535	3702.AT3G18490.1	54.2	10
117317	3702.AT1G20010.1	103	39
126133	3702.AT2G43460.1	225	16
137739	3702.AT5G16440.1	46.6	15
142149	3702.AT5G64380.1	14.5	3
127195	3702.AT3G05970.1	2.87	1
127973	3702.AT3G13490.1	17.8	8
122162	3702.AT1G78830.1	579	166
133155	3702.AT4G12600.2	153	8
140005	3702.AT5G44520.1	7.73	1
140931	3702.AT5G53000.1	2.71	1
141729	3702.AT5G60390.1	4638	4496
116486	3702.AT1G12000.1	25.0	8
128392	3702.AT3G17210.1	1042	65
121792	3702.AT1G75210.1	1.75	1
141387	3702.AT5G57170.2	573	34
142538	3702.ATCG00470.1	7589	664
126003	3702.AT2G42210.2	25.4	2
126210	3702.AT2G44160.1	106	30
127031	3702.AT3G04600.1	31.1	12
130938	3702.AT3G52880.2	575	216
133460	3702.AT4G15110.1	79.9	33
115358	3702.AT1G01490.1	5.5	1
136013	3702.AT4G38410.1	20.6	8
117725	3702.AT1G23900.1	2.61	1
129506	3702.AT3G27300.1	31.8	11
124324	3702.AT2G26650.1	1.1	1
127265	3702.AT3G06580.1	11.2	3
118258	3702.AT1G29900.1	332	245
135560	3702.AT4G34180.1	7.61	1
138474	3702.AT5G24020.1	38.0	6
125017	3702.AT2G33150.1	918	235
138912	3702.AT5G28500.1	637	186
131121	3702.AT3G54600.1	83.2	23
132273	3702.AT4G01800.2	129	100
126976	3702.AT3G04080.1	0.332	1
118076	3702.AT1G27960.1	0.248	1
131401	3702.AT3G57240.1	4.3	1
133073	3702.AT4G11820.2	3.68	1
121555	3702.AT1G72930.1	27.8	4
126714	3702.AT3G01670.1	1.79	1
139802	3702.AT5G42770.2	11.2	2
124810	3702.AT2G31240.1	11.9	10
133135	3702.AT4G12420.1	32.6	9
131125	3702.AT3G54640.1	186	28
128840	3702.AT3G21300.1	2.36	1
136098	3702.AT4G39260.1	986	131
136588	3702.AT5G04740.1	194	49
128022	3702.AT3G13860.1	32.2	13
121837	3702.AT1G75690.1	98.5	9
141710	3702.AT5G60210.1	18.1	9
122135	3702.AT1G78570.1	92.8	30
125269	3702.AT2G35490.1	967	181
135962	3702.AT4G37930.1	2294	983
128971	3702.AT3G22460.1	3.74	1
133182	3702.AT4G12850.1	15.8	1
138150	3702.AT5G20230.1	204	18
132052	3702.AT3G63460.1	9.89	6
123882	3702.AT2G22420.1	3.84	1
116317	3702.AT1G10500.1	34.2	3
134405	3702.AT4G23600.1	1306	373
127657	3702.AT3G10690.1	7.06	6
128353	3702.AT3G16850.1	29.4	7
127899	3702.AT3G12930.1	17.2	3
123655	3702.AT2G20360.1	125	45
141675	3702.AT5G59870.1	316	19
122304	3702.AT1G80230.1	45.4	7
132988	3702.AT4G11010.1	325	70
127603	3702.AT3G10220.1	15.2	2
129473	3702.AT3G26990.1	2.95	1
136261	3702.AT5G01650.2	836	63
137897	3702.AT5G17920.1	2363	1047
131755	3702.AT3G60750.1	3686	1713
142382	3702.AT5G66470.1	9.83	3
115711	3702.AT1G04880.1	0.149	1
124101	3702.AT2G24540.1	0.717	1
126318	3702.AT2G45180.1	174	17
134089	3702.AT4G20760.1	15.2	6
133430	3702.AT4G14890.1	63.7	7
115543	3702.AT1G03230.1	21.2	6
122925	3702.AT2G07732.1	16.0	1
118975	3702.AT1G44575.1	32.0	4
131048	3702.AT3G53870.1	142	28
135545	3702.AT4G34050.1	624	96
124340	3702.AT2G26800.2	2.15	1
125265	3702.AT2G35450.1	18.1	5
131837	3702.AT3G61470.1	686	71
134774	3702.AT4G27000.1	368	42
129189	3702.AT3G24430.1	163	41
118393	3702.AT1G31190.1	77.6	18
115907	3702.AT1G06690.1	132	29
134255	3702.AT4G22240.1	173	46
132926	3702.AT4G10440.1	0.61	3
136044	3702.AT4G38740.1	178	24
116959	3702.AT1G16460.2	9.59	3
117717	3702.AT1G23820.1	176	54
116039	3702.AT1G07920.1	4638	4496
130948	3702.AT3G52960.1	1870	406
124714	3702.AT2G30410.1	42.8	3
138398	3702.AT5G23300.1	3.53	1
127089	3702.AT3G05090.1	1.09	1
126694	3702.AT3G01500.2	5956	1544
137345	3702.AT5G12250.1	144	34
130899	3702.AT3G52500.1	202	66
139247	3702.AT5G37600.1	56.0	8
140539	3702.AT5G49360.1	10.2	7
137903	3702.AT5G17990.1	34.6	12
139336	3702.AT5G38430.1	2452	282
126166	3702.AT2G43760.1	13.8	3
120729	3702.AT1G65010.1	2.38	2
131539	3702.AT3G58610.1	965	389
131200	3702.AT3G55330.1	396	88
132153	3702.AT4G00750.1	0.644	3
135402	3702.AT4G32720.1	15.3	4
134884	3702.AT4G28030.1	6.65	1
121763	3702.AT1G74910.1	44.4	11
126770	3702.AT3G02200.2	15.0	6
124047	3702.AT2G24020.1	921	151
141751	3702.AT5G60600.1	451	223
117391	3702.AT1G20735.1	2.74	3
124421	3702.AT2G27510.1	162	5
132446	3702.AT4G03280.1	3788	636
133247	3702.AT4G13430.1	372	129
122395	3702.AT2G01140.1	287	56
139801	3702.AT5G42765.1	94.2	15
121863	3702.AT1G75950.1	213	15
126187	3702.AT2G43945.1	7.44	1
131577	3702.AT3G58980.1	0.451	1
122683	3702.AT2G04039.3	9.77	2
128225	3702.AT3G15640.1	167	19
127557	3702.AT3G09820.1	795	160
140782	3702.AT5G51610.1	43.2	23
127293	3702.AT3G06860.1	6.21	2
136785	3702.AT5G06600.1	23.0	17
115585	3702.AT1G03680.1	4134	636
141673	3702.AT5G59850.1	466	88
141771	3702.AT5G60790.1	28.7	11
138036	3702.AT5G19180.1	10.2	4
136139	3702.AT4G39690.1	2.18	1
121431	3702.AT1G71730.1	10.9	1
131207	3702.AT3G55400.1	24.2	17
124051	3702.AT2G24060.1	46.0	8
117378	3702.AT1G20620.1	1227	362
115399	3702.AT1G01910.1	3.9	1
115638	3702.AT1G04190.1	15.5	3
129137	3702.AT3G23940.1	136	106
140921	3702.AT5G52920.1	293	94
130801	3702.AT3G51600.1	281	12
129668	3702.AT3G28760.2	6.57	2
129023	3702.AT3G22960.1	164	59
135896	3702.AT4G37300.1	71.8	14
131725	3702.AT3G60450.1	5.66	1
140731	3702.AT5G51110.1	171	25
134993	3702.AT4G29010.1	133	43
118491	3702.AT1G32200.1	473	107
127429	3702.AT3G08590.1	169	68
134125	3702.AT4G21110.1	12.5	1
122410	3702.AT2G01290.1	18.1	3
117470	3702.AT1G21500.1	58.6	33
135374	3702.AT4G32470.1	1340	93
137798	3702.AT5G17000.1	22.4	9
131294	3702.AT3G56190.1	21.2	5
125050	3702.AT2G33430.1	64.9	16
139065	3702.AT5G35630.1	6081	1245
122260	3702.AT1G79790.1	7.99	2
123961	3702.AT2G23120.1	122	4
127391	3702.AT3G07770.1	18.6	9
127206	3702.AT3G06050.1	553	92
137362	3702.AT5G12410.1	3.09	1
136973	3702.AT5G08380.1	19.0	7
115666	3702.AT1G04480.1	113	39
142563	3702.ATCG00740.1	27.9	6
141110	3702.AT5G54600.1	319	51
122677	3702.AT2G04030.1	1143	646
133198	3702.AT4G13010.1	74.4	10
142090	3702.AT5G63840.1	0.743	1
131002	3702.AT3G53420.1	46.2	5
123200	3702.AT2G15740.1	2.12	2
118944	3702.AT1G43860.1	2.31	1
122287	3702.AT1G80070.1	2.84	30
132293	3702.AT4G01940.1	85.8	12
141706	3702.AT5G60170.2	2.63	1
128321	3702.AT3G16555.1	1.19	1
122826	3702.AT2G05920.1	4.19	2
127358	3702.AT3G07480.1	86.4	7
115426	3702.AT1G02150.1	44.0	16
141148	3702.AT5G54960.1	14.4	4
121199	3702.AT1G69410.1	19.4	2
121523	3702.AT1G72610.1	1686	113
124105	3702.AT2G24580.1	16.5	5
118525	3702.AT1G32500.1	11.0	4
122326	3702.AT1G80460.1	0.44	1
128639	3702.AT3G19450.1	134	30
122744	3702.AT2G04780.1	55.1	8
137724	3702.AT5G16290.1	65.0	21
118307	3702.AT1G30380.1	110	16
119868	3702.AT1G55150.1	2.72	1
134713	3702.AT4G26455.1	1.29	2
125176	3702.AT2G34590.1	22.9	5
127129	3702.AT3G05430.1	2.16	2
137916	3702.AT5G18100.1	97.9	16
117736	3702.AT1G24020.1	823	130
136771	3702.AT5G06460.1	12.8	26
137557	3702.AT5G14680.1	31.9	6
133218	3702.AT4G13200.1	31.3	4
134358	3702.AT4G23170.1	120	10
116472	3702.AT1G11890.1	8.16	1
130358	3702.AT3G47520.1	1067	283
127947	3702.AT3G13300.1	2.68	3
125883	3702.AT2G41100.1	97.6	23
116469	3702.AT1G11860.1	2296	722
135495	3702.AT4G33590.1	25.1	13
137803	3702.AT5G17050.1	127	26
136585	3702.AT5G04710.1	9.52	4
122976	3702.AT2G10940.1	2136	525
140992	3702.AT5G53560.1	140	12
124300	3702.AT2G26410.1	0.707	1
137577	3702.AT5G14910.1	1575	177
138678	3702.AT5G25980.2	3440	1173
125601	3702.AT2G38540.1	4825	249
120400	3702.AT1G61900.1	11.5	3
122207	3702.AT1G79230.1	210	65
130468	3702.AT3G48500.2	61.2	26
135435	3702.AT4G33030.1	132	58
127922	3702.AT3G13120.1	1321	141
134545	3702.AT4G24930.1	73.0	15
131556	3702.AT3G58770.1	3.48	1
130867	3702.AT3G52180.1	32.5	13
125040	3702.AT2G33340.1	7.75	2
138105	3702.AT5G19820.1	49.5	40
122275	3702.AT1G79930.1	66.5	37
121885	3702.AT1G76180.1	148	15
130556	3702.AT3G49350.1	5.82	1
118112	3702.AT1G28290.1	7.41	1
138806	3702.AT5G27380.1	13.5	4
140734	3702.AT5G51140.2	10.6	2
115881	3702.AT1G06430.1	28.9	22
123794	3702.AT2G21530.1	766	127
142517	3702.ATCG00120.1	16815	3736
142074	3702.AT5G63680.1	3.92	1
142514	3702.ATCG00065.1	68.2	12
128245	3702.AT3G15840.1	383	67
130906	3702.AT3G52560.4	84.7	11
126261	3702.AT2G44620.1	3.62	1
129365	3702.AT3G26070.1	520	97
138589	3702.AT5G25080.1	5.74	1
134222	3702.AT4G21960.1	13.6	2
115313	3702.AT1G01080.2	230	57
139053	3702.AT5G35530.1	119	15
117464	3702.AT1G21440.1	26.4	5
142593	3702.ATCG01240.1	122	20
129350	3702.AT3G25920.1	258	61
131819	3702.AT3G61300.1	5.59	3
121051	3702.AT1G68010.2	3348	1097
129883	3702.AT3G42170.1	13.9	7
122171	3702.AT1G78900.1	1235	530
122790	3702.AT2G05380.1	148	16
118893	3702.AT1G42970.1	7414	2450
117104	3702.AT1G17860.1	7.76	1
126943	3702.AT3G03780.1	664	310
119767	3702.AT1G54100.1	2.87	1
115603	3702.AT1G03860.1	16.4	3
118010	3702.AT1G27310.1	125	5
134721	3702.AT4G26500.1	173	42
124603	3702.AT2G29350.1	13.9	2
126183	3702.AT2G43910.2	982	151
126555	3702.AT2G47450.1	357	108
124157	3702.AT2G25080.1	978	157
121573	3702.AT1G73110.1	140	38
118829	3702.AT1G36310.1	8.9	2
142159	3702.AT5G64460.1	40.9	10
132160	3702.AT4G00810.1	53.9	3
119374	3702.AT1G50480.1	117	62
134727	3702.AT4G26555.1	52.5	6
136561	3702.AT5G04430.2	180	61
118075	3702.AT1G27950.1	90.8	16
140163	3702.AT5G45930.1	77.0	20
123420	3702.AT2G18040.1	234	12
135122	3702.AT4G30160.2	5.21	2
122256	3702.AT1G79750.1	7.95	2
125964	3702.AT2G41840.1	141	22
133551	3702.AT4G15900.1	8.42	2
136993	3702.AT5G08540.1	96.4	20
125520	3702.AT2G37760.1	37.2	6
119555	3702.AT1G52230.1	2221	88
136935	3702.AT5G08050.1	160	10
122416	3702.AT2G01350.1	17.9	4
127760	3702.AT3G11630.1	1107	220
115315	3702.AT1G01100.1	657	28
138757	3702.AT5G26860.1	3.65	2
141495	3702.AT5G58140.1	2.05	2
128472	3702.AT3G17930.1	138	8
139177	3702.AT5G36890.1	2.88	1
121582	3702.AT1G73180.1	4.64	1
141532	3702.AT5G58490.1	22.8	6
122674	3702.AT2G03980.1	12.2	3
119120	3702.AT1G47900.1	1.01	1
117308	3702.AT1G19920.1	52.7	16
117125	3702.AT1G18080.1	1601	311
121764	3702.AT1G74920.1	185	33
123724	3702.AT2G20860.1	27.6	4
134264	3702.AT4G22310.1	12.0	1
142569	3702.ATCG00800.1	1264	198
137253	3702.AT5G11380.1	0.834	1
133387	3702.AT4G14570.1	37.9	15
117899	3702.AT1G26330.2	1.73	1
130343	3702.AT3G47370.1	432	35
135744	3702.AT4G35850.1	5.02	2
117405	3702.AT1G20850.1	4.72	1
130518	3702.AT3G49010.1	660	36
119499	3702.AT1G51690.3	2.29	1
135501	3702.AT4G33640.1	191	15
131153	3702.AT3G54890.1	330	31
130739	3702.AT3G51000.1	26.9	3
133613	3702.AT4G16390.1	47.9	23
137968	3702.AT5G18570.1	3.29	2
135481	3702.AT4G33470.1	2.38	1
130207	3702.AT3G46010.2	20.4	2
141504	3702.AT5G58230.1	11.4	3
133176	3702.AT4G12800.1	83.3	8
134350	3702.AT4G23100.1	583	155
123402	3702.AT2G17870.1	47.8	9
122268	3702.AT1G79870.1	42.7	7
116089	3702.AT1G08360.1	9.82	2
125195	3702.AT2G34780.1	2.54	3
131170	3702.AT3G55040.1	326	78
130863	3702.AT3G52150.1	1469	338
142180	3702.AT5G64650.1	33.7	9
121777	3702.AT1G75050.1	23.4	7
139346	3702.AT5G38520.2	6.45	1
138680	3702.AT5G26000.1	5391	2165
130396	3702.AT3G47860.1	21.1	6
137555	3702.AT5G14660.1	176	31
119297	3702.AT1G49670.2	7.32	2
117570	3702.AT1G22410.1	98.0	34
138156	3702.AT5G20290.1	783	85
126501	3702.AT2G46910.1	2.17	1
142505	3702.AT5G67590.1	74.2	4
119466	3702.AT1G51390.1	6.58	1
137734	3702.AT5G16390.1	108	22
119535	3702.AT1G52000.1	6.27	2
133166	3702.AT4G12720.4	31.2	5
135830	3702.AT4G36720.1	19.9	2
135433	3702.AT4G33010.1	1492	950
121795	3702.AT1G75240.1	2.63	1
138190	3702.AT5G20630.1	3140	300
130052	3702.AT3G44590.1	17.9	2
115783	3702.AT1G05560.1	64.7	14
136154	3702.AT4G39800.1	27.6	5
138873	3702.AT5G28020.1	19.3	2
116224	3702.AT1G09640.1	157	33
138521	3702.AT5G24400.1	20.4	7
142122	3702.AT5G64140.1	4012	73
126867	3702.AT3G03100.1	92.2	7
130319	3702.AT3G47070.1	4243	346
141484	3702.AT5G58030.1	35.9	2
138393	3702.AT5G23250.1	5.14	1
116496	3702.AT1G12090.1	23.0	4
126062	3702.AT2G42810.2	17.1	5
130505	3702.AT3G48870.1	160	108
120486	3702.AT1G62750.1	1549	829
139955	3702.AT5G44070.1	4.53	1
136080	3702.AT4G39090.1	14.4	3
115507	3702.AT1G02920.1	128	20
133780	3702.AT4G17870.1	61.6	11
116690	3702.AT1G13930.1	2122	268
119051	3702.AT1G47250.1	9.56	1
127735	3702.AT3G11400.2	137	18
140431	3702.AT5G48410.1	0.302	1
125007	3702.AT2G33040.1	399	68
142534	3702.ATCG00380.1	6.56	3
118388	3702.AT1G31160.1	30.7	4
138832	3702.AT5G27640.2	8.9	3
142343	3702.AT5G66090.1	102	29
141257	3702.AT5G55960.1	0.087	1
126810	3702.AT3G02560.1	320	23
132058	3702.AT3G63520.1	52.0	19
115693	3702.AT1G04690.1	268	47
130888	3702.AT3G52380.1	961	186
138934	3702.AT5G28750.1	6.47	1
118660	3702.AT1G34030.1	646	129
116106	3702.AT1G08520.1	232	93
122161	3702.AT1G78820.1	22.8	7
138527	3702.AT5G24460.1	5.39	1
126500	3702.AT2G46900.1	0.09	1
125481	3702.AT2G37400.1	57.4	14
141836	3702.AT5G61410.1	3197	510
129997	3702.AT3G44010.1	216	24
132060	3702.AT3G63540.1	713	67
123777	3702.AT2G21370.1	14.2	3
119132	3702.AT1G48030.1	860	291
120568	3702.AT1G63460.1	17.3	3
121496	3702.AT1G72330.3	19.7	21
127050	3702.AT3G04760.1	2.13	1
116131	3702.AT1G08780.1	295	30
119328	3702.AT1G49970.1	212	66
119664	3702.AT1G53240.1	2288	396
115404	3702.AT1G01960.1	0.534	1
132966	3702.AT4G10790.1	4.31	1
117643	3702.AT1G23100.1	104	27
126100	3702.AT2G43160.1	5.57	1
118585	3702.AT1G33120.1	2753	604
115646	3702.AT1G04270.1	111	12
140104	3702.AT5G45390.1	828	141
135839	3702.AT4G36800.1	6.11	1
136617	3702.AT5G05010.1	265	68
141373	3702.AT5G57040.1	148	14
119221	3702.AT1G48900.1	2.4	1
125919	3702.AT2G41430.1	23.4	1
115931	3702.AT1G06950.1	354	266
126504	3702.AT2G46930.1	8.01	3
115553	3702.AT1G03330.1	483	28
121477	3702.AT1G72150.1	137	51
128147	3702.AT3G14990.1	264	62
118192	3702.AT1G29250.1	41.1	5
124441	3702.AT2G27730.1	221	18
130829	3702.AT3G51840.1	27.5	7
139839	3702.AT5G43060.1	35.6	8
123345	3702.AT2G17340.1	156	37
116912	3702.AT1G15980.1	237	60
138110	3702.AT5G19860.1	79.6	11
117646	3702.AT1G23130.1	54.8	8
139589	3702.AT5G40850.1	5.13	1
138344	3702.AT5G22800.1	30.1	22
125792	3702.AT2G40290.1	41.4	9
136042	3702.AT4G38710.2	11.5	2
117336	3702.AT1G20190.1	35.1	6
128157	3702.AT3G15090.1	15.7	4
135348	3702.AT4G32260.1	1936	331
125043	3702.AT2G33370.1	113	39
138969	3702.AT5G30510.1	2426	763
141264	3702.AT5G56030.2	40.0	26
132514	3702.AT4G04340.1	0.44	2
119305	3702.AT1G49750.1	133	42
116982	3702.AT1G16720.1	151	57
125732	3702.AT2G39800.1	19.7	7
138876	3702.AT5G28050.2	100.0	14
123036	3702.AT2G13360.1	4262	934
138381	3702.AT5G23140.1	237	37
125977	3702.AT2G41950.1	45.8	13
115635	3702.AT1G04170.1	44.9	10
135580	3702.AT4G34350.1	57.9	23
126219	3702.AT2G44230.1	1.89	1
130389	3702.AT3G47810.1	51.4	7
135549	3702.AT4G34090.3	18.7	7
129740	3702.AT3G29360.1	37.3	11
127623	3702.AT3G10410.1	2.45	1
129690	3702.AT3G28940.1	195	15
137684	3702.AT5G15920.1	1.4	1
115670	3702.AT1G04510.1	3.57	1
142121	3702.AT5G64130.3	19.1	2
122115	3702.AT1G78380.1	1109	220
134741	3702.AT4G26690.1	37.2	20
140283	3702.AT5G47030.1	203	51
136000	3702.AT4G38300.1	7.03	2
136141	3702.AT4G39710.1	227	26
115686	3702.AT1G04640.1	47.2	6
117624	3702.AT1G22940.1	6.98	2
121736	3702.AT1G74640.1	82.5	11
135466	3702.AT4G33350.1	51.8	11
134416	3702.AT4G23710.1	86.6	8
122186	3702.AT1G79010.1	7.27	1
128273	3702.AT3G16110.1	2.49	1
139871	3702.AT5G43330.1	41.3	10
130168	3702.AT3G45640.1	5.93	2
130951	3702.AT3G52990.1	87.2	18
137448	3702.AT5G13630.1	234	236
131182	3702.AT3G55160.1	0.049	1
120276	3702.AT1G60810.1	6.3	5
125377	3702.AT2G36460.1	549	152
132785	3702.AT4G09040.1	220	36
139928	3702.AT5G43830.1	58.7	12
124855	3702.AT2G31670.1	115	24
142048	3702.AT5G63420.1	15.0	8
128987	3702.AT3G22630.1	20.2	3
120065	3702.AT1G57770.1	7.73	2
133940	3702.AT4G19210.1	83.0	30
116514	3702.AT1G12250.1	409	71
138084	3702.AT5G19620.1	2.08	2
126806	3702.AT3G02530.1	3.51	2
116340	3702.AT1G10670.3	9.04	7
140381	3702.AT5G47940.1	7.87	2
140034	3702.AT5G44720.1	13.7	2
120832	3702.AT1G65980.1	1308	196
116022	3702.AT1G07770.1	466	88
118329	3702.AT1G30580.1	854	226
142568	3702.ATCG00790.1	276	16
126231	3702.AT2G44350.2	144	48
121455	3702.AT1G71950.1	14.3	1
133852	3702.AT4G18480.1	654	164
118908	3702.AT1G43170.1	216	42
117132	3702.AT1G18170.1	4.28	1
138424	3702.AT5G23540.1	57.1	13
131101	3702.AT3G54400.1	168	24
126753	3702.AT3G02050.1	0.061	1
116569	3702.AT1G12780.1	21.6	6
115947	3702.AT1G07110.1	5.27	3
128807	3702.AT3G20970.1	25.2	4
136193	3702.AT5G01010.2	2.77	1
118624	3702.AT1G33680.1	7.5	2
130925	3702.AT3G52750.1	4.28	1
121271	3702.AT1G70090.1	0.886	2
129976	3702.AT3G43800.1	39.5	5
123323	3702.AT2G17130.1	7.53	1
141061	3702.AT5G54160.1	136	39
142353	3702.AT5G66190.1	3767	889
124454	3702.AT2G27860.1	134	46
130578	3702.AT3G49560.1	122	20
127279	3702.AT3G06720.1	115	29
118395	3702.AT1G31220.1	4.22	1
132202	3702.AT4G01150.1	354	50
140410	3702.AT5G48220.1	138	52
116043	3702.AT1G07960.1	7.66	1
139902	3702.AT5G43600.1	2.06	1
118253	3702.AT1G29850.3	90.7	10
127166	3702.AT3G05730.1	150	4
118235	3702.AT1G29670.1	798	209
121568	3702.AT1G73060.1	145	30
118983	3702.AT1G44790.1	62.8	13
124439	3702.AT2G27710.1	442	38
125832	3702.AT2G40660.1	21.7	6
142557	3702.ATCG00680.1	140	21
132083	3702.AT4G00165.1	604	60
123945	3702.AT2G22990.3	180	33
133513	3702.AT4G15560.1	87.6	21
129215	3702.AT3G24590.1	6.48	2
129124	3702.AT3G23810.1	287	66
140631	3702.AT5G50210.1	1.96	1
128785	3702.AT3G20790.1	33.1	8
140729	3702.AT5G51100.1	131	26
134932	3702.AT4G28440.1	220	21
127280	3702.AT3G06730.1	147	17
117455	3702.AT1G21350.3	49.6	8
139017	3702.AT5G35100.1	56.3	15
134594	3702.AT4G25370.1	465	107
127674	3702.AT3G10850.1	177	20
139335	3702.AT5G38420.1	3.02	4
135619	3702.AT4G34700.1	289	24
134124	3702.AT4G21105.1	242	6
122619	3702.AT2G03420.1	101	9
123677	3702.AT2G20530.1	19.7	2
130250	3702.AT3G46430.1	170	20
117585	3702.AT1G22570.1	0.12	1
122215	3702.AT1G79340.1	69.1	18
135571	3702.AT4G34270.1	11.8	3
129954	3702.AT3G43540.1	148	21
137945	3702.AT5G18380.1	0.476	1
125505	3702.AT2G37620.1	8.88	4
137795	3702.AT5G16970.1	259	78
133539	3702.AT4G15790.1	44.5	3
136694	3702.AT5G05730.2	2.7	2
126411	3702.AT2G46110.1	6.93	1
119781	3702.AT1G54220.1	15.7	5
127272	3702.AT3G06650.1	4.93	2
137098	3702.AT5G09900.3	14.7	2
138632	3702.AT5G25460.1	11.9	2
136829	3702.AT5G07030.1	76.9	17
128973	3702.AT3G22480.1	25.8	1
116764	3702.AT1G14610.1	21.9	13
134136	3702.AT4G21210.1	109	28
116520	3702.AT1G12310.1	37.8	4
138200	3702.AT5G20720.1	2198	451
115391	3702.AT1G01800.1	29.5	7
124775	3702.AT2G30970.1	402	89
124423	3702.AT2G27530.1	15.6	2
126492	3702.AT2G46820.1	373	50
124851	3702.AT2G31610.1	229	36
122042	3702.AT1G77670.1	41.6	7
131066	3702.AT3G54050.1	3215	870
115858	3702.AT1G06190.1	7.29	2
123050	3702.AT2G13560.1	81.7	24
134940	3702.AT4G28510.1	14.7	2
119192	3702.AT1G48600.2	134	36
125815	3702.AT2G40490.1	1312	287
133351	3702.AT4G14300.1	17.2	3
126622	3702.AT2G48120.1	2.6	1
129461	3702.AT3G26900.1	4.55	1
126549	3702.AT2G47390.1	123	71
138321	3702.AT5G22590.1	3.96	1
136034	3702.AT4G38630.1	91.8	17
138040	3702.AT5G19220.1	662	305
123865	3702.AT2G22230.1	49.3	10
123146	3702.AT2G15050.1	0.336	1
118986	3702.AT1G44820.1	4.68	2
137833	3702.AT5G17310.2	21.3	10
116027	3702.AT1G07820.1	525	280
142572	3702.ATCG00830.1	312	66
137823	3702.AT5G17230.3	20.4	5
133718	3702.AT4G17330.1	0.888	1
133713	3702.AT4G17260.1	4.46	1
124691	3702.AT2G30170.1	14.2	4
128234	3702.AT3G15730.1	152	67
136017	3702.AT4G38460.1	17.4	5
132562	3702.AT4G04880.1	2.03	1
116467	3702.AT1G11840.6	597	141
135574	3702.AT4G34290.1	20.9	2
124062	3702.AT2G24190.2	3.4	2
127773	3702.AT3G11750.1	25.0	3
129342	3702.AT3G25860.1	364	134
140994	3702.AT5G53580.1	5.98	1
116136	3702.AT1G08830.1	2031	201
134906	3702.AT4G28220.1	5.4	2
138729	3702.AT5G26667.1	92.7	14
117929	3702.AT1G26630.1	1216	153
135796	3702.AT4G36390.1	1.54	1
119467	3702.AT1G51400.1	515	42
122318	3702.AT1G80370.1	0.858	1
121235	3702.AT1G69740.1	703	178
130869	3702.AT3G52200.2	27.0	11
138325	3702.AT5G22620.1	37.7	15
138455	3702.AT5G23860.1	3.68	1
117709	3702.AT1G23740.1	1304	373
142245	3702.AT5G65220.1	493	39
136597	3702.AT5G04830.1	18.9	1
115464	3702.AT1G02500.1	88.2	15
118575	3702.AT1G33040.1	40.6	5
135513	3702.AT4G33760.1	91.7	37
131697	3702.AT3G60190.1	7.15	3
124364	3702.AT2G27020.1	142	28
142560	3702.ATCG00710.1	1692	35
120196	3702.AT1G59900.1	155	36
139119	3702.AT5G36210.1	89.0	45
126715	3702.AT3G01680.1	4.52	3
140603	3702.AT5G49970.1	57.7	21
141555	3702.AT5G58710.1	59.9	10
121877	3702.AT1G76100.1	886	17
118334	3702.AT1G30630.1	32.4	6
134034	3702.AT4G20150.1	108	5
119907	3702.AT1G55490.1	619	256
130372	3702.AT3G47650.1	719	89
136439	3702.AT5G03350.1	48.2	10
130309	3702.AT3G46970.1	533	283
141420	3702.AT5G57490.1	6.03	1
140946	3702.AT5G53140.1	17.5	5
138816	3702.AT5G27470.1	258	81
135622	3702.AT4G34730.1	186	12
130422	3702.AT3G48140.1	114	7
128148	3702.AT3G15000.1	24.5	5
138126	3702.AT5G20010.1	135	13
137760	3702.AT5G16620.1	35.3	8
132781	3702.AT4G09010.1	1015	228
135457	3702.AT4G33250.1	183	35
132389	3702.AT4G02770.1	35.5	4
135422	3702.AT4G32915.1	129	11
137567	3702.AT5G14780.1	313	84
136977	3702.AT5G08410.1	468	62
