#id: 192
#name: S.lycopersicum - Whole organism, SC (Schilmiller,Plant_Physiol,2010)
#score: 10.79
#weight: 100%
#description: abundance based on Spectral counting, from<a href="http://www.ncbi.nlm.nih.gov/pubmed/20431087" target="_blank">Schilmiller, Plant_Physiol,2010</a><br/><b>Interaction consistency score</b>: 10.79&nbsp<b>Coverage</b>: 6
#organ: WHOLE_ORGANISM
#integrated: false
#coverage: 6
#publication_year: 2010
#filename: 4081-Solanum_lycopersicum_SC_biomart_18197_E__1reps.txt
#
#internal_id	string_external_id	abundance	raw_spectral_count
256502	4081.Solyc06g065270.2.1	153	8
248701	4081.Solyc03g112360.1.1	369	6
240302	4081.Solyc01g060400.1.1	501	56
253875	4081.Solyc05g026050.2.1	86.9	4
252263	4081.Solyc04g080590.2.1	568	14
260904	4081.Solyc08g029160.1.1	1269	13
245016	4081.Solyc02g080540.1.1	86.4	5
269716	4081.Solyc11g068420.1.1	248	12
266947	4081.Solyc10g077010.1.1	198	13
254277	4081.Solyc05g050120.2.1	32.9	8
269566	4081.Solyc11g065930.1.1	636	85
256774	4081.Solyc06g069040.2.1	1.17	1
270243	4081.Solyc12g006370.1.1	13.9	2
272445	4081.Solyc12g098940.1.1	2942	419
267178	4081.Solyc10g080320.1.1	585	22
257740	4081.Solyc07g005100.2.1	217	8
246898	4081.Solyc03g025730.2.1	562	196
251817	4081.Solyc04g076060.2.1	1380	74
247694	4081.Solyc03g064020.2.1	2.93	2
263225	4081.Solyc09g011600.2.1	533	15
257909	4081.Solyc07g006790.2.1	90.3	6
261987	4081.Solyc08g076450.2.1	124	4
247337	4081.Solyc03g046200.1.1	2.32	1
270263	4081.Solyc12g006570.1.1	637	41
270591	4081.Solyc12g010840.1.1	275	25
264378	4081.Solyc09g072610.2.1	414	21
255147	4081.Solyc06g008260.2.1	732	18
258144	4081.Solyc07g009140.2.1	71.1	3
268925	4081.Solyc11g033280.1.1	10.8	4
265084	4081.Solyc09g092690.2.1	39.6	6
251593	4081.Solyc04g071820.2.1	344	13
250218	4081.Solyc04g011500.2.1	555	182
261809	4081.Solyc08g074620.1.1	1733	129
264519	4081.Solyc09g075010.2.1	1193	16
267673	4081.Solyc10g086330.1.1	443	8
240251	4081.Solyc01g059880.2.1	846	119
262270	4081.Solyc08g079350.1.1	8.85	2
244457	4081.Solyc02g070950.1.1	131	24
256941	4081.Solyc06g071720.1.1	591	9
260857	4081.Solyc08g023660.2.1	478	9
270882	4081.Solyc12g017810.1.1	2.78	2
268988	4081.Solyc11g039980.1.1	2627	75
248919	4081.Solyc03g114550.1.1	19.9	1
249966	4081.Solyc04g007970.2.1	26.3	2
246354	4081.Solyc02g094080.1.1	4.03	1
247645	4081.Solyc03g063420.1.1	57.6	3
240560	4081.Solyc01g068030.2.1	60.4	3
241131	4081.Solyc01g088810.2.1	4.27	1
243009	4081.Solyc01g111700.1.1	23.6	4
248405	4081.Solyc03g097290.2.1	214	25
237973	4081.Solyc00g006800.2.1	167	12
239466	4081.Solyc01g012760.1.1	41.9	4
248403	4081.Solyc03g097270.2.1	207	7
254573	4081.Solyc05g053100.2.1	5.31	1
254777	4081.Solyc05g055160.2.1	141	10
244450	4081.Solyc02g070880.1.1	15.4	4
249267	4081.Solyc03g118040.2.1	418	28
242793	4081.Solyc01g109540.2.1	549	55
248837	4081.Solyc03g113730.2.1	522	3
257616	4081.Solyc06g083530.2.1	174	4
244956	4081.Solyc02g079940.2.1	81.1	3
261751	4081.Solyc08g069030.2.1	41.9	3
264132	4081.Solyc09g063130.2.1	765	8
243973	4081.Solyc02g065090.2.1	338	14
257197	4081.Solyc06g074300.2.1	248	13
268325	4081.Solyc11g012080.1.1	85.6	2
250423	4081.Solyc04g015560.2.1	28.9	2
245139	4081.Solyc02g081770.1.1	261	14
251849	4081.Solyc04g076380.2.1	146	10
255317	4081.Solyc06g009970.2.1	1924	250
262745	4081.Solyc09g005720.2.1	830	11
265106	4081.Solyc09g097900.2.1	2.79	2
239216	4081.Solyc01g009180.2.1	534	98
255975	4081.Solyc06g051960.2.1	4.57	7
268814	4081.Solyc11g028090.1.1	43.8	3
254202	4081.Solyc05g046360.2.1	8.63	3
239108	4081.Solyc01g008090.2.1	388	7
264967	4081.Solyc09g091470.2.1	662	24
262599	4081.Solyc08g082700.2.1	213	7
262793	4081.Solyc09g007190.2.1	122	3
244494	4081.Solyc02g071320.2.1	151	4
246451	4081.Solyc03g005260.2.1	609	44
244322	4081.Solyc02g069590.2.1	208	5
250501	4081.Solyc04g016360.2.1	77.7	3
242878	4081.Solyc01g110390.2.1	201	4
272050	4081.Solyc12g088020.1.1	243	8
262878	4081.Solyc09g008050.2.1	1.47	3
248596	4081.Solyc03g111230.2.1	1170	22
245132	4081.Solyc02g081700.1.1	418	14
254389	4081.Solyc05g051250.2.1	43.4	4
267656	4081.Solyc10g086160.1.1	185	10
254577	4081.Solyc05g053140.2.1	128	5
248680	4081.Solyc03g112150.1.1	152	20
260318	4081.Solyc08g006040.2.1	1116	41
264289	4081.Solyc09g065730.2.1	475	20
253076	4081.Solyc05g010720.2.1	192	8
257528	4081.Solyc06g082650.2.1	543	24
251740	4081.Solyc04g074300.2.1	38.3	3
267564	4081.Solyc10g085230.1.1	4.59	1
253112	4081.Solyc05g012070.2.1	142	24
240886	4081.Solyc01g081340.2.1	770	34
249588	4081.Solyc03g121270.2.1	189	7
261477	4081.Solyc08g066220.2.1	36.4	10
269546	4081.Solyc11g065720.1.1	2.13	3
252482	4081.Solyc04g082780.2.1	109	4
270726	4081.Solyc12g014180.1.1	239	16
257265	4081.Solyc06g074980.2.1	602	130
249365	4081.Solyc03g119040.2.1	431	34
238063	4081.Solyc00g009020.2.1	2167	47
242985	4081.Solyc01g111460.2.1	31.8	2
241092	4081.Solyc01g088420.2.1	18.0	2
251164	4081.Solyc04g051370.2.1	59.8	7
260058	4081.Solyc07g065080.2.1	20.9	2
269705	4081.Solyc11g067320.1.1	2.55	1
240275	4081.Solyc01g060130.2.1	222	27
240546	4081.Solyc01g067890.2.1	8.73	3
265402	4081.Solyc10g007260.2.1	67.4	2
261367	4081.Solyc08g063080.2.1	84.0	5
239208	4081.Solyc01g009100.2.1	542	12
250209	4081.Solyc04g011400.2.1	84.0	6
239066	4081.Solyc01g007670.2.1	330	8
269774	4081.Solyc11g069000.1.1	71.2	3
241737	4081.Solyc01g097870.2.1	746	15
271063	4081.Solyc12g027720.1.1	1077	6
247147	4081.Solyc03g034220.2.1	782	49
241101	4081.Solyc01g088510.2.1	49.5	5
270652	4081.Solyc12g011450.1.1	39.2	2
258895	4081.Solyc07g042180.2.1	9.0	2
246311	4081.Solyc02g093640.2.1	364	15
264863	4081.Solyc09g090430.2.1	214	4
240430	4081.Solyc01g066700.2.1	103	6
261826	4081.Solyc08g074790.2.1	257	9
249651	4081.Solyc03g121910.1.1	51.4	6
248499	4081.Solyc03g098240.2.1	20.9	6
268974	4081.Solyc11g039840.1.1	236	6
253750	4081.Solyc05g023790.1.1	6.77	1
246390	4081.Solyc02g094440.2.1	351	4
269641	4081.Solyc11g066680.1.1	11.0	4
250205	4081.Solyc04g011360.2.1	393	27
257607	4081.Solyc06g083440.2.1	161	9
265300	4081.Solyc10g006230.2.1	292	5
257530	4081.Solyc06g082670.2.1	507	24
264548	4081.Solyc09g075300.2.1	1033	36
254180	4081.Solyc05g046140.2.1	1554	26
263173	4081.Solyc09g011080.2.1	643	58
248456	4081.Solyc03g097800.2.1	758	9
262863	4081.Solyc09g007900.2.1	565	200
253348	4081.Solyc05g014470.2.1	6080	229
265310	4081.Solyc10g006330.2.1	42.8	5
243191	4081.Solyc02g014150.2.1	157	8
249889	4081.Solyc04g007190.2.1	15.0	1
262450	4081.Solyc08g081200.2.1	630	15
256360	4081.Solyc06g062840.2.1	55.1	6
246910	4081.Solyc03g025850.2.1	1004	12
259082	4081.Solyc07g045100.1.1	4.95	2
271827	4081.Solyc12g056700.1.1	71.6	3
257101	4081.Solyc06g073330.2.1	126	14
251912	4081.Solyc04g077020.2.1	1531	228
262452	4081.Solyc08g081220.1.1	3.03	2
254878	4081.Solyc05g056170.2.1	244	107
269937	4081.Solyc11g071620.1.1	24.0	10
261759	4081.Solyc08g069110.2.1	135	36
240531	4081.Solyc01g067740.2.1	436	5
247945	4081.Solyc03g082600.2.1	864	22
254919	4081.Solyc05g056580.2.1	278	25
264588	4081.Solyc09g075700.1.1	16.0	2
255225	4081.Solyc06g009040.2.1	209	9
254868	4081.Solyc05g056070.2.1	243	9
253171	4081.Solyc05g012670.1.1	1.76	3
271592	4081.Solyc12g044300.1.1	199	5
245844	4081.Solyc02g088930.2.1	6.76	1
268946	4081.Solyc11g039530.1.1	109	2
246832	4081.Solyc03g020080.2.1	9.17	2
254965	4081.Solyc06g005430.1.1	443	45
254610	4081.Solyc05g053470.2.1	2151	198
239440	4081.Solyc01g011510.2.1	156	11
263009	4081.Solyc09g009430.2.1	222	17
262268	4081.Solyc08g079310.2.1	3.8	2
243983	4081.Solyc02g065190.2.1	2.96	2
252866	4081.Solyc05g008600.2.1	129	13
270611	4081.Solyc12g011040.1.1	999	263
252596	4081.Solyc05g005880.2.1	428	8
251751	4081.Solyc04g074410.1.1	50.9	8
241517	4081.Solyc01g095670.2.1	78.5	3
247173	4081.Solyc03g036480.1.1	314	27
244147	4081.Solyc02g067840.2.1	101	4
247601	4081.Solyc03g062950.1.1	40.3	3
266720	4081.Solyc10g055780.1.1	179	11
272066	4081.Solyc12g088180.1.1	733	92
263221	4081.Solyc09g011560.2.1	2.0	1
257645	4081.Solyc06g083820.2.1	1245	25
270990	4081.Solyc12g019940.1.1	10.8	1
259036	4081.Solyc07g043650.1.1	4.72	1
271229	4081.Solyc12g036490.1.1	10.1	2
257456	4081.Solyc06g076920.2.1	407	13
260208	4081.Solyc07g066610.2.1	1796	147
264417	4081.Solyc09g073000.2.1	45.2	3
241915	4081.Solyc01g099660.2.1	104	72
240202	4081.Solyc01g058390.2.1	51.7	3
268215	4081.Solyc11g010980.1.1	29.7	6
255032	4081.Solyc06g006100.2.1	38.5	3
245549	4081.Solyc02g085950.2.1	752	48
268957	4081.Solyc11g039660.1.1	125	19
271737	4081.Solyc12g055800.1.1	2715	253
259701	4081.Solyc07g056490.2.1	303	31
257423	4081.Solyc06g076570.1.1	288	15
258234	4081.Solyc07g016050.2.1	109	6
252524	4081.Solyc05g005160.2.1	604	31
265564	4081.Solyc10g008910.1.1	250	13
238201	4081.Solyc00g019740.1.1	531	10
248326	4081.Solyc03g096460.2.1	2650	45
241269	4081.Solyc01g091190.2.1	543	47
256522	4081.Solyc06g065470.2.1	162	3
262292	4081.Solyc08g079620.2.1	251	7
265233	4081.Solyc10g005560.2.1	2142	416
244712	4081.Solyc02g077480.1.1	250	13
265058	4081.Solyc09g092380.2.1	1905	173
254694	4081.Solyc05g054320.2.1	57.3	5
239861	4081.Solyc01g022750.2.1	380	4
248917	4081.Solyc03g114530.2.1	15.5	2
239193	4081.Solyc01g008950.2.1	198	13
272569	4081.Solyc12g100180.1.1	82.7	31
256771	4081.Solyc06g069010.2.1	229	28
240608	4081.Solyc01g068530.2.1	503	16
247224	4081.Solyc03g044000.1.1	416	11
267361	4081.Solyc10g083170.1.1	7.09	1
268365	4081.Solyc11g012480.1.1	269	33
241744	4081.Solyc01g097940.1.1	32.3	2
247722	4081.Solyc03g065350.1.1	23.8	2
271780	4081.Solyc12g056230.1.1	781	27
263215	4081.Solyc09g011500.2.1	2.0	1
256680	4081.Solyc06g068090.2.1	43.2	10
262862	4081.Solyc09g007890.1.1	244	134
263228	4081.Solyc09g011630.2.1	7.67	3
249674	4081.Solyc03g122140.2.1	388	16
268195	4081.Solyc11g010760.1.1	2.83	1
256957	4081.Solyc06g071880.2.1	571	20
257147	4081.Solyc06g073800.2.1	377	16
262254	4081.Solyc08g079150.1.1	12.6	2
260661	4081.Solyc08g014550.2.1	949	50
267474	4081.Solyc10g084310.1.1	251	8
262524	4081.Solyc08g081950.2.1	70.6	6
249722	4081.Solyc03g123610.2.1	111	7
248948	4081.Solyc03g114840.2.1	2.93	2
258102	4081.Solyc07g008720.2.1	1124	19
267658	4081.Solyc10g086180.1.1	178	98
257895	4081.Solyc07g006650.2.1	518	27
266781	4081.Solyc10g074360.1.1	241	11
265077	4081.Solyc09g092580.2.1	150	12
238178	4081.Solyc00g017210.1.1	297	123
270150	4081.Solyc12g005430.1.1	7.54	1
256413	4081.Solyc06g063370.2.1	540	18
256788	4081.Solyc06g069180.2.1	1.45	2
255240	4081.Solyc06g009190.2.1	3.25	7
241170	4081.Solyc01g090190.2.1	208	5
242675	4081.Solyc01g108340.2.1	1.57	1
244983	4081.Solyc02g080210.2.1	1579	241
254474	4081.Solyc05g052100.2.1	23.1	3
270100	4081.Solyc11g073250.1.1	60.8	6
244419	4081.Solyc02g070570.2.1	841	28
268308	4081.Solyc11g011910.1.1	23.4	3
247331	4081.Solyc03g045140.2.1	129	15
256470	4081.Solyc06g064940.2.1	121	10
244706	4081.Solyc02g077420.2.1	11.3	4
268197	4081.Solyc11g010780.1.1	328	13
241021	4081.Solyc01g087710.2.1	788	14
259483	4081.Solyc07g054190.2.1	165	4
251012	4081.Solyc04g049690.2.1	9.7	2
257111	4081.Solyc06g073430.2.1	892	9
256965	4081.Solyc06g071960.2.1	413	20
264530	4081.Solyc09g075120.2.1	430	11
271914	4081.Solyc12g062610.1.1	316	5
271588	4081.Solyc12g044260.1.1	11.6	1
256193	4081.Solyc06g060180.1.1	198	30
271767	4081.Solyc12g056100.1.1	81.7	6
249880	4081.Solyc04g007100.2.1	1.62	2
245627	4081.Solyc02g086730.1.1	855	16
267001	4081.Solyc10g078550.1.1	243	12
240201	4081.Solyc01g058380.1.1	311	15
266534	4081.Solyc10g052880.1.1	93.5	4
265849	4081.Solyc10g018810.1.1	180	5
242718	4081.Solyc01g108780.2.1	29.0	4
257625	4081.Solyc06g083620.2.1	216	11
255316	4081.Solyc06g009960.1.1	1660	215
238370	4081.Solyc00g042140.1.1	134	19
266585	4081.Solyc10g054380.1.1	1.33	1
259447	4081.Solyc07g053830.2.1	252	47
258163	4081.Solyc07g009330.2.1	954	9
250206	4081.Solyc04g011370.2.1	10.3	1
238855	4081.Solyc01g005560.2.1	2147	109
262520	4081.Solyc08g081910.2.1	1354	46
248122	4081.Solyc03g093360.2.1	2130	22
248061	4081.Solyc03g083770.1.1	630	8
259596	4081.Solyc07g055400.1.1	6.35	3
271200	4081.Solyc12g036200.1.1	197	3
257422	4081.Solyc06g076560.1.1	288	15
248098	4081.Solyc03g093120.2.1	49.1	11
267020	4081.Solyc10g078740.1.1	54.5	3
241148	4081.Solyc01g089970.2.1	2608	45
246188	4081.Solyc02g092410.2.1	73.8	2
262267	4081.Solyc08g079300.2.1	39.9	8
268130	4081.Solyc11g010100.1.1	3.41	2
248368	4081.Solyc03g096910.2.1	2.68	1
260628	4081.Solyc08g014190.2.1	176	15
269583	4081.Solyc11g066100.1.1	631	272
264881	4081.Solyc09g090610.2.1	210	11
250050	4081.Solyc04g008810.2.1	362	7
257224	4081.Solyc06g074570.1.1	60.1	8
252405	4081.Solyc04g082010.1.1	1195	10
246593	4081.Solyc03g006680.2.1	99.7	3
255997	4081.Solyc06g053170.2.1	768	5
269074	4081.Solyc11g042930.1.1	115	6
244463	4081.Solyc02g071010.1.1	131	24
267993	4081.Solyc11g007730.1.1	161	9
266881	4081.Solyc10g076350.1.1	2278	20
254622	4081.Solyc05g053590.2.1	10.3	14
266791	4081.Solyc10g074460.1.1	639	35
239131	4081.Solyc01g008320.2.1	42.8	3
242951	4081.Solyc01g111120.2.1	470	32
250340	4081.Solyc04g014720.2.1	547	29
242434	4081.Solyc01g105900.2.1	8.68	1
262462	4081.Solyc08g081320.2.1	38.0	4
254886	4081.Solyc05g056250.2.1	191	15
260543	4081.Solyc08g008340.2.1	149	8
245600	4081.Solyc02g086460.2.1	6.06	3
270500	4081.Solyc12g009930.1.1	125	6
245025	4081.Solyc02g080630.2.1	907	41
243984	4081.Solyc02g065210.2.1	9.99	4
254430	4081.Solyc05g051660.1.1	264	7
267455	4081.Solyc10g084120.1.1	320	4
253201	4081.Solyc05g012970.2.1	1148	62
245637	4081.Solyc02g086830.2.1	104	4
248480	4081.Solyc03g098050.2.1	64.5	5
252696	4081.Solyc05g006890.1.1	224	18
258919	4081.Solyc07g042440.2.1	380	11
271520	4081.Solyc12g042560.1.1	2.29	1
261870	4081.Solyc08g075240.2.1	36.2	7
253852	4081.Solyc05g025810.2.1	409	11
260130	4081.Solyc07g065820.2.1	18.7	1
270253	4081.Solyc12g006470.1.1	151	7
267565	4081.Solyc10g085240.1.1	3.22	1
271553	4081.Solyc12g042900.1.1	440	5
242464	4081.Solyc01g106210.2.1	246	19
250838	4081.Solyc04g039850.1.1	194	8
266166	4081.Solyc10g047030.1.1	2.87	1
262449	4081.Solyc08g081190.2.1	809	29
253656	4081.Solyc05g018700.2.1	1020	61
248037	4081.Solyc03g083520.2.1	129	4
241988	4081.Solyc01g100390.2.1	177	48
255073	4081.Solyc06g007510.2.1	81.7	6
265326	4081.Solyc10g006490.2.1	175	4
241844	4081.Solyc01g098940.2.1	4.88	7
251690	4081.Solyc04g072810.2.1	279	9
256961	4081.Solyc06g071920.2.1	1716	113
260690	4081.Solyc08g015860.2.1	163	25
257411	4081.Solyc06g076450.2.1	10.6	5
267620	4081.Solyc10g085790.1.1	20.4	3
262502	4081.Solyc08g081730.2.1	241	5
272477	4081.Solyc12g099260.1.1	1146	140
261251	4081.Solyc08g061850.2.1	690	58
261327	4081.Solyc08g062630.2.1	16.8	2
257346	4081.Solyc06g075800.1.1	238	19
240256	4081.Solyc01g059930.2.1	213	4
245182	4081.Solyc02g082200.2.1	314	7
266795	4081.Solyc10g074500.1.1	89.1	3
253021	4081.Solyc05g010160.2.1	1.58	1
254620	4081.Solyc05g053570.2.1	10.2	14
244426	4081.Solyc02g070640.2.1	200	13
244663	4081.Solyc02g076990.2.1	8.39	2
257019	4081.Solyc06g072510.2.1	38.6	4
263227	4081.Solyc09g011620.1.1	2.39	1
259304	4081.Solyc07g052370.2.1	3.05	2
242023	4081.Solyc01g100760.2.1	1014	34
253029	4081.Solyc05g010240.2.1	79.9	23
268019	4081.Solyc11g007990.1.1	39.6	6
254543	4081.Solyc05g052800.2.1	131	6
264987	4081.Solyc09g091670.2.1	10.2	13
253637	4081.Solyc05g018510.2.1	4.71	7
239136	4081.Solyc01g008370.2.1	198	8
257351	4081.Solyc06g075850.1.1	443	45
270498	4081.Solyc12g009910.1.1	2.16	3
246549	4081.Solyc03g006240.2.1	125	4
255846	4081.Solyc06g050590.2.1	64.9	2
246920	4081.Solyc03g025950.2.1	117	7
254784	4081.Solyc05g055230.1.1	821	26
247243	4081.Solyc03g044200.2.1	330	13
263178	4081.Solyc09g011130.1.1	25.8	2
261667	4081.Solyc08g068150.2.1	96.5	4
263563	4081.Solyc09g020130.2.1	119	9
255639	4081.Solyc06g036290.2.1	722	172
268313	4081.Solyc11g011960.1.1	851	65
249546	4081.Solyc03g120850.2.1	913	123
254938	4081.Solyc06g005160.2.1	3007	107
253892	4081.Solyc05g026220.1.1	8.54	2
255609	4081.Solyc06g035970.2.1	797	200
242628	4081.Solyc01g107870.2.1	259	17
254877	4081.Solyc05g056160.2.1	396	13
258835	4081.Solyc07g041490.1.1	831	23
242349	4081.Solyc01g105050.2.1	775	23
270545	4081.Solyc12g010380.1.1	4.5	1
257114	4081.Solyc06g073460.2.1	1482	37
256213	4081.Solyc06g060380.2.1	1.29	2
239707	4081.Solyc01g017220.1.1	211	4
267260	4081.Solyc10g081170.1.1	117	9
243271	4081.Solyc02g020940.2.1	152	23
262573	4081.Solyc08g082440.2.1	246	10
245969	4081.Solyc02g090190.1.1	2.23	1
265063	4081.Solyc09g092430.2.1	137	8
261556	4081.Solyc08g067020.2.1	382	5
251806	4081.Solyc04g074960.2.1	28.0	2
258869	4081.Solyc07g041900.2.1	769	29
260395	4081.Solyc08g006820.2.1	7.47	1
260672	4081.Solyc08g015660.2.1	245	10
244100	4081.Solyc02g067370.2.1	153	3
268331	4081.Solyc11g012140.1.1	118	14
238591	4081.Solyc00g125580.1.1	1.71	1
268795	4081.Solyc11g027880.1.1	201	16
250388	4081.Solyc04g015200.2.1	1.46	1
256542	4081.Solyc06g065670.2.1	4.69	6
254553	4081.Solyc05g052900.2.1	77.0	13
245543	4081.Solyc02g085870.2.1	632	46
255984	4081.Solyc06g052050.2.1	137	41
267789	4081.Solyc11g005670.1.1	617	416
260889	4081.Solyc08g029000.2.1	2.01	3
240814	4081.Solyc01g080600.2.1	250	13
262178	4081.Solyc08g078390.2.1	58.3	3
254671	4081.Solyc05g054090.2.1	2570	25
238722	4081.Solyc00g227860.1.1	2.29	1
254471	4081.Solyc05g052070.2.1	231	14
245131	4081.Solyc02g081690.1.1	291	9
249579	4081.Solyc03g121180.2.1	582	19
254792	4081.Solyc05g055310.2.1	1831	21
266260	4081.Solyc10g048030.1.1	4957	86
255600	4081.Solyc06g035870.2.1	402	10
268678	4081.Solyc11g020630.1.1	538	7
272211	4081.Solyc12g094620.1.1	738	35
245673	4081.Solyc02g087190.1.1	116	3
248498	4081.Solyc03g098230.2.1	103	5
255019	4081.Solyc06g005970.2.1	1.99	1
242001	4081.Solyc01g100520.2.1	324	10
270227	4081.Solyc12g006210.1.1	146	3
253946	4081.Solyc05g032820.1.1	9.26	1
266488	4081.Solyc10g051380.1.1	134	8
244477	4081.Solyc02g071150.2.1	147	3
267296	4081.Solyc10g081530.1.1	396	13
244035	4081.Solyc02g065730.1.1	3.47	2
259971	4081.Solyc07g064190.1.1	1.51	1
249496	4081.Solyc03g120350.2.1	20.8	2
244439	4081.Solyc02g070770.2.1	233	8
259009	4081.Solyc07g043360.1.1	579	7
260817	4081.Solyc08g022210.2.1	119	4
263102	4081.Solyc09g010370.2.1	393	27
241828	4081.Solyc01g098780.2.1	122	3
254666	4081.Solyc05g054040.2.1	29.0	4
243178	4081.Solyc02g012020.1.1	38.8	1
262719	4081.Solyc09g005460.1.1	24.8	4
242339	4081.Solyc01g104950.2.1	158	16
267042	4081.Solyc10g078960.1.1	1459	16
249724	4081.Solyc03g123630.2.1	3.95	7
268127	4081.Solyc11g009080.1.1	89.0	7
270289	4081.Solyc12g006830.1.1	377	14
239085	4081.Solyc01g007860.2.1	305	13
270511	4081.Solyc12g010040.1.1	1767	125
251356	4081.Solyc04g056390.2.1	1779	68
249820	4081.Solyc04g005510.2.1	339	21
240755	4081.Solyc01g080010.2.1	40.8	3
266710	4081.Solyc10g055680.1.1	110	4
252974	4081.Solyc05g009680.1.1	6.43	2
265662	4081.Solyc10g011870.2.1	46.4	2
269028	4081.Solyc11g042420.1.1	103	4
239684	4081.Solyc01g016990.1.1	2.44	1
244308	4081.Solyc02g069450.2.1	203	10
241932	4081.Solyc01g099830.2.1	2149	32
256779	4081.Solyc06g069090.2.1	675	13
257048	4081.Solyc06g072800.2.1	2.68	1
244396	4081.Solyc02g070330.2.1	437	48
244862	4081.Solyc02g078990.2.1	9.52	1
264056	4081.Solyc09g061340.1.1	14.5	11
246689	4081.Solyc03g007650.1.1	28.8	2
245086	4081.Solyc02g081240.1.1	84.8	8
266026	4081.Solyc10g044540.1.1	145	8
267009	4081.Solyc10g078630.1.1	1978	15
259543	4081.Solyc07g054820.2.1	157	5
269565	4081.Solyc11g065920.1.1	33.6	10
269572	4081.Solyc11g065990.1.1	375	151
263895	4081.Solyc09g057650.2.1	772	33
252659	4081.Solyc05g006520.2.1	286	11
240975	4081.Solyc01g087250.2.1	26.0	3
262867	4081.Solyc09g007940.2.1	57.5	4
261586	4081.Solyc08g067320.1.1	94.1	1
263365	4081.Solyc09g015020.1.1	22.4	2
262296	4081.Solyc08g079660.2.1	142	5
267261	4081.Solyc10g081180.1.1	399	3
242824	4081.Solyc01g109850.2.1	394	26
241352	4081.Solyc01g094010.2.1	820	29
252133	4081.Solyc04g079240.2.1	31.9	4
267681	4081.Solyc10g086410.2.1	1541	469
261978	4081.Solyc08g076360.2.1	409	18
268097	4081.Solyc11g008780.1.1	42.4	3
247875	4081.Solyc03g079900.2.1	68.3	13
246799	4081.Solyc03g019750.2.1	12.8	3
248081	4081.Solyc03g083970.2.1	284	12
269217	4081.Solyc11g045390.1.1	62.7	2
262486	4081.Solyc08g081570.2.1	590	16
257557	4081.Solyc06g082940.2.1	262	8
263231	4081.Solyc09g011660.2.1	75.2	4
245252	4081.Solyc02g082900.2.1	894	20
247131	4081.Solyc03g034060.2.1	6.16	1
248094	4081.Solyc03g093080.2.1	49.1	11
259155	4081.Solyc07g047850.2.1	941	39
241745	4081.Solyc01g097950.2.1	15.2	1
264986	4081.Solyc09g091660.2.1	10.1	14
269683	4081.Solyc11g067100.1.1	2795	34
239062	4081.Solyc01g007630.2.1	125	6
244427	4081.Solyc02g070650.2.1	200	13
259699	4081.Solyc07g056470.2.1	521	42
258409	4081.Solyc07g020860.2.1	839	16
241845	4081.Solyc01g098950.1.1	318	44
257268	4081.Solyc06g075010.2.1	1970	154
250271	4081.Solyc04g012040.2.1	57.5	7
256983	4081.Solyc06g072140.2.1	68.9	5
244462	4081.Solyc02g071000.1.1	86.8	21
249952	4081.Solyc04g007820.2.1	17158	164
265649	4081.Solyc10g011740.2.1	81.7	6
263946	4081.Solyc09g059210.1.1	66.0	3
265076	4081.Solyc09g092560.2.1	162	9
265132	4081.Solyc09g098170.2.1	2.89	2
252528	4081.Solyc05g005200.2.1	15.6	1
260207	4081.Solyc07g066600.2.1	3393	186
241255	4081.Solyc01g091050.2.1	435	29
262792	4081.Solyc09g007180.2.1	8.41	2
261856	4081.Solyc08g075090.2.1	127	23
272320	4081.Solyc12g096700.1.1	1152	58
257430	4081.Solyc06g076640.2.1	488	181
267398	4081.Solyc10g083540.1.1	71.7	10
247239	4081.Solyc03g044160.1.1	1.09	1
248630	4081.Solyc03g111570.2.1	1.94	1
251200	4081.Solyc04g051730.1.1	3.31	2
268200	4081.Solyc11g010810.1.1	2.38	1
255215	4081.Solyc06g008940.2.1	6.83	1
246041	4081.Solyc02g090930.2.1	42.9	4
254697	4081.Solyc05g054360.2.1	3.17	7
267530	4081.Solyc10g084890.1.1	1115	44
254618	4081.Solyc05g053550.2.1	4029	204
272212	4081.Solyc12g094630.1.1	453	6
255016	4081.Solyc06g005940.2.1	1155	73
239372	4081.Solyc01g010760.2.1	248	7
252554	4081.Solyc05g005460.2.1	73.0	6
244273	4081.Solyc02g069100.2.1	402	16
254630	4081.Solyc05g053670.2.1	260	11
254668	4081.Solyc05g054060.2.1	23.7	4
240935	4081.Solyc01g086820.2.1	250	13
249560	4081.Solyc03g120990.2.1	80.7	20
259034	4081.Solyc07g043630.1.1	150	22
270836	4081.Solyc12g017290.1.1	31.1	2
257234	4081.Solyc06g074670.2.1	59.6	9
270020	4081.Solyc11g072450.1.1	1262	21
245301	4081.Solyc02g083390.2.1	224	7
248455	4081.Solyc03g097790.2.1	777	28
259281	4081.Solyc07g052140.2.1	14.2	3
240963	4081.Solyc01g087120.2.1	541	14
250921	4081.Solyc04g047770.2.1	91.7	4
253155	4081.Solyc05g012510.2.1	66.9	6
268871	4081.Solyc11g030720.1.1	121	4
254415	4081.Solyc05g051510.2.1	53.4	5
267049	4081.Solyc10g079030.1.1	2.98	2
261285	4081.Solyc08g062190.2.1	245	8
246244	4081.Solyc02g092970.2.1	104	13
249343	4081.Solyc03g118820.2.1	3.21	2
244394	4081.Solyc02g070310.2.1	865	22
260138	4081.Solyc07g065900.2.1	94.1	11
246220	4081.Solyc02g092730.2.1	107	4
261924	4081.Solyc08g075780.2.1	170	2
248099	4081.Solyc03g093130.2.1	48.8	11
271768	4081.Solyc12g056110.1.1	389	28
254261	4081.Solyc05g049950.2.1	56.7	6
259731	4081.Solyc07g061790.2.1	223	8
269105	4081.Solyc11g044230.1.1	149	2
252135	4081.Solyc04g079260.2.1	30.3	4
262424	4081.Solyc08g080940.2.1	1473	24
244857	4081.Solyc02g078940.2.1	167	6
258249	4081.Solyc07g016200.2.1	809	17
254669	4081.Solyc05g054070.2.1	770	30
260426	4081.Solyc08g007140.2.1	618	16
265047	4081.Solyc09g092270.2.1	2098	85
241912	4081.Solyc01g099630.2.1	328	22
259967	4081.Solyc07g064150.2.1	265	4
250820	4081.Solyc04g039670.2.1	57.6	4
248766	4081.Solyc03g113020.2.1	14.7	2
241747	4081.Solyc01g097970.2.1	58.2	1
249126	4081.Solyc03g116620.2.1	16.1	5
239953	4081.Solyc01g049680.2.1	166	4
241865	4081.Solyc01g099150.2.1	13.0	3
246322	4081.Solyc02g093750.2.1	2.07	3
242050	4081.Solyc01g101040.2.1	713	34
239480	4081.Solyc01g013890.1.1	30.9	2
254580	4081.Solyc05g053170.2.1	6.78	2
267401	4081.Solyc10g083570.1.1	1820	87
251288	4081.Solyc04g054710.2.1	180	9
245451	4081.Solyc02g084920.2.1	1224	23
263105	4081.Solyc09g010400.2.1	277	11
252934	4081.Solyc05g009280.2.1	106	20
265117	4081.Solyc09g098010.2.1	4.49	2
251890	4081.Solyc04g076790.2.1	32.8	4
248920	4081.Solyc03g114560.2.1	1076	52
255949	4081.Solyc06g051650.2.1	2.37	1
250219	4081.Solyc04g011510.2.1	1726	58
260675	4081.Solyc08g015690.2.1	738	27
272280	4081.Solyc12g096300.1.1	1257	40
260770	4081.Solyc08g016750.2.1	70.1	7
241554	4081.Solyc01g096040.2.1	500	17
264670	4081.Solyc09g082520.2.1	136	11
261621	4081.Solyc08g067670.2.1	5.02	2
259492	4081.Solyc07g054280.1.1	1206	68
265652	4081.Solyc10g011770.2.1	193	4
243862	4081.Solyc02g062970.2.1	108	7
250285	4081.Solyc04g012180.2.1	3.5	2
260402	4081.Solyc08g006890.2.1	1543	228
259205	4081.Solyc07g049360.2.1	122	3
266962	4081.Solyc10g078150.1.1	701	18
244523	4081.Solyc02g071610.2.1	55.2	4
266252	4081.Solyc10g047950.1.1	32.7	3
252556	4081.Solyc05g005480.2.1	312	12
270061	4081.Solyc11g072860.1.1	443	45
251709	4081.Solyc04g073990.2.1	1535	56
249062	4081.Solyc03g115980.1.1	942	56
252680	4081.Solyc05g006730.2.1	301	12
264755	4081.Solyc09g083370.2.1	18.8	1
244982	4081.Solyc02g080200.2.1	1321	186
260059	4081.Solyc07g065090.1.1	1691	40
262107	4081.Solyc08g077680.2.1	146	9
251571	4081.Solyc04g071580.2.1	425	3
270960	4081.Solyc12g019620.1.1	1.17	2
248014	4081.Solyc03g083290.2.1	274	12
265353	4081.Solyc10g006760.2.1	7.28	1
248185	4081.Solyc03g094010.2.1	23.1	3
257087	4081.Solyc06g073190.2.1	3722	152
262951	4081.Solyc09g008800.2.1	966	17
241572	4081.Solyc01g096220.2.1	2.14	2
240933	4081.Solyc01g086800.2.1	284	10
241738	4081.Solyc01g097880.2.1	549	12
270602	4081.Solyc12g010950.1.1	21.0	1
242069	4081.Solyc01g101240.2.1	230	14
246570	4081.Solyc03g006450.1.1	558	6
272372	4081.Solyc12g098210.1.1	6.47	11
267917	4081.Solyc11g006970.1.1	191	8
243913	4081.Solyc02g063490.2.1	203	12
253643	4081.Solyc05g018570.2.1	135	9
248316	4081.Solyc03g096360.2.1	1610	16
252219	4081.Solyc04g080150.1.1	141	8
248569	4081.Solyc03g110960.2.1	303	18
239014	4081.Solyc01g007150.2.1	19.6	3
254891	4081.Solyc05g056300.2.1	196	8
256326	4081.Solyc06g062500.2.1	57.3	2
261802	4081.Solyc08g074550.2.1	15.5	3
260718	4081.Solyc08g016180.2.1	200	13
270637	4081.Solyc12g011300.1.1	293	31
260795	4081.Solyc08g021990.1.1	53.3	3
262882	4081.Solyc09g008090.2.1	1.45	3
246649	4081.Solyc03g007240.2.1	1000	38
249625	4081.Solyc03g121640.2.1	56.7	12
244208	4081.Solyc02g068450.2.1	1151	15
251591	4081.Solyc04g071790.1.1	3.51	1
256204	4081.Solyc06g060290.2.1	285	18
243844	4081.Solyc02g062790.2.1	5.97	1
257672	4081.Solyc06g084090.2.1	205	14
270496	4081.Solyc12g009890.1.1	5.46	1
249780	4081.Solyc04g005110.1.1	93.9	5
256695	4081.Solyc06g068240.2.1	319	64
267132	4081.Solyc10g079860.1.1	601	19
260531	4081.Solyc08g008220.2.1	81.7	6
259817	4081.Solyc07g062650.2.1	4214	107
249462	4081.Solyc03g120010.2.1	42.8	2
244109	4081.Solyc02g067460.2.1	970	22
239058	4081.Solyc01g007590.2.1	242	4
271802	4081.Solyc12g056450.1.1	122	16
249123	4081.Solyc03g116590.2.1	406	7
264689	4081.Solyc09g082710.2.1	78.6	10
246831	4081.Solyc03g020070.2.1	9.97	2
265004	4081.Solyc09g091840.2.1	535	21
260282	4081.Solyc08g005660.1.1	1003	62
259392	4081.Solyc07g053260.2.1	1187	64
241925	4081.Solyc01g099760.2.1	169	10
265550	4081.Solyc10g008760.2.1	72.1	3
241985	4081.Solyc01g100360.2.1	89.1	6
242791	4081.Solyc01g109520.2.1	605	30
242706	4081.Solyc01g108660.2.1	180	12
266625	4081.Solyc10g054800.1.1	2.36	1
272272	4081.Solyc12g096220.1.1	364	42
271908	4081.Solyc12g062550.1.1	235	19
252353	4081.Solyc04g081490.2.1	896	207
267675	4081.Solyc10g086350.1.1	129	21
242850	4081.Solyc01g110110.2.1	24.0	3
250146	4081.Solyc04g009770.2.1	310	14
253199	4081.Solyc05g012950.1.1	2641	88
239250	4081.Solyc01g009520.2.1	209	10
250606	4081.Solyc04g024420.2.1	126	5
247826	4081.Solyc03g078390.2.1	3.76	2
240734	4081.Solyc01g079800.2.1	2.09	1
261549	4081.Solyc08g066950.2.1	7.95	3
257837	4081.Solyc07g006070.1.1	712	9
248654	4081.Solyc03g111810.2.1	5703	511
244707	4081.Solyc02g077430.2.1	12.6	4
242053	4081.Solyc01g101070.2.1	1.3	2
267698	4081.Solyc10g086580.1.1	1269	86
265325	4081.Solyc10g006480.1.1	720	416
271781	4081.Solyc12g056240.1.1	180	14
239334	4081.Solyc01g010360.2.1	62.8	22
260717	4081.Solyc08g016170.2.1	35.8	5
266785	4081.Solyc10g074400.1.1	413	16
257786	4081.Solyc07g005560.2.1	423	14
250131	4081.Solyc04g009620.2.1	123	7
244679	4081.Solyc02g077150.1.1	5.03	2
257933	4081.Solyc07g007030.1.1	50.6	8
254641	4081.Solyc05g053780.2.1	226	4
250485	4081.Solyc04g016200.1.1	734	32
257017	4081.Solyc06g072490.2.1	254	17
270059	4081.Solyc11g072840.1.1	443	45
267569	4081.Solyc10g085280.1.1	3.74	1
238874	4081.Solyc01g005750.1.1	786	72
271656	4081.Solyc12g044970.1.1	0.571	1
239099	4081.Solyc01g008000.2.1	527	64
269985	4081.Solyc11g072100.1.1	3.83	2
244533	4081.Solyc02g071710.2.1	7394	262
272250	4081.Solyc12g096000.1.1	241	41
264531	4081.Solyc09g075130.2.1	616	5
251419	4081.Solyc04g058070.2.1	2.89	1
242947	4081.Solyc01g111080.2.1	1110	7
259149	4081.Solyc07g047790.2.1	19.0	3
244459	4081.Solyc02g070970.1.1	131	24
251574	4081.Solyc04g071610.2.1	575	10
242868	4081.Solyc01g110290.2.1	80.0	4
270600	4081.Solyc12g010930.1.1	229	20
264163	4081.Solyc09g064450.2.1	56.0	7
254866	4081.Solyc05g056050.2.1	243	9
241418	4081.Solyc01g094670.2.1	4.32	1
256439	4081.Solyc06g064630.2.1	408	15
248038	4081.Solyc03g083530.2.1	341	24
262252	4081.Solyc08g079130.1.1	7.8	2
247715	4081.Solyc03g065250.2.1	43.3	6
238928	4081.Solyc01g006290.2.1	683	19
263232	4081.Solyc09g011670.2.1	1004	18
257689	4081.Solyc06g084260.2.1	41.3	2
244438	4081.Solyc02g070760.2.1	33.4	2
256574	4081.Solyc06g066000.1.1	299	9
256376	4081.Solyc06g063000.2.1	29.0	3
259774	4081.Solyc07g062220.2.1	1.42	2
251615	4081.Solyc04g072060.2.1	116	11
255013	4081.Solyc06g005910.2.1	429	162
242303	4081.Solyc01g104590.2.1	3002	144
256423	4081.Solyc06g064460.2.1	439	31
247181	4081.Solyc03g042560.1.1	261	74
269645	4081.Solyc11g066720.1.1	151	16
262767	4081.Solyc09g005940.2.1	4116	268
263220	4081.Solyc09g011550.2.1	2.47	1
242875	4081.Solyc01g110360.2.1	205	27
257632	4081.Solyc06g083690.2.1	687	11
251342	4081.Solyc04g055260.2.1	205	9
269817	4081.Solyc11g069430.1.1	1680	49
259912	4081.Solyc07g063600.2.1	41.7	2
264994	4081.Solyc09g091740.2.1	153	8
239867	4081.Solyc01g028810.2.1	4839	349
264236	4081.Solyc09g065190.1.1	13.8	8
261011	4081.Solyc08g044260.2.1	4.7	3
241164	4081.Solyc01g090130.1.1	45.4	11
241087	4081.Solyc01g088370.2.1	53.9	5
252852	4081.Solyc05g008460.2.1	1198	209
244348	4081.Solyc02g069850.2.1	560	8
267409	4081.Solyc10g083650.1.1	1361	30
263217	4081.Solyc09g011520.2.1	2.26	1
239163	4081.Solyc01g008650.2.1	2.98	2
246042	4081.Solyc02g090940.2.1	6.56	1
249925	4081.Solyc04g007550.2.1	962	193
240713	4081.Solyc01g079590.2.1	360	7
242833	4081.Solyc01g109940.2.1	172	5
243373	4081.Solyc02g023970.2.1	700	33
267659	4081.Solyc10g086190.1.1	337	12
249678	4081.Solyc03g122180.2.1	26.9	3
239481	4081.Solyc01g013900.2.1	58.2	4
269606	4081.Solyc11g066330.1.1	4.86	3
269887	4081.Solyc11g070130.1.1	409	4
238948	4081.Solyc01g006490.2.1	10.6	2
241360	4081.Solyc01g094090.2.1	315	12
250378	4081.Solyc04g015100.2.1	174	7
269389	4081.Solyc11g062130.1.1	1154	126
259904	4081.Solyc07g063520.2.1	556	13
265091	4081.Solyc09g092760.2.1	329	4
249458	4081.Solyc03g119970.2.1	80.7	9
240654	4081.Solyc01g074000.2.1	250	13
258272	4081.Solyc07g017440.1.1	12.9	2
270208	4081.Solyc12g006010.1.1	260	8
260975	4081.Solyc08g041890.2.1	27.1	3
239240	4081.Solyc01g009420.2.1	48.0	8
250450	4081.Solyc04g015830.2.1	60.8	7
271562	4081.Solyc12g043000.1.1	19.5	3
256031	4081.Solyc06g053510.2.1	2.92	1
265072	4081.Solyc09g092520.2.1	46.1	11
269290	4081.Solyc11g051160.1.1	1932	145
267691	4081.Solyc10g086510.1.1	263	4
260577	4081.Solyc08g013670.2.1	300	6
248944	4081.Solyc03g114800.1.1	838	27
268106	4081.Solyc11g008870.1.1	165	15
246103	4081.Solyc02g091560.2.1	183	13
267139	4081.Solyc10g079930.1.1	1.57	3
257453	4081.Solyc06g076890.1.1	592	7
259871	4081.Solyc07g063190.2.1	340	11
263318	4081.Solyc09g014520.2.1	610	20
240565	4081.Solyc01g068080.2.1	472	14
244666	4081.Solyc02g077020.2.1	8.05	2
241984	4081.Solyc01g100350.2.1	406	36
259030	4081.Solyc07g043590.2.1	181	7
261198	4081.Solyc08g061320.2.1	0.713	1
261857	4081.Solyc08g075100.2.1	72.6	2
269640	4081.Solyc11g066670.1.1	68.5	7
270140	4081.Solyc12g005330.1.1	367	14
266950	4081.Solyc10g077040.1.1	51.4	3
251592	4081.Solyc04g071800.2.1	3.39	1
242043	4081.Solyc01g100970.2.1	295	6
254241	4081.Solyc05g048760.2.1	60.2	4
245509	4081.Solyc02g085520.2.1	5.38	1
239588	4081.Solyc01g015000.2.1	37.2	3
253743	4081.Solyc05g023720.1.1	63.3	5
255138	4081.Solyc06g008170.2.1	210	11
259035	4081.Solyc07g043640.2.1	75.8	14
248655	4081.Solyc03g111830.2.1	92.4	3
241684	4081.Solyc01g097340.2.1	77.2	8
265333	4081.Solyc10g006560.2.1	1843	23
267346	4081.Solyc10g082030.1.1	1608	43
264763	4081.Solyc09g084440.2.1	722	8
264625	4081.Solyc09g082060.2.1	498	12
241091	4081.Solyc01g088410.2.1	59.5	9
265228	4081.Solyc10g005510.2.1	180	20
241939	4081.Solyc01g099900.2.1	1156	24
264589	4081.Solyc09g075710.1.1	237	4
258244	4081.Solyc07g016150.2.1	1440	36
272462	4081.Solyc12g099110.1.1	14.1	2
255223	4081.Solyc06g009020.2.1	300	11
271573	4081.Solyc12g043110.1.1	977	100
269877	4081.Solyc11g070030.1.1	373	8
244412	4081.Solyc02g070500.1.1	2019	38
251768	4081.Solyc04g074580.1.1	187	11
251842	4081.Solyc04g076310.2.1	0.409	1
254511	4081.Solyc05g052470.2.1	22.9	2
242246	4081.Solyc01g104020.2.1	496	10
246300	4081.Solyc02g093530.2.1	79.9	10
240309	4081.Solyc01g060470.2.1	166	9
268140	4081.Solyc11g010200.1.1	2400	145
256597	4081.Solyc06g066230.2.1	2.98	2
268251	4081.Solyc11g011340.1.1	29.8	6
269002	4081.Solyc11g040140.1.1	19.3	3
269999	4081.Solyc11g072240.1.1	198	13
261587	4081.Solyc08g067330.1.1	24.4	5
251315	4081.Solyc04g054980.2.1	532	14
258524	4081.Solyc07g025100.1.1	32.9	1
263076	4081.Solyc09g010100.2.1	721	26
264870	4081.Solyc09g090500.2.1	523	27
257412	4081.Solyc06g076460.2.1	360	1
245324	4081.Solyc02g083620.2.1	116	6
260179	4081.Solyc07g066310.2.1	611	4
252590	4081.Solyc05g005820.2.1	166	30
238823	4081.Solyc01g005230.2.1	24.9	2
244003	4081.Solyc02g065400.2.1	1257	53
248552	4081.Solyc03g098790.1.1	15.8	2
267922	4081.Solyc11g007020.1.1	163	5
242052	4081.Solyc01g101060.2.1	872	64
249207	4081.Solyc03g117430.2.1	45.3	2
260530	4081.Solyc08g008210.2.1	377	26
243880	4081.Solyc02g063150.2.1	743	46
242237	4081.Solyc01g103930.2.1	466	17
270509	4081.Solyc12g010020.1.1	8.59	2
238011	4081.Solyc00g007270.2.1	141	3
255296	4081.Solyc06g009750.2.1	4.25	1
239355	4081.Solyc01g010580.2.1	238	18
248950	4081.Solyc03g114860.2.1	122	20
248345	4081.Solyc03g096680.1.1	23.7	2
261341	4081.Solyc08g062800.2.1	235	42
254677	4081.Solyc05g054150.2.1	3.08	2
261833	4081.Solyc08g074860.1.1	13.4	2
265463	4081.Solyc10g007870.2.1	1045	8
251899	4081.Solyc04g076890.2.1	109	2
270317	4081.Solyc12g007110.1.1	41.1	3
260195	4081.Solyc07g066470.2.1	61.4	3
252732	4081.Solyc05g007250.2.1	238	18
259698	4081.Solyc07g056460.2.1	194	15
254593	4081.Solyc05g053300.2.1	1329	74
259765	4081.Solyc07g062130.2.1	1550	126
252193	4081.Solyc04g079890.2.1	636	9
239207	4081.Solyc01g009090.2.1	27.9	2
260038	4081.Solyc07g064880.2.1	260	8
255802	4081.Solyc06g050120.2.1	393	29
246330	4081.Solyc02g093830.2.1	232	17
256496	4081.Solyc06g065210.2.1	13.5	4
265335	4081.Solyc10g006580.2.1	432	24
248656	4081.Solyc03g111840.2.1	820	14
263896	4081.Solyc09g057660.2.1	249	24
266722	4081.Solyc10g055800.1.1	156	21
240938	4081.Solyc01g086850.2.1	3.2	2
271236	4081.Solyc12g036560.1.1	3.87	1
249040	4081.Solyc03g115760.2.1	247	4
262801	4081.Solyc09g007270.2.1	848	44
260283	4081.Solyc08g005670.2.1	11913	257
246796	4081.Solyc03g019720.2.1	346	6
249734	4081.Solyc03g123730.2.1	103	8
243985	4081.Solyc02g065220.2.1	11.5	4
251148	4081.Solyc04g051190.2.1	3.04	1
250760	4081.Solyc04g026030.2.1	139	10
270620	4081.Solyc12g011130.1.1	103	13
251333	4081.Solyc04g055170.2.1	118	7
252467	4081.Solyc04g082630.2.1	50.1	10
238728	4081.Solyc00g230080.1.1	250	3
270513	4081.Solyc12g010060.1.1	712	19
257328	4081.Solyc06g075620.2.1	642	10
257096	4081.Solyc06g073280.2.1	1008	46
257824	4081.Solyc07g005940.2.1	226	16
260284	4081.Solyc08g005680.2.1	5018	234
266582	4081.Solyc10g054350.1.1	3.49	1
252119	4081.Solyc04g079100.2.1	0.822	1
249607	4081.Solyc03g121460.1.1	412	4
241493	4081.Solyc01g095430.2.1	582	7
241870	4081.Solyc01g099200.2.1	2.12	3
240443	4081.Solyc01g066840.2.1	700	8
238989	4081.Solyc01g006900.2.1	421	7
252205	4081.Solyc04g080010.2.1	87.7	3
254884	4081.Solyc05g056230.2.1	256	11
250208	4081.Solyc04g011390.1.1	443	45
261262	4081.Solyc08g061960.2.1	697	58
259694	4081.Solyc07g056420.2.1	472	42
239875	4081.Solyc01g028900.2.1	315	12
270001	4081.Solyc11g072260.1.1	341	24
260067	4081.Solyc07g065170.2.1	891	24
272400	4081.Solyc12g098490.1.1	1552	108
270401	4081.Solyc12g008940.1.1	386	11
250110	4081.Solyc04g009410.2.1	579	13
242112	4081.Solyc01g102660.2.1	2136	34
238825	4081.Solyc01g005250.2.1	361	11
257550	4081.Solyc06g082870.2.1	177	13
262347	4081.Solyc08g080170.2.1	1004	60
255355	4081.Solyc06g011350.2.1	252	16
248593	4081.Solyc03g111200.2.1	315	10
246278	4081.Solyc02g093310.2.1	24.7	5
259617	4081.Solyc07g055640.1.1	1.9	3
242956	4081.Solyc01g111170.2.1	4468	88
248466	4081.Solyc03g097900.2.1	254	17
264613	4081.Solyc09g075950.1.1	8.15	1
242555	4081.Solyc01g107130.2.1	142	9
242127	4081.Solyc01g102820.2.1	190	7
242314	4081.Solyc01g104700.2.1	1403	76
271841	4081.Solyc12g056840.1.1	160	9
262611	4081.Solyc08g082820.2.1	295	112
240149	4081.Solyc01g057830.2.1	79.2	6
268070	4081.Solyc11g008510.1.1	321	4
257375	4081.Solyc06g076090.2.1	427	159
263606	4081.Solyc09g031600.2.1	2.34	1
242347	4081.Solyc01g105030.2.1	794	23
255744	4081.Solyc06g048540.2.1	92.3	3
270962	4081.Solyc12g019640.1.1	2.88	4
252505	4081.Solyc04g083140.1.1	4.56	1
259839	4081.Solyc07g062870.2.1	130	4
259941	4081.Solyc07g063890.2.1	432	24
254544	4081.Solyc05g052810.2.1	84.7	6
241491	4081.Solyc01g095410.2.1	113	3
266723	4081.Solyc10g055810.1.1	286	26
264717	4081.Solyc09g082990.2.1	241	14
267078	4081.Solyc10g079320.1.1	2.0	3
266287	4081.Solyc10g049320.1.1	3.81	2
252363	4081.Solyc04g081590.2.1	2.15	1
256371	4081.Solyc06g062950.1.1	251	17
246315	4081.Solyc02g093680.2.1	85.5	4
260280	4081.Solyc08g005640.2.1	2233	264
249896	4081.Solyc04g007260.2.1	172	6
251078	4081.Solyc04g050390.1.1	36.9	4
256831	4081.Solyc06g069610.1.1	3.43	1
257285	4081.Solyc06g075180.1.1	336	22
257526	4081.Solyc06g082630.2.1	51.9	6
266740	4081.Solyc10g061970.1.1	618	16
254720	4081.Solyc05g054590.2.1	17.8	3
238800	4081.Solyc01g005000.2.1	38.5	9
263833	4081.Solyc09g055990.1.1	1.97	1
243669	4081.Solyc02g044030.1.1	113	14
267543	4081.Solyc10g085020.1.1	517	180
248219	4081.Solyc03g095360.2.1	78.2	2
252300	4081.Solyc04g080960.2.1	465	17
262343	4081.Solyc08g080130.2.1	46.6	3
249673	4081.Solyc03g122130.2.1	14.0	2
265472	4081.Solyc10g007980.2.1	229	20
260403	4081.Solyc08g006900.2.1	752	20
267372	4081.Solyc10g083280.1.1	721	26
270366	4081.Solyc12g008590.1.1	3621	15
262799	4081.Solyc09g007250.2.1	833	50
241317	4081.Solyc01g091670.2.1	101	4
244071	4081.Solyc02g067080.2.1	59.1	11
254263	4081.Solyc05g049970.2.1	2.93	1
257210	4081.Solyc06g074430.2.1	1839	32
267502	4081.Solyc10g084610.1.1	230	6
249297	4081.Solyc03g118340.2.1	279	56
267393	4081.Solyc10g083490.1.1	116	12
242949	4081.Solyc01g111100.2.1	12.5	4
267448	4081.Solyc10g084050.1.1	422	126
245628	4081.Solyc02g086740.1.1	337	10
242433	4081.Solyc01g105890.2.1	61.5	7
268198	4081.Solyc11g010790.1.1	52.7	3
261810	4081.Solyc08g074630.1.1	672	89
242432	4081.Solyc01g105880.2.1	14.9	3
257105	4081.Solyc06g073370.2.1	501	16
257686	4081.Solyc06g084230.2.1	897	18
239725	4081.Solyc01g017400.1.1	16.0	2
259565	4081.Solyc07g055060.2.1	184	47
254805	4081.Solyc05g055440.1.1	217	19
244278	4081.Solyc02g069150.2.1	82.7	2
257313	4081.Solyc06g075470.1.1	315	8
257631	4081.Solyc06g083680.2.1	57.9	2
259862	4081.Solyc07g063100.2.1	72.8	3
257157	4081.Solyc06g073900.2.1	1652	13
238944	4081.Solyc01g006450.2.1	15.6	1
239048	4081.Solyc01g007490.2.1	191	4
264460	4081.Solyc09g074420.2.1	26.0	2
270260	4081.Solyc12g006540.1.1	173	5
267755	4081.Solyc11g005330.1.1	1019	211
257730	4081.Solyc07g005000.2.1	2.97	1
241926	4081.Solyc01g099770.2.1	874	27
254732	4081.Solyc05g054710.2.1	83.4	4
252450	4081.Solyc04g082460.2.1	57.0	8
267356	4081.Solyc10g083120.1.1	222	11
272550	4081.Solyc12g099990.1.1	198	13
264764	4081.Solyc09g084450.2.1	293	4
261616	4081.Solyc08g067620.2.1	1.28	5
262110	4081.Solyc08g077710.2.1	440	16
268679	4081.Solyc11g020640.1.1	519	16
244236	4081.Solyc02g068730.2.1	8.44	2
244957	4081.Solyc02g079950.2.1	1022	21
271098	4081.Solyc12g033070.1.1	259	11
256703	4081.Solyc06g068320.2.1	62.1	6
265259	4081.Solyc10g005820.1.1	153	5
264937	4081.Solyc09g091170.2.1	525	5
246672	4081.Solyc03g007470.2.1	81.7	6
265900	4081.Solyc10g024340.1.1	177	6
247814	4081.Solyc03g078270.1.1	388	33
246450	4081.Solyc03g005250.2.1	135	20
252361	4081.Solyc04g081570.2.1	352	29
268167	4081.Solyc11g010470.1.1	592	49
248844	4081.Solyc03g113800.2.1	1074	57
256557	4081.Solyc06g065830.1.1	6.06	2
260973	4081.Solyc08g041870.2.1	424	25
265118	4081.Solyc09g098030.2.1	164	18
249798	4081.Solyc04g005290.2.1	2.09	2
251761	4081.Solyc04g074510.2.1	540	72
254696	4081.Solyc05g054350.2.1	57.2	5
244579	4081.Solyc02g072180.2.1	20.5	3
242033	4081.Solyc01g100860.2.1	668	64
248021	4081.Solyc03g083360.2.1	4.98	7
257246	4081.Solyc06g074790.1.1	539	21
243780	4081.Solyc02g062130.2.1	62.4	7
261563	4081.Solyc08g067090.2.1	0.931	1
258930	4081.Solyc07g042550.2.1	1122	117
271574	4081.Solyc12g043120.1.1	351	59
261916	4081.Solyc08g075700.2.1	1132	22
256532	4081.Solyc06g065570.2.1	100	2
266515	4081.Solyc10g052660.1.1	496	8
254794	4081.Solyc05g055330.2.1	1.22	5
253206	4081.Solyc05g013030.1.1	534	29
268163	4081.Solyc11g010430.1.1	102	2
254900	4081.Solyc05g056390.2.1	279	7
260385	4081.Solyc08g006720.2.1	2261	64
243003	4081.Solyc01g111640.2.1	102	6
247977	4081.Solyc03g082920.2.1	571	130
254220	4081.Solyc05g047530.2.1	11.9	1
272115	4081.Solyc12g088670.1.1	2343	91
268214	4081.Solyc11g010960.1.1	1321	47
240090	4081.Solyc01g057220.2.1	3.48	7
266724	4081.Solyc10g055820.1.1	90.8	15
243004	4081.Solyc01g111650.2.1	113	6
269924	4081.Solyc11g071490.1.1	696	14
241945	4081.Solyc01g099960.2.1	1.08	1
246284	4081.Solyc02g093370.2.1	18.2	1
238221	4081.Solyc00g020990.1.1	5.52	2
241918	4081.Solyc01g099690.2.1	133	5
241743	4081.Solyc01g097930.2.1	38.9	3
247725	4081.Solyc03g070390.2.1	76.4	18
269778	4081.Solyc11g069040.2.1	632	14
268815	4081.Solyc11g028100.1.1	813	75
263019	4081.Solyc09g009530.2.1	138	7
266759	4081.Solyc10g062160.1.1	11.5	2
254667	4081.Solyc05g054050.2.1	32.1	8
250979	4081.Solyc04g049350.2.1	172	10
246645	4081.Solyc03g007200.1.1	42.2	4
267256	4081.Solyc10g081130.1.1	448	25
240776	4081.Solyc01g080220.2.1	199	5
255074	4081.Solyc06g007520.2.1	393	22
257581	4081.Solyc06g083180.2.1	1757	51
267240	4081.Solyc10g080970.1.1	100	4
263005	4081.Solyc09g009390.2.1	709	49
248097	4081.Solyc03g093110.2.1	48.8	11
268620	4081.Solyc11g020040.1.1	192	22
251991	4081.Solyc04g077810.1.1	6.64	2
250795	4081.Solyc04g028390.1.1	6.19	1
265452	4081.Solyc10g007760.2.1	206	7
246174	4081.Solyc02g092270.2.1	1953	2
257245	4081.Solyc06g074780.1.1	624	23
245343	4081.Solyc02g083810.2.1	496	24
241685	4081.Solyc01g097350.2.1	432	9
245931	4081.Solyc02g089810.2.1	2.53	1
269854	4081.Solyc11g069800.1.1	484	33
269595	4081.Solyc11g066220.1.1	8.01	2
243800	4081.Solyc02g062340.2.1	615	36
249871	4081.Solyc04g007010.2.1	1975	35
243022	4081.Solyc01g111830.2.1	164	6
252588	4081.Solyc05g005800.2.1	14.7	3
270432	4081.Solyc12g009250.1.1	1918	53
257725	4081.Solyc06g084620.1.1	2.76	7
266709	4081.Solyc10g055670.1.1	607	67
266804	4081.Solyc10g074590.1.1	42.4	2
272120	4081.Solyc12g088720.1.1	71.9	6
267949	4081.Solyc11g007290.1.1	1.81	7
272499	4081.Solyc12g099480.1.1	35.6	6
256390	4081.Solyc06g063140.2.1	99.4	8
270603	4081.Solyc12g010960.1.1	72.1	4
249677	4081.Solyc03g122170.2.1	11.9	2
251511	4081.Solyc04g070980.2.1	44.8	3
260222	4081.Solyc08g005060.2.1	236	4
245162	4081.Solyc02g082000.2.1	596	10
265178	4081.Solyc09g098770.1.1	10.2	3
245741	4081.Solyc02g087880.2.1	1440	215
259124	4081.Solyc07g045540.2.1	7.09	1
270193	4081.Solyc12g005860.1.1	918	83
269588	4081.Solyc11g066150.1.1	8.46	2
271298	4081.Solyc12g038200.1.1	12.6	3
261351	4081.Solyc08g062910.2.1	1608	202
257642	4081.Solyc06g083790.2.1	603	33
271796	4081.Solyc12g056390.1.1	88.1	2
242024	4081.Solyc01g100770.2.1	332	19
260175	4081.Solyc07g066270.2.1	9.84	1
245822	4081.Solyc02g088700.2.1	222	10
262879	4081.Solyc09g008060.2.1	1.17	3
242350	4081.Solyc01g105060.2.1	557	20
269728	4081.Solyc11g068540.1.1	268	5
252129	4081.Solyc04g079200.2.1	108	4
244545	4081.Solyc02g071830.1.1	1.51	2
264767	4081.Solyc09g084480.2.1	361	4
268428	4081.Solyc11g013110.1.1	1181	37
264525	4081.Solyc09g075070.2.1	2.16	1
254709	4081.Solyc05g054480.2.1	465	153
242415	4081.Solyc01g105710.2.1	1226	11
246337	4081.Solyc02g093900.2.1	172	6
252577	4081.Solyc05g005690.1.1	334	14
251755	4081.Solyc04g074450.1.1	50.8	8
256153	4081.Solyc06g059720.2.1	19.7	2
249197	4081.Solyc03g117330.2.1	62.5	6
272262	4081.Solyc12g096120.1.1	166	2
255069	4081.Solyc06g007470.2.1	385	7
240559	4081.Solyc01g068020.2.1	24.2	2
264359	4081.Solyc09g066430.2.1	523	12
244461	4081.Solyc02g070990.1.1	131	24
251667	4081.Solyc04g072580.1.1	1.3	1
266623	4081.Solyc10g054780.1.1	246	11
257347	4081.Solyc06g075810.2.1	769	8
249721	4081.Solyc03g123600.2.1	3.22	1
256356	4081.Solyc06g062800.2.1	159	33
270796	4081.Solyc12g015880.1.1	3097	437
266489	4081.Solyc10g051390.1.1	15.1	1
261773	4081.Solyc08g074240.2.1	1116	41
254365	4081.Solyc05g051000.2.1	341	24
254710	4081.Solyc05g054490.2.1	390	13
256424	4081.Solyc06g064470.2.1	397	29
252289	4081.Solyc04g080850.2.1	1243	21
256155	4081.Solyc06g059740.2.1	452	21
249867	4081.Solyc04g006970.2.1	3.05	2
270117	4081.Solyc12g005100.1.1	1.24	1
247916	4081.Solyc03g081320.2.1	2.62	1
261990	4081.Solyc08g076480.2.1	190	4
246829	4081.Solyc03g020050.2.1	7.66	2
251754	4081.Solyc04g074440.1.1	16.5	4
269525	4081.Solyc11g065490.1.1	56.9	3
259970	4081.Solyc07g064180.2.1	5.07	8
254656	4081.Solyc05g053940.2.1	70.1	12
252007	4081.Solyc04g077970.2.1	535	20
242728	4081.Solyc01g108880.2.1	307	8
262256	4081.Solyc08g079180.2.1	65.9	7
241093	4081.Solyc01g088430.2.1	671	55
240595	4081.Solyc01g068400.2.1	924	5
270499	4081.Solyc12g009920.1.1	5.24	3
240530	4081.Solyc01g067730.2.1	874	7
262398	4081.Solyc08g080680.2.1	591	10
267141	4081.Solyc10g079950.1.1	1.25	3
257644	4081.Solyc06g083810.2.1	160	5
249248	4081.Solyc03g117850.2.1	61.5	13
255645	4081.Solyc06g036350.2.1	221	7
265405	4081.Solyc10g007290.2.1	106	40
271424	4081.Solyc12g040570.1.1	9.19	1
255242	4081.Solyc06g009210.2.1	299	8
263353	4081.Solyc09g014900.2.1	159	9
244749	4081.Solyc02g077860.1.1	542	16
239032	4081.Solyc01g007330.2.1	4342	210
268139	4081.Solyc11g010190.1.1	107	7
261885	4081.Solyc08g075390.2.1	29.6	3
246035	4081.Solyc02g090870.1.1	35.9	16
269534	4081.Solyc11g065600.1.1	1113	57
245813	4081.Solyc02g088610.2.1	210	17
250261	4081.Solyc04g011940.1.1	3.45	2
251753	4081.Solyc04g074430.1.1	300	10
272571	4081.Solyc12g100200.1.1	89.7	7
255114	4081.Solyc06g007930.2.1	1185	27
251599	4081.Solyc04g071900.2.1	27.6	2
251800	4081.Solyc04g074900.2.1	110	3
248401	4081.Solyc03g097250.2.1	206	4
245404	4081.Solyc02g084440.2.1	2016	93
257402	4081.Solyc06g076360.2.1	34.6	3
268062	4081.Solyc11g008430.1.1	261	10
239333	4081.Solyc01g010350.2.1	18.9	1
265801	4081.Solyc10g018300.1.1	166	22
268243	4081.Solyc11g011260.1.1	10.3	3
257106	4081.Solyc06g073380.2.1	1.28	2
270539	4081.Solyc12g010320.1.1	267	4
244300	4081.Solyc02g069370.2.1	22.4	3
253645	4081.Solyc05g018590.2.1	135	9
267847	4081.Solyc11g006250.1.1	1040	36
257349	4081.Solyc06g075830.1.1	443	45
261615	4081.Solyc08g067610.2.1	1.24	5
242182	4081.Solyc01g103370.2.1	187	6
267507	4081.Solyc10g084660.1.1	10.3	1
259020	4081.Solyc07g043480.1.1	1.61	3
242723	4081.Solyc01g108830.1.1	102	2
245934	4081.Solyc02g089840.2.1	6.15	3
268255	4081.Solyc11g011380.1.1	1068	39
262865	4081.Solyc09g007920.2.1	565	200
241741	4081.Solyc01g097910.2.1	324	6
248379	4081.Solyc03g097030.2.1	161	8
259197	4081.Solyc07g049280.2.1	13.8	2
242321	4081.Solyc01g104770.2.1	2034	284
256870	4081.Solyc06g071000.2.1	60.0	4
242360	4081.Solyc01g105160.2.1	1.18	1
263081	4081.Solyc09g010150.2.1	3.36	1
268726	4081.Solyc11g021130.1.1	28.9	3
265059	4081.Solyc09g092390.2.1	1621	167
267948	4081.Solyc11g007280.1.1	1.49	6
251675	4081.Solyc04g072660.2.1	69.3	3
268973	4081.Solyc11g039830.1.1	35.9	4
241593	4081.Solyc01g096430.2.1	135	3
239107	4081.Solyc01g008080.2.1	388	7
254495	4081.Solyc05g052310.2.1	31.6	2
267196	4081.Solyc10g080500.1.1	529	179
242700	4081.Solyc01g108600.2.1	104	14
270623	4081.Solyc12g011160.1.1	184	8
252429	4081.Solyc04g082250.2.1	340	19
252319	4081.Solyc04g081150.2.1	187	11
244456	4081.Solyc02g070940.1.1	131	24
244399	4081.Solyc02g070360.2.1	437	48
242990	4081.Solyc01g111510.2.1	324	11
260576	4081.Solyc08g008670.2.1	11.3	2
241018	4081.Solyc01g087680.2.1	39.7	2
272213	4081.Solyc12g094640.1.1	54.6	10
263017	4081.Solyc09g009510.2.1	40.5	4
262880	4081.Solyc09g008070.2.1	304	97
254837	4081.Solyc05g055760.2.1	165	14
262246	4081.Solyc08g079070.2.1	179	6
259279	4081.Solyc07g052120.2.1	12.5	3
254825	4081.Solyc05g055640.2.1	321	4
255079	4081.Solyc06g007570.2.1	565	34
264787	4081.Solyc09g089670.2.1	22.3	2
245529	4081.Solyc02g085730.2.1	124	4
253147	4081.Solyc05g012420.2.1	62.4	22
261052	4081.Solyc08g045710.1.1	1812	10
262344	4081.Solyc08g080140.2.1	165	17
247827	4081.Solyc03g078400.2.1	2722	353
267335	4081.Solyc10g081920.1.1	44.1	5
254737	4081.Solyc05g054760.2.1	1225	34
263928	4081.Solyc09g058990.2.1	6.26	1
267287	4081.Solyc10g081440.1.1	1286	35
249837	4081.Solyc04g005680.2.1	238	18
242801	4081.Solyc01g109620.2.1	172	5
244395	4081.Solyc02g070320.2.1	437	48
253638	4081.Solyc05g018520.2.1	96.8	3
260288	4081.Solyc08g005720.2.1	1263	131
247773	4081.Solyc03g071860.2.1	56.8	20
256875	4081.Solyc06g071050.2.1	7.29	1
261169	4081.Solyc08g061000.2.1	148	12
255998	4081.Solyc06g053180.2.1	152	2
259414	4081.Solyc07g053480.2.1	12.8	5
264202	4081.Solyc09g064850.2.1	190	7
251440	4081.Solyc04g063290.2.1	38.3	3
246096	4081.Solyc02g091490.2.1	269	14
272451	4081.Solyc12g099000.1.1	649	59
255133	4081.Solyc06g008120.1.1	261	3
251473	4081.Solyc04g064610.2.1	4.72	1
267642	4081.Solyc10g086010.1.1	624	46
269936	4081.Solyc11g071610.1.1	25.3	10
254961	4081.Solyc06g005390.1.1	501	21
263128	4081.Solyc09g010630.2.1	2739	537
249227	4081.Solyc03g117630.1.1	269	148
272401	4081.Solyc12g098500.1.1	1043	119
264971	4081.Solyc09g091510.2.1	3841	185
241470	4081.Solyc01g095200.2.1	56.5	2
240708	4081.Solyc01g079540.2.1	576	42
257894	4081.Solyc07g006640.2.1	120	4
262864	4081.Solyc09g007910.2.1	615	195
258246	4081.Solyc07g016170.2.1	213	32
254957	4081.Solyc06g005350.2.1	52.6	9
265475	4081.Solyc10g008010.2.1	243	16
261446	4081.Solyc08g065900.2.1	68.4	4
244667	4081.Solyc02g077030.2.1	4.67	1
241866	4081.Solyc01g099160.2.1	31.7	6
262269	4081.Solyc08g079330.1.1	4.34	1
260151	4081.Solyc07g066030.2.1	16.4	4
238763	4081.Solyc00g282510.1.1	110	71
271779	4081.Solyc12g056220.1.1	659	29
259037	4081.Solyc07g043660.2.1	360	39
238929	4081.Solyc01g006300.2.1	49.8	1
256665	4081.Solyc06g067940.2.1	237	5
254831	4081.Solyc05g055700.2.1	220	4
265899	4081.Solyc10g024330.1.1	85.6	2
241579	4081.Solyc01g096290.2.1	3256	416
265485	4081.Solyc10g008110.2.1	219	18
245079	4081.Solyc02g081170.2.1	108	3
269789	4081.Solyc11g069150.1.1	682	22
246061	4081.Solyc02g091130.2.1	712	149
258387	4081.Solyc07g019620.1.1	92.7	5
247749	4081.Solyc03g071620.1.1	217	19
246827	4081.Solyc03g020030.2.1	850	46
260205	4081.Solyc07g066580.2.1	126	5
263897	4081.Solyc09g057670.2.1	601	14
267230	4081.Solyc10g080870.2.1	81.3	4
245423	4081.Solyc02g084640.2.1	12.5	1
249594	4081.Solyc03g121330.2.1	576	10
265324	4081.Solyc10g006470.2.1	265	4
270101	4081.Solyc11g073260.1.1	60.8	6
259214	4081.Solyc07g049450.2.1	177	7
258360	4081.Solyc07g018360.2.1	105	7
272094	4081.Solyc12g088460.1.1	226	9
240657	4081.Solyc01g074030.2.1	2905	140
257790	4081.Solyc07g005600.2.1	120	8
251597	4081.Solyc04g071880.2.1	21.4	10
269812	4081.Solyc11g069380.1.1	3675	350
262774	4081.Solyc09g006010.2.1	3223	28
248975	4081.Solyc03g115110.2.1	963	32
267720	4081.Solyc10g087030.1.1	1098	83
256956	4081.Solyc06g071870.2.1	488	20
265306	4081.Solyc10g006290.2.1	502	17
268216	4081.Solyc11g010990.1.1	34.5	6
250934	4081.Solyc04g048900.2.1	1.4	1
259255	4081.Solyc07g051850.2.1	156	10
241869	4081.Solyc01g099190.2.1	1.94	3
243015	4081.Solyc01g111760.2.1	862	77
255946	4081.Solyc06g051620.2.1	49.3	2
267950	4081.Solyc11g007300.1.1	2.36	6
241987	4081.Solyc01g100380.2.1	2446	95
264064	4081.Solyc09g061420.2.1	0.839	1
241090	4081.Solyc01g088400.2.1	93.9	18
270739	4081.Solyc12g014310.1.1	623	17
265614	4081.Solyc10g009410.1.1	5.31	2
258927	4081.Solyc07g042520.2.1	58.0	13
259822	4081.Solyc07g062700.2.1	374	13
261968	4081.Solyc08g076220.2.1	134	5
247447	4081.Solyc03g058390.1.1	12.3	19
256409	4081.Solyc06g063330.2.1	1096	172
272204	4081.Solyc12g094550.1.1	1.87	3
241405	4081.Solyc01g094540.2.1	30.5	4
258765	4081.Solyc07g040750.1.1	72.1	17
259616	4081.Solyc07g055630.2.1	4.46	3
249839	4081.Solyc04g005700.2.1	29073	504
239266	4081.Solyc01g009680.2.1	454	120
262111	4081.Solyc08g077720.2.1	618	16
241867	4081.Solyc01g099170.2.1	3.06	3
267478	4081.Solyc10g084350.1.1	1070	37
250015	4081.Solyc04g008460.2.1	408	15
268203	4081.Solyc11g010850.1.1	2337	113
248986	4081.Solyc03g115220.2.1	1321	85
262389	4081.Solyc08g080590.2.1	885	18
267440	4081.Solyc10g083970.1.1	675	64
241111	4081.Solyc01g088610.2.1	455	6
270862	4081.Solyc12g017570.1.1	233	29
251398	4081.Solyc04g057860.1.1	16.6	1
271769	4081.Solyc12g056120.1.1	963	57
271634	4081.Solyc12g044740.1.1	201	7
270447	4081.Solyc12g009400.1.1	142	14
248147	4081.Solyc03g093620.1.1	25.3	7
249280	4081.Solyc03g118170.2.1	15.8	2
267274	4081.Solyc10g081310.1.1	364	5
241805	4081.Solyc01g098550.2.1	283	8
244460	4081.Solyc02g070980.1.1	131	24
238706	4081.Solyc00g203660.1.1	203	19
249257	4081.Solyc03g117940.2.1	79.8	3
262266	4081.Solyc08g079280.2.1	280	20
255797	4081.Solyc06g049080.2.1	285	6
248242	4081.Solyc03g095600.1.1	2.01	3
267246	4081.Solyc10g081030.1.1	694	23
256427	4081.Solyc06g064510.2.1	365	11
267716	4081.Solyc10g086760.1.1	517	180
253744	4081.Solyc05g023730.1.1	124	4
264534	4081.Solyc09g075160.2.1	657	19
263745	4081.Solyc09g050080.1.1	291	8
246515	4081.Solyc03g005900.2.1	17.4	2
249737	4081.Solyc03g123760.2.1	62.2	4
252127	4081.Solyc04g079180.2.1	200	7
271381	4081.Solyc12g039120.1.1	640	11
270586	4081.Solyc12g010790.1.1	11.8	5
268143	4081.Solyc11g010230.1.1	187	11
246447	4081.Solyc03g005220.2.1	78.6	10
255057	4081.Solyc06g007340.2.1	169	6
256742	4081.Solyc06g068710.2.1	45.1	2
252933	4081.Solyc05g009270.2.1	61.2	12
271725	4081.Solyc12g055680.1.1	4.61	2
247143	4081.Solyc03g034180.2.1	375	68
270080	4081.Solyc11g073050.1.1	129	21
256165	4081.Solyc06g059850.1.1	14.1	1
271629	4081.Solyc12g044690.1.1	76.6	5
264288	4081.Solyc09g065720.2.1	0.986	1
260416	4081.Solyc08g007040.2.1	109	3
255906	4081.Solyc06g051200.2.1	135	4
260053	4081.Solyc07g065030.2.1	182	4
271475	4081.Solyc12g042080.1.1	377	16
248024	4081.Solyc03g083390.2.1	171	4
258125	4081.Solyc07g008950.2.1	34.6	3
258233	4081.Solyc07g016040.1.1	253	2
254948	4081.Solyc06g005260.2.1	1103	14
263098	4081.Solyc09g010330.2.1	913	16
260156	4081.Solyc07g066080.2.1	34.7	2
262092	4081.Solyc08g077530.2.1	2.03	1
259058	4081.Solyc07g044860.2.1	1349	35
256880	4081.Solyc06g071100.2.1	53.6	6
242504	4081.Solyc01g106620.2.1	136	7
242034	4081.Solyc01g100870.2.1	516	64
268328	4081.Solyc11g012110.1.1	1520	49
239396	4081.Solyc01g011000.2.1	339	21
259106	4081.Solyc07g045350.2.1	461	24
249744	4081.Solyc03g123830.2.1	38.7	4
259004	4081.Solyc07g043310.2.1	4.33	1
254400	4081.Solyc05g051360.1.1	2.9	1
257121	4081.Solyc06g073530.1.1	19.3	6
252302	4081.Solyc04g080980.2.1	255	47
264067	4081.Solyc09g061450.1.1	34.8	2
242805	4081.Solyc01g109660.2.1	1606	41
253493	4081.Solyc05g015950.2.1	178	11
254195	4081.Solyc05g046290.2.1	65.3	11
240976	4081.Solyc01g087260.2.1	141	11
250193	4081.Solyc04g010250.2.1	199	5
244176	4081.Solyc02g068130.2.1	313	7
242078	4081.Solyc01g102320.1.1	1.6	1
255348	4081.Solyc06g011280.2.1	1106	90
252101	4081.Solyc04g078920.2.1	1071	10
272366	4081.Solyc12g098150.1.1	433	11
254958	4081.Solyc06g005360.2.1	1472	15
253204	4081.Solyc05g013010.2.1	728	53
239460	4081.Solyc01g012700.2.1	29.0	4
261815	4081.Solyc08g074680.2.1	1.26	1
239140	4081.Solyc01g008410.1.1	1.4	3
246502	4081.Solyc03g005770.1.1	114	19
251758	4081.Solyc04g074480.2.1	5.81	1
241316	4081.Solyc01g091660.2.1	1473	37
251446	4081.Solyc04g063350.2.1	951	34
270370	4081.Solyc12g008630.1.1	125	5
249265	4081.Solyc03g118020.2.1	105	18
268893	4081.Solyc11g030950.1.1	109	19
241168	4081.Solyc01g090170.2.1	154	14
249000	4081.Solyc03g115360.2.1	2025	27
260391	4081.Solyc08g006780.2.1	179	5
247616	4081.Solyc03g063110.2.1	8.21	1
264938	4081.Solyc09g091180.2.1	397	71
245821	4081.Solyc02g088690.2.1	74.6	7
240912	4081.Solyc01g081600.2.1	48.3	2
264834	4081.Solyc09g090140.2.1	3399	111
259150	4081.Solyc07g047800.2.1	139	6
256201	4081.Solyc06g060260.2.1	213	9
258458	4081.Solyc07g021380.1.1	61.0	2
272304	4081.Solyc12g096540.1.1	251	10
251272	4081.Solyc04g054480.2.1	0.722	2
248636	4081.Solyc03g111630.2.1	63.7	10
250767	4081.Solyc04g026100.1.1	228	10
249029	4081.Solyc03g115650.2.1	140	13
271418	4081.Solyc12g040510.1.1	407	31
269690	4081.Solyc11g067170.1.1	40.6	3
239514	4081.Solyc01g014230.2.1	1.43	2
246075	4081.Solyc02g091280.2.1	82.8	3
250993	4081.Solyc04g049490.2.1	17.5	2
240414	4081.Solyc01g066520.2.1	133	7
240782	4081.Solyc01g080280.2.1	756	31
257420	4081.Solyc06g076540.1.1	288	15
251195	4081.Solyc04g051680.2.1	4.15	2
238369	4081.Solyc00g042130.1.1	104	12
254623	4081.Solyc05g053600.2.1	14.5	16
242425	4081.Solyc01g105810.2.1	52.1	14
249430	4081.Solyc03g119690.1.1	513	21
262969	4081.Solyc09g009020.2.1	3781	239
248579	4081.Solyc03g111060.2.1	53.6	3
254533	4081.Solyc05g052690.2.1	18.9	2
244309	4081.Solyc02g069460.2.1	657	17
239297	4081.Solyc01g009990.2.1	1037	25
270134	4081.Solyc12g005270.1.1	1843	23
256960	4081.Solyc06g071910.2.1	573	24
267787	4081.Solyc11g005650.1.1	708	138
242224	4081.Solyc01g103800.2.1	622	16
257418	4081.Solyc06g076520.1.1	288	15
257359	4081.Solyc06g075930.1.1	443	45
257124	4081.Solyc06g073560.2.1	782	29
248856	4081.Solyc03g113920.2.1	57.3	11
243002	4081.Solyc01g111630.2.1	333	15
265273	4081.Solyc10g005960.1.1	447	11
256981	4081.Solyc06g072120.2.1	855	38
268363	4081.Solyc11g012460.1.1	2.48	2
269853	4081.Solyc11g069790.1.1	3735	249
265446	4081.Solyc10g007700.2.1	103	13
244665	4081.Solyc02g077010.1.1	2.55	1
270379	4081.Solyc12g008720.1.1	2876	7
267786	4081.Solyc11g005640.1.1	1292	386
240398	4081.Solyc01g066360.2.1	3.78	7
243395	4081.Solyc02g030170.2.1	92.6	4
266705	4081.Solyc10g055630.1.1	6.42	1
257582	4081.Solyc06g083190.2.1	1980	92
266088	4081.Solyc10g045220.1.1	57.9	8
266326	4081.Solyc10g049710.1.1	78.1	4
259056	4081.Solyc07g044840.2.1	717	37
265086	4081.Solyc09g092710.2.1	327	6
256572	4081.Solyc06g065980.2.1	85.4	4
250326	4081.Solyc04g014570.2.1	148	8
269954	4081.Solyc11g071790.1.1	154	5
241425	4081.Solyc01g094750.2.1	3.41	2
247328	4081.Solyc03g045110.2.1	89.3	2
258902	4081.Solyc07g042250.2.1	2744	66
254806	4081.Solyc05g055450.2.1	80.1	4
238240	4081.Solyc00g023050.1.1	10.6	2
246852	4081.Solyc03g025270.2.1	208	4
272369	4081.Solyc12g098180.1.1	11.7	1
268443	4081.Solyc11g013260.1.1	38.1	4
266343	4081.Solyc10g049890.1.1	11.6	2
240619	4081.Solyc01g073640.2.1	51.8	4
250279	4081.Solyc04g012120.2.1	781	100
242167	4081.Solyc01g103220.2.1	279	6
240063	4081.Solyc01g056940.2.1	2999	420
245615	4081.Solyc02g086610.2.1	30.9	5
244116	4081.Solyc02g067530.2.1	71.2	3
241371	4081.Solyc01g094200.2.1	215	16
272309	4081.Solyc12g096590.1.1	105	5
246814	4081.Solyc03g019900.2.1	113	6
246285	4081.Solyc02g093380.1.1	9.98	6
259805	4081.Solyc07g062530.2.1	31.1	17
256215	4081.Solyc06g060400.2.1	408	15
256663	4081.Solyc06g067920.2.1	23.1	2
240506	4081.Solyc01g067490.2.1	2.51	2
271555	4081.Solyc12g042920.1.1	38.5	3
257099	4081.Solyc06g073310.2.1	1665	60
259667	4081.Solyc07g056150.2.1	131	13
264156	4081.Solyc09g064370.2.1	961	41
245255	4081.Solyc02g082930.2.1	406	6
263230	4081.Solyc09g011650.2.1	91.8	2
265513	4081.Solyc10g008390.2.1	104	5
238352	4081.Solyc00g036540.1.1	235	2
256001	4081.Solyc06g053210.2.1	562	168
267889	4081.Solyc11g006690.1.1	821	26
250089	4081.Solyc04g009200.2.1	479	26
244984	4081.Solyc02g080220.2.1	2313	281
254488	4081.Solyc05g052240.2.1	9103	191
256580	4081.Solyc06g066060.2.1	251	14
246857	4081.Solyc03g025320.2.1	1557	64
268264	4081.Solyc11g011470.1.1	117	8
246503	4081.Solyc03g005780.1.1	78.9	18
270716	4081.Solyc12g014080.1.1	199	15
246058	4081.Solyc02g091100.2.1	64.1	4
250713	4081.Solyc04g025530.2.1	69.9	10
271828	4081.Solyc12g056710.1.1	1825	61
244413	4081.Solyc02g070510.2.1	148	10
264910	4081.Solyc09g090900.2.1	11.8	2
242183	4081.Solyc01g103380.2.1	132	9
264045	4081.Solyc09g061230.2.1	177	8
267828	4081.Solyc11g006060.1.1	48.1	3
247172	4081.Solyc03g036470.1.1	297	38
249620	4081.Solyc03g121590.2.1	113	10
246552	4081.Solyc03g006270.2.1	11.8	5
250320	4081.Solyc04g014510.2.1	280	18
257641	4081.Solyc06g083780.2.1	210	11
267008	4081.Solyc10g078620.1.1	912	38
256170	4081.Solyc06g059910.2.1	65.2	8
242769	4081.Solyc01g109300.2.1	2278	119
267719	4081.Solyc10g087010.1.1	126	22
263158	4081.Solyc09g010930.2.1	1346	25
269409	4081.Solyc11g062340.1.1	25.4	2
252348	4081.Solyc04g081440.2.1	93.9	11
269955	4081.Solyc11g071800.1.1	278	14
239852	4081.Solyc01g021670.2.1	198	5
258617	4081.Solyc07g032100.2.1	34.2	12
269616	4081.Solyc11g066430.1.1	513	21
259618	4081.Solyc07g055650.1.1	3.55	3
253031	4081.Solyc05g010260.2.1	319	9
256899	4081.Solyc06g071290.2.1	87.5	12
264871	4081.Solyc09g090510.2.1	9.72	3
256028	4081.Solyc06g053480.2.1	54.7	3
245678	4081.Solyc02g087240.2.1	38.6	2
261330	4081.Solyc08g062660.2.1	950	17
266575	4081.Solyc10g054280.1.1	86.9	3
251093	4081.Solyc04g050570.2.1	220	12
268619	4081.Solyc11g020030.1.1	145	8
248357	4081.Solyc03g096800.2.1	52.1	4
270733	4081.Solyc12g014250.1.1	93.2	37
250072	4081.Solyc04g009030.2.1	299	29
252435	4081.Solyc04g082310.2.1	74.2	3
243791	4081.Solyc02g062250.2.1	73.3	3
252292	4081.Solyc04g080880.2.1	55.0	4
261534	4081.Solyc08g066800.2.1	21.2	4
263530	4081.Solyc09g018790.2.1	707	21
267388	4081.Solyc10g083440.1.1	998	56
256062	4081.Solyc06g053820.2.1	101	3
252943	4081.Solyc05g009370.2.1	233	6
269673	4081.Solyc11g067000.1.1	8.48	8
248574	4081.Solyc03g111010.2.1	837	71
253751	4081.Solyc05g023800.2.1	1403	76
252424	4081.Solyc04g082200.2.1	2068	37
245492	4081.Solyc02g085350.2.1	446	25
238997	4081.Solyc01g006980.2.1	317	11
251408	4081.Solyc04g057960.2.1	0.481	1
271818	4081.Solyc12g056610.1.1	1054	24
241916	4081.Solyc01g099670.2.1	382	13
249785	4081.Solyc04g005160.1.1	78.1	12
245238	4081.Solyc02g082760.2.1	43.8	7
243317	4081.Solyc02g021400.1.1	1978	15
243403	4081.Solyc02g030250.2.1	45.4	2
257442	4081.Solyc06g076780.2.1	2.1	1
269717	4081.Solyc11g068430.1.1	3113	18
259969	4081.Solyc07g064170.2.1	1.15	1
261466	4081.Solyc08g066110.2.1	943	15
272412	4081.Solyc12g098610.1.1	44.8	11
257858	4081.Solyc07g006280.2.1	108	3
246135	4081.Solyc02g091880.2.1	531	5
250213	4081.Solyc04g011450.1.1	2275	20
249997	4081.Solyc04g008280.2.1	134	5
242469	4081.Solyc01g106260.2.1	67.0	10
258067	4081.Solyc07g008370.2.1	212	20
269045	4081.Solyc11g042610.1.1	742	35
256534	4081.Solyc06g065590.2.1	815	17
272454	4081.Solyc12g099030.1.1	2096	419
271623	4081.Solyc12g044630.1.1	270	9
244397	4081.Solyc02g070340.2.1	437	48
253891	4081.Solyc05g026210.1.1	6.42	2
245978	4081.Solyc02g090300.2.1	5.28	2
241868	4081.Solyc01g099180.2.1	1.74	3
238898	4081.Solyc01g005990.2.1	348	5
268012	4081.Solyc11g007920.1.1	272	20
262901	4081.Solyc09g008280.1.1	2607	124
250884	4081.Solyc04g045340.2.1	401	27
256178	4081.Solyc06g060010.2.1	10.1	5
254524	4081.Solyc05g052600.2.1	78.2	4
254917	4081.Solyc05g056560.2.1	5.88	1
240960	4081.Solyc01g087070.2.1	154	28
270310	4081.Solyc12g007040.1.1	3.89	1
245578	4081.Solyc02g086240.2.1	229	20
247503	4081.Solyc03g058990.1.1	128	2
259695	4081.Solyc07g056430.2.1	150	10
271851	4081.Solyc12g056940.1.1	77.5	22
270619	4081.Solyc12g011120.1.1	10.1	1
270002	4081.Solyc11g072270.1.1	36.6	2
241608	4081.Solyc01g096580.2.1	396	11
246802	4081.Solyc03g019780.2.1	553	30
256172	4081.Solyc06g059930.2.1	2873	176
242261	4081.Solyc01g104170.2.1	640	19
266171	4081.Solyc10g047090.1.1	52.0	2
251362	4081.Solyc04g056450.2.1	6.81	1
267080	4081.Solyc10g079340.1.1	2.36	3
244009	4081.Solyc02g065470.1.1	1137	30
241577	4081.Solyc01g096270.2.1	999	9
257098	4081.Solyc06g073300.1.1	839	7
246713	4081.Solyc03g007890.2.1	403	128
265258	4081.Solyc10g005810.2.1	67.7	4
259700	4081.Solyc07g056480.2.1	1297	57
242196	4081.Solyc01g103510.2.1	562	67
247943	4081.Solyc03g082580.2.1	249	6
252909	4081.Solyc05g009030.2.1	169	7
259744	4081.Solyc07g061920.2.1	2.08	3
254108	4081.Solyc05g043430.2.1	141	2
260279	4081.Solyc08g005630.2.1	871	72
242892	4081.Solyc01g110530.2.1	1190	10
258237	4081.Solyc07g016080.2.1	460	12
271690	4081.Solyc12g049340.1.1	233	9
262455	4081.Solyc08g081250.2.1	142	15
264918	4081.Solyc09g090980.2.1	7.25	2
250794	4081.Solyc04g028380.1.1	2.32	1
238942	4081.Solyc01g006430.2.1	3027	69
255059	4081.Solyc06g007360.2.1	104	16
260132	4081.Solyc07g065840.2.1	3317	451
254964	4081.Solyc06g005420.1.1	443	45
250000	4081.Solyc04g008310.1.1	1.77	3
264696	4081.Solyc09g082780.2.1	1390	30
267829	4081.Solyc11g006070.1.1	328	6
256282	4081.Solyc06g061070.2.1	146	4
246573	4081.Solyc03g006480.1.1	0.454	1
262241	4081.Solyc08g079020.2.1	132	6
265137	4081.Solyc09g098220.2.1	5.31	3
263140	4081.Solyc09g010750.1.1	298	23
242747	4081.Solyc01g109080.2.1	0.122	1
243615	4081.Solyc02g036450.2.1	22.2	3
265188	4081.Solyc10g005100.2.1	806	10
239060	4081.Solyc01g007610.2.1	65.1	5
262668	4081.Solyc08g083410.1.1	5.01	2
268309	4081.Solyc11g011920.1.1	505	36
267721	4081.Solyc10g087040.1.1	26.3	6
264189	4081.Solyc09g064720.2.1	89.0	2
246830	4081.Solyc03g020060.2.1	6.34	2
248723	4081.Solyc03g112590.2.1	153	64
246134	4081.Solyc02g091870.2.1	541	103
252966	4081.Solyc05g009600.2.1	116	9
271773	4081.Solyc12g056160.1.1	3.28	1
251590	4081.Solyc04g071780.2.1	3.78	1
238835	4081.Solyc01g005350.2.1	56.5	3
254644	4081.Solyc05g053810.2.1	2491	165
241695	4081.Solyc01g097450.2.1	745	10
272246	4081.Solyc12g095960.1.1	645	21
260031	4081.Solyc07g064810.2.1	26.7	2
245100	4081.Solyc02g081380.2.1	20.8	3
266861	4081.Solyc10g075160.1.1	1188	13
259302	4081.Solyc07g052350.2.1	205	30
250346	4081.Solyc04g014780.1.1	34.4	2
257022	4081.Solyc06g072540.1.1	274	8
255287	4081.Solyc06g009660.2.1	516	41
254725	4081.Solyc05g054640.2.1	19.8	2
270795	4081.Solyc12g015870.1.1	74.2	3
239049	4081.Solyc01g007500.2.1	4146	132
257990	4081.Solyc07g007600.2.1	1470	98
260667	4081.Solyc08g014610.2.1	5.33	1
260491	4081.Solyc08g007790.2.1	129	17
267500	4081.Solyc10g084590.2.1	25.4	8
265174	4081.Solyc09g098590.2.1	23.0	4
239132	4081.Solyc01g008330.2.1	51.9	3
269394	4081.Solyc11g062190.1.1	1179	126
248637	4081.Solyc03g111640.2.1	60.6	10
259394	4081.Solyc07g053280.2.1	588	43
266485	4081.Solyc10g051350.1.1	159	5
239194	4081.Solyc01g008960.2.1	850	73
267655	4081.Solyc10g086150.1.1	34.4	3
254722	4081.Solyc05g054610.1.1	443	45
247815	4081.Solyc03g078280.1.1	29.1	9
256106	4081.Solyc06g054260.1.1	286	7
259587	4081.Solyc07g055290.2.1	343	17
262672	4081.Solyc08g083520.1.1	4.92	2
242312	4081.Solyc01g104680.2.1	1403	76
270220	4081.Solyc12g006140.1.1	688	37
241023	4081.Solyc01g087730.2.1	217	6
269846	4081.Solyc11g069720.1.1	403	116
270659	4081.Solyc12g013510.1.1	190	19
272495	4081.Solyc12g099440.1.1	218	19
241602	4081.Solyc01g096520.2.1	96.2	4
267205	4081.Solyc10g080590.1.1	330	7
270430	4081.Solyc12g009230.1.1	8.01	2
247991	4081.Solyc03g083060.2.1	1.76	2
241081	4081.Solyc01g088310.2.1	91.4	8
259238	4081.Solyc07g049690.2.1	4649	211
251805	4081.Solyc04g074950.2.1	157	4
262919	4081.Solyc09g008460.2.1	217	6
255884	4081.Solyc06g050980.2.1	69.4	4
259566	4081.Solyc07g055080.2.1	410	20
267214	4081.Solyc10g080680.1.1	135	3
270437	4081.Solyc12g009300.1.1	239	43
249212	4081.Solyc03g117480.2.1	287	64
255003	4081.Solyc06g005810.2.1	72.6	13
272578	4081.Solyc12g100270.1.1	7.41	5
251820	4081.Solyc04g076090.2.1	31.2	3
260568	4081.Solyc08g008590.2.1	2836	371
245607	4081.Solyc02g086530.2.1	884	54
254923	4081.Solyc06g005010.1.1	153	4
241067	4081.Solyc01g088170.2.1	11.2	4
268013	4081.Solyc11g007930.1.1	191	19
263273	4081.Solyc09g013080.2.1	369	25
248202	4081.Solyc03g095180.2.1	81.4	6
267417	4081.Solyc10g083740.1.1	759	15
242328	4081.Solyc01g104840.2.1	78.1	3
255261	4081.Solyc06g009400.2.1	324	10
242190	4081.Solyc01g103450.2.1	2070	149
264161	4081.Solyc09g064430.2.1	3.77	1
243010	4081.Solyc01g111710.2.1	163	12
264448	4081.Solyc09g074300.1.1	82.3	10
238690	4081.Solyc00g187050.2.1	9.26	2
271473	4081.Solyc12g042060.1.1	884	106
242880	4081.Solyc01g110410.2.1	65.1	3
254971	4081.Solyc06g005490.2.1	193	17
264547	4081.Solyc09g075290.2.1	303	10
255524	4081.Solyc06g034070.1.1	0.863	1
263943	4081.Solyc09g059170.1.1	7789	136
262304	4081.Solyc08g079740.2.1	2.59	2
266949	4081.Solyc10g077030.1.1	179	15
241256	4081.Solyc01g091060.1.1	19.5	18
265557	4081.Solyc10g008840.2.1	13.6	5
271558	4081.Solyc12g042950.1.1	251	21
263363	4081.Solyc09g015000.2.1	19.1	2
269660	4081.Solyc11g066870.1.1	26.8	2
267923	4081.Solyc11g007030.1.1	1.05	1
261831	4081.Solyc08g074840.1.1	27.8	2
271868	4081.Solyc12g057110.2.1	200	54
262992	4081.Solyc09g009260.2.1	2311	99
249536	4081.Solyc03g120750.2.1	496	28
262670	4081.Solyc08g083500.1.1	11.7	3
240870	4081.Solyc01g081180.1.1	7.8	1
270593	4081.Solyc12g010860.1.1	287	20
243640	4081.Solyc02g038690.1.1	213	19
239199	4081.Solyc01g009010.2.1	879	27
250212	4081.Solyc04g011440.2.1	908	330
242019	4081.Solyc01g100720.2.1	4.79	1
254937	4081.Solyc06g005150.2.1	851	52
251079	4081.Solyc04g050400.1.1	56.5	4
247746	4081.Solyc03g071590.2.1	36.3	6
241927	4081.Solyc01g099780.2.1	351	18
267473	4081.Solyc10g084300.1.1	152	4
266281	4081.Solyc10g049260.1.1	9.43	1
265284	4081.Solyc10g006070.2.1	495	22
269844	4081.Solyc11g069700.1.1	1056	164
245250	4081.Solyc02g082880.2.1	2.78	1
244036	4081.Solyc02g065740.2.1	110	20
256385	4081.Solyc06g063090.2.1	2.53	1
240240	4081.Solyc01g059760.1.1	0.577	1
247942	4081.Solyc03g082570.2.1	3256	416
258817	4081.Solyc07g041310.2.1	738	59
248898	4081.Solyc03g114340.2.1	992	45
254898	4081.Solyc05g056370.2.1	2.29	1
262809	4081.Solyc09g007350.2.1	251	8
263872	4081.Solyc09g056380.1.1	73.5	7
264561	4081.Solyc09g075430.2.1	327	8
242439	4081.Solyc01g105950.2.1	47.1	3
246501	4081.Solyc03g005760.1.1	114	19
241750	4081.Solyc01g098000.2.1	404	19
259809	4081.Solyc07g062570.2.1	67.4	2
262827	4081.Solyc09g007540.2.1	23.5	3
266789	4081.Solyc10g074440.1.1	969	65
267081	4081.Solyc10g079350.1.1	84.5	7
240736	4081.Solyc01g079820.2.1	430	12
268703	4081.Solyc11g020890.1.1	525	6
254200	4081.Solyc05g046340.1.1	11.0	2
250716	4081.Solyc04g025560.2.1	205	34
252468	4081.Solyc04g082640.2.1	207	4
246690	4081.Solyc03g007660.2.1	119	5
261514	4081.Solyc08g066600.2.1	28.2	3
244233	4081.Solyc02g068700.2.1	85.5	2
256254	4081.Solyc06g060790.1.1	781	24
248071	4081.Solyc03g083870.2.1	5.12	7
253037	4081.Solyc05g010320.2.1	1610	33
265796	4081.Solyc10g018250.1.1	341	24
242022	4081.Solyc01g100750.2.1	354	19
257122	4081.Solyc06g073540.2.1	21.6	6
261484	4081.Solyc08g066290.2.1	16.6	1
272384	4081.Solyc12g098330.1.1	384	13
254188	4081.Solyc05g046220.1.1	47.2	2
257461	4081.Solyc06g076970.2.1	3.01	1
244398	4081.Solyc02g070350.2.1	437	48
241421	4081.Solyc01g094700.2.1	49.5	4
262248	4081.Solyc08g079090.2.1	91.6	6
241499	4081.Solyc01g095490.2.1	81.7	6
246190	4081.Solyc02g092430.1.1	227	9
257146	4081.Solyc06g073790.2.1	377	16
259657	4081.Solyc07g056050.1.1	39.2	7
239371	4081.Solyc01g010750.2.1	394	11
267832	4081.Solyc11g006100.1.1	1.32	3
259579	4081.Solyc07g055210.2.1	87.5	2
249397	4081.Solyc03g119360.2.1	983	15
270719	4081.Solyc12g014110.1.1	6.17	1
254867	4081.Solyc05g056060.2.1	445	3
252483	4081.Solyc04g082790.2.1	20.6	3
267217	4081.Solyc10g080710.1.1	156	9
238956	4081.Solyc01g006570.1.1	1450	72
272265	4081.Solyc12g096150.1.1	920	20
250500	4081.Solyc04g016350.1.1	197	29
267419	4081.Solyc10g083760.1.1	422	31
264084	4081.Solyc09g061620.2.1	9.44	1
247451	4081.Solyc03g058430.1.1	28.8	3
241891	4081.Solyc01g099410.2.1	3284	22
256040	4081.Solyc06g053600.2.1	156	8
271276	4081.Solyc12g037980.1.1	2.15	3
249264	4081.Solyc03g118010.2.1	51.6	12
255828	4081.Solyc06g050400.1.1	154	7
259512	4081.Solyc07g054480.1.1	12.0	5
254834	4081.Solyc05g055730.2.1	31.1	5
245289	4081.Solyc02g083270.2.1	152	4
240651	4081.Solyc01g073970.2.1	250	13
263222	4081.Solyc09g011570.2.1	2.4	1
250043	4081.Solyc04g008740.2.1	946	58
241702	4081.Solyc01g097520.2.1	782	28
239031	4081.Solyc01g007320.2.1	1975	155
255089	4081.Solyc06g007670.2.1	1485	41
260796	4081.Solyc08g022000.1.1	41.2	2
246516	4081.Solyc03g005910.2.1	664	27
252506	4081.Solyc04g083150.1.1	112	8
271727	4081.Solyc12g055700.1.1	4.84	2
239221	4081.Solyc01g009230.2.1	0.403	1
241609	4081.Solyc01g096590.2.1	396	11
266784	4081.Solyc10g074390.1.1	142	8
242488	4081.Solyc01g106450.2.1	405	9
248460	4081.Solyc03g097840.2.1	11.8	2
242503	4081.Solyc01g106610.2.1	152	7
244664	4081.Solyc02g077000.2.1	15.8	4
246472	4081.Solyc03g005470.2.1	318	6
264683	4081.Solyc09g082650.2.1	538	20
244441	4081.Solyc02g070790.2.1	538	24
252183	4081.Solyc04g079790.2.1	312	7
257558	4081.Solyc06g082950.2.1	262	8
241726	4081.Solyc01g097760.2.1	386	27
242721	4081.Solyc01g108810.2.1	12.7	2
248467	4081.Solyc03g097910.2.1	1.85	2
264917	4081.Solyc09g090970.2.1	9.4	2
267134	4081.Solyc10g079880.1.1	43.0	4
252444	4081.Solyc04g082400.2.1	3.9	2
241981	4081.Solyc01g100320.2.1	1269	41
257976	4081.Solyc07g007460.1.1	3.82	2
259965	4081.Solyc07g064130.1.1	1252	442
269579	4081.Solyc11g066060.1.1	1468	490
251657	4081.Solyc04g072480.2.1	19.0	3
257523	4081.Solyc06g082600.2.1	81.7	6
267144	4081.Solyc10g079980.1.1	1.88	3
266632	4081.Solyc10g054870.1.1	193	19
264404	4081.Solyc09g072870.2.1	210	11
244178	4081.Solyc02g068150.2.1	343	4
263736	4081.Solyc09g048990.2.1	37.8	2
256676	4081.Solyc06g068050.2.1	36.0	3
254594	4081.Solyc05g053310.2.1	3158	21
267237	4081.Solyc10g080940.1.1	1141	225
270448	4081.Solyc12g009410.1.1	138	14
245868	4081.Solyc02g089170.2.1	78.4	18
255284	4081.Solyc06g009630.1.1	293	5
245348	4081.Solyc02g083860.2.1	2866	112
258692	4081.Solyc07g037940.1.1	0.894	1
268461	4081.Solyc11g013440.1.1	178	10
258110	4081.Solyc07g008800.2.1	199	5
248075	4081.Solyc03g083910.2.1	56.8	4
238861	4081.Solyc01g005620.2.1	305	9
272249	4081.Solyc12g095990.1.1	220	41
263224	4081.Solyc09g011590.2.1	2.56	1
269541	4081.Solyc11g065670.1.1	336	22
268541	4081.Solyc11g017250.1.1	137	5
270546	4081.Solyc12g010390.1.1	127	12
266175	4081.Solyc10g047130.1.1	35.8	2
251787	4081.Solyc04g074770.2.1	157	4
243932	4081.Solyc02g064670.1.1	159	7
263229	4081.Solyc09g011640.2.1	1.82	1
269614	4081.Solyc11g066410.1.1	150	4
241465	4081.Solyc01g095150.2.1	317	6
249691	4081.Solyc03g122310.2.1	54.4	4
272461	4081.Solyc12g099100.1.1	189	26
260750	4081.Solyc08g016510.2.1	396	17
251620	4081.Solyc04g072110.2.1	107	1
259264	4081.Solyc07g051940.2.1	5.79	3
260899	4081.Solyc08g029110.2.1	71.7	3
240624	4081.Solyc01g073690.2.1	1722	42
267596	4081.Solyc10g085550.1.1	2123	168
270337	4081.Solyc12g007310.1.1	266	15
249063	4081.Solyc03g115990.1.1	435	21
254742	4081.Solyc05g054810.2.1	995	12
250192	4081.Solyc04g010240.2.1	1101	13
250989	4081.Solyc04g049450.2.1	419	27
269818	4081.Solyc11g069440.1.1	336	22
256825	4081.Solyc06g069550.1.1	32.4	8
269886	4081.Solyc11g070120.1.1	53.3	3
256584	4081.Solyc06g066100.2.1	85.4	4
240666	4081.Solyc01g079110.2.1	250	13
253398	4081.Solyc05g014980.2.1	79.4	4
267294	4081.Solyc10g081510.1.1	5688	429
238256	4081.Solyc00g024150.2.1	385	6
256147	4081.Solyc06g054670.1.1	17.1	2
264533	4081.Solyc09g075150.2.1	668	19
265424	4081.Solyc10g007480.2.1	141	32
238308	4081.Solyc00g029190.2.1	72.5	4
267567	4081.Solyc10g085260.1.1	17.5	1
242722	4081.Solyc01g108820.1.1	11.9	2
266629	4081.Solyc10g054840.1.1	2.31	1
264650	4081.Solyc09g082320.2.1	581	17
264704	4081.Solyc09g082860.2.1	187	20
255731	4081.Solyc06g048410.2.1	623	27
256398	4081.Solyc06g063220.2.1	378	4
247820	4081.Solyc03g078330.1.1	1.9	2
263782	4081.Solyc09g055460.1.1	5.19	2
266700	4081.Solyc10g055580.1.1	25.4	2
241004	4081.Solyc01g087540.2.1	3509	127
268082	4081.Solyc11g008630.1.1	1966	105
246105	4081.Solyc02g091580.2.1	35.1	3
252851	4081.Solyc05g008450.2.1	75.9	3
255864	4081.Solyc06g050770.2.1	208	10
249777	4081.Solyc04g005080.2.1	26.0	3
267537	4081.Solyc10g084960.1.1	2.83	1
241604	4081.Solyc01g096540.2.1	0.541	2
268794	4081.Solyc11g027870.1.1	491	6
242851	4081.Solyc01g110120.2.1	820	68
249337	4081.Solyc03g118760.2.1	228	118
257362	4081.Solyc06g075960.1.1	443	45
243564	4081.Solyc02g032940.2.1	8.93	1
264250	4081.Solyc09g065330.2.1	897	18
262146	4081.Solyc08g078070.2.1	35.9	10
252261	4081.Solyc04g080570.2.1	248	7
262209	4081.Solyc08g078700.2.1	920	17
269589	4081.Solyc11g066160.1.1	405	41
238115	4081.Solyc00g011890.2.1	24.2	7
254205	4081.Solyc05g046390.2.1	160	2
254199	4081.Solyc05g046330.2.1	37.2	3
271504	4081.Solyc12g042380.1.1	100	4
257260	4081.Solyc06g074930.1.1	3.29	2
239200	4081.Solyc01g009020.2.1	924	12
257706	4081.Solyc06g084430.2.1	32.9	4
239512	4081.Solyc01g014210.1.1	8.69	2
261491	4081.Solyc08g066360.2.1	978	69
268768	4081.Solyc11g022590.1.1	2541	65
258966	4081.Solyc07g042920.1.1	17.6	2
254414	4081.Solyc05g051500.2.1	187	11
256772	4081.Solyc06g069020.2.1	37.8	3
247816	4081.Solyc03g078290.2.1	184	10
270794	4081.Solyc12g015860.1.1	932	38
242984	4081.Solyc01g111450.2.1	892	22
245232	4081.Solyc02g082700.2.1	227	3
238953	4081.Solyc01g006540.2.1	20070	2024
268018	4081.Solyc11g007980.1.1	3.07	2
249953	4081.Solyc04g007830.2.1	21.5	1
243872	4081.Solyc02g063070.2.1	706	66
257812	4081.Solyc07g005820.2.1	248	147
267228	4081.Solyc10g080840.1.1	535	42
253567	4081.Solyc05g017760.2.1	586	30
268676	4081.Solyc11g020610.1.1	13.1	4
272570	4081.Solyc12g100190.1.1	19.2	19
261352	4081.Solyc08g062920.2.1	1518	211
248551	4081.Solyc03g098780.1.1	2650	58
241603	4081.Solyc01g096530.2.1	49.4	2
252526	4081.Solyc05g005180.2.1	261	5
254863	4081.Solyc05g056020.2.1	236	5
254892	4081.Solyc05g056310.2.1	276	18
250002	4081.Solyc04g008330.1.1	1.84	3
267643	4081.Solyc10g086020.1.1	251	8
269994	4081.Solyc11g072190.1.1	1019	28
253285	4081.Solyc05g013820.2.1	493	7
262829	4081.Solyc09g007560.2.1	381	12
257209	4081.Solyc06g074420.1.1	3.21	2
241871	4081.Solyc01g099210.2.1	1.87	3
267868	4081.Solyc11g006460.1.1	85.8	9
269700	4081.Solyc11g067270.1.1	103	4
249803	4081.Solyc04g005340.2.1	343	35
269068	4081.Solyc11g042870.1.1	23.9	2
253357	4081.Solyc05g014560.2.1	44.7	6
252525	4081.Solyc05g005170.2.1	1.39	2
268572	4081.Solyc11g018550.2.1	28.8	2
262128	4081.Solyc08g077890.2.1	148	5
249141	4081.Solyc03g116770.2.1	1.85	2
264920	4081.Solyc09g091000.2.1	9.14	2
251801	4081.Solyc04g074910.2.1	110	3
267790	4081.Solyc11g005680.1.1	501	16
247069	4081.Solyc03g033440.1.1	366	13
257368	4081.Solyc06g076020.2.1	1080	405
271837	4081.Solyc12g056800.1.1	434	15
248786	4081.Solyc03g113220.2.1	28.1	2
242780	4081.Solyc01g109410.2.1	404	13
254928	4081.Solyc06g005060.2.1	1924	250
249002	4081.Solyc03g115380.1.1	35.1	8
266636	4081.Solyc10g054910.1.1	1516	42
263223	4081.Solyc09g011580.2.1	56.0	3
241272	4081.Solyc01g091220.2.1	341	24
262367	4081.Solyc08g080370.2.1	60.4	5
239352	4081.Solyc01g010540.2.1	238	18
259732	4081.Solyc07g061800.2.1	50.0	1
272192	4081.Solyc12g094430.1.1	250	3
270421	4081.Solyc12g009140.1.1	330	14
254910	4081.Solyc05g056490.2.1	218	4
245953	4081.Solyc02g090030.2.1	1145	50
252682	4081.Solyc05g006750.2.1	7.97	2
268310	4081.Solyc11g011930.1.1	338	32
251598	4081.Solyc04g071890.2.1	93.2	5
247443	4081.Solyc03g058350.2.1	4.62	19
262140	4081.Solyc08g078010.2.1	116	3
259948	4081.Solyc07g063960.2.1	172	4
253071	4081.Solyc05g010670.2.1	406	35
254225	4081.Solyc05g047590.2.1	3.34	7
267165	4081.Solyc10g080190.1.1	109	1
246828	4081.Solyc03g020040.2.1	1549	64
272360	4081.Solyc12g098090.1.1	71.3	12
271733	4081.Solyc12g055760.1.1	555	6
259547	4081.Solyc07g054860.1.1	162	14
254901	4081.Solyc05g056400.2.1	70.8	8
241222	4081.Solyc01g090710.2.1	277	16
242486	4081.Solyc01g106430.2.1	389	12
266855	4081.Solyc10g075100.1.1	4667	38
269978	4081.Solyc11g072030.1.1	191	3
264524	4081.Solyc09g075060.2.1	2.06	1
247496	4081.Solyc03g058920.2.1	289	15
254966	4081.Solyc06g005440.1.1	89.3	14
251757	4081.Solyc04g074470.1.1	126	3
264927	4081.Solyc09g091070.1.1	67.9	7
265571	4081.Solyc10g008980.2.1	122	5
246393	4081.Solyc02g094470.2.1	602	28
256694	4081.Solyc06g068230.2.1	27.9	5
271620	4081.Solyc12g044600.2.1	203	23
247326	4081.Solyc03g045090.2.1	163	8
267983	4081.Solyc11g007630.1.1	259	6
254624	4081.Solyc05g053610.2.1	8.71	12
254362	4081.Solyc05g050970.2.1	158	22
264892	4081.Solyc09g090720.2.1	9.74	1
257711	4081.Solyc06g084480.2.1	6.22	1
271811	4081.Solyc12g056540.1.1	199	10
250028	4081.Solyc04g008590.2.1	123	9
239073	4081.Solyc01g007740.2.1	749	28
259920	4081.Solyc07g063680.2.1	14.7	1
272179	4081.Solyc12g089310.1.1	562	178
249528	4081.Solyc03g120670.2.1	83.9	3
242720	4081.Solyc01g108800.2.1	6.97	1
259581	4081.Solyc07g055230.2.1	229	20
255428	4081.Solyc06g018110.2.1	1.49	1
269503	4081.Solyc11g065260.1.1	0.552	2
256573	4081.Solyc06g065990.1.1	124	6
255022	4081.Solyc06g006000.2.1	963	8
249778	4081.Solyc04g005090.2.1	7.08	1
252579	4081.Solyc05g005710.2.1	267	16
251483	4081.Solyc04g064710.2.1	70.6	7
264299	4081.Solyc09g065830.2.1	247	6
266119	4081.Solyc10g045550.1.1	114	13
262076	4081.Solyc08g077360.2.1	36.7	5
262641	4081.Solyc08g083120.2.1	3256	416
249488	4081.Solyc03g120270.2.1	12.3	2
243981	4081.Solyc02g065170.2.1	106	6
252527	4081.Solyc05g005190.2.1	668	64
268242	4081.Solyc11g011250.1.1	11.0	1
243879	4081.Solyc02g063140.2.1	116	16
251733	4081.Solyc04g074230.2.1	717	43
251539	4081.Solyc04g071260.2.1	101	71
271529	4081.Solyc12g042650.1.1	453	14
267464	4081.Solyc10g084210.1.1	120	4
266020	4081.Solyc10g044480.1.1	122	8
256792	4081.Solyc06g069220.1.1	6.48	2
261778	4081.Solyc08g074290.2.1	235	11
269935	4081.Solyc11g071600.1.1	6.78	4
255552	4081.Solyc06g034380.1.1	26.1	2
265080	4081.Solyc09g092620.2.1	56.7	6
267989	4081.Solyc11g007690.1.1	24.3	2
259666	4081.Solyc07g056140.2.1	8.26	1
270998	4081.Solyc12g020020.1.1	7.61	1
272326	4081.Solyc12g096760.1.1	162	10
248341	4081.Solyc03g096640.2.1	140	3
243986	4081.Solyc02g065230.2.1	9.91	4
254234	4081.Solyc05g047690.2.1	181	3
272459	4081.Solyc12g099080.1.1	198	34
267505	4081.Solyc10g084640.1.1	121	3
258958	4081.Solyc07g042840.1.1	162	2
256741	4081.Solyc06g068700.2.1	3.58	1
254285	4081.Solyc05g050200.2.1	114	3
262671	4081.Solyc08g083510.1.1	4.09	2
253298	4081.Solyc05g013950.1.1	44.4	2
269756	4081.Solyc11g068820.1.1	403	7
267686	4081.Solyc10g086460.1.1	425	139
271323	4081.Solyc12g038510.1.1	2.64	2
270350	4081.Solyc12g008430.1.1	33.9	8
254288	4081.Solyc05g050230.2.1	81.7	6
249927	4081.Solyc04g007570.1.1	2.01	1
256992	4081.Solyc06g072240.1.1	443	45
262858	4081.Solyc09g007850.2.1	298	10
255732	4081.Solyc06g048420.1.1	329	13
240629	4081.Solyc01g073740.2.1	758	27
258101	4081.Solyc07g008710.2.1	7029	173
270491	4081.Solyc12g009840.1.1	195	49
257769	4081.Solyc07g005390.2.1	1827	104
249559	4081.Solyc03g120980.2.1	1.91	6
256152	4081.Solyc06g059710.2.1	244	11
267589	4081.Solyc10g085480.1.1	759	15
245078	4081.Solyc02g081160.2.1	50.3	5
244465	4081.Solyc02g071030.1.1	131	24
251463	4081.Solyc04g064510.2.1	19.2	7
257529	4081.Solyc06g082660.2.1	51.9	6
246498	4081.Solyc03g005730.2.1	546	30
262572	4081.Solyc08g082430.2.1	993	17
266203	4081.Solyc10g047430.1.1	4097	41
260378	4081.Solyc08g006650.2.1	282	5
238955	4081.Solyc01g006560.2.1	695	237
256948	4081.Solyc06g071790.2.1	280	27
270698	4081.Solyc12g013900.1.1	1983	55
239037	4081.Solyc01g007380.1.1	177	12
250977	4081.Solyc04g049330.2.1	2556	25
248804	4081.Solyc03g113400.2.1	11.9	3
254363	4081.Solyc05g050980.2.1	200	22
