#id: 169
#name: M.aeruginosa - Whole organism, HUB5-3, SC (Alexova,MCP,2011)
#score: 3.44
#weight: 10%
#description: abundance based on Spectral counting HUB5-3, HUB5-3, from<a href="http://www.ncbi.nlm.nih.gov/pubmed/21610102" target="_blank">Alexova, MCP,2011</a><br/><b>Interaction consistency score</b>: 3.44&nbsp<b>Coverage</b>: 46
#organ: WHOLE_ORGANISM
#integrated: false
#coverage: 46
#publication_year: 2011
#filename: 449447-MicrocystisAeruginosa_strainNIES-843_HUB5-3_PRIDE.txt
#
#internal_id	string_external_id	abundance	raw_spectral_count
6323101	449447.MAE_12860	10.5	1
6322697	449447.MAE_08820	47.4	1
6326648	449447.MAE_48330	32.9	1
6328052	449447.MAE_62370	185	1
6327474	449447.MAE_56590	3.2	1
6324842	449447.MAE_30270	161	2
6325690	449447.MAE_38750	20.8	2
6323571	449447.MAE_17560	18.2	1
6327646	449447.MAE_58310	22.0	1
6324351	449447.MAE_25360	16.5	1
6322044	449447.MAE_02290	28.0	1
6324058	449447.MAE_22430	3.39	1
6323582	449447.MAE_17670	15.9	1
6324742	449447.MAE_29270	110	2
6323458	449447.MAE_16430	57.5	1
6326604	449447.MAE_47890	5007	320
6327038	449447.MAE_52230	2.71	3
6326309	449447.MAE_44940	609	36
6324488	449447.MAE_26730	116	3
6327394	449447.MAE_55790	42.5	1
6326755	449447.MAE_49400	18.7	1
6323555	449447.MAE_17400	29.1	1
6326385	449447.MAE_45700	27.0	2
6323971	449447.MAE_21560	91.1	1
6321817	449447.MAE_00020	26.5	1
6327518	449447.MAE_57030	4.07	2
6326471	449447.MAE_46560	26.6	2
6322571	449447.MAE_07560	298	79
6324871	449447.MAE_30560	30.4	1
6323306	449447.MAE_14910	27.7	2
6327191	449447.MAE_53760	249	14
6323680	449447.MAE_18650	21.1	1
6327442	449447.MAE_56270	3885	81
6322993	449447.MAE_11780	159	6
6324236	449447.MAE_24210	77.4	8
6322336	449447.MAE_05210	18.3	1
6326139	449447.MAE_43240	24.6	5
6327630	449447.MAE_58150	143	7
6324095	449447.MAE_22800	12.9	5
6322480	449447.MAE_06650	59.4	2
6322047	449447.MAE_02320	76.2	2
6326192	449447.MAE_43770	99.8	1
6327112	449447.MAE_52970	25.7	1
6323205	449447.MAE_13900	6.83	1
6324797	449447.MAE_29820	252	152
6324224	449447.MAE_24090	40.9	2
6325499	449447.MAE_36840	75.7	4
6325978	449447.MAE_41630	94.4	2
6324708	449447.MAE_28930	18.4	1
6326273	449447.MAE_44580	75.4	1
6326988	449447.MAE_51730	20.3	1
6326122	449447.MAE_43070	36.3	1
6324268	449447.MAE_24530	295	16
6325795	449447.MAE_39800	5.72	1
6324007	449447.MAE_21920	79.2	6
6326911	449447.MAE_50960	10.6	2
6326808	449447.MAE_49930	112	1
6323481	449447.MAE_16660	485	2
6322051	449447.MAE_02360	8.71	1
6325902	449447.MAE_40870	6.32	1
6327415	449447.MAE_56000	108	1
6323304	449447.MAE_14890	22.8	1
6324531	449447.MAE_27160	51.4	3
6325062	449447.MAE_32470	6003	397
6327113	449447.MAE_52980	60.4	3
6323416	449447.MAE_16010	0.436	1
6323117	449447.MAE_13020	36.2	1
6324942	449447.MAE_31270	61.5	5
6327583	449447.MAE_57680	5.18	1
6326395	449447.MAE_45800	232	17
6323080	449447.MAE_12650	13.8	1
6327109	449447.MAE_52940	55.4	3
6327121	449447.MAE_53060	0.91	1
6327456	449447.MAE_56410	16.6	1
6322841	449447.MAE_10260	43881	1984
6323218	449447.MAE_14030	20.3	1
6327814	449447.MAE_59990	159	3
6327302	449447.MAE_54870	25.3	2
6321908	449447.MAE_00930	3323	49
6326589	449447.MAE_47740	36.5	1
6323944	449447.MAE_21290	9.21	2
6327829	449447.MAE_60140	727	41
6325798	449447.MAE_39830	26.3	2
6321833	449447.MAE_00180	19.3	1
6325573	449447.MAE_37580	14.6	1
6322934	449447.MAE_11190	34.0	1
6324161	449447.MAE_23460	12.3	2
6322452	449447.MAE_06370	25.2	2
6323220	449447.MAE_14050	516	2
6322031	449447.MAE_02160	40.9	3
6327857	449447.MAE_60420	10.7	2
6326892	449447.MAE_50770	9.87	3
6328100	449447.MAE_62850	16.8	1
6327900	449447.MAE_60850	37.4	3
6324314	449447.MAE_24990	5.17	1
6326453	449447.MAE_46380	6.48	1
6323368	449447.MAE_15530	11.4	2
6325722	449447.MAE_39070	18.8	1
6327800	449447.MAE_59850	0.664	1
6324206	449447.MAE_23910	419	12
6325462	449447.MAE_36470	10.4	1
6322464	449447.MAE_06490	4.32	1
6327580	449447.MAE_57650	93.5	1
6323199	449447.MAE_13840	169	4
6325833	449447.MAE_40180	11.1	1
6324732	449447.MAE_29170	24.5	1
6327319	449447.MAE_55040	2.8	1
6326418	449447.MAE_46030	154	4
6325865	449447.MAE_40500	29.8	1
6325682	449447.MAE_38670	41.9	4
6323739	449447.MAE_19240	46.7	3
6323210	449447.MAE_13950	54.9	2
6323982	449447.MAE_21670	221	10
6323118	449447.MAE_13030	18.0	1
6322923	449447.MAE_11080	173	37
6323543	449447.MAE_17280	39.3	2
6328107	449447.MAE_62920	36.0	1
6327957	449447.MAE_61420	31.4	1
6322929	449447.MAE_11140	8.28	1
6322864	449447.MAE_10490	19.3	1
6324610	449447.MAE_27950	10.2	1
6327966	449447.MAE_61510	13.5	1
6322425	449447.MAE_06100	69.7	1
6322663	449447.MAE_08480	17.5	1
6326688	449447.MAE_48730	28.1	2
6324506	449447.MAE_26910	5.41	1
6324825	449447.MAE_30100	2.28	1
6326537	449447.MAE_47220	176	2
6326544	449447.MAE_47290	13431	456
6324128	449447.MAE_23130	92.7	7
6326318	449447.MAE_45030	11.1	1
6326463	449447.MAE_46480	80.5	7
6324062	449447.MAE_22470	78.9	2
6326373	449447.MAE_45580	9.15	1
6327810	449447.MAE_59950	28.6	1
6325437	449447.MAE_36220	3.39	1
6323045	449447.MAE_12300	64.7	1
6327938	449447.MAE_61230	88.5	4
6323923	449447.MAE_21080	1.58	2
6325851	449447.MAE_40360	0.385	1
6324079	449447.MAE_22640	56.9	1
6326104	449447.MAE_42890	93.3	1
6322283	449447.MAE_04680	37.2	2
6325111	449447.MAE_32960	12.9	2
6324616	449447.MAE_28010	28.6	2
6326233	449447.MAE_44180	150	19
6324862	449447.MAE_30470	17.4	1
6323046	449447.MAE_12310	70.0	7
6322997	449447.MAE_11820	273	11
6327083	449447.MAE_52680	153	6
6324499	449447.MAE_26840	30.0	1
6327959	449447.MAE_61440	22.9	2
6326650	449447.MAE_48350	12.6	1
6326946	449447.MAE_51310	90.8	1
6323679	449447.MAE_18640	12.5	1
6324620	449447.MAE_28050	271	25
6324131	449447.MAE_23160	9.04	1
6323240	449447.MAE_14250	24.6	1
6326190	449447.MAE_43750	14.2	1
6323544	449447.MAE_17290	277	30
6327974	449447.MAE_61590	70.2	1
6322945	449447.MAE_11300	17.6	1
6324120	449447.MAE_23050	19.6	2
6322681	449447.MAE_08660	25.5	1
6321938	449447.MAE_01230	22.2	1
6325297	449447.MAE_34820	87.6	1
6327746	449447.MAE_59310	270	3
6322826	449447.MAE_10110	33.1	3
6327528	449447.MAE_57130	48.7	1
6325819	449447.MAE_40040	35.3	1
6326899	449447.MAE_50840	8.06	1
6321904	449447.MAE_00890	18.8	2
6324017	449447.MAE_22020	35.5	1
6321824	449447.MAE_00090	7.17	2
6327239	449447.MAE_54240	28.0	4
6323156	449447.MAE_13410	21.0	2
6327078	449447.MAE_52630	22.2	1
6322337	449447.MAE_05220	187	5
6322648	449447.MAE_08330	8.25	1
6323700	449447.MAE_18850	24.7	1
6325905	449447.MAE_40900	298	37
6323371	449447.MAE_15560	98.8	2
6324172	449447.MAE_23570	64.8	6
6322437	449447.MAE_06220	6551	596
6321995	449447.MAE_01800	9.07	3
6327787	449447.MAE_59720	71.4	1
6324705	449447.MAE_28900	123	1
6325346	449447.MAE_35310	11.6	1
6325262	449447.MAE_34470	50.4	2
6323063	449447.MAE_12480	16.0	3
6322227	449447.MAE_04120	71.6	1
6322609	449447.MAE_07940	71.2	1
6326364	449447.MAE_45490	6.65	2
6326788	449447.MAE_49730	41.3	1
6324881	449447.MAE_30660	42.4	1
6325937	449447.MAE_41220	367	14
6322144	449447.MAE_03290	10.7	1
6327373	449447.MAE_55580	142	23
6327701	449447.MAE_58860	1492	52
6323116	449447.MAE_13010	13.0	1
6324875	449447.MAE_30600	11.5	3
6326627	449447.MAE_48120	55.1	2
6325509	449447.MAE_36940	9.92	1
6324995	449447.MAE_31800	2661	37
6327709	449447.MAE_58940	208	16
6323374	449447.MAE_15590	13.8	1
6322482	449447.MAE_06670	36.2	1
6324242	449447.MAE_24270	21.4	1
6328031	449447.MAE_62160	36.3	1
6324724	449447.MAE_29090	97.1	1
6323986	449447.MAE_21710	35.5	1
6325618	449447.MAE_38030	15.3	1
6324738	449447.MAE_29230	0.436	1
6322519	449447.MAE_07040	37.2	1
6325596	449447.MAE_37810	17.1	1
6327731	449447.MAE_59160	39.6	3
6324567	449447.MAE_27520	115	1
6327779	449447.MAE_59640	1275	104
6323678	449447.MAE_18630	38.8	2
6324126	449447.MAE_23110	0.385	1
6323464	449447.MAE_16490	28.1	1
6326056	449447.MAE_42410	0.385	1
6323066	449447.MAE_12510	21.6	2
6324064	449447.MAE_22490	137	3
6326528	449447.MAE_47130	28.8	1
6322973	449447.MAE_11580	23.8	4
6326933	449447.MAE_51180	163	5
6322180	449447.MAE_03650	19.2	1
6324500	449447.MAE_26850	23.1	2
6322851	449447.MAE_10360	54.7	3
6322690	449447.MAE_08750	16.7	1
6322884	449447.MAE_10690	0.784	1
6327507	449447.MAE_56920	94.3	3
6324774	449447.MAE_29590	107	2
6326807	449447.MAE_49920	30.1	2
6327711	449447.MAE_58960	32.4	2
6324481	449447.MAE_26660	140	3
6324758	449447.MAE_29430	0.417	1
6325836	449447.MAE_40210	60.2	1
6325276	449447.MAE_34610	29.8	1
6325858	449447.MAE_40430	53.3	1
6322039	449447.MAE_02240	146	1
6326393	449447.MAE_45780	18.9	2
6323794	449447.MAE_19790	15.8	1
6322469	449447.MAE_06540	30.5	1
6323059	449447.MAE_12440	71.1	1
6322142	449447.MAE_03270	0.602	1
6324528	449447.MAE_27130	0.602	1
6326976	449447.MAE_51610	85.0	9
6325975	449447.MAE_41600	3.54	1
6327797	449447.MAE_59820	20.1	3
6322489	449447.MAE_06740	34.8	1
6324077	449447.MAE_22620	0.61	1
6326697	449447.MAE_48820	24.8	2
6325711	449447.MAE_38960	0.664	1
6326847	449447.MAE_50320	154	1
6326149	449447.MAE_43340	238	3
6326569	449447.MAE_47540	0.593	1
6324424	449447.MAE_26090	39.8	3
6324319	449447.MAE_25040	21.7	1
6326622	449447.MAE_48070	8.87	1
6324696	449447.MAE_28810	4.53	1
6324709	449447.MAE_28940	35.3	3
6327699	449447.MAE_58840	12.1	1
6322376	449447.MAE_05610	88.5	1
6325280	449447.MAE_34650	10.6	2
6326388	449447.MAE_45730	48.5	3
6327871	449447.MAE_60560	2.5	1
6323802	449447.MAE_19870	20.8	2
6324235	449447.MAE_24200	19.5	1
6322476	449447.MAE_06610	97.7	4
6324300	449447.MAE_24850	11.9	1
6325023	449447.MAE_32080	49.1	1
6327447	449447.MAE_56320	39.1	2
6324658	449447.MAE_28430	46.4	3
6324182	449447.MAE_23670	33.1	7
6322361	449447.MAE_05460	12.2	2
6322053	449447.MAE_02380	29.7	1
6325101	449447.MAE_32860	37.2	1
6327279	449447.MAE_54640	47.4	1
6326374	449447.MAE_45590	38.4	8
6325458	449447.MAE_36430	29.0	3
6326486	449447.MAE_46710	46.3	1
6324680	449447.MAE_28650	23.2	2
6326361	449447.MAE_45460	0.602	1
6322466	449447.MAE_06510	41.3	2
6324112	449447.MAE_22970	10.1	1
6326830	449447.MAE_50150	1602	63
6327530	449447.MAE_57150	79.4	2
6326525	449447.MAE_47100	86.8	8
6326057	449447.MAE_42420	39.8	1
6326067	449447.MAE_42520	24.1	1
6322641	449447.MAE_08260	73.3	3
6324104	449447.MAE_22890	19.0	1
6324662	449447.MAE_28470	80.8	1
6325671	449447.MAE_38560	3.86	1
6325608	449447.MAE_37930	4.49	1
6327294	449447.MAE_54790	68.2	1
6324650	449447.MAE_28350	28.2	2
6326171	449447.MAE_43560	1.55	1
6324471	449447.MAE_26560	123	1
6322510	449447.MAE_06950	29.5	1
6326495	449447.MAE_46800	188	7
6324124	449447.MAE_23090	9.85	1
6327439	449447.MAE_56240	12.8	2
6321937	449447.MAE_01220	29.8	3
6324041	449447.MAE_22260	69.9	1
6326329	449447.MAE_45140	7.05	5
6322007	449447.MAE_01920	9.47	1
6324827	449447.MAE_30120	50.7	4
6323838	449447.MAE_20230	21.5	1
6325389	449447.MAE_35740	32.5	1
6324944	449447.MAE_31290	298	12
6328099	449447.MAE_62840	1566	72
6324191	449447.MAE_23760	17.7	1
6327152	449447.MAE_53370	407	16
6322769	449447.MAE_09540	533	30
6324243	449447.MAE_24280	464	5
6327264	449447.MAE_54490	13.1	1
6326966	449447.MAE_51510	0.688	1
6326705	449447.MAE_48900	75.0	11
6323918	449447.MAE_21030	1.63	2
6326667	449447.MAE_48520	28.1	1
6326494	449447.MAE_46790	28.0	1
6321906	449447.MAE_00910	83.8	1
6326128	449447.MAE_43130	95.3	1
6325257	449447.MAE_34420	60.6	1
6323717	449447.MAE_19020	56.7	1
6327977	449447.MAE_61620	50.8	1
6322303	449447.MAE_04880	64.3	1
6325337	449447.MAE_35220	4.32	1
6326990	449447.MAE_51750	27.0	6
6323635	449447.MAE_18200	42.2	1
6327805	449447.MAE_59900	67.6	1
6327923	449447.MAE_61080	2.5	1
6324470	449447.MAE_26550	47.1	1
6323768	449447.MAE_19530	13.0	1
6325633	449447.MAE_38180	91.8	1
6322854	449447.MAE_10390	143	7
6325378	449447.MAE_35630	16.0	1
6325586	449447.MAE_37710	35.7	3
6325797	449447.MAE_39820	16.2	1
6324870	449447.MAE_30550	25.2	1
6322550	449447.MAE_07350	319	11
6325172	449447.MAE_33570	401	18
6326333	449447.MAE_45180	9.91	1
6322422	449447.MAE_06070	138	5
6322852	449447.MAE_10370	77.6	3
6324325	449447.MAE_25100	53.0	2
6326673	449447.MAE_48580	101	1
6325137	449447.MAE_33220	8.34	2
6323091	449447.MAE_12760	22.6	1
6324049	449447.MAE_22340	107	5
6326880	449447.MAE_50650	62.9	2
6326953	449447.MAE_51380	204	34
6324276	449447.MAE_24610	18.3	1
6326357	449447.MAE_45420	2.68	3
6326349	449447.MAE_45340	20.4	1
6322225	449447.MAE_04100	112	8
6323913	449447.MAE_20980	95.5	4
6324204	449447.MAE_23890	25.1	1
6325881	449447.MAE_40660	12.4	1
6326004	449447.MAE_41890	91.2	1
6326270	449447.MAE_44550	7.74	1
6325428	449447.MAE_36130	28.8	5
6327733	449447.MAE_59180	2604	70
6326481	449447.MAE_46660	43.2	4
6324830	449447.MAE_30150	21.8	1
6328041	449447.MAE_62260	6.65	2
6322377	449447.MAE_05620	307	21
6326799	449447.MAE_49840	21.0	1
6322693	449447.MAE_08780	61.8	1
6322902	449447.MAE_10870	0.91	1
6322542	449447.MAE_07270	36.7	2
6325655	449447.MAE_38400	121	7
6321981	449447.MAE_01660	0.929	1
6326402	449447.MAE_45870	485	7
6326337	449447.MAE_45220	43.9	1
6327515	449447.MAE_57000	3.64	2
6325179	449447.MAE_33640	107	3
6323162	449447.MAE_13470	3.8	1
6323766	449447.MAE_19510	72.7	1
6322381	449447.MAE_05660	43.8	1
6323329	449447.MAE_15140	20.4	1
6326837	449447.MAE_50220	6.51	1
6323308	449447.MAE_14930	116	12
6327182	449447.MAE_53670	37.3	2
6327540	449447.MAE_57250	45.4	3
6326368	449447.MAE_45530	32.5	1
6327961	449447.MAE_61460	0.91	1
6325433	449447.MAE_36180	18.0	1
6325304	449447.MAE_34890	999	147
6322342	449447.MAE_05270	49.0	1
6327645	449447.MAE_58300	141	4
6328073	449447.MAE_62580	14.1	2
6326801	449447.MAE_49860	419	24
6323638	449447.MAE_18230	20.6	4
6327726	449447.MAE_59110	39.8	1
6327315	449447.MAE_55000	2.28	1
6326805	449447.MAE_49900	13.9	1
6325246	449447.MAE_34310	92.5	1
6327723	449447.MAE_59080	38.7	3
6323821	449447.MAE_20060	36.2	3
6325725	449447.MAE_39100	41.8	6
6323576	449447.MAE_17610	8.63	1
6328078	449447.MAE_62630	0.381	1
6322986	449447.MAE_11710	7.12	1
6326281	449447.MAE_44660	68.3	6
6322127	449447.MAE_03120	119	5
6326663	449447.MAE_48480	10.6	2
6326042	449447.MAE_42270	16.7	1
6322151	449447.MAE_03360	35.1	3
6325988	449447.MAE_41730	0.953	1
6325677	449447.MAE_38620	11.0	1
6327459	449447.MAE_56440	102	5
6323659	449447.MAE_18440	22.2	1
6322596	449447.MAE_07810	11.7	1
6323197	449447.MAE_13820	2.88	1
6324076	449447.MAE_22610	10.7	2
6326081	449447.MAE_42660	304	6
6322497	449447.MAE_06820	976	15
6322256	449447.MAE_04410	8.76	1
6326075	449447.MAE_42600	104	9
6323724	449447.MAE_19090	20.5	3
6323398	449447.MAE_15830	44.6	2
6323585	449447.MAE_17700	15.8	1
6323328	449447.MAE_15130	1548	44
6326142	449447.MAE_43270	18.4	2
6326476	449447.MAE_46610	18.2	1
6324458	449447.MAE_26430	115	5
6322082	449447.MAE_02670	2.68	3
6323409	449447.MAE_15940	65.9	1
6321963	449447.MAE_01480	6.56	1
6327673	449447.MAE_58580	3.47	1
6324456	449447.MAE_26410	51.4	2
6323545	449447.MAE_17300	22.1	2
6326529	449447.MAE_47140	5.28	1
6325741	449447.MAE_39260	30.7	10
6328013	449447.MAE_61980	33.7	2
6323048	449447.MAE_12330	20.2	1
6322568	449447.MAE_07530	206	1
6326809	449447.MAE_49940	17.6	1
6325015	449447.MAE_32000	129	2
6324988	449447.MAE_31730	78.9	2
6321968	449447.MAE_01530	0.593	1
6327552	449447.MAE_57370	211	5
6327931	449447.MAE_61160	72.5	1
6323729	449447.MAE_19140	47.4	1
6323541	449447.MAE_17260	9.29	1
6326172	449447.MAE_43570	9.36	1
6328126	449447.MAE_63110	76.9	2
6327151	449447.MAE_53360	37.3	1
6322079	449447.MAE_02640	37.0	1
6323424	449447.MAE_16090	7.48	1
6324146	449447.MAE_23310	19.8	1
6323535	449447.MAE_17200	11.7	1
6322463	449447.MAE_06480	3.01	1
6326660	449447.MAE_48450	0.932	1
6325967	449447.MAE_41520	6.85	1
6322447	449447.MAE_06320	24.9	2
6326702	449447.MAE_48870	6.18	1
6325161	449447.MAE_33460	32.9	1
6322321	449447.MAE_05060	62.5	4
6324449	449447.MAE_26340	44.4	1
6323887	449447.MAE_20720	0.91	1
6326179	449447.MAE_43640	196	22
6325003	449447.MAE_31880	69.9	1
6322646	449447.MAE_08310	63.9	1
6321982	449447.MAE_01670	75.4	1
6324239	449447.MAE_24240	31.0	2
6325155	449447.MAE_33400	9.66	3
6322401	449447.MAE_05860	40.4	1
6323119	449447.MAE_13040	29.7	1
6325900	449447.MAE_40850	120	1
6327208	449447.MAE_53930	23.0	3
6322008	449447.MAE_01930	40.1	2
6322608	449447.MAE_07930	56.0	1
6324044	449447.MAE_22290	1.63	2
6324123	449447.MAE_23080	25.6	2
6325069	449447.MAE_32540	100	2
6326884	449447.MAE_50690	374	36
6325064	449447.MAE_32490	4149	221
6327886	449447.MAE_60710	29.1	1
6326814	449447.MAE_49990	54.2	3
6327139	449447.MAE_53240	51.5	3
6326893	449447.MAE_50780	35.6	2
6326088	449447.MAE_42730	163	9
6322204	449447.MAE_03890	24.1	1
6322955	449447.MAE_11400	36.7	5
6326854	449447.MAE_50390	508	11
6327806	449447.MAE_59910	26.9	1
6323696	449447.MAE_18810	87.0	1
6323419	449447.MAE_16040	0.651	1
6323777	449447.MAE_19620	970	11
6325840	449447.MAE_40250	33.3	3
6325549	449447.MAE_37340	25.8	5
6323346	449447.MAE_15310	30.3	2
6326562	449447.MAE_47470	8.34	2
6323932	449447.MAE_21170	10.6	1
6327131	449447.MAE_53160	76.4	1
6322578	449447.MAE_07630	19.9	1
6324047	449447.MAE_22320	4.0	3
6326336	449447.MAE_45210	311	3
6324086	449447.MAE_22710	83.2	1
6322101	449447.MAE_02860	66.3	4
6327634	449447.MAE_58190	41.0	1
6325800	449447.MAE_39850	70.5	1
6322754	449447.MAE_09390	72.2	1
6325174	449447.MAE_33590	30.7	3
6326023	449447.MAE_42080	25.8	2
6326034	449447.MAE_42190	32.9	1
6322936	449447.MAE_11210	0.651	1
6325117	449447.MAE_33020	1184	11
6327853	449447.MAE_60380	7.14	1
6325361	449447.MAE_35460	35.4	1
6327300	449447.MAE_54850	95.6	8
6325906	449447.MAE_40910	995	34
6326250	449447.MAE_44350	78.6	3
6321897	449447.MAE_00820	20.8	1
6325738	449447.MAE_39230	30.4	2
6325365	449447.MAE_35500	0.648	1
6325046	449447.MAE_32310	7.38	1
6324554	449447.MAE_27390	7.75	2
6323051	449447.MAE_12360	40.8	4
6323263	449447.MAE_14480	5.31	1
6327461	449447.MAE_56460	49.3	2
6324212	449447.MAE_23970	14.1	1
6322188	449447.MAE_03730	18.3	1
6326826	449447.MAE_50110	22.5	1
6326524	449447.MAE_47090	13.3	1
6326591	449447.MAE_47760	61.4	1
6322378	449447.MAE_05630	58.9	8
6323509	449447.MAE_16940	12.0	1
6323653	449447.MAE_18380	1528	83
6326759	449447.MAE_49440	12.3	1
6324561	449447.MAE_27460	85.3	10
6325841	449447.MAE_40260	20.9	2
6323297	449447.MAE_14820	29.9	2
6327127	449447.MAE_53120	19.6	1
6323410	449447.MAE_15950	13.7	3
6327753	449447.MAE_59380	25.6	2
6327972	449447.MAE_61570	8.89	2
6326085	449447.MAE_42700	0.932	1
6324184	449447.MAE_23690	15.8	1
6325176	449447.MAE_33610	285	15
6322876	449447.MAE_10610	4.53	1
6323243	449447.MAE_14280	166	11
6324459	449447.MAE_26440	30.4	3
6327061	449447.MAE_52460	193	4
6326278	449447.MAE_44630	43.5	1
6327764	449447.MAE_59490	43.3	3
6325869	449447.MAE_40540	108	1
6326338	449447.MAE_45230	105	2
6321951	449447.MAE_01360	309	1
6325087	449447.MAE_32720	8.0	1
6323837	449447.MAE_20220	491	1
6323757	449447.MAE_19420	85.3	1
6323366	449447.MAE_15510	8.34	2
6327183	449447.MAE_53680	66.2	3
6322423	449447.MAE_06080	90.0	2
6324118	449447.MAE_23030	25.2	1
6328068	449447.MAE_62530	238	26
6324655	449447.MAE_28400	31.8	2
6327955	449447.MAE_61400	0.597	1
6327517	449447.MAE_57020	4.45	2
6325882	449447.MAE_40670	8.94	1
6328002	449447.MAE_61870	20.4	1
6324092	449447.MAE_22770	44.9	3
6324094	449447.MAE_22790	894	85
6322634	449447.MAE_08190	15.4	1
6325255	449447.MAE_34400	21.9	1
6322954	449447.MAE_11390	609	8
6326252	449447.MAE_44370	1643	36
6327874	449447.MAE_60590	0.904	1
6323160	449447.MAE_13450	12.3	1
6325065	449447.MAE_32500	9.0	2
6327574	449447.MAE_57590	6.92	1
6322526	449447.MAE_07110	16.3	1
6325687	449447.MAE_38720	10.9	1
6321901	449447.MAE_00860	8.34	2
6322296	449447.MAE_04810	4.57	1
6321903	449447.MAE_00880	45.4	1
6325664	449447.MAE_38490	224	3
6323312	449447.MAE_14970	2184	192
6326267	449447.MAE_44520	41.3	2
6327225	449447.MAE_54100	269	11
6323293	449447.MAE_14780	38.2	5
6323475	449447.MAE_16600	25.1	2
6322393	449447.MAE_05780	65.7	1
6324787	449447.MAE_29720	17.1	1
6325212	449447.MAE_33970	4.25	1
6322218	449447.MAE_04030	185	4
6325615	449447.MAE_38000	13.4	1
6327827	449447.MAE_60120	53.6	1
6327395	449447.MAE_55800	59.1	1
6327757	449447.MAE_59420	49.7	1
6325867	449447.MAE_40520	30.9	1
6326147	449447.MAE_43320	9.34	1
6322914	449447.MAE_10990	23.7	1
6324432	449447.MAE_26170	18.9	1
6326890	449447.MAE_50750	0.385	1
6327689	449447.MAE_58740	63.0	3
6326982	449447.MAE_51670	787	19
6324344	449447.MAE_25290	51.3	3
6322833	449447.MAE_10180	0.431	1
6323798	449447.MAE_19830	8.16	1
6323361	449447.MAE_15460	37.8	1
6325173	449447.MAE_33580	45.6	2
6324768	449447.MAE_29530	14.9	1
6322517	449447.MAE_07020	24.0	3
6324192	449447.MAE_23770	3.32	1
6326561	449447.MAE_47460	26.7	1
6324770	449447.MAE_29550	46.1	2
6323594	449447.MAE_17790	173	18
6323740	449447.MAE_19250	7.72	1
6322750	449447.MAE_09350	17.6	1
6323505	449447.MAE_16900	19.8	2
6327917	449447.MAE_61020	29.7	1
6326690	449447.MAE_48750	25.5	2
6322910	449447.MAE_10950	25.9	3
6324173	449447.MAE_23580	27.7	1
6322870	449447.MAE_10550	39.4	3
6326125	449447.MAE_43100	12.1	2
6326969	449447.MAE_51540	84.7	1
6322339	449447.MAE_05240	85.3	12
6324179	449447.MAE_23640	24.1	1
6327714	449447.MAE_58990	10.5	1
6327687	449447.MAE_58720	50.7	3
6322194	449447.MAE_03790	21.1	3
6326649	449447.MAE_48340	15425	755
6321932	449447.MAE_01170	30.0	2
6326989	449447.MAE_51740	0.664	1
6323320	449447.MAE_15050	21.7	2
6322373	449447.MAE_05580	30.7	2
6323537	449447.MAE_17220	27.5	1
6325501	449447.MAE_36860	16.1	1
6327721	449447.MAE_59060	13.2	1
6323586	449447.MAE_17710	0.398	1
6322937	449447.MAE_11220	33.3	2
6326558	449447.MAE_47430	309	1
6325052	449447.MAE_32370	16.3	1
6323967	449447.MAE_21520	495	5
6326984	449447.MAE_51690	94.1	9
6324476	449447.MAE_26610	29.9	1
6326043	449447.MAE_42280	8.2	2
6325167	449447.MAE_33520	45.6	1
6324222	449447.MAE_24070	19.4	2
6327153	449447.MAE_53380	415	3
6322504	449447.MAE_06890	14.5	3
6326063	449447.MAE_42480	225	4
6324672	449447.MAE_28570	23.0	1
6325282	449447.MAE_34670	114	2
6324665	449447.MAE_28500	31.4	2
6323546	449447.MAE_17310	28.8	1
6323526	449447.MAE_17110	4.85	1
6323186	449447.MAE_13710	31.8	1
6326052	449447.MAE_42370	44.4	2
6326221	449447.MAE_44060	7.19	1
6326304	449447.MAE_44890	187	1
6326930	449447.MAE_51150	0.664	1
6326400	449447.MAE_45850	52.1	3
6322239	449447.MAE_04240	144	2
6322251	449447.MAE_04360	2.8	1
6322387	449447.MAE_05720	0.956	1
6322146	449447.MAE_03310	25.2	2
6326828	449447.MAE_50130	5143	121
6324317	449447.MAE_25020	20.2	1
6327685	449447.MAE_58700	21.7	2
6324433	449447.MAE_26180	24.6	1
6322895	449447.MAE_10800	283	96
6326245	449447.MAE_44300	30.3	5
6327505	449447.MAE_56900	23.6	1
6324502	449447.MAE_26870	0.61	1
6322224	449447.MAE_04090	20.3	2
6325805	449447.MAE_39900	0.932	1
6327313	449447.MAE_54980	37.3	5
6327036	449447.MAE_52210	35.0	4
6327683	449447.MAE_58680	14.8	1
6327015	449447.MAE_52000	19.8	8
6326181	449447.MAE_43660	28.8	1
6327017	449447.MAE_52020	0.61	1
6323262	449447.MAE_14470	17.9	1
6327068	449447.MAE_52530	55.9	1
6324668	449447.MAE_28530	14.5	1
6325252	449447.MAE_34370	30.4	3
6323355	449447.MAE_15400	28.6	4
6323893	449447.MAE_20780	62.4	3
6325771	449447.MAE_39560	41.2	1
6326255	449447.MAE_44400	17.2	1
6323554	449447.MAE_17390	223	17
6326261	449447.MAE_44460	2.68	3
6326741	449447.MAE_49260	18.3	2
6327865	449447.MAE_60500	0.602	1
6324402	449447.MAE_25870	146	1
6322639	449447.MAE_08240	15.6	1
6327575	449447.MAE_57600	26.8	1
6323122	449447.MAE_13070	56.1	2
6327290	449447.MAE_54750	22.4	1
6327670	449447.MAE_58550	3.67	1
6328098	449447.MAE_62830	68.1	1
6326608	449447.MAE_47930	10112	260
6322766	449447.MAE_09510	0.664	1
6325355	449447.MAE_35400	43.4	1
6321946	449447.MAE_01310	102	19
6322058	449447.MAE_02430	26.8	1
6322940	449447.MAE_11250	228	12
6327267	449447.MAE_54520	50.2	13
6327858	449447.MAE_60430	6.46	1
6324877	449447.MAE_30620	44.9	4
6325543	449447.MAE_37280	52.9	7
6322990	449447.MAE_11750	68.6	1
6327558	449447.MAE_57430	779	25
6324629	449447.MAE_28140	9.11	1
6327557	449447.MAE_57420	501	20
6324721	449447.MAE_29060	56.5	1
6327344	449447.MAE_55290	47.0	1
6325484	449447.MAE_36690	721	23
6324651	449447.MAE_28360	63.6	5
6325554	449447.MAE_37390	17.2	1
6327092	449447.MAE_52770	7.9	1
6322432	449447.MAE_06170	111	6
6325575	449447.MAE_37600	14.6	1
6326602	449447.MAE_47870	4489	125
6322888	449447.MAE_10730	7.05	5
6327738	449447.MAE_59230	9617	178
6326425	449447.MAE_46100	12.1	1
6322604	449447.MAE_07890	3.4	1
6322115	449447.MAE_03000	38.7	3
6327069	449447.MAE_52540	238	21
6323895	449447.MAE_20800	6.05	1
6321950	449447.MAE_01350	23.2	1
6327218	449447.MAE_54030	105	16
6324168	449447.MAE_23530	93.2	1
6324939	449447.MAE_31240	30.1	2
6323775	449447.MAE_19600	544	19
6321858	449447.MAE_00430	92.4	1
6322617	449447.MAE_08020	52.8	1
6325460	449447.MAE_36450	37.3	1
6322487	449447.MAE_06720	35.9	1
6325717	449447.MAE_39020	35.2	5
6326517	449447.MAE_47020	1577	32
6321838	449447.MAE_00230	18.7	2
6321926	449447.MAE_01110	12.3	1
6326000	449447.MAE_41850	17.8	1
6322078	449447.MAE_02630	7.05	5
6324175	449447.MAE_23600	43.8	4
6326092	449447.MAE_42770	186	31
6327545	449447.MAE_57300	405	11
6326366	449447.MAE_45510	6.65	2
6323158	449447.MAE_13430	60.5	1
6328006	449447.MAE_61910	18.1	1
6326008	449447.MAE_41930	13.6	1
6323070	449447.MAE_12550	25.9	1
6325650	449447.MAE_38350	52.8	2
6327252	449447.MAE_54370	2602	39
6327293	449447.MAE_54780	57.8	6
6326883	449447.MAE_50680	33.4	2
6325695	449447.MAE_38800	81.9	5
6323943	449447.MAE_21280	6.67	1
6322313	449447.MAE_04980	0.593	1
6323264	449447.MAE_14490	571	5
6324410	449447.MAE_25950	28.0	6
6327349	449447.MAE_55340	89.6	2
6326299	449447.MAE_44840	48.5	2
6325086	449447.MAE_32710	36.6	2
6324208	449447.MAE_23930	524	9
6327823	449447.MAE_60080	10.6	1
6325713	449447.MAE_38980	41.2	1
6325518	449447.MAE_37030	40.1	1
6323752	449447.MAE_19370	47.7	3
6321972	449447.MAE_01570	23.3	1
6326996	449447.MAE_51810	86.8	1
6326450	449447.MAE_46350	20.3	1
6325206	449447.MAE_33910	24.5	1
6326572	449447.MAE_47570	1537	120
6327637	449447.MAE_58220	40.5	2
6327449	449447.MAE_56340	3.1	2
6322748	449447.MAE_09330	29.8	4
6326205	449447.MAE_43900	20.2	1
6325358	449447.MAE_35430	1.77	1
6325427	449447.MAE_36120	10.9	1
6326626	449447.MAE_48110	40.5	1
6327553	449447.MAE_57380	314	6
6323469	449447.MAE_16540	0.385	1
6325000	449447.MAE_31850	40.3	1
6323703	449447.MAE_18880	33.3	1
6326072	449447.MAE_42570	0.61	1
6325053	449447.MAE_32380	604	41
6323256	449447.MAE_14410	16.9	1
6323222	449447.MAE_14070	22.1	1
6328084	449447.MAE_62690	305	16
6327493	449447.MAE_56780	141	8
6327355	449447.MAE_55400	330	3
6327556	449447.MAE_57410	82.1	1
6322485	449447.MAE_06700	249	17
6324984	449447.MAE_31690	19.0	3
6322564	449447.MAE_07490	3.01	1
6325534	449447.MAE_37190	41.3	3
6325175	449447.MAE_33600	7.64	1
6324775	449447.MAE_29600	39.9	1
6328080	449447.MAE_62650	18.2	2
6325641	449447.MAE_38260	96.1	2
6321881	449447.MAE_00660	69.7	5
6323857	449447.MAE_20420	0.664	1
6325698	449447.MAE_38830	62.2	1
6326861	449447.MAE_50460	155	1
6323380	449447.MAE_15650	2193	11
6321999	449447.MAE_01840	24.9	2
6324016	449447.MAE_22010	296	21
6324216	449447.MAE_24010	0.664	1
6326971	449447.MAE_51560	141	2
6321892	449447.MAE_00770	45.0	1
6322496	449447.MAE_06810	18.5	1
6324803	449447.MAE_29880	7.06	1
6324657	449447.MAE_28420	1118	33
6323643	449447.MAE_18280	61.7	3
6328023	449447.MAE_62080	43.7	1
6322217	449447.MAE_04020	45.7	2
6323084	449447.MAE_12690	17.5	1
6323491	449447.MAE_16760	64.7	2
6327984	449447.MAE_61690	938	33
6327817	449447.MAE_60020	5.46	1
6327737	449447.MAE_59220	135	20
6323286	449447.MAE_14710	11.8	2
6323244	449447.MAE_14290	31.4	1
6325699	449447.MAE_38840	97.7	1
6325629	449447.MAE_38140	61.6	15
6322350	449447.MAE_05350	42.8	1
6327832	449447.MAE_60170	56.4	1
6323089	449447.MAE_12740	14.8	1
6325038	449447.MAE_32230	0.417	1
6324082	449447.MAE_22670	3.64	2
6324682	449447.MAE_28670	395	56
6323268	449447.MAE_14530	8.29	1
6323916	449447.MAE_21010	1.77	1
6325186	449447.MAE_33710	135	17
6324490	449447.MAE_26750	187	2
6321878	449447.MAE_00630	1.86	2
6325969	449447.MAE_41540	23.8	1
6324649	449447.MAE_28340	62.9	1
6324539	449447.MAE_27240	2.28	1
6323321	449447.MAE_15060	39.0	2
6324031	449447.MAE_22160	37.7	3
6324560	449447.MAE_27450	61.6	4
6327070	449447.MAE_52550	406	12
6322221	449447.MAE_04060	20.4	2
6325211	449447.MAE_33960	46.7	2
6322209	449447.MAE_03940	23.7	2
6323670	449447.MAE_18550	209	9
6327399	449447.MAE_55840	54.2	1
6327378	449447.MAE_55630	2.28	1
6327326	449447.MAE_55110	66.3	1
6326384	449447.MAE_45690	570	14
6323088	449447.MAE_12730	18.3	4
6325029	449447.MAE_32140	12.1	1
6324623	449447.MAE_28080	46.2	2
6324807	449447.MAE_29920	388	9
6324644	449447.MAE_28290	16.3	1
6327850	449447.MAE_60350	21.9	1
6327783	449447.MAE_59680	44.9	4
6321844	449447.MAE_00290	72.9	2
6323867	449447.MAE_20520	32.5	2
6328096	449447.MAE_62810	32.8	1
6323783	449447.MAE_19680	16.2	1
6325205	449447.MAE_33900	192	9
6323227	449447.MAE_14120	8.36	1
6325829	449447.MAE_40140	6.38	1
6327271	449447.MAE_54560	78.0	7
6322427	449447.MAE_06120	34.9	2
6327655	449447.MAE_58400	31.4	1
6325929	449447.MAE_41140	23.5	2
6326312	449447.MAE_44970	14.4	1
6326950	449447.MAE_51350	76.5	1
6322002	449447.MAE_01870	15.9	1
6322584	449447.MAE_07690	631	2
6322446	449447.MAE_06310	25.4	2
6326386	449447.MAE_45710	83.8	2
6325089	449447.MAE_32740	61.7	4
6326391	449447.MAE_45760	37.2	2
6323397	449447.MAE_15820	136	5
6325852	449447.MAE_40370	29.9	1
6324614	449447.MAE_27990	7511	1071
6324315	449447.MAE_25000	12.1	1
6323825	449447.MAE_20100	17.6	1
6324442	449447.MAE_26270	159	4
6325556	449447.MAE_37410	52.6	1
6323726	449447.MAE_19110	95.7	1
6324571	449447.MAE_27560	62.8	1
6325058	449447.MAE_32430	448	17
6326936	449447.MAE_51210	8.06	1
6327820	449447.MAE_60050	6.99	1
6325230	449447.MAE_34150	5.57	2
6324613	449447.MAE_27980	114	8
6323738	449447.MAE_19230	5393	306
6323348	449447.MAE_15330	93.7	6
6328112	449447.MAE_62970	46.4	2
6327376	449447.MAE_55610	0.61	1
6327905	449447.MAE_60900	145	2
6325309	449447.MAE_34940	115	3
6327656	449447.MAE_58410	12.3	1
6323132	449447.MAE_13170	9.72	1
6324986	449447.MAE_31710	471	4
6323362	449447.MAE_15470	179	2
6323513	449447.MAE_16980	29.8	1
6323520	449447.MAE_17050	95.0	3
6326760	449447.MAE_49450	25.7	3
6327792	449447.MAE_59770	49.3	2
6321971	449447.MAE_01560	2.68	3
6325147	449447.MAE_33320	107	1
6327520	449447.MAE_57050	16.5	3
6327028	449447.MAE_52130	46.4	3
6322674	449447.MAE_08590	66.4	3
6326174	449447.MAE_43590	3.55	1
6327740	449447.MAE_59250	0.823	1
6324135	449447.MAE_23200	0.91	1
6325619	449447.MAE_38040	23.4	4
6322035	449447.MAE_02200	14.3	1
6325184	449447.MAE_33690	101	10
6324930	449447.MAE_31150	51.6	1
6327884	449447.MAE_60690	187	6
6322644	449447.MAE_08290	2.66	3
6324487	449447.MAE_26720	6.64	1
6325843	449447.MAE_40280	1.55	1
6323353	449447.MAE_15380	18.0	3
6322468	449447.MAE_06530	68.8	2
6322263	449447.MAE_04480	66.1	2
6326998	449447.MAE_51830	0.385	1
6326827	449447.MAE_50120	709	4
6325533	449447.MAE_37180	18.6	1
6326734	449447.MAE_49190	4.71	1
6322722	449447.MAE_09070	130	2
6326197	449447.MAE_43820	20.0	1
6326580	449447.MAE_47650	2.58	3
6323094	449447.MAE_12790	42.3	1
6325199	449447.MAE_33840	8.95	1
6322740	449447.MAE_09250	17.0	1
6326351	449447.MAE_45360	54.4	1
6322136	449447.MAE_03210	12.1	1
6324393	449447.MAE_25780	221	11
6325807	449447.MAE_39920	110	1
6323273	449447.MAE_14580	93.1	1
6323305	449447.MAE_14900	396	45
6324045	449447.MAE_22300	58.6	1
6323363	449447.MAE_15480	3.64	2
6325219	449447.MAE_34040	18.0	1
6327118	449447.MAE_53030	6.33	1
6325425	449447.MAE_36100	201	1
6323685	449447.MAE_18700	12.1	1
6322093	449447.MAE_02780	54.1	2
6324596	449447.MAE_27810	22.6	7
6327229	449447.MAE_54140	15.4	1
6323261	449447.MAE_14460	57.0	5
6324670	449447.MAE_28550	14.5	1
6322119	449447.MAE_03040	35.6	3
6322465	449447.MAE_06500	3.96	1
6325193	449447.MAE_33780	51.6	1
6327994	449447.MAE_61790	21.8	1
6325976	449447.MAE_41610	18.5	2
6326590	449447.MAE_47750	41.9	1
6325809	449447.MAE_39940	70.4	1
6323141	449447.MAE_13260	44.2	2
6324009	449447.MAE_21940	12.1	2
6322105	449447.MAE_02900	461	16
6321925	449447.MAE_01100	12.9	1
6323283	449447.MAE_14680	10.4	1
6325639	449447.MAE_38240	11.7	2
6324900	449447.MAE_30850	53.8	2
6321894	449447.MAE_00790	2.36	1
6328102	449447.MAE_62870	10.7	1
6324884	449447.MAE_30690	77.8	1
6327542	449447.MAE_57270	1332	37
6324839	449447.MAE_30240	32.1	1
6327165	449447.MAE_53500	31.9	1
6322025	449447.MAE_02100	30.0	4
6327164	449447.MAE_53490	6.76	1
6326965	449447.MAE_51500	8.23	2
6327828	449447.MAE_60130	0.338	1
6326869	449447.MAE_50540	21.7	2
6323434	449447.MAE_16190	28.0	2
6322839	449447.MAE_10240	23819	219
6327260	449447.MAE_54450	24.9	1
6327291	449447.MAE_54760	21.7	2
6324246	449447.MAE_24310	88.0	3
6322669	449447.MAE_08540	29.9	1
6326503	449447.MAE_46880	22.3	3
6326087	449447.MAE_42720	31.9	2
6324150	449447.MAE_23350	6.85	1
6325024	449447.MAE_32090	17.7	2
6327343	449447.MAE_55280	44.7	2
6322872	449447.MAE_10570	46.3	5
6324756	449447.MAE_29410	1.63	2
6321916	449447.MAE_01010	0.979	1
6325709	449447.MAE_38940	3.64	2
6326441	449447.MAE_46260	1004	98
6322861	449447.MAE_10460	2.8	1
6322649	449447.MAE_08340	29.8	2
6323596	449447.MAE_17810	89.4	1
6325917	449447.MAE_41020	10.4	1
6325943	449447.MAE_41280	63.9	1
6326817	449447.MAE_50020	281	24
6324815	449447.MAE_30000	9.34	1
6327331	449447.MAE_55160	35.8	1
6322720	449447.MAE_09050	393	47
6323924	449447.MAE_21090	0.597	1
6322704	449447.MAE_08890	14.9	1
6327576	449447.MAE_57610	13.4	1
6323334	449447.MAE_15190	26.5	2
6323978	449447.MAE_21630	26.7	4
6327914	449447.MAE_60990	60.9	2
6323057	449447.MAE_12420	150	1
6322717	449447.MAE_09020	16.3	1
6328051	449447.MAE_62360	27.2	6
6327981	449447.MAE_61660	57.6	2
6324762	449447.MAE_29470	22.8	1
6326986	449447.MAE_51710	58.3	3
6325224	449447.MAE_34090	6.56	1
6326980	449447.MAE_51650	61.8	3
6326964	449447.MAE_51490	6.65	2
6322481	449447.MAE_06660	15.2	1
6327147	449447.MAE_53320	11.9	1
6322714	449447.MAE_08990	10.6	2
6327666	449447.MAE_58510	0.944	1
6323211	449447.MAE_13960	0.417	1
6325445	449447.MAE_36300	4246	288
6328083	449447.MAE_62680	1773	82
6326414	449447.MAE_45990	386	12
6325605	449447.MAE_37900	0.405	1
6326603	449447.MAE_47880	41.4	1
6322154	449447.MAE_03390	29.6	2
6325339	449447.MAE_35240	83.8	4
6323961	449447.MAE_21460	42.9	2
6327213	449447.MAE_53980	50.3	1
6322021	449447.MAE_02060	77.0	1
6325762	449447.MAE_39470	1.64	1
6322138	449447.MAE_03230	27.6	1
6323180	449447.MAE_13650	47.0	5
6327623	449447.MAE_58080	7.05	5
6327925	449447.MAE_61100	0.927	1
6326199	449447.MAE_43840	8.94	1
6324973	449447.MAE_31580	146	2
6325423	449447.MAE_36080	9.74	1
6327154	449447.MAE_53390	175	28
6322500	449447.MAE_06850	69.7	2
6325830	449447.MAE_40150	23.7	4
6325697	449447.MAE_38820	55.5	11
6322622	449447.MAE_08070	10.0	1
6323559	449447.MAE_17440	26.1	2
6322080	449447.MAE_02650	15.4	1
6325195	449447.MAE_33800	59.5	1
6328007	449447.MAE_61920	35.1	1
6326846	449447.MAE_50310	10.1	1
6326102	449447.MAE_42870	3.64	2
6324720	449447.MAE_29050	3.29	1
6327808	449447.MAE_59930	6.53	1
6323474	449447.MAE_16590	381	44
6323542	449447.MAE_17270	12.0	1
6322820	449447.MAE_10050	307	15
6325890	449447.MAE_40750	132	6
6327363	449447.MAE_55480	2.92	1
6323502	449447.MAE_16870	23.2	1
6322090	449447.MAE_02750	2.55	1
6323223	449447.MAE_14080	96.9	2
6325845	449447.MAE_40300	225	1
6324743	449447.MAE_29280	21.0	1
6322075	449447.MAE_02600	290	21
6327688	449447.MAE_58730	19.2	1
6324954	449447.MAE_31390	198	1
6327483	449447.MAE_56680	224	17
6327107	449447.MAE_52920	40.6	2
6323383	449447.MAE_15680	757	16
6323731	449447.MAE_19160	201	7
6326823	449447.MAE_50080	1982	69
6322789	449447.MAE_09740	94.8	11
6324389	449447.MAE_25740	26.9	2
6322842	449447.MAE_10270	31371	1118
6322215	449447.MAE_04000	59.2	1
6322718	449447.MAE_09030	8.91	1
6323753	449447.MAE_19380	31.1	1
6325653	449447.MAE_38380	847	54
6326022	449447.MAE_42070	44.2	3
6322357	449447.MAE_05420	72.8	3
6322525	449447.MAE_07100	14.6	1
6326105	449447.MAE_42900	97.0	1
6323734	449447.MAE_19190	15.8	1
6327882	449447.MAE_60670	27.6	1
6326202	449447.MAE_43870	200	9
6326289	449447.MAE_44740	103	1
6325728	449447.MAE_39130	59.4	8
6327728	449447.MAE_59130	44.0	1
6322122	449447.MAE_03070	24.3	1
6323171	449447.MAE_13560	27.9	4
6325907	449447.MAE_40920	29.4	2
6322424	449447.MAE_06090	14567	1504
6328018	449447.MAE_62030	20.5	1
6323009	449447.MAE_11940	45.3	2
6325667	449447.MAE_38520	31.3	2
6327385	449447.MAE_55700	21.1	3
6325880	449447.MAE_40650	7.76	1
6322987	449447.MAE_11720	31.6	1
6323780	449447.MAE_19650	63.9	4
6324632	449447.MAE_28170	224	19
6326575	449447.MAE_47600	27.7	3
6327240	449447.MAE_54250	2.71	3
6324147	449447.MAE_23320	269	17
6327336	449447.MAE_55210	85.5	1
6324915	449447.MAE_31000	151	1
6323298	449447.MAE_14830	7.74	1
6327440	449447.MAE_56250	168	20
6323233	449447.MAE_14180	30.4	2
6327629	449447.MAE_58140	283	96
6324719	449447.MAE_29040	12.6	3
6326191	449447.MAE_43760	113	2
6325647	449447.MAE_38320	12.6	1
6323949	449447.MAE_21340	50.4	1
6327918	449447.MAE_61030	44.4	2
6326607	449447.MAE_47920	1056	14
6325721	449447.MAE_39060	1165	28
6325893	449447.MAE_40780	36.8	1
6323626	449447.MAE_18110	15.0	3
6323282	449447.MAE_14670	36.4	2
6327473	449447.MAE_56580	3.53	1
6324295	449447.MAE_24800	1.58	2
6322135	449447.MAE_03200	6.64	1
6324588	449447.MAE_27730	21.8	1
6324608	449447.MAE_27930	17.7	1
6326820	449447.MAE_50050	1095	39
6323226	449447.MAE_14110	0.664	1
6324052	449447.MAE_22370	2.28	1
6321825	449447.MAE_00100	12.1	1
6327048	449447.MAE_52330	179	2
6326985	449447.MAE_51700	73.2	1
6327197	449447.MAE_53820	0.664	1
6325799	449447.MAE_39840	35.3	4
6322817	449447.MAE_10020	3.01	1
6327509	449447.MAE_56940	12.0	1
6324897	449447.MAE_30820	19.6	1
6326874	449447.MAE_50590	36.6	4
6325658	449447.MAE_38430	0.91	1
6327662	449447.MAE_58470	1.09	1
6323689	449447.MAE_18740	36.1	3
6327216	449447.MAE_54010	76.8	1
6323953	449447.MAE_21380	15.6	3
6327352	449447.MAE_55370	8.67	1
6323344	449447.MAE_15290	0.629	1
6327811	449447.MAE_59960	59.6	3
6322635	449447.MAE_08200	22.5	1
6326054	449447.MAE_42390	28.2	1
6324445	449447.MAE_26300	10246	729
6322942	449447.MAE_11270	66.3	2
6328125	449447.MAE_63100	98.2	9
6326423	449447.MAE_46080	3734	444
6323988	449447.MAE_21730	149	9
6323824	449447.MAE_20090	14.2	2
6322179	449447.MAE_03640	96.9	2
6322896	449447.MAE_10810	23.5	1
6321987	449447.MAE_01720	21.4	1
6326920	449447.MAE_51050	0.417	1
6321929	449447.MAE_01140	33.1	3
6327362	449447.MAE_55470	1.63	2
6326206	449447.MAE_43910	177	11
6326180	449447.MAE_43650	240	33
6323882	449447.MAE_20670	33.9	1
6328015	449447.MAE_62000	71.4	7
6324129	449447.MAE_23140	23.9	2
6323646	449447.MAE_18310	11.9	1
6322652	449447.MAE_08370	171	1
6325092	449447.MAE_32770	0.91	1
6325785	449447.MAE_39700	15.6	1
6326091	449447.MAE_42760	2627	271
6328049	449447.MAE_62340	0.932	1
6323695	449447.MAE_18800	55.0	1
6326785	449447.MAE_49700	133	1
6323960	449447.MAE_21450	70.9	5
6327367	449447.MAE_55520	1.63	2
6327014	449447.MAE_51990	20.0	1
6321924	449447.MAE_01090	56.0	6
6324715	449447.MAE_29000	12.5	1
6326860	449447.MAE_50450	293	31
6327691	449447.MAE_58760	49.0	2
6326068	449447.MAE_42530	28.6	2
6325506	449447.MAE_36910	44.2	1
6327567	449447.MAE_57520	101	2
6322610	449447.MAE_07950	22.7	1
6327789	449447.MAE_59740	8.7	1
6322259	449447.MAE_04440	21.2	1
6322696	449447.MAE_08810	25.3	1
6323742	449447.MAE_19270	3986	425
6326367	449447.MAE_45520	16.3	1
6327013	449447.MAE_51980	49.8	4
6324645	449447.MAE_28300	34.9	5
6325016	449447.MAE_32010	4679	44
6325317	449447.MAE_35020	6.26	1
6327272	449447.MAE_54570	389	16
6325448	449447.MAE_36330	4.07	2
6327904	449447.MAE_60890	46.1	3
6325885	449447.MAE_40700	26.6	3
6324273	449447.MAE_24580	31.8	1
6323930	449447.MAE_21150	27.9	1
6322726	449447.MAE_09110	36.1	1
6325478	449447.MAE_36630	598	26
6322871	449447.MAE_10560	3578	234
6322983	449447.MAE_11680	9.32	2
6323715	449447.MAE_19000	23.3	1
6322749	449447.MAE_09340	36.0	1
6325084	449447.MAE_32690	8.12	1
6322894	449447.MAE_10790	56.9	2
6328032	449447.MAE_62170	22.8	1
6324537	449447.MAE_27220	87.9	1
6323814	449447.MAE_19990	421	42
6324946	449447.MAE_31310	21.1	2
6326098	449447.MAE_42830	9.96	1
6323110	449447.MAE_12950	50.5	9
6327593	449447.MAE_57780	69.7	1
6326162	449447.MAE_43470	30.3	1
6323191	449447.MAE_13760	2.71	3
6326720	449447.MAE_49050	83.0	1
6325196	449447.MAE_33810	172	1
6322274	449447.MAE_04590	51.4	6
6327465	449447.MAE_56500	9.8	3
6326900	449447.MAE_50850	32.3	1
6325982	449447.MAE_41670	24.5	3
6326600	449447.MAE_47850	9.92	1
6325775	449447.MAE_39600	144	1
6325027	449447.MAE_32120	15.5	1
6325731	449447.MAE_39160	4.38	1
6327532	449447.MAE_57170	109	3
6326630	449447.MAE_48150	15.6	1
6324038	449447.MAE_22230	71.3	1
6327693	449447.MAE_58780	14.3	1
6325153	449447.MAE_33380	37.6	2
6322070	449447.MAE_02550	14.9	1
6322803	449447.MAE_09880	2.8	1
6323291	449447.MAE_14760	104	2
6325188	449447.MAE_33730	16.2	1
6323614	449447.MAE_17990	125	2
6324311	449447.MAE_24960	7.75	2
6322642	449447.MAE_08270	28.8	4
6322155	449447.MAE_03400	196	22
6323941	449447.MAE_21260	7.69	1
6325059	449447.MAE_32440	31.9	1
6324137	449447.MAE_23220	14.0	1
6324618	449447.MAE_28030	46.3	1
6321915	449447.MAE_01000	3.05	1
6324878	449447.MAE_30630	23.8	1
6327484	449447.MAE_56690	0.417	1
6327075	449447.MAE_52600	15.1	1
6324927	449447.MAE_31120	3.55	2
6327600	449447.MAE_57850	11.5	2
6326412	449447.MAE_45970	237	20
6323055	449447.MAE_12400	8.02	1
6322614	449447.MAE_07990	12.2	1
6324717	449447.MAE_29020	85.4	1
6324820	449447.MAE_30050	161	6
6325408	449447.MAE_35930	48.7	1
6326489	449447.MAE_46740	90.6	6
6326951	449447.MAE_51360	15.9	1
6322430	449447.MAE_06150	3.64	2
6326707	449447.MAE_48920	19.4	1
6322398	449447.MAE_05830	95.4	2
6325326	449447.MAE_35110	0.381	1
6327890	449447.MAE_60750	18.3	1
6327199	449447.MAE_53840	26.5	1
6324134	449447.MAE_23190	172	10
6324099	449447.MAE_22840	0.41	1
6326313	449447.MAE_44980	34.1	2
6324081	449447.MAE_22660	5.64	2
6326195	449447.MAE_43800	45.5	3
6323462	449447.MAE_16470	1.63	2
6327833	449447.MAE_60180	16.8	2
6324527	449447.MAE_27120	106	2
6326196	449447.MAE_43810	14.6	1
6326685	449447.MAE_48700	65.5	1
6323413	449447.MAE_15980	22.0	2
6325494	449447.MAE_36790	40.5	1
6323295	449447.MAE_14800	8959	825
6326686	449447.MAE_48710	78.3	4
6322477	449447.MAE_06620	27.8	1
6321909	449447.MAE_00940	907	24
6325120	449447.MAE_33050	58.5	1
6327026	449447.MAE_52110	69.8	1
6324928	449447.MAE_31130	44.4	2
6322205	449447.MAE_03900	16.6	1
6327247	449447.MAE_54320	49.3	1
6322590	449447.MAE_07750	22.3	2
6326276	449447.MAE_44610	23.5	2
6326440	449447.MAE_46250	113	7
6322551	449447.MAE_07360	149	3
6322583	449447.MAE_07680	66.0	2
6324013	449447.MAE_21980	28.7	1
6322152	449447.MAE_03370	16.3	5
6323772	449447.MAE_19570	0.518	1
6326917	449447.MAE_51020	68.1	1
6327374	449447.MAE_55590	19.8	1
6327094	449447.MAE_52790	168	2
6325957	449447.MAE_41420	25.5	3
6326804	449447.MAE_49890	11.6	1
6322161	449447.MAE_03460	1.09	1
6328063	449447.MAE_62480	36.4	1
6322538	449447.MAE_07230	50.9	1
6326769	449447.MAE_49540	7.05	5
6322072	449447.MAE_02570	92.5	1
6323980	449447.MAE_21650	15.7	1
6324714	449447.MAE_28990	38.6	3
6322043	449447.MAE_02280	8.34	2
6325388	449447.MAE_35730	182	2
6325272	449447.MAE_34570	136	1
6327157	449447.MAE_53420	4.06	2
6322063	449447.MAE_02480	13.8	1
6325928	449447.MAE_41130	1316	19
6323499	449447.MAE_16840	39.9	1
6323175	449447.MAE_13600	26.5	1
6326771	449447.MAE_49560	11.7	1
6324152	449447.MAE_23370	10.8	2
6326699	449447.MAE_48840	4.01	1
6324920	449447.MAE_31050	7.75	2
6323620	449447.MAE_18050	55.7	1
6321922	449447.MAE_01070	4.23	1
6325767	449447.MAE_39520	91.8	1
6325383	449447.MAE_35680	26.9	2
6327132	449447.MAE_53170	20.7	2
6327130	449447.MAE_53150	30.6	3
6324018	449447.MAE_22030	50.4	2
6324967	449447.MAE_31520	17.7	1
6324264	449447.MAE_24490	32.6	3
6325323	449447.MAE_35080	255	16
6327472	449447.MAE_56570	18.1	1
6323664	449447.MAE_18490	14.1	1
6327868	449447.MAE_60530	2.49	1
6322297	449447.MAE_04820	0.688	1
6324579	449447.MAE_27640	1.63	2
6327997	449447.MAE_61820	826	112
6325960	449447.MAE_41450	22.2	2
6323907	449447.MAE_20920	2.88	1
6325876	449447.MAE_40610	93.4	4
6326522	449447.MAE_47070	37.2	3
6328062	449447.MAE_62470	10.2	1
6327254	449447.MAE_54390	520	9
6324040	449447.MAE_22250	1.77	1
6322946	449447.MAE_11310	266	12
6323865	449447.MAE_20500	23.4	1
6324334	449447.MAE_25190	12.5	1
6324615	449447.MAE_28000	74.7	1
6326468	449447.MAE_46530	33.2	1
6325643	449447.MAE_38280	85.7	1
6327384	449447.MAE_55690	25.3	1
6322184	449447.MAE_03690	0.648	1
6322074	449447.MAE_02590	159	11
6327710	449447.MAE_58950	39.2	4
6327719	449447.MAE_59040	14.9	1
6326055	449447.MAE_42400	19.4	2
6325457	449447.MAE_36420	1.63	2
6322111	449447.MAE_02960	114	2
6328108	449447.MAE_62930	21.2	3
6325665	449447.MAE_38500	9.44	1
6328030	449447.MAE_62150	1202	57
6322762	449447.MAE_09470	23.1	1
6326726	449447.MAE_49110	126	3
6326247	449447.MAE_44320	50.9	4
6322664	449447.MAE_08490	7.05	5
6324318	449447.MAE_25030	8607	795
6322684	449447.MAE_08690	88.6	1
6327215	449447.MAE_54000	31462	22
6323974	449447.MAE_21590	21.1	2
6327320	449447.MAE_55050	0.664	1
6323952	449447.MAE_21370	34.7	2
6322402	449447.MAE_05870	10.6	1
6325368	449447.MAE_35530	15.9	1
6326380	449447.MAE_45650	28.0	1
6327506	449447.MAE_56910	76.4	4
6323832	449447.MAE_20170	80.4	1
6323002	449447.MAE_11870	115	5
6323996	449447.MAE_21810	14.4	1
6323452	449447.MAE_16370	48.0	1
6323387	449447.MAE_15720	274	25
6325419	449447.MAE_36040	2596	87
6322355	449447.MAE_05400	49.4	1
6323804	449447.MAE_19890	22.1	1
6324599	449447.MAE_27840	16.3	5
6324586	449447.MAE_27710	271	3
6325559	449447.MAE_37440	10.8	2
6322585	449447.MAE_07700	28.6	1
6323494	449447.MAE_16790	19.4	1
6322507	449447.MAE_06920	34.5	2
6326656	449447.MAE_48410	7.05	5
6326474	449447.MAE_46590	9.51	1
6325574	449447.MAE_37590	14.6	1
6323556	449447.MAE_17410	36.1	2
6326832	449447.MAE_50170	1469	88
6326577	449447.MAE_47620	9.33	2
6326182	449447.MAE_43670	4069	327
6322947	449447.MAE_11320	36.9	5
6326940	449447.MAE_51250	37.7	3
6324149	449447.MAE_23340	49.5	2
6322032	449447.MAE_02170	32.1	1
6324761	449447.MAE_29460	19.3	2
6323488	449447.MAE_16730	71.9	2
6323393	449447.MAE_15780	21.7	3
6325954	449447.MAE_41390	20.0	1
6325154	449447.MAE_33390	24.9	3
6327804	449447.MAE_59890	34.1	5
6324178	449447.MAE_23630	30.6	1
6324850	449447.MAE_30350	131	1
6326258	449447.MAE_44430	196	10
6325678	449447.MAE_38630	12.5	5
6327660	449447.MAE_58450	3.64	2
6325527	449447.MAE_37120	12.1	1
6327095	449447.MAE_52800	434	40
6323539	449447.MAE_17240	128	1
6324941	449447.MAE_31260	23.4	2
6324194	449447.MAE_23790	3.32	1
6322404	449447.MAE_05890	21.4	2
6327261	449447.MAE_54460	14.0	2
6323318	449447.MAE_15030	34.3	1
6323324	449447.MAE_15090	19.9	1
6323704	449447.MAE_18890	28.1	1
6326676	449447.MAE_48610	89.4	2
6322682	449447.MAE_08670	6.5	1
6326416	449447.MAE_46010	10.8	1
6327158	449447.MAE_53430	382	28
6325320	449447.MAE_35050	63.0	4
6323188	449447.MAE_13730	127	4
6322015	449447.MAE_02000	20.4	1
6326342	449447.MAE_45270	0.417	1
6324333	449447.MAE_25180	11.5	1
6324520	449447.MAE_27050	42.4	7
6323909	449447.MAE_20940	68.9	1
6321949	449447.MAE_01340	116	1
6323607	449447.MAE_17920	10.0	1
6327933	449447.MAE_61180	7.51	1
6324866	449447.MAE_30510	27.1	1
6326638	449447.MAE_48230	9.59	1
6327478	449447.MAE_56630	90.7	15
6326768	449447.MAE_49530	30.4	2
6328088	449447.MAE_62730	28.1	3
6322794	449447.MAE_09790	70.6	3
6322018	449447.MAE_02030	19.8	1
6323848	449447.MAE_20330	4.01	2
6325599	449447.MAE_37840	68.7	3
6322792	449447.MAE_09770	40.7	2
6326444	449447.MAE_46290	32.6	1
6327084	449447.MAE_52690	75.4	8
6323975	449447.MAE_21600	907	24
6322733	449447.MAE_09180	161	2
6323074	449447.MAE_12590	69.7	4
6327692	449447.MAE_58770	22.4	3
6324035	449447.MAE_22200	2.7	3
6322595	449447.MAE_07800	9.21	1
6327273	449447.MAE_54580	44.0	1
6324993	449447.MAE_31780	16.5	3
6324821	449447.MAE_30060	41.7	1
6327170	449447.MAE_53550	9.45	1
6322529	449447.MAE_07140	6.75	1
6324835	449447.MAE_30200	15.5	1
6325670	449447.MAE_38550	11.2	3
6322322	449447.MAE_05070	0.688	1
6326240	449447.MAE_44250	5227	365
6326609	449447.MAE_47940	11373	326
6323128	449447.MAE_13130	17.6	2
6325319	449447.MAE_35040	75.0	1
6327479	449447.MAE_56640	115	1
6326929	449447.MAE_51140	375	15
6322591	449447.MAE_07760	83.8	3
6324569	449447.MAE_27540	14.2	1
6325938	449447.MAE_41230	74.3	3
6325085	449447.MAE_32700	27.7	2
6322853	449447.MAE_10380	283	96
6325233	449447.MAE_34180	47.8	1
6326111	449447.MAE_42960	46.2	1
6324209	449447.MAE_23940	105	9
6326601	449447.MAE_47860	16.9	1
6322626	449447.MAE_08110	12.5	2
6322680	449447.MAE_08650	53.7	1
6322470	449447.MAE_06550	8.87	1
6325814	449447.MAE_39990	48.2	7
6326473	449447.MAE_46580	9.51	1
6327123	449447.MAE_53080	8.16	1
6325081	449447.MAE_32660	10.6	1
6326628	449447.MAE_48130	12.2	1
6324976	449447.MAE_31610	0.648	1
6327561	449447.MAE_57460	4446	66
6327816	449447.MAE_60010	7.47	7
6326732	449447.MAE_49170	28.0	2
6327700	449447.MAE_58850	140	20
6322461	449447.MAE_06460	33.0	2
6326485	449447.MAE_46700	996	37
6323651	449447.MAE_18360	33.5	1
6322927	449447.MAE_11120	144	6
6323307	449447.MAE_14920	251	3
6321978	449447.MAE_01630	99.1	2
6322331	449447.MAE_05160	34.9	1
6324633	449447.MAE_28180	47.8	4
6328042	449447.MAE_62270	3.64	2
6321840	449447.MAE_00250	28.1	4
6324321	449447.MAE_25060	66.5	3
6325806	449447.MAE_39910	23.0	2
6324950	449447.MAE_31350	25.8	3
6324989	449447.MAE_31740	132	3
6322273	449447.MAE_04580	1.63	2
6328039	449447.MAE_62240	59.1	3
6323270	449447.MAE_14550	118	7
6326272	449447.MAE_44570	46.1	1
6323354	449447.MAE_15390	19.7	2
6326411	449447.MAE_45960	24.9	2
6322162	449447.MAE_03470	6.63	1
6322108	449447.MAE_02930	68.2	2
6328033	449447.MAE_62180	33.1	3
6327401	449447.MAE_55860	33.4	2
6324996	449447.MAE_31810	47.8	1
6328054	449447.MAE_62390	40.0	1
6322176	449447.MAE_03610	3.93	1
6323629	449447.MAE_18140	94.9	8
6324504	449447.MAE_26890	8.08	1
6324468	449447.MAE_26530	0.966	1
6322736	449447.MAE_09210	9.94	1
6323931	449447.MAE_21160	37.2	3
6326658	449447.MAE_48430	110	1
6323208	449447.MAE_13930	20.5	1
6326458	449447.MAE_46430	23.0	2
6328087	449447.MAE_62720	377	18
6325675	449447.MAE_38600	13.5	10
6322304	449447.MAE_04890	30.7	1
6327460	449447.MAE_56450	153	8
6323083	449447.MAE_12680	47.3	2
6327999	449447.MAE_61840	114	24
6327502	449447.MAE_56870	16.3	1
6324641	449447.MAE_28260	57.4	1
6327185	449447.MAE_53700	17.9	1
6326442	449447.MAE_46270	47.4	3
6323656	449447.MAE_18410	293	40
6327156	449447.MAE_53410	35.1	2
6328047	449447.MAE_62320	43.6	5
6324901	449447.MAE_30860	9.68	1
6325159	449447.MAE_33440	16.5	2
6325446	449447.MAE_36310	46.3	1
6321819	449447.MAE_00040	13.1	1
6325491	449447.MAE_36760	178	20
6322165	449447.MAE_03500	2.63	1
6327466	449447.MAE_56510	15.0	1
6322197	449447.MAE_03820	214	34
6326944	449447.MAE_51290	385	9
6324898	449447.MAE_30830	9.48	1
6324798	449447.MAE_29830	6.24	1
6323042	449447.MAE_12270	17.8	4
6322460	449447.MAE_06450	128	7
6322770	449447.MAE_09550	62.5	1
6325849	449447.MAE_40340	75.7	2
6322133	449447.MAE_03180	98.8	1
6326254	449447.MAE_44390	19.2	2
6324896	449447.MAE_30810	72.8	1
6322999	449447.MAE_11840	6814	127
6322711	449447.MAE_08960	0.932	1
6323723	449447.MAE_19080	41.3	2
6322991	449447.MAE_11760	229	4
6325256	449447.MAE_34410	2.68	3
6326154	449447.MAE_43390	7.77	1
6324375	449447.MAE_25600	83.4	12
6327281	449447.MAE_54660	7.86	1
6324951	449447.MAE_31360	14.4	1
6323026	449447.MAE_12110	37.6	1
6321839	449447.MAE_00240	68.3	1
6326220	449447.MAE_44050	56.7	1
6324105	449447.MAE_22900	73.1	1
6323532	449447.MAE_17170	10.1	1
6321893	449447.MAE_00780	3.39	1
6326896	449447.MAE_50810	45.5	1
6328034	449447.MAE_62190	28.5	3
6326657	449447.MAE_48420	51.2	1
6325930	449447.MAE_41150	837	71
6323662	449447.MAE_18470	58.4	1
6322961	449447.MAE_11460	19.2	1
6327020	449447.MAE_52050	354	8
6323096	449447.MAE_12810	30.6	2
6326047	449447.MAE_42320	23.7	1
6324252	449447.MAE_24370	95.3	1
6325451	449447.MAE_36360	0.664	1
6326466	449447.MAE_46510	16.4	1
6322633	449447.MAE_08180	21.9	4
6322077	449447.MAE_02620	110	15
6325609	449447.MAE_37940	33.1	1
6327381	449447.MAE_55660	18.9	1
6325381	449447.MAE_35660	12.1	1
6327211	449447.MAE_53960	5.26	1
6321918	449447.MAE_01030	1.07	1
6325402	449447.MAE_35870	13.4	1
6325183	449447.MAE_33680	36.5	1
6323157	449447.MAE_13420	52.4	5
6325424	449447.MAE_36090	101	2
6324566	449447.MAE_27510	422	31
6327592	449447.MAE_57770	24.7	5
6325020	449447.MAE_32050	23.7	1
6327562	449447.MAE_57470	119	1
6324816	449447.MAE_30010	13.3	1
6326280	449447.MAE_44650	296	8
6322857	449447.MAE_10420	61.3	1
6327077	449447.MAE_52620	7.05	5
6326456	449447.MAE_46410	2.68	3
6324267	449447.MAE_24520	12.3	1
6323099	449447.MAE_12840	2.35	1
6323905	449447.MAE_20900	115	1
6326348	449447.MAE_45330	270	21
6323565	449447.MAE_17500	29.6	1
6323735	449447.MAE_19200	4.15	1
6325277	449447.MAE_34620	48.5	2
6325490	449447.MAE_36750	72.0	8
6324628	449447.MAE_28130	6.32	1
6322062	449447.MAE_02470	66.2	3
6327104	449447.MAE_52890	3.27	1
6325057	449447.MAE_32420	119	2
6325352	449447.MAE_35370	6.65	2
6322006	449447.MAE_01910	54.1	15
6322156	449447.MAE_03410	1628	214
6327159	449447.MAE_53440	83.5	1
6327451	449447.MAE_56360	11.3	1
6327935	449447.MAE_61200	113	3
6327679	449447.MAE_58640	27.7	1
6325030	449447.MAE_32150	201	2
6323090	449447.MAE_12750	14.7	1
6325985	449447.MAE_41700	0.93	1
6327071	449447.MAE_52560	434	12
6325888	449447.MAE_40730	22.7	1
6325396	449447.MAE_35810	26.1	1
6327491	449447.MAE_56760	19.3	1
6325730	449447.MAE_39150	16.9	1
6322506	449447.MAE_06910	36.5	1
6322613	449447.MAE_07980	5.01	1
6326647	449447.MAE_48320	36.1	2
6327979	449447.MAE_61640	4.12	1
6323257	449447.MAE_14420	0.664	1
6325110	449447.MAE_32950	35.7	4
6322443	449447.MAE_06280	67.0	2
6324838	449447.MAE_30230	27.8	1
6325261	449447.MAE_34460	28.6	2
6325021	449447.MAE_32060	97.8	1
6327178	449447.MAE_53630	35.9	1
6322926	449447.MAE_11110	90.8	13
6324602	449447.MAE_27870	27.0	12
6321871	449447.MAE_00560	0.601	1
6325979	449447.MAE_41640	110	6
6324250	449447.MAE_24350	160	4
6327241	449447.MAE_54260	1.13	1
6327297	449447.MAE_54820	18.0	1
6323008	449447.MAE_11930	23.3	1
6323242	449447.MAE_14270	12.8	1
6325129	449447.MAE_33140	81.0	1
6325436	449447.MAE_36210	7.75	2
6325796	449447.MAE_39810	7.04	1
6327265	449447.MAE_54500	31.9	8
6323874	449447.MAE_20590	15.4	1
6322418	449447.MAE_06030	1.58	2
6322475	449447.MAE_06600	1252	13
6325128	449447.MAE_33130	8.54	1
6327359	449447.MAE_55440	81.6	7
6326610	449447.MAE_47950	286	7
6322140	449447.MAE_03250	25.9	1
6326540	449447.MAE_47250	136	2
6327501	449447.MAE_56860	5.81	1
6324817	449447.MAE_30020	4040	188
6327287	449447.MAE_54720	48.1	1
6327471	449447.MAE_56560	58.2	2
6322498	449447.MAE_06830	1047	11
6322081	449447.MAE_02660	36.5	1
6321879	449447.MAE_00640	1054	93
6322193	449447.MAE_03780	7.44	2
6325950	449447.MAE_41350	3.8	1
6322017	449447.MAE_02020	67.8	3
6325899	449447.MAE_40840	40.7	2
6322106	449447.MAE_02910	253	5
6323335	449447.MAE_15200	13.0	2
6325580	449447.MAE_37650	119	3
6326381	449447.MAE_45660	8.34	2
6325535	449447.MAE_37200	23.7	1
6323486	449447.MAE_16710	28.3	2
6327389	449447.MAE_55740	178	1
6327086	449447.MAE_52710	123	10
6325410	449447.MAE_35950	48.7	1
6324858	449447.MAE_30430	36.3	3
6325955	449447.MAE_41400	352	31
6324595	449447.MAE_27800	16.7	4
6325810	449447.MAE_39950	31.2	4
6327533	449447.MAE_57180	753	45
6323770	449447.MAE_19550	56.4	2
6327328	449447.MAE_55130	69.9	1
6327586	449447.MAE_57710	5.75	1
6321886	449447.MAE_00710	80.0	7
6324978	449447.MAE_31630	127	4
6326370	449447.MAE_45550	2.7	3
6325136	449447.MAE_33210	19.7	1
6326146	449447.MAE_43310	22.7	1
6323278	449447.MAE_14630	41.4	1
6324012	449447.MAE_21970	2.39	3
6327416	449447.MAE_56010	317	51
6323364	449447.MAE_15490	5.64	2
6326533	449447.MAE_47180	47.4	4
6322647	449447.MAE_08320	0.611	1
6324832	449447.MAE_30170	217	1
6325049	449447.MAE_32340	90.9	6
6326238	449447.MAE_44230	20.3	1
6323062	449447.MAE_12470	11.5	1
6327379	449447.MAE_55640	28.3	2
6324666	449447.MAE_28510	29.4	2
6325892	449447.MAE_40770	18.3	1
6324990	449447.MAE_31750	38.2	3
6327522	449447.MAE_57070	52.0	3
6322254	449447.MAE_04390	56.5	1
6324299	449447.MAE_24840	0.61	1
6327228	449447.MAE_54130	302	38
6327489	449447.MAE_56740	1111	37
6322451	449447.MAE_06360	558	31
6326496	449447.MAE_46810	57.6	6
6323883	449447.MAE_20680	43.5	1
6327677	449447.MAE_58620	18.7	1
6321921	449447.MAE_01060	40.5	1
6327371	449447.MAE_55560	33.8	2
6326480	449447.MAE_46650	6.99	1
6325922	449447.MAE_41070	2.68	3
6326513	449447.MAE_46980	29.1	2
6323370	449447.MAE_15550	16.3	2
6326651	449447.MAE_48360	16.1	1
6322374	449447.MAE_05590	0.47	1
6325745	449447.MAE_39300	46.3	2
6323182	449447.MAE_13670	51.2	3
6323846	449447.MAE_20310	35.0	2
6326780	449447.MAE_49650	21.3	1
6325901	449447.MAE_40860	34.1	4
6326551	449447.MAE_47360	82.9	1
6323584	449447.MAE_17690	14.6	1
6324813	449447.MAE_29980	5.41	1
6323004	449447.MAE_11890	338	42
6327065	449447.MAE_52500	274	9
6325114	449447.MAE_32990	1366	74
6327921	449447.MAE_61060	5.03	1
6326717	449447.MAE_49020	21.8	1
6325624	449447.MAE_38090	83.5	1
6323574	449447.MAE_17590	4.4	1
6323756	449447.MAE_19410	25.7	5
6327382	449447.MAE_55670	41.2	2
6326763	449447.MAE_49480	19.8	1
6322837	449447.MAE_10220	283	96
6326404	449447.MAE_45890	131	3
6322223	449447.MAE_04080	122	6
6323010	449447.MAE_11950	200	11
6322028	449447.MAE_02130	26.0	1
6326424	449447.MAE_46090	3.1	2
6323237	449447.MAE_14220	62.7	1
6322897	449447.MAE_10820	48.2	1
6327224	449447.MAE_54090	38.4	2
6326413	449447.MAE_45980	10.4	1
6326462	449447.MAE_46470	97.8	1
6322558	449447.MAE_07430	32.0	1
6326844	449447.MAE_50290	91.7	2
6325250	449447.MAE_34350	130	1
6324983	449447.MAE_31680	381	5
6327253	449447.MAE_54380	484	29
6326692	449447.MAE_48770	294	3
6327599	449447.MAE_57840	10.6	1
6324922	449447.MAE_31070	123	2
6322887	449447.MAE_10720	97.5	1
6326279	449447.MAE_44640	21.3	2
6325510	449447.MAE_36950	11.4	1
6325710	449447.MAE_38950	6.65	2
6323828	449447.MAE_20130	81.2	3
6324205	449447.MAE_23900	452	27
6322747	449447.MAE_09320	21.1	1
6323507	449447.MAE_16920	117	7
6327176	449447.MAE_53610	76.8	2
6328058	449447.MAE_62430	8.38	1
6325844	449447.MAE_40290	223	2
6325884	449447.MAE_40690	9.54	1
6323050	449447.MAE_12350	18.0	4
6326321	449447.MAE_45060	25.6	2
6326132	449447.MAE_43170	597	39
6324593	449447.MAE_27780	61.3	1
6324138	449447.MAE_23230	36.0	2
6326406	449447.MAE_45910	27.4	4
6327305	449447.MAE_54900	77.7	1
6326623	449447.MAE_48080	13.3	1
6326155	449447.MAE_43400	25.9	3
6324929	449447.MAE_31140	27.0	2
6324895	449447.MAE_30800	19.6	1
6323950	449447.MAE_21350	35.8	1
6323561	449447.MAE_17460	64.6	1
6325754	449447.MAE_39390	2.28	1
6325356	449447.MAE_35410	1.77	1
6324195	449447.MAE_23800	160	1
6324365	449447.MAE_25500	0.664	1
6324174	449447.MAE_23590	7.65	1
6326061	449447.MAE_42460	0.385	1
6322148	449447.MAE_03330	32.9	2
6323779	449447.MAE_19640	27.2	2
6327282	449447.MAE_54670	23.9	6
6326372	449447.MAE_45570	6.38	1
6327105	449447.MAE_52900	11.1	1
6327863	449447.MAE_60480	5.64	2
6322367	449447.MAE_05520	28.6	1
6324140	449447.MAE_23250	49.1	1
6326526	449447.MAE_47110	179	2
6324726	449447.MAE_29110	93.1	26
6325630	449447.MAE_38150	25.9	2
6326274	449447.MAE_44590	2.7	2
6326131	449447.MAE_43160	18.5	1
6327314	449447.MAE_54990	7.05	5
6327259	449447.MAE_54440	20.5	2
6327277	449447.MAE_54620	0.392	1
6324348	449447.MAE_25330	22.4	2
6322456	449447.MAE_06410	0.648	1
6323388	449447.MAE_15730	146	7
6326376	449447.MAE_45610	31.4	2
6323405	449447.MAE_15900	108	4
6324260	449447.MAE_24450	155636	6075
6325366	449447.MAE_35510	13.7	4
6322949	449447.MAE_11340	37.5	2
6324083	449447.MAE_22680	32.4	1
6322324	449447.MAE_05090	7.75	2
6327477	449447.MAE_56620	0.664	1
6322433	449447.MAE_06180	84.9	5
6326086	449447.MAE_42710	48.0	5
6324622	449447.MAE_28070	37.1	3
6327749	449447.MAE_59340	17.9	1
6324795	449447.MAE_29800	66.6	3
6326475	449447.MAE_46600	9.51	1
6326084	449447.MAE_42690	0.597	1
6324949	449447.MAE_31340	115	1
6323886	449447.MAE_20710	159	2
6327458	449447.MAE_56430	174	2
6325734	449447.MAE_39190	36.7	2
6324957	449447.MAE_31420	69.0	2
6325519	449447.MAE_37040	71.6	1
6327269	449447.MAE_54540	30.8	2
6328021	449447.MAE_62060	208	36
6323823	449447.MAE_20080	20.5	2
6325405	449447.MAE_35900	8.34	2
6326931	449447.MAE_51160	99.3	2
6322428	449447.MAE_06130	0.602	1
6322592	449447.MAE_07770	11.1	1
6324457	449447.MAE_26420	107	7
6322950	449447.MAE_11350	36.2	5
6327404	449447.MAE_55890	26.4	2
6324428	449447.MAE_26130	36.5	2
6325201	449447.MAE_33860	133	1
6324383	449447.MAE_25680	9.23	1
6328048	449447.MAE_62330	13.6	1
6326310	449447.MAE_44950	19.5	2
6325568	449447.MAE_37530	18.1	2
6326897	449447.MAE_50820	15.0	1
6325963	449447.MAE_41480	97.3	4
6327270	449447.MAE_54550	3.81	1
6326941	449447.MAE_51260	52.5	2
6321902	449447.MAE_00870	28.0	1
6323995	449447.MAE_21800	5.57	2
6327333	449447.MAE_55180	28.9	1
6323412	449447.MAE_15970	22.9	1
6325192	449447.MAE_33770	88.7	1
6325780	449447.MAE_39650	140	1
6322925	449447.MAE_11100	18.8	1
6324653	449447.MAE_28380	14.6	1
6323212	449447.MAE_13970	2.66	3
6327292	449447.MAE_54770	18.3	2
6328043	449447.MAE_62280	89.4	2
6327822	449447.MAE_60070	10.2	1
6327855	449447.MAE_60400	29.4	2
6323534	449447.MAE_17190	19.0	1
6321975	449447.MAE_01600	33.0	1
6324231	449447.MAE_24160	67.0	3
6323897	449447.MAE_20820	17.1	2
6324328	449447.MAE_25130	129	15
6327413	449447.MAE_55980	25.2	3
6324363	449447.MAE_25480	15.2	1
6324423	449447.MAE_26080	16.1	2
6325420	449447.MAE_36050	30.3	1
6323274	449447.MAE_14590	186	11
6327184	449447.MAE_53690	186	5
6325398	449447.MAE_35830	9459	361
6323111	449447.MAE_12960	43.5	5
6324576	449447.MAE_27610	109	1
6325942	449447.MAE_41270	11.3	2
6325883	449447.MAE_40680	15.9	1
6326534	449447.MAE_47190	43.0	1
6327093	449447.MAE_52780	31.8	2
6322102	449447.MAE_02870	23.5	1
6323979	449447.MAE_21640	3996	178
6323121	449447.MAE_13060	116	1
6324237	449447.MAE_24220	36.6	1
6325872	449447.MAE_40570	474	9
6324193	449447.MAE_23780	17.7	1
6326040	449447.MAE_42250	31.0	2
6322905	449447.MAE_10900	12.2	1
6324422	449447.MAE_26070	0.91	1
6324600	449447.MAE_27850	37.8	1
6322743	449447.MAE_09280	21.1	1
6327770	449447.MAE_59550	219	32
6326213	449447.MAE_43980	75.7	11
6322125	449447.MAE_03100	17.3	1
6326100	449447.MAE_42850	23.3	3
6323991	449447.MAE_21760	7.75	1
6327708	449447.MAE_58930	17.7	2
6322522	449447.MAE_07070	48.5	4
6324215	449447.MAE_24000	26.5	1
6322877	449447.MAE_10620	0.593	1
6326443	449447.MAE_46280	82.2	6
6326332	449447.MAE_45170	0.664	1
6323593	449447.MAE_17780	31.9	2
6324156	449447.MAE_23410	0.518	1
6322920	449447.MAE_11050	81.6	2
6322616	449447.MAE_08010	74.2	3
6326625	449447.MAE_48100	13.8	1
6323992	449447.MAE_21770	11.2	1
6325107	449447.MAE_32920	47.5	3
6323124	449447.MAE_13090	259	27
6322509	449447.MAE_06940	153	2
6326152	449447.MAE_43370	187	18
6326467	449447.MAE_46520	36.6	2
6322030	449447.MAE_02150	174	7
6325681	449447.MAE_38660	22.6	1
6326390	449447.MAE_45750	25.1	1
6325565	449447.MAE_37500	10.1	1
6323746	449447.MAE_19310	16.3	1
6323939	449447.MAE_21240	35.1	2
6323529	449447.MAE_17140	3.08	2
6326109	449447.MAE_42940	405	22
6327498	449447.MAE_56830	51.1	1
6324341	449447.MAE_25260	13.3	3
6325204	449447.MAE_33890	27.2	1
6324869	449447.MAE_30540	22.0	1
6326461	449447.MAE_46460	771	78
6322360	449447.MAE_05450	15.4	1
6323326	449447.MAE_15110	37.4	2
6327087	449447.MAE_52720	12.5	1
6324863	449447.MAE_30480	123	1
6327759	449447.MAE_59440	42.2	3
6324297	449447.MAE_24820	11.6	1
6321836	449447.MAE_00210	815	58
6324280	449447.MAE_24650	0.664	1
6325354	449447.MAE_35390	1323	106
6323805	449447.MAE_19900	23.3	1
6326121	449447.MAE_43060	179	2
6326708	449447.MAE_48930	41.1	1
6326249	449447.MAE_44340	27.3	3
6322178	449447.MAE_03630	15.7	1
6322606	449447.MAE_07910	108	3
6325416	449447.MAE_36010	893	4
6324692	449447.MAE_28770	23.7	2
6324385	449447.MAE_25700	62.6	1
6326719	449447.MAE_49040	23.6	1
6324723	449447.MAE_29080	4.88	1
6326073	449447.MAE_42580	34.2	1
6323202	449447.MAE_13870	20.3	1
6325578	449447.MAE_37630	52.2	2
6326851	449447.MAE_50360	27.3	2
6325716	449447.MAE_39010	25.5	2
6322258	449447.MAE_04430	22.8	1
6325217	449447.MAE_34020	172	3
6322445	449447.MAE_06300	350	33
6324431	449447.MAE_26160	19.3	1
6328127	449447.MAE_63120	15.7	1
6324987	449447.MAE_31720	15.2	3
6322694	449447.MAE_08790	12.1	1
6324550	449447.MAE_27350	1.86	2
6326039	449447.MAE_42240	51.3	2
6322050	449447.MAE_02350	36.2	1
6324302	449447.MAE_24870	7.1	1
6326621	449447.MAE_48060	7.05	5
6322213	449447.MAE_03980	48.3	2
6325306	449447.MAE_34910	32.4	2
6324144	449447.MAE_23290	50.5	6
6327664	449447.MAE_58490	1.07	1
6327891	449447.MAE_60760	14.3	3
6324381	449447.MAE_25660	10.3	1
6321985	449447.MAE_01700	2.68	3
6323224	449447.MAE_14090	17.3	1
6322010	449447.MAE_01950	72.4	1
6326401	449447.MAE_45860	91.9	3
6326484	449447.MAE_46690	201	3
6325080	449447.MAE_32650	126	1
6324639	449447.MAE_28240	16.0	2
6322066	449447.MAE_02510	46.8	1
6322587	449447.MAE_07720	93.4	1
6323553	449447.MAE_17380	21.1	2
6326268	449447.MAE_44530	24.0	1
6322546	449447.MAE_07310	473	14
6322429	449447.MAE_06140	6.65	2
6325328	449447.MAE_35130	3382	87
6322333	449447.MAE_05180	0.61	1
6325666	449447.MAE_38510	35.0	2
6322911	449447.MAE_10960	9.7	1
6327000	449447.MAE_51850	12.1	1
6324999	449447.MAE_31840	21.5	2
6327125	449447.MAE_53100	55.5	7
6327815	449447.MAE_60000	12.6	3
6323976	449447.MAE_21610	26.6	1
6325993	449447.MAE_41780	12.9	1
6322440	449447.MAE_06250	118	6
6325088	449447.MAE_32730	42.8	2
6327041	449447.MAE_52260	109	11
6326251	449447.MAE_44360	14.8	1
6325689	449447.MAE_38740	46.3	4
6323748	449447.MAE_19330	71.2	2
6327991	449447.MAE_61760	92.9	1
6322505	449447.MAE_06900	27.8	2
6326606	449447.MAE_47910	753	133
6327948	449447.MAE_61330	30.5	2
6325616	449447.MAE_38010	27.8	2
6325931	449447.MAE_41160	788	67
6323146	449447.MAE_13310	106	3
6326297	449447.MAE_44820	1912	67
6328067	449447.MAE_62520	26.2	4
6326968	449447.MAE_51530	36.6	1
6326331	449447.MAE_45160	7.47	1
6327762	449447.MAE_59470	17.8	1
6327146	449447.MAE_53310	8.23	1
6321855	449447.MAE_00400	2.68	3
6327963	449447.MAE_61480	74.7	1
6327909	449447.MAE_60940	12.4	1
6323385	449447.MAE_15700	11.9	1
6322775	449447.MAE_09600	26.3	2
6321875	449447.MAE_00600	111	1
6324164	449447.MAE_23490	72.8	3
6323248	449447.MAE_14330	10.1	2
6327101	449447.MAE_52860	19.4	1
6324163	449447.MAE_23480	12.6	2
6323019	449447.MAE_12040	5.29	1
6326634	449447.MAE_48190	19.1	4
6327824	449447.MAE_60090	2576	40
6323225	449447.MAE_14100	143	2
6327641	449447.MAE_58260	34.0	1
6324804	449447.MAE_29890	49.6	1
6321835	449447.MAE_00200	14.7	1
6325588	449447.MAE_37730	35.6	2
6322552	449447.MAE_07370	29.2	2
6325330	449447.MAE_35150	25.5	1
6324057	449447.MAE_22420	7.75	2
6323687	449447.MAE_18720	86.8	3
6326362	449447.MAE_45470	2.28	1
6324109	449447.MAE_22940	70.7	3
6322695	449447.MAE_08800	25.4	3
6327214	449447.MAE_53990	3543	184
6322104	449447.MAE_02890	36.1	2
6326347	449447.MAE_45320	39.8	4
6327555	449447.MAE_57400	414	15
6322201	449447.MAE_03860	25.6	1
6327750	449447.MAE_59350	7.05	5
6323630	449447.MAE_18150	22.6	2
6322668	449447.MAE_08530	41.3	1
6322527	449447.MAE_07120	15.0	1
6322442	449447.MAE_06270	1404	39
6326066	449447.MAE_42510	10.8	1
6323476	449447.MAE_16610	29.8	1
6324263	449447.MAE_24480	18133	787
6326103	449447.MAE_42880	5.64	2
6327011	449447.MAE_51960	26.5	2
6325564	449447.MAE_37490	45.8	1
6323445	449447.MAE_16300	12.9	2
6327940	449447.MAE_61250	46.1	1
6323613	449447.MAE_17980	788	67
6325726	449447.MAE_39110	591	48
6326550	449447.MAE_47350	23.3	1
6323910	449447.MAE_20950	20.0	1
6325122	449447.MAE_33070	92.0	5
6327620	449447.MAE_58050	20.9	4
6324624	449447.MAE_28090	523	16
6323778	449447.MAE_19630	26.6	1
6326126	449447.MAE_43110	1.58	2
6323666	449447.MAE_18510	32.9	1
6327417	449447.MAE_56020	10.1	1
6327080	449447.MAE_52650	13.8	1
6322816	449447.MAE_10010	1198	319
6323100	449447.MAE_12850	47.9	1
6325324	449447.MAE_35090	1293	67
6324948	449447.MAE_31330	63.7	3
6322431	449447.MAE_06160	53.8	6
6323894	449447.MAE_20790	182	1
6323911	449447.MAE_20960	2.68	3
6324574	449447.MAE_27590	578	26
6322535	449447.MAE_07200	0.602	1
6324959	449447.MAE_31440	35.6	2
6322455	449447.MAE_06400	78.2	4
6327100	449447.MAE_52850	241	7
6326831	449447.MAE_50160	2850	214
6326543	449447.MAE_47280	40.1	1
6327568	449447.MAE_57530	55.4	2
6324346	449447.MAE_25310	60.7	5
6325097	449447.MAE_32820	30.6	1
6325476	449447.MAE_36610	16.8	1
6325278	449447.MAE_34630	33.1	2
6328090	449447.MAE_62750	17.4	1
6326090	449447.MAE_42750	1241	20
6326689	449447.MAE_48740	25.5	2
6322779	449447.MAE_09640	170	3
6326850	449447.MAE_50350	20.0	1
6326762	449447.MAE_49470	125	5
6325503	449447.MAE_36880	49.6	2
6323038	449447.MAE_12230	22.3	2
6326568	449447.MAE_47530	577	12
6321861	449447.MAE_00460	43.2	1
6326354	449447.MAE_45390	6.38	1
6325626	449447.MAE_38110	95.4	4
6322210	449447.MAE_03950	91.0	3
6322097	449447.MAE_02820	102	3
6326904	449447.MAE_50890	0.613	1
6324005	449447.MAE_21900	11.5	2
6322415	449447.MAE_06000	137	10
6327539	449447.MAE_57240	79.4	4
6326438	449447.MAE_46230	3337	95
6326394	449447.MAE_45790	1069	28
6327317	449447.MAE_55020	75.0	1
6323677	449447.MAE_18620	19.7	2
6327504	449447.MAE_56890	37.7	2
6325401	449447.MAE_35860	35.6	2
6325866	449447.MAE_40510	69.0	1
6324107	449447.MAE_22920	55.9	2
6323699	449447.MAE_18840	986	104
6323730	449447.MAE_19150	15.8	1
6322019	449447.MAE_02040	187	1
6327443	449447.MAE_56280	5948	76
6324739	449447.MAE_29240	12.9	1
6325936	449447.MAE_41210	40.5	2
6323040	449447.MAE_12250	8.51	1
6327870	449447.MAE_60550	0.91	1
6324063	449447.MAE_22480	68.7	1
6325794	449447.MAE_39790	12.1	1
6323030	449447.MAE_12150	25.9	1
6324634	449447.MAE_28190	15.6	1
6325496	449447.MAE_36810	6.35	1
6321874	449447.MAE_00590	25.1	2
6327621	449447.MAE_58060	12.5	1
6327790	449447.MAE_59750	39.1	2
6322547	449447.MAE_07320	40.7	2
6328101	449447.MAE_62860	0.91	1
6323372	449447.MAE_15570	44.9	4
6325045	449447.MAE_32300	0.664	1
6322771	449447.MAE_09560	11.2	2
6322848	449447.MAE_10330	27.2	2
6328093	449447.MAE_62780	152	14
6326184	449447.MAE_43690	5332	78
6323389	449447.MAE_15740	60.5	1
6325737	449447.MAE_39220	19.7	1
6327519	449447.MAE_57040	15.7	3
6326821	449447.MAE_50060	379	26
6325464	449447.MAE_36490	17.7	1
6325811	449447.MAE_39960	48.0	2
6324495	449447.MAE_26800	119	13
6324532	449447.MAE_27170	67.4	3
6323966	449447.MAE_21510	37.1	1
6323176	449447.MAE_13610	16.7	1
6323790	449447.MAE_19750	28.2	1
6327444	449447.MAE_56290	44.9	4
6322956	449447.MAE_11410	5.58	1
6323725	449447.MAE_19100	20.8	2
6328014	449447.MAE_61990	69.1	1
6328103	449447.MAE_62880	4.68	1
6323408	449447.MAE_15930	23.0	1
6326300	449447.MAE_44850	15.3	2
6325712	449447.MAE_38970	8.97	1
6325318	449447.MAE_35030	152	4
6323183	449447.MAE_13680	88.1	1
6325662	449447.MAE_38470	34.4	4
6324190	449447.MAE_23750	20.2	2
6326570	449447.MAE_47550	10.1	1
6321983	449447.MAE_01680	231	3
6327831	449447.MAE_60160	125	2
6326636	449447.MAE_48210	19.9	1
6327516	449447.MAE_57010	0.932	1
6322055	449447.MAE_02400	67.1	2
6323652	449447.MAE_18370	40.8	2
6326749	449447.MAE_49340	124	19
6323221	449447.MAE_14060	89.3	1
6321952	449447.MAE_01370	71.8	1
6326327	449447.MAE_45120	57.8	1
6327499	449447.MAE_56840	17.5	1
6327846	449447.MAE_60310	386	36
6323875	449447.MAE_20600	2.8	1
6325145	449447.MAE_33300	0.91	1
6324165	449447.MAE_23500	15.1	1
6322575	449447.MAE_07600	119	1
6324919	449447.MAE_31040	3.39	1
6325995	449447.MAE_41800	50.6	2
6325686	449447.MAE_38710	34.1	4
6326857	449447.MAE_50420	164	37
6325871	449447.MAE_40560	112	1
6324764	449447.MAE_29490	137	2
6324203	449447.MAE_23880	54.9	8
6323524	449447.MAE_17090	39.1	2
6325724	449447.MAE_39090	3.75	1
6322574	449447.MAE_07590	42.4	2
6324889	449447.MAE_30740	35.9	1
6326445	449447.MAE_46300	42.5	3
6327732	449447.MAE_59170	734	36
6325466	449447.MAE_36510	6755	235
6327177	449447.MAE_53620	15.5	1
6327612	449447.MAE_57970	15.5	1
6324597	449447.MAE_27820	7.41	1
6328011	449447.MAE_61960	36.7	4
6322200	449447.MAE_03850	21.2	1
6323145	449447.MAE_13300	0.611	1
6323377	449447.MAE_15620	20.6	2
6326212	449447.MAE_43970	77.6	1
6327405	449447.MAE_55900	46.0	3
6327534	449447.MAE_57190	1630	86
6326005	449447.MAE_41900	16.3	1
6325371	449447.MAE_35560	17.9	2
6322785	449447.MAE_09700	396	34
6325504	449447.MAE_36890	22.9	1
6322532	449447.MAE_07170	22.7	1
6326048	449447.MAE_42330	6.66	1
6324684	449447.MAE_28690	61.5	2
6327541	449447.MAE_57260	211	7
6325832	449447.MAE_40170	2.7	3
6323428	449447.MAE_16130	23.9	1
6323400	449447.MAE_15850	49.8	3
6322598	449447.MAE_07830	0.932	1
6322673	449447.MAE_08580	44.3	2
6324387	449447.MAE_25720	11.2	1
6322819	449447.MAE_10040	61.2	2
6322624	449447.MAE_08090	5.94	2
6326365	449447.MAE_45500	3.64	2
6323316	449447.MAE_15010	30.2	1
6325493	449447.MAE_36780	7.8	1
6326564	449447.MAE_47490	33.1	1
6326194	449447.MAE_43790	45.5	3
6327596	449447.MAE_57810	45.7	3
6324781	449447.MAE_29660	17.7	2
6322349	449447.MAE_05340	56.0	4
6328097	449447.MAE_62820	83.3	2
6325672	449447.MAE_38570	5.86	3
6326614	449447.MAE_47990	18.4	1
6325863	449447.MAE_40480	150	1
6326378	449447.MAE_45630	40.1	1
6322068	449447.MAE_02530	125	6
6325037	449447.MAE_32220	1310	40
6324555	449447.MAE_27400	3.39	1
6328008	449447.MAE_61930	33.3	1
6327550	449447.MAE_57350	423	6
6323693	449447.MAE_18780	113	1
6325765	449447.MAE_39500	175	1
6326775	449447.MAE_49600	0.602	1
6327872	449447.MAE_60570	1.77	1
6324766	449447.MAE_29510	44.0	1
6327514	449447.MAE_56990	10.5	1
6327200	449447.MAE_53850	75.4	4
6325011	449447.MAE_31960	60.8	11
6321907	449447.MAE_00920	6347	689
6328022	449447.MAE_62070	18.3	1
6325164	449447.MAE_33490	10.5	1
6322284	449447.MAE_04690	9.8	1
6322788	449447.MAE_09730	37.4	2
6327027	449447.MAE_52120	48.6	2
6323071	449447.MAE_12560	1757	30
6325485	449447.MAE_36700	57.3	5
6324251	449447.MAE_24360	65.3	3
6325043	449447.MAE_32280	138	4
6323106	449447.MAE_12910	21.8	1
6323860	449447.MAE_20450	64.3	1
6326363	449447.MAE_45480	5.62	2
6324298	449447.MAE_24830	133	2
6321884	449447.MAE_00690	53.4	2
6325143	449447.MAE_33280	21.0	2
6327045	449447.MAE_52300	33.2	5
6326079	449447.MAE_42640	14.5	1
6324638	449447.MAE_28230	11.0	1
6326006	449447.MAE_41910	7.12	1
6323041	449447.MAE_12260	44.7	2
6324776	449447.MAE_29610	15.8	2
6327607	449447.MAE_57920	22.5	1
6322638	449447.MAE_08230	92.3	8
6327843	449447.MAE_60280	34.1	2
6323277	449447.MAE_14620	36.2	1
6326776	449447.MAE_49610	6.38	1
6325469	449447.MAE_36540	10.1	1
6325380	449447.MAE_35650	37.9	1
6325022	449447.MAE_32070	19.5	1
6323396	449447.MAE_15810	14.9	2
6325303	449447.MAE_34880	86.5	1
6323889	449447.MAE_20740	74.7	2
6325273	449447.MAE_34580	49.6	1
6327128	449447.MAE_53130	87.6	8
6327715	449447.MAE_59000	60.4	5
6326546	449447.MAE_47310	11.4	1
6326346	449447.MAE_45310	158	6
6324241	449447.MAE_24260	28.6	1
6324240	449447.MAE_24250	27.5	1
6326145	449447.MAE_43300	5.41	1
6322601	449447.MAE_07860	217	19
6327898	449447.MAE_60830	213	24
6327926	449447.MAE_61110	0.91	1
6326842	449447.MAE_50270	58.4	1
6324591	449447.MAE_27760	18.8	2
6327640	449447.MAE_58250	69.9	3
6323817	449447.MAE_20020	20.2	1
6324394	449447.MAE_25790	69.6	2
6327906	449447.MAE_60910	7.64	1
6322325	449447.MAE_05100	3.39	1
6325947	449447.MAE_41320	415	14
6327485	449447.MAE_56700	9.99	1
6325307	449447.MAE_34920	60.7	3
6323072	449447.MAE_12570	2416	201
6325895	449447.MAE_40800	32.6	1
6322003	449447.MAE_01880	16.7	1
6327340	449447.MAE_55250	69.6	2
6326742	449447.MAE_49270	57.3	1
6323322	449447.MAE_15070	19.2	1
6324894	449447.MAE_30790	18.0	2
6326482	449447.MAE_46670	0.648	1
6323093	449447.MAE_12780	70.7	1
6324671	449447.MAE_28560	3.37	1
6322933	449447.MAE_11180	45.2	1
6322640	449447.MAE_08250	54.6	1
6322908	449447.MAE_10930	8.9	1
6326542	449447.MAE_47270	64.6	2
6326840	449447.MAE_50250	1167	112
6322918	449447.MAE_11030	9.44	1
6325353	449447.MAE_35380	3.51	2
6323454	449447.MAE_16390	79.5	1
6325676	449447.MAE_38610	19.9	15
6326422	449447.MAE_46070	2096	34
6324037	449447.MAE_22220	3.14	1
6326684	449447.MAE_48690	15.0	1
6322488	449447.MAE_06730	26.0	1
6327372	449447.MAE_55570	652	1
6325546	449447.MAE_37310	68.3	3
6327851	449447.MAE_60360	48.7	2
6322866	449447.MAE_10510	283	96
6325941	449447.MAE_41260	33.4	1
6327956	449447.MAE_61410	11.6	1
6327079	449447.MAE_52640	32.3	1
6326049	449447.MAE_42340	124	4
6326868	449447.MAE_50530	3.91	1
6323706	449447.MAE_18910	8710	661
6327624	449447.MAE_58090	0.648	1
6326009	449447.MAE_41940	52.2	1
6327332	449447.MAE_55170	25.4	1
6322354	449447.MAE_05390	80.4	1
6325620	449447.MAE_38050	3.56	1
6323441	449447.MAE_16260	5.72	1
6322298	449447.MAE_04830	1.72	1
6323531	449447.MAE_17160	15.1	2
6322944	449447.MAE_11290	225	17
6322985	449447.MAE_11700	56.2	1
6325322	449447.MAE_35070	81.7	14
6326434	449447.MAE_46190	16.2	1
6325683	449447.MAE_38680	177	10
6325736	449447.MAE_39210	675	92
6327126	449447.MAE_53110	16.3	2
6326001	449447.MAE_41860	72.1	3
6322483	449447.MAE_06680	18.3	2
6327354	449447.MAE_55390	2306	69
6321948	449447.MAE_01330	30.1	1
6327584	449447.MAE_57690	5.63	1
6323433	449447.MAE_16180	28.6	1
6325288	449447.MAE_34730	9.32	2
6327047	449447.MAE_52320	554	57
6327734	449447.MAE_59190	18.4	1
6322988	449447.MAE_11730	7.63	1
6324834	449447.MAE_30190	7.85	2
6322931	449447.MAE_11160	11.7	2
6321931	449447.MAE_01160	47.7	1
6322096	449447.MAE_02810	97.5	5
6326324	449447.MAE_45090	137	7
6324541	449447.MAE_27260	13.5	2
6321945	449447.MAE_01300	13.4	2
6324748	449447.MAE_29330	0.782	1
6321870	449447.MAE_00550	22.2	1
6324640	449447.MAE_28250	28.8	1
6327380	449447.MAE_55650	38.0	1
6324508	449447.MAE_26930	199	2
6323654	449447.MAE_18390	109	9
6326420	449447.MAE_46050	52.0	3
6325061	449447.MAE_32460	32.9	3
6324186	449447.MAE_23710	55.2	2
6324060	449447.MAE_22450	31.3	1
6323847	449447.MAE_20320	28.7	3
6326585	449447.MAE_47700	66.3	1
6325041	449447.MAE_32260	25.0	2
6323391	449447.MAE_15760	0.431	1
6325660	449447.MAE_38450	3080	244
6323184	449447.MAE_13690	1945	68
6323692	449447.MAE_18770	15.7	2
6322319	449447.MAE_05040	120	3
6327324	449447.MAE_55090	37.2	1
6327875	449447.MAE_60600	18.7	1
6325302	449447.MAE_34870	124	23
6326295	449447.MAE_44800	31.2	2
6324265	449447.MAE_24500	20.6	4
6324210	449447.MAE_23950	5.56	1
6322780	449447.MAE_09650	58.7	5
6327768	449447.MAE_59530	16.1	1
6327608	449447.MAE_57930	25.4	4
6324166	449447.MAE_23510	25.8	1
6323021	449447.MAE_12060	20.7	1
6324510	449447.MAE_26950	7.68	2
6327702	449447.MAE_58870	67.7	8
6325974	449447.MAE_41590	29.2	1
6324621	449447.MAE_28060	477	48
6325746	449447.MAE_39310	0.932	1
6326736	449447.MAE_49210	18.2	1
6323267	449447.MAE_14520	83.9	1
6327795	449447.MAE_59800	21.2	1
6324257	449447.MAE_24420	31.6	2
6326493	449447.MAE_46780	37.5	3
6325661	449447.MAE_38460	0.392	1
6326492	449447.MAE_46770	18.8	1
6324461	449447.MAE_26460	23.2	2
6324330	449447.MAE_25150	73.9	1
6322143	449447.MAE_03280	16.7	1
6325177	449447.MAE_33620	7.94	2
6324336	449447.MAE_25210	36.9	2
6323138	449447.MAE_13230	41.3	1
6322173	449447.MAE_03580	73.5	1
6324415	449447.MAE_26000	59.9	1
6327880	449447.MAE_60650	82.0	2
6326264	449447.MAE_44490	5.88	1
6324023	449447.MAE_22080	170	2
6328016	449447.MAE_62010	4.58	2
6327722	449447.MAE_59070	25.7	2
6324153	449447.MAE_23380	69.5	1
6327901	449447.MAE_60860	27.1	2
6326064	449447.MAE_42490	42.8	2
6327544	449447.MAE_57290	562	24
6323232	449447.MAE_14170	78.6	4
6324763	449447.MAE_29480	84.4	1
6326399	449447.MAE_45840	14.5	1
6323984	449447.MAE_21690	6.4	1
6324249	449447.MAE_24340	8.21	1
6326858	449447.MAE_50430	15.2	1
6321885	449447.MAE_00700	73.5	11
6324575	449447.MAE_27600	0.61	1
6327538	449447.MAE_57230	1194	15
6322208	449447.MAE_03930	197	20
6327464	449447.MAE_56490	22.9	1
6325035	449447.MAE_32200	18.5	1
6326140	449447.MAE_43250	44.0	2
6326653	449447.MAE_48380	1753	100
6327788	449447.MAE_59730	629	35
6322719	449447.MAE_09040	24.4	3
6325359	449447.MAE_35440	49.4	1
6326020	449447.MAE_42050	22.3	4
6326599	449447.MAE_47840	6.38	1
6322544	449447.MAE_07290	192	7
6322454	449447.MAE_06390	21.5	1
6322589	449447.MAE_07740	63.1	1
6322995	449447.MAE_11800	26.6	1
6323422	449447.MAE_16070	35.9	2
6325587	449447.MAE_37720	38.2	9
6324316	449447.MAE_25010	52.6	2
6324932	449447.MAE_31170	17.3	2
6324455	449447.MAE_26400	138	14
6324048	449447.MAE_22330	903	9
6325118	449447.MAE_33030	1559	22
6325719	449447.MAE_39040	13.2	1
6326752	449447.MAE_49370	4285	835
6322844	449447.MAE_10290	20.4	3
6324213	449447.MAE_23980	139	1
6328053	449447.MAE_62380	96.1	2
6327937	449447.MAE_61220	286	1
6323007	449447.MAE_11920	1.63	2
6325956	449447.MAE_41410	45.8	6
6327668	449447.MAE_58530	2.46	1
6327076	449447.MAE_52610	188	10
6328124	449447.MAE_63090	10.1	2
6323250	449447.MAE_14350	30.0	2
6322989	449447.MAE_11740	26.4	1
6322657	449447.MAE_08420	16.4	1
6322996	449447.MAE_11810	49.7	2
6327295	449447.MAE_54800	47.2	2
6327657	449447.MAE_58420	36.3	1
6325404	449447.MAE_35890	20.7	1
6327912	449447.MAE_60970	51.5	4
6322856	449447.MAE_10410	337	52
6326571	449447.MAE_47560	367	50
6327523	449447.MAE_57080	2381	137
6326083	449447.MAE_42680	102	3
6325531	449447.MAE_37160	45.9	6
6324845	449447.MAE_30300	85.5	3
6323177	449447.MAE_13620	5267	539
6326712	449447.MAE_48970	46.4	1
6323948	449447.MAE_21330	118	2
6324158	449447.MAE_23430	0.648	1
6323350	449447.MAE_15350	0.408	1
6326527	449447.MAE_47120	13.2	1
6324493	449447.MAE_26780	10.6	1
6321818	449447.MAE_00030	35.9	1
6323668	449447.MAE_18530	25.6	1
6326016	449447.MAE_42010	0.417	1
6326921	449447.MAE_51060	82.4	2
6327705	449447.MAE_58900	17.1	1
6324345	449447.MAE_25300	2.39	3
6323927	449447.MAE_21120	301	5
6322665	449447.MAE_08500	37.9	2
6326236	449447.MAE_44210	13.8	1
6325109	449447.MAE_32940	9.46	1
6322065	449447.MAE_02500	812	31
6326806	449447.MAE_49910	8.77	1
6322309	449447.MAE_04940	18.6	1
6322675	449447.MAE_08600	133	51
6323159	449447.MAE_13440	5.97	1
6327578	449447.MAE_57630	58.2	1
6325431	449447.MAE_36160	11.8	1
6325622	449447.MAE_38070	32.5	2
6328064	449447.MAE_62490	136	5
6323337	449447.MAE_15220	255	27
6324886	449447.MAE_30710	98.4	6
6328044	449447.MAE_62290	217	3
6327437	449447.MAE_56220	110	2
6322806	449447.MAE_09910	0.91	1
6322049	449447.MAE_02340	115	1
6324563	449447.MAE_27480	14.2	1
6323288	449447.MAE_14730	667	63
6327983	449447.MAE_61680	163	5
6327908	449447.MAE_60930	1203	44
6322294	449447.MAE_04790	0.593	1
6326888	449447.MAE_50730	8.94	2
6322412	449447.MAE_05970	104	1
6328111	449447.MAE_62960	108	1
6321964	449447.MAE_01490	6.82	1
6324970	449447.MAE_31550	61.6	4
6322524	449447.MAE_07090	49.6	3
6322157	449447.MAE_03420	13.9	2
6323919	449447.MAE_21040	2.92	1
6324601	449447.MAE_27860	15.5	1
6322089	449447.MAE_02740	19.0	1
6325315	449447.MAE_35000	18.3	1
6326410	449447.MAE_45950	9.31	1
6325792	449447.MAE_39770	80.8	4
6325265	449447.MAE_34500	0.602	1
6327276	449447.MAE_54610	3.62	1
6327760	449447.MAE_59450	699	19
6323850	449447.MAE_20350	140	1
6322076	449447.MAE_02610	97.2	2
6327911	449447.MAE_60960	23.9	3
6326519	449447.MAE_47040	23.2	1
6328038	449447.MAE_62230	36.0	1
6322772	449447.MAE_09570	16.7	1
6323788	449447.MAE_19730	13.0	1
6323214	449447.MAE_13990	0.372	1
6324329	449447.MAE_25140	62.8	2
6325808	449447.MAE_39930	18.1	1
6325948	449447.MAE_41330	7.02	1
6324872	449447.MAE_30570	64.1	2
6324261	449447.MAE_24460	91494	3778
6322559	449447.MAE_07440	7.05	5
6322565	449447.MAE_07500	3.91	1
6323142	449447.MAE_13270	9.63	1
6327659	449447.MAE_58440	6.65	2
6323552	449447.MAE_17370	52.6	4
6325392	449447.MAE_35770	50.9	3
6327168	449447.MAE_53530	0.351	1
6323495	449447.MAE_16800	25.7	1
6325477	449447.MAE_36620	1614	52
6323431	449447.MAE_16160	104	1
6325387	449447.MAE_35720	57.1	1
6328106	449447.MAE_62910	52.2	2
6322286	449447.MAE_04710	8.76	1
6324711	449447.MAE_28960	18.1	2
6322353	449447.MAE_05380	54.9	6
6321990	449447.MAE_01750	16.9	1
6323311	449447.MAE_14960	89.6	11
6327117	449447.MAE_53020	6.85	1
6327920	449447.MAE_61050	47.2	1
6323589	449447.MAE_17740	47.0	2
6323280	449447.MAE_14650	105	5
6326700	449447.MAE_48850	42.3	1
6327285	449447.MAE_54700	40.3	1
6324710	449447.MAE_28950	42.2	4
6322107	449447.MAE_02920	168	1
6327930	449447.MAE_61150	1.2	1
6323075	449447.MAE_12600	4.85	1
6325714	449447.MAE_38990	19.8	1
6322561	449447.MAE_07460	157	1
6321872	449447.MAE_00570	5.43	2
6323259	449447.MAE_14440	10.0	1
6321986	449447.MAE_01710	33.4	1
6325289	449447.MAE_34740	49.4	1
6325034	449447.MAE_32190	25.1	5
6321959	449447.MAE_01440	41.4	2
6327742	449447.MAE_59270	380	2
6322643	449447.MAE_08280	79.7	5
6321965	449447.MAE_01500	70.7	3
6326050	449447.MAE_42350	12.0	1
6327406	449447.MAE_55910	25.4	1
6325488	449447.MAE_36730	62.2	1
6327232	449447.MAE_54170	0.932	1
6325735	449447.MAE_39200	2.68	3
6322656	449447.MAE_08410	30.9	5
6322013	449447.MAE_01980	10.1	1
6323120	449447.MAE_13050	11.4	1
6327441	449447.MAE_56260	177	1
6324963	449447.MAE_31480	50.8	8
6325657	449447.MAE_38420	151	1
6327936	449447.MAE_61210	22.2	1
6322095	449447.MAE_02800	27.5	2
6327962	449447.MAE_61470	40.3	1
6323382	449447.MAE_15670	1.63	2
6324301	449447.MAE_24860	35.2	1
6322793	449447.MAE_09780	10.3	1
6322253	449447.MAE_04380	17.9	1
6327818	449447.MAE_60030	4.31	1
6324098	449447.MAE_22830	18.5	1
6326452	449447.MAE_46370	3.1	2
6326794	449447.MAE_49790	42.9	5
6322417	449447.MAE_06020	38.5	1
6326077	449447.MAE_42620	8.2	2
6324199	449447.MAE_23840	38.0	1
6327633	449447.MAE_58180	24.4	1
6323737	449447.MAE_19220	4780	192
6322629	449447.MAE_08140	59.1	5
6326505	449447.MAE_46900	2.68	3
6322277	449447.MAE_04620	812	94
6322828	449447.MAE_10130	6.56	1
6326265	449447.MAE_44500	39.1	3
6322930	449447.MAE_11150	51.2	1
6323420	449447.MAE_16050	80.5	3
6324026	449447.MAE_22110	18.0	1
6327358	449447.MAE_55430	103	4
6322177	449447.MAE_03620	117	2
6325170	449447.MAE_33550	18.2	1
6323760	449447.MAE_19450	2.75	1
6323352	449447.MAE_15370	60.9	4
6322128	449447.MAE_03130	55.6	1
6322773	449447.MAE_09580	16.3	1
6325215	449447.MAE_34000	30.3	2
6325099	449447.MAE_32840	2.8	1
6326256	449447.MAE_44410	61.3	2
6327881	449447.MAE_60660	20.8	1
6323437	449447.MAE_16220	63.7	3
6323076	449447.MAE_12610	14.2	1
6324824	449447.MAE_30090	16.5	1
6327625	449447.MAE_58100	9.72	1
6323720	449447.MAE_19050	34.7	3
6324197	449447.MAE_23820	83.8	2
6326816	449447.MAE_50010	0.351	1
6323528	449447.MAE_17130	25.4	1
6325165	449447.MAE_33500	8.54	1
6325669	449447.MAE_38540	183	27
6324097	449447.MAE_22820	61.3	9
6326983	449447.MAE_51680	89.5	5
6325847	449447.MAE_40320	82.0	1
6322970	449447.MAE_11550	23.7	5
6325656	449447.MAE_38410	0.664	1
6322492	449447.MAE_06770	96.1	2
6327089	449447.MAE_52740	83.8	5
6322969	449447.MAE_11540	47.4	18
6326319	449447.MAE_45040	274	12
6323792	449447.MAE_19770	23.3	1
6323516	449447.MAE_17010	33.4	1
6322094	449447.MAE_02790	3034	78
6325441	449447.MAE_36260	29.1	3
6322881	449447.MAE_10660	6.38	1
6324357	449447.MAE_25420	38.9	3
6324496	449447.MAE_26810	38.4	1
6327698	449447.MAE_58830	12.7	1
6321939	449447.MAE_01240	316	5
6322112	449447.MAE_02970	42.7	1
6326942	449447.MAE_51270	112	5
6324879	449447.MAE_30640	24.2	3
6324266	449447.MAE_24510	25.7	2
6326315	449447.MAE_45000	68.1	1
6326829	449447.MAE_50140	1426	57
6323290	449447.MAE_14750	94.2	12
6326409	449447.MAE_45940	38.1	1
6322976	449447.MAE_11610	8.18	1
6325834	449447.MAE_40190	70.9	1
6325313	449447.MAE_34980	225	2
6326211	449447.MAE_43960	90.3	1
6325014	449447.MAE_31990	10.7	3
6325220	449447.MAE_34050	79.9	1
6324958	449447.MAE_31430	111	11
6323530	449447.MAE_17150	30.2	1
6328017	449447.MAE_62020	2.68	3
6326246	449447.MAE_44310	15.6	1
6322416	449447.MAE_06010	64.9	6
6326922	449447.MAE_51070	86.0	1
6326518	449447.MAE_47030	50.8	2
6324185	449447.MAE_23700	132	3
6322503	449447.MAE_06880	15.2	1
6325414	449447.MAE_35990	77.8	1
6327613	449447.MAE_57980	54.3	6
6322495	449447.MAE_06800	91.7	1
6327939	449447.MAE_61240	109	24
6323533	449447.MAE_17180	108	3
6323249	449447.MAE_14340	73.0	1
6325972	449447.MAE_41570	45.1	3
6326926	449447.MAE_51110	0.385	1
6327280	449447.MAE_54650	19.4	3
6324519	449447.MAE_27040	189	1
6323709	449447.MAE_18940	14.0	1
6324688	449447.MAE_28730	17.1	2
6322744	449447.MAE_09290	0.932	1
6323418	449447.MAE_16030	40.6	1
6326740	449447.MAE_49250	110	7
6324070	449447.MAE_22550	90.5	4
6323317	449447.MAE_15020	10.9	2
6326778	449447.MAE_49630	146	1
6325249	449447.MAE_34340	7.75	2
6325563	449447.MAE_37480	21.3	1
6327546	449447.MAE_57310	583	22
6325610	449447.MAE_37950	1021	36
6325102	449447.MAE_32870	20.3	1
6322099	449447.MAE_02840	66.4	4
6324786	449447.MAE_29710	18.8	2
6326459	449447.MAE_46440	55.0	4
6324349	449447.MAE_25340	606	62
6325750	449447.MAE_39350	2.92	1
6325566	449447.MAE_37510	86.1	2
6325594	449447.MAE_37790	13.4	1
6327386	449447.MAE_55710	11.8	1
6325642	449447.MAE_38270	1.63	2
6327368	449447.MAE_55530	8.5	1
6327175	449447.MAE_53600	14.5	1
6323820	449447.MAE_20050	204	6
6322462	449447.MAE_06470	27.9	2
6328024	449447.MAE_62090	125	4
6327841	449447.MAE_60260	13.9	1
6324635	449447.MAE_28200	0.664	1
6325949	449447.MAE_41340	3.94	1
6322977	449447.MAE_11620	1.05	1
6323367	449447.MAE_15520	19.7	1
6325450	449447.MAE_36350	2.68	3
6321997	449447.MAE_01820	542	45
6326812	449447.MAE_49970	0.351	1
6323856	449447.MAE_20410	126	2
6327316	449447.MAE_55010	53.2	1
6326703	449447.MAE_48880	6.04	1
6326175	449447.MAE_43600	77.1	6
6322676	449447.MAE_08610	94.0	1
6323052	449447.MAE_12370	34.0	3
6324310	449447.MAE_24950	3.39	1
6327947	449447.MAE_61320	96.6	7
6326266	449447.MAE_44510	206	16
6325873	449447.MAE_40580	255	6
6325474	449447.MAE_36590	275	4
6322113	449447.MAE_02980	49.6	2
6325908	449447.MAE_40930	285	3
6327495	449447.MAE_56800	14.7	1
6328069	449447.MAE_62540	51.5	3
6325171	449447.MAE_33560	2923	47
6326426	449447.MAE_46110	14.3	1
6324734	449447.MAE_29190	264	1
6323896	449447.MAE_20810	25.6	1
6324979	449447.MAE_31640	40.9	1
6323816	449447.MAE_20010	12.7	1
6326757	449447.MAE_49420	34.3	2
6324965	449447.MAE_31500	47.9	5
6322226	449447.MAE_04110	41.9	2
6325336	449447.MAE_35210	3.01	1
6322539	449447.MAE_07240	74.7	1
6321896	449447.MAE_00810	7.57	1
6322904	449447.MAE_10890	13.4	1
6322786	449447.MAE_09710	25.5	2
6325595	449447.MAE_37800	26.4	1
6325604	449447.MAE_37890	258	2
6323429	449447.MAE_16140	57.8	1
6327242	449447.MAE_54270	1.01	1
6326671	449447.MAE_48560	29.1	1
6328009	449447.MAE_61940	401	27
6325567	449447.MAE_37520	22.4	1
6323981	449447.MAE_21660	5.45	1
6327536	449447.MAE_57210	12.6	2
6324505	449447.MAE_26900	22.7	1
6328036	449447.MAE_62210	88.1	2
6323637	449447.MAE_18220	29.8	4
6327862	449447.MAE_60470	3.64	2
6325132	449447.MAE_33170	69.6	1
6322024	449447.MAE_02090	167	17
6327141	449447.MAE_53260	236	1
6323336	449447.MAE_15210	68.9	2
6322992	449447.MAE_11770	1715	98
6326078	449447.MAE_42630	28.3	1
6326200	449447.MAE_43850	14.9	1
6325218	449447.MAE_34030	27.2	1
6322557	449447.MAE_07420	0.664	1
6323985	449447.MAE_21700	180	6
6325418	449447.MAE_36030	36.8	1
6324188	449447.MAE_23730	200	3
6327741	449447.MAE_59260	0.601	1
6323473	449447.MAE_16580	64.9	1
6324765	449447.MAE_29500	37.2	2
6325068	449447.MAE_32530	94.3	1
6325079	449447.MAE_32640	342	16
6324814	449447.MAE_29990	22.7	1
6325010	449447.MAE_31950	19.3	3
6324822	449447.MAE_30070	20.3	2
6327690	449447.MAE_58750	16.3	1
6324716	449447.MAE_29010	37.2	1
6325508	449447.MAE_36930	7.69	1
6323965	449447.MAE_21500	10.7	1
6324278	449447.MAE_24630	11.9	1
6327986	449447.MAE_61710	97.3	1
6327547	449447.MAE_57320	46.4	1
6324283	449447.MAE_24680	24.6	4
6326620	449447.MAE_48050	58.6	1
6324808	449447.MAE_29930	32.0	1
6322262	449447.MAE_04470	6.36	1
6324856	449447.MAE_30410	1088	1
6328121	449447.MAE_63060	9.52	2
6327450	449447.MAE_56350	113	7
6325091	449447.MAE_32760	3.1	2
6323216	449447.MAE_14010	43.0	1
6324801	449447.MAE_29860	15.3	2
6325078	449447.MAE_32630	28.6	1
6321847	449447.MAE_00320	51.7	2
6326836	449447.MAE_50210	107	4
6326339	449447.MAE_45240	65.0	3
6327003	449447.MAE_51880	45.5	2
6327739	449447.MAE_59240	0.629	1
6322994	449447.MAE_11790	21.8	2
6325012	449447.MAE_31970	132	1
6323625	449447.MAE_18100	51.5	1
6323501	449447.MAE_16860	146	9
6325911	449447.MAE_40960	66.1	1
6326937	449447.MAE_51220	15.1	3
6325542	449447.MAE_37270	67.6	10
6324384	449447.MAE_25690	105	3
6327859	449447.MAE_60440	1.63	2
6323053	449447.MAE_12380	9.64	1
6328059	449447.MAE_62440	203	4
6324230	449447.MAE_24150	28.7	2
6324256	449447.MAE_24410	29.8	2
6322686	449447.MAE_08710	1.83	2
6323421	449447.MAE_16060	194	12
6325603	449447.MAE_37880	72.1	1
6322623	449447.MAE_08080	37.4	3
6325467	449447.MAE_36520	0.385	1
6324395	449447.MAE_25800	39.3	1
6326231	449447.MAE_44160	818	5
6326932	449447.MAE_51170	27.1	3
6322499	449447.MAE_06840	18.2	1
6323551	449447.MAE_17360	6.08	1
6323560	449447.MAE_17450	9.37	1
6322605	449447.MAE_07900	1.63	2
6323641	449447.MAE_18260	14.6	1
6324947	449447.MAE_31320	13.8	1
6327976	449447.MAE_61610	32.1	5
6321989	449447.MAE_01740	33.8	2
6326208	449447.MAE_43930	53.4	1
6327548	449447.MAE_57330	2229	61
6324933	449447.MAE_31180	34.5	3
6326186	449447.MAE_43710	19.1	2
6326641	449447.MAE_48260	187	13
6321910	449447.MAE_00950	32.3	1
6323187	449447.MAE_13720	28.9	1
6326277	449447.MAE_44620	8.92	1
6327651	449447.MAE_58360	31.9	1
6324836	449447.MAE_30210	127	2
6322767	449447.MAE_09520	97.5	1
6327051	449447.MAE_52360	58.9	2
6326306	449447.MAE_44910	14.1	1
6324582	449447.MAE_27670	15.1	2
6324885	449447.MAE_30700	113	16
6323833	449447.MAE_20180	273	60
6324701	449447.MAE_28860	2.28	1
6324100	449447.MAE_22850	26.2	1
6323745	449447.MAE_19300	393	11
6326878	449447.MAE_50630	46.5	1
6325973	449447.MAE_41580	18.8	1
6325438	449447.MAE_36230	14.4	1
6324145	449447.MAE_23300	5367	142
6324603	449447.MAE_27880	23.4	2
6324806	449447.MAE_29910	27.5	2
6325345	449447.MAE_35300	6.56	1
6327066	449447.MAE_52510	651	9
6326308	449447.MAE_44930	636	30
6325054	449447.MAE_32390	158	1
6328010	449447.MAE_61950	6.95	1
6325426	449447.MAE_36110	22.9	1
6325287	449447.MAE_34720	0.867	1
6325553	449447.MAE_37380	15.4	1
6326959	449447.MAE_51440	9.78	1
6327910	449447.MAE_60950	0.649	1
6327223	449447.MAE_54080	14.3	3
6326167	449447.MAE_43520	8.19	1
6323970	449447.MAE_21550	44.8	4
6328082	449447.MAE_62670	121	10
6321848	449447.MAE_00330	140	3
6326718	449447.MAE_49030	47.1	1
6323845	449447.MAE_20300	2.28	1
6327840	449447.MAE_60250	34.7	3
6327752	449447.MAE_59370	338	33
6323230	449447.MAE_14150	104	3
6326852	449447.MAE_50370	45.6	1
6323487	449447.MAE_16720	18.6	1
6327573	449447.MAE_57580	22.4	1
6325248	449447.MAE_34330	3.39	1
6326925	449447.MAE_51100	372	2
6324054	449447.MAE_22390	51.8	1
6325008	449447.MAE_31930	76.7	1
6325577	449447.MAE_37620	19720	551
6323649	449447.MAE_18340	15.6	1
6323150	449447.MAE_13350	45.2	1
6324931	449447.MAE_31160	11.4	1
6325570	449447.MAE_37550	216	3
6327821	449447.MAE_60060	18.5	2
6322011	449447.MAE_01960	70.6	1
6323115	449447.MAE_13000	12.3	2
6326408	449447.MAE_45930	67.5	4
