#name: M.aeruginosa - Whole organism, UWOCCCBS, SC (Alexova,MCP,2011)
#score: 2.23
#weight: 100%
#description: abundance based on Spectral counting UWOCCCBS, UWOCCCBS, from<a href="http://www.ncbi.nlm.nih.gov/pubmed/21610102" target="_blank">Alexova, MCP,2011</a><br/><b>Interaction consistency score</b>: 2.23&nbsp<b>Coverage</b>: 39
#organ: WHOLE_ORGANISM
#integrated: false
#coverage: 39
#publication_year: 2011
#filename: MicrocystisAeruginosa_strainNIES-843_UWOCCCBS_PRIDE.txt
#
#internal_id	string_external_id	abundance	raw_spectral_count
6325064	449447.MAE_32490	4421	268
6323576	449447.MAE_17610	4.78	1
6323679	449447.MAE_18640	4.1	1
6328017	449447.MAE_62020	0.552	1
6321945	449447.MAE_01300	13.1	2
6323628	449447.MAE_18130	57.6	1
6325170	449447.MAE_33550	83.6	5
6328033	449447.MAE_62180	44.6	10
6324069	449447.MAE_22540	44.2	1
6324016	449447.MAE_22010	571	52
6326330	449447.MAE_45150	21.0	2
6326852	449447.MAE_50370	52.7	1
6323544	449447.MAE_17290	93.5	12
6322106	449447.MAE_02910	465	13
6326610	449447.MAE_47950	159	4
6328020	449447.MAE_62050	3.29	1
6327911	449447.MAE_60960	14.3	2
6321993	449447.MAE_01780	6.12	1
6324064	449447.MAE_22490	93.0	2
6326832	449447.MAE_50170	647	43
6325053	449447.MAE_32380	440	22
6323615	449447.MAE_18000	0.6	1
6322841	449447.MAE_10260	47358	2474
6326255	449447.MAE_44400	17.1	1
6327965	449447.MAE_61500	42.7	1
6323143	449447.MAE_13280	17.5	2
6325118	449447.MAE_33030	2164	37
6323637	449447.MAE_18220	4.69	1
6321916	449447.MAE_01010	0.558	1
6325867	449447.MAE_40520	37.0	1
6327711	449447.MAE_58960	32.5	2
6323737	449447.MAE_19220	5729	240
6325278	449447.MAE_34630	12.5	1
6325427	449447.MAE_36120	41.4	2
6325987	449447.MAE_41720	1.16	1
6324828	449447.MAE_30130	60.1	1
6325980	449447.MAE_41650	63.7	1
6325256	449447.MAE_34410	0.552	1
6326285	449447.MAE_44700	0.798	1
6328067	449447.MAE_62520	12.8	2
6324798	449447.MAE_29830	8.1	1
6327405	449447.MAE_55900	28.2	2
6323598	449447.MAE_17830	61.0	1
6327933	449447.MAE_61180	19.4	2
6324440	449447.MAE_26250	67.9	1
6322359	449447.MAE_05440	28.5	2
6327811	449447.MAE_59960	9.36	1
6325107	449447.MAE_32920	5.86	1
6326254	449447.MAE_44390	14.7	2
6322861	449447.MAE_10460	2.04	1
6325438	449447.MAE_36230	12.3	1
6327507	449447.MAE_56920	86.3	4
6327444	449447.MAE_56290	9.71	1
6326917	449447.MAE_51020	58.0	1
6325001	449447.MAE_31860	131	3
6324986	449447.MAE_31710	178	2
6324877	449447.MAE_30620	697	48
6322828	449447.MAE_10130	4.37	1
6326272	449447.MAE_44570	109	2
6327567	449447.MAE_57520	47.7	1
6323971	449447.MAE_21560	162	2
6322294	449447.MAE_04790	1.07	3
6326252	449447.MAE_44370	1398	38
6323305	449447.MAE_14900	257	38
6323706	449447.MAE_18910	14991	1298
6324805	449447.MAE_29900	37.9	3
6321822	449447.MAE_00070	58.6	6
6325224	449447.MAE_34090	4.37	1
6326755	449447.MAE_49400	20.6	1
6322917	449447.MAE_11020	22.3	2
6322317	449447.MAE_05020	55.2	2
6326202	449447.MAE_43870	94.2	5
6323365	449447.MAE_15500	8.23	1
6323931	449447.MAE_21160	25.8	2
6323320	449447.MAE_15050	7.69	1
6324596	449447.MAE_27810	10.4	3
6323503	449447.MAE_16880	68.6	6
6326477	449447.MAE_46620	19.5	1
6327223	449447.MAE_54080	21.9	5
6321836	449447.MAE_00210	891	62
6326904	449447.MAE_50890	0.975	1
6323413	449447.MAE_15980	6.37	1
6322950	449447.MAE_11350	28.2	5
6322975	449447.MAE_11600	3.92	1
6323871	449447.MAE_20560	110	1
6327556	449447.MAE_57410	211	4
6326142	449447.MAE_43270	9.63	1
6325197	449447.MAE_33820	61.5	1
6326446	449447.MAE_46310	15.3	1
6327871	449447.MAE_60560	7.53	3
6324256	449447.MAE_24410	119	6
6327458	449447.MAE_56430	473	6
6322156	449447.MAE_03410	1416	205
6326312	449447.MAE_44970	39.8	2
6327089	449447.MAE_52740	29.5	2
6324854	449447.MAE_30390	1.38	2
6324462	449447.MAE_26470	6.9	1
6324738	449447.MAE_29230	0.341	1
6326619	449447.MAE_48040	367	2
6323893	449447.MAE_20780	10.8	1
6327214	449447.MAE_53990	5796	234
6324633	449447.MAE_28180	106	11
6325464	449447.MAE_36490	87.3	3
6326016	449447.MAE_42010	0.314	1
6326068	449447.MAE_42530	26.0	2
6325650	449447.MAE_38350	12.8	1
6326417	449447.MAE_46020	36.4	1
6321884	449447.MAE_00690	113	5
6327540	449447.MAE_57250	25.2	2
6322535	449447.MAE_07200	1.1	3
6326423	449447.MAE_46080	4360	560
6324324	449447.MAE_25090	38.3	1
6322310	449447.MAE_04950	1.1	3
6323824	449447.MAE_20090	6.42	2
6324651	449447.MAE_28360	27.3	2
6327220	449447.MAE_54050	2096	6
6322027	449447.MAE_02120	70.9	2
6327265	449447.MAE_54500	64.1	13
6324518	449447.MAE_27030	72.4	1
6323775	449447.MAE_19600	418	17
6328014	449447.MAE_61990	57.5	1
6327167	449447.MAE_53520	6.17	1
6326459	449447.MAE_46440	29.8	2
6326180	449447.MAE_43650	297	43
6324593	449447.MAE_27780	99.1	2
6327657	449447.MAE_58420	26.5	1
6326986	449447.MAE_51710	2965	119
6323813	449447.MAE_19980	96.5	1
6322596	449447.MAE_07810	10.4	1
6322552	449447.MAE_07370	24.3	1
6324711	449447.MAE_28960	36.9	4
6325490	449447.MAE_36750	8.37	1
6327634	449447.MAE_58190	107	8
6323024	449447.MAE_12090	227	2
6324540	449447.MAE_27250	79.1	2
6324671	449447.MAE_28560	11.0	3
6327276	449447.MAE_54610	3.11	1
6325587	449447.MAE_37720	57.2	30
6326404	449447.MAE_45890	40.4	1
6323040	449447.MAE_12250	9.51	1
6326078	449447.MAE_42630	16.6	1
6327666	449447.MAE_58510	2.84	3
6327156	449447.MAE_53410	26.1	2
6324095	449447.MAE_22800	5.54	2
6322763	449447.MAE_09480	42.0	1
6322775	449447.MAE_09600	37.3	2
6322530	449447.MAE_07150	21.9	3
6326409	449447.MAE_45940	35.1	1
6327692	449447.MAE_58770	14.4	3
6327362	449447.MAE_55470	0.905	2
6327262	449447.MAE_54470	30.7	2
6324030	449447.MAE_22150	23.9	2
6325081	449447.MAE_32660	49.2	5
6324094	449447.MAE_22790	10.9	1
6323162	449447.MAE_13470	3.87	1
6326971	449447.MAE_51560	68.7	1
6323354	449447.MAE_15390	18.1	3
6326067	449447.MAE_42520	42.3	2
6325677	449447.MAE_38620	49.6	2
6321997	449447.MAE_01820	305	19
6322699	449447.MAE_08840	24.0	2
6321968	449447.MAE_01530	1.07	3
6327792	449447.MAE_59770	487	5
6322499	449447.MAE_06840	29.4	1
6327675	449447.MAE_58600	14.9	1
6327715	449447.MAE_59000	9.56	1
6325063	449447.MAE_32480	47.0	4
6322591	449447.MAE_07760	295	12
6323548	449447.MAE_17330	256	22
6323577	449447.MAE_17620	43.6	2
6321946	449447.MAE_01310	164	24
6328057	449447.MAE_62420	17.5	1
6327770	449447.MAE_59550	208	34
6322459	449447.MAE_06440	39.6	1
6323387	449447.MAE_15720	774	51
6326331	449447.MAE_45160	10.1	1
6324072	449447.MAE_22570	6.13	1
6326853	449447.MAE_50380	9.85	1
6321994	449447.MAE_01790	5.7	1
6327910	449447.MAE_60950	4.25	2
6327763	449447.MAE_59480	17.4	1
6327302	449447.MAE_54870	64.5	2
6323122	449447.MAE_13070	29.0	2
6323906	449447.MAE_20910	40.7	2
6326607	449447.MAE_47920	1298	18
6326964	449447.MAE_51490	4.41	1
6321937	449447.MAE_01220	9.09	1
6323022	449447.MAE_12070	26.7	1
6324112	449447.MAE_22970	9.63	1
6327732	449447.MAE_59170	438	25
6326829	449447.MAE_50140	1083	52
6323274	449447.MAE_14590	253	12
6323776	449447.MAE_19610	23.3	2
6323608	449447.MAE_17930	41.9	1
6323689	449447.MAE_18740	17.0	1
6324293	449447.MAE_24780	1.38	2
6321915	449447.MAE_01000	4.63	1
6325168	449447.MAE_33530	28.8	1
6324446	449447.MAE_26310	101	1
6325801	449447.MAE_39860	18.0	2
6325559	449447.MAE_37440	12.7	3
6326929	449447.MAE_51140	25.9	1
6327754	449447.MAE_59390	38.6	4
6325428	449447.MAE_36130	13.6	2
6326953	449447.MAE_51380	164	51
6324666	449447.MAE_28510	13.4	1
6323228	449447.MAE_14130	53.4	3
6322133	449447.MAE_03180	82.6	1
6325412	449447.MAE_35970	8.01	1
6323297	449447.MAE_14820	6.17	1
6325230	449447.MAE_34150	7.8	2
6327204	449447.MAE_53890	29.5	2
6324797	449447.MAE_29820	463	315
6328070	449447.MAE_62550	203	2
6326682	449447.MAE_48670	4.32	1
6327069	449447.MAE_52540	411	38
6327810	449447.MAE_59950	43.6	3
6325254	449447.MAE_34390	0.538	1
6323191	449447.MAE_13760	0.557	1
6326735	449447.MAE_49200	13.6	1
6325534	449447.MAE_37190	52.6	3
6324035	449447.MAE_22200	0.552	1
6323684	449447.MAE_18690	13.8	1
6326918	449447.MAE_51030	15.8	1
6327146	449447.MAE_53310	139	16
6323125	449447.MAE_13100	8.81	1
6327443	449447.MAE_56280	6847	130
6325002	449447.MAE_31870	13.6	1
6327523	449447.MAE_57080	1769	135
6324985	449447.MAE_31700	13.4	1
6321834	449447.MAE_00190	10.6	1
6324880	449447.MAE_30650	57.9	1
6322825	449447.MAE_10100	21.3	1
6324806	449447.MAE_29910	36.4	3
6326251	449447.MAE_44360	141	5
6324824	449447.MAE_30090	207	25
6322269	449447.MAE_04540	51.3	1
6321819	449447.MAE_00040	23.0	2
6323711	449447.MAE_18960	64.2	1
6325521	449447.MAE_37060	55.3	1
6327797	449447.MAE_59820	50.5	4
6324595	449447.MAE_27800	4.59	2
6325841	449447.MAE_40260	8.08	1
6322918	449447.MAE_11030	10.5	1
6326762	449447.MAE_49470	29.4	1
6323290	449447.MAE_14750	106	17
6326478	449447.MAE_46630	10.2	2
6327976	449447.MAE_61610	11.8	3
6326161	449447.MAE_43460	98.5	1
6323471	449447.MAE_16560	10.4	1
6324982	449447.MAE_31670	14.7	1
6323725	449447.MAE_19100	57.9	5
6322949	449447.MAE_11340	207	7
6325200	449447.MAE_33850	12.1	1
6327561	449447.MAE_57460	3427	70
6327554	449447.MAE_57390	127	2
6325843	449447.MAE_40280	1.38	1
6327106	449447.MAE_52910	24.7	1
6327870	449447.MAE_60550	0.493	1
6326311	449447.MAE_44960	63.1	1
6322665	449447.MAE_08500	20.1	1
6323511	449447.MAE_16960	1.31	1
6323995	449447.MAE_21800	7.8	2
6322944	449447.MAE_11290	360	24
6327457	449447.MAE_56420	66.0	1
6326620	449447.MAE_48050	98.3	1
6322987	449447.MAE_11720	21.9	1
6324375	449447.MAE_25600	19.9	3
6327863	449447.MAE_60480	3.81	1
6326485	449447.MAE_46700	323	8
6324459	449447.MAE_26440	0.324	1
6324632	449447.MAE_28170	33.2	3
6326017	449447.MAE_42020	27.8	2
6322177	449447.MAE_03620	37.3	1
6326418	449447.MAE_46030	1703	21
6324960	449447.MAE_31450	127	2
6325463	449447.MAE_36480	18.8	1
6321868	449447.MAE_00530	18.6	1
6323828	449447.MAE_20130	15.4	1
6326869	449447.MAE_50540	10.8	1
6324010	449447.MAE_21950	124	1
6324703	449447.MAE_28880	70.2	1
6325326	449447.MAE_35110	0.303	1
6327724	449447.MAE_59090	5.62	1
6325950	449447.MAE_41350	9.69	3
6322139	449447.MAE_03240	9.41	1
6322604	449447.MAE_07890	11.1	2
6324646	449447.MAE_28310	20.2	1
6326043	449447.MAE_42280	5.62	1
6324792	449447.MAE_29770	37.9	1
6322348	449447.MAE_05330	496	13
6326357	449447.MAE_45420	0.552	1
6324594	449447.MAE_27790	35.8	1
6324944	449447.MAE_31290	81.1	6
6326875	449447.MAE_50600	22.9	2
6326088	449447.MAE_42730	25.9	1
6326460	449447.MAE_46450	34.5	2
6326179	449447.MAE_43640	21.0	2
6327170	449447.MAE_53550	24.2	3
6322074	449447.MAE_02590	268	20
6327154	449447.MAE_53390	156	20
6327695	449447.MAE_58800	31.4	1
6324348	449447.MAE_25330	11.9	1
6322035	449447.MAE_02200	12.4	1
6324783	449447.MAE_29680	25.2	2
6324938	449447.MAE_31230	53.2	1
6324710	449447.MAE_28950	10.0	1
6327631	449447.MAE_58160	44.2	2
6324670	449447.MAE_28550	5.8	1
6322722	449447.MAE_09070	57.1	1
6326370	449447.MAE_45550	0.552	1
6322213	449447.MAE_03980	19.5	1
6323023	449447.MAE_12080	51.1	2
6326892	449447.MAE_50770	9.76	2
6326802	449447.MAE_49870	64.9	3
6326075	449447.MAE_42600	15.4	2
6325614	449447.MAE_37990	44.7	1
6325815	449447.MAE_40000	21.1	2
6324764	449447.MAE_29490	68.1	1
6322429	449447.MAE_06140	4.41	1
6326410	449447.MAE_45950	126	10
6325653	449447.MAE_38380	277	20
6325027	449447.MAE_32120	19.8	1
6327261	449447.MAE_54460	94.0	12
6323248	449447.MAE_14330	25.4	6
6327354	449447.MAE_55390	1195	41
6324164	449447.MAE_23490	880	26
6322578	449447.MAE_07630	39.1	1
6324657	449447.MAE_28420	404	14
6327791	449447.MAE_59760	46.9	1
6325785	449447.MAE_39700	6.91	1
6325740	449447.MAE_39250	29.1	1
6326066	449447.MAE_42510	12.2	1
6327651	449447.MAE_58360	29.2	1
6325577	449447.MAE_37620	530	18
6325724	449447.MAE_39090	10.7	2
6322773	449447.MAE_09580	13.2	1
6328009	449447.MAE_61940	193	18
6323028	449447.MAE_12130	30.7	2
6322633	449447.MAE_08180	4.54	1
6321982	449447.MAE_01670	252	3
6325038	449447.MAE_32230	0.314	1
6322460	449447.MAE_06450	21.6	1
6327653	449447.MAE_58380	37.3	1
6326705	449447.MAE_48900	4.4	1
6324419	449447.MAE_26040	18.0	1
6322895	449447.MAE_10800	107	36
6326854	449447.MAE_50390	119	3
6325418	449447.MAE_36030	39.9	2
6326352	449447.MAE_45370	93.1	1
6327909	449447.MAE_60940	41.7	4
6325736	449447.MAE_39210	454	64
6327764	449447.MAE_59490	30.0	2
6326830	449447.MAE_50150	1794	77
6326608	449447.MAE_47930	10365	285
6327175	449447.MAE_53600	13.7	1
6323021	449447.MAE_12060	52.0	1
6326461	449447.MAE_46460	225	22
6324111	449447.MAE_22960	25.8	1
6323206	449447.MAE_13910	2293	159
6323236	449447.MAE_14210	33.6	3
6328087	449447.MAE_62720	154	8
6324445	449447.MAE_26300	3810	289
6321922	449447.MAE_01070	14.6	3
6323674	449447.MAE_18590	93.4	1
6324205	449447.MAE_23900	273	21
6325560	449447.MAE_37450	98.5	2
6322095	449447.MAE_02800	9.31	1
6323177	449447.MAE_13620	2429	276
6327709	449447.MAE_58940	10.7	1
6325378	449447.MAE_35630	21.5	1
6323260	449447.MAE_14450	27.9	2
6327753	449447.MAE_59380	78.3	5
6325985	449447.MAE_41700	0.493	1
6323578	449447.MAE_17630	291	2
6325318	449447.MAE_35030	77.5	2
6327453	449447.MAE_56380	44.1	3
6324236	449447.MAE_24210	41.1	5
6326292	449447.MAE_44770	35.4	2
6323596	449447.MAE_17810	26.0	1
6324283	449447.MAE_24680	3.99	1
6325533	449447.MAE_37180	46.7	3
6327070	449447.MAE_52550	443	13
6326004	449447.MAE_41890	80.4	1
6327809	449447.MAE_59940	20.6	2
6325265	449447.MAE_34500	1.1	3
6327459	449447.MAE_56440	407	20
6324368	449447.MAE_25530	72.2	4
6323382	449447.MAE_15670	0.905	2
6327968	449447.MAE_61530	1.38	2
6326919	449447.MAE_51040	90.9	1
6322839	449447.MAE_10240	8295	90
6327971	449447.MAE_61560	64.8	2
6323128	449447.MAE_13130	38.5	4
6326274	449447.MAE_44590	2.89	2
6321833	449447.MAE_00180	23.6	1
6324999	449447.MAE_31840	16.1	2
6324901	449447.MAE_30860	31.6	1
6322934	449447.MAE_11190	52.2	2
6325172	449447.MAE_33570	409	17
6326275	449447.MAE_44600	136	1
6327985	449447.MAE_61700	127	2
6326563	449447.MAE_47480	23.5	1
6323332	449447.MAE_15170	23.7	1
6327440	449447.MAE_56250	42.0	7
6327485	449447.MAE_56700	3.97	1
6324811	449447.MAE_29960	63.3	1
6327396	449447.MAE_55810	7.49	1
6327798	449447.MAE_59830	30.2	1
6326626	449447.MAE_48110	12.9	1
6323712	449447.MAE_18970	244	5
6322272	449447.MAE_04570	52.5	1
6324290	449447.MAE_24750	14.6	1
6326196	449447.MAE_43810	3.86	1
6325219	449447.MAE_34040	15.7	1
6326570	449447.MAE_47550	55.8	5
6324602	449447.MAE_27870	10.3	3
6327891	449447.MAE_60760	19.7	2
6325542	449447.MAE_37270	15.2	2
6325982	449447.MAE_41670	0.388	1
6322817	449447.MAE_10020	3.06	1
6324278	449447.MAE_24630	41.2	2
6325956	449447.MAE_41410	19.2	3
6327553	449447.MAE_57380	406	9
6323345	449447.MAE_15300	90.7	1
6326588	449447.MAE_47730	22.7	1
6327869	449447.MAE_60540	0.651	1
6327816	449447.MAE_60010	43.1	54
6322890	449447.MAE_10750	1.38	2
6325236	449447.MAE_34210	66.9	1
6325844	449447.MAE_40290	61.9	1
6322283	449447.MAE_04680	16.0	1
6323512	449447.MAE_16970	221	2
6327132	449447.MAE_53170	10.7	1
6326488	449447.MAE_46730	103	2
6321860	449447.MAE_00450	146	1
6323012	449447.MAE_11970	49.7	1
6326766	449447.MAE_49510	11.0	1
6326328	449447.MAE_45130	115	1
6323514	449447.MAE_16990	1.66	1
6326466	449447.MAE_46510	15.5	1
6325008	449447.MAE_31930	77.0	1
6326517	449447.MAE_47020	672	17
6325949	449447.MAE_41340	10.1	3
6326997	449447.MAE_51820	17.0	1
6326443	449447.MAE_46280	14.1	1
6327542	449447.MAE_57270	4553	165
6322234	449447.MAE_04190	35.4	1
6326297	449447.MAE_44820	6174	204
6327522	449447.MAE_57070	23.5	2
6322808	449447.MAE_09930	27.6	1
6322235	449447.MAE_04200	42.5	1
6326572	449447.MAE_47570	1304	103
6322603	449447.MAE_07880	23.5	1
6322165	449447.MAE_03500	6.5	2
6321838	449447.MAE_00230	11.3	2
6322290	449447.MAE_04750	115	1
6323434	449447.MAE_16190	24.0	2
6326356	449447.MAE_45410	9.63	1
6324645	449447.MAE_28300	35.8	5
6327222	449447.MAE_54070	51.2	3
6325600	449447.MAE_37850	8.72	1
6324624	449447.MAE_28090	888	28
6324516	449447.MAE_27010	1.38	2
6322955	449447.MAE_11400	28.7	5
6324693	449447.MAE_28780	29.3	1
6322144	449447.MAE_03290	20.9	2
6323811	449447.MAE_19960	3.31	1
6324866	449447.MAE_30510	8.51	1
6327153	449447.MAE_53380	163	1
6324709	449447.MAE_28940	68.9	6
6326152	449447.MAE_43370	598	52
6322089	449447.MAE_02740	53.2	3
6324349	449447.MAE_25340	474	38
6322176	449447.MAE_03610	5.83	2
6322546	449447.MAE_07310	613	21
6322686	449447.MAE_08710	0.511	1
6324212	449447.MAE_23970	27.7	1
6322419	449447.MAE_06040	294	2
6324638	449447.MAE_28230	161	17
6327282	449447.MAE_54670	14.3	4
6326699	449447.MAE_48840	27.7	2
6326049	449447.MAE_42340	257	5
6326885	449447.MAE_50700	9.59	1
6322888	449447.MAE_10730	0.972	1
6326189	449447.MAE_43740	73.9	4
6323042	449447.MAE_12270	3.14	1
6324225	449447.MAE_24100	87.7	6
6326411	449447.MAE_45960	20.3	2
6323804	449447.MAE_19890	14.1	1
6322781	449447.MAE_09660	31.3	2
6322428	449447.MAE_06130	1.67	3
6324502	449447.MAE_26870	1.13	3
6327264	449447.MAE_54490	25.5	1
6325079	449447.MAE_32640	1048	48
6322441	449447.MAE_06260	6.76	1
6324163	449447.MAE_23480	6.44	1
6321963	449447.MAE_01480	4.37	1
6326218	449447.MAE_44030	134	1
6324658	449447.MAE_28430	147	9
6327285	449447.MAE_54700	54.0	1
6323160	449447.MAE_13450	12.7	1
6324152	449447.MAE_23370	25.0	4
6327570	449447.MAE_57550	86.2	3
6326413	449447.MAE_45980	6.36	1
6322577	449447.MAE_07620	57.7	1
6323033	449447.MAE_12180	18.8	1
6327240	449447.MAE_54250	0.972	1
6326741	449447.MAE_49260	6.95	1
6326816	449447.MAE_50010	0.273	1
6325314	449447.MAE_34990	146	2
6325741	449447.MAE_39260	8.51	6
6321995	449447.MAE_01800	22.5	2
6323062	449447.MAE_12470	25.8	1
6328010	449447.MAE_61950	43.1	7
6325721	449447.MAE_39060	533	14
6322483	449447.MAE_06680	8.23	1
6327652	449447.MAE_58370	22.3	1
6327191	449447.MAE_53760	732	45
6322051	449447.MAE_02360	16.1	4
6327253	449447.MAE_54380	1200	71
6322501	449447.MAE_06860	79.1	1
6328030	449447.MAE_62150	4531	216
6323599	449447.MAE_17840	192	1
6323777	449447.MAE_19620	148	2
6322025	449447.MAE_02100	13.5	2
6324066	449447.MAE_22510	99.4	1
6325037	449447.MAE_32220	1516	47
6322481	449447.MAE_06660	38.9	3
6324172	449447.MAE_23570	143	13
6322364	449447.MAE_05490	28.1	3
6326605	449447.MAE_47900	20.7	1
6323173	449447.MAE_13580	40.6	1
6327130	449447.MAE_53150	2.5	1
6321939	449447.MAE_01240	483	9
6323020	449447.MAE_12050	7.77	1
6323205	449447.MAE_13900	335	50
6323691	449447.MAE_18760	14.2	1
6327645	449447.MAE_58300	257	8
6327759	449447.MAE_59440	49.1	3
6327387	449447.MAE_55720	56.0	1
6321921	449447.MAE_01060	32.5	1
6322623	449447.MAE_08080	22.7	2
6324358	449447.MAE_25430	28.6	1
6323594	449447.MAE_17790	53.3	6
6322905	449447.MAE_10900	32.6	2
6327307	449447.MAE_54920	10.2	4
6322096	449447.MAE_02810	25.0	1
6325939	449447.MAE_41240	6.61	1
6325726	449447.MAE_39110	544	38
6323579	449447.MAE_17640	20.6	2
6327586	449447.MAE_57710	7.46	2
6323281	449447.MAE_14660	48.8	3
6325252	449447.MAE_34370	24.8	2
6323601	449447.MAE_17860	54.8	1
6323198	449447.MAE_13830	121	2
6325132	449447.MAE_33170	128	1
6322351	449447.MAE_05360	15.8	2
6326676	449447.MAE_48610	146	3
6327071	449447.MAE_52560	238	7
6326381	449447.MAE_45660	5.64	1
6323352	449447.MAE_15370	218	13
6322224	449447.MAE_04090	40.4	4
6326920	449447.MAE_51050	0.314	1
6325955	449447.MAE_41400	16.8	2
6324047	449447.MAE_22320	0.84	1
6327972	449447.MAE_61570	13.8	3
6325397	449447.MAE_35820	51.2	2
6327830	449447.MAE_60150	41.7	1
6327353	449447.MAE_55380	67.9	1
6322411	449447.MAE_05960	44.1	2
6323970	449447.MAE_21550	8.65	1
6323729	449447.MAE_19140	144	3
6324822	449447.MAE_30070	7.7	1
6326276	449447.MAE_44610	10.2	1
6327397	449447.MAE_55820	59.7	1
6323923	449447.MAE_21080	0.88	2
6323656	449447.MAE_18410	93.8	13
6327439	449447.MAE_56240	4.53	1
6323709	449447.MAE_18940	30.1	1
6324812	449447.MAE_29970	8.94	2
6322371	449447.MAE_05560	45.8	2
6326195	449447.MAE_43800	16.5	2
6328112	449447.MAE_62970	23.7	1
6322396	449447.MAE_05810	136	2
6325406	449447.MAE_35910	23.5	1
6323724	449447.MAE_19090	14.5	1
6322951	449447.MAE_11360	6.39	2
6326801	449447.MAE_49860	501	32
6323129	449447.MAE_13140	58.9	1
6321900	449447.MAE_00850	23.5	1
6324976	449447.MAE_31610	1.03	1
6321823	449447.MAE_00080	38.0	1
6325906	449447.MAE_40910	995	26
6324836	449447.MAE_30210	131	2
6327817	449447.MAE_60020	40.1	9
6322871	449447.MAE_10560	394	27
6327455	449447.MAE_56400	5.17	1
6322157	449447.MAE_03420	31.2	4
6324833	449447.MAE_30180	171	5
6325234	449447.MAE_34190	1.38	2
6322251	449447.MAE_04360	2.04	1
6323848	449447.MAE_20330	4.34	2
6324457	449447.MAE_26420	17.7	1
6326618	449447.MAE_48030	79.5	4
6323357	449447.MAE_15420	113	1
6325007	449447.MAE_31920	69.1	1
6323436	449447.MAE_16210	125	1
6324579	449447.MAE_27640	0.905	2
6321903	449447.MAE_00880	29.1	2
6326998	449447.MAE_51830	0.306	1
6326420	449447.MAE_46050	510	26
6327543	449447.MAE_57280	1329	20
6326520	449447.MAE_47050	0.827	1
6324847	449447.MAE_30320	3.58	2
6325328	449447.MAE_35130	2177	55
6324250	449447.MAE_24350	46.7	1
6325897	449447.MAE_40820	17.4	2
6324274	449447.MAE_24590	56.7	1
6325213	449447.MAE_33980	21.7	1
6326278	449447.MAE_44630	281	13
6326476	449447.MAE_46610	35.7	1
6324488	449447.MAE_26730	11.1	1
6326647	449447.MAE_48320	20.4	1
6325679	449447.MAE_38640	9.54	1
6325474	449447.MAE_36590	54.6	1
6326090	449447.MAE_42750	1787	36
6327575	449447.MAE_57600	43.2	1
6322143	449447.MAE_03280	22.8	2
6325499	449447.MAE_36840	91.3	3
6321910	449447.MAE_00950	30.7	1
6322956	449447.MAE_11410	12.6	3
6326034	449447.MAE_42190	11.7	1
6323821	449447.MAE_20060	16.1	1
6325640	449447.MAE_38250	106	1
6325685	449447.MAE_38700	28.9	1
6323408	449447.MAE_15930	12.2	1
6322547	449447.MAE_07320	28.9	2
6324891	449447.MAE_30760	16.5	3
6325631	449447.MAE_38160	49.1	3
6324730	449447.MAE_29150	8.11	1
6322613	449447.MAE_07980	6.17	1
6322015	449447.MAE_02000	19.2	1
6322720	449447.MAE_09050	26.5	4
6326247	449447.MAE_44320	86.4	10
6327629	449447.MAE_58140	107	36
6324541	449447.MAE_27260	205	26
6327281	449447.MAE_54660	38.2	4
6328055	449447.MAE_62400	9.27	1
6324131	449447.MAE_23160	10.9	1
6328065	449447.MAE_62500	20.6	1
6325762	449447.MAE_39470	11.9	2
6326052	449447.MAE_42370	38.7	2
6326976	449447.MAE_51610	875	61
6322505	449447.MAE_06900	7.26	1
6322063	449447.MAE_02480	31.9	2
6324499	449447.MAE_26840	34.4	2
6326412	449447.MAE_45970	497	42
6324648	449447.MAE_28330	34.4	2
6323074	449447.MAE_12590	115	8
6322427	449447.MAE_06120	14.1	1
6324031	449447.MAE_22160	119	8
6322442	449447.MAE_06270	1187	34
6325025	449447.MAE_32100	26.0	1
6324149	449447.MAE_23340	24.9	1
6326414	449447.MAE_45990	292	11
6323034	449447.MAE_12190	5.38	1
6323527	449447.MAE_17120	242	2
6326072	449447.MAE_42570	2.09	4
6322212	449447.MAE_03970	133	1
6325682	449447.MAE_38670	9.77	1
6323061	449447.MAE_12460	5.38	1
6322502	449447.MAE_06870	250	1
6325722	449447.MAE_39070	14.8	1
6322484	449447.MAE_06690	15.0	1
6328007	449447.MAE_61920	38.8	1
6325622	449447.MAE_38070	0.452	1
6327254	449447.MAE_54390	107	2
6323113	449447.MAE_12980	43.6	2
6322616	449447.MAE_08010	25.5	1
6322544	449447.MAE_07290	258	13
6325176	449447.MAE_33610	16.3	1
6325744	449447.MAE_39290	21.2	1
6322779	449447.MAE_09640	703	11
6322704	449447.MAE_08890	12.6	1
6327368	449447.MAE_55530	17.1	2
6322897	449447.MAE_10820	34.0	1
6323114	449447.MAE_12990	56.5	4
6322769	449447.MAE_09540	696	43
6325073	449447.MAE_32580	53.6	1
6325420	449447.MAE_36050	169	9
6327343	449447.MAE_55280	37.0	2
6326959	449447.MAE_51440	4.7	1
6323900	449447.MAE_20850	48.8	2
6324420	449447.MAE_26050	29.3	1
6326606	449447.MAE_47910	320	63
6323019	449447.MAE_12040	6.55	1
6327778	449447.MAE_59630	38.7	2
6327729	449447.MAE_59140	28.4	1
6326828	449447.MAE_50130	3560	100
6325849	449447.MAE_40340	24.0	1
6327687	449447.MAE_58720	8.4	1
6326048	449447.MAE_42330	22.7	2
6327212	449447.MAE_53970	57.1	4
6328085	449447.MAE_62700	154	14
6327760	449447.MAE_59450	64.3	2
6323593	449447.MAE_17780	82.2	6
6327390	449447.MAE_55750	77.7	1
6325836	449447.MAE_40210	52.6	1
6325562	449447.MAE_37470	19.3	2
6324049	449447.MAE_22340	45.4	2
6327504	449447.MAE_56890	19.8	1
6324943	449447.MAE_31280	27.7	2
6325084	449447.MAE_32690	6.5	2
6328053	449447.MAE_62380	87.8	2
6325942	449447.MAE_41270	25.5	6
6327086	449447.MAE_52710	88.0	8
6326837	449447.MAE_50220	10.3	1
6323545	449447.MAE_17300	16.2	3
6323632	449447.MAE_18170	21.2	2
6323245	449447.MAE_14300	13.2	1
6327602	449447.MAE_57870	41.7	1
6323302	449447.MAE_14870	22.7	1
6323280	449447.MAE_14650	41.1	2
6327964	449447.MAE_61490	115	3
6323646	449447.MAE_18310	2285	116
6328051	449447.MAE_62360	4.52	1
6324436	449447.MAE_26210	414	45
6323350	449447.MAE_15350	0.332	1
6326503	449447.MAE_46880	22.2	3
6323380	449447.MAE_15650	1208	7
6322629	449447.MAE_08140	284	31
6325933	449447.MAE_41180	21.1	1
6323574	449447.MAE_17590	4.61	1
6326734	449447.MAE_49190	4.97	1
6326941	449447.MAE_51260	16.5	1
6325498	449447.MAE_36830	32.7	1
6323746	449447.MAE_19310	19.4	1
6322837	449447.MAE_10220	107	36
6324899	449447.MAE_30840	24.7	1
6327878	449447.MAE_60630	4.44	1
6327829	449447.MAE_60140	240	17
6323026	449447.MAE_12110	22.9	1
6323967	449447.MAE_21520	38.7	1
6324821	449447.MAE_30060	89.3	2
6323757	449447.MAE_19420	107	1
6327442	449447.MAE_56270	1460	29
6325237	449447.MAE_34220	57.9	1
6325524	449447.MAE_37090	12.5	1
6326628	449447.MAE_48130	36.2	4
6326759	449447.MAE_49440	21.5	2
6323224	449447.MAE_14090	44.5	1
6322395	449447.MAE_05800	75.5	1
6325445	449447.MAE_36300	2401	202
6325405	449447.MAE_35900	5.64	1
6323790	449447.MAE_19750	212	8
6321824	449447.MAE_00090	3.43	1
6322946	449447.MAE_11310	1073	27
6322374	449447.MAE_05590	0.382	1
6322892	449447.MAE_10770	62.2	1
6323978	449447.MAE_21630	8.86	2
6325905	449447.MAE_40900	177	24
6322923	449447.MAE_11080	5.24	1
6326308	449447.MAE_44930	185	8
6322670	449447.MAE_08550	44.2	2
6323933	449447.MAE_21180	6.62	1
6322257	449447.MAE_04420	20.7	1
6327126	449447.MAE_53110	8.74	1
6324834	449447.MAE_30190	82.5	14
6326615	449447.MAE_48000	7.91	2
6326768	449447.MAE_49530	16.6	1
6322992	449447.MAE_11770	2399	152
6323847	449447.MAE_20320	14.7	1
6324804	449447.MAE_29890	28.9	2
6324458	449447.MAE_26430	44.2	2
6322883	449447.MAE_10680	96.9	1
6325878	449447.MAE_40630	26.6	1
6323010	449447.MAE_11950	15.1	1
6324756	449447.MAE_29410	0.905	2
6324963	449447.MAE_31480	23.2	3
6322937	449447.MAE_11220	39.4	1
6322970	449447.MAE_11550	12.2	1
6323825	449447.MAE_20100	23.6	2
6323860	449447.MAE_20450	45.7	1
6326441	449447.MAE_46260	292	26
6327544	449447.MAE_57290	917	46
6323960	449447.MAE_21450	26.6	2
6326519	449447.MAE_47040	12.9	1
6324928	449447.MAE_31130	14.3	1
6322994	449447.MAE_11790	25.6	2
6324859	449447.MAE_30440	25.0	2
6324249	449447.MAE_24340	34.0	4
6325212	449447.MAE_33970	11.1	2
6324344	449447.MAE_25290	15.0	1
6327465	449447.MAE_56500	5.78	1
6322641	449447.MAE_08260	194	15
6324724	449447.MAE_29090	106	2
6326295	449447.MAE_44800	15.7	1
6324487	449447.MAE_26720	8.44	1
6326646	449447.MAE_48310	18.9	1
6322327	449447.MAE_05120	1.38	1
6325602	449447.MAE_37870	9.68	1
6322185	449447.MAE_03700	51.5	1
6326111	449447.MAE_42960	35.8	1
6325516	449447.MAE_37010	264	6
6326089	449447.MAE_42740	148	17
6322217	449447.MAE_04020	42.0	2
6323822	449447.MAE_20070	22.2	1
6326184	449447.MAE_43690	9836	161
6323809	449447.MAE_19940	75.2	1
6324970	449447.MAE_31550	6955	421
6321909	449447.MAE_00940	1300	35
6327489	449447.MAE_56740	1778	64
6325316	449447.MAE_35010	10.7	1
6325639	449447.MAE_38240	16.7	3
6324050	449447.MAE_22350	1.31	1
6325686	449447.MAE_38710	14.7	2
6328064	449447.MAE_62490	301	15
6327014	449447.MAE_51990	25.8	1
6322151	449447.MAE_03360	4.45	2
6325203	449447.MAE_33880	40.2	1
6321904	449447.MAE_00890	4.23	1
6325799	449447.MAE_39840	39.5	4
6322069	449447.MAE_02540	72.8	1
6324544	449447.MAE_27290	10.3	1
6327280	449447.MAE_54650	11.6	1
6322719	449447.MAE_09040	13.0	1
6324206	449447.MAE_23910	185	7
6324132	449447.MAE_23170	12.9	1
6324137	449447.MAE_23220	12.4	1
6322519	449447.MAE_07040	51.9	1
6326887	449447.MAE_50720	76.2	3
6324513	449447.MAE_26980	4.45	2
6324778	449447.MAE_29630	30.0	2
6326191	449447.MAE_43760	47.2	1
6324560	449447.MAE_27450	58.7	5
6327670	449447.MAE_58550	8.22	2
6325655	449447.MAE_38400	31.6	2
6326171	449447.MAE_43560	1.38	1
6324946	449447.MAE_31310	29.4	2
6324231	449447.MAE_24160	85.0	4
6322675	449447.MAE_08600	220	58
6324647	449447.MAE_28320	10.0	1
6326814	449447.MAE_49990	15.3	1
6322710	449447.MAE_08950	84.4	1
6324150	449447.MAE_23350	19.1	1
6324433	449447.MAE_26180	38.3	3
6326336	449447.MAE_45210	404	4
6325363	449447.MAE_35480	21.5	1
6326174	449447.MAE_43590	3.2	2
6323047	449447.MAE_12320	53.0	6
6327788	449447.MAE_59730	465	27
6326071	449447.MAE_42560	65.0	1
6327189	449447.MAE_53740	7.62	1
6322209	449447.MAE_03940	15.9	2
6322053	449447.MAE_02380	23.5	1
6325017	449447.MAE_32020	43.4	2
6328008	449447.MAE_61930	18.7	1
6322034	449447.MAE_02190	99.9	1
6326384	449447.MAE_45690	713	16
6327617	449447.MAE_58020	46.0	1
6322463	449447.MAE_06480	3.06	1
6325352	449447.MAE_35370	4.41	1
6327344	449447.MAE_55290	42.8	1
6324174	449447.MAE_23590	13.5	1
6326944	449447.MAE_51290	150	4
6322770	449447.MAE_09550	562	10
6327298	449447.MAE_54830	13.0	1
6325387	449447.MAE_35720	67.2	1
6325419	449447.MAE_36040	1765	55
6326960	449447.MAE_51450	3.07	1
6326347	449447.MAE_45320	7.75	1
6327914	449447.MAE_60990	298	7
6326748	449447.MAE_49330	10.4	1
6325777	449447.MAE_39620	29.8	1
6325483	449447.MAE_36680	68.2	3
6323521	449447.MAE_17060	74.6	7
6323118	449447.MAE_13030	13.8	1
6323631	449447.MAE_18160	35.8	2
6322006	449447.MAE_01910	90.1	38
6327775	449447.MAE_59600	79.4	1
6327688	449447.MAE_58730	18.0	1
6323535	449447.MAE_17200	28.4	2
6328092	449447.MAE_62770	141	1
6325052	449447.MAE_32370	13.4	1
6323624	449447.MAE_18090	166	2
6321943	449447.MAE_01280	9.15	1
6322911	449447.MAE_10960	40.6	2
6327503	449447.MAE_56880	178	4
6323261	449447.MAE_14460	34.1	3
6326318	449447.MAE_45030	30.1	3
6327901	449447.MAE_60860	17.2	2
6325758	449447.MAE_39430	1.38	2
6327719	449447.MAE_59040	44.0	2
6323279	449447.MAE_14640	57.2	1
6325194	449447.MAE_33790	105	1
6325966	449447.MAE_41510	19.7	1
6322851	449447.MAE_10360	14.7	1
6327930	449447.MAE_61150	0.668	1
6323647	449447.MAE_18320	72.5	1
6325155	449447.MAE_33400	6.13	2
6326001	449447.MAE_41860	146	3
6322349	449447.MAE_05340	41.4	3
6327065	449447.MAE_52500	1121	48
6327963	449447.MAE_61480	64.7	1
6327814	449447.MAE_59990	413	8
6325546	449447.MAE_37310	12.1	1
6326922	449447.MAE_51070	83.2	1
6322632	449447.MAE_08170	134	1
6325290	449447.MAE_34750	7.46	1
6325441	449447.MAE_36260	5.95	1
6327211	449447.MAE_53960	45.3	5
6326942	449447.MAE_51270	129	7
6327466	449447.MAE_56510	144	7
6323745	449447.MAE_19300	21.5	1
6323328	449447.MAE_15130	1975	65
6326525	449447.MAE_47100	97.2	7
6324898	449447.MAE_30830	66.3	1
6327875	449447.MAE_60600	7.14	1
6323758	449447.MAE_19430	13.6	1
6323779	449447.MAE_19640	21.4	2
6327988	449447.MAE_61730	89.3	1
6326907	449447.MAE_50920	15.8	1
6323968	449447.MAE_21530	15.1	1
6323383	449447.MAE_15680	107	1
6324810	449447.MAE_29950	21.1	1
6323727	449447.MAE_19120	60.3	3
6326627	449447.MAE_48120	18.1	1
6327036	449447.MAE_52210	27.2	4
6326197	449447.MAE_43820	4.36	1
6326014	449447.MAE_41990	16.8	1
6324599	449447.MAE_27840	5.98	1
6325983	449447.MAE_41680	10.9	1
6325408	449447.MAE_35930	58.6	1
6323337	449447.MAE_15220	556	53
6322893	449447.MAE_10780	82.1	2
6325830	449447.MAE_40150	9.35	1
6322945	449447.MAE_11300	266	15
6321886	449447.MAE_00710	590	44
6324838	449447.MAE_30230	36.0	1
6326137	449447.MAE_43220	77.8	1
6327608	449447.MAE_57930	13.3	2
6327917	449447.MAE_61020	13.6	1
6327526	449447.MAE_57110	115	1
6324334	449447.MAE_25190	10.7	1
6323720	449447.MAE_19050	11.2	1
6327843	449447.MAE_60280	10.7	1
6326562	449447.MAE_47470	5.64	1
6322669	449447.MAE_08540	68.8	5
6321854	449447.MAE_00390	39.8	1
6327125	449447.MAE_53100	40.9	6
6326206	449447.MAE_43910	620	47
6328097	449447.MAE_62820	31.2	1
6323303	449447.MAE_14880	35.8	1
6324455	449447.MAE_26400	106	12
6323009	449447.MAE_11940	111	7
6323391	449447.MAE_15760	0.324	1
6321855	449447.MAE_00400	0.552	1
6326769	449447.MAE_49540	0.972	1
6327574	449447.MAE_57590	23.2	1
6326422	449447.MAE_46070	5180	88
6324927	449447.MAE_31120	1.62	1
6326522	449447.MAE_47070	8.07	1
6322969	449447.MAE_11540	25.4	5
6327000	449447.MAE_51850	15.7	1
6326442	449447.MAE_46270	444	31
6324252	449447.MAE_24370	56.5	1
6326900	449447.MAE_50850	28.6	1
6326873	449447.MAE_50580	21.1	2
6324845	449447.MAE_30300	71.8	2
6324272	449447.MAE_24570	52.5	1
6327118	449447.MAE_53030	14.7	3
6324723	449447.MAE_29080	7.25	1
6326645	449447.MAE_48300	22.0	1
6326219	449447.MAE_44040	47.1	1
6326482	449447.MAE_46670	1.03	1
6322378	449447.MAE_05630	7.03	1
6324762	449447.MAE_29470	11.3	1
6326092	449447.MAE_42770	163	29
6323445	449447.MAE_16300	5.33	1
6322958	449447.MAE_11430	482	22
6326132	449447.MAE_43170	21.8	2
6324969	449447.MAE_31540	77.8	1
6327013	449447.MAE_51980	412	46
6324869	449447.MAE_30540	50.1	1
6325642	449447.MAE_38270	0.905	2
6326860	449447.MAE_50450	184	15
6324706	449447.MAE_28910	39.1	2
6322086	449447.MAE_02710	12.8	1
6324263	449447.MAE_24480	15509	791
6325204	449447.MAE_33890	16.7	1
6324581	449447.MAE_27660	79.5	1
6321872	449447.MAE_00570	7.57	2
6324628	449447.MAE_28130	5.87	1
6324961	449447.MAE_31460	13.5	1
6325889	449447.MAE_40740	18.6	1
6327228	449447.MAE_54130	19.3	3
6324768	449447.MAE_29530	34.0	2
6322785	449447.MAE_09700	140	11
6322115	449447.MAE_03000	21.9	3
6324125	449447.MAE_23100	44.9	1
6326366	449447.MAE_45510	4.41	1
6322522	449447.MAE_07070	457	21
6324882	449447.MAE_30670	101	1
6326888	449447.MAE_50730	10.5	2
6326798	449447.MAE_49830	29.9	1
6326192	449447.MAE_43770	9.02	1
6325633	449447.MAE_38180	124	2
6323416	449447.MAE_16010	0.341	1
6326023	449447.MAE_42080	22.3	1
6326982	449447.MAE_51670	20560	569
6326172	449447.MAE_43570	19.9	2
6324230	449447.MAE_24150	256	19
6322077	449447.MAE_02620	76.9	13
6322030	449447.MAE_02150	24.1	2
6324574	449447.MAE_27590	439	18
6327350	449447.MAE_55350	304	7
6322729	449447.MAE_09140	93.1	1
6327673	449447.MAE_58580	12.4	3
6326966	449447.MAE_51510	0.905	2
6325364	449447.MAE_35490	17.7	1
6326817	449447.MAE_50020	315	22
6325462	449447.MAE_36470	38.1	2
6322210	449447.MAE_03950	23.6	1
6322000	449447.MAE_01850	11.6	1
6323059	449447.MAE_12440	50.2	1
6326094	449447.MAE_42790	54.1	2
6323756	449447.MAE_19410	27.6	4
6322259	449447.MAE_04440	11.2	1
6322496	449447.MAE_06810	93.0	2
6327548	449447.MAE_57330	3301	106
6324144	449447.MAE_23290	30.3	3
6325091	449447.MAE_32760	1.24	1
6327620	449447.MAE_58050	16.6	2
6326103	449447.MAE_42880	3.81	1
6322480	449447.MAE_06650	13.4	1
6326709	449447.MAE_48940	13.6	1
6324423	449447.MAE_26080	26.4	2
6322771	449447.MAE_09560	13.1	4
6326348	449447.MAE_45330	728	64
6325778	449447.MAE_39630	43.9	1
6322007	449447.MAE_01920	9.43	1
6323099	449447.MAE_12840	9.12	3
6322440	449447.MAE_06250	949	52
6325296	449447.MAE_34810	27.2	1
6323670	449447.MAE_18550	14.6	1
6325171	449447.MAE_33560	3210	42
6325177	449447.MAE_33620	5.54	1
6327733	449447.MAE_59180	959	27
6327705	449447.MAE_58900	9.03	1
6325556	449447.MAE_37410	357	8
6322099	449447.MAE_02840	59.8	3
6324158	449447.MAE_23430	1.03	1
6322142	449447.MAE_03270	0.739	2
6323582	449447.MAE_17670	17.2	1
6325493	449447.MAE_36780	12.9	1
6323146	449447.MAE_13310	348	10
6323030	449447.MAE_12150	33.7	1
6327765	449447.MAE_59500	39.2	1
6327720	449447.MAE_59050	40.4	1
6328073	449447.MAE_62580	15.4	2
6327482	449447.MAE_56670	16.8	1
6323735	449447.MAE_19200	19.8	5
6323703	449447.MAE_18880	43.6	3
6327500	449447.MAE_56850	15.2	3
6324295	449447.MAE_24800	0.88	2
6325156	449447.MAE_33410	9.86	2
6321929	449447.MAE_01140	35.6	3
6327066	449447.MAE_52510	566	8
6326000	449447.MAE_41850	16.5	1
6326923	449447.MAE_51080	105	1
6324040	449447.MAE_22250	3.6	2
6322017	449447.MAE_02020	20.7	1
6327513	449447.MAE_56980	28.6	2
6325947	449447.MAE_41320	44.7	1
6323748	449447.MAE_19330	28.4	1
6325424	449447.MAE_36090	119	2
6326939	449447.MAE_51240	14.6	1
6326315	449447.MAE_45000	72.4	1
6323965	449447.MAE_21500	10.9	1
6322930	449447.MAE_11150	42.9	1
6326246	449447.MAE_44310	11.6	1
6326279	449447.MAE_44640	19.9	2
6327938	449447.MAE_61230	117	5
6323783	449447.MAE_19680	14.5	1
6326694	449447.MAE_48790	22.8	1
6322852	449447.MAE_10370	457	17
6325760	449447.MAE_39450	242	2
6323338	449447.MAE_15230	22.5	1
6322894	449447.MAE_10790	10.5	1
6326136	449447.MAE_43210	20.6	1
6324837	449447.MAE_30220	108	1
6327820	449447.MAE_60050	0.319	1
6322672	449447.MAE_08570	165	1
6323976	449447.MAE_21610	8.85	1
6322803	449447.MAE_09880	2.04	1
6327447	449447.MAE_56320	12.8	1
6327460	449447.MAE_56450	244	11
6323721	449447.MAE_19060	38.6	1
6321853	449447.MAE_00380	94.6	1
6326480	449447.MAE_46650	5.04	1
6327484	449447.MAE_56690	0.314	1
6327413	449447.MAE_55980	8.57	1
6326211	449447.MAE_43960	49.7	1
6324995	449447.MAE_31800	5298	72
6326770	449447.MAE_49550	15.2	1
6325527	449447.MAE_37120	7.3	1
6322406	449447.MAE_05910	65.2	1
6327001	449447.MAE_51860	116	2
6323862	449447.MAE_20470	11.3	1
6324758	449447.MAE_29430	0.314	1
6326874	449447.MAE_50590	8.76	1
6323962	449447.MAE_21470	65.9	1
6324930	449447.MAE_31150	45.3	1
6324846	449447.MAE_30310	1.36	1
6324251	449447.MAE_24360	89.8	2
6325508	449447.MAE_36930	10.9	1
6326899	449447.MAE_50840	31.4	3
6325896	449447.MAE_40810	7.81	1
6327833	449447.MAE_60180	20.9	5
6324271	449447.MAE_24560	6.05	1
6322169	449447.MAE_03540	41.6	1
6326301	449447.MAE_44860	19.9	1
6325210	449447.MAE_33950	234	2
6322286	449447.MAE_04710	24.9	3
6322239	449447.MAE_04240	43.5	1
6327076	449447.MAE_52610	80.4	4
6322377	449447.MAE_05620	108	10
6323497	449447.MAE_16820	16.8	1
6324747	449447.MAE_29320	8.92	1
6322643	449447.MAE_08280	178	10
6321885	449447.MAE_00700	210	21
6322999	449447.MAE_11840	7854	150
6322223	449447.MAE_04080	174	10
6326424	449447.MAE_46090	1.24	1
6324813	449447.MAE_29980	5.0	1
6326109	449447.MAE_42940	142	12
6324620	449447.MAE_28050	9.71	1
6324520	449447.MAE_27050	17.1	3
6326091	449447.MAE_42760	4586	537
6324720	449447.MAE_29050	4.71	1
6324765	449447.MAE_29500	16.9	1
6322543	449447.MAE_07280	68.1	1
6322959	449447.MAE_11440	35.5	1
6327149	449447.MAE_53340	64.2	4
6326008	449447.MAE_41930	14.7	1
6324972	449447.MAE_31570	23.6	1
6323405	449447.MAE_15900	60.4	2
6324353	449447.MAE_25380	55.5	2
6324870	449447.MAE_30550	21.5	1
6323494	449447.MAE_16790	22.0	1
6327547	449447.MAE_57320	99.1	2
6322085	449447.MAE_02700	12.8	1
6324002	449447.MAE_21870	9.0	1
6328078	449447.MAE_62630	0.303	1
6324264	449447.MAE_24490	8.93	1
6324733	449447.MAE_29180	65.0	1
6323437	449447.MAE_16220	13.0	1
6322674	449447.MAE_08590	7.54	1
6321871	449447.MAE_00560	1.1	3
6324329	449447.MAE_25140	14.3	1
6322521	449447.MAE_07060	24.6	1
6326398	449447.MAE_45830	23.6	2
6325701	449447.MAE_38860	56.3	3
6325993	449447.MAE_41780	80.8	5
6327225	449447.MAE_54100	94.2	6
6325593	449447.MAE_37780	74.4	2
6322118	449447.MAE_03030	18.1	1
6326193	449447.MAE_43780	98.2	2
6324527	449447.MAE_27120	109	2
6327997	449447.MAE_61820	529	79
6325634	449447.MAE_38190	53.2	1
6324776	449447.MAE_29610	0.296	1
6328088	449447.MAE_62730	12.7	1
6325661	449447.MAE_38460	0.312	1
6322078	449447.MAE_02630	0.972	1
6322338	449447.MAE_05230	48.4	2
6327215	449447.MAE_54000	36452	23
6323124	449447.MAE_13090	513	56
6322559	449447.MAE_07440	0.972	1
6327376	449447.MAE_55610	2.09	4
6324103	449447.MAE_22880	26.3	1
6327289	449447.MAE_54740	125	3
6324504	449447.MAE_26890	6.76	1
6326602	449447.MAE_47870	2860	93
6324682	449447.MAE_28670	354	58
6327273	449447.MAE_54580	46.1	1
6326820	449447.MAE_50050	5176	191
6325683	449447.MAE_38680	130	11
6321999	449447.MAE_01840	14.2	1
6325467	449447.MAE_36520	0.306	1
6326093	449447.MAE_42780	450	16
6326884	449447.MAE_50690	104	10
6321818	449447.MAE_00030	24.2	1
6325619	449447.MAE_38040	6.88	1
6327098	449447.MAE_52830	12.7	1
6324208	449447.MAE_23930	616	13
6322415	449447.MAE_06000	25.3	3
6324143	449447.MAE_23280	11.0	1
6322995	449447.MAE_11800	27.9	2
6327741	449447.MAE_59260	1.1	3
6323534	449447.MAE_17190	62.1	3
6325808	449447.MAE_39930	130	7
6324424	449447.MAE_26090	83.5	5
6326712	449447.MAE_48970	49.1	1
6324044	449447.MAE_22290	0.905	2
6326345	449447.MAE_45300	25.6	1
6323895	449447.MAE_20800	3.21	1
6324188	449447.MAE_23730	72.4	1
6327284	449447.MAE_54690	14.3	1
6327333	449447.MAE_55180	18.5	1
6321959	449447.MAE_01440	22.3	1
6323905	449447.MAE_20900	75.9	1
6325137	449447.MAE_33220	5.64	1
6328090	449447.MAE_62750	19.1	1
6327755	449447.MAE_59400	34.7	1
6327084	449447.MAE_52690	20.4	2
6322468	449447.MAE_06530	11.3	1
6326718	449447.MAE_49030	101	2
6325383	449447.MAE_35680	21.2	2
6323145	449447.MAE_13300	0.493	1
6324429	449447.MAE_26140	17.4	1
6326316	449447.MAE_45010	39.2	1
6327721	449447.MAE_59060	31.7	3
6325730	449447.MAE_39150	32.2	2
6326604	449447.MAE_47890	2226	162
6321977	449447.MAE_01620	8.92	1
6328026	449447.MAE_62110	51.0	6
6323176	449447.MAE_13610	40.9	2
6325917	449447.MAE_41020	4.5	1
6325128	449447.MAE_33130	4.8	1
6328077	449447.MAE_62620	34.8	1
6324134	449447.MAE_23190	233	16
6327514	449447.MAE_56990	19.0	3
6326940	449447.MAE_51250	9.94	1
6322904	449447.MAE_10890	4.47	1
6325423	449447.MAE_36080	10.6	1
6323614	449447.MAE_17990	125	2
6322856	449447.MAE_10410	117	20
6323966	449447.MAE_21510	15.6	1
6323326	449447.MAE_15110	14.9	1
6325930	449447.MAE_41150	1795	134
6326245	449447.MAE_44300	9.4	1
6326280	449447.MAE_44650	637	20
6323761	449447.MAE_19460	33.9	2
6322267	449447.MAE_04520	16.5	1
6323660	449447.MAE_18450	13.7	1
6327859	449447.MAE_60440	0.905	2
6328039	449447.MAE_62240	65.5	5
6328108	449447.MAE_62930	7.82	1
6326264	449447.MAE_44490	5.24	1
6327038	449447.MAE_52230	0.557	1
6323374	449447.MAE_15590	37.8	2
6324285	449447.MAE_24700	0.649	1
6322617	449447.MAE_08020	192	2
6322387	449447.MAE_05720	0.944	2
6323390	449447.MAE_15750	11.4	1
6323335	449447.MAE_15200	9.81	1
6325644	449447.MAE_38290	55.2	2
6326216	449447.MAE_44010	45.6	3
6322845	449447.MAE_10300	6.39	1
6327821	449447.MAE_60060	27.2	2
6325626	449447.MAE_38110	353	16
6323975	449447.MAE_21600	179	7
6323372	449447.MAE_15570	234	19
6326542	449447.MAE_47270	34.5	1
6322583	449447.MAE_07680	35.0	1
6325239	449447.MAE_34240	22.1	1
6327528	449447.MAE_57130	46.8	1
6324392	449447.MAE_25770	22.6	2
6327127	449447.MAE_53120	149	3
6326749	449447.MAE_49340	29.9	5
6327483	449447.MAE_56680	288	24
6326771	449447.MAE_49560	4.91	1
6327735	449447.MAE_59200	44.6	1
6323943	449447.MAE_21280	55.8	3
6323007	449447.MAE_11920	0.905	2
6321832	449447.MAE_00170	33.2	2
6322929	449447.MAE_11140	7.65	1
6326791	449447.MAE_49760	64.0	1
6327881	449447.MAE_60660	20.4	1
6322353	449447.MAE_05380	12.3	2
6322936	449447.MAE_11210	0.998	1
6322163	449447.MAE_03480	98.6	1
6326440	449447.MAE_46250	151	11
6322656	449447.MAE_08410	15.4	2
6323961	449447.MAE_21460	18.4	1
6324929	449447.MAE_31140	133	1
6326545	449447.MAE_47300	117	3
6327855	449447.MAE_60400	14.8	1
6323879	449447.MAE_20640	55.3	1
6322878	449447.MAE_10630	0.424	1
6323941	449447.MAE_21260	32.6	2
6324993	449447.MAE_31780	10.5	1
6326580	449447.MAE_47650	0.536	1
6327468	449447.MAE_56530	25.9	2
6323839	449447.MAE_20240	35.9	1
6324748	449447.MAE_29330	0.328	1
6324492	449447.MAE_26770	54.2	1
6322644	449447.MAE_08290	0.545	1
6323496	449447.MAE_16810	224	1
6325832	449447.MAE_40170	0.552	1
6322947	449447.MAE_11320	29.0	5
6326593	449447.MAE_47780	1.38	2
6322542	449447.MAE_07270	21.4	2
6326108	449447.MAE_42930	17.9	1
6324621	449447.MAE_28060	42.9	4
6326458	449447.MAE_46430	33.2	3
6322960	449447.MAE_11450	137	1
6327846	449447.MAE_60310	844	79
6324001	449447.MAE_21860	18.3	1
6324354	449447.MAE_25390	29.2	1
6322088	449447.MAE_02730	18.5	1
6327823	449447.MAE_60080	29.7	4
6327546	449447.MAE_57310	773	37
6321874	449447.MAE_00590	262	10
6322130	449447.MAE_03150	12.3	1
6325011	449447.MAE_31960	7.28	2
6324575	449447.MAE_27600	1.13	3
6324510	449447.MAE_26950	0.314	1
6326696	449447.MAE_48810	92.5	1
6325700	449447.MAE_38850	8.47	1
6324528	449447.MAE_27130	2.04	4
6326099	449447.MAE_42840	171	11
6322043	449447.MAE_02280	5.64	1
6324775	449447.MAE_29600	57.1	1
6326194	449447.MAE_43790	16.5	2
6325345	449447.MAE_35300	4.37	1
6323422	449447.MAE_16070	94.0	6
6321897	449447.MAE_00820	23.9	2
6326980	449447.MAE_51650	392	27
6325647	449447.MAE_38320	7.64	1
6325660	449447.MAE_38450	1212	102
6322562	449447.MAE_07470	102	1
6322075	449447.MAE_02600	843	66
6322485	449447.MAE_06700	101	8
6322731	449447.MAE_09160	176	2
6327352	449447.MAE_55370	20.9	2
6326337	449447.MAE_45220	43.4	1
6322527	449447.MAE_07120	13.8	1
6324104	449447.MAE_22890	35.7	3
6324087	449447.MAE_22720	174	4
6322751	449447.MAE_09360	97.5	6
6326601	449447.MAE_47860	20.3	1
6324178	449447.MAE_23630	49.9	1
6322564	449447.MAE_07490	3.06	1
6327274	449447.MAE_54590	33.0	1
6326819	449447.MAE_50040	56.8	3
6324679	449447.MAE_28640	6.9	1
6326126	449447.MAE_43110	0.88	2
6325678	449447.MAE_38630	12.4	6
6328034	449447.MAE_62190	37.9	10
6322498	449447.MAE_06830	534	7
6325718	449447.MAE_39030	12.0	1
6322846	449447.MAE_10310	7.86	2
6322791	449447.MAE_09760	83.5	2
6322416	449447.MAE_06010	316	41
6321969	449447.MAE_01540	194	2
6323110	449447.MAE_12950	25.0	5
6327682	449447.MAE_58670	30.8	2
6326711	449447.MAE_48960	30.7	1
6327700	449447.MAE_58850	52.7	9
6327252	449447.MAE_54370	3356	58
6322114	449447.MAE_02990	30.0	1
6323992	449447.MAE_21770	84.6	3
6326379	449447.MAE_45640	25.5	1
6324185	449447.MAE_23700	98.8	3
6326346	449447.MAE_45310	87.0	4
6322313	449447.MAE_04980	1.07	3
6323355	449447.MAE_15400	20.6	3
6323520	449447.MAE_17050	52.5	2
6326751	449447.MAE_49360	23.1	1
6325480	449447.MAE_36650	1.38	2
6323015	449447.MAE_12000	36.4	1
6323070	449447.MAE_12550	59.3	3
6325029	449447.MAE_32140	11.7	2
6325302	449447.MAE_34870	42.1	10
6326394	449447.MAE_45790	118	4
6325629	449447.MAE_38140	49.9	11
6325891	449447.MAE_40760	30.4	1
6323097	449447.MAE_12820	245	1
6325138	449447.MAE_33230	23.5	1
6328089	449447.MAE_62740	37.1	1
6321924	449447.MAE_01090	32.9	3
6327050	449447.MAE_52350	13.5	1
6323668	449447.MAE_18530	129	2
6327355	449447.MAE_55400	422	4
6322910	449447.MAE_10950	35.5	6
6327083	449447.MAE_52680	39.9	2
6322101	449447.MAE_02860	20.4	1
6326671	449447.MAE_48560	17.8	1
6325938	449447.MAE_41230	31.9	1
6322733	449447.MAE_09180	110	1
6324156	449447.MAE_23410	0.395	1
6326841	449447.MAE_50260	11.9	1
6323560	449447.MAE_17450	22.7	1
6327622	449447.MAE_58070	105	1
6326868	449447.MAE_50530	2.8	1
6328025	449447.MAE_62100	3028	37
6327925	449447.MAE_61100	0.502	1
6325158	449447.MAE_33430	15.1	1
6323233	449447.MAE_14180	83.7	6
6327068	449447.MAE_52530	402	11
6326794	449447.MAE_49790	24.6	3
6328047	449447.MAE_62320	32.8	5
6327420	449447.MAE_56050	37.1	1
6327415	449447.MAE_56000	106	1
6324395	449447.MAE_25800	19.2	1
6323731	449447.MAE_19160	361	14
6325058	449447.MAE_32430	215	7
6323135	449447.MAE_13200	7.71	1
6323212	449447.MAE_13970	0.547	1
6326937	449447.MAE_51220	76.9	13
6325945	449447.MAE_41300	99.2	2
6323538	449447.MAE_17230	56.1	1
6323613	449447.MAE_17980	872	81
6322624	449447.MAE_08090	6.94	1
6322855	449447.MAE_10400	44.2	2
6326281	449447.MAE_44660	6465	513
6326906	449447.MAE_50910	88.8	1
6327509	449447.MAE_56940	11.5	1
6324817	449447.MAE_30020	5278	211
6325931	449447.MAE_41160	872	81
6326261	449447.MAE_44460	0.552	1
6327804	449447.MAE_59890	16.7	2
6326632	449447.MAE_48170	9.13	1
6323659	449447.MAE_18440	41.6	2
6322661	449447.MAE_08460	39.4	1
6326763	449447.MAE_49480	49.7	1
6323214	449447.MAE_13990	0.276	1
6328040	449447.MAE_62250	10.8	1
6321985	449447.MAE_01700	0.552	1
6326692	449447.MAE_48770	96.9	1
6323373	449447.MAE_15580	29.0	2
6322618	449447.MAE_08030	10.1	1
6322388	449447.MAE_05730	0.921	1
6323389	449447.MAE_15740	49.9	1
6327984	449447.MAE_61690	1301	52
6325449	449447.MAE_36340	88.1	1
6327598	449447.MAE_57830	24.1	1
6326506	449447.MAE_46910	37.9	1
6322316	449447.MAE_05010	10.2	1
6324894	449447.MAE_30790	2.98	1
6327609	449447.MAE_57940	83.9	2
6327527	449447.MAE_57120	8.94	1
6323371	449447.MAE_15560	105	1
6328059	449447.MAE_62440	71.7	3
6322884	449447.MAE_10690	0.523	1
6328068	449447.MAE_62530	36.4	4
6324385	449447.MAE_25700	69.8	1
6327664	449447.MAE_58490	3.26	3
6327411	449447.MAE_55960	50.0	1
6323699	449447.MAE_18840	1685	181
6324275	449447.MAE_24600	6.42	1
6326569	449447.MAE_47540	1.07	3
6326683	449447.MAE_48680	12.1	1
6321849	449447.MAE_00340	95.0	1
6326523	449447.MAE_47080	12.3	1
6322941	449447.MAE_11260	43.3	2
6323880	449447.MAE_20650	120	2
6326145	449447.MAE_43300	5.0	1
6324992	449447.MAE_31770	10.1	1
6326546	449447.MAE_47310	14.2	1
6322601	449447.MAE_07860	681	63
6326266	449447.MAE_44510	192	19
6322877	449447.MAE_10620	1.98	4
6326299	449447.MAE_44840	21.8	1
6323940	449447.MAE_21250	30.9	1
6324316	449447.MAE_25010	15.9	1
6327469	449447.MAE_56540	17.7	1
6323495	449447.MAE_16800	23.0	1
6323311	449447.MAE_14960	179	22
6326650	449447.MAE_48350	48.7	3
6321844	449447.MAE_00290	31.8	1
6322398	449447.MAE_05830	31.2	1
6322221	449447.MAE_04060	13.4	2
6322983	449447.MAE_11680	4.64	1
6323840	449447.MAE_20250	220	1
6324430	449447.MAE_26150	19.1	1
6326634	449447.MAE_48190	24.0	5
6323953	449447.MAE_21380	16.6	5
6327648	449447.MAE_58330	26.8	1
6322783	449447.MAE_09680	13.0	1
6326107	449447.MAE_42920	17.4	1
6326029	449447.MAE_42140	30.9	1
6326156	449447.MAE_43410	15.3	1
6324966	449447.MAE_31510	30.3	1
6324872	449447.MAE_30570	154	4
6327545	449447.MAE_57300	355	12
6325199	449447.MAE_33840	9.53	1
6323996	449447.MAE_21810	39.9	2
6323411	449447.MAE_15960	23.0	1
6327824	449447.MAE_60090	990	16
6325014	449447.MAE_31990	4.9	1
6324625	449447.MAE_28100	42.9	1
6324327	449447.MAE_25120	100	1
6322127	449447.MAE_03120	231	10
6323439	449447.MAE_16240	45.7	2
6325392	449447.MAE_35770	31.9	2
6324128	449447.MAE_23130	56.4	3
6326100	449447.MAE_42850	18.0	2
6326047	449447.MAE_42320	22.7	1
6322554	449447.MAE_07390	90.9	1
6326831	449447.MAE_50160	1698	159
6323802	449447.MAE_19870	34.3	3
6324957	449447.MAE_31420	677	23
6324950	449447.MAE_31350	10.5	2
6327999	449447.MAE_61840	58.9	11
6327140	449447.MAE_53250	27.9	2
6325659	449447.MAE_38440	21.7	1
6323985	449447.MAE_21700	119	4
6324007	449447.MAE_21920	39.7	3
6324696	449447.MAE_28810	3.02	1
6324622	449447.MAE_28070	12.9	1
6324338	449447.MAE_25230	16.2	1
6324101	449447.MAE_22860	27.3	1
6327291	449447.MAE_54760	9.79	2
6322488	449447.MAE_06730	204	8
6325584	449447.MAE_37690	44.0	1
6322579	449447.MAE_07640	291	2
6325193	449447.MAE_33780	47.7	1
6326812	449447.MAE_49970	0.273	1
6327271	449447.MAE_54560	159	21
6323323	449447.MAE_15080	96.0	1
6324785	449447.MAE_29700	4.73	1
6322563	449447.MAE_07480	7.86	2
6326364	449447.MAE_45490	4.41	1
6323051	449447.MAE_12360	24.2	2
6326571	449447.MAE_47560	561	73
6325715	449447.MAE_39000	33.1	3
6327659	449447.MAE_58440	4.41	1
6322417	449447.MAE_06020	18.2	1
6327626	449447.MAE_58110	108	1
6325699	449447.MAE_38840	41.0	1
6322065	449447.MAE_02500	586	29
6322792	449447.MAE_09770	12.8	2
6322003	449447.MAE_01880	13.7	2
6326714	449447.MAE_48990	20.8	2
6327794	449447.MAE_59790	0.314	1
6323111	449447.MAE_12960	28.8	3
6322450	449447.MAE_06350	24.0	1
6327681	449447.MAE_58660	43.2	2
6322475	449447.MAE_06600	2323	31
6322588	449447.MAE_07730	5.45	1
6324409	449447.MAE_25940	53.9	1
6326382	449447.MAE_45670	23.5	1
6325366	449447.MAE_35510	29.5	6
6327779	449447.MAE_59640	896	71
6326752	449447.MAE_49370	2479	505
6326893	449447.MAE_50780	8.92	1
6323763	449447.MAE_19480	27.6	2
6325630	449447.MAE_38150	53.3	2
6323588	449447.MAE_17730	32.5	1
6321992	449447.MAE_01770	5.27	1
6328015	449447.MAE_62000	146	14
6323073	449447.MAE_12580	25.9	3
6324059	449447.MAE_22440	54.7	1
6327047	449447.MAE_52320	477	47
6325103	449447.MAE_32880	23.9	1
6322735	449447.MAE_09200	18.9	1
6323184	449447.MAE_13690	631	23
6324431	449447.MAE_26160	14.6	2
6325937	449447.MAE_41220	340	11
6327293	449447.MAE_54780	9.14	1
6326840	449447.MAE_50250	1659	168
6321954	449447.MAE_01390	161	2
6323025	449447.MAE_12100	18.5	1
6325792	449447.MAE_39770	107	10
6327621	449447.MAE_58060	8.4	1
6325810	449447.MAE_39950	6.61	1
6327959	449447.MAE_61440	23.8	2
6327926	449447.MAE_61110	0.493	1
6328046	449447.MAE_62310	98.2	3
6321932	449447.MAE_01170	6.73	1
6325159	449447.MAE_33440	14.1	1
6325057	449447.MAE_32420	36.5	1
6323676	449447.MAE_18610	18.3	1
6321952	449447.MAE_01370	38.3	1
6325550	449447.MAE_37350	41.4	4
6324398	449447.MAE_25830	53.5	1
6325574	449447.MAE_37590	84.6	6
6324019	449447.MAE_22040	1014	19
6323189	449447.MAE_13740	1.34	1
6323136	449447.MAE_13210	22.8	2
6323644	449447.MAE_18290	32.3	1
6323211	449447.MAE_13960	0.314	1
6321923	449447.MAE_01080	44.8	2
6327908	449447.MAE_60930	3245	128
6327757	449447.MAE_59420	277	4
6323292	449447.MAE_14770	18.6	1
6324816	449447.MAE_30010	21.9	2
6323314	449447.MAE_14990	16.3	1
6325215	449447.MAE_34000	44.3	3
6327437	449447.MAE_56220	111	1
6323243	449447.MAE_14280	62.8	4
6327040	449447.MAE_52250	51.8	1
6328041	449447.MAE_62260	4.41	1
6322340	449447.MAE_05250	28.1	2
6323267	449447.MAE_14520	81.9	1
6322615	449447.MAE_08000	35.8	2
6326505	449447.MAE_46900	0.552	1
6327595	449447.MAE_57800	19.1	1
6327983	449447.MAE_61680	238	11
6325477	449447.MAE_36620	1017	28
6325450	449447.MAE_36350	0.552	1
6327868	449447.MAE_60530	5.64	2
6323742	449447.MAE_19270	5654	699
6325835	449447.MAE_40200	119	4
6326540	449447.MAE_47250	147	2
6326203	449447.MAE_43880	66.9	1
6322820	449447.MAE_10050	91.0	6
6327530	449447.MAE_57150	43.7	1
6323981	449447.MAE_21660	10.2	1
6325890	449447.MAE_40750	39.7	2
6327894	449447.MAE_60790	206	14
6326556	449447.MAE_47410	49.7	1
6322649	449447.MAE_08340	14.0	1
6322262	449447.MAE_04470	35.9	3
6324276	449447.MAE_24610	26.4	1
6327410	449447.MAE_55950	30.2	1
6327808	449447.MAE_59930	6.21	1
6327879	449447.MAE_60640	3.87	1
6324443	449447.MAE_26280	425	33
6326684	449447.MAE_48690	10.9	1
6322833	449447.MAE_10180	0.324	1
6323732	449447.MAE_19170	65.9	1
6325852	449447.MAE_40370	36.0	2
6322927	449447.MAE_11120	94.2	4
6323462	449447.MAE_16470	0.905	2
6324931	449447.MAE_31160	45.9	1
6321848	449447.MAE_00330	85.5	2
6327890	449447.MAE_60750	5.83	1
6327857	449447.MAE_60420	10.1	1
6326438	449447.MAE_46230	5230	164
6323939	449447.MAE_21240	17.0	1
6323986	449447.MAE_21710	9.55	1
6326300	449447.MAE_44850	9.68	2
6324268	449447.MAE_24530	39.0	3
6322876	449447.MAE_10610	3.02	1
6327541	449447.MAE_57260	268	8
6325320	449447.MAE_35050	30.4	2
6323312	449447.MAE_14970	487	45
6324490	449447.MAE_26750	177	2
6326649	449447.MAE_48340	14179	773
6323002	449447.MAE_11870	86.4	4
6321817	449447.MAE_00020	25.8	1
6321890	449447.MAE_00750	21.5	2
6322322	449447.MAE_05070	0.905	2
6326633	449447.MAE_48180	10.9	1
6327612	449447.MAE_57970	90.0	5
6324721	449447.MAE_29060	44.3	2
6321908	449447.MAE_00930	2665	33
6326155	449447.MAE_43400	45.7	3
6324243	449447.MAE_24280	2209	24
6324965	449447.MAE_31500	12.7	1
6322982	449447.MAE_11670	1.01	1
6323410	449447.MAE_15950	41.1	3
6326007	449447.MAE_41920	18.1	3
6327552	449447.MAE_57370	99.7	4
6324984	449447.MAE_31690	25.8	2
6323295	449447.MAE_14800	3972	401
6326638	449447.MAE_48230	27.3	3
6323505	449447.MAE_16900	9.58	1
6324463	449447.MAE_26480	2.32	2
6324328	449447.MAE_25130	142	19
6322973	449447.MAE_11580	4.1	1
6326624	449447.MAE_48090	25.9	2
6324477	449447.MAE_26620	52.6	3
6322041	449447.MAE_02260	17.1	1
6326083	449447.MAE_42680	18.4	1
6322119	449447.MAE_03040	29.4	3
6324512	449447.MAE_26970	0.548	1
6322197	449447.MAE_03820	222	56
6322405	449447.MAE_05900	18.9	2
6326019	449447.MAE_42040	88.1	1
6324781	449447.MAE_29660	9.56	1
6324958	449447.MAE_31430	32.2	5
6325457	449447.MAE_36420	0.905	2
6324204	449447.MAE_23890	17.9	1
6327141	449447.MAE_53260	318	1
6326867	449447.MAE_50520	10.7	1
6323397	449447.MAE_15820	1004	44
6324586	449447.MAE_27710	65.6	1
6324774	449447.MAE_29590	18.4	1
6322225	449447.MAE_04100	44.4	2
6326106	449447.MAE_42910	35.0	2
6323282	449447.MAE_14670	14.2	1
6324615	449447.MAE_28000	71.0	1
6324202	449447.MAE_23870	26.1	2
6326339	449447.MAE_45240	15.8	1
6324572	449447.MAE_27570	70.5	1
6327272	449447.MAE_54570	233	10
6326821	449447.MAE_50060	167	11
6324786	449447.MAE_29710	11.5	1
6322206	449447.MAE_03910	58.2	2
6325336	449447.MAE_35210	3.06	1
6323427	449447.MAE_16120	44.8	1
6325466	449447.MAE_36510	6707	256
6322737	449447.MAE_09220	73.8	1
6325716	449447.MAE_39010	15.0	1
6325616	449447.MAE_38010	0.274	1
6327095	449447.MAE_52800	14.5	1
6322789	449447.MAE_09740	24.4	2
6322418	449447.MAE_06030	0.88	2
6327662	449447.MAE_58470	3.33	3
6326395	449447.MAE_45800	212	17
6324241	449447.MAE_24260	23.9	1
6325698	449447.MAE_38830	52.3	1
6327337	449447.MAE_55220	40.7	1
6322698	449447.MAE_08830	19.1	1
6324065	449447.MAE_22500	95.5	1
6321971	449447.MAE_01560	0.552	1
6324410	449447.MAE_25950	50.9	11
6322476	449447.MAE_06610	50.9	3
6325510	449447.MAE_36950	6.46	1
6327246	449447.MAE_54310	20.2	1
6326061	449447.MAE_42460	0.306	1
6325478	449447.MAE_36630	386	18
6327183	449447.MAE_53680	52.4	3
6325365	449447.MAE_35500	1.03	1
6323072	449447.MAE_12570	3157	250
6325745	449447.MAE_39300	59.3	2
6322782	449447.MAE_09670	49.0	1
6327693	449447.MAE_58780	12.7	1
6325592	449447.MAE_37770	133	5
6322487	449447.MAE_06720	37.7	1
6328004	449447.MAE_61890	12.6	1
6327642	449447.MAE_58270	14.6	1
6327159	449447.MAE_53440	120	1
6323619	449447.MAE_18040	11.9	2
6326795	449447.MAE_49800	9.58	1
6324105	449447.MAE_22900	42.5	1
6324060	449447.MAE_22450	23.0	1
6323083	449447.MAE_12680	42.4	2
6327600	449447.MAE_57850	6.91	1
6326508	449447.MAE_46930	88.8	1
6327310	449447.MAE_54950	79.1	1
6323157	449447.MAE_13420	32.8	3
6324161	449447.MAE_23460	11.8	2
6323288	449447.MAE_14730	1759	158
6327294	449447.MAE_54790	47.3	1
6325731	449447.MAE_39160	8.46	2
6323910	449447.MAE_20950	20.5	1
6327624	449447.MAE_58090	1.03	1
6328027	449447.MAE_62120	111	1
6325818	449447.MAE_40030	18.8	1
6325358	449447.MAE_35430	3.6	2
6326055	449447.MAE_42400	25.1	2
6327740	449447.MAE_59250	0.351	1
6325767	449447.MAE_39520	213	1
6326823	449447.MAE_50080	3128	111
6323558	449447.MAE_17430	462	8
6323421	449447.MAE_16060	1057	73
6324299	449447.MAE_24840	1.13	3
6328080	449447.MAE_62650	3.67	1
6327017	449447.MAE_52020	2.09	4
6326732	449447.MAE_49170	15.7	2
6327319	449447.MAE_55040	2.04	1
6325184	449447.MAE_33690	368	42
6325549	449447.MAE_37340	16.3	4
6325444	449447.MAE_36290	45.7	1
6324165	449447.MAE_23500	13.1	1
6325573	449447.MAE_37580	84.6	6
6323066	449447.MAE_12510	24.2	1
6323555	449447.MAE_17400	43.7	2
6323643	449447.MAE_18280	11.8	1
6323137	449447.MAE_13220	9.64	1
6328016	449447.MAE_62010	14.5	3
6327077	449447.MAE_52620	0.972	1
6327907	449447.MAE_60920	15.7	1
6322873	449447.MAE_10580	0.643	1
6327493	449447.MAE_56780	159	8
6324815	449447.MAE_30000	7.6	1
6327865	449447.MAE_60500	1.67	3
6325122	449447.MAE_33070	141	8
6326011	449447.MAE_41960	51.6	1
6323609	449447.MAE_17940	23.9	2
6328093	449447.MAE_62780	78.3	7
6322339	449447.MAE_05240	216	22
6325871	449447.MAE_40560	66.8	1
6324314	449447.MAE_24990	4.63	1
6325971	449447.MAE_41560	8.47	1
6327596	449447.MAE_57810	80.9	6
6326512	449447.MAE_46970	49.7	2
6327201	449447.MAE_53860	17.8	1
6326926	449447.MAE_51110	0.306	1
6323369	449447.MAE_15540	36.0	1
6326568	449447.MAE_47530	926	28
6327840	449447.MAE_60250	10.4	1
6323216	449447.MAE_14010	71.2	2
6322819	449447.MAE_10040	57.4	1
6322866	449447.MAE_10510	107	36
6327529	449447.MAE_57140	59.8	2
6324387	449447.MAE_25720	10.5	1
6327593	449447.MAE_57780	88.7	1
6324613	449447.MAE_27980	11.6	1
6327128	449447.MAE_53130	19.2	2
6323208	449447.MAE_13930	135	8
6323364	449447.MAE_15490	3.81	1
6325165	449447.MAE_33500	14.8	2
6324444	449447.MAE_26290	356	12
6326495	449447.MAE_46800	26.5	1
6323916	449447.MAE_21010	3.6	2
6325851	449447.MAE_40360	0.306	1
6326903	449447.MAE_50880	19.2	2
6326147	449447.MAE_43320	7.6	1
6321847	449447.MAE_00320	158	6
6327858	449447.MAE_60430	5.11	1
6326213	449447.MAE_43980	69.5	11
6327571	449447.MAE_57560	13.3	1
6322148	449447.MAE_03330	18.8	2
6327417	449447.MAE_56020	5.03	1
6326577	449447.MAE_47620	10.0	1
6322226	449447.MAE_04110	5.58	1
6327119	449447.MAE_53040	32.9	2
6322595	449447.MAE_07800	23.7	3
6324318	449447.MAE_25030	1713	174
6324494	449447.MAE_26790	96.2	3
6323501	449447.MAE_16860	42.1	3
6323353	449447.MAE_15380	44.0	6
6321889	449447.MAE_00740	0.314	1
6322274	449447.MAE_04590	33.0	4
6324990	449447.MAE_31750	5.36	1
6322219	449447.MAE_04040	25.4	1
6324473	449447.MAE_26580	34.2	1
6323475	449447.MAE_16600	5.18	1
6326133	449447.MAE_43180	533	5
6321907	449447.MAE_00920	8447	1088
6324086	449447.MAE_22710	72.4	1
6324244	449447.MAE_24290	20.3	2
6324753	449447.MAE_29380	450	1
6323474	449447.MAE_16590	254	38
6323949	449447.MAE_21340	41.7	1
6324260	449447.MAE_24450	130660	6223
6322184	449447.MAE_03690	1.03	1
6326855	449447.MAE_50400	118	3
6327054	449447.MAE_52390	28.6	1
6322277	449447.MAE_04620	10.7	1
6324478	449447.MAE_26630	40.3	1
6323944	449447.MAE_21290	5.09	1
6326639	449447.MAE_48240	48.3	1
6321878	449447.MAE_00630	0.523	1
6322797	449447.MAE_09820	316	2
6322939	449447.MAE_11240	49.3	1
6322042	449447.MAE_02270	23.5	1
6324531	449447.MAE_27160	446	47
6326084	449447.MAE_42690	1.67	3
6325605	449447.MAE_37900	0.304	1
6326452	449447.MAE_46370	1.24	1
6323419	449447.MAE_16040	0.998	1
6326340	449447.MAE_45250	21.3	1
6321896	449447.MAE_00810	36.3	2
6322297	449447.MAE_04820	0.905	2
6326983	449447.MAE_51680	9123	446
6324233	449447.MAE_24180	7.55	1
6326472	449447.MAE_46570	112	2
6324955	449447.MAE_31400	51.6	1
6323398	449447.MAE_15830	66.7	3
6324680	449447.MAE_28650	9.15	1
6324203	449447.MAE_23880	18.7	3
6327536	449447.MAE_57210	10.5	1
6324698	449447.MAE_28830	1.62	2
6322082	449447.MAE_02670	0.552	1
6324005	449447.MAE_21900	204	27
6325371	449447.MAE_35560	8.64	1
6324591	449447.MAE_27760	7.92	1
6324336	449447.MAE_25210	68.7	5
6322526	449447.MAE_07110	14.8	1
6325710	449447.MAE_38950	4.41	1
6326342	449447.MAE_45270	0.314	1
6324099	449447.MAE_22840	0.324	1
6322750	449447.MAE_09350	12.2	1
6324201	449447.MAE_23860	46.2	5
6324678	449447.MAE_28630	2.32	2
6326050	449447.MAE_42350	16.6	2
6322097	449447.MAE_02820	39.4	2
6322205	449447.MAE_03900	115	3
6326807	449447.MAE_49920	6.86	1
6325772	449447.MAE_39570	65.2	2
6326990	449447.MAE_51750	30.0	4
6322129	449447.MAE_03140	11.2	1
6325615	449447.MAE_38000	15.8	1
6325670	449447.MAE_38550	24.6	7
6324242	449447.MAE_24270	47.4	3
6322122	449447.MAE_03070	51.9	2
6322517	449447.MAE_07020	17.3	2
6326402	449447.MAE_45870	100	1
6325697	449447.MAE_38820	3.14	1
6327646	449447.MAE_58310	26.2	1
6327701	449447.MAE_58860	1039	43
6322695	449447.MAE_08800	10.5	1
6326329	449447.MAE_45140	0.972	1
6324075	449447.MAE_22600	141	1
6322452	449447.MAE_06370	163	12
6327718	449447.MAE_59030	28.3	1
6326958	449447.MAE_51430	83.3	1
6322590	449447.MAE_07750	12.6	1
6322024	449447.MAE_02090	48.5	7
6323165	449447.MAE_13500	19.4	1
6327184	449447.MAE_53690	531	16
6322012	449447.MAE_01970	179	7
6328021	449447.MAE_62060	215	59
6322708	449447.MAE_08930	104	1
6323089	449447.MAE_12740	21.6	1
6322512	449447.MAE_06970	93.8	1
6326494	449447.MAE_46790	49.1	2
6327080	449447.MAE_52650	18.6	2
6327045	449447.MAE_52300	20.6	4
6323586	449447.MAE_17710	0.31	1
6327358	449447.MAE_55430	408	11
6322014	449447.MAE_01990	14.5	1
6327783	449447.MAE_59680	20.8	2
6325034	449447.MAE_32190	14.9	5
6322104	449447.MAE_02890	65.2	3
6323770	449447.MAE_19550	28.8	1
6325434	449447.MAE_36190	35.8	2
6324840	449447.MAE_30250	147	1
6326947	449447.MAE_51320	69.9	4
6326668	449447.MAE_48530	46.1	2
6327258	449447.MAE_54430	6.61	1
6325833	449447.MAE_40180	22.6	2
6323158	449447.MAE_13430	63.5	1
6323554	449447.MAE_17390	98.2	8
6324425	449447.MAE_26100	318	1
6325355	449447.MAE_35400	75.7	1
6325308	449447.MAE_34930	8.97	1
6325735	449447.MAE_39200	0.552	1
6327623	449447.MAE_58080	0.972	1
6325812	449447.MAE_39970	86.4	3
6327737	449447.MAE_59220	37.2	6
6325992	449447.MAE_41770	44.2	1
6328081	449447.MAE_62660	18.2	1
6325995	449447.MAE_41800	31.0	2
6327750	449447.MAE_59350	0.972	1
6325114	449447.MAE_32990	1611	75
6323552	449447.MAE_17370	17.2	2
6324300	449447.MAE_24850	9.96	1
6328061	449447.MAE_62460	74.4	1
6327016	449447.MAE_52010	47.0	1
6325814	449447.MAE_39990	8.77	1
6324017	449447.MAE_22020	17.9	1
6324418	449447.MAE_26030	35.9	3
6326327	449447.MAE_45120	66.9	1
6326849	449447.MAE_50340	48.1	3
6323187	449447.MAE_13720	35.5	1
6324226	449447.MAE_24110	130	1
6321990	449447.MAE_01750	15.7	2
6325141	449447.MAE_33260	96.4	1
6327906	449447.MAE_60910	8.7	1
6326456	449447.MAE_46410	0.552	1
6323664	449447.MAE_18490	13.9	1
6324234	449447.MAE_24190	12.9	1
6327494	449447.MAE_56790	28.1	1
6323780	449447.MAE_19650	29.0	1
6322844	449447.MAE_10290	6.32	1
6325221	449447.MAE_34060	1.38	2
6323753	449447.MAE_19380	15.9	1
6327115	449447.MAE_53000	38.9	2
6322342	449447.MAE_05270	30.5	1
6324048	449447.MAE_22330	131	7
6325099	449447.MAE_32840	2.04	1
6327739	449447.MAE_59240	0.992	1
6325452	449447.MAE_36370	0.444	1
6323252	449447.MAE_14370	0.647	1
6325563	449447.MAE_37480	9.82	1
6323180	449447.MAE_13650	117	7
6323653	449447.MAE_18380	1475	100
6327202	449447.MAE_53870	43.6	2
6322402	449447.MAE_05870	63.9	4
6327923	449447.MAE_61080	7.53	3
6327532	449447.MAE_57170	35.4	1
6323979	449447.MAE_21640	5762	335
6323317	449447.MAE_15020	15.1	3
6327463	449447.MAE_56480	6.7	1
6325259	449447.MAE_34440	87.1	1
6327592	449447.MAE_57770	11.1	3
6327452	449447.MAE_56370	10.8	1
6324461	449447.MAE_26460	9.15	1
6324801	449447.MAE_29860	35.8	2
6328066	449447.MAE_62510	14.6	1
6328099	449447.MAE_62840	1643	74
6327408	449447.MAE_55930	27.5	1
6322647	449447.MAE_08320	0.493	1
6324614	449447.MAE_27990	15979	2509
6325919	449447.MAE_41040	23.4	1
6324282	449447.MAE_24670	60.2	1
6328083	449447.MAE_62680	681	42
6325530	449447.MAE_37150	66.9	7
6322362	449447.MAE_05470	64.9	1
6323377	449447.MAE_15620	145	21
6325554	449447.MAE_37390	14.9	1
6326496	449447.MAE_46810	19.6	3
6322179	449447.MAE_03640	32.3	1
6326489	449447.MAE_46740	135	11
6323875	449447.MAE_20600	2.04	1
6323988	449447.MAE_21730	153	12
6323359	449447.MAE_15440	42.9	2
6327379	449447.MAE_55640	14.9	1
6326267	449447.MAE_44520	13.9	1
6324876	449447.MAE_30610	33.9	1
6324266	449447.MAE_24510	12.0	2
6322664	449447.MAE_08490	0.972	1
6323937	449447.MAE_21220	9.94	1
6326533	449447.MAE_47180	22.9	2
6327472	449447.MAE_56570	12.8	1
6322640	449447.MAE_08250	155	2
6327583	449447.MAE_57680	6.66	2
6322551	449447.MAE_07360	46.4	1
6322021	449447.MAE_02060	30.0	1
6322125	449447.MAE_03100	11.5	1
6322273	449447.MAE_04580	0.905	2
6323740	449447.MAE_19250	16.4	3
6324844	449447.MAE_30290	82.8	1
6325517	449447.MAE_37020	213	2
6327568	449447.MAE_57530	37.9	3
6324967	449447.MAE_31520	21.6	1
6324081	449447.MAE_22660	3.81	1
6327007	449447.MAE_51920	17.8	2
6323071	449447.MAE_12560	16153	177
6327850	449447.MAE_60350	0.506	1
6325323	449447.MAE_35080	429	24
6325202	449447.MAE_33870	11.6	1
6327557	449447.MAE_57420	32.5	2
6326858	449447.MAE_50430	28.2	3
6322605	449447.MAE_07900	0.905	2
6327534	449447.MAE_57190	1186	65
6326544	449447.MAE_47290	11883	369
6324860	449447.MAE_30450	26.6	2
6323055	449447.MAE_12400	10.4	1
6324761	449447.MAE_29460	4.5	1
6324479	449447.MAE_26640	21.0	3
6326640	449447.MAE_48250	49.4	1
6323507	449447.MAE_16920	506	25
6322940	449447.MAE_11250	38.7	3
6321879	449447.MAE_00640	5601	348
6324532	449447.MAE_27170	69.5	2
6322094	449447.MAE_02790	1980	64
6324688	449447.MAE_28730	151	13
6326984	449447.MAE_51690	149	21
6325398	449447.MAE_35830	6521	249
6324956	449447.MAE_31410	1.48	1
6321901	449447.MAE_00860	5.64	1
6322298	449447.MAE_04830	17.2	3
6326119	449447.MAE_43040	42.5	1
6327135	449447.MAE_53200	105	1
6324006	449447.MAE_21910	79.1	2
6327152	449447.MAE_53370	41.7	1
6324858	449447.MAE_30430	12.1	1
6327537	449447.MAE_57220	36.6	1
6322135	449447.MAE_03200	32.9	1
6323478	449447.MAE_16630	154	1
6326406	449447.MAE_45910	16.1	2
6324182	449447.MAE_23670	20.3	3
6322531	449447.MAE_07160	60.1	1
6322584	449447.MAE_07690	317	1
6327270	449447.MAE_54550	4.04	1
6322443	449447.MAE_06280	498	17
6322433	449447.MAE_06180	27.8	2
6322747	449447.MAE_09320	12.7	1
6324200	449447.MAE_23850	36.5	2
6324788	449447.MAE_29730	202	1
6325595	449447.MAE_37800	16.5	1
6326361	449447.MAE_45460	1.1	3
6323050	449447.MAE_12350	32.4	5
6324566	449447.MAE_27510	1517	101
6325771	449447.MAE_39560	98.6	2
6327162	449447.MAE_53470	45.6	2
6326175	449447.MAE_43600	523	39
6325671	449447.MAE_38560	2.45	1
6325322	449447.MAE_35070	27.3	2
6327656	449447.MAE_58410	9.52	1
6325016	449447.MAE_32010	2578	29
6327414	449447.MAE_55990	7.48	1
6327101	449447.MAE_52860	299	25
6324643	449447.MAE_28280	25.1	1
6322414	449447.MAE_05990	45.7	4
6324506	449447.MAE_26910	5.0	1
6322451	449447.MAE_06360	322	18
6325065	449447.MAE_32500	0.295	1
6326277	449447.MAE_44620	44.9	3
6327248	449447.MAE_54330	30.2	1
6324076	449447.MAE_22610	33.6	4
6322718	449447.MAE_09030	17.8	1
6326375	449447.MAE_45600	353	7
6325186	449447.MAE_33710	70.8	9
6324357	449447.MAE_25420	59.6	4
6322571	449447.MAE_07560	26.6	9
6324535	449447.MAE_27200	151	1
6322793	449447.MAE_09780	20.5	2
6325586	449447.MAE_37710	10.8	2
6323090	449447.MAE_12750	57.6	4
6325751	449447.MAE_39360	0.837	1
6322333	449447.MAE_05180	1.72	3
6322707	449447.MAE_08920	40.5	1
6327157	449447.MAE_53420	4.45	2
6324100	449447.MAE_22850	72.9	6
6322511	449447.MAE_06960	20.1	1
6327079	449447.MAE_52640	11.0	1
6327046	449447.MAE_52310	59.5	1
6327689	449447.MAE_58740	24.2	1
6327359	449447.MAE_55440	23.6	2
6328058	449447.MAE_62430	14.8	1
6325076	449447.MAE_32610	10.7	2
6324147	449447.MAE_23320	120	6
6326388	449447.MAE_45730	7.02	1
6324428	449447.MAE_26130	83.4	5
6326319	449447.MAE_45040	2065	108
6325491	449447.MAE_36760	132	15
6328125	449447.MAE_63100	270	38
6326974	449447.MAE_51590	77.3	1
6325356	449447.MAE_35410	3.6	2
6323529	449447.MAE_17140	3.35	2
6325811	449447.MAE_39960	18.1	1
6325163	449447.MAE_33480	73.8	1
6322696	449447.MAE_08810	44.6	1
6325676	449447.MAE_38610	23.2	18
6327738	449447.MAE_59230	8203	170
6327416	449447.MAE_56010	12.8	3
6328082	449447.MAE_62670	90.5	8
6325989	449447.MAE_41740	87.9	2
6327015	449447.MAE_52000	9.7	3
6325062	449447.MAE_32470	5290	389
6322456	449447.MAE_06410	1.03	1
6326656	449447.MAE_48410	0.972	1
6323269	449447.MAE_14540	61.8	1
6324018	449447.MAE_22030	132	5
6322108	449447.MAE_02930	29.6	1
6323186	449447.MAE_13710	49.6	2
6327374	449447.MAE_55590	75.2	4
6327905	449447.MAE_60900	109	2
6328022	449447.MAE_62070	32.5	2
6327940	449447.MAE_61250	140	3
6327505	449447.MAE_56900	15.4	1
6323322	449447.MAE_15070	13.8	1
6327041	449447.MAE_52260	22.6	4
6326005	449447.MAE_41900	18.4	1
6323639	449447.MAE_18240	22.9	1
6324126	449447.MAE_23110	0.306	1
6325116	449447.MAE_33010	107	1
6324449	449447.MAE_26340	19.4	1
6321918	449447.MAE_01030	3.26	3
6327061	449447.MAE_52460	40.2	1
6322083	449447.MAE_02680	24.7	1
6326688	449447.MAE_48730	8.14	1
6326775	449447.MAE_49600	1.67	3
6322622	449447.MAE_08070	28.3	2
6322196	449447.MAE_03810	19.2	1
6324359	449447.MAE_25440	272	1
6323385	449447.MAE_15700	21.5	2
6326932	449447.MAE_51170	6.34	1
6323571	449447.MAE_17560	53.8	2
6327956	449447.MAE_61410	29.7	3
6323654	449447.MAE_18390	316	19
6323181	449447.MAE_13660	44.8	2
6322821	449447.MAE_10060	23.3	1
6325827	449447.MAE_40120	19.9	1
6322401	449447.MAE_05860	113	3
6327531	449447.MAE_57160	31.7	1
6325887	449447.MAE_40720	21.8	1
6327449	449447.MAE_56340	1.24	1
6327134	449447.MAE_53190	11.6	2
6327838	449447.MAE_60230	86.7	3
6325978	449447.MAE_41630	451	10
6323768	449447.MAE_19530	86.0	8
6326623	449447.MAE_48080	21.8	1
6325227	449447.MAE_34120	1.38	2
6325185	449447.MAE_33700	141	1
6324796	449447.MAE_29810	12.6	1
6327407	449447.MAE_55920	22.9	1
6326223	449447.MAE_44080	12.9	1
6327805	449447.MAE_59900	73.2	2
6326679	449447.MAE_48640	216	2
6328084	449447.MAE_62690	98.1	5
6325529	449447.MAE_37140	36.2	2
6322361	449447.MAE_05460	6.13	1
6323918	449447.MAE_21030	0.905	2
6326557	449447.MAE_47420	22.7	1
6326492	449447.MAE_46770	22.8	1
6325880	449447.MAE_40650	6.36	1
6325003	449447.MAE_31880	31.8	1
6327884	449447.MAE_60690	333	4
6327473	449447.MAE_56580	2.99	1
6327827	449447.MAE_60120	38.0	1
6324265	449447.MAE_24500	3.41	1
6326270	449447.MAE_44550	6.6	1
6322881	449447.MAE_10660	27.8	1
6326534	449447.MAE_47190	59.7	1
6324807	449447.MAE_29920	238	6
6323307	449447.MAE_14920	46.8	1
6327584	449447.MAE_57690	7.27	2
6327828	449447.MAE_60130	0.263	1
6323708	449447.MAE_18930	28.8	1
6322954	449447.MAE_11390	267	6
6323557	449447.MAE_17420	67.5	2
6326200	449447.MAE_43850	38.1	2
6327613	449447.MAE_57980	187	23
6325205	449447.MAE_33900	37.3	2
6322308	449447.MAE_04930	32.9	2
6325324	449447.MAE_35090	1477	77
6323913	449447.MAE_20980	42.3	2
6323738	449447.MAE_19230	5530	354
6322606	449447.MAE_07910	29.6	1
6327558	449447.MAE_57430	662	19
6326857	449447.MAE_50420	110	24
6323951	449447.MAE_21360	18.0	1
6326310	449447.MAE_44950	7.61	1
6327533	449447.MAE_57180	159	10
6326232	449447.MAE_44170	69.3	2
6327218	449447.MAE_54030	7.87	1
6323833	449447.MAE_20180	380	92
6326621	449447.MAE_48060	0.972	1
6321845	449447.MAE_00300	29.2	1
6321880	449447.MAE_00650	127	1
6322263	449447.MAE_04480	19.6	1
6323486	449447.MAE_16710	13.1	1
6322550	449447.MAE_07350	535	19
6326096	449447.MAE_42810	85.7	2
6326022	449447.MAE_42070	12.1	2
6323234	449447.MAE_14190	29.2	2
6322295	449447.MAE_04800	1.03	1
6323798	449447.MAE_19830	16.3	1
6324584	449447.MAE_27690	22.9	1
6326866	449447.MAE_50510	22.0	1
6323400	449447.MAE_15850	210	13
6322193	449447.MAE_03780	1.9	1
6324589	449447.MAE_27740	27.4	1
6324618	449447.MAE_28030	80.0	2
6322230	449447.MAE_04150	47.3	1
6326463	449447.MAE_46480	27.6	2
6322432	449447.MAE_06170	61.6	3
6322532	449447.MAE_07170	10.1	1
6324649	449447.MAE_28340	149	4
6326040	449447.MAE_42250	30.4	2
6327267	449447.MAE_54520	32.5	9
6323430	449447.MAE_16150	77.9	1
6325496	449447.MAE_36810	22.5	1
6324941	449447.MAE_31260	23.5	2
6322503	449447.MAE_06880	28.0	2
6324224	449447.MAE_24090	57.8	5
6325672	449447.MAE_38570	2.69	2
6326182	449447.MAE_43670	6338	552
6322124	449447.MAE_03090	61.0	3
6326400	449447.MAE_45850	21.3	1
6325695	449447.MAE_38800	62.1	6
6324345	449447.MAE_25300	0.841	1
6325019	449447.MAE_32040	50.5	3
6324077	449447.MAE_22620	2.09	4
6322880	449447.MAE_10650	72.4	3
6327677	449447.MAE_58620	91.9	10
6327116	449447.MAE_53010	38.7	1
6322794	449447.MAE_09790	57.0	2
6326703	449447.MAE_48880	9.51	1
6326080	449447.MAE_42650	0.292	1
6328121	449447.MAE_63060	8.93	2
6325354	449447.MAE_35390	198	16
6327668	449447.MAE_58530	7.37	3
6322492	449447.MAE_06770	40.0	1
6327158	449447.MAE_53430	336	23
6325712	449447.MAE_38970	39.7	1
6322320	449447.MAE_05050	52.1	2
6322437	449447.MAE_06220	6575	690
6327690	449447.MAE_58750	13.8	1
6322470	449447.MAE_06550	23.5	2
6327360	449447.MAE_55450	28.0	1
6327260	449447.MAE_54450	19.0	1
6327313	449447.MAE_54980	19.8	1
6323156	449447.MAE_13410	22.7	2
6324427	449447.MAE_26120	18.7	2
6327898	449447.MAE_60830	17.6	2
6326844	449447.MAE_50290	52.7	2
6328126	449447.MAE_63110	91.5	3
6324582	449447.MAE_27670	3.61	1
6323225	449447.MAE_14100	72.0	1
6325737	449447.MAE_39220	14.6	1
6327336	449447.MAE_55210	183	3
6325675	449447.MAE_38600	15.6	13
6323153	449447.MAE_13380	226	1
6323627	449447.MAE_18120	137	1
6323680	449447.MAE_18650	37.1	2
6324302	449447.MAE_24870	15.2	2
6323263	449447.MAE_14480	8.61	1
6327772	449447.MAE_59570	17.4	1
6326056	449447.MAE_42410	0.306	1
6323626	449447.MAE_18110	6.8	2
6325154	449447.MAE_33390	6.77	1
6321948	449447.MAE_01330	223	7
6325179	449447.MAE_33640	25.4	1
6325041	449447.MAE_32260	5.62	1
6326077	449447.MAE_42620	5.62	1
6327373	449447.MAE_55580	23.9	4
6323270	449447.MAE_14550	171	11
6326661	449447.MAE_48460	26.6	1
6327300	449447.MAE_54850	199	20
6326851	449447.MAE_50360	50.7	6
6323543	449447.MAE_17280	36.0	2
6323140	449447.MAE_13250	23.2	2
6326240	449447.MAE_44250	3521	223
6327912	449447.MAE_60970	102	8
6325779	449447.MAE_39640	6.85	1
6327565	449447.MAE_57500	152	1
6323592	449447.MAE_17770	18.3	1
6326609	449447.MAE_47940	9841	331
6322842	449447.MAE_10270	46838	1854
6325288	449447.MAE_34730	4.64	1
6322497	449447.MAE_06820	359	6
6327939	449447.MAE_61240	30.4	8
6327506	449447.MAE_56910	49.5	3
6327432	449447.MAE_56170	313	3
6325117	449447.MAE_33020	1239	11
6326258	449447.MAE_44430	220	11
6325717	449447.MAE_39020	25.4	4
6327025	449447.MAE_52100	22.1	1
6323638	449447.MAE_18230	3.41	1
6327213	449447.MAE_53980	89.0	6
6326282	449447.MAE_44670	133	1
6324448	449447.MAE_26330	19.6	1
6326739	449447.MAE_49240	71.8	2
6327550	449447.MAE_57350	1133	22
6321825	449447.MAE_00100	3.83	1
6323182	449447.MAE_13670	15.4	1
6327935	449447.MAE_61200	30.0	1
6327200	449447.MAE_53850	63.9	3
6326931	449447.MAE_51160	1318	22
6325922	449447.MAE_41070	0.552	1
6323230	449447.MAE_14150	198	6
6327752	449447.MAE_59370	898	72
6327955	449447.MAE_61400	0.739	2
6325977	449447.MAE_41620	43.7	1
6325410	449447.MAE_35950	58.6	1
6322816	449447.MAE_10010	1417	604
6322400	449447.MAE_05850	3.31	1
6325228	449447.MAE_34130	13.3	2
6327450	449447.MAE_56350	481	22
6323772	449447.MAE_19570	0.395	1
6323744	449447.MAE_19290	60.5	2
6323767	449447.MAE_19520	119	2
6327406	449447.MAE_55910	22.3	1
6322645	449447.MAE_08300	73.7	1
6322853	449447.MAE_10380	107	36
6325257	449447.MAE_34420	153	1
6325188	449447.MAE_33730	33.2	2
6325963	449447.MAE_41480	27.4	1
6324304	449447.MAE_24890	60.2	2
6326785	449447.MAE_49700	140	1
6322862	449447.MAE_10470	146	1
6327117	449447.MAE_53020	12.6	2
6325928	449447.MAE_41130	884	12
6321861	449447.MAE_00460	69.7	1
6322827	449447.MAE_10120	8.08	1
6327478	449447.MAE_56630	22.7	5
6323935	449447.MAE_21200	16.0	1
6324987	449447.MAE_31720	7.55	1
6322171	449447.MAE_03560	21.4	2
6327474	449447.MAE_56590	6.7	1
6324878	449447.MAE_30630	13.6	1
6326653	449447.MAE_48380	682	48
6327990	449447.MAE_61750	17.5	1
6323334	449447.MAE_15190	11.9	1
6327490	449447.MAE_56750	9.8	1
6323308	449447.MAE_14930	14.2	1
6327367	449447.MAE_55520	0.905	2
6327795	449447.MAE_59800	39.1	1
6323559	449447.MAE_17440	21.7	3
6322218	449447.MAE_04030	146	3
6326199	449447.MAE_43840	13.5	1
6327874	449447.MAE_60590	0.489	1
6323926	449447.MAE_21110	31.4	1
6324597	449447.MAE_27820	4.29	1
6323366	449447.MAE_15510	5.64	1
6323319	449447.MAE_15040	84.7	1
6323469	449447.MAE_16540	0.306	1
6327005	449447.MAE_51900	40.8	1
6326641	449447.MAE_48260	47.3	4
6323952	449447.MAE_21370	9.03	1
6324980	449447.MAE_31650	26.7	1
6324714	449447.MAE_28990	12.9	1
6323414	449447.MAE_15990	7.65	1
6327872	449447.MAE_60570	3.6	2
6324885	449447.MAE_30700	8.16	2
6327555	449447.MAE_57400	157	5
6322161	449447.MAE_03460	0.62	1
6326309	449447.MAE_44940	3201	189
6324261	449447.MAE_24460	61838	2726
6326642	449447.MAE_48270	5.56	1
6323509	449447.MAE_16940	217	14
6322264	449447.MAE_04490	67.9	1
6321881	449447.MAE_00660	15.9	1
6326491	449447.MAE_46760	55.4	1
6322329	449447.MAE_05140	1.38	2
6324726	449447.MAE_29110	43.3	10
6322146	449447.MAE_03310	23.1	1
6325610	449447.MAE_37950	209	7
6323424	449447.MAE_16090	140	26
6324550	449447.MAE_27350	0.523	1
6321866	449447.MAE_00510	24.9	1
6327137	449447.MAE_53220	26.9	1
6324583	449447.MAE_27680	18.8	2
6322762	449447.MAE_09470	13.4	1
6326516	449447.MAE_47010	218	1
6326095	449447.MAE_42800	101	1
6324246	449447.MAE_24310	12.4	1
6322684	449447.MAE_08690	142	1
6327539	449447.MAE_57240	91.9	3
6324012	449447.MAE_21970	0.841	1
6325901	449447.MAE_40860	21.2	2
6322229	449447.MAE_04140	13.8	2
6323739	449447.MAE_19240	13.0	1
6324717	449447.MAE_29020	148	3
6323823	449447.MAE_20080	19.4	2
6326464	449447.MAE_46490	116	1
6322780	449447.MAE_09650	31.1	3
6322431	449447.MAE_06160	19.4	1
6322745	449447.MAE_09300	27.9	1
6324198	449447.MAE_23830	114	3
6324495	449447.MAE_26800	36.9	5
6326359	449447.MAE_45440	0.944	2
6324568	449447.MAE_27530	58.5	2
6324652	449447.MAE_28370	15.2	1
6328013	449447.MAE_61980	14.0	1
6324790	449447.MAE_29750	36.3	4
6325495	449447.MAE_36800	43.9	1
6324942	449447.MAE_31270	9.24	1
6326927	449447.MAE_51120	68.5	2
6322504	449447.MAE_06890	24.2	3
6326181	449447.MAE_43660	22.4	1
6327168	449447.MAE_53530	0.273	1
6323814	449447.MAE_19990	759	80
6326399	449447.MAE_45840	47.7	1
6323250	449447.MAE_14350	24.8	2
6325689	449447.MAE_38740	4.98	1
6324346	449447.MAE_25310	19.1	2
6326097	449447.MAE_42820	18.5	2
6324406	449447.MAE_25910	36.8	1
6322445	449447.MAE_06300	551	53
6325022	449447.MAE_32070	19.7	1
6327277	449447.MAE_54620	0.312	1
6324672	449447.MAE_28570	2.17	2
6322424	449447.MAE_06090	22234	2827
6326753	449447.MAE_49380	49.4	1
6326471	449447.MAE_46560	11.2	1
6326890	449447.MAE_50750	0.306	1
6325749	449447.MAE_39340	149	2
6325876	449447.MAE_40610	39.9	1
6325304	449447.MAE_34890	2619	210
6327108	449447.MAE_52930	28.9	2
6326408	449447.MAE_45930	34.8	2
6324109	449447.MAE_22940	21.0	1
6321938	449447.MAE_01230	51.4	6
6327314	449447.MAE_54990	0.972	1
6322438	449447.MAE_06230	64.8	1
6322469	449447.MAE_06540	25.1	1
6327381	449447.MAE_55660	45.9	3
6327259	449447.MAE_54440	7.39	1
6324655	449447.MAE_28400	8.33	1
6322493	449447.MAE_06780	9.66	1
6324145	449447.MAE_23300	6882	193
6323911	449447.MAE_20960	0.552	1
6323531	449447.MAE_17160	72.1	9
6326740	449447.MAE_49250	70.9	4
6325311	449447.MAE_34960	25.6	1
6325575	449447.MAE_37600	84.6	6
6327789	449447.MAE_59740	8.43	1
6323108	449447.MAE_12930	36.7	4
6328011	449447.MAE_61960	75.8	8
6327676	449447.MAE_58610	8.79	2
6327649	449447.MAE_58340	99.8	2
6323924	449447.MAE_21090	1.1	3
