#name: M.aeruginosa - Whole organism, UWOCCMRC, SC (Alexova,MCP,2011)
#score: 1.43
#weight: 100%
#description: abundance based on Spectral counting UWOCCMRC, UWOCCMRC, from<a href="http://www.ncbi.nlm.nih.gov/pubmed/21610102" target="_blank">Alexova, MCP,2011</a><br/><b>Interaction consistency score</b>: 1.43&nbsp<b>Coverage</b>: 35
#organ: WHOLE_ORGANISM
#integrated: false
#coverage: 35
#publication_year: 2011
#filename: MicrocystisAeruginosa_strainNIES-843_UWOCCMRC_PRIDE.txt
#
#internal_id	string_external_id	abundance	raw_spectral_count
6325064	449447.MAE_32490	7200	242
6323576	449447.MAE_17610	25.1	2
6323679	449447.MAE_18640	6.31	1
6328060	449447.MAE_62450	26.3	1
6321945	449447.MAE_01300	18.0	3
6323628	449447.MAE_18130	81.2	1
6325085	449447.MAE_32700	9.28	1
6328033	449447.MAE_62180	27.4	2
6324016	449447.MAE_22010	430	29
6325416	449447.MAE_36010	403	1
6326852	449447.MAE_50370	74.1	1
6323544	449447.MAE_17290	195	23
6326610	449447.MAE_47950	285	6
6325180	449447.MAE_33650	1.41	2
6327911	449447.MAE_60960	35.8	4
6321993	449447.MAE_01780	8.38	1
6324064	449447.MAE_22490	67.6	1
6326832	449447.MAE_50170	1478	61
6325053	449447.MAE_32380	394	16
6323238	449447.MAE_14230	31.2	2
6322841	449447.MAE_10260	34989	1105
6323775	449447.MAE_19600	768	19
6323143	449447.MAE_13280	5.71	1
6325118	449447.MAE_33030	3115	38
6324294	449447.MAE_24790	88.7	1
6327386	449447.MAE_55710	52.2	2
6321916	449447.MAE_01010	13.6	3
6323387	449447.MAE_15720	211	13
6327711	449447.MAE_58960	34.1	3
6323737	449447.MAE_19220	4222	124
6325427	449447.MAE_36120	43.2	2
6325987	449447.MAE_41720	4.56	2
6325980	449447.MAE_41650	96.6	1
6327589	449447.MAE_57740	72.5	1
6327976	449447.MAE_61610	10.1	1
6327949	449447.MAE_61340	46.0	1
6327405	449447.MAE_55900	18.3	1
6322854	449447.MAE_10390	25.8	1
6327811	449447.MAE_59960	80.5	2
6323126	449447.MAE_13110	12.1	1
6327507	449447.MAE_56920	58.8	2
6321862	449447.MAE_00470	336	2
6326807	449447.MAE_49920	10.7	1
6322988	449447.MAE_11730	29.9	2
6327825	449447.MAE_60100	11.9	1
6327567	449447.MAE_57520	188	3
6326697	449447.MAE_48820	13.1	1
6322294	449447.MAE_04790	0.205	1
6326252	449447.MAE_44370	581	9
6322863	449447.MAE_10480	30.9	1
6323305	449447.MAE_14900	424	41
6322635	449447.MAE_08200	102	2
6323706	449447.MAE_18910	10200	565
6324805	449447.MAE_29900	80.5	4
6321822	449447.MAE_00070	31.9	1
6326243	449447.MAE_44280	83.6	1
6326202	449447.MAE_43870	630	18
6323365	449447.MAE_15500	173	2
6326572	449447.MAE_47570	2719	140
6324596	449447.MAE_27810	3.4	1
6326477	449447.MAE_46620	19.5	2
6324566	449447.MAE_27510	461	25
6321836	449447.MAE_00210	612	32
6323413	449447.MAE_15980	63.7	7
6322950	449447.MAE_11350	80.7	6
6322975	449447.MAE_11600	6.29	1
6327851	449447.MAE_60360	34.7	1
6327012	449447.MAE_51970	93.3	1
6322888	449447.MAE_10730	6.25	4
6323945	449447.MAE_21300	30.8	1
6327871	449447.MAE_60560	15.9	3
6326672	449447.MAE_48570	35.8	1
6324886	449447.MAE_30710	37.8	2
6324256	449447.MAE_24410	200	9
6327130	449447.MAE_53150	22.3	2
6324482	449447.MAE_26670	25.0	1
6322156	449447.MAE_03410	3656	359
6327089	449447.MAE_52740	125	5
6324393	449447.MAE_25780	88.9	3
6322801	449447.MAE_09860	118	1
6322943	449447.MAE_11280	15.4	1
6323893	449447.MAE_20780	34.0	2
6322178	449447.MAE_03630	40.2	3
6324633	449447.MAE_28180	23.9	2
6325464	449447.MAE_36490	58.3	2
6323829	449447.MAE_20140	29.4	1
6327725	449447.MAE_59100	36.9	2
6325650	449447.MAE_38350	21.2	1
6326438	449447.MAE_46230	3155	77
6321884	449447.MAE_00690	91.4	2
6324009	449447.MAE_21940	11.3	1
6326554	449447.MAE_47390	128	2
6322535	449447.MAE_07200	0.207	1
6322657	449447.MAE_08420	132	5
6322806	449447.MAE_09910	1.28	2
6322310	449447.MAE_04950	0.207	1
6323824	449447.MAE_20090	6.48	1
6322779	449447.MAE_09640	699	9
6327265	449447.MAE_54500	166	23
6322430	449447.MAE_06150	2.81	1
6325598	449447.MAE_37830	29.6	1
6324518	449447.MAE_27030	74.3	1
6326085	449447.MAE_42700	1.29	2
6326876	449447.MAE_50610	54.0	1
6325885	449447.MAE_40700	10.8	1
6327167	449447.MAE_53520	14.4	1
6326459	449447.MAE_46440	166	8
6326180	449447.MAE_43650	140	11
6327094	449447.MAE_52790	126	1
6324593	449447.MAE_27780	94.1	1
6326986	449447.MAE_51710	151	5
6323423	449447.MAE_16080	110	1
6326098	449447.MAE_42830	29.1	2
6324689	449447.MAE_28740	47.4	2
6322594	449447.MAE_07790	30.8	1
6326353	449447.MAE_45380	412	1
6327144	449447.MAE_53290	236	1
6326754	449447.MAE_49390	145	3
6328038	449447.MAE_62230	78.7	1
6324210	449447.MAE_23950	10.8	1
6327634	449447.MAE_58190	19.9	1
6325372	449447.MAE_35570	21.1	1
6325587	449447.MAE_37720	125	24
6326404	449447.MAE_45890	136	2
6323040	449447.MAE_12250	15.1	1
6327666	449447.MAE_58510	0.81	1
6326977	449447.MAE_51620	6.67	1
6327156	449447.MAE_53410	44.1	3
6324095	449447.MAE_22800	3.35	1
6322775	449447.MAE_09600	17.4	1
6324496	449447.MAE_26810	43.4	1
6322530	449447.MAE_07150	6.23	1
6323764	449447.MAE_19490	24.2	2
6327692	449447.MAE_58770	10.1	1
6324030	449447.MAE_22150	10.1	1
6325081	449447.MAE_32660	225	15
6326951	449447.MAE_51360	35.1	2
6326391	449447.MAE_45760	14.5	1
6326324	449447.MAE_45090	14.5	1
6327242	449447.MAE_54270	5.26	3
6322761	449447.MAE_09460	27.4	1
6324094	449447.MAE_22790	500	39
6325486	449447.MAE_36710	18.1	1
6323910	449447.MAE_20950	48.3	1
6325739	449447.MAE_39240	4.48	1
6327185	449447.MAE_53700	18.8	1
6321997	449447.MAE_01820	970	46
6321968	449447.MAE_01530	0.205	1
6327792	449447.MAE_59770	87.5	2
6325723	449447.MAE_39080	38.3	1
6327675	449447.MAE_58600	31.0	2
6327087	449447.MAE_52720	15.4	1
6325063	449447.MAE_32480	44.8	4
6323625	449447.MAE_18100	162	1
6321946	449447.MAE_01310	41.7	7
6327770	449447.MAE_59550	252	50
6325039	449447.MAE_32240	54.1	1
6322459	449447.MAE_06440	61.2	1
6322896	449447.MAE_10810	35.5	1
6324072	449447.MAE_22570	12.3	1
6322105	449447.MAE_02900	663	16
6326853	449447.MAE_50380	12.9	1
6324422	449447.MAE_26070	4.69	3
6321994	449447.MAE_01790	8.46	1
6326351	449447.MAE_45360	70.1	1
6327302	449447.MAE_54870	19.9	1
6325803	449447.MAE_39880	35.8	1
6326607	449447.MAE_47920	1974	20
6321937	449447.MAE_01220	11.3	1
6323022	449447.MAE_12070	24.6	1
6324112	449447.MAE_22970	11.6	2
6327076	449447.MAE_52610	39.2	1
6325054	449447.MAE_32390	104	2
6326829	449447.MAE_50140	1134	37
6325954	449447.MAE_41390	18.7	1
6323237	449447.MAE_14220	207	2
6326256	449447.MAE_44410	45.6	1
6323131	449447.MAE_13160	33.8	1
6321915	449447.MAE_01000	5.87	1
6325168	449447.MAE_33530	79.9	2
6322338	449447.MAE_05230	107	4
6326780	449447.MAE_49650	107	2
6326929	449447.MAE_51140	396	11
6325948	449447.MAE_41330	7.0	1
6325428	449447.MAE_36130	5.97	1
6326953	449447.MAE_51380	183	34
6323228	449447.MAE_14130	13.5	1
6325979	449447.MAE_41640	44.5	2
6323297	449447.MAE_14820	10.6	1
6325230	449447.MAE_34150	4.25	1
6327204	449447.MAE_53890	23.1	1
6324797	449447.MAE_29820	225	104
6328103	449447.MAE_62880	23.4	1
6327069	449447.MAE_52540	652	38
6327934	449447.MAE_61190	200	2
6323651	449447.MAE_18360	99.6	2
6325534	449447.MAE_37190	92.6	7
6325108	449447.MAE_32930	69.6	2
6324243	449447.MAE_24280	700	6
6326253	449447.MAE_44380	66.8	1
6323125	449447.MAE_13100	39.0	2
6327508	449447.MAE_56930	72.6	1
6327443	449447.MAE_56280	3763	37
6327523	449447.MAE_57080	3191	151
6323355	449447.MAE_15400	113	14
6322825	449447.MAE_10100	12.7	1
6326529	449447.MAE_47140	10.0	1
6324806	449447.MAE_29910	9.55	1
6323731	449447.MAE_19160	212	5
6323248	449447.MAE_14330	41.5	6
6321819	449447.MAE_00040	12.0	1
6327797	449447.MAE_59820	16.7	2
6324595	449447.MAE_27800	6.78	1
6326569	449447.MAE_47540	0.205	1
6322918	449447.MAE_11030	15.4	1
6326762	449447.MAE_49470	24.1	2
6327848	449447.MAE_60330	10.9	1
6322398	449447.MAE_05830	97.9	2
6327854	449447.MAE_60390	6.84	1
6324750	449447.MAE_29350	2.36	2
6323471	449447.MAE_16560	10.2	1
6324982	449447.MAE_31670	41.2	1
6323346	449447.MAE_15310	23.1	1
6322949	449447.MAE_11340	58.4	2
6327815	449447.MAE_60000	18.7	3
6324257	449447.MAE_24420	16.2	1
6327561	449447.MAE_57460	2483	31
6327554	449447.MAE_57390	51.5	1
6327870	449447.MAE_60550	1.85	2
6326311	449447.MAE_44960	63.8	1
6322665	449447.MAE_08500	57.3	2
6323995	449447.MAE_21800	4.25	1
6322944	449447.MAE_11290	318	16
6322800	449447.MAE_09850	136	1
6322155	449447.MAE_03400	438	36
6326620	449447.MAE_48050	436	4
6326485	449447.MAE_46700	606	16
6322331	449447.MAE_05160	67.1	3
6326017	449447.MAE_42020	21.7	1
6326418	449447.MAE_46030	220	4
6324960	449447.MAE_31450	125	2
6324548	449447.MAE_27330	2.36	2
6326467	449447.MAE_46520	52.4	1
6326896	449447.MAE_50810	75.5	1
6326869	449447.MAE_50540	29.6	2
6326518	449447.MAE_47030	26.1	1
6324862	449447.MAE_30470	36.2	1
6325950	449447.MAE_41350	10.3	2
6322139	449447.MAE_03240	14.3	1
6322604	449447.MAE_07890	26.4	4
6322658	449447.MAE_08430	14.8	1
6324323	449447.MAE_25080	39.3	1
6321914	449447.MAE_00990	53.4	1
6322309	449447.MAE_04940	15.5	1
6323433	449447.MAE_16180	30.4	1
6327219	449447.MAE_54040	36.5	1
6324118	449447.MAE_23030	35.5	1
6325497	449447.MAE_36820	127	1
6324944	449447.MAE_31290	156	9
6324623	449447.MAE_28080	45.4	2
6326088	449447.MAE_42730	36.1	1
6326179	449447.MAE_43640	11.1	1
6322074	449447.MAE_02590	269	17
6324865	449447.MAE_30500	24.8	1
6327154	449447.MAE_53390	780	91
6322524	449447.MAE_07090	35.3	2
6324348	449447.MAE_25330	10.4	1
6322090	449447.MAE_02750	8.3	1
6326123	449447.MAE_43080	67.8	1
6323489	449447.MAE_16740	52.9	1
6324710	449447.MAE_28950	17.1	1
6327631	449447.MAE_58160	21.2	1
6324193	449447.MAE_23780	27.6	1
6327275	449447.MAE_54600	106	1
6324670	449447.MAE_28550	16.9	1
6324129	449447.MAE_23140	18.4	1
6323023	449447.MAE_12080	71.4	1
6326892	449447.MAE_50770	2.57	1
6326050	449447.MAE_42350	21.6	1
6326075	449447.MAE_42600	182	11
6325122	449447.MAE_33070	53.9	1
6325351	449447.MAE_35360	70.2	1
6325614	449447.MAE_37990	121	2
6325658	449447.MAE_38430	4.69	3
6326410	449447.MAE_45950	32.8	2
6325653	449447.MAE_38380	470	22
6322744	449447.MAE_09290	1.29	2
6327685	449447.MAE_58700	9.85	1
6327042	449447.MAE_52270	101	1
6327261	449447.MAE_54460	44.7	5
6325968	449447.MAE_41530	32.9	1
6327354	449447.MAE_55390	3359	74
6324164	449447.MAE_23490	105	2
6327241	449447.MAE_54260	5.48	3
6324657	449447.MAE_28420	1055	19
6327791	449447.MAE_59760	44.3	1
6325785	449447.MAE_39700	24.5	2
6325740	449447.MAE_39250	90.5	2
6327339	449447.MAE_55240	131	1
6325344	449447.MAE_35290	157	1
6328125	449447.MAE_63100	129	11
6322052	449447.MAE_02370	46.3	1
6325724	449447.MAE_39090	16.2	2
6325016	449447.MAE_32010	2773	24
6328009	449447.MAE_61940	533	28
6327088	449447.MAE_52730	34.5	1
6323028	449447.MAE_12130	36.1	1
6322460	449447.MAE_06450	30.4	1
6326705	449447.MAE_48900	44.4	7
6322443	449447.MAE_06280	399	8
6326660	449447.MAE_48450	1.29	2
6322895	449447.MAE_10800	308	74
6326854	449447.MAE_50390	697	9
6325418	449447.MAE_36030	9.84	1
6324191	449447.MAE_23760	27.6	1
6327909	449447.MAE_60940	15.0	1
6326830	449447.MAE_50150	3342	93
6324877	449447.MAE_30620	61.9	2
6325804	449447.MAE_39890	33.0	1
6326608	449447.MAE_47930	9668	197
6323119	449447.MAE_13040	62.7	1
6327175	449447.MAE_53600	40.5	1
6326461	449447.MAE_46460	432	33
6321940	449447.MAE_01250	86.2	2
6327731	449447.MAE_59160	9.87	1
6325956	449447.MAE_41410	54.8	4
6327028	449447.MAE_52130	15.2	1
6328087	449447.MAE_62720	416	16
6322337	449447.MAE_05220	122	5
6321922	449447.MAE_01070	7.65	1
6327057	449447.MAE_52420	57.7	2
6325049	449447.MAE_32340	27.3	1
6325802	449447.MAE_39870	22.0	1
6325560	449447.MAE_37450	74.7	1
6325924	449447.MAE_41090	230	2
6324355	449447.MAE_25400	11.0	1
6322095	449447.MAE_02800	10.3	1
6323177	449447.MAE_13620	5501	382
6327709	449447.MAE_58940	146	11
6325378	449447.MAE_35630	31.0	1
6327753	449447.MAE_59380	27.0	1
6325985	449447.MAE_41700	1.87	2
6325318	449447.MAE_35030	279	5
6323342	449447.MAE_15270	15.9	1
6324392	449447.MAE_25770	60.1	3
6327416	449447.MAE_56010	241	27
6328069	449447.MAE_62540	34.7	2
6324283	449447.MAE_24680	7.11	1
6325533	449447.MAE_37180	29.9	1
6328082	449447.MAE_62670	73.3	4
6327070	449447.MAE_52550	150	3
6322639	449447.MAE_08240	23.0	2
6327459	449447.MAE_56440	161	6
6324036	449447.MAE_22210	0.867	1
6324374	449447.MAE_25590	13.6	1
6322839	449447.MAE_10240	9909	76
6327971	449447.MAE_61560	160	3
6325814	449447.MAE_39990	78.7	8
6323128	449447.MAE_13130	21.8	1
6322826	449447.MAE_10110	26.6	2
6321833	449447.MAE_00180	75.6	2
6324901	449447.MAE_30860	77.7	3
6322934	449447.MAE_11190	21.1	1
6324879	449447.MAE_30640	7.01	1
6323924	449447.MAE_21090	0.204	1
6327440	449447.MAE_56250	51.5	4
6327396	449447.MAE_55810	11.2	1
6327798	449447.MAE_59830	30.9	1
6322315	449447.MAE_05000	85.3	2
6323322	449447.MAE_15070	43.6	1
6324602	449447.MAE_27870	45.0	10
6327891	449447.MAE_60760	39.8	2
6325542	449447.MAE_37270	22.4	2
6323723	449447.MAE_19080	26.9	1
6323869	449447.MAE_20540	25.3	1
6326475	449447.MAE_46600	26.4	2
6327553	449447.MAE_57380	218	3
6324975	449447.MAE_31600	47.9	2
6327869	449447.MAE_60540	16.0	3
6327816	449447.MAE_60010	8.54	7
6322610	449447.MAE_07950	45.9	2
6325236	449447.MAE_34210	36.9	1
6325844	449447.MAE_40290	86.8	1
6322283	449447.MAE_04680	21.5	2
6322668	449447.MAE_08530	48.9	1
6323455	449447.MAE_16400	104	2
6321860	449447.MAE_00450	287	2
6321867	449447.MAE_00520	5.78	1
6326466	449447.MAE_46510	49.4	2
6326517	449447.MAE_47020	1646	20
6325949	449447.MAE_41340	10.6	2
6326997	449447.MAE_51820	45.5	1
6326895	449447.MAE_50800	153	1
6326443	449447.MAE_46280	12.3	1
6327542	449447.MAE_57270	1711	48
6325325	449447.MAE_35100	86.9	2
6326297	449447.MAE_44820	4200	98
6327522	449447.MAE_57070	13.6	1
6325941	449447.MAE_41260	31.4	1
6323472	449447.MAE_16570	2.36	2
6321838	449447.MAE_00230	22.6	2
6326356	449447.MAE_45410	15.1	1
6324645	449447.MAE_28300	15.9	2
6327222	449447.MAE_54070	36.5	1
6326087	449447.MAE_42720	50.2	2
6325600	449447.MAE_37850	12.2	1
6324624	449447.MAE_28090	358	8
6322955	449447.MAE_11400	82.0	6
6323820	449447.MAE_20050	292	6
6326049	449447.MAE_42340	53.7	1
6327169	449447.MAE_53540	5.76	1
6322144	449447.MAE_03290	9.72	1
6327104	449447.MAE_52890	14.0	1
6326363	449447.MAE_45480	4.54	1
6324866	449447.MAE_30510	13.8	1
6324236	449447.MAE_24210	21.3	2
6324709	449447.MAE_28940	25.2	2
6326152	449447.MAE_43370	104	7
6323629	449447.MAE_18140	155	12
6324349	449447.MAE_25340	690	50
6322176	449447.MAE_03610	10.4	3
6322546	449447.MAE_07310	679	16
6324212	449447.MAE_23970	37.3	2
6322419	449447.MAE_06040	387	2
6324194	449447.MAE_23790	28.0	1
6324638	449447.MAE_28230	18.9	1
6327282	449447.MAE_54670	10.7	2
6322721	449447.MAE_09060	59.7	1
6326699	449447.MAE_48840	14.9	1
6326801	449447.MAE_49860	1108	48
6326885	449447.MAE_50700	31.1	2
6326189	449447.MAE_43740	138	3
6323042	449447.MAE_12270	21.7	3
6324948	449447.MAE_31330	20.3	1
6322506	449447.MAE_06910	51.8	1
6326975	449447.MAE_51600	2.36	2
6324225	449447.MAE_24100	16.7	1
6325708	449447.MAE_38930	126	1
6323804	449447.MAE_19890	51.6	3
6322025	449447.MAE_02100	12.1	2
6326836	449447.MAE_50210	118	3
6322428	449447.MAE_06130	0.207	1
6324502	449447.MAE_26870	0.208	1
6324851	449447.MAE_30360	333	1
6324032	449447.MAE_22170	15.0	1
6325079	449447.MAE_32640	148	6
6322441	449447.MAE_06260	65.3	5
6327686	449447.MAE_58710	37.1	1
6322474	449447.MAE_06590	82.2	4
6322759	449447.MAE_09440	3.69	1
6324152	449447.MAE_23370	17.6	2
6324839	449447.MAE_30240	36.2	1
6327240	449447.MAE_54250	6.25	4
6326065	449447.MAE_42500	128	1
6326816	449447.MAE_50010	1.38	1
6325741	449447.MAE_39260	98.7	30
6325582	449447.MAE_37670	51.3	1
6321995	449447.MAE_01800	6.9	1
6328010	449447.MAE_61950	111	11
6325721	449447.MAE_39060	644	11
6322483	449447.MAE_06680	14.6	2
6327340	449447.MAE_55250	31.3	1
6327191	449447.MAE_53760	353	14
6327253	449447.MAE_54380	226	9
6325015	449447.MAE_32000	85.3	1
6321981	449447.MAE_01660	0.32	1
6328030	449447.MAE_62150	1791	57
6328055	449447.MAE_62400	59.6	2
6323563	449447.MAE_17480	15.2	1
6327318	449447.MAE_55030	28.6	1
6326333	449447.MAE_45180	29.9	5
6322898	449447.MAE_10830	43.2	1
6323113	449447.MAE_12980	73.0	2
6325037	449447.MAE_32220	1291	27
6322481	449447.MAE_06660	36.9	1
6324172	449447.MAE_23570	255	14
6326708	449447.MAE_48930	61.2	2
6323120	449447.MAE_13050	39.1	3
6327777	449447.MAE_59620	65.0	1
6326827	449447.MAE_50120	215	2
6321939	449447.MAE_01240	526	5
6323205	449447.MAE_13900	12.6	1
6327645	449447.MAE_58300	179	3
6327759	449447.MAE_59440	54.0	4
6321921	449447.MAE_01060	101	2
6322623	449447.MAE_08080	60.5	3
6323594	449447.MAE_17790	162	12
6323283	449447.MAE_14680	175	7
6327307	449447.MAE_54920	7.01	2
6324410	449447.MAE_25950	78.7	24
6323259	449447.MAE_14440	55.0	4
6328054	449447.MAE_62390	83.3	1
6325986	449447.MAE_41710	2.36	2
6325726	449447.MAE_39110	767	38
6323546	449447.MAE_17310	52.9	2
6323579	449447.MAE_17640	34.2	2
6323339	449447.MAE_15240	57.7	1
6322781	449447.MAE_09660	17.5	1
6323281	449447.MAE_14660	68.3	4
6325252	449447.MAE_34370	32.2	2
6323013	449447.MAE_11980	130	1
6323645	449447.MAE_18300	24.6	1
6327071	449447.MAE_52560	147	4
6325106	449447.MAE_32910	13.7	1
6324658	449447.MAE_28430	285	11
6322224	449447.MAE_04090	46.2	5
6324037	449447.MAE_22220	2.33	1
6323127	449447.MAE_13120	43.5	3
6324384	449447.MAE_25690	36.6	1
6325955	449447.MAE_41400	260	29
6327972	449447.MAE_61570	10.4	1
6327877	449447.MAE_60620	5.32	1
6326273	449447.MAE_44580	30.4	1
6327830	449447.MAE_60150	58.9	1
6327353	449447.MAE_55380	165	2
6322411	449447.MAE_05960	10.7	1
6323970	449447.MAE_21550	29.6	3
6326527	449447.MAE_47120	89.3	1
6326249	449447.MAE_44340	16.5	1
6324822	449447.MAE_30070	13.2	1
6326276	449447.MAE_44610	55.1	2
6327397	449447.MAE_55820	50.2	1
6322638	449447.MAE_08230	518	25
6325266	449447.MAE_34510	59.5	1
6323656	449447.MAE_18410	406	40
6327439	449447.MAE_56240	13.4	2
6323709	449447.MAE_18940	18.2	1
6324466	449447.MAE_26510	2.36	2
6323693	449447.MAE_18780	166	1
6326760	449447.MAE_49450	5.8	1
6325981	449447.MAE_41660	11.0	1
6326741	449447.MAE_49260	30.9	2
6323129	449447.MAE_13140	40.6	1
6326139	449447.MAE_43240	23.9	3
6326864	449447.MAE_50490	20.0	1
6325508	449447.MAE_36930	14.8	1
6323348	449447.MAE_15330	21.4	1
6326538	449447.MAE_47230	88.1	1
6323528	449447.MAE_17130	72.1	1
6327868	449447.MAE_60530	13.8	2
6322871	449447.MAE_10560	2714	140
6322284	449447.MAE_04690	73.7	4
6322157	449447.MAE_03420	19.3	2
6324833	449447.MAE_30180	140	2
6327954	449447.MAE_61390	43.3	1
6324457	449447.MAE_26420	233	12
6325000	449447.MAE_31850	32.3	1
6324546	449447.MAE_27310	35.9	1
6321870	449447.MAE_00550	36.6	1
6321903	449447.MAE_00880	36.7	1
6326998	449447.MAE_51830	1.51	1
6322134	449447.MAE_03190	16.2	1
6326420	449447.MAE_46050	551	17
6324847	449447.MAE_30320	25.2	3
6325328	449447.MAE_35130	1231	23
6326444	449447.MAE_46290	49.3	2
6324250	449447.MAE_24350	148	5
6325213	449447.MAE_33980	15.8	1
6327519	449447.MAE_57040	2.46	1
6326278	449447.MAE_44630	64.6	2
6324488	449447.MAE_26730	28.8	1
6324794	449447.MAE_29790	11.9	1
6325474	449447.MAE_36590	55.0	1
6326090	449447.MAE_42750	1171	17
6322143	449447.MAE_03280	75.2	4
6327172	449447.MAE_53570	17.5	1
6322313	449447.MAE_04980	0.205	1
6326987	449447.MAE_51720	61.2	1
6326433	449447.MAE_46180	13.1	1
6327152	449447.MAE_53370	310	10
6322547	449447.MAE_07320	150	4
6324708	449447.MAE_28930	111	2
6327823	449447.MAE_60080	7.55	1
6325631	449447.MAE_38160	25.3	2
6322150	449447.MAE_03350	2.36	2
6327978	449447.MAE_61630	63.0	1
6322720	449447.MAE_09050	188	21
6327664	449447.MAE_58490	6.83	3
6327629	449447.MAE_58140	308	74
6324541	449447.MAE_27260	218	15
6327281	449447.MAE_54660	34.0	4
6324131	449447.MAE_23160	17.4	1
6324561	449447.MAE_27460	87.4	14
6326862	449447.MAE_50470	47.6	1
6326052	449447.MAE_42370	248	8
6326976	449447.MAE_51610	1303	69
6322505	449447.MAE_06900	151	8
6326412	449447.MAE_45970	428	30
6324232	449447.MAE_24170	19.3	1
6321962	449447.MAE_01470	36.6	1
6324031	449447.MAE_22160	52.0	3
6322442	449447.MAE_06270	1072	27
6324149	449447.MAE_23340	101	3
6327239	449447.MAE_54240	25.1	3
6326597	449447.MAE_47820	78.0	1
6326414	449447.MAE_45990	317	7
6323034	449447.MAE_12190	24.3	3
6323527	449447.MAE_17120	186	1
6326072	449447.MAE_42570	0.208	1
6325603	449447.MAE_37880	63.2	1
6325682	449447.MAE_38670	89.4	8
6327785	449447.MAE_59700	44.7	1
6325722	449447.MAE_39070	19.2	1
6325018	449447.MAE_32030	81.2	1
6328007	449447.MAE_61920	36.2	1
6325622	449447.MAE_38070	41.1	1
6322525	449447.MAE_07100	66.4	3
6327254	449447.MAE_54390	72.2	1
6322544	449447.MAE_07290	27.7	1
6325176	449447.MAE_33610	77.9	3
6325744	449447.MAE_39290	94.4	3
6327368	449447.MAE_55530	20.8	1
6325565	449447.MAE_37500	19.2	1
6322769	449447.MAE_09540	1057	46
6322482	449447.MAE_06670	93.4	1
6325420	449447.MAE_36050	63.3	2
6323083	449447.MAE_12680	143	5
6324084	449447.MAE_22690	151	1
6323516	449447.MAE_17010	53.0	1
6326055	449447.MAE_42400	50.7	4
6325484	449447.MAE_36690	1046	24
6326606	449447.MAE_47910	1350	178
6324189	449447.MAE_23740	35.2	1
6327778	449447.MAE_59630	32.8	1
6321942	449447.MAE_01270	7.11	1
6327077	449447.MAE_52620	6.25	4
6326828	449447.MAE_50130	4415	98
6325298	449447.MAE_34830	79.7	1
6326048	449447.MAE_42330	19.7	1
6323692	449447.MAE_18770	12.1	1
6327212	449447.MAE_53970	14.7	1
6328085	449447.MAE_62700	112	8
6321987	449447.MAE_01720	30.2	1
6327760	449447.MAE_59450	430	10
6325800	449447.MAE_39850	161	2
6325562	449447.MAE_37470	4.95	1
6324049	449447.MAE_22340	104	3
6327707	449447.MAE_58920	160	1
6324943	449447.MAE_31280	31.8	2
6327308	449447.MAE_54930	14.0	1
6325084	449447.MAE_32690	9.18	1
6325942	449447.MAE_41270	16.6	3
6327086	449447.MAE_52710	93.0	8
6326837	449447.MAE_50220	22.5	1
6323545	449447.MAE_17300	8.73	1
6323632	449447.MAE_18170	45.3	2
6326217	449447.MAE_44020	180	1
6322850	449447.MAE_10350	118	1
6323302	449447.MAE_14870	46.4	1
6323393	449447.MAE_15780	11.7	1
6327502	449447.MAE_56870	13.2	1
6323280	449447.MAE_14650	61.5	2
6323646	449447.MAE_18310	14.7	1
6325131	449447.MAE_33160	63.6	1
6324436	449447.MAE_26210	13.0	1
6324038	449447.MAE_22230	104	1
6323380	449447.MAE_15650	168	1
6325111	449447.MAE_32960	69.0	4
6325933	449447.MAE_41180	74.3	1
6327969	449447.MAE_61540	27.6	1
6326734	449447.MAE_49190	27.7	2
6322837	449447.MAE_10220	308	74
6324899	449447.MAE_30840	17.5	1
6322932	449447.MAE_11170	18.6	1
6327878	449447.MAE_60630	5.86	1
6327829	449447.MAE_60140	622	20
6324821	449447.MAE_30060	747	8
6326277	449447.MAE_44620	14.8	1
6327442	449447.MAE_56270	945	18
6326198	449447.MAE_43830	0.71	1
6326628	449447.MAE_48130	8.78	1
6323694	449447.MAE_18790	18.1	1
6324600	449447.MAE_27850	30.5	1
6326759	449447.MAE_49440	40.9	2
6322395	449447.MAE_05800	50.3	1
6325445	449447.MAE_36300	4554	208
6325405	449447.MAE_35900	7.13	1
6323790	449447.MAE_19750	119	3
6324977	449447.MAE_31620	161	1
6322946	449447.MAE_11310	673	9
6322374	449447.MAE_05590	1.83	1
6326863	449447.MAE_50480	10.2	1
6323978	449447.MAE_21630	13.2	2
6325905	449447.MAE_40900	570	54
6322923	449447.MAE_11080	48.5	8
6324835	449447.MAE_30200	12.7	1
6322872	449447.MAE_10570	30.2	3
6326308	449447.MAE_44930	574	29
6327918	449447.MAE_61030	19.8	1
6324389	449447.MAE_25740	43.0	2
6324834	449447.MAE_30190	9.95	1
6322992	449447.MAE_11770	1105	42
6324458	449447.MAE_26430	101	4
6321858	449447.MAE_00430	123	1
6323010	449447.MAE_11950	116	6
6326421	449447.MAE_46060	84.9	1
6325010	449447.MAE_31950	30.8	2
6324582	449447.MAE_27670	16.1	2
6322937	449447.MAE_11220	213	8
6322970	449447.MAE_11550	6.7	1
6326441	449447.MAE_46260	551	36
6327544	449447.MAE_57290	1076	36
6323960	449447.MAE_21450	179	8
6326519	449447.MAE_47040	19.5	1
6323884	449447.MAE_20690	103	1
6327520	449447.MAE_57050	2.48	1
6325212	449447.MAE_33970	17.0	3
6327125	449447.MAE_53100	71.9	9
6324344	449447.MAE_25290	44.0	2
6327465	449447.MAE_56500	6.94	1
6326295	449447.MAE_44800	15.8	1
6322375	449447.MAE_05600	297	1
6326481	449447.MAE_46660	24.1	2
6323466	449447.MAE_16510	2.36	2
6326646	449447.MAE_48310	85.7	1
6327414	449447.MAE_55990	32.0	2
6325602	449447.MAE_37870	37.5	2
6322217	449447.MAE_04020	21.9	1
6326131	449447.MAE_43160	2.36	2
6326184	449447.MAE_43690	10674	103
6324970	449447.MAE_31550	2167	95
6321909	449447.MAE_00940	950	19
6323009	449447.MAE_11940	69.3	3
6325639	449447.MAE_38240	4.83	1
6325686	449447.MAE_38710	44.3	3
6322091	449447.MAE_02760	102	1
6322627	449447.MAE_08120	80.3	1
6322614	449447.MAE_07990	70.6	2
6322548	449447.MAE_07330	34.9	2
6324629	449447.MAE_28140	26.8	2
6325799	449447.MAE_39840	9.07	1
6327280	449447.MAE_54650	26.3	3
6322719	449447.MAE_09040	9.55	1
6324206	449447.MAE_23910	715	16
6325703	449447.MAE_38880	95.6	1
6326365	449447.MAE_45500	2.81	1
6326799	449447.MAE_49840	51.5	2
6326887	449447.MAE_50720	26.4	1
6324087	449447.MAE_22720	88.2	1
6324560	449447.MAE_27450	48.6	3
6327670	449447.MAE_58550	6.47	1
6325655	449447.MAE_38400	305	15
6326423	449447.MAE_46080	7383	624
6322405	449447.MAE_05900	65.4	2
6324500	449447.MAE_26850	19.0	1
6324231	449447.MAE_24160	47.3	2
6322675	449447.MAE_08600	263	64
6324647	449447.MAE_28320	29.2	2
6324573	449447.MAE_27580	3.04	1
6326814	449447.MAE_49990	49.4	2
6323100	449447.MAE_12850	38.6	1
6324433	449447.MAE_26180	65.8	2
6326336	449447.MAE_45210	590	4
6325363	449447.MAE_35480	27.1	1
6326174	449447.MAE_43590	11.0	3
6325580	449447.MAE_37650	150	3
6325339	449447.MAE_35240	82.4	5
6327788	449447.MAE_59730	743	26
6328119	449447.MAE_63040	19.3	1
6325939	449447.MAE_41240	5.93	1
6322001	449447.MAE_01860	31.9	1
6322209	449447.MAE_03940	40.1	3
6327630	449447.MAE_58150	25.8	1
6326384	449447.MAE_45690	282	5
6325090	449447.MAE_32750	65.1	4
6327695	449447.MAE_58800	68.1	1
6326944	449447.MAE_51290	205	5
6327249	449447.MAE_54340	28.5	1
6324413	449447.MAE_25980	14.7	1
6325419	449447.MAE_36040	3328	73
6326347	449447.MAE_45320	14.3	1
6327914	449447.MAE_60990	850	15
6326056	449447.MAE_42410	1.51	1
6323521	449447.MAE_17060	49.9	3
6323631	449447.MAE_18160	90.5	4
6327178	449447.MAE_53630	71.0	1
6322006	449447.MAE_01910	83.8	24
6325026	449447.MAE_32110	777	2
6325297	449447.MAE_34820	357	2
6327688	449447.MAE_58730	29.7	3
6323535	449447.MAE_17200	49.6	4
6326883	449447.MAE_50680	35.7	1
6325172	449447.MAE_33570	954	30
6325052	449447.MAE_32370	14.7	1
6327051	449447.MAE_52360	70.3	1
6323669	449447.MAE_18540	19.7	1
6326933	449447.MAE_51180	309	6
6324055	449447.MAE_22400	92.6	1
6327708	449447.MAE_58930	13.7	1
6323261	449447.MAE_14460	23.4	1
6325381	449447.MAE_35660	10.2	1
6323581	449447.MAE_17660	25.2	1
6327766	449447.MAE_59510	35.1	1
6322508	449447.MAE_06930	101	2
6323738	449447.MAE_19230	4163	173
6327930	449447.MAE_61150	2.43	2
6323566	449447.MAE_17510	15.3	1
6321928	449447.MAE_01130	61.9	1
6325155	449447.MAE_33400	10.6	3
6326001	449447.MAE_41860	86.1	2
6322349	449447.MAE_05340	72.5	6
6327065	449447.MAE_52500	1183	26
6327814	449447.MAE_59990	168	2
6325546	449447.MAE_37310	31.8	2
6326922	449447.MAE_51070	139	1
6325934	449447.MAE_41190	164	1
6325290	449447.MAE_34750	30.1	2
6325441	449447.MAE_36260	6.75	1
6326942	449447.MAE_51270	118	4
6327118	449447.MAE_53030	34.5	1
6323745	449447.MAE_19300	167	4
6323328	449447.MAE_15130	3067	70
6322931	449447.MAE_11160	15.4	2
6326525	449447.MAE_47100	19.3	1
6327875	449447.MAE_60600	17.6	1
6323758	449447.MAE_19430	19.1	2
6327575	449447.MAE_57600	36.1	1
6323383	449447.MAE_15680	241	5
6324810	449447.MAE_29950	35.4	1
6323727	449447.MAE_19120	37.1	1
6324820	449447.MAE_30050	152	5
6323004	449447.MAE_11890	70.1	7
6324468	449447.MAE_26530	0.335	1
6324599	449447.MAE_27840	47.7	8
6326635	449447.MAE_48200	76.8	3
6325983	449447.MAE_41680	22.2	1
6325408	449447.MAE_35930	33.5	1
6323337	449447.MAE_15220	925	70
6322616	449447.MAE_08010	31.9	1
6325830	449447.MAE_40150	43.9	3
6322945	449447.MAE_11300	321	11
6321886	449447.MAE_00710	15.1	1
6327608	449447.MAE_57930	9.31	2
6327917	449447.MAE_61020	137	8
6322924	449447.MAE_11090	16.3	1
6325908	449447.MAE_40930	114	2
6326240	449447.MAE_44250	3485	149
6327843	449447.MAE_60280	13.0	1
6322669	449447.MAE_08540	48.7	3
6322258	449447.MAE_04430	39.7	1
6321854	449447.MAE_00390	65.2	1
6327461	449447.MAE_56460	130	2
6326206	449447.MAE_43910	869	41
6328097	449447.MAE_62820	67.9	2
6324455	449447.MAE_26400	305	22
6324080	449447.MAE_22650	42.2	1
6324608	449447.MAE_27930	18.0	1
6322991	449447.MAE_11760	369	4
6326769	449447.MAE_49540	6.25	4
6327574	449447.MAE_57590	10.0	1
6326422	449447.MAE_46070	1401	18
6324927	449447.MAE_31120	7.88	3
6322969	449447.MAE_11540	23.1	4
6326442	449447.MAE_46270	18.3	1
6326873	449447.MAE_50580	11.9	1
6322993	449447.MAE_11780	38.1	1
6327861	449447.MAE_60460	93.3	1
6327517	449447.MAE_57020	55.4	2
6327466	449447.MAE_56510	39.4	2
6322811	449447.MAE_09960	30.6	1
6322378	449447.MAE_05630	98.4	10
6326092	449447.MAE_42770	302	35
6326183	449447.MAE_43680	132	1
6323445	449447.MAE_16300	5.83	1
6322958	449447.MAE_11430	81.3	3
6326231	449447.MAE_44160	212	1
6323815	449447.MAE_20000	68.4	1
6326132	449447.MAE_43170	908	46
6323179	449447.MAE_13640	191	1
6324916	449447.MAE_31010	85.4	1
6324869	449447.MAE_30540	70.0	1
6326860	449447.MAE_50450	247	17
6322152	449447.MAE_03370	11.5	1
6324263	449447.MAE_24480	20543	760
6325204	449447.MAE_33890	21.4	1
6321872	449447.MAE_00570	4.12	1
6324174	449447.MAE_23590	16.3	1
6325889	449447.MAE_40740	26.5	1
6327228	449447.MAE_54130	95.0	10
6322068	449447.MAE_02530	100	3
6322017	449447.MAE_02020	32.9	1
6322115	449447.MAE_03000	10.3	1
6323793	449447.MAE_19780	8.56	1
6322522	449447.MAE_07070	193	9
6324526	449447.MAE_27110	1.3	2
6324882	449447.MAE_30670	65.9	1
6326445	449447.MAE_46300	45.0	1
6326192	449447.MAE_43770	147	1
6325633	449447.MAE_38180	132	1
6325461	449447.MAE_36460	24.9	1
6325677	449447.MAE_38620	150	5
6326023	449447.MAE_42080	19.2	1
6326982	449447.MAE_51670	210	6
6326172	449447.MAE_43570	15.2	1
6324230	449447.MAE_24150	173	8
6325662	449447.MAE_38470	12.2	1
6322077	449447.MAE_02620	274	35
6322030	449447.MAE_02150	329	8
6325652	449447.MAE_38370	12.3	1
6327215	449447.MAE_54000	26707	15
6322709	449447.MAE_08940	72.8	1
6322729	449447.MAE_09140	51.6	1
6327673	449447.MAE_58580	51.5	2
6322711	449447.MAE_08960	1.29	2
6326335	449447.MAE_45200	185	1
6326817	449447.MAE_50020	236	12
6325988	449447.MAE_41730	13.1	2
6323048	449447.MAE_12330	23.5	1
6325720	449447.MAE_39050	44.6	2
6328005	449447.MAE_61900	87.7	1
6323756	449447.MAE_19410	9.23	2
6325317	449447.MAE_35020	8.87	1
6327548	449447.MAE_57330	2183	48
6322422	449447.MAE_06070	177	3
6324144	449447.MAE_23290	46.8	4
6325805	449447.MAE_39900	1.29	2
6325091	449447.MAE_32760	4.2	1
6327715	449447.MAE_59000	64.8	5
6325422	449447.MAE_36070	62.8	1
6327698	449447.MAE_58830	28.1	1
6325393	449447.MAE_35780	19.3	1
6327250	449447.MAE_54350	11.2	1
6322771	449447.MAE_09560	13.8	2
6326348	449447.MAE_45330	510	31
6321924	449447.MAE_01090	13.4	2
6326826	449447.MAE_50110	37.8	1
6322724	449447.MAE_09090	290	1
6327050	449447.MAE_52350	18.4	1
6327334	449447.MAE_55190	80.5	1
6323099	449447.MAE_12840	19.8	6
6322440	449447.MAE_06250	430	15
6325523	449447.MAE_37080	36.4	1
6323670	449447.MAE_18550	17.9	1
6328091	449447.MAE_62760	228	1
6327733	449447.MAE_59180	1842	30
6327052	449447.MAE_52370	90.4	1
6325556	449447.MAE_37410	190	3
6322099	449447.MAE_02840	211	7
6326317	449447.MAE_45020	3.84	1
6325382	449447.MAE_35670	34.5	1
6323582	449447.MAE_17670	42.4	1
6328031	449447.MAE_62160	50.7	1
6328073	449447.MAE_62580	13.9	1
6325918	449447.MAE_41030	66.8	1
6323735	449447.MAE_19200	14.4	2
6327500	449447.MAE_56850	3.75	1
6328049	449447.MAE_62340	1.29	2
6322350	449447.MAE_05350	27.8	1
6321929	449447.MAE_01140	26.5	1
6327066	449447.MAE_52510	297	4
6323584	449447.MAE_17690	14.7	1
6325109	449447.MAE_32940	20.7	2
6325093	449447.MAE_32780	49.8	1
6322785	449447.MAE_09700	1188	72
6325568	449447.MAE_37530	25.9	2
6323240	449447.MAE_14250	36.0	1
6325424	449447.MAE_36090	317	5
6326939	449447.MAE_51240	39.3	2
6323384	449447.MAE_15690	149	3
6323965	449447.MAE_21500	52.6	2
6323289	449447.MAE_14740	23.3	1
6326246	449447.MAE_44310	16.5	1
6327576	449447.MAE_57610	17.8	1
6323783	449447.MAE_19680	23.1	1
6327802	449447.MAE_59870	33.0	1
6327433	449447.MAE_56180	94.7	1
6324683	449447.MAE_28680	26.0	1
6327901	449447.MAE_60860	14.4	1
6322852	449447.MAE_10370	74.0	2
6323338	449447.MAE_15230	46.8	2
6323349	449447.MAE_15340	15.4	1
6327865	449447.MAE_60500	0.207	1
6327820	449447.MAE_60050	1.58	1
6322870	449447.MAE_10550	18.2	1
6327447	449447.MAE_56320	54.9	1
6327460	449447.MAE_56450	101	3
6322154	449447.MAE_03390	13.7	1
6325469	449447.MAE_36540	8.14	1
6326480	449447.MAE_46650	12.2	1
6327413	449447.MAE_55980	11.2	1
6323944	449447.MAE_21290	22.1	3
6324945	449447.MAE_31300	30.6	1
6322129	449447.MAE_03140	9.49	1
6326874	449447.MAE_50590	23.7	2
6321851	449447.MAE_00360	5.19	1
6327862	449447.MAE_60470	2.81	1
6326899	449447.MAE_50840	24.3	1
6327833	449447.MAE_60180	68.0	7
6324271	449447.MAE_24560	8.54	1
6327518	449447.MAE_57030	2.6	1
6325906	449447.MAE_40910	265	6
6322286	449447.MAE_04710	24.1	2
6322239	449447.MAE_04240	133	2
6327467	449447.MAE_56520	9.57	1
6322377	449447.MAE_05620	275	14
6323497	449447.MAE_16820	78.2	1
6326479	449447.MAE_46640	31.3	1
6326652	449447.MAE_48370	54.3	2
6321885	449447.MAE_00700	42.3	4
6322999	449447.MAE_11840	6546	83
6322223	449447.MAE_04080	130	4
6326424	449447.MAE_46090	4.2	1
6324813	449447.MAE_29980	7.43	1
6326109	449447.MAE_42940	537	17
6325504	449447.MAE_36890	31.9	1
6324620	449447.MAE_28050	448	32
6324520	449447.MAE_27050	53.9	4
6326091	449447.MAE_42760	4701	332
6324990	449447.MAE_31750	36.3	3
6323446	449447.MAE_16310	160	1
6325957	449447.MAE_41420	63.8	5
6321911	449447.MAE_00960	182	1
6323816	449447.MAE_20010	16.4	2
6323776	449447.MAE_19610	30.0	1
6323274	449447.MAE_14590	462	17
6324972	449447.MAE_31570	24.5	1
6323405	449447.MAE_15900	55.9	3
6324353	449447.MAE_25380	24.8	1
6325322	449447.MAE_35070	25.7	4
6323494	449447.MAE_16790	23.0	1
6322265	449447.MAE_04500	58.2	1
6322303	449447.MAE_04880	96.7	1
6323437	449447.MAE_16220	42.8	2
6322674	449447.MAE_08590	42.6	2
6323788	449447.MAE_19730	6.89	1
6321871	449447.MAE_00560	0.205	1
6324627	449447.MAE_28120	82.9	1
6322281	449447.MAE_04660	14.6	2
6326398	449447.MAE_45830	18.7	1
6327225	449447.MAE_54100	209	8
6324126	449447.MAE_23110	1.51	1
6326193	449447.MAE_43780	119	1
6325346	449447.MAE_35310	16.1	1
6327997	449447.MAE_61820	2069	197
6325634	449447.MAE_38190	141	2
6325456	449447.MAE_36410	61.7	4
6326024	449447.MAE_42090	36.8	1
6327003	449447.MAE_51880	43.4	1
6323864	449447.MAE_20490	16.6	1
6325661	449447.MAE_38460	1.54	1
6322078	449447.MAE_02630	6.25	4
6327218	449447.MAE_54030	136	15
6324574	449447.MAE_27590	392	14
6322559	449447.MAE_07440	6.25	4
6327376	449447.MAE_55610	0.208	1
6326393	449447.MAE_45780	27.8	3
6324103	449447.MAE_22880	47.8	1
6324662	449447.MAE_28470	33.9	1
6324175	449447.MAE_23600	49.3	2
6324077	449447.MAE_22620	0.208	1
6325714	449447.MAE_38990	65.3	4
6326338	449447.MAE_45230	71.0	1
6324682	449447.MAE_28670	614	60
6327273	449447.MAE_54580	50.0	1
6326737	449447.MAE_49220	29.3	1
6326820	449447.MAE_50050	1486	42
6325683	449447.MAE_38680	162	10
6321999	449447.MAE_01840	21.9	1
6325467	449447.MAE_36520	1.51	1
6326884	449447.MAE_50690	313	30
6322454	449447.MAE_06390	84.3	4
6325619	449447.MAE_38040	3.92	1
6324208	449447.MAE_23930	365	5
6322415	449447.MAE_06000	58.9	3
6322995	449447.MAE_11800	20.7	1
6327741	449447.MAE_59260	0.205	1
6325092	449447.MAE_32770	4.69	3
6323534	449447.MAE_17190	21.5	1
6324079	449447.MAE_22640	82.8	1
6327742	449447.MAE_59270	690	3
6323895	449447.MAE_20800	6.35	1
6322008	449447.MAE_01930	78.8	1
6323016	449447.MAE_12010	55.7	1
6323069	449447.MAE_12540	1.78	1
6321959	449447.MAE_01440	31.7	1
6325032	449447.MAE_32170	214	2
6325137	449447.MAE_33220	7.13	1
6325170	449447.MAE_33550	13.4	1
6322909	449447.MAE_10940	26.4	1
6327084	449447.MAE_52690	31.0	2
6327331	449447.MAE_55160	38.8	1
6326718	449447.MAE_49030	193	2
6327311	449447.MAE_54960	109	1
6323145	449447.MAE_13300	0.211	1
6324630	449447.MAE_28150	49.1	1
6326316	449447.MAE_45010	21.6	1
6327721	449447.MAE_59060	11.4	1
6325730	449447.MAE_39150	49.6	2
6326604	449447.MAE_47890	5865	271
6328026	449447.MAE_62110	44.7	4
6325359	449447.MAE_35440	70.6	1
6327499	449447.MAE_56840	3.86	1
6323176	449447.MAE_13610	76.5	3
6325917	449447.MAE_41020	8.27	1
6323678	449447.MAE_18630	57.3	2
6325128	449447.MAE_33130	6.77	1
6327723	449447.MAE_59080	19.1	1
6322626	449447.MAE_08110	13.6	2
6325439	449447.MAE_36240	29.4	1
6327514	449447.MAE_56990	6.53	1
6326940	449447.MAE_51250	31.9	2
6323268	449447.MAE_14530	20.9	2
6326227	449447.MAE_44120	85.7	1
6322904	449447.MAE_10890	12.1	1
6325423	449447.MAE_36080	16.4	1
6322856	449447.MAE_10410	439	41
6326905	449447.MAE_50900	5.99	1
6326562	449447.MAE_47470	7.13	1
6325930	449447.MAE_41150	572	26
6326245	449447.MAE_44300	123	13
6326280	449447.MAE_44650	356	7
6327974	449447.MAE_61590	60.2	1
6324375	449447.MAE_25600	79.1	10
6323660	449447.MAE_18450	81.2	4
6323713	449447.MAE_18980	168	1
6328039	449447.MAE_62240	50.0	3
6328108	449447.MAE_62930	33.4	2
6326264	449447.MAE_44490	22.8	2
6323219	449447.MAE_14040	23.6	1
6325448	449447.MAE_36330	2.6	1
6323335	449447.MAE_15200	30.9	3
6326216	449447.MAE_44010	21.7	2
6327597	449447.MAE_57820	37.6	1
6324893	449447.MAE_30780	67.4	3
6325626	449447.MAE_38110	579	16
6327563	449447.MAE_57480	78.6	2
6323975	449447.MAE_21600	1259	27
6326542	449447.MAE_47270	38.2	1
6322671	449447.MAE_08560	37.5	1
6327950	449447.MAE_61350	298	1
6327919	449447.MAE_61040	12.7	1
6327528	449447.MAE_57130	62.2	1
6322256	449447.MAE_04410	49.5	3
6327348	449447.MAE_55330	176	1
6327127	449447.MAE_53120	81.7	1
6323700	449447.MAE_18850	36.5	1
6327483	449447.MAE_56680	426	21
6326771	449447.MAE_49560	29.7	2
6326212	449447.MAE_43970	81.0	2
6327627	449447.MAE_58120	189	1
6327780	449447.MAE_59650	432	1
6323943	449447.MAE_21280	41.1	3
6324610	449447.MAE_27950	123	4
6321832	449447.MAE_00170	67.1	3
6322929	449447.MAE_11140	12.2	1
6325401	449447.MAE_35860	7.86	1
6322253	449447.MAE_04380	92.7	1
6326524	449447.MAE_47090	33.5	2
6326440	449447.MAE_46250	518	19
6322656	449447.MAE_08410	25.7	3
6323961	449447.MAE_21460	56.7	5
6321850	449447.MAE_00350	60.1	1
6326545	449447.MAE_47300	172	3
6327855	449447.MAE_60400	22.8	1
6326493	449447.MAE_46780	12.2	1
6327570	449447.MAE_57550	85.7	2
6327515	449447.MAE_57000	2.23	1
6324993	449447.MAE_31780	27.5	1
6324063	449447.MAE_22480	92.6	1
6324814	449447.MAE_29990	26.8	1
6324762	449447.MAE_29470	11.7	1
6324748	449447.MAE_29330	0.269	1
6326651	449447.MAE_48360	14.9	1
6323000	449447.MAE_11850	68.2	1
6323352	449447.MAE_15370	268	12
6322947	449447.MAE_11320	82.7	6
6321892	449447.MAE_00770	98.3	1
6322542	449447.MAE_07270	15.1	1
6325503	449447.MAE_36880	42.7	1
6324621	449447.MAE_28060	481	40
6324719	449447.MAE_29040	23.7	3
6323817	449447.MAE_20020	51.8	2
6326458	449447.MAE_46430	56.2	5
6324971	449447.MAE_31560	13.1	1
6323806	449447.MAE_19910	45.5	1
6327846	449447.MAE_60310	605	33
6325319	449447.MAE_35040	250	2
6322088	449447.MAE_02730	30.5	1
6324891	449447.MAE_30760	27.3	3
6322689	449447.MAE_08740	75.4	1
6327546	449447.MAE_57310	2830	77
6321874	449447.MAE_00590	13.7	1
6322673	449447.MAE_08580	59.5	4
6325011	449447.MAE_31960	31.9	6
6324575	449447.MAE_27600	0.208	1
6325700	449447.MAE_38850	48.9	2
6324528	449447.MAE_27130	0.207	1
6326099	449447.MAE_42840	78.5	3
6322043	449447.MAE_02280	7.13	1
6324775	449447.MAE_29600	76.7	1
6325492	449447.MAE_36770	58.5	1
6323422	449447.MAE_16070	78.6	4
6326170	449447.MAE_43550	72.9	1
6325647	449447.MAE_38320	24.6	2
6325660	449447.MAE_38450	2575	154
6327004	449447.MAE_51890	53.3	2
6322075	449447.MAE_02600	390	24
6324663	449447.MAE_28480	63.7	2
6322485	449447.MAE_06700	129	7
6326337	449447.MAE_45220	208	3
6322527	449447.MAE_07120	33.8	3
6327290	449447.MAE_54750	33.3	1
6322751	449447.MAE_09360	51.9	1
6323046	449447.MAE_12310	23.9	3
6326819	449447.MAE_50040	33.2	1
6322208	449447.MAE_03930	14.1	1
6325678	449447.MAE_38630	8.19	3
6322498	449447.MAE_06830	3077	24
6322453	449447.MAE_06380	24.8	1
6327660	449447.MAE_58450	2.81	1
6325624	449447.MAE_38090	139	1
6322066	449447.MAE_02510	41.6	1
6322791	449447.MAE_09760	45.6	1
6322416	449447.MAE_06010	317	26
6323063	449447.MAE_12480	11.9	1
6323110	449447.MAE_12950	28.1	5
6327682	449447.MAE_58670	5.85	1
6327700	449447.MAE_58850	117	16
6327252	449447.MAE_54370	2622	41
6324233	449447.MAE_24180	10.3	1
6324412	449447.MAE_25970	69.4	2
6324894	449447.MAE_30790	6.0	1
6324185	449447.MAE_23700	42.6	1
6326346	449447.MAE_45310	115	3
6322587	449447.MAE_07720	120	1
6323520	449447.MAE_17050	154	2
6323172	449447.MAE_13570	33.6	1
6328118	449447.MAE_63030	19.3	1
6327181	449447.MAE_53660	46.2	1
6323015	449447.MAE_12000	181	1
6323070	449447.MAE_12550	16.6	1
6325029	449447.MAE_32140	16.8	2
6325302	449447.MAE_34870	152	21
6326394	449447.MAE_45790	389	8
6325629	449447.MAE_38140	124	24
6328018	449447.MAE_62030	13.9	1
6325640	449447.MAE_38250	101	1
6324053	449447.MAE_22380	294	1
6323532	449447.MAE_17170	23.6	1
6325104	449447.MAE_32890	20.8	1
6327355	449447.MAE_55400	369	2
6322910	449447.MAE_10950	29.3	2
6327083	449447.MAE_52680	103	2
6322736	449447.MAE_09210	4.66	1
6322101	449447.MAE_02860	22.6	1
6326315	449447.MAE_45000	19.7	1
6327904	449447.MAE_60890	34.5	2
6323152	449447.MAE_13370	25.7	1
6327622	449447.MAE_58070	49.9	1
6325145	449447.MAE_33300	1.28	2
6327960	449447.MAE_61450	50.6	1
6327925	449447.MAE_61100	0.793	1
6327498	449447.MAE_56830	70.1	1
6325993	449447.MAE_41780	181	8
6327068	449447.MAE_52530	92.9	2
6323677	449447.MAE_18620	13.8	1
6326794	449447.MAE_49790	9.11	1
6328047	449447.MAE_62320	59.5	7
6327420	449447.MAE_56050	47.7	1
6327724	449447.MAE_59090	6.4	1
6325058	449447.MAE_32430	318	7
6325943	449447.MAE_41280	55.0	1
6327208	449447.MAE_53930	12.0	1
6326937	449447.MAE_51220	73.0	10
6323290	449447.MAE_14750	57.5	6
6325945	449447.MAE_41300	106	1
6326846	449447.MAE_50310	32.7	2
6323613	449447.MAE_17980	1448	86
6322855	449447.MAE_10400	21.2	1
6326281	449447.MAE_44660	14.8	1
6327509	449447.MAE_56940	17.5	1
6327236	449447.MAE_54210	43.5	1
6324817	449447.MAE_30020	7306	271
6325931	449447.MAE_41160	1448	86
6327804	449447.MAE_59890	13.2	1
6325171	449447.MAE_33560	3898	24
6327936	449447.MAE_61210	35.2	1
6323244	449447.MAE_14290	28.2	1
6322747	449447.MAE_09320	17.8	1
6324604	449447.MAE_27890	44.0	1
6325536	449447.MAE_37210	20.6	1
6325869	449447.MAE_40540	122	1
6327984	449447.MAE_61690	760	19
6323336	449447.MAE_15210	78.4	1
6326928	449447.MAE_51130	41.0	3
6322228	449447.MAE_04130	38.9	1
6326221	449447.MAE_44060	11.2	1
6322919	449447.MAE_11040	15.5	1
6327822	449447.MAE_60070	15.2	1
6327609	449447.MAE_57940	78.3	1
6323982	449447.MAE_21670	125	1
6326541	449447.MAE_47260	146	1
6327842	449447.MAE_60270	24.9	2
6324205	449447.MAE_23900	609	29
6323699	449447.MAE_18840	653	45
6323006	449447.MAE_11910	55.5	2
6325841	449447.MAE_40260	35.4	4
6322912	449447.MAE_10970	5.56	1
6322928	449447.MAE_11130	27.9	1
6327882	449447.MAE_60670	25.4	1
6324932	449447.MAE_31170	51.4	4
6322974	449447.MAE_11590	20.5	1
6326901	449447.MAE_50860	109	1
6326145	449447.MAE_43300	7.43	1
6323985	449447.MAE_21700	140	4
6326546	449447.MAE_47310	17.5	1
6322601	449447.MAE_07860	593	41
6323786	449447.MAE_19710	31.1	1
6322877	449447.MAE_10620	0.205	1
6327516	449447.MAE_57010	1.29	2
6326329	449447.MAE_45140	6.25	4
6324316	449447.MAE_25010	70.9	4
6328080	449447.MAE_62650	39.3	2
6327469	449447.MAE_56540	46.4	1
6323763	449447.MAE_19480	21.8	1
6325570	449447.MAE_37550	82.0	1
6321844	449447.MAE_00290	64.5	1
6322221	449447.MAE_04060	12.8	1
6322983	449447.MAE_11680	19.4	3
6326634	449447.MAE_48190	15.5	2
6323953	449447.MAE_21380	7.3	1
6322961	449447.MAE_11460	77.7	3
6326994	449447.MAE_51790	28.4	1
6324722	449447.MAE_29070	48.4	1
6326156	449447.MAE_43410	27.3	1
6323805	449447.MAE_19900	61.9	1
6324872	449447.MAE_30570	108	2
6327147	449447.MAE_53320	45.6	2
6326483	449447.MAE_46680	123	1
6326861	449447.MAE_50460	172	1
6325199	449447.MAE_33840	40.2	2
6327824	449447.MAE_60090	2413	31
6325014	449447.MAE_31990	15.1	1
6324578	449447.MAE_27630	5.07	1
6324625	449447.MAE_28100	18.7	1
6323630	449447.MAE_18150	15.4	1
6322127	449447.MAE_03120	467	14
6325392	449447.MAE_35770	12.5	1
6324128	449447.MAE_23130	83.7	6
6326396	449447.MAE_45810	58.3	1
6323463	449447.MAE_16480	57.5	2
6326100	449447.MAE_42850	23.0	2
6323887	449447.MAE_20720	4.69	3
6324782	449447.MAE_29670	4.6	2
6323421	449447.MAE_16060	232	11
6323802	449447.MAE_19870	62.9	5
6324957	449447.MAE_31420	117	2
6325458	449447.MAE_36430	10.3	1
6327999	449447.MAE_61840	254	41
6322299	449447.MAE_04840	5.1	3
6326167	449447.MAE_43520	9.3	1
6322076	449447.MAE_02610	153	2
6324007	449447.MAE_21920	18.8	1
6322561	449447.MAE_07460	227	1
6324622	449447.MAE_28070	14.6	1
6322226	449447.MAE_04110	27.5	1
6322062	449447.MAE_02470	40.0	1
6324101	449447.MAE_22860	7.5	1
6324664	449447.MAE_28490	101	2
6327291	449447.MAE_54760	29.3	1
6322488	449447.MAE_06730	64.4	2
6322033	449447.MAE_02180	60.5	1
6325794	449447.MAE_39790	20.3	2
6326266	449447.MAE_44510	117	8
6324785	449447.MAE_29700	7.4	1
6323426	449447.MAE_16110	87.4	1
6325335	449447.MAE_35200	101	1
6325715	449447.MAE_39000	25.2	1
6326178	449447.MAE_43630	12.1	2
6325967	449447.MAE_41520	16.6	1
6322417	449447.MAE_06020	43.4	1
6324640	449447.MAE_28250	49.8	1
6322792	449447.MAE_09770	102	6
6326714	449447.MAE_48990	24.4	2
6322113	449447.MAE_02980	39.0	1
6322450	449447.MAE_06350	54.3	1
6322475	449447.MAE_06600	643	5
6327371	449447.MAE_55560	16.9	1
6323897	449447.MAE_20820	19.0	3
6323171	449447.MAE_13560	19.4	2
6327121	449447.MAE_53060	4.69	3
6325366	449447.MAE_35510	72.7	12
6323071	449447.MAE_12560	1951	23
6326752	449447.MAE_49370	3692	530
6327182	449447.MAE_53670	32.4	1
6323096	449447.MAE_12810	18.8	1
6323311	449447.MAE_14960	312	21
6325630	449447.MAE_38150	48.3	2
6327393	449447.MAE_55780	48.8	1
6321992	449447.MAE_01770	7.62	1
6328015	449447.MAE_62000	11.7	1
6327047	449447.MAE_52320	865	61
6327309	449447.MAE_54940	135	2
6323184	449447.MAE_13690	1547	32
6325937	449447.MAE_41220	774	17
6326322	449447.MAE_45070	23.1	1
6322734	449447.MAE_09190	17.1	1
6326840	449447.MAE_50250	1915	135
6323025	449447.MAE_12100	103	4
6325792	449447.MAE_39770	138	8
6325810	449447.MAE_39950	85.0	10
6327324	449447.MAE_55090	27.2	1
6327926	449447.MAE_61110	1.85	2
6328046	449447.MAE_62310	114	2
6321932	449447.MAE_01170	11.2	1
6327748	449447.MAE_59330	54.6	1
6325057	449447.MAE_32420	72.4	1
6327093	449447.MAE_52780	22.2	1
6325574	449447.MAE_37590	102	5
6324019	449447.MAE_22040	261	4
6323644	449447.MAE_18290	22.0	1
6327908	449447.MAE_60930	549	15
6326247	449447.MAE_44320	12.1	1
6327757	449447.MAE_59420	234	2
6323292	449447.MAE_14770	23.4	1
6323314	449447.MAE_14990	35.1	2
6325215	449447.MAE_34000	101	4
6327437	449447.MAE_56220	23.4	2
6323243	449447.MAE_14280	461	22
6324472	449447.MAE_26570	26.1	1
6323610	449447.MAE_17950	35.3	2
6323574	449447.MAE_17590	22.9	1
6325174	449447.MAE_33590	19.0	1
6325960	449447.MAE_41450	17.7	1
6327983	449447.MAE_61680	104	2
6325872	449447.MAE_40570	355	5
6325915	449447.MAE_41000	219	1
6323742	449447.MAE_19270	3453	269
6322913	449447.MAE_10980	5.2	1
6325835	449447.MAE_40200	59.5	2
6325912	449447.MAE_40970	39.9	1
6326203	449447.MAE_43880	78.3	1
6322820	449447.MAE_10050	106	4
6322404	449447.MAE_05890	17.3	1
6327921	449447.MAE_61060	7.5	1
6327530	449447.MAE_57150	27.9	1
6325890	449447.MAE_40750	359	11
6322649	449447.MAE_08340	21.1	1
6327981	449447.MAE_61660	64.2	1
6327594	449447.MAE_57790	52.0	1
6322262	449447.MAE_04470	47.6	2
6326773	449447.MAE_49580	67.4	2
6324799	449447.MAE_29840	172	1
6326210	449447.MAE_43950	221	1
6328101	449447.MAE_62860	4.69	3
6324612	449447.MAE_27970	13.9	1
6323363	449447.MAE_15480	2.81	1
6323702	449447.MAE_18870	84.5	3
6327879	449447.MAE_60640	4.95	1
6324443	449447.MAE_26280	17.7	1
6326684	449447.MAE_48690	10.9	1
6323332	449447.MAE_15170	41.7	2
6322927	449447.MAE_11120	19.5	1
6321848	449447.MAE_00330	66.9	1
6327857	449447.MAE_60420	14.5	2
6326146	449447.MAE_43310	26.8	1
6323939	449447.MAE_21240	72.1	2
6323785	449447.MAE_19700	6.67	1
6326300	449447.MAE_44850	6.81	1
6324268	449447.MAE_24530	144	7
6324315	449447.MAE_25000	14.5	1
6327541	449447.MAE_57260	267	9
6325320	449447.MAE_35050	86.4	4
6323312	449447.MAE_14970	1526	108
6324490	449447.MAE_26750	136	1
6326649	449447.MAE_48340	16505	608
6323002	449447.MAE_11870	245	11
6325228	449447.MAE_34130	14.5	2
6321890	449447.MAE_00750	32.0	2
6324474	449447.MAE_26590	15.7	1
6327612	449447.MAE_57970	81.0	2
6327732	449447.MAE_59170	380	14
6327545	449447.MAE_57300	344	7
6322244	449447.MAE_04290	35.0	1
6321908	449447.MAE_00930	2485	32
6322962	449447.MAE_11470	20.0	1
6326028	449447.MAE_42130	90.2	1
6324873	449447.MAE_30580	68.3	1
6326155	449447.MAE_43400	34.2	3
6327146	449447.MAE_53310	12.9	1
6324965	449447.MAE_31500	14.0	1
6323410	449447.MAE_15950	43.1	2
6325326	449447.MAE_35110	1.49	1
6326856	449447.MAE_50410	17.4	1
6324984	449447.MAE_31690	61.0	5
6325914	449447.MAE_40990	183	1
6326638	449447.MAE_48230	72.8	6
6323505	449447.MAE_16900	33.6	2
6324328	449447.MAE_25130	154	11
6322973	449447.MAE_11580	5.8	1
6322128	449447.MAE_03130	24.3	1
6326083	449447.MAE_42680	116	4
6322119	449447.MAE_03040	25.8	1
6327728	449447.MAE_59130	57.6	1
6322197	449447.MAE_03820	262	39
6323487	449447.MAE_16720	28.1	1
6326101	449447.MAE_42860	30.6	1
6323890	449447.MAE_20750	54.3	1
6324781	449447.MAE_29660	5.9	1
6323444	449447.MAE_16290	76.8	1
6324949	449447.MAE_31340	135	1
6326867	449447.MAE_50520	39.7	2
6324933	449447.MAE_31180	88.8	5
6324654	449447.MAE_28390	115	1
6323397	449447.MAE_15820	50.2	2
6324586	449447.MAE_27710	105	1
6325188	449447.MAE_33730	28.3	1
6325709	449447.MAE_38940	2.81	1
6324202	449447.MAE_23870	14.4	1
6324180	449447.MAE_23650	25.6	1
6326339	449447.MAE_45240	265	8
6325664	449447.MAE_38490	97.0	1
6327272	449447.MAE_54570	64.5	3
6326821	449447.MAE_50060	665	32
6326805	449447.MAE_49900	48.1	2
6322206	449447.MAE_03910	44.3	2
6325466	449447.MAE_36510	6635	163
6325669	449447.MAE_38540	61.6	9
6327095	449447.MAE_52800	224	18
6322789	449447.MAE_09740	85.9	6
6327662	449447.MAE_58470	0.912	1
6326395	449447.MAE_45800	517	24
6322518	449447.MAE_07030	111	1
6327232	449447.MAE_54170	1.29	2
6324768	449447.MAE_29530	22.9	1
6327337	449447.MAE_55220	70.7	1
6326713	449447.MAE_48980	64.5	1
6327702	449447.MAE_58870	33.0	4
6324082	449447.MAE_22670	2.81	1
6326381	449447.MAE_45660	7.13	1
6323898	449447.MAE_20830	26.1	1
6327246	449447.MAE_54310	16.2	1
6324668	449447.MAE_28530	19.6	1
6326749	449447.MAE_49340	45.6	5
6325478	449447.MAE_36630	764	29
6327183	449447.MAE_53680	29.5	1
6322011	449447.MAE_01960	107	1
6323072	449447.MAE_12570	2819	151
6325592	449447.MAE_37770	36.4	1
6325438	449447.MAE_36230	33.1	1
6327159	449447.MAE_53440	140	1
6323524	449447.MAE_17090	13.5	1
6323666	449447.MAE_18510	29.1	1
6325734	449447.MAE_39190	33.7	2
6322013	449447.MAE_01980	18.1	1
6323074	449447.MAE_12590	16.3	1
6327600	449447.MAE_57850	10.3	1
6327255	449447.MAE_54400	102	1
6325033	449447.MAE_32180	158	2
6323157	449447.MAE_13420	9.69	1
6324426	449447.MAE_26110	33.8	1
6326321	449447.MAE_45060	48.2	3
6323288	449447.MAE_14730	1573	109
6325731	449447.MAE_39160	3.44	1
6328027	449447.MAE_62120	264	2
6327740	449447.MAE_59250	0.285	1
6326823	449447.MAE_50080	2956	76
6325307	449447.MAE_34920	11.3	1
6325991	449447.MAE_41760	28.4	1
6323675	449447.MAE_18600	176	1
6325125	449447.MAE_33100	2.59	2
6324299	449447.MAE_24840	0.208	1
6325160	449447.MAE_33450	84.3	2
6324397	449447.MAE_25820	87.9	1
6327017	449447.MAE_52020	0.208	1
6326732	449447.MAE_49170	26.3	1
6328064	449447.MAE_62490	230	9
6325549	449447.MAE_37340	26.8	4
6321949	449447.MAE_01340	818	5
6324165	449447.MAE_23500	25.4	2
6326326	449447.MAE_45110	18.1	1
6325573	449447.MAE_37580	102	5
6323271	449447.MAE_14560	50.2	1
6323137	449447.MAE_13220	12.2	1
6321989	449447.MAE_01740	45.2	3
6327493	449447.MAE_56780	201	8
6327942	449447.MAE_61270	149	1
6328042	449447.MAE_62270	2.81	1
6327429	449447.MAE_56140	66.2	1
6323641	449447.MAE_18260	17.9	1
6328093	449447.MAE_62780	362	20
6322339	449447.MAE_05240	88.0	8
6324314	449447.MAE_24990	32.2	2
6322914	449447.MAE_10990	5.46	1
6322848	449447.MAE_10330	122	6
6324934	449447.MAE_31190	60.3	1
6325431	449447.MAE_36160	14.0	1
6327201	449447.MAE_53860	20.5	1
6323369	449447.MAE_15540	57.2	3
6325244	449447.MAE_34290	5.32	2
6326568	449447.MAE_47530	1067	20
6324235	449447.MAE_24200	21.0	1
6327840	449447.MAE_60250	20.0	1
6323216	449447.MAE_14010	44.6	1
6322866	449447.MAE_10510	308	74
6325992	449447.MAE_41770	46.2	1
6325963	449447.MAE_41480	20.0	1
6326653	449447.MAE_48380	1731	64
6322259	449447.MAE_04440	16.7	1
6325973	449447.MAE_41580	27.5	1
6322648	449447.MAE_08330	22.9	2
6325260	449447.MAE_34450	0.486	1
6324613	449447.MAE_27980	96.2	8
6327128	449447.MAE_53130	11.8	1
6324281	449447.MAE_24660	77.4	1
6321825	449447.MAE_00100	19.6	2
6322624	449447.MAE_08090	20.2	2
6322926	449447.MAE_11110	88.0	8
6325400	449447.MAE_35850	38.7	4
6322857	449447.MAE_10420	74.5	1
6326495	449447.MAE_46800	47.9	2
6325851	449447.MAE_40360	1.51	1
6324742	449447.MAE_29270	200	4
6326903	449447.MAE_50880	12.9	1
6321847	449447.MAE_00320	162	6
6327858	449447.MAE_60430	28.4	2
6326213	449447.MAE_43980	381	38
6322663	449447.MAE_08480	40.3	2
6323987	449447.MAE_21720	16.6	1
6324267	449447.MAE_24520	44.3	2
6326268	449447.MAE_44530	27.4	1
6323593	449447.MAE_17780	95.3	7
6324318	449447.MAE_25030	6164	426
6327491	449447.MAE_56760	62.7	1
6322381	449447.MAE_05660	53.2	1
6323501	449447.MAE_16860	206	7
6323353	449447.MAE_15380	15.8	2
6322274	449447.MAE_04590	53.6	3
6322219	449447.MAE_04040	38.4	1
6322306	449447.MAE_04910	217	1
6323475	449447.MAE_16600	32.3	2
6322136	449447.MAE_03210	14.4	1
6322998	449447.MAE_11830	353	1
6324968	449447.MAE_31530	61.3	2
6321907	449447.MAE_00920	8762	676
6327847	449447.MAE_60320	460	1
6322906	449447.MAE_10910	13.7	1
6324874	449447.MAE_30590	27.0	1
6322218	449447.MAE_04030	193	3
6323474	449447.MAE_16590	266	25
6326426	449447.MAE_46110	40.0	2
6323409	449447.MAE_15940	110	1
6324890	449447.MAE_30750	111	1
6324260	449447.MAE_24450	126860	3699
6327054	449447.MAE_52390	46.4	1
6322277	449447.MAE_04620	1251	86
6323506	449447.MAE_16910	82.6	1
6326474	449447.MAE_46590	26.4	2
6323441	449447.MAE_16260	12.6	1
6326639	449447.MAE_48240	63.7	1
6328116	449447.MAE_63010	19.3	1
6326102	449447.MAE_42870	2.81	1
6324685	449447.MAE_28700	136	1
6324531	449447.MAE_27160	99.0	6
6326084	449447.MAE_42690	0.204	1
6324727	449447.MAE_29120	90.3	1
6323488	449447.MAE_16730	56.9	1
6326452	449447.MAE_46370	4.2	1
6322200	449447.MAE_03850	16.8	1
6326020	449447.MAE_42050	11.4	2
6326983	449447.MAE_51680	582	23
6325646	449447.MAE_38310	78.6	1
6324764	449447.MAE_29490	143	1
6326812	449447.MAE_49970	1.38	1
6324203	449447.MAE_23880	27.2	4
6326868	449447.MAE_50530	9.01	3
6324005	449447.MAE_21900	234	17
6325371	449447.MAE_35560	41.0	4
6324033	449447.MAE_22180	2.36	2
6324616	449447.MAE_28010	23.5	1
6324336	449447.MAE_25210	101	4
6322526	449447.MAE_07110	66.8	4
6324099	449447.MAE_22840	1.61	1
6324201	449447.MAE_23860	67.1	4
6322434	449447.MAE_06190	21.2	1
6326042	449447.MAE_42270	45.6	2
6327269	449447.MAE_54540	33.9	1
6322097	449447.MAE_02820	74.4	2
6324123	449447.MAE_23080	19.0	1
6324787	449447.MAE_29720	18.6	1
6324939	449447.MAE_31240	21.8	1
6326880	449447.MAE_50650	44.7	2
6326990	449447.MAE_51750	5.89	1
6324222	449447.MAE_24070	13.1	1
6325670	449447.MAE_38550	18.0	4
6327229	449447.MAE_54140	19.3	1
6324242	449447.MAE_24270	51.1	2
6322517	449447.MAE_07020	6.8	1
6326402	449447.MAE_45870	35.0	1
6325697	449447.MAE_38820	27.2	4
6327646	449447.MAE_58310	56.2	1
6327701	449447.MAE_58860	2151	48
6322695	449447.MAE_08800	15.1	1
6322045	449447.MAE_02300	11.9	2
6323262	449447.MAE_14470	33.7	1
6322768	449447.MAE_09530	16.3	1
6323039	449447.MAE_12240	20.1	1
6322452	449447.MAE_06370	342	15
6326376	449447.MAE_45610	43.3	2
6322590	449447.MAE_07750	27.2	2
6322024	449447.MAE_02090	447	36
6326062	449447.MAE_42470	23.2	1
6325477	449447.MAE_36620	273	7
6328115	449447.MAE_63000	19.3	1
6327184	449447.MAE_53690	323	5
6322012	449447.MAE_01970	123	2
6326373	449447.MAE_45580	26.6	1
6321955	449447.MAE_01400	2.76	1
6327641	449447.MAE_58260	50.2	1
6327080	449447.MAE_52650	24.7	1
6327045	449447.MAE_52300	37.2	7
6323586	449447.MAE_17710	1.53	1
6327358	449447.MAE_55430	119	3
6327783	449447.MAE_59680	67.8	5
6325034	449447.MAE_32190	12.8	2
6322104	449447.MAE_02890	24.9	1
6325434	449447.MAE_36190	30.2	1
6327327	449447.MAE_55120	62.8	2
6326947	449447.MAE_51320	26.7	1
6326668	449447.MAE_48530	22.7	1
6327258	449447.MAE_54430	17.9	2
6325833	449447.MAE_40180	36.7	3
6325490	449447.MAE_36750	28.6	3
6323554	449447.MAE_17390	104	6
6325873	449447.MAE_40580	122	3
6324161	449447.MAE_23460	8.3	1
6325355	449447.MAE_35400	80.6	1
6326570	449447.MAE_47550	18.4	2
6325308	449447.MAE_34930	12.2	1
6323530	449447.MAE_17150	115	3
6327623	449447.MAE_58080	6.25	4
6323555	449447.MAE_17400	28.8	1
6327737	449447.MAE_59220	163	13
6325790	449447.MAE_39750	141	2
6323232	449447.MAE_14170	59.9	2
6325161	449447.MAE_33460	41.9	1
6327750	449447.MAE_59350	6.25	4
6325114	449447.MAE_32990	3019	115
6323552	449447.MAE_17370	11.3	1
6323682	449447.MAE_18670	16.5	1
6325059	449447.MAE_32440	111	3
6322455	449447.MAE_06400	20.7	1
6322065	449447.MAE_02500	1334	38
6327703	449447.MAE_58880	31.5	1
6326936	449447.MAE_51210	4.95	1
6325952	449447.MAE_41370	25.1	1
6327064	449447.MAE_52490	51.9	1
6326849	449447.MAE_50340	14.7	1
6321990	449447.MAE_01750	32.7	2
6328021	449447.MAE_62060	234	43
6327906	449447.MAE_60910	17.5	2
6323664	449447.MAE_18490	21.2	1
6327494	449447.MAE_56790	29.5	1
6323286	449447.MAE_14710	19.7	1
6325027	449447.MAE_32120	17.9	1
6323780	449447.MAE_19650	16.9	1
6322844	449447.MAE_10290	26.3	1
6322717	449447.MAE_09020	20.4	1
6323685	449447.MAE_18700	27.6	1
6328051	449447.MAE_62360	20.7	3
6324048	449447.MAE_22330	63.5	1
6321881	449447.MAE_00660	28.4	2
6325972	449447.MAE_41570	43.1	3
6327961	449447.MAE_61460	4.69	3
6325432	449447.MAE_36170	21.1	1
6327495	449447.MAE_56800	84.6	3
6323653	449447.MAE_18380	2498	103
6322643	449447.MAE_08280	81.0	4
6322402	449447.MAE_05870	77.4	5
6327923	449447.MAE_61080	32.9	4
6323979	449447.MAE_21640	4717	143
6323368	449447.MAE_15530	17.2	1
6323317	449447.MAE_15020	10.1	2
6323103	449447.MAE_12880	106	1
6327979	449447.MAE_61640	12.7	1
6327592	449447.MAE_57770	2.43	1
6322260	449447.MAE_04450	10.8	1
6327699	449447.MAE_58840	24.2	1
6325186	449447.MAE_33710	119	10
6323254	449447.MAE_14390	75.0	1
6328099	449447.MAE_62840	1745	61
6327408	449447.MAE_55930	85.8	2
6322647	449447.MAE_08320	0.211	1
6324614	449447.MAE_27990	11128	1149
6324282	449447.MAE_24670	186	2
6328083	449447.MAE_62680	2372	78
6325530	449447.MAE_37150	14.3	1
6325857	449447.MAE_40420	157	3
6326496	449447.MAE_46810	21.8	3
6327994	449447.MAE_61790	35.4	2
6322179	449447.MAE_03640	63.0	2
6326489	449447.MAE_46740	189	8
6326436	449447.MAE_46210	34.2	1
6325184	449447.MAE_33690	424	32
6323988	449447.MAE_21730	168	9
6323359	449447.MAE_15440	28.1	1
6327379	449447.MAE_55640	33.4	1
6323787	449447.MAE_19720	125	1
6327828	449447.MAE_60130	1.32	1
6322598	449447.MAE_07830	1.29	2
6322664	449447.MAE_08490	6.25	4
6327472	449447.MAE_56570	14.0	1
6323310	449447.MAE_14950	337	2
6322640	449447.MAE_08250	105	1
6325289	449447.MAE_34740	204	2
6322125	449447.MAE_03100	13.3	1
6323740	449447.MAE_19250	28.6	4
6324844	449447.MAE_30290	109	1
6327568	449447.MAE_57530	43.5	3
6324715	449447.MAE_29000	19.1	1
6324967	449447.MAE_31520	34.9	2
6327007	449447.MAE_51920	21.6	1
6327779	449447.MAE_59640	1736	103
6325323	449447.MAE_35080	75.0	4
6322693	449447.MAE_08780	81.8	1
6327557	449447.MAE_57420	263	8
6326858	449447.MAE_50430	47.0	4
6323180	449447.MAE_13650	30.0	1
6326591	449447.MAE_47760	68.1	1
6324261	449447.MAE_24460	87501	2379
6327534	449447.MAE_57190	1021	34
6326544	449447.MAE_47290	17417	422
6323055	449447.MAE_12400	8.23	1
6324761	449447.MAE_29460	7.85	1
6324479	449447.MAE_26640	10.6	1
6323507	449447.MAE_16920	135	5
6322940	449447.MAE_11250	116	6
6321879	449447.MAE_00640	1004	74
6324532	449447.MAE_27170	190	7
6322094	449447.MAE_02790	2509	50
6326984	449447.MAE_51690	55.8	4
6324779	449447.MAE_29640	5.04	3
6325243	449447.MAE_34280	2.36	2
6322199	449447.MAE_03840	18.7	1
6321901	449447.MAE_00860	7.13	1
6326471	449447.MAE_46560	46.3	2
6324858	449447.MAE_30430	13.3	1
6322682	449447.MAE_08670	16.2	1
6326406	449447.MAE_45910	49.1	3
6324182	449447.MAE_23670	16.5	1
6324650	449447.MAE_28350	61.1	6
6324675	449447.MAE_28600	2.36	2
6322433	449447.MAE_06180	101	3
6326744	449447.MAE_49290	68.2	1
6324122	449447.MAE_23070	33.9	2
6326361	449447.MAE_45460	0.207	1
6323050	449447.MAE_12350	15.0	1
6327223	449447.MAE_54080	34.2	5
6325771	449447.MAE_39560	54.9	1
6326175	449447.MAE_43600	66.6	3
6325671	449447.MAE_38560	8.57	3
6327656	449447.MAE_58410	9.41	1
6325696	449447.MAE_38810	169	1
6327101	449447.MAE_52860	43.4	2
6324643	449447.MAE_28280	7.15	1
6322121	449447.MAE_03060	10.2	1
6324506	449447.MAE_26910	7.43	1
6324239	449447.MAE_24240	25.3	1
6322451	449447.MAE_06360	260	9
6327335	449447.MAE_55200	36.8	1
6322591	449447.MAE_07760	78.7	1
6324076	449447.MAE_22610	18.0	1
6325476	449447.MAE_36610	46.1	2
6326614	449447.MAE_47990	20.1	1
6324357	449447.MAE_25420	48.4	2
6322571	449447.MAE_07560	168	44
6325974	449447.MAE_41590	80.5	2
6326374	449447.MAE_45590	13.8	2
6323090	449447.MAE_12750	61.1	3
6322333	449447.MAE_05180	0.208	1
6327640	449447.MAE_58250	27.5	1
6324100	449447.MAE_22850	32.6	3
6327106	449447.MAE_52910	12.6	1
6322489	449447.MAE_06740	32.0	2
6327359	449447.MAE_55440	60.5	3
6322740	449447.MAE_09250	11.2	1
6322471	449447.MAE_06560	64.5	1
6325076	449447.MAE_32610	12.1	2
6324147	449447.MAE_23320	177	8
6324428	449447.MAE_26130	25.7	1
6326319	449447.MAE_45040	738	24
6325491	449447.MAE_36760	239	19
6325577	449447.MAE_37620	17121	384
6323913	449447.MAE_20980	91.2	3
6321984	449447.MAE_01690	74.6	1
6325736	449447.MAE_39210	785	87
6325044	449447.MAE_32290	3.71	1
6325676	449447.MAE_38610	34.5	17
6321965	449447.MAE_01500	42.2	3
6327738	449447.MAE_59230	5358	74
6324301	449447.MAE_24860	76.6	1
6325162	449447.MAE_33470	95.2	1
6323264	449447.MAE_14490	131	1
6327015	449447.MAE_52000	18.6	5
6325062	449447.MAE_32470	8392	371
6328062	449447.MAE_62470	8.92	1
6327081	449447.MAE_52660	64.7	2
6325813	449447.MAE_39980	38.0	2
6326726	449447.MAE_49110	45.2	1
6326656	449447.MAE_48410	6.25	4
6323269	449447.MAE_14540	69.7	1
6324018	449447.MAE_22030	115	3
6323377	449447.MAE_15620	53.6	6
6322108	449447.MAE_02930	47.2	1
6324167	449447.MAE_23520	25.9	1
6326850	449447.MAE_50350	29.8	1
6323585	449447.MAE_17700	76.5	2
6326612	449447.MAE_47970	16.2	1
6325287	449447.MAE_34720	1.83	1
6327940	449447.MAE_61250	50.7	1
6327041	449447.MAE_52260	8.91	1
6323777	449447.MAE_19620	1383	12
6327214	449447.MAE_53990	4875	173
6328036	449447.MAE_62210	31.7	1
6321918	449447.MAE_01030	6.83	3
6326775	449447.MAE_49600	0.207	1
6322622	449447.MAE_08070	199	10
6325102	449447.MAE_32870	31.3	1
6326057	449447.MAE_42420	5.23	1
6323571	449447.MAE_17560	25.4	1
6323654	449447.MAE_18390	136	4
6327449	449447.MAE_56340	4.2	1
6325978	449447.MAE_41630	197	3
6325398	449447.MAE_35830	13088	361
6323768	449447.MAE_19530	104	8
6325505	449447.MAE_36900	43.9	1
6325258	449447.MAE_34430	1.41	2
6327947	449447.MAE_61320	11.9	1
6323201	449447.MAE_13860	116	1
6325185	449447.MAE_33700	262	1
6328100	449447.MAE_62850	21.9	2
6324796	449447.MAE_29810	38.0	2
6327407	449447.MAE_55920	29.0	1
6327805	449447.MAE_59900	64.6	1
6326679	449447.MAE_48640	107	1
6321827	449447.MAE_00120	47.4	1
6328084	449447.MAE_62690	109	4
6322361	449447.MAE_05460	26.6	3
6325858	449447.MAE_40430	61.3	1
6326557	449447.MAE_47420	25.5	2
6326788	449447.MAE_49730	92.6	1
6323617	449447.MAE_18020	230	1
6323287	449447.MAE_14720	137	1
6325357	449447.MAE_35420	51.9	1
6322986	449447.MAE_11710	14.5	1
6325003	449447.MAE_31880	53.9	1
6326575	449447.MAE_47600	22.1	3
6327884	449447.MAE_60690	149	3
6327827	449447.MAE_60120	73.0	1
6324265	449447.MAE_24500	11.1	1
6326270	449447.MAE_44550	10.2	1
6323973	449447.MAE_21580	107	1
6326534	449447.MAE_47190	94.1	1
6324807	449447.MAE_29920	71.1	1
6323499	449447.MAE_16840	6.47	1
6322641	449447.MAE_08260	262	14
6323708	449447.MAE_18930	37.2	1
6322997	449447.MAE_11820	713	18
6322954	449447.MAE_11390	114	2
6327489	449447.MAE_56740	1724	39
6327613	449447.MAE_57980	9.79	1
6324266	449447.MAE_24510	61.3	5
6325205	449447.MAE_33900	155	7
6324923	449447.MAE_31080	76.8	1
6325324	449447.MAE_35090	3093	112
6322977	449447.MAE_11620	2.19	1
6327558	449447.MAE_57430	194	4
6326857	449447.MAE_50420	321	48
6323951	449447.MAE_21360	44.2	1
6326543	449447.MAE_47280	124	2
6326310	449447.MAE_44950	9.22	1
6327533	449447.MAE_57180	550	23
6323752	449447.MAE_19370	13.6	1
6323984	449447.MAE_21690	25.1	2
6322248	449447.MAE_04330	108	1
6323833	449447.MAE_20180	447	71
6326621	449447.MAE_48060	6.25	4
6323933	449447.MAE_21180	20.1	1
6325644	449447.MAE_38290	15.6	1
6326454	449447.MAE_46390	51.3	2
6322550	449447.MAE_07350	82.1	2
6322093	449447.MAE_02780	16.7	1
6325611	449447.MAE_37960	29.3	1
6324584	449447.MAE_27690	32.6	1
6327136	449447.MAE_53210	110	4
6327538	449447.MAE_57230	98.5	1
6322080	449447.MAE_02650	17.7	1
6324011	449447.MAE_21960	26.2	1
6323400	449447.MAE_15850	113	5
6322193	449447.MAE_03780	14.5	4
6324589	449447.MAE_27740	40.7	1
6324445	449447.MAE_26300	6092	288
6322142	449447.MAE_03270	0.207	1
6322432	449447.MAE_06170	120	4
6324649	449447.MAE_28340	131	2
6326040	449447.MAE_42250	12.3	1
6327267	449447.MAE_54520	96.4	23
6322748	449447.MAE_09330	4.43	1
6323430	449447.MAE_16150	234	1
6325496	449447.MAE_36810	40.6	3
6324941	449447.MAE_31260	44.4	2
6322503	449447.MAE_06880	20.6	1
6325672	449447.MAE_38570	3.39	2
6326182	449447.MAE_43670	7648	440
6324644	449447.MAE_28290	25.0	1
6327100	449447.MAE_52850	70.1	2
6325695	449447.MAE_38800	277	19
6324687	449447.MAE_28720	78.2	1
6324345	449447.MAE_25300	5.29	4
6324505	449447.MAE_26900	26.8	1
6322047	449447.MAE_02320	114	4
6325019	449447.MAE_32040	18.8	1
6324405	449447.MAE_25900	51.4	1
6322880	449447.MAE_10650	41.1	1
6327677	449447.MAE_58620	12.2	1
6322794	449447.MAE_09790	82.4	2
6326064	449447.MAE_42490	22.2	1
6324135	449447.MAE_23200	4.69	3
6326080	449447.MAE_42650	1.43	1
6328121	449447.MAE_63060	4.94	1
6322204	449447.MAE_03890	31.1	1
6325354	449447.MAE_35390	722	38
6327668	449447.MAE_58530	18.7	2
6326602	449447.MAE_47870	7149	144
6327158	449447.MAE_53430	331	20
6325712	449447.MAE_38970	29.8	2
6324097	449447.MAE_22820	32.4	3
6327107	449447.MAE_52920	21.9	1
6322581	449447.MAE_07660	127	1
6324680	449447.MAE_28650	7.35	1
6327082	449447.MAE_52670	56.4	1
6322437	449447.MAE_06220	9825	637
6323156	449447.MAE_13410	13.4	1
6322494	449447.MAE_06790	38.2	1
6324427	449447.MAE_26120	39.9	3
6327898	449447.MAE_60830	48.3	4
6325588	449447.MAE_37730	46.3	3
6326844	449447.MAE_50290	45.2	1
6325578	449447.MAE_37630	66.0	3
6323058	449447.MAE_12430	29.7	3
6323225	449447.MAE_14100	221	2
6325737	449447.MAE_39220	34.3	1
6325675	449447.MAE_38600	17.2	8
6323575	449447.MAE_17600	99.9	1
6327415	449447.MAE_56000	133	1
6323263	449447.MAE_14480	32.2	3
6325061	449447.MAE_32460	40.7	2
6326727	449447.MAE_49120	519	1
6328034	449447.MAE_62190	24.5	2
6324070	449447.MAE_22550	49.6	2
6325041	449447.MAE_32260	32.2	3
6324015	449447.MAE_22000	126	1
6326077	449447.MAE_42620	28.4	1
6327373	449447.MAE_55580	119	15
6323270	449447.MAE_14550	191	10
6324134	449447.MAE_23190	115	5
6322902	449447.MAE_10870	4.69	3
6327300	449447.MAE_54850	142	13
6326851	449447.MAE_50360	131	10
6323543	449447.MAE_17280	34.4	2
6327912	449447.MAE_60970	248	14
6324935	449447.MAE_31200	21.8	4
6326831	449447.MAE_50160	3214	192
6323124	449447.MAE_13090	302	20
6323592	449447.MAE_17770	40.3	1
6326609	449447.MAE_47940	14684	298
6322842	449447.MAE_10270	32178	841
6325288	449447.MAE_34730	19.4	3
6322497	449447.MAE_06820	1428	19
6327939	449447.MAE_61240	161	28
6325292	449447.MAE_34770	38.7	1
6327432	449447.MAE_56170	54.2	1
6325117	449447.MAE_33020	2354	16
6326258	449447.MAE_44430	47.6	2
6325717	449447.MAE_39020	17.9	2
6327025	449447.MAE_52100	43.7	1
6327213	449447.MAE_53980	19.4	1
6323687	449447.MAE_18720	110	1
6323321	449447.MAE_15060	29.6	1
6322336	449447.MAE_05210	64.4	4
6327550	449447.MAE_57350	733	9
6323182	449447.MAE_13670	75.2	4
6327935	449447.MAE_61200	58.2	2
6327200	449447.MAE_53850	167	7
6326931	449447.MAE_51160	91.5	1
6323230	449447.MAE_14150	231	4
6327752	449447.MAE_59370	475	25
6327955	449447.MAE_61400	0.204	1
6325977	449447.MAE_41620	90.8	1
6325410	449447.MAE_35950	33.5	1
6324827	449447.MAE_30120	16.7	1
6322816	449447.MAE_10010	2087	304
6327948	449447.MAE_61330	58.0	5
6327450	449447.MAE_56350	119	6
6323295	449447.MAE_14800	6581	445
6322853	449447.MAE_10380	308	74
6323649	449447.MAE_18340	19.6	1
6328068	449447.MAE_62530	104	9
6322347	449447.MAE_05320	51.1	1
6324995	449447.MAE_31800	3251	37
6323375	449447.MAE_15600	42.9	2
6325928	449447.MAE_41130	1543	19
6321861	449447.MAE_00460	77.7	1
6322985	449447.MAE_11700	15.1	2
6325903	449447.MAE_40880	71.7	1
6325189	449447.MAE_33740	137	1
6326304	449447.MAE_44890	125	1
6322827	449447.MAE_10120	14.2	1
6327478	449447.MAE_56630	81.0	12
6323935	449447.MAE_21200	23.5	1
6323361	449447.MAE_15460	65.4	1
6323789	449447.MAE_19740	21.1	2
6322642	449447.MAE_08270	22.2	3
6325746	449447.MAE_39310	1.29	2
6323974	449447.MAE_21590	16.6	1
6323334	449447.MAE_15190	6.86	1
6327490	449447.MAE_56750	11.8	1
6324808	449447.MAE_29930	23.6	1
6323308	449447.MAE_14930	44.0	3
6324494	449447.MAE_26790	105	2
6327795	449447.MAE_59800	64.7	1
6324383	449447.MAE_25680	23.2	1
6322953	449447.MAE_11380	107	1
6323705	449447.MAE_18900	26.9	1
6326199	449447.MAE_43840	19.3	2
6327874	449447.MAE_60590	29.8	4
6322367	449447.MAE_05520	43.6	1
6323926	449447.MAE_21110	25.1	1
6326473	449447.MAE_46580	26.4	2
6324597	449447.MAE_27820	10.7	1
6323366	449447.MAE_15510	7.13	1
6326571	449447.MAE_47560	709	54
6323469	449447.MAE_16540	1.51	1
6321835	449447.MAE_00200	27.3	2
6326641	449447.MAE_48260	53.7	3
6327852	449447.MAE_60370	213	2
6323952	449447.MAE_21370	21.4	1
6324714	449447.MAE_28990	19.6	1
6324885	449447.MAE_30700	8.04	2
6324487	449447.MAE_26720	16.1	1
6325196	449447.MAE_33810	126	1
6327555	449447.MAE_57400	295	9
6322161	449447.MAE_03460	15.1	3
6326309	449447.MAE_44940	865	35
6324481	449447.MAE_26660	59.0	1
6323509	449447.MAE_16940	78.3	4
6323250	449447.MAE_14350	67.6	6
6322802	449447.MAE_09870	2.36	2
6324739	449447.MAE_29240	34.7	2
6324461	449447.MAE_26460	7.35	1
6326622	449447.MAE_48070	7.45	1
6324368	449447.MAE_25530	14.6	1
6324726	449447.MAE_29110	55.9	11
6322146	449447.MAE_03310	25.3	2
6325610	449447.MAE_37950	460	12
6322201	449447.MAE_03860	16.7	1
6323491	449447.MAE_16760	23.1	1
6322551	449447.MAE_07360	188	4
6327552	449447.MAE_57370	144	3
6327137	449447.MAE_53220	71.9	1
6322615	449447.MAE_08000	102	2
6324246	449447.MAE_24310	47.9	3
6327539	449447.MAE_57240	187	6
6324012	449447.MAE_21970	5.29	4
6322194	449447.MAE_03790	6.84	1
6323161	449447.MAE_13460	20.0	1
6322847	449447.MAE_10320	57.6	3
6322229	449447.MAE_04140	8.77	1
6326464	449447.MAE_46490	177	1
6322780	449447.MAE_09650	86.6	5
6322431	449447.MAE_06160	24.5	2
6322745	449447.MAE_09300	21.9	2
6324198	449447.MAE_23830	62.5	1
6324495	449447.MAE_26800	44.4	4
6322083	449447.MAE_02680	23.5	1
6328013	449447.MAE_61980	13.4	1
6324120	449447.MAE_23050	23.2	1
6325595	449447.MAE_37800	77.6	2
6324942	449447.MAE_31270	106	5
6322504	449447.MAE_06890	6.1	1
6326991	449447.MAE_51760	98.4	1
6326181	449447.MAE_43660	135	5
6327168	449447.MAE_53530	1.38	1
6323814	449447.MAE_19990	1393	105
6324508	449447.MAE_26930	150	1
6325970	449447.MAE_41550	14.0	1
6324712	449447.MAE_28970	85.9	1
6324346	449447.MAE_25310	20.4	2
6324406	449447.MAE_25910	62.8	1
6322445	449447.MAE_06300	1023	64
6323315	449447.MAE_15000	20.4	1
6324138	449447.MAE_23230	77.2	2
6326377	449447.MAE_45620	63.2	1
6327781	449447.MAE_59660	63.6	2
6327277	449447.MAE_54620	1.54	1
6326834	449447.MAE_50190	26.3	1
6322424	449447.MAE_06090	26609	1793
6328120	449447.MAE_63050	17.8	1
6326890	449447.MAE_50750	1.51	1
6325876	449447.MAE_40610	79.2	2
6325304	449447.MAE_34890	1132	92
6325353	449447.MAE_35380	2.74	1
6323088	449447.MAE_12730	5.72	1
6327108	449447.MAE_52930	42.5	1
6322764	449447.MAE_09490	171	2
6326408	449447.MAE_45930	66.0	3
6325705	449447.MAE_38900	146	1
6324109	449447.MAE_22940	55.5	2
6321938	449447.MAE_01230	10.4	1
6327314	449447.MAE_54990	6.25	4
6322742	449447.MAE_09270	49.0	1
6322469	449447.MAE_06540	25.4	1
6326386	449447.MAE_45710	55.5	1
6322762	449447.MAE_09470	54.9	1
6322493	449447.MAE_06780	143	7
6325485	449447.MAE_36700	49.2	3
6324145	449447.MAE_23300	7128	123
6325738	449447.MAE_39230	29.9	1
6326740	449447.MAE_49250	42.0	4
6325311	449447.MAE_34960	26.6	1
6325575	449447.MAE_37600	102	5
6323057	449447.MAE_12420	6.52	1
6323108	449447.MAE_12930	16.2	1
6328011	449447.MAE_61960	95.7	7
6327186	449447.MAE_53710	10.5	1
6325265	449447.MAE_34500	0.208	1
