#id: 63
#name: M.aeruginosa - Whole organism, PCC7806, SC (Alexova,MCP,2011)
#score: 3.16
#weight: 10%
#description: abundance based on Spectral counting PCC7806, PCC7806, from<a href="http://www.ncbi.nlm.nih.gov/pubmed/21610102" target="_blank">Alexova, MCP,2011</a><br/><b>Interaction consistency score</b>: 3.16&nbsp<b>Coverage</b>: 44
#organ: WHOLE_ORGANISM
#integrated: false
#coverage: 44
#publication_year: 2011
#filename: 449447-MicrocystisAeruginosa_strainNIES-843_PCC7806_PRIDE.txt
#
#internal_id	string_external_id	abundance	raw_spectral_count
6323645	449447.MAE_18300	101	3
6328077	449447.MAE_62620	40.7	1
6326156	449447.MAE_43410	30.0	1
6327474	449447.MAE_56590	13.1	4
6327747	449447.MAE_59320	32.3	1
6322654	449447.MAE_08390	18.4	1
6327346	449447.MAE_55310	4.78	1
6326866	449447.MAE_50510	53.0	2
6324653	449447.MAE_28380	14.9	1
6327646	449447.MAE_58310	18.9	1
6324351	449447.MAE_25360	6.33	1
6324058	449447.MAE_22430	5.92	1
6324742	449447.MAE_29270	13.2	1
6326604	449447.MAE_47890	3969	314
6327038	449447.MAE_52230	0.475	1
6326309	449447.MAE_44940	1094	74
6324488	449447.MAE_26730	60.4	5
6326755	449447.MAE_49400	9.64	1
6323555	449447.MAE_17400	46.9	2
6324727	449447.MAE_29120	49.0	1
6327074	449447.MAE_52590	29.4	1
6326471	449447.MAE_46560	37.3	3
6322872	449447.MAE_10570	6.56	1
6327191	449447.MAE_53760	1218	84
6327358	449447.MAE_55430	89.4	4
6327442	449447.MAE_56270	5040	118
6322993	449447.MAE_11780	257	11
6324236	449447.MAE_24210	18.4	4
6326139	449447.MAE_43240	11.0	3
6327630	449447.MAE_58150	44.0	3
6322459	449447.MAE_06440	17.0	1
6322145	449447.MAE_03300	6.32	1
6324095	449447.MAE_22800	6.84	3
6326577	449447.MAE_47620	13.2	3
6326637	449447.MAE_48220	17.3	1
6325133	449447.MAE_33180	35.1	1
6326192	449447.MAE_43770	131	1
6324797	449447.MAE_29820	78.8	52
6322844	449447.MAE_10290	6.07	1
6325978	449447.MAE_41630	1607	37
6322739	449447.MAE_09240	33.4	1
6324708	449447.MAE_28930	118	6
6326273	449447.MAE_44580	68.6	2
6327794	449447.MAE_59790	1.26	2
6322975	449447.MAE_11600	6.79	1
6326457	449447.MAE_46420	13.4	3
6324268	449447.MAE_24530	124	5
6324007	449447.MAE_21920	70.3	6
6325779	449447.MAE_39640	42.6	4
6326325	449447.MAE_45100	31.5	2
6326911	449447.MAE_50960	4.11	1
6325226	449447.MAE_34110	28.1	1
6327216	449447.MAE_54010	81.3	4
6322051	449447.MAE_02360	2.87	1
6325902	449447.MAE_40870	5.74	1
6326645	449447.MAE_48300	20.6	1
6327681	449447.MAE_58660	179	7
6327415	449447.MAE_56000	93.0	1
6323304	449447.MAE_14890	21.7	1
6324531	449447.MAE_27160	63.9	7
6325062	449447.MAE_32470	7090	594
6321944	449447.MAE_01290	53.0	1
6323416	449447.MAE_16010	6.29	2
6324942	449447.MAE_31270	24.8	2
6323758	449447.MAE_19430	8.15	1
6326395	449447.MAE_45800	215	18
6325197	449447.MAE_33820	22.3	1
6324975	449447.MAE_31600	48.4	3
6327121	449447.MAE_53060	1.18	2
6324114	449447.MAE_22990	91.3	1
6322841	449447.MAE_10260	23974	1173
6327814	449447.MAE_59990	1236	25
6327302	449447.MAE_54870	11.0	1
6321908	449447.MAE_00930	4184	65
6325945	449447.MAE_41300	86.6	2
6322672	449447.MAE_08570	157	1
6323944	449447.MAE_21290	9.85	2
6324819	449447.MAE_30040	52.9	2
6323691	449447.MAE_18760	7.9	1
6325798	449447.MAE_39830	10.2	1
6325573	449447.MAE_37580	17.7	1
6325173	449447.MAE_33580	6.1	1
6324161	449447.MAE_23460	5.19	1
6322452	449447.MAE_06370	204	13
6322415	449447.MAE_06000	210	21
6324961	449447.MAE_31460	59.1	4
6326892	449447.MAE_50770	21.3	6
6327900	449447.MAE_60850	22.9	2
6326261	449447.MAE_44460	0.463	1
6326453	449447.MAE_46380	6.9	2
6325722	449447.MAE_39070	197	9
6327800	449447.MAE_59850	0.933	1
6324206	449447.MAE_23910	447	15
6323660	449447.MAE_18450	11.6	1
6323124	449447.MAE_13090	496	66
6324072	449447.MAE_22570	9.66	2
6324050	449447.MAE_22350	6.96	2
6322406	449447.MAE_05910	66.0	1
6325461	449447.MAE_36460	13.9	1
6325822	449447.MAE_40070	36.4	1
6327658	449447.MAE_58430	11.9	3
6325833	449447.MAE_40180	16.9	2
6325440	449447.MAE_36250	113	1
6326883	449447.MAE_50680	22.6	1
6326418	449447.MAE_46030	1054	26
6325865	449447.MAE_40500	27.8	2
6323394	449447.MAE_15790	39.0	3
6323300	449447.MAE_14850	25.6	1
6323982	449447.MAE_21670	807	34
6327250	449447.MAE_54350	8.16	1
6324876	449447.MAE_30610	47.7	2
6323118	449447.MAE_13030	27.5	2
6322923	449447.MAE_11080	13.1	3
6324238	449447.MAE_24230	34.3	2
6325029	449447.MAE_32140	19.9	4
6322041	449447.MAE_02260	10.4	1
6322864	449447.MAE_10490	19.1	1
6327966	449447.MAE_61510	22.3	1
6322425	449447.MAE_06100	92.8	2
6322663	449447.MAE_08480	8.6	1
6324509	449447.MAE_26940	49.6	2
6324032	449447.MAE_22170	54.0	5
6324506	449447.MAE_26910	5.58	1
6326544	449447.MAE_47290	23400	857
6324128	449447.MAE_23130	55.2	4
6326318	449447.MAE_45030	6.99	1
6326463	449447.MAE_46480	38.8	4
6325296	449447.MAE_34810	24.2	1
6326373	449447.MAE_45580	9.44	1
6327810	449447.MAE_59950	54.1	5
6325437	449447.MAE_36220	5.92	1
6327938	449447.MAE_61230	57.6	4
6327563	449447.MAE_57480	22.2	1
6326949	449447.MAE_51340	127	6
6325851	449447.MAE_40360	1.74	3
6324246	449447.MAE_24310	49.9	5
6322283	449447.MAE_04680	14.1	2
6321923	449447.MAE_01080	74.9	3
6326233	449447.MAE_44180	62.1	8
6323046	449447.MAE_12310	26.1	4
6322997	449447.MAE_11820	163	8
6327083	449447.MAE_52680	178	10
6324834	449447.MAE_30190	19.4	4
6326385	449447.MAE_45700	9.57	1
6322645	449447.MAE_08300	76.3	1
6324620	449447.MAE_28050	222	26
6326109	449447.MAE_42940	36.6	4
6324131	449447.MAE_23160	6.92	1
6323240	449447.MAE_14250	24.1	1
6323544	449447.MAE_17290	94.5	16
6325980	449447.MAE_41650	166	2
6327974	449447.MAE_61590	74.4	2
6322945	449447.MAE_11300	47.4	3
6324120	449447.MAE_23050	4.72	1
6321845	449447.MAE_00300	28.7	1
6324042	449447.MAE_22270	9.58	1
6325125	449447.MAE_33100	5.29	2
6327894	449447.MAE_60790	67.2	8
6322681	449447.MAE_08660	16.1	1
6321938	449447.MAE_01230	14.4	1
6327284	449447.MAE_54690	17.2	1
6325039	449447.MAE_32240	72.3	1
6325370	449447.MAE_35550	25.9	1
6327528	449447.MAE_57130	43.1	1
6325819	449447.MAE_40040	6.95	1
6325027	449447.MAE_32120	18.5	1
6321883	449447.MAE_00680	23.5	1
6323156	449447.MAE_13410	29.1	5
6325991	449447.MAE_41760	57.7	5
6322337	449447.MAE_05220	6.08	1
6322648	449447.MAE_08330	12.7	1
6325905	449447.MAE_40900	1282	169
6323371	449447.MAE_15560	246	5
6324172	449447.MAE_23570	372	36
6322437	449447.MAE_06220	9660	1000
6321995	449447.MAE_01800	33.3	5
6324036	449447.MAE_22210	0.589	1
6325891	449447.MAE_40760	25.7	1
6322563	449447.MAE_07480	0.734	1
6323063	449447.MAE_12480	10.8	2
6323465	449447.MAE_16500	34.7	1
6327988	449447.MAE_61730	47.9	1
6324324	449447.MAE_25090	31.7	1
6324264	449447.MAE_24490	16.1	2
6327813	449447.MAE_59980	42.4	1
6325937	449447.MAE_41220	39.9	3
6324275	449447.MAE_24600	18.3	2
6327373	449447.MAE_55580	356	85
6327701	449447.MAE_58860	2317	99
6326044	449447.MAE_42290	164	1
6324995	449447.MAE_31800	4770	68
6323374	449447.MAE_15590	43.7	3
6322482	449447.MAE_06670	46.0	1
6324242	449447.MAE_24270	250	23
6323338	449447.MAE_15230	127	8
6325229	449447.MAE_34140	4.81	1
6324724	449447.MAE_29090	173	3
6326454	449447.MAE_46390	28.5	2
6325618	449447.MAE_38030	22.3	1
6324738	449447.MAE_29230	6.29	2
6323864	449447.MAE_20490	10.3	1
6322519	449447.MAE_07040	61.6	1
6323192	449447.MAE_13770	19.0	1
6326281	449447.MAE_44660	885	73
6327179	449447.MAE_53640	25.9	1
6327084	449447.MAE_52690	10.6	2
6328068	449447.MAE_62530	238	33
6327779	449447.MAE_59640	1521	150
6327895	449447.MAE_60800	35.6	3
6324126	449447.MAE_23110	1.74	3
6326669	449447.MAE_48540	38.6	1
6326056	449447.MAE_42410	1.74	3
6323066	449447.MAE_12510	39.0	3
6327802	449447.MAE_59870	50.6	2
6324064	449447.MAE_22490	241	7
6326528	449447.MAE_47130	47.9	2
6322973	449447.MAE_11580	16.3	4
6324362	449447.MAE_25470	11.6	1
6322180	449447.MAE_03650	92.1	3
6324500	449447.MAE_26850	15.7	1
6322690	449447.MAE_08750	25.7	1
6327507	449447.MAE_56920	134	5
6327711	449447.MAE_58960	14.1	2
6324758	449447.MAE_29430	0.315	1
6325276	449447.MAE_34610	27.8	2
6325858	449447.MAE_40430	79.5	3
6326393	449447.MAE_45780	12.9	2
6326466	449447.MAE_46510	35.9	2
6323059	449447.MAE_12440	49.5	1
6322142	449447.MAE_03270	1.55	6
6322606	449447.MAE_07910	90.8	3
6323074	449447.MAE_12590	17.8	1
6326976	449447.MAE_51610	46.2	4
6327797	449447.MAE_59820	26.9	4
6322489	449447.MAE_06740	19.6	1
6324077	449447.MAE_22620	1.58	6
6322327	449447.MAE_05120	0.742	1
6321977	449447.MAE_01620	1.87	1
6325148	449447.MAE_33330	10.6	2
6323596	449447.MAE_17810	23.4	1
6324838	449447.MAE_30230	29.1	1
6326569	449447.MAE_47540	1.52	6
6324424	449447.MAE_26090	51.8	4
6322410	449447.MAE_05950	59.9	1
6326622	449447.MAE_48070	5.28	1
6327503	449447.MAE_56880	397	13
6323132	449447.MAE_13170	8.37	1
6324709	449447.MAE_28940	76.4	9
6323153	449447.MAE_13380	383	2
6324139	449447.MAE_23240	47.1	1
6326080	449447.MAE_42650	1.66	3
6324978	449447.MAE_31630	53.1	2
6327871	449447.MAE_60560	8.4	4
6323802	449447.MAE_19870	15.1	3
6322476	449447.MAE_06610	163	9
6324300	449447.MAE_24850	22.0	1
6323935	449447.MAE_21200	40.6	2
6323521	449447.MAE_17060	8.04	1
6327447	449447.MAE_56320	66.5	5
6324182	449447.MAE_23670	27.3	6
6322361	449447.MAE_05460	49.7	6
6325101	449447.MAE_32860	10.1	1
6324332	449447.MAE_25170	24.3	1
6327524	449447.MAE_57090	17.7	1
6325458	449447.MAE_36430	10.1	1
6326361	449447.MAE_45460	1.55	6
6326970	449447.MAE_51550	4.07	2
6324365	449447.MAE_25500	0.933	1
6326830	449447.MAE_50150	1466	50
6322845	449447.MAE_10300	8.52	1
6326057	449447.MAE_42420	5.48	1
6322641	449447.MAE_08260	28.8	2
6324622	449447.MAE_28070	24.5	2
6327605	449447.MAE_57900	11.2	1
6325671	449447.MAE_38560	7.82	3
6327294	449447.MAE_54790	38.3	1
6324650	449447.MAE_28350	13.5	2
6327136	449447.MAE_53210	14.5	1
6327053	449447.MAE_52380	37.8	1
6326171	449447.MAE_43560	10.8	2
6325951	449447.MAE_41360	5.36	1
6327717	449447.MAE_59020	9.07	1
6323658	449447.MAE_18430	350	16
6326495	449447.MAE_46800	193	7
6322100	449447.MAE_02850	24.1	1
6327439	449447.MAE_56240	4.06	1
6326972	449447.MAE_51570	61.3	2
6324796	449447.MAE_29810	15.6	2
6324888	449447.MAE_30730	27.3	1
6323997	449447.MAE_21820	70.3	3
6328020	449447.MAE_62050	2.59	2
6324374	449447.MAE_25590	7.98	1
6323738	449447.MAE_19230	5737	443
6324463	449447.MAE_26480	2.07	3
6326329	449447.MAE_45140	1.24	2
6324827	449447.MAE_30120	10.6	1
6325931	449447.MAE_41160	326	30
6324944	449447.MAE_31290	218	9
6322778	449447.MAE_09630	24.6	2
6328099	449447.MAE_62840	3511	148
6327152	449447.MAE_53370	362	14
6322769	449447.MAE_09540	721	54
6327750	449447.MAE_59350	1.24	2
6324475	449447.MAE_26600	160	1
6327264	449447.MAE_54490	14.8	1
6326966	449447.MAE_51510	0.448	1
6324828	449447.MAE_30130	62.0	1
6323960	449447.MAE_21450	389	27
6326128	449447.MAE_43130	56.4	1
6325257	449447.MAE_34420	50.2	1
6325587	449447.MAE_37720	66.8	13
6327539	449447.MAE_57240	456	18
6326990	449447.MAE_51750	18.2	3
6327923	449447.MAE_61080	22.6	5
6324201	449447.MAE_23860	60.2	5
6327522	449447.MAE_57070	24.6	2
6325633	449447.MAE_38180	298	7
6322854	449447.MAE_10390	44.0	3
6325586	449447.MAE_37710	5.26	1
6326993	449447.MAE_51780	13.9	2
6325797	449447.MAE_39820	3.98	1
6323369	449447.MAE_15540	94.5	6
6322550	449447.MAE_07350	883	34
6322951	449447.MAE_11360	23.2	2
6326333	449447.MAE_45180	8.64	2
6322422	449447.MAE_06070	86.4	3
6323673	449447.MAE_18580	31.3	2
6327204	449447.MAE_53890	16.2	1
6322057	449447.MAE_02420	336	2
6324382	449447.MAE_25670	12.6	1
6323091	449447.MAE_12760	11.8	1
6325150	449447.MAE_33350	33.4	2
6324049	449447.MAE_22340	79.3	4
6326953	449447.MAE_51380	222	32
6327200	449447.MAE_53850	123	6
6325485	449447.MAE_36700	12.3	1
6322172	449447.MAE_03570	20.0	1
6323913	449447.MAE_20980	51.5	2
6323189	449447.MAE_13740	1.31	1
6326270	449447.MAE_44550	7.67	1
6325428	449447.MAE_36130	9.24	2
6321992	449447.MAE_01770	5.73	1
6327733	449447.MAE_59180	1469	46
6322898	449447.MAE_10830	46.9	3
6326481	449447.MAE_46660	21.5	3
6322377	449447.MAE_05620	129	13
6322325	449447.MAE_05100	5.92	1
6322902	449447.MAE_10870	1.18	2
6322542	449447.MAE_07270	27.0	2
6325655	449447.MAE_38400	87.6	6
6321981	449447.MAE_01660	0.94	2
6326402	449447.MAE_45870	97.9	2
6322391	449447.MAE_05760	111	1
6324905	449447.MAE_30900	66.9	1
6323162	449447.MAE_13470	5.53	1
6323861	449447.MAE_20460	36.9	1
6322742	449447.MAE_09270	50.9	1
6324756	449447.MAE_29410	1.23	2
6326826	449447.MAE_50110	24.8	1
6323308	449447.MAE_14930	33.9	2
6323983	449447.MAE_21680	213	9
6322400	449447.MAE_05850	2.6	2
6325391	449447.MAE_35760	20.2	1
6327540	449447.MAE_57250	40.0	2
6326060	449447.MAE_42450	2.73	1
6327961	449447.MAE_61460	1.18	2
6325701	449447.MAE_38860	56.2	4
6325304	449447.MAE_34890	1335	126
6325709	449447.MAE_38940	1.32	1
6328073	449447.MAE_62580	19.7	3
6326377	449447.MAE_45620	237	3
6326801	449447.MAE_49860	642	53
6323638	449447.MAE_18230	53.6	2
6327481	449447.MAE_56660	44.7	1
6326805	449447.MAE_49900	7.59	1
6325246	449447.MAE_34310	42.6	1
6326913	449447.MAE_50980	47.3	1
6323821	449447.MAE_20060	13.0	1
6323576	449447.MAE_17610	13.6	2
6328078	449447.MAE_62630	0.844	2
6322986	449447.MAE_11710	9.76	1
6325896	449447.MAE_40810	10.1	2
6322127	449447.MAE_03120	296	13
6325517	449447.MAE_37020	46.8	1
6326663	449447.MAE_48480	4.11	1
6325783	449447.MAE_39680	82.2	1
6323545	449447.MAE_17300	11.3	2
6325988	449447.MAE_41730	3.35	4
6325601	449447.MAE_37860	11.1	1
6327116	449447.MAE_53010	42.0	2
6327459	449447.MAE_56440	417	20
6327396	449447.MAE_55810	4.78	1
6323659	449447.MAE_18440	16.9	1
6322596	449447.MAE_07810	5.12	1
6324231	449447.MAE_24160	46.4	3
6326081	449447.MAE_42660	100	1
6323104	449447.MAE_12890	30.2	2
6325213	449447.MAE_33980	58.6	2
6324483	449447.MAE_26680	10.2	1
6322497	449447.MAE_06820	998	23
6327490	449447.MAE_56750	25.8	3
6322256	449447.MAE_04410	7.1	1
6324011	449447.MAE_21960	18.3	1
6325924	449447.MAE_41090	69.1	1
6326075	449447.MAE_42600	14.4	2
6324639	449447.MAE_28240	14.0	2
6323398	449447.MAE_15830	113	6
6326483	449447.MAE_46680	67.9	1
6323328	449447.MAE_15130	7814	298
6326142	449447.MAE_43270	8.3	1
6324458	449447.MAE_26430	37.2	2
6323511	449447.MAE_16960	6.96	2
6322082	449447.MAE_02670	0.463	1
6327673	449447.MAE_58580	18.5	6
6324456	449447.MAE_26410	39.3	3
6324955	449447.MAE_31400	117	4
6326529	449447.MAE_47140	5.55	1
6325741	449447.MAE_39260	34.6	14
6323048	449447.MAE_12330	16.4	1
6322568	449447.MAE_07530	205	1
6323375	449447.MAE_15600	19.2	2
6326710	449447.MAE_48950	26.0	1
6324443	449447.MAE_26280	109	10
6321968	449447.MAE_01530	1.52	6
6327552	449447.MAE_57370	66.1	3
6323729	449447.MAE_19140	82.3	2
6325542	449447.MAE_37270	12.2	2
6322698	449447.MAE_08830	54.5	2
6325178	449447.MAE_33630	60.0	3
6322605	449447.MAE_07900	1.23	2
6327374	449447.MAE_55590	17.3	1
6324146	449447.MAE_23310	14.2	1
6323535	449447.MAE_17200	15.3	2
6326660	449447.MAE_48450	1.21	2
6324180	449447.MAE_23650	15.8	1
6326260	449447.MAE_44450	401	1
6324211	449447.MAE_23960	171	2
6324619	449447.MAE_28040	11.2	1
6326702	449447.MAE_48870	4.72	1
6327493	449447.MAE_56780	916	58
6327573	449447.MAE_57580	37.2	1
6324449	449447.MAE_26340	27.6	1
6323887	449447.MAE_20720	1.18	2
6326737	449447.MAE_49220	22.5	1
6326179	449447.MAE_43640	79.7	10
6326632	449447.MAE_48170	5.05	1
6322646	449447.MAE_08310	264	2
6322868	449447.MAE_10530	64.7	2
6321982	449447.MAE_01670	92.3	1
6323698	449447.MAE_18830	106	1
6325155	449447.MAE_33400	1.43	1
6322345	449447.MAE_05300	8.59	1
6322401	449447.MAE_05860	68.6	2
6327583	449447.MAE_57680	5.83	1
6327208	449447.MAE_53930	11.3	2
6323924	449447.MAE_21090	1.55	6
6322764	449447.MAE_09490	281	4
6324044	449447.MAE_22290	1.23	2
6326903	449447.MAE_50880	15.9	2
6326884	449447.MAE_50690	315	33
6325064	449447.MAE_32490	6447	412
6325582	449447.MAE_37670	39.2	1
6326278	449447.MAE_44630	33.0	2
6327139	449447.MAE_53240	27.0	1
6323923	449447.MAE_21080	1.18	2
6323140	449447.MAE_13250	18.2	2
6326397	449447.MAE_45820	38.6	2
6323767	449447.MAE_19520	60.4	1
6322204	449447.MAE_03890	10.0	1
6322955	449447.MAE_11400	58.6	8
6326854	449447.MAE_50390	919	22
6327806	449447.MAE_59910	18.6	1
6323696	449447.MAE_18810	89.9	1
6323777	449447.MAE_19620	2053	31
6325840	449447.MAE_40250	18.4	2
6327576	449447.MAE_57610	10.6	1
6325549	449447.MAE_37340	11.6	2
6323346	449447.MAE_15310	22.0	2
6327109	449447.MAE_52940	23.4	1
6323932	449447.MAE_21170	11.6	1
6327709	449447.MAE_58940	44.2	3
6321851	449447.MAE_00360	13.0	1
6324047	449447.MAE_22320	0.678	1
6326336	449447.MAE_45210	52.4	1
6325399	449447.MAE_35840	37.8	1
6327634	449447.MAE_58190	25.4	2
6324108	449447.MAE_22930	25.2	1
6325516	449447.MAE_37010	154	3
6325174	449447.MAE_33590	6.3	1
6321904	449447.MAE_00890	7.56	1
6327853	449447.MAE_60380	13.9	2
6327300	449447.MAE_54850	87.4	9
6325906	449447.MAE_40910	684	26
6326250	449447.MAE_44350	22.8	1
6321897	449447.MAE_00820	11.7	1
6327124	449447.MAE_53090	31.7	3
6325738	449447.MAE_39230	45.8	2
6325597	449447.MAE_37820	33.4	1
6325046	449447.MAE_32310	22.9	1
6322751	449447.MAE_09360	46.8	3
6328025	449447.MAE_62100	240	5
6323051	449447.MAE_12360	12.6	2
6323263	449447.MAE_14480	7.11	1
6324212	449447.MAE_23970	8.3	1
6322846	449447.MAE_10310	0.734	1
6326773	449447.MAE_49580	31.1	2
6324436	449447.MAE_26210	162	16
6327155	449447.MAE_53400	70.6	1
6326837	449447.MAE_50220	9.92	1
6326524	449447.MAE_47090	31.4	2
6325397	449447.MAE_35820	17.3	1
6327821	449447.MAE_60060	7.53	1
6326591	449447.MAE_47760	101	2
6327914	449447.MAE_60990	317	9
6323653	449447.MAE_18380	3076	214
6326759	449447.MAE_49440	11.0	1
6327700	449447.MAE_58850	52.6	10
6324561	449447.MAE_27460	15.3	4
6322628	449447.MAE_08130	43.0	1
6325841	449447.MAE_40260	17.1	3
6323297	449447.MAE_14820	19.7	2
6323410	449447.MAE_15950	13.4	2
6327753	449447.MAE_59380	92.3	6
6327972	449447.MAE_61570	10.1	3
6326085	449447.MAE_42700	1.21	2
6324158	449447.MAE_23430	2.46	1
6324184	449447.MAE_23690	15.7	2
6321848	449447.MAE_00330	38.9	1
6321843	449447.MAE_00280	49.3	2
6326606	449447.MAE_47910	989	215
6323243	449447.MAE_14280	468	42
6324459	449447.MAE_26440	8.25	2
6327061	449447.MAE_52460	37.5	1
6322756	449447.MAE_09410	10.4	1
6323350	449447.MAE_15350	0.303	1
6326088	449447.MAE_42730	51.6	4
6326338	449447.MAE_45230	26.3	1
6328093	449447.MAE_62780	363	32
6327183	449447.MAE_53680	36.9	2
6322423	449447.MAE_06080	32.3	1
6324118	449447.MAE_23030	37.9	2
6322067	449447.MAE_02520	67.9	1
6322900	449447.MAE_10850	25.5	1
6327955	449447.MAE_61400	1.55	6
6325882	449447.MAE_40670	22.7	3
6324092	449447.MAE_22770	12.4	1
6324094	449447.MAE_22790	452	58
6322634	449447.MAE_08190	21.8	1
6322954	449447.MAE_11390	137	3
6326252	449447.MAE_44370	426	11
6327874	449447.MAE_60590	3.14	4
6325065	449447.MAE_32500	0.307	1
6327574	449447.MAE_57590	6.0	1
6322526	449447.MAE_07110	23.8	2
6322296	449447.MAE_04810	3.92	1
6321903	449447.MAE_00880	24.2	1
6325664	449447.MAE_38490	93.9	2
6326751	449447.MAE_49360	10.7	1
6322126	449447.MAE_03110	107	4
6323312	449447.MAE_14970	1136	149
6322706	449447.MAE_08910	9.89	1
6327225	449447.MAE_54100	83.3	5
6323293	449447.MAE_14780	24.9	4
6327762	449447.MAE_59470	22.2	1
6327069	449447.MAE_52540	232	21
6322393	449447.MAE_05780	82.0	2
6323292	449447.MAE_14770	28.6	2
6325212	449447.MAE_33970	5.06	1
6322218	449447.MAE_04030	306	6
6324321	449447.MAE_25060	28.4	3
6327827	449447.MAE_60120	46.5	1
6326016	449447.MAE_42010	1.26	2
6322953	449447.MAE_11380	69.2	1
6327004	449447.MAE_51890	75.3	5
6327757	449447.MAE_59420	176	2
6325867	449447.MAE_40520	33.0	1
6324432	449447.MAE_26170	16.6	1
6326890	449447.MAE_50750	0.862	2
6326982	449447.MAE_51670	103	3
6324344	449447.MAE_25290	7.18	1
6325646	449447.MAE_38310	17.8	1
6322833	449447.MAE_10180	1.32	2
6328023	449447.MAE_62080	30.9	1
6326114	449447.MAE_42990	40.5	1
6324768	449447.MAE_29530	49.7	3
6325357	449447.MAE_35420	23.0	1
6324923	449447.MAE_31080	53.2	1
6324192	449447.MAE_23770	3.04	1
6327771	449447.MAE_59560	125	1
6323594	449447.MAE_17790	162	19
6323740	449447.MAE_19250	18.1	2
6322607	449447.MAE_07920	13.3	1
6322347	449447.MAE_05320	117	3
6327362	449447.MAE_55470	1.23	2
6323505	449447.MAE_16900	42.7	6
6327098	449447.MAE_52830	33.4	1
6328122	449447.MAE_63070	53.6	1
6325131	449447.MAE_33160	38.6	1
6322910	449447.MAE_10950	21.2	4
6325109	449447.MAE_32940	3.86	1
6326301	449447.MAE_44860	50.3	2
6323558	449447.MAE_17430	97.8	3
6326125	449447.MAE_43100	9.79	1
6326680	449447.MAE_48650	1.93	1
6324487	449447.MAE_26720	7.49	1
6327714	449447.MAE_58990	11.9	1
6322214	449447.MAE_03990	18.9	1
6326932	449447.MAE_51170	37.6	3
6322194	449447.MAE_03790	12.1	2
6326649	449447.MAE_48340	16196	1024
6321932	449447.MAE_01170	10.7	1
6326989	449447.MAE_51740	0.933	1
6324733	449447.MAE_29180	131	1
6322373	449447.MAE_05580	12.6	2
6323537	449447.MAE_17220	35.5	1
6325501	449447.MAE_36860	28.9	2
6326602	449447.MAE_47870	4663	172
6327721	449447.MAE_59060	73.3	7
6327694	449447.MAE_58790	9.48	1
6323586	449447.MAE_17710	1.77	3
6328061	449447.MAE_62460	29.1	4
6322937	449447.MAE_11220	59.7	4
6324829	449447.MAE_30140	63.2	1
6326675	449447.MAE_48600	71.9	1
6325052	449447.MAE_32370	8.86	1
6323967	449447.MAE_21520	71.4	2
6326984	449447.MAE_51690	3.43	1
6322882	449447.MAE_10670	79.0	2
6325939	449447.MAE_41240	6.43	1
6326043	449447.MAE_42280	5.63	2
6323581	449447.MAE_17660	42.8	1
6324223	449447.MAE_24080	56.4	1
6323961	449447.MAE_21460	8.69	1
6327153	449447.MAE_53380	195	1
6324927	449447.MAE_31120	19.4	1
6326960	449447.MAE_51450	2.48	2
6325100	449447.MAE_32850	9.01	1
6326798	449447.MAE_49830	13.4	1
6323546	449447.MAE_17310	23.5	1
6323151	449447.MAE_13360	67.5	3
6323526	449447.MAE_17110	11.6	1
6327629	449447.MAE_58140	171	56
6326052	449447.MAE_42370	78.9	4
6327473	449447.MAE_56580	15.3	6
6326304	449447.MAE_44890	915	12
6326930	449447.MAE_51150	0.933	1
6326400	449447.MAE_45850	9.33	1
6324427	449447.MAE_26120	14.9	2
6323024	449447.MAE_12090	90.2	1
6322146	449447.MAE_03310	10.7	1
6326828	449447.MAE_50130	5292	149
6322179	449447.MAE_03640	41.8	1
6324433	449447.MAE_26180	14.1	1
6322895	449447.MAE_10800	171	56
6326245	449447.MAE_44300	26.1	3
6325092	449447.MAE_32770	0.41	1
6324502	449447.MAE_26870	1.58	6
6325156	449447.MAE_33410	8.98	1
6326232	449447.MAE_44170	22.9	1
6328026	449447.MAE_62110	32.4	1
6325805	449447.MAE_39900	1.21	2
6327313	449447.MAE_54980	25.0	2
6327036	449447.MAE_52210	6.88	1
6322265	449447.MAE_04500	113	3
6327015	449447.MAE_52000	8.38	4
6326181	449447.MAE_43660	27.9	3
6327017	449447.MAE_52020	1.58	6
6328033	449447.MAE_62180	18.3	3
6327068	449447.MAE_52530	29.0	1
6321835	449447.MAE_00200	9.11	1
6325252	449447.MAE_34370	31.9	4
6322405	449447.MAE_05900	42.5	4
6323355	449447.MAE_15400	25.4	4
6323893	449447.MAE_20780	77.8	5
6326255	449447.MAE_44400	10.8	1
6323554	449447.MAE_17390	83.2	7
6325579	449447.MAE_37640	12.5	1
6327865	449447.MAE_60500	1.3	5
6322639	449447.MAE_08240	18.9	2
6327298	449447.MAE_54830	4.49	1
6323122	449447.MAE_13070	28.3	2
6327670	449447.MAE_58550	19.6	6
6326608	449447.MAE_47930	9255	279
6322766	449447.MAE_09510	0.933	1
6323592	449447.MAE_17770	15.0	1
6325355	449447.MAE_35400	41.8	1
6321946	449447.MAE_01310	35.5	13
6323103	449447.MAE_12880	36.9	1
6326223	449447.MAE_44080	39.7	1
6327908	449447.MAE_60930	2422	108
6327267	449447.MAE_54520	60.5	23
6322815	449447.MAE_10000	13.4	1
6327858	449447.MAE_60430	25.3	2
6324877	449447.MAE_30620	9.71	1
6325543	449447.MAE_37280	5.9	1
6327558	449447.MAE_57430	985	36
6327154	449447.MAE_53390	737	145
6325014	449447.MAE_31990	32.7	6
6327557	449447.MAE_57420	442	26
6327767	449447.MAE_59520	39.4	1
6324721	449447.MAE_29060	203	8
6327344	449447.MAE_55290	69.4	1
6325484	449447.MAE_36690	1346	55
6322351	449447.MAE_05360	4.24	1
6326510	449447.MAE_46950	55.9	1
6325554	449447.MAE_37390	19.1	1
6326101	449447.MAE_42860	10.5	1
6322967	449447.MAE_11520	34.7	1
6322470	449447.MAE_06550	5.82	1
6326795	449447.MAE_49800	8.79	1
6325575	449447.MAE_37600	17.7	1
6322164	449447.MAE_03490	22.0	1
6323184	449447.MAE_13690	2912	119
6327738	449447.MAE_59230	7707	215
6328055	449447.MAE_62400	28.7	2
6325878	449447.MAE_40630	25.7	1
6322604	449447.MAE_07890	7.99	2
6322115	449447.MAE_03000	140	9
6323231	449447.MAE_14160	211	1
6323895	449447.MAE_20800	9.1	2
6322548	449447.MAE_07330	10.3	1
6327218	449447.MAE_54030	55.7	13
6321967	449447.MAE_01520	98.3	1
6322660	449447.MAE_08450	8.8	1
6327508	449447.MAE_56930	90.6	4
6323775	449447.MAE_19600	412	21
6322738	449447.MAE_09230	89.8	1
6326557	449447.MAE_47420	11.3	1
6326517	449447.MAE_47020	921	19
6321926	449447.MAE_01110	5.32	1
6327389	449447.MAE_55740	147	1
6322078	449447.MAE_02630	1.24	2
6325140	449447.MAE_33250	259	2
6324352	449447.MAE_25370	65.4	1
6324175	449447.MAE_23600	26.9	2
6326092	449447.MAE_42770	153	27
6324578	449447.MAE_27630	1.96	1
6327545	449447.MAE_57300	334	9
6327214	449447.MAE_53990	7289	371
6325901	449447.MAE_40860	12.1	1
6322467	449447.MAE_06520	78.6	1
6325650	449447.MAE_38350	10.5	1
6327252	449447.MAE_54370	4562	101
6326853	449447.MAE_50380	17.9	1
6325695	449447.MAE_38800	67.7	8
6323615	449447.MAE_18000	0.508	1
6323943	449447.MAE_21280	36.8	2
6322313	449447.MAE_04980	1.28	5
6323264	449447.MAE_14490	279	3
6324410	449447.MAE_25950	21.1	10
6321993	449447.MAE_01780	6.35	1
6324956	449447.MAE_31410	0.795	1
6325086	449447.MAE_32710	5.44	1
6326803	449447.MAE_49880	194	2
6324466	449447.MAE_26510	4.83	2
6324208	449447.MAE_23930	410	9
6325367	449447.MAE_35520	24.3	1
6323752	449447.MAE_19370	17.6	2
6326996	449447.MAE_51810	197	2
6326450	449447.MAE_46350	28.9	1
6326469	449447.MAE_46540	102	1
6326572	449447.MAE_47570	1093	111
6321836	449447.MAE_00210	323	23
6325682	449447.MAE_38670	70.4	8
6325358	449447.MAE_35430	2.4	1
6327553	449447.MAE_57380	415	11
6323469	449447.MAE_16540	1.74	3
6322440	449447.MAE_06250	699	43
6323703	449447.MAE_18880	120	6
6322441	449447.MAE_06260	9.69	1
6325616	449447.MAE_38010	0.268	1
6327049	449447.MAE_52340	50.5	1
6325053	449447.MAE_32380	280	21
6323256	449447.MAE_14410	21.8	1
6328084	449447.MAE_62690	142	10
6327355	449447.MAE_55400	911	10
6322485	449447.MAE_06700	11.7	2
6324984	449447.MAE_31690	33.5	4
6325534	449447.MAE_37190	60.1	7
6325175	449447.MAE_33600	10.8	1
6328080	449447.MAE_62650	80.6	7
6322257	449447.MAE_04420	15.6	1
6324523	449447.MAE_27080	24.4	1
6321881	449447.MAE_00660	50.4	4
6323857	449447.MAE_20420	0.933	1
6323380	449447.MAE_15650	3619	33
6324016	449447.MAE_22010	254	25
6324037	449447.MAE_22220	2.87	1
6324216	449447.MAE_24010	0.933	1
6324675	449447.MAE_28600	4.83	2
6322496	449447.MAE_06810	62.7	2
6324803	449447.MAE_29880	47.1	1
6324657	449447.MAE_28420	394	13
6323643	449447.MAE_18280	11.7	1
6322217	449447.MAE_04020	37.9	2
6323214	449447.MAE_13990	1.14	2
6323491	449447.MAE_16760	13.0	1
6327984	449447.MAE_61690	823	35
6326010	449447.MAE_41950	22.0	2
6327737	449447.MAE_59220	98.8	17
6323644	449447.MAE_18290	43.2	1
6323286	449447.MAE_14710	33.0	3
6323244	449447.MAE_14290	71.3	4
6325699	449447.MAE_38840	99.1	2
6327832	449447.MAE_60170	53.6	1
6325038	449447.MAE_32230	12.7	3
6328050	449447.MAE_62350	113	1
6324082	449447.MAE_22670	1.32	1
6324682	449447.MAE_28670	469	90
6323486	449447.MAE_16710	18.2	2
6322095	449447.MAE_02800	8.94	1
6323916	449447.MAE_21010	2.4	1
6324441	449447.MAE_26260	5.97	1
6324835	449447.MAE_30200	24.6	2
6322758	449447.MAE_09430	10.2	1
6325186	449447.MAE_33710	25.2	3
6325181	449447.MAE_33660	54.5	2
6321878	449447.MAE_00630	0.878	1
6324261	449447.MAE_24460	71607	3087
6324649	449447.MAE_28340	150	3
6326975	449447.MAE_51600	4.83	2
6325491	449447.MAE_36760	334	44
6324031	449447.MAE_22160	158	6
6327688	449447.MAE_58730	6.64	1
6327070	449447.MAE_52550	106	3
6327579	449447.MAE_57640	59.6	1
6322221	449447.MAE_04060	10.0	1
6326624	449447.MAE_48090	9.58	1
6326618	449447.MAE_48030	2.42	4
6323670	449447.MAE_18550	200	14
6327326	449447.MAE_55110	58.4	1
6324655	449447.MAE_28400	7.29	1
6326384	449447.MAE_45690	1936	52
6323088	449447.MAE_12730	3.34	1
6327222	449447.MAE_54070	18.4	1
6323543	449447.MAE_17280	8.06	1
6324623	449447.MAE_28080	43.6	1
6327107	449447.MAE_52920	40.7	2
6327783	449447.MAE_59680	36.4	4
6327544	449447.MAE_57290	382	23
6325205	449447.MAE_33900	22.4	2
6322929	449447.MAE_11140	14.3	2
6327271	449447.MAE_54560	19.2	2
6323873	449447.MAE_20580	99.7	1
6322427	449447.MAE_06120	15.3	1
6325929	449447.MAE_41140	16.3	1
6326312	449447.MAE_44970	24.7	2
6322571	449447.MAE_07560	92.2	42
6326227	449447.MAE_44120	33.1	1
6327262	449447.MAE_54470	22.6	2
6323519	449447.MAE_17040	180	1
6322169	449447.MAE_03540	89.6	2
6326597	449447.MAE_47820	130	1
6326391	449447.MAE_45760	9.12	1
6323397	449447.MAE_15820	675	25
6324778	449447.MAE_29630	37.1	1
6324614	449447.MAE_27990	7492	1111
6324315	449447.MAE_25000	35.0	2
6323825	449447.MAE_20100	17.0	1
6324442	449447.MAE_26270	133	4
6324219	449447.MAE_24040	9.51	1
6324122	449447.MAE_23070	29.0	2
6324571	449447.MAE_27560	326	6
6325499	449447.MAE_36840	47.0	3
6325777	449447.MAE_39620	12.5	1
6322315	449447.MAE_05000	31.4	1
6326927	449447.MAE_51120	24.1	1
6327820	449447.MAE_60050	8.37	3
6327235	449447.MAE_54200	67.8	1
6325230	449447.MAE_34150	9.35	3
6324613	449447.MAE_27980	32.4	5
6323348	449447.MAE_15330	30.2	5
6328112	449447.MAE_62970	11.9	1
6327376	449447.MAE_55610	1.58	6
6327905	449447.MAE_60900	54.0	1
6323910	449447.MAE_20950	87.5	4
6324412	449447.MAE_25970	14.6	1
6327656	449447.MAE_58410	15.0	1
6326254	449447.MAE_44390	10.4	2
6324986	449447.MAE_31710	65.6	1
6323513	449447.MAE_16980	27.8	2
6323520	449447.MAE_17050	328	11
6326760	449447.MAE_49450	16.8	5
6327792	449447.MAE_59770	161	4
6321971	449447.MAE_01560	0.463	1
6322533	449447.MAE_07180	33.2	1
6327028	449447.MAE_52130	29.8	1
6326174	449447.MAE_43590	3.51	2
6327740	449447.MAE_59250	1.5	4
6324135	449447.MAE_23200	1.18	2
6322339	449447.MAE_05240	502	67
6325184	449447.MAE_33690	79.2	8
6327884	449447.MAE_60690	141	5
6322644	449447.MAE_08290	0.459	1
6325843	449447.MAE_40280	10.8	2
6323353	449447.MAE_15380	33.8	6
6322468	449447.MAE_06530	8.49	1
6327549	449447.MAE_57340	369	5
6325219	449447.MAE_34040	33.2	2
6326998	449447.MAE_51830	1.74	3
6326827	449447.MAE_50120	4801	15
6325533	449447.MAE_37180	32.6	2
6324540	449447.MAE_27250	56.4	2
6325915	449447.MAE_41000	168	1
6322047	449447.MAE_02320	313	13
6326580	449447.MAE_47650	0.447	1
6323331	449447.MAE_15160	34.4	2
6327307	449447.MAE_54920	4.09	2
6322520	449447.MAE_07050	38.1	2
6323575	449447.MAE_17600	196	2
6323305	449447.MAE_14900	255	36
6323363	449447.MAE_15480	1.32	1
6327118	449447.MAE_53030	9.39	2
6323685	449447.MAE_18700	5.05	1
6322093	449447.MAE_02780	6.84	1
6324596	449447.MAE_27810	11.4	6
6324616	449447.MAE_28010	76.7	5
6323261	449447.MAE_14460	13.5	1
6325585	449447.MAE_37700	18.3	1
6322119	449447.MAE_03040	12.5	2
6323026	449447.MAE_12110	16.3	1
6322465	449447.MAE_06500	26.9	2
6327994	449447.MAE_61790	14.3	1
6324405	449447.MAE_25900	30.4	1
6325976	449447.MAE_41610	25.7	3
6322371	449447.MAE_05560	19.2	1
6325804	449447.MAE_39890	23.0	1
6324009	449447.MAE_21940	13.5	2
6322136	449447.MAE_03210	13.1	1
6322707	449447.MAE_08920	124	4
6323283	449447.MAE_14680	51.2	3
6325639	449447.MAE_38240	27.1	6
6325365	449447.MAE_35500	2.46	1
6327542	449447.MAE_57270	174	8
6324105	449447.MAE_22900	187	4
6322025	449447.MAE_02100	13.7	2
6323040	449447.MAE_12250	16.8	2
6325067	449447.MAE_32520	20.6	1
6327828	449447.MAE_60130	1.52	3
6326869	449447.MAE_50540	48.7	3
6324375	449447.MAE_25600	31.9	6
6322839	449447.MAE_10240	13287	200
6326813	449447.MAE_49980	30.4	2
6324647	449447.MAE_28320	16.0	1
6325916	449447.MAE_41010	42.4	1
6322669	449447.MAE_08540	12.7	1
6326503	449447.MAE_46880	5.5	1
6326718	449447.MAE_49030	139	2
6324150	449447.MAE_23350	40.1	4
6325024	449447.MAE_32090	20.6	2
6327343	449447.MAE_55280	23.9	1
6327146	449447.MAE_53310	12.9	1
6326409	449447.MAE_45940	134	3
6327645	449447.MAE_58300	546	17
6323009	449447.MAE_11940	59.2	5
6321973	449447.MAE_01580	29.0	1
6325013	449447.MAE_31980	148	1
6327589	449447.MAE_57740	24.9	1
6322709	449447.MAE_08940	73.8	2
6327432	449447.MAE_56170	33.6	1
6325917	449447.MAE_41020	4.04	1
6323043	449447.MAE_12280	23.3	1
6326817	449447.MAE_50020	244	23
6327331	449447.MAE_55160	84.4	1
6326822	449447.MAE_50070	88.1	4
6322720	449447.MAE_09050	346	71
6326766	449447.MAE_49510	20.9	1
6322704	449447.MAE_08890	24.6	1
6325210	449447.MAE_33950	107	1
6326228	449447.MAE_44130	44.9	1
6323978	449447.MAE_21630	10.3	1
6327062	449447.MAE_52470	5.5	1
6326018	449447.MAE_42030	76.3	1
6322717	449447.MAE_09020	51.4	4
6328051	449447.MAE_62360	17.0	4
6327981	449447.MAE_61660	75.6	3
6324824	449447.MAE_30090	57.0	7
6325560	449447.MAE_37450	101	2
6326980	449447.MAE_51650	13.5	1
6322359	449447.MAE_05440	18.4	1
6322481	449447.MAE_06660	13.8	1
6322086	449447.MAE_02710	12.4	1
6322714	449447.MAE_08990	4.11	1
6327666	449447.MAE_58510	3.31	4
6323211	449447.MAE_13960	0.315	1
6325445	449447.MAE_36300	6916	539
6328083	449447.MAE_62680	1807	111
6326414	449447.MAE_45990	936	39
6326307	449447.MAE_44920	16.6	1
6327039	449447.MAE_52240	17.8	1
6325339	449447.MAE_35240	52.1	5
6327919	449447.MAE_61040	9.84	1
6326094	449447.MAE_42790	32.1	1
6325167	449447.MAE_33520	105	1
6325981	449447.MAE_41660	4.36	1
6325887	449447.MAE_40720	29.3	1
6323180	449447.MAE_13650	73.5	5
6323276	449447.MAE_14610	28.8	1
6327623	449447.MAE_58080	1.24	2
6327925	449447.MAE_61100	3.27	4
6323386	449447.MAE_15710	17.8	1
6326199	449447.MAE_43840	9.01	2
6325700	449447.MAE_38850	8.93	1
6324648	449447.MAE_28330	14.0	1
6325160	449447.MAE_33450	22.0	1
6322735	449447.MAE_09200	25.8	1
6327529	449447.MAE_57140	82.2	3
6325803	449447.MAE_39880	26.1	1
6325830	449447.MAE_40150	36.8	4
6325697	449447.MAE_38820	24.7	7
6322622	449447.MAE_08070	31.9	3
6323559	449447.MAE_17440	17.2	3
6322080	449447.MAE_02650	12.6	1
6323061	449447.MAE_12460	12.0	2
6328007	449447.MAE_61920	9.98	1
6326846	449447.MAE_50310	25.0	2
6326102	449447.MAE_42870	1.32	1
6321872	449447.MAE_00570	9.1	3
6327808	449447.MAE_59930	15.6	2
6323474	449447.MAE_16590	206	29
6324857	449447.MAE_30420	19.5	1
6322820	449447.MAE_10050	124	8
6325890	449447.MAE_40750	129	7
6324935	449447.MAE_31200	1.15	2
6323108	449447.MAE_12930	9.38	1
6323472	449447.MAE_16570	4.83	2
6322075	449447.MAE_02600	94.9	10
6328110	449447.MAE_62950	53.9	2
6324560	449447.MAE_27450	49.0	4
6327483	449447.MAE_56680	50.3	6
6324807	449447.MAE_29920	139	3
6323731	449447.MAE_19160	935	33
6326148	449447.MAE_43330	13.8	1
6326823	449447.MAE_50080	2178	83
6322789	449447.MAE_09740	80.1	10
6326908	449447.MAE_50930	89.4	2
6323999	449447.MAE_21840	72.6	2
6322842	449447.MAE_10270	23465	1090
6322270	449447.MAE_04550	53.6	1
6326936	449447.MAE_51210	10.7	2
6326063	449447.MAE_42480	50.8	1
6323631	449447.MAE_18160	32.9	3
6325653	449447.MAE_38380	564	47
6326520	449447.MAE_47050	0.692	1
6325744	449447.MAE_39290	10.2	1
6322525	449447.MAE_07100	27.3	2
6323114	449447.MAE_12990	35.2	3
6323929	449447.MAE_21140	28.6	1
6322889	449447.MAE_10740	41.2	1
6323321	449447.MAE_15060	45.9	3
6326202	449447.MAE_43870	131	7
6324646	449447.MAE_28310	20.0	1
6322105	449447.MAE_02900	1574	61
6327728	449447.MAE_59130	48.6	1
6322122	449447.MAE_03070	61.4	4
6322098	449447.MAE_02830	94.5	1
6325907	449447.MAE_40920	33.2	2
6322424	449447.MAE_06090	18417	2037
6323527	449447.MAE_17120	1045	10
6326619	449447.MAE_48040	194	1
6326441	449447.MAE_46260	1027	129
6322776	449447.MAE_09610	13.4	1
6327385	449447.MAE_55700	8.75	1
6321891	449447.MAE_00760	44.4	1
6324873	449447.MAE_30580	45.0	1
6322987	449447.MAE_11720	25.5	1
6323780	449447.MAE_19650	30.3	2
6326210	449447.MAE_43950	142	1
6327240	449447.MAE_54250	1.24	2
6324147	449447.MAE_23320	40.3	3
6327440	449447.MAE_56250	15.2	1
6323233	449447.MAE_14180	80.9	6
6326196	449447.MAE_43810	7.27	1
6324719	449447.MAE_29040	17.5	4
6327649	449447.MAE_58340	34.4	1
6325647	449447.MAE_38320	13.9	2
6326992	449447.MAE_51770	25.1	1
6322114	449447.MAE_02990	26.3	1
6326607	449447.MAE_47920	2612	38
6326189	449447.MAE_43740	37.1	1
6324354	449447.MAE_25390	33.1	2
6323626	449447.MAE_18110	12.8	4
6323282	449447.MAE_14670	29.1	2
6321825	449447.MAE_00100	12.8	1
6324295	449447.MAE_24800	1.18	2
6323399	449447.MAE_15840	8.1	1
6322135	449447.MAE_03200	16.5	2
6328125	449447.MAE_63100	182	23
6326820	449447.MAE_50050	1694	82
6323226	449447.MAE_14110	0.933	1
6325316	449447.MAE_35010	17.6	1
6324559	449447.MAE_27440	9.34	1
6326615	449447.MAE_48000	0.742	1
6322113	449447.MAE_02980	86.3	1
6327567	449447.MAE_57520	73.1	2
6327272	449447.MAE_54570	90.3	5
6327509	449447.MAE_56940	8.5	1
6326488	449447.MAE_46730	48.0	1
6326456	449447.MAE_46410	0.463	1
6324420	449447.MAE_26050	28.3	2
6324747	449447.MAE_29320	1.87	1
6323139	449447.MAE_13240	32.4	1
6326874	449447.MAE_50590	39.6	5
6325658	449447.MAE_38430	1.18	2
6327662	449447.MAE_58470	3.75	4
6323689	449447.MAE_18740	15.7	1
6325116	449447.MAE_33010	230	5
6323953	449447.MAE_21380	11.1	3
6322124	449447.MAE_03090	126	6
6327352	449447.MAE_55370	6.68	1
6322387	449447.MAE_05720	1.27	2
6324358	449447.MAE_25430	54.5	2
6326054	449447.MAE_42390	86.7	3
6324445	449447.MAE_26300	7517	581
6325723	449447.MAE_39080	32.4	3
6323384	449447.MAE_15690	67.3	2
6323988	449447.MAE_21730	337	30
6322348	449447.MAE_05330	2061	56
6323824	449447.MAE_20090	18.2	3
6326120	449447.MAE_43050	45.6	1
6323650	449447.MAE_18350	13.9	1
6326920	449447.MAE_51050	1.26	2
6327803	449447.MAE_59880	43.0	1
6321929	449447.MAE_01140	25.4	2
6326915	449447.MAE_51000	15.4	1
6323489	449447.MAE_16740	14.9	2
6324583	449447.MAE_27680	221	25
6326180	449447.MAE_43650	49.9	7
6328015	449447.MAE_62000	204	22
6325018	449447.MAE_32030	104	3
6324129	449447.MAE_23140	9.5	1
6327962	449447.MAE_61470	37.5	1
6323646	449447.MAE_18310	284	17
6323632	449447.MAE_18170	37.8	2
6325785	449447.MAE_39700	6.45	1
6326091	449447.MAE_42760	5119	609
6322248	449447.MAE_04330	50.3	1
6328049	449447.MAE_62340	1.21	2
6326849	449447.MAE_50340	13.7	1
6323918	449447.MAE_21030	1.23	2
6327367	449447.MAE_55520	1.23	2
6327014	449447.MAE_51990	21.5	1
6321924	449447.MAE_01090	9.23	1
6322308	449447.MAE_04930	42.9	3
6326860	449447.MAE_50450	289	34
6325432	449447.MAE_36170	45.3	2
6327691	449447.MAE_58760	17.5	1
6325005	449447.MAE_31900	33.1	4
6326068	449447.MAE_42530	25.5	2
6322810	449447.MAE_09950	13.4	1
6322610	449447.MAE_07950	13.3	1
6327789	449447.MAE_59740	31.5	3
6322259	449447.MAE_04440	74.0	2
6327066	449447.MAE_52510	199	3
6324001	449447.MAE_21860	20.6	1
6323742	449447.MAE_19270	2551	387
6327013	449447.MAE_51980	27.4	4
6324645	449447.MAE_28300	70.1	11
6323682	449447.MAE_18670	27.1	3
6327904	449447.MAE_60890	11.7	1
6325885	449447.MAE_40700	16.8	4
6324273	449447.MAE_24580	54.7	2
6322726	449447.MAE_09110	25.1	1
6326547	449447.MAE_47320	46.3	1
6325478	449447.MAE_36630	609	40
6322871	449447.MAE_10560	2267	184
6321863	449447.MAE_00480	60.9	1
6325084	449447.MAE_32690	9.93	2
6322894	449447.MAE_10790	24.8	2
6323181	449447.MAE_13660	268	9
6326770	449447.MAE_49550	6.8	4
6327140	449447.MAE_53250	8.08	1
6323814	449447.MAE_19990	408	89
6324946	449447.MAE_31310	39.2	4
6326098	449447.MAE_42830	13.0	1
6323110	449447.MAE_12950	5.32	1
6323191	449447.MAE_13760	0.475	1
6323343	449447.MAE_15280	27.9	1
6322274	449447.MAE_04590	8.14	1
6327465	449447.MAE_56500	5.42	1
6322417	449447.MAE_06020	57.8	2
6324574	449447.MAE_27590	1267	55
6325775	449447.MAE_39600	118	1
6322232	449447.MAE_04170	27.3	1
6323863	449447.MAE_20480	135	2
6326470	449447.MAE_46550	21.5	1
6322965	449447.MAE_11500	102	1
6322077	449447.MAE_02620	250	50
6327497	449447.MAE_56820	9.31	1
6327169	449447.MAE_53540	6.09	1
6327019	449447.MAE_52040	119	3
6327848	449447.MAE_60330	20.4	2
6325188	449447.MAE_33730	13.3	1
6324284	449447.MAE_24690	82.4	2
6322642	449447.MAE_08270	16.0	3
6322155	449447.MAE_03400	92.8	12
6323941	449447.MAE_21260	24.4	3
6322826	449447.MAE_10110	14.5	2
6325059	449447.MAE_32440	45.0	2
6327138	449447.MAE_53230	23.6	1
6323809	449447.MAE_19940	89.9	1
6327239	449447.MAE_54240	6.92	2
6324356	449447.MAE_25410	11.2	1
6324137	449447.MAE_23220	8.1	1
6321915	449447.MAE_01000	11.9	2
6324878	449447.MAE_30630	22.6	2
6327484	449447.MAE_56690	0.315	1
6324015	449447.MAE_22000	52.2	1
6327075	449447.MAE_52600	6.99	1
6325715	449447.MAE_39000	16.3	1
6327600	449447.MAE_57850	12.7	2
6328066	449447.MAE_62510	48.7	1
6322614	449447.MAE_07990	23.2	2
6327261	449447.MAE_54460	6.11	1
6323789	449447.MAE_19740	3.02	1
6323744	449447.MAE_19290	65.5	3
6326554	449447.MAE_47390	79.2	2
6326845	449447.MAE_50300	21.0	2
6323776	449447.MAE_19610	59.0	6
6326489	449447.MAE_46740	29.2	3
6322369	449447.MAE_05540	49.0	3
6326951	449447.MAE_51360	17.6	1
6322430	449447.MAE_06150	1.32	1
6326206	449447.MAE_43910	488	47
6325326	449447.MAE_35110	0.844	2
6325328	449447.MAE_35130	2981	96
6323200	449447.MAE_13850	120	2
6323747	449447.MAE_19320	12.8	1
6326195	449447.MAE_43800	6.2	1
6323462	449447.MAE_16470	1.23	2
6327833	449447.MAE_60180	29.8	4
6322246	449447.MAE_04310	33.8	1
6326685	449447.MAE_48700	108	1
6323413	449447.MAE_15980	14.8	1
6325494	449447.MAE_36790	21.1	1
6323295	449447.MAE_14800	10208	1117
6326686	449447.MAE_48710	16.2	2
6322477	449447.MAE_06620	53.3	2
6323749	449447.MAE_19340	2.41	1
6322940	449447.MAE_11250	147	6
6324928	449447.MAE_31130	23.2	2
6322530	449447.MAE_07150	20.7	3
6327247	449447.MAE_54320	58.9	2
6321832	449447.MAE_00170	29.8	2
6322547	449447.MAE_07320	73.5	3
6324429	449447.MAE_26140	9.74	1
6324006	449447.MAE_21910	56.4	2
6323772	449447.MAE_19570	0.391	1
6326917	449447.MAE_51020	59.6	1
6325019	449447.MAE_32040	17.9	1
6325957	449447.MAE_41420	20.7	2
6322161	449447.MAE_03460	3.65	4
6322088	449447.MAE_02730	20.0	1
6322493	449447.MAE_06780	9.16	1
6326769	449447.MAE_49540	1.24	2
6323980	449447.MAE_21650	31.6	2
6324714	449447.MAE_28990	20.1	1
6322922	449447.MAE_11070	149	4
6326412	449447.MAE_45970	109	9
6322063	449447.MAE_02480	8.79	1
6322959	449447.MAE_11440	63.3	2
6325928	449447.MAE_41130	1617	36
6323499	449447.MAE_16840	4.3	1
6323175	449447.MAE_13600	57.0	1
6326771	449447.MAE_49560	13.4	2
6326699	449447.MAE_48840	4.52	1
6324217	449447.MAE_24020	299	1
6324255	449447.MAE_24400	39.2	1
6322404	449447.MAE_05890	13.6	1
6323811	449447.MAE_19960	2.6	2
6326888	449447.MAE_50730	22.6	5
6321922	449447.MAE_01070	22.8	6
6323899	449447.MAE_20840	9.0	1
6323092	449447.MAE_12770	34.8	1
6326423	449447.MAE_46080	5446	790
6323702	449447.MAE_18870	25.0	1
6326987	449447.MAE_51720	35.1	1
6325383	449447.MAE_35680	8.29	1
6327132	449447.MAE_53170	21.3	3
6327130	449447.MAE_53150	13.5	3
6326071	449447.MAE_42560	61.7	1
6321885	449447.MAE_00700	77.2	11
6325323	449447.MAE_35080	290	21
6327472	449447.MAE_56570	11.0	1
6326500	449447.MAE_46850	1.75	1
6322297	449447.MAE_04820	0.448	1
6324579	449447.MAE_27640	1.23	2
6327997	449447.MAE_61820	816	131
6325960	449447.MAE_41450	31.7	2
6324770	449447.MAE_29550	29.0	1
6325876	449447.MAE_40610	333	11
6326963	449447.MAE_51480	28.6	2
6326522	449447.MAE_47070	9.79	1
6328062	449447.MAE_62470	27.1	2
6324040	449447.MAE_22250	2.4	1
6323274	449447.MAE_14590	64.3	6
6324406	449447.MAE_25910	119	3
6322946	449447.MAE_11310	628	16
6323865	449447.MAE_20500	15.4	1
6324121	449447.MAE_23060	21.4	1
6324750	449447.MAE_29350	4.83	2
6325643	449447.MAE_38280	143	2
6327384	449447.MAE_55690	14.2	1
6322267	449447.MAE_04520	7.3	1
6322074	449447.MAE_02590	83.8	11
6325464	449447.MAE_36490	618	19
6324532	449447.MAE_27170	30.3	2
6323075	449447.MAE_12600	9.63	1
6326055	449447.MAE_42400	24.3	3
6322556	449447.MAE_07410	61.3	1
6324864	449447.MAE_30490	105	2
6322085	449447.MAE_02700	12.4	1
6328030	449447.MAE_62150	2265	138
6327756	449447.MAE_59410	92.7	1
6324703	449447.MAE_28880	51.8	1
6322664	449447.MAE_08490	1.24	2
6323743	449447.MAE_19280	37.7	1
6326359	449447.MAE_45440	0.464	1
6325522	449447.MAE_37070	86.9	4
6324318	449447.MAE_25030	3775	441
6325669	449447.MAE_38540	5.47	2
6327215	449447.MAE_54000	26229	37
6323974	449447.MAE_21590	14.8	1
6327320	449447.MAE_55050	0.933	1
6325033	449447.MAE_32180	89.9	2
6322402	449447.MAE_05870	20.1	2
6327506	449447.MAE_56910	81.7	8
6324059	449447.MAE_22440	59.9	1
6323002	449447.MAE_11870	480	41
6323762	449447.MAE_19470	12.1	1
6323452	449447.MAE_16370	51.7	1
6323387	449447.MAE_15720	267	28
6322921	449447.MAE_11060	26.1	1
6321889	449447.MAE_00740	1.26	2
6322453	449447.MAE_06380	22.5	1
6324349	449447.MAE_25340	597	65
6323804	449447.MAE_19890	41.3	3
6324599	449447.MAE_27840	10.1	4
6325559	449447.MAE_37440	4.69	2
6324740	449447.MAE_29250	30.7	1
6322507	449447.MAE_06920	18.1	1
6326656	449447.MAE_48410	1.24	2
6326474	449447.MAE_46590	30.1	4
6325243	449447.MAE_34280	4.83	2
6325574	449447.MAE_37590	17.7	1
6326832	449447.MAE_50170	1383	100
6325553	449447.MAE_37380	16.7	1
6326182	449447.MAE_43670	4615	430
6322947	449447.MAE_11320	59.0	8
6327965	449447.MAE_61500	40.3	1
6326940	449447.MAE_51250	25.0	2
6324149	449447.MAE_23340	145	5
6322484	449447.MAE_06690	35.9	2
6322032	449447.MAE_02170	53.4	1
6324761	449447.MAE_29460	4.14	1
6323488	449447.MAE_16730	18.7	2
6323393	449447.MAE_15780	11.0	1
6324602	449447.MAE_27870	14.6	6
6325154	449447.MAE_33390	3.9	1
6327804	449447.MAE_59890	10.8	2
6323761	449447.MAE_19460	14.4	1
6326314	449447.MAE_44990	74.4	1
6326258	449447.MAE_44430	423	27
6325678	449447.MAE_38630	9.14	4
6326816	449447.MAE_50010	1.59	3
6322372	449447.MAE_05570	18.3	1
6327095	449447.MAE_52800	4.8	1
6323373	449447.MAE_15580	59.0	4
6324941	449447.MAE_31260	16.6	1
6324194	449447.MAE_23790	3.04	1
6322573	449447.MAE_07580	33.8	1
6321853	449447.MAE_00380	24.5	1
6323324	449447.MAE_15090	53.9	2
6322962	449447.MAE_11470	11.1	1
6328072	449447.MAE_62570	29.8	1
6324678	449447.MAE_28630	2.07	3
6327158	449447.MAE_53430	540	34
6326709	449447.MAE_48940	9.99	1
6325320	449447.MAE_35050	13.0	1
6323188	449447.MAE_13730	31.3	1
6324314	449447.MAE_24990	10.5	1
6324482	449447.MAE_26670	32.3	2
6326342	449447.MAE_45270	1.26	2
6325476	449447.MAE_36610	40.4	3
6326187	449447.MAE_43720	10.0	2
6324520	449447.MAE_27050	19.1	3
6324388	449447.MAE_25730	79.3	1
6325760	449447.MAE_39450	50.4	1
6326754	449447.MAE_49390	45.0	2
6322970	449447.MAE_11550	23.2	4
6326995	449447.MAE_51800	4.03	2
6325693	449447.MAE_38780	10.8	1
6327933	449447.MAE_61180	11.5	2
6326638	449447.MAE_48230	38.2	6
6327478	449447.MAE_56630	13.9	3
6328088	449447.MAE_62730	5.91	1
6322794	449447.MAE_09790	147	6
6325953	449447.MAE_41380	14.6	1
6323116	449447.MAE_13010	10.6	1
6323975	449447.MAE_21600	3261	91
6321890	449447.MAE_00750	19.6	2
6324528	449447.MAE_27130	1.55	6
6323624	449447.MAE_18090	289	5
6324035	449447.MAE_22200	0.472	1
6325600	449447.MAE_37850	33.6	2
6322418	449447.MAE_06030	1.18	2
6321852	449447.MAE_00370	4.77	1
6324821	449447.MAE_30060	39.5	1
6327170	449447.MAE_53550	23.9	3
6322529	449447.MAE_07140	6.76	1
6322118	449447.MAE_03030	27.4	1
6325670	449447.MAE_38550	4.54	1
6322322	449447.MAE_05070	0.448	1
6326240	449447.MAE_44250	7583	644
6322414	449447.MAE_05990	86.8	8
6322958	449447.MAE_11430	109	6
6326609	449447.MAE_47940	9614	306
6327359	449447.MAE_55440	111	10
6326750	449447.MAE_49350	58.5	1
6324285	449447.MAE_24700	0.549	1
6325319	449447.MAE_35040	58.8	1
6323301	449447.MAE_14860	21.1	1
6322216	449447.MAE_04010	44.9	1
6326929	449447.MAE_51140	434	24
6322591	449447.MAE_07760	140	6
6321816	449447.MAE_00010	9.13	1
6325085	449447.MAE_32700	34.8	2
6322853	449447.MAE_10380	171	56
6326111	449447.MAE_42960	44.3	1
6326601	449447.MAE_47860	16.3	2
6322626	449447.MAE_08110	10.1	3
6326875	449447.MAE_50600	13.8	2
6322680	449447.MAE_08650	23.0	1
6322432	449447.MAE_06170	45.4	3
6323676	449447.MAE_18610	67.5	3
6326473	449447.MAE_46580	30.1	4
6327123	449447.MAE_53080	31.5	2
6325081	449447.MAE_32660	31.2	3
6326628	449447.MAE_48130	5.61	1
6324976	449447.MAE_31610	2.46	1
6321983	449447.MAE_01680	68.6	1
6327816	449447.MAE_60010	4.23	4
6325117	449447.MAE_33020	1484	15
6323801	449447.MAE_19860	26.1	1
6322461	449447.MAE_06460	15.3	1
6323937	449447.MAE_21220	8.02	1
6325176	449447.MAE_33610	153	10
6322927	449447.MAE_11120	288	13
6321978	449447.MAE_01630	94.8	2
6322888	449447.MAE_10730	1.24	2
6324633	449447.MAE_28180	58.8	4
6325180	449447.MAE_33650	1.31	2
6322498	449447.MAE_06830	2069	27
6328042	449447.MAE_62270	1.32	1
6321840	449447.MAE_00250	10.7	2
6324447	449447.MAE_26320	132	1
6325806	449447.MAE_39910	16.6	2
6324533	449447.MAE_27180	44.1	1
6324989	449447.MAE_31740	157	5
6327054	449447.MAE_52390	25.0	1
6328039	449447.MAE_62240	19.6	2
6323270	449447.MAE_14550	120	7
6326425	449447.MAE_46100	7.39	1
6327345	449447.MAE_55300	19.8	1
6323354	449447.MAE_15390	27.2	2
6326749	449447.MAE_49340	61.3	13
6326411	449447.MAE_45960	28.1	4
6328017	449447.MAE_62020	0.463	1
6322108	449447.MAE_02930	31.8	1
6321998	449447.MAE_01830	49.7	3
6323003	449447.MAE_11880	43.4	1
6326440	449447.MAE_46250	517	31
6322176	449447.MAE_03610	4.58	1
6323629	449447.MAE_18140	78.7	6
6326947	449447.MAE_51320	62.1	3
6327335	449447.MAE_55200	11.4	1
6324468	449447.MAE_26530	0.98	2
6325051	449447.MAE_32360	138	2
6321953	449447.MAE_01380	71.8	1
6326458	449447.MAE_46430	10.4	1
6328087	449447.MAE_62720	1033	53
6327005	449447.MAE_51900	89.1	3
6327460	449447.MAE_56450	17.6	1
6323083	449447.MAE_12680	195	14
6325926	449447.MAE_41110	19.9	1
6323172	449447.MAE_13570	120	6
6324812	449447.MAE_29970	6.31	1
6326209	449447.MAE_43940	14.2	1
6327185	449447.MAE_53700	10.5	1
6322184	449447.MAE_03690	2.46	1
6327743	449447.MAE_59280	1.53	1
6323656	449447.MAE_18410	153	26
6325254	449447.MAE_34390	19.3	3
6328047	449447.MAE_62320	5.71	1
6324901	449447.MAE_30860	8.39	1
6325159	449447.MAE_33440	7.2	1
6321819	449447.MAE_00040	20.9	3
6322338	449447.MAE_05230	38.5	2
6322165	449447.MAE_03500	9.01	4
6327466	449447.MAE_56510	58.7	4
6323471	449447.MAE_16560	6.45	1
6325748	449447.MAE_39330	35.9	1
6322197	449447.MAE_03820	695	95
6324360	449447.MAE_25450	122	1
6326944	449447.MAE_51290	576	19
6324898	449447.MAE_30830	66.5	1
6323451	449447.MAE_16360	65.0	1
6323042	449447.MAE_12270	29.1	6
6322460	449447.MAE_06450	35.0	2
6323733	449447.MAE_19180	18.3	1
6322770	449447.MAE_09550	1017	17
6325034	449447.MAE_32190	6.52	1
6322551	449447.MAE_07360	28.8	1
6322999	449447.MAE_11840	6466	152
6322711	449447.MAE_08960	1.21	2
6322827	449447.MAE_10120	10.2	1
6322991	449447.MAE_11760	449	9
6325256	449447.MAE_34410	0.463	1
6323434	449447.MAE_16190	34.1	2
6327281	449447.MAE_54660	24.7	4
6326819	449447.MAE_50040	16.9	1
6321839	449447.MAE_00240	123	2
6322450	449447.MAE_06350	24.4	2
6327165	449447.MAE_53500	31.1	1
6323532	449447.MAE_17170	7.66	1
6321893	449447.MAE_00780	5.92	1
6328034	449447.MAE_62190	16.2	3
6327609	449447.MAE_57940	22.0	1
6321916	449447.MAE_01010	3.44	4
6325930	449447.MAE_41150	376	35
6323662	449447.MAE_18470	63.6	2
6322961	449447.MAE_11460	26.4	2
6327020	449447.MAE_52050	246	7
6324484	449447.MAE_26690	13.2	1
6326670	449447.MAE_48550	30.1	1
6328095	449447.MAE_62800	2.8	1
6325702	449447.MAE_38870	41.0	2
6324757	449447.MAE_29420	13.2	1
6325451	449447.MAE_36360	0.933	1
6323794	449447.MAE_19790	37.5	2
6322633	449447.MAE_08180	12.3	3
6325609	449447.MAE_37940	31.0	2
6324167	449447.MAE_23520	69.7	2
6322090	449447.MAE_02750	2.28	1
6327211	449447.MAE_53960	23.0	3
6321918	449447.MAE_01030	9.78	5
6323157	449447.MAE_13420	4.03	1
6327569	449447.MAE_57540	30.0	1
6325424	449447.MAE_36090	40.9	1
6324566	449447.MAE_27510	319	23
6327592	449447.MAE_57770	17.0	6
6325332	449447.MAE_35170	13.4	1
6326693	449447.MAE_48780	29.3	2
6327601	449447.MAE_57860	19.5	1
6324816	449447.MAE_30010	5.31	1
6326280	449447.MAE_44650	394	12
6322334	449447.MAE_05190	9.06	1
6327077	449447.MAE_52620	1.24	2
6324911	449447.MAE_30960	32.3	1
6324267	449447.MAE_24520	8.52	1
6323099	449447.MAE_12840	43.6	18
6326348	449447.MAE_45330	128	7
6326687	449447.MAE_48720	37.6	1
6323565	449447.MAE_17500	33.5	1
6325277	449447.MAE_34620	9.34	1
6325490	449447.MAE_36750	10.0	1
6324628	449447.MAE_28130	5.4	1
6322062	449447.MAE_02470	142	7
6324858	449447.MAE_30430	9.78	1
6323514	449447.MAE_16990	8.47	2
6323715	449447.MAE_19000	28.2	1
6325057	449447.MAE_32420	73.6	2
6323414	449447.MAE_15990	14.4	2
6323536	449447.MAE_17210	52.6	1
6322006	449447.MAE_01910	57.1	13
6322156	449447.MAE_03410	2000	310
6325802	449447.MAE_39870	36.1	2
6323001	449447.MAE_11860	2.66	1
6327935	449447.MAE_61200	94.8	5
6327679	449447.MAE_58640	21.9	1
6325985	449447.MAE_41700	3.22	4
6327071	449447.MAE_52560	234	10
6325877	449447.MAE_40620	14.7	1
6322613	449447.MAE_07980	5.96	1
6323257	449447.MAE_14420	0.933	1
6322762	449447.MAE_09470	28.0	1
6322443	449447.MAE_06280	117	4
6325711	449447.MAE_38960	0.933	1
6323524	449447.MAE_17090	28.4	3
6322438	449447.MAE_06230	35.1	1
6322926	449447.MAE_11110	27.6	3
6325063	449447.MAE_32480	17.2	2
6324486	449447.MAE_26710	10.2	1
6321871	449447.MAE_00560	1.55	6
6323000	449447.MAE_11850	63.7	2
6324250	449447.MAE_24350	401	18
6327241	449447.MAE_54260	1.51	2
6326332	449447.MAE_45170	0.933	1
6327265	449447.MAE_54500	18.9	7
6323931	449447.MAE_21160	11.5	2
6322475	449447.MAE_06600	1866	26
6327413	449447.MAE_55980	11.0	2
6326610	449447.MAE_47950	688	15
6323288	449447.MAE_14730	1933	212
6324209	449447.MAE_23940	15.3	1
6327716	449447.MAE_59010	25.4	1
6324817	449447.MAE_30020	7207	482
6326138	449447.MAE_43230	79.0	1
6324244	449447.MAE_24290	9.33	1
6324985	449447.MAE_31700	30.1	1
6322273	449447.MAE_04580	1.23	2
6322655	449447.MAE_08400	18.2	1
6321879	449447.MAE_00640	3704	249
6322193	449447.MAE_03780	4.8	2
6325950	449447.MAE_41350	16.6	2
6325899	449447.MAE_40840	22.0	2
6322106	449447.MAE_02910	189	4
6326713	449447.MAE_48980	15.4	1
6325831	449447.MAE_40160	44.5	1
6323335	449447.MAE_15200	15.7	2
6325580	449447.MAE_37650	31.7	1
6325718	449447.MAE_39030	5.7	1
6322880	449447.MAE_10650	23.6	1
6325535	449447.MAE_37200	84.4	4
6327086	449447.MAE_52710	72.2	5
6327021	449447.MAE_52060	26.1	4
6325955	449447.MAE_41400	189	23
6325290	449447.MAE_34750	4.71	1
6324595	449447.MAE_27800	13.7	4
6325810	449447.MAE_39950	252	43
6327533	449447.MAE_57180	670	41
6327979	449447.MAE_61640	11.5	1
6327586	449447.MAE_57710	8.68	2
6321886	449447.MAE_00710	165	16
6326370	449447.MAE_45550	0.472	1
6322755	449447.MAE_09400	122	2
6324012	449447.MAE_21970	1.08	2
6327416	449447.MAE_56010	142	27
6327570	449447.MAE_57550	123	2
6322636	449447.MAE_08210	75.1	1
6322647	449447.MAE_08320	0.823	3
6323515	449447.MAE_17000	14.0	1
6325049	449447.MAE_32340	29.6	2
6326238	449447.MAE_44230	16.2	2
6323062	449447.MAE_12470	48.5	2
6327379	449447.MAE_55640	8.01	1
6324666	449447.MAE_28510	17.3	1
6324990	449447.MAE_31750	18.6	2
6323037	449447.MAE_12220	34.4	2
6321936	449447.MAE_01210	235	2
6323020	449447.MAE_12050	10.4	1
6327176	449447.MAE_53610	35.6	1
6324299	449447.MAE_24840	0.968	4
6327228	449447.MAE_54130	214	31
6327489	449447.MAE_56740	314	12
6322451	449447.MAE_06360	201	12
6326600	449447.MAE_47850	11.9	2
6326543	449447.MAE_47280	40.9	1
6325593	449447.MAE_37780	23.4	1
6327677	449447.MAE_58620	21.2	2
6321921	449447.MAE_01060	100.0	2
6325922	449447.MAE_41070	0.463	1
6326513	449447.MAE_46980	69.2	3
6323113	449447.MAE_12980	136	7
6326350	449447.MAE_45350	86.6	2
6323370	449447.MAE_15550	91.4	1
6326941	449447.MAE_51260	31.9	1
6322374	449447.MAE_05590	2.12	3
6325731	449447.MAE_39160	13.4	2
6323158	449447.MAE_13430	16.3	1
6324524	449447.MAE_27090	50.1	1
6324422	449447.MAE_26070	1.18	2
6324227	449447.MAE_24120	126	1
6323004	449447.MAE_11890	96.5	14
6327065	449447.MAE_52500	572	20
6327561	449447.MAE_57460	1255	28
6327861	449447.MAE_60460	55.4	1
6323756	449447.MAE_19410	3.24	1
6327382	449447.MAE_55670	10.3	1
6322837	449447.MAE_10220	171	56
6326404	449447.MAE_45890	42.6	2
6323145	449447.MAE_13300	0.823	3
6323010	449447.MAE_11950	52.7	4
6322028	449447.MAE_02130	44.4	2
6327624	449447.MAE_58090	2.46	1
6325623	449447.MAE_38080	22.4	2
6325812	449447.MAE_39970	78.6	2
6326844	449447.MAE_50290	144	6
6327843	449447.MAE_60280	8.51	1
6326733	449447.MAE_49180	1.96	1
6324983	449447.MAE_31680	260	6
6327253	449447.MAE_54380	1259	79
6326374	449447.MAE_45590	17.5	4
6327599	449447.MAE_57840	9.21	1
6323294	449447.MAE_14790	39.1	1
6324615	449447.MAE_28000	61.0	1
6326330	449447.MAE_45150	16.2	3
6327735	449447.MAE_59200	41.9	1
6323828	449447.MAE_20130	49.8	2
6324205	449447.MAE_23900	285	20
6322747	449447.MAE_09320	6.85	1
6324450	449447.MAE_26350	105	2
6325644	449447.MAE_38290	20.5	1
6328058	449447.MAE_62430	10.4	1
6324070	449447.MAE_22550	9.08	1
6325844	449447.MAE_40290	304	4
6325884	449447.MAE_40690	8.17	2
6323050	449447.MAE_12350	3.5	1
6326321	449447.MAE_45060	23.3	3
6326132	449447.MAE_43170	573	42
6325724	449447.MAE_39090	10.0	1
6326406	449447.MAE_45910	173	17
6327531	449447.MAE_57160	86.4	5
6322572	449447.MAE_07570	23.5	1
6322466	449447.MAE_06510	26.9	2
6326155	449447.MAE_43400	41.4	5
6323428	449447.MAE_16130	11.2	1
6324437	449447.MAE_26220	34.2	1
6324089	449447.MAE_22740	53.9	1
6323561	449447.MAE_17460	18.2	1
6325356	449447.MAE_35410	2.4	1
6324112	449447.MAE_22970	3.5	1
6324174	449447.MAE_23590	4.74	1
6326061	449447.MAE_42460	12.3	4
6322148	449447.MAE_03330	38.3	3
6323779	449447.MAE_19640	53.9	5
6327282	449447.MAE_54670	11.7	3
6327115	449447.MAE_53000	20.9	1
6322332	449447.MAE_05170	60.8	1
6322029	449447.MAE_02140	48.2	1
6323025	449447.MAE_12100	8.98	1
6325835	449447.MAE_40200	11.9	1
6324140	449447.MAE_23250	29.7	1
6324726	449447.MAE_29110	38.3	15
6325630	449447.MAE_38150	44.0	2
6326131	449447.MAE_43160	4.83	2
6326037	449447.MAE_42220	75.7	1
6326867	449447.MAE_50520	28.1	2
6327314	449447.MAE_54990	1.24	2
6327259	449447.MAE_54440	8.5	1
6327277	449447.MAE_54620	0.876	2
6322456	449447.MAE_06410	2.46	1
6323388	449447.MAE_15730	17.4	1
6325562	449447.MAE_37470	4.4	1
6325366	449447.MAE_35510	16.3	4
6325007	449447.MAE_31920	57.0	1
6328035	449447.MAE_62200	25.6	1
6324972	449447.MAE_31570	49.9	3
6327477	449447.MAE_56620	0.933	1
6322433	449447.MAE_06180	24.6	1
6327296	449447.MAE_54810	87.6	4
6322099	449447.MAE_02840	278	19
6325400	449447.MAE_35850	7.87	1
6322301	449447.MAE_04860	395	6
6327749	449447.MAE_59340	27.6	1
6326475	449447.MAE_46600	30.1	4
6324248	449447.MAE_24330	17.0	1
6326084	449447.MAE_42690	1.55	6
6323902	449447.MAE_20870	82.0	1
6324883	449447.MAE_30680	29.4	1
6322083	449447.MAE_02680	7.7	1
6327458	449447.MAE_56430	75.8	1
6322038	449447.MAE_02230	13.1	1
6325734	449447.MAE_39190	10.0	1
6323427	449447.MAE_16120	69.6	1
6328021	449447.MAE_62060	216	45
6323823	449447.MAE_20080	9.44	1
6322120	449447.MAE_03050	11.3	1
6326931	449447.MAE_51160	57.1	1
6322428	449447.MAE_06130	1.3	5
6324457	449447.MAE_26420	381	33
6322950	449447.MAE_11350	57.8	8
6324428	449447.MAE_26130	8.41	1
6325201	449447.MAE_33860	97.5	1
6326014	449447.MAE_41990	35.5	3
6323036	449447.MAE_12210	32.5	1
6326310	449447.MAE_44950	20.2	2
6325568	449447.MAE_37530	13.4	2
6326897	449447.MAE_50820	8.14	1
6324980	449447.MAE_31650	25.6	1
6322061	449447.MAE_02460	89.9	1
6325090	449447.MAE_32750	50.4	4
6323995	449447.MAE_21800	9.35	3
6327333	449447.MAE_55180	22.6	1
6323911	449447.MAE_20960	0.463	1
6326838	449447.MAE_50230	256	1
6327437	449447.MAE_56220	21.1	3
6323212	449447.MAE_13970	0.46	1
6327292	449447.MAE_54770	10.5	1
6324400	449447.MAE_25850	20.6	1
6327855	449447.MAE_60400	12.2	1
6323534	449447.MAE_17190	10.9	1
6323897	449447.MAE_20820	10.6	1
6324328	449447.MAE_25130	273	41
6323421	449447.MAE_16060	629	48
6324423	449447.MAE_26080	5.85	1
6324847	449447.MAE_30320	3.91	2
6325420	449447.MAE_36050	8.29	1
6326398	449447.MAE_45830	12.4	1
6327184	449447.MAE_53690	612	17
6323111	449447.MAE_12960	16.1	2
6325942	449447.MAE_41270	18.0	4
6325258	449447.MAE_34430	1.31	2
6325883	449447.MAE_40680	17.8	1
6326534	449447.MAE_47190	59.8	1
6323979	449447.MAE_21640	3804	196
6326460	449447.MAE_46450	84.6	6
6327106	449447.MAE_52910	22.3	1
6325872	449447.MAE_40570	42.4	1
6325740	449447.MAE_39250	68.2	2
6326183	449447.MAE_43680	29.9	1
6326003	449447.MAE_41880	2.94	1
6323206	449447.MAE_13910	8.01	1
6325340	449447.MAE_35250	49.1	1
6326308	449447.MAE_44930	410	25
6322905	449447.MAE_10900	13.0	1
6324002	449447.MAE_21870	18.3	1
6326207	449447.MAE_43920	8.88	1
6327770	449447.MAE_59550	106	28
6325417	449447.MAE_36020	22.1	1
6323342	449447.MAE_15270	10.4	1
6326213	449447.MAE_43980	488	69
6323279	449447.MAE_14640	49.0	2
6327999	449447.MAE_61840	85.8	18
6326100	449447.MAE_42850	34.1	5
6327708	449447.MAE_58930	8.13	1
6322522	449447.MAE_07070	599	34
6324215	449447.MAE_24000	17.9	1
6322877	449447.MAE_10620	1.52	6
6323219	449447.MAE_14040	13.8	1
6326443	449447.MAE_46280	42.9	3
6325114	449447.MAE_32990	1212	84
6323593	449447.MAE_17780	22.9	2
6324156	449447.MAE_23410	1.57	2
6322616	449447.MAE_08010	65.6	3
6323992	449447.MAE_21770	16.7	2
6325107	449447.MAE_32920	36.4	3
6326595	449447.MAE_47800	27.2	1
6327468	449447.MAE_56530	10.7	1
6323649	449447.MAE_18340	14.1	1
6326152	449447.MAE_43370	17.1	2
6322349	449447.MAE_05340	38.2	4
6325681	449447.MAE_38660	103	5
6325636	449447.MAE_38210	35.7	1
6325565	449447.MAE_37500	13.0	1
6323939	449447.MAE_21240	72.5	4
6326731	449447.MAE_49160	40.5	1
6327498	449447.MAE_56830	23.2	1
6324341	449447.MAE_25260	8.41	2
6323661	449447.MAE_18460	10.0	1
6326461	449447.MAE_46460	123	19
6326499	449447.MAE_46840	35.6	2
6327087	449447.MAE_52720	30.1	4
6327759	449447.MAE_59440	90.9	8
6324297	449447.MAE_24820	23.2	2
6327881	449447.MAE_60660	18.1	1
6324280	449447.MAE_24650	0.933	1
6325354	449447.MAE_35390	1189	113
6325591	449447.MAE_37760	40.6	1
6325202	449447.MAE_33870	17.2	2
6326708	449447.MAE_48930	58.0	2
6324685	449447.MAE_28700	183	2
6322178	449447.MAE_03630	10.9	1
6322906	449447.MAE_10910	27.8	3
6325416	449447.MAE_36010	609	2
6325487	449447.MAE_36720	21.3	2
6324692	449447.MAE_28770	29.3	3
6327500	449447.MAE_56850	2.2	1
6321937	449447.MAE_01220	12.2	2
6326073	449447.MAE_42580	40.5	1
6323202	449447.MAE_13870	8.82	1
6325578	449447.MAE_37630	31.6	3
6325920	449447.MAE_41050	18.1	3
6326851	449447.MAE_50360	47.4	7
6322445	449447.MAE_06300	449	45
6324431	449447.MAE_26160	8.83	1
6326705	449447.MAE_48900	14.4	4
6324987	449447.MAE_31720	5.53	1
6325598	449447.MAE_37830	24.9	1
6326375	449447.MAE_45600	789	19
6322003	449447.MAE_01880	22.5	4
6323764	449447.MAE_19490	58.5	5
6324550	449447.MAE_27350	0.878	1
6326039	449447.MAE_42240	21.9	1
6322852	449447.MAE_10370	207	10
6326621	449447.MAE_48060	1.24	2
6325306	449447.MAE_34910	8.51	1
6324144	449447.MAE_23290	25.9	4
6327664	449447.MAE_58490	3.64	4
6327891	449447.MAE_60760	13.7	3
6326059	449447.MAE_42440	19.1	1
6321985	449447.MAE_01700	0.463	1
6326216	449447.MAE_44010	4.79	1
6323224	449447.MAE_14090	41.2	1
6322010	449447.MAE_01950	23.8	1
6326401	449447.MAE_45860	19.3	1
6327831	449447.MAE_60160	48.1	1
6322066	449447.MAE_02510	182	6
6322587	449447.MAE_07720	75.1	1
6326433	449447.MAE_46180	19.1	1
6323553	449447.MAE_17380	3.57	1
6322546	449447.MAE_07310	588	18
6324134	449447.MAE_23190	87.2	5
6322333	449447.MAE_05180	1.58	6
6327000	449447.MAE_51850	35.8	2
6324999	449447.MAE_31840	11.9	2
6327125	449447.MAE_53100	19.5	2
6325285	449447.MAE_34700	225	3
6324106	449447.MAE_22910	19.2	1
6324477	449447.MAE_26620	5.2	2
6325993	449447.MAE_41780	14.4	1
6325088	449447.MAE_32730	34.5	2
6327041	449447.MAE_52260	32.2	4
6326251	449447.MAE_44360	15.7	1
6325689	449447.MAE_38740	2.92	1
6327991	449447.MAE_61760	72.7	1
6324782	449447.MAE_29670	1.51	1
6322582	449447.MAE_07670	50.4	1
6322505	449447.MAE_06900	8.23	1
6325530	449447.MAE_37150	62.0	8
6327948	449447.MAE_61330	7.47	1
6326072	449447.MAE_42570	1.58	6
6323146	449447.MAE_13310	973	29
6326297	449447.MAE_44820	3431	158
6326331	449447.MAE_45160	26.4	1
6324745	449447.MAE_29300	105	1
6322490	449447.MAE_06750	33.5	2
6325940	449447.MAE_41250	41.6	1
6321855	449447.MAE_00400	0.463	1
6327237	449447.MAE_54220	2.27	1
6323137	449447.MAE_13220	14.2	1
6326485	449447.MAE_46700	1754	60
6321875	449447.MAE_00600	7.32	1
6324164	449447.MAE_23490	954	33
6323248	449447.MAE_14330	8.45	1
6327101	449447.MAE_52860	94.7	6
6324310	449447.MAE_24950	5.92	1
6323019	449447.MAE_12040	10.4	1
6327526	449447.MAE_57110	106	1
6326634	449447.MAE_48190	17.6	3
6327824	449447.MAE_60090	4411	87
6323152	449447.MAE_13370	24.0	1
6323225	449447.MAE_14100	145	2
6321935	449447.MAE_01200	19.7	2
6324668	449447.MAE_28530	32.0	1
6325588	449447.MAE_37730	11.7	1
6324163	449447.MAE_23480	17.6	2
6323787	449447.MAE_19720	52.4	1
6322552	449447.MAE_07370	22.2	1
6325330	449447.MAE_35150	29.0	1
6326266	449447.MAE_44510	65.6	7
6322685	449447.MAE_08700	79.1	1
6321834	449447.MAE_00190	44.2	3
6324693	449447.MAE_28780	24.7	1
6325474	449447.MAE_36590	122	3
6325250	449447.MAE_34350	118	1
6326436	449447.MAE_46210	61.5	2
6322104	449447.MAE_02890	289	12
6325821	449447.MAE_40060	7.94	1
6326347	449447.MAE_45320	8.23	1
6327551	449447.MAE_57360	24.5	1
6327555	449447.MAE_57400	633	24
6322299	449447.MAE_04840	6.0	3
6322782	449447.MAE_09670	90.5	3
6322201	449447.MAE_03860	10.0	1
6324243	449447.MAE_24280	1937	42
6323630	449447.MAE_18150	31.6	2
6323345	449447.MAE_15300	94.1	1
6322527	449447.MAE_07120	4.61	1
6322442	449447.MAE_06270	579	13
6326631	449447.MAE_48160	30.7	1
6326066	449447.MAE_42510	18.7	2
6323476	449447.MAE_16610	27.8	2
6324263	449447.MAE_24480	14436	790
6322753	449447.MAE_09380	36.3	3
6323808	449447.MAE_19930	64.9	1
6323445	449447.MAE_16300	8.73	3
6323580	449447.MAE_17650	47.8	1
6323613	449447.MAE_17980	326	30
6325726	449447.MAE_39110	1068	88
6325309	449447.MAE_34940	49.7	1
6325122	449447.MAE_33070	54.0	3
6322103	449447.MAE_02880	33.8	1
6327620	449447.MAE_58050	19.8	3
6324624	449447.MAE_28090	940	33
6326126	449447.MAE_43110	1.18	2
6324444	449447.MAE_26290	119	4
6323666	449447.MAE_18510	14.5	1
6321909	449447.MAE_00940	840	26
6325199	449447.MAE_33840	19.3	1
6325324	449447.MAE_35090	717	51
6322431	449447.MAE_06160	27.9	3
6325814	449447.MAE_39990	61.7	11
6322800	449447.MAE_09850	56.6	1
6324401	449447.MAE_25860	28.9	3
6322535	449447.MAE_07200	1.55	6
6326986	449447.MAE_51710	73.7	4
6326322	449447.MAE_45070	6.64	1
6327100	449447.MAE_52850	166	8
6323829	449447.MAE_20140	14.3	1
6326831	449447.MAE_50160	2886	268
6325228	449447.MAE_34130	33.0	1
6327568	449447.MAE_57530	19.3	2
6324346	449447.MAE_25310	67.5	7
6323128	449447.MAE_13130	67.1	8
6324673	449447.MAE_28580	51.8	1
6323266	449447.MAE_14510	30.8	2
6326090	449447.MAE_42750	82.8	2
6326519	449447.MAE_47040	11.5	1
6322779	449447.MAE_09640	1282	28
6326762	449447.MAE_49470	81.7	4
6323383	449447.MAE_15680	568	17
6323038	449447.MAE_12230	8.38	1
6326568	449447.MAE_47530	546	19
6327594	449447.MAE_57790	15.5	1
6322615	449447.MAE_08000	20.5	1
6325142	449447.MAE_33270	25.6	1
6325626	449447.MAE_38110	349	17
6322097	449447.MAE_02820	22.7	1
6325721	449447.MAE_39060	2124	65
6324005	449447.MAE_21900	134	15
6325457	449447.MAE_36420	1.23	2
6326919	449447.MAE_51040	19.6	1
6327197	449447.MAE_53820	0.933	1
6326438	449447.MAE_46230	4448	146
6326394	449447.MAE_45790	1800	78
6323677	449447.MAE_18620	13.2	2
6327504	449447.MAE_56890	18.5	1
6324130	449447.MAE_23150	25.5	4
6323598	449447.MAE_17830	121	1
6326178	449447.MAE_43630	3.43	1
6325675	449447.MAE_38600	14.7	12
6323699	449447.MAE_18840	788	94
6327443	449447.MAE_56280	2314	44
6324739	449447.MAE_29240	33.4	3
6325936	449447.MAE_41210	13.6	1
6323289	449447.MAE_14740	23.9	1
6327870	449447.MAE_60550	3.18	4
6323759	449447.MAE_19440	59.1	1
6325794	449447.MAE_39790	3.05	1
6323030	449447.MAE_12150	97.6	3
6324634	449447.MAE_28190	15.3	2
6325496	449447.MAE_36810	58.4	9
6327280	449447.MAE_54650	27.0	3
6328085	449447.MAE_62700	39.8	4
6327790	449447.MAE_59750	36.3	2
6321930	449447.MAE_01150	86.7	1
6322590	449447.MAE_07750	56.9	4
6328101	449447.MAE_62860	5.57	3
6323372	449447.MAE_15570	48.2	3
6325045	449447.MAE_32300	0.933	1
6322771	449447.MAE_09560	7.23	2
6322594	449447.MAE_07790	96.0	2
6322848	449447.MAE_10330	11.7	1
6323507	449447.MAE_16920	281	14
6323768	449447.MAE_19530	8.02	1
6326184	449447.MAE_43690	13004	223
6323014	449447.MAE_11990	15.3	2
6325385	449447.MAE_35700	21.7	1
6326821	449447.MAE_50060	211	16
6324004	449447.MAE_21890	14.0	1
6325663	449447.MAE_38480	71.3	1
6325811	449447.MAE_39960	19.2	1
6324495	449447.MAE_26800	68.8	10
6322260	449447.MAE_04450	3.06	1
6323176	449447.MAE_13610	22.5	2
6327444	449447.MAE_56290	30.9	3
6322956	449447.MAE_11410	8.33	2
6323725	449447.MAE_19100	17.0	1
6328014	449447.MAE_61990	93.5	2
6326942	449447.MAE_51270	200	9
6323408	449447.MAE_15930	12.4	1
6326300	449447.MAE_44850	5.22	1
6325318	449447.MAE_35030	32.0	1
6322027	449447.MAE_02120	30.5	1
6324190	449447.MAE_23750	17.9	3
6326570	449447.MAE_47550	27.6	4
6326356	449447.MAE_45410	41.5	2
6327516	449447.MAE_57010	1.21	2
6322055	449447.MAE_02400	25.8	1
6323652	449447.MAE_18370	33.0	1
6325879	449447.MAE_40640	6.55	1
6327499	449447.MAE_56840	2.27	1
6327846	449447.MAE_60310	604	62
6326442	449447.MAE_46270	37.9	3
6324474	449447.MAE_26590	21.8	2
6327022	449447.MAE_52070	130	1
6324919	449447.MAE_31040	5.92	1
6325995	449447.MAE_41800	31.9	1
6325686	449447.MAE_38710	9.37	1
6326303	449447.MAE_44880	8.0	1
6326857	449447.MAE_50420	137	40
6324764	449447.MAE_29490	66.5	1
6324203	449447.MAE_23880	11.5	2
6326506	449447.MAE_46910	74.5	2
6322574	449447.MAE_07590	9.59	1
6327732	449447.MAE_59170	1165	79
6323079	449447.MAE_12640	75.9	1
6324485	449447.MAE_26700	8.35	1
6327611	449447.MAE_57960	24.0	1
6325466	449447.MAE_36510	5782	208
6323190	449447.MAE_13750	6.03	1
6327612	449447.MAE_57970	47.1	2
6324597	449447.MAE_27820	5.74	1
6322303	449447.MAE_04880	60.8	1
6322781	449447.MAE_09660	24.0	2
6327487	449447.MAE_56720	18.8	1
6328011	449447.MAE_61960	74.4	7
6322223	449447.MAE_04080	673	44
6323377	449447.MAE_15620	20.3	3
6327405	449447.MAE_55900	352	26
6327534	449447.MAE_57190	1433	85
6326005	449447.MAE_41900	12.9	1
6323136	449447.MAE_13210	10.9	1
6322928	449447.MAE_11130	25.8	2
6322785	449447.MAE_09700	187	16
6325504	449447.MAE_36890	16.7	1
6324769	449447.MAE_29540	40.4	1
6322532	449447.MAE_07170	42.4	4
6322352	449447.MAE_05370	25.8	1
6326048	449447.MAE_42330	21.6	2
6323878	449447.MAE_20630	1.67	1
6324684	449447.MAE_28690	255	8
6327541	449447.MAE_57260	102	4
6325832	449447.MAE_40170	0.472	1
6325625	449447.MAE_38100	66.3	1
6323400	449447.MAE_15850	102	8
6322598	449447.MAE_07830	1.21	2
6324971	449447.MAE_31560	15.9	1
6324387	449447.MAE_25720	7.93	1
6326365	449447.MAE_45500	1.32	1
6323336	449447.MAE_15210	46.0	2
6323316	449447.MAE_15010	44.6	2
6325493	449447.MAE_36780	30.5	3
6322992	449447.MAE_11770	1629	106
6327596	449447.MAE_57810	27.3	3
6325584	449447.MAE_37690	93.5	2
6326467	449447.MAE_46520	9.38	1
6326447	449447.MAE_46320	18.5	1
6328097	449447.MAE_62820	96.8	3
6324869	449447.MAE_30540	548	24
6326614	449447.MAE_47990	7.56	1
6325863	449447.MAE_40480	114	1
6323468	449447.MAE_16530	4.19	2
6326719	449447.MAE_49040	46.4	2
6325037	449447.MAE_32220	3477	130
6324399	449447.MAE_25840	54.8	1
6324555	449447.MAE_27400	5.92	1
6328008	449447.MAE_61930	59.3	3
6327550	449447.MAE_57350	147	3
6323693	449447.MAE_18780	167	2
6326775	449447.MAE_49600	1.3	5
6327872	449447.MAE_60570	2.4	1
6327514	449447.MAE_56990	5.54	1
6326357	449447.MAE_45420	0.463	1
6325011	449447.MAE_31960	29.5	9
6321907	449447.MAE_00920	6128	828
6325164	449447.MAE_33490	18.2	2
6322284	449447.MAE_04690	23.9	3
6322788	449447.MAE_09730	16.7	1
6323071	449447.MAE_12560	7658	128
6325043	449447.MAE_32280	28.5	1
6323106	449447.MAE_12910	45.0	1
6322434	449447.MAE_06190	35.7	2
6326363	449447.MAE_45480	2.16	1
6322602	449447.MAE_07870	18.3	1
6322436	449447.MAE_06210	26.9	2
6326642	449447.MAE_48270	14.1	2
6327037	449447.MAE_52220	78.6	1
6325143	449447.MAE_33280	11.4	1
6321884	449447.MAE_00690	28.8	1
6327045	449447.MAE_52300	22.5	5
6326079	449447.MAE_42640	7.09	1
6324638	449447.MAE_28230	9.53	1
6323058	449447.MAE_12430	3.2	1
6322117	449447.MAE_03020	52.0	1
6326346	449447.MAE_45310	125	5
6324776	449447.MAE_29610	0.294	1
6322638	449447.MAE_08230	132	13
6325502	449447.MAE_36870	95.2	2
6323178	449447.MAE_13630	34.1	3
6325469	449447.MAE_36540	2.68	1
6325022	449447.MAE_32070	25.3	1
6323396	449447.MAE_15810	22.8	4
6322160	449447.MAE_03450	36.8	1
6325592	449447.MAE_37770	432	21
6327715	449447.MAE_59000	165	18
6326546	449447.MAE_47310	5.05	1
6324370	449447.MAE_25550	35.0	1
6323844	449447.MAE_20290	63.5	1
6324241	449447.MAE_24260	78.4	4
6326145	449447.MAE_43300	5.58	1
6322601	449447.MAE_07860	300	24
6327898	449447.MAE_60830	70.6	11
6327926	449447.MAE_61110	3.18	4
6326482	449447.MAE_46670	2.46	1
6327640	449447.MAE_58250	16.0	1
6323817	449447.MAE_20020	14.6	1
6321943	449447.MAE_01280	15.1	1
6327906	449447.MAE_60910	29.4	4
6325947	449447.MAE_41320	1267	60
6323072	449447.MAE_12570	2285	229
6325813	449447.MAE_39980	5.9	1
6324591	449447.MAE_27760	18.0	2
6323093	449447.MAE_12780	145	4
6322109	449447.MAE_02940	1.73	1
6324671	449447.MAE_28560	29.2	7
6322933	449447.MAE_11180	49.6	1
6327896	449447.MAE_60810	10.8	1
6325168	449447.MAE_33530	31.4	1
6326840	449447.MAE_50250	3707	431
6322918	449447.MAE_11030	65.5	6
6326701	449447.MAE_48860	24.0	1
6325353	449447.MAE_35380	1.25	1
6325676	449447.MAE_38610	27.7	23
6326422	449447.MAE_46070	3438	75
6327454	449447.MAE_56390	72.3	1
6326684	449447.MAE_48690	22.5	1
6322488	449447.MAE_06730	99.2	4
6327434	449447.MAE_56190	103	1
6322209	449447.MAE_03940	46.2	6
6322866	449447.MAE_10510	171	56
6325026	449447.MAE_32110	720	3
6326062	449447.MAE_42470	9.03	1
6323976	449447.MAE_21610	28.9	2
6326868	449447.MAE_50530	11.2	4
6326873	449447.MAE_50580	23.7	3
6323706	449447.MAE_18910	7016	587
6322915	449447.MAE_11000	16.4	1
6326009	449447.MAE_41940	23.4	4
6327332	449447.MAE_55170	41.9	2
6322354	449447.MAE_05390	214	2
6323566	449447.MAE_17510	7.58	2
6322298	449447.MAE_04830	2.33	1
6323531	449447.MAE_17160	13.1	2
6321994	449447.MAE_01790	6.18	1
6322985	449447.MAE_11700	43.0	1
6324283	449447.MAE_24680	10.8	2
6325683	449447.MAE_38680	49.2	6
6325736	449447.MAE_39210	1152	203
6327126	449447.MAE_53110	17.7	3
6326001	449447.MAE_41860	43.3	1
6325739	449447.MAE_39240	26.7	2
6327564	449447.MAE_57490	24.9	1
6327354	449447.MAE_55390	2352	80
6321948	449447.MAE_01330	91.5	3
6327584	449447.MAE_57690	8.5	2
6323433	449447.MAE_16180	89.7	4
6327047	449447.MAE_52320	696	93
6323329	449447.MAE_15140	29.9	2
6327059	449447.MAE_52440	20.0	1
6327400	449447.MAE_55850	32.1	1
6325642	449447.MAE_38270	1.23	2
6326324	449447.MAE_45090	46.8	4
6323262	449447.MAE_14470	13.6	1
6324541	449447.MAE_27260	117	14
6321945	449447.MAE_01300	3.98	1
6323492	449447.MAE_16770	16.9	1
6328056	449447.MAE_62410	25.5	1
6324748	449447.MAE_29330	1.73	5
6326017	449447.MAE_42020	54.0	3
6322375	449447.MAE_05600	168	1
6323654	449447.MAE_18390	162	14
6324833	449447.MAE_30180	45.7	1
6325061	449447.MAE_32460	40.3	4
6324186	449447.MAE_23710	56.4	2
6321874	449447.MAE_00590	43.2	3
6323391	449447.MAE_15760	0.329	1
6326271	449447.MAE_44560	76.1	1
6324331	449447.MAE_25160	42.3	1
6325660	449447.MAE_38450	1247	113
6324992	449447.MAE_31770	19.4	2
6323692	449447.MAE_18770	13.0	2
6322319	449447.MAE_05040	22.5	1
6324008	449447.MAE_21930	53.2	1
6326306	449447.MAE_44910	12.8	1
6325302	449447.MAE_34870	72.3	18
6323745	449447.MAE_19300	463	20
6324789	449447.MAE_29740	94.6	1
6322780	449447.MAE_09650	31.1	3
6327768	449447.MAE_59530	18.0	2
6327274	449447.MAE_54590	31.4	1
6327608	449447.MAE_57930	39.6	8
6324166	449447.MAE_23510	21.1	1
6326497	449447.MAE_46820	40.6	1
6326013	449447.MAE_41980	9.02	1
6323021	449447.MAE_12060	64.4	2
6324510	449447.MAE_26950	7.91	2
6324413	449447.MAE_25980	11.4	1
6327702	449447.MAE_58870	18.9	3
6327182	449447.MAE_53670	18.9	1
6324621	449447.MAE_28060	68.0	9
6325746	449447.MAE_39310	1.21	2
6323267	449447.MAE_14520	81.5	1
6327795	449447.MAE_59800	61.8	1
6324257	449447.MAE_24420	65.0	5
6327964	449447.MAE_61490	70.2	3
6325308	449447.MAE_34930	37.5	1
6322757	449447.MAE_09420	48.5	2
6325661	449447.MAE_38460	0.876	2
6325462	449447.MAE_36470	27.3	3
6326768	449447.MAE_49530	16.8	2
6324260	449447.MAE_24450	137802	6617
6322143	449447.MAE_03280	10.2	1
6321823	449447.MAE_00080	29.2	1
6325177	449447.MAE_33620	5.47	2
6324336	449447.MAE_25210	30.9	2
6322147	449447.MAE_03320	25.4	1
6322173	449447.MAE_03580	46.3	2
6326264	449447.MAE_44490	31.2	4
6323679	449447.MAE_18640	22.9	2
6324407	449447.MAE_25920	75.5	1
6326064	449447.MAE_42490	28.9	2
6325839	449447.MAE_40240	6.56	1
6322816	449447.MAE_10010	853	179
6327050	449447.MAE_52350	6.35	1
6322938	449447.MAE_11230	13.8	2
6324103	449447.MAE_22880	18.6	1
6324875	449447.MAE_30600	5.37	2
6324575	449447.MAE_27600	1.58	6
6327104	449447.MAE_52890	35.5	3
6323548	449447.MAE_17330	36.4	3
6327538	449447.MAE_57230	82.2	1
6322208	449447.MAE_03930	15.8	3
6325364	449447.MAE_35490	12.8	1
6327464	449447.MAE_56490	21.0	1
6325280	449447.MAE_34650	4.11	1
6326140	449447.MAE_43250	20.1	1
6326653	449447.MAE_48380	2584	162
6327788	449447.MAE_59730	360	31
6325311	449447.MAE_34960	18.2	1
6321955	449447.MAE_01400	2.37	1
6322544	449447.MAE_07290	677	29
6326598	449447.MAE_47830	107	1
6322995	449447.MAE_11800	12.5	1
6323422	449447.MAE_16070	29.1	3
6322504	449447.MAE_06890	9.16	2
6324932	449447.MAE_31170	36.5	3
6324455	449447.MAE_26400	119	14
6324805	449447.MAE_29900	107	5
6326907	449447.MAE_50920	57.5	2
6325720	449447.MAE_39050	27.0	3
6325118	449447.MAE_33030	5204	110
6324335	449447.MAE_25200	101	1
6326752	449447.MAE_49370	3272	838
6325153	449447.MAE_33380	47.6	2
6327868	449447.MAE_60530	8.6	4
6328053	449447.MAE_62380	43.0	1
6327937	449447.MAE_61220	477	2
6323007	449447.MAE_11920	1.23	2
6325956	449447.MAE_41410	85.8	13
6327668	449447.MAE_58530	8.27	4
6327076	449447.MAE_52610	234	13
6323498	449447.MAE_16830	10.9	1
6328124	449447.MAE_63090	2.82	1
6324982	449447.MAE_31670	16.5	1
6325240	449447.MAE_34250	6.95	1
6322989	449447.MAE_11740	2.61	1
6322657	449447.MAE_08420	55.9	4
6327657	449447.MAE_58420	29.4	2
6326918	449447.MAE_51030	57.5	2
6327912	449447.MAE_60970	42.7	4
6322856	449447.MAE_10410	88.4	13
6327263	449447.MAE_54480	289	1
6326571	449447.MAE_47560	402	64
6327523	449447.MAE_57080	3249	227
6326083	449447.MAE_42680	7.6	1
6324845	449447.MAE_30300	36.5	1
6323177	449447.MAE_13620	5653	704
6324355	449447.MAE_25400	4.84	1
6324494	449447.MAE_26790	205	6
6324874	449447.MAE_30590	8.76	1
6326076	449447.MAE_42610	33.9	1
6327807	449447.MAE_59920	95.5	1
6325467	449447.MAE_36520	1.74	3
6326089	449447.MAE_42740	186	22
6321818	449447.MAE_00030	30.3	1
6323668	449447.MAE_18530	425	14
6323622	449447.MAE_18070	164	2
6322873	449447.MAE_10580	0.533	1
6322045	449447.MAE_02300	3.25	1
6327689	449447.MAE_58740	35.2	1
6324345	449447.MAE_25300	1.08	2
6324564	449447.MAE_27490	14.5	1
6323927	449447.MAE_21120	54.1	1
6322665	449447.MAE_08500	17.2	1
6323571	449447.MAE_17560	28.6	1
6322065	449447.MAE_02500	1277	63
6326477	449447.MAE_46620	10.6	1
6325823	449447.MAE_40080	111	1
6322675	449447.MAE_08600	99.9	40
6326340	449447.MAE_45250	10.8	1
6325279	449447.MAE_34640	1.5	1
6323228	449447.MAE_14130	60.2	2
6326493	449447.MAE_46780	10.6	1
6328064	449447.MAE_62490	20.4	1
6326095	449447.MAE_42800	106	1
6327219	449447.MAE_54040	72.3	4
6323337	449447.MAE_15220	444	58
6324886	449447.MAE_30710	99.9	6
6328044	449447.MAE_62290	83.8	1
6324512	449447.MAE_26970	0.459	1
6327725	449447.MAE_59100	9.66	1
6322806	449447.MAE_09910	5.57	3
6323989	449447.MAE_21740	18.9	1
6327983	449447.MAE_61680	32.7	2
6325232	449447.MAE_34170	6.03	1
6322294	449447.MAE_04790	1.52	6
6326028	449447.MAE_42130	62.0	1
6322701	449447.MAE_08860	55.0	1
6324970	449447.MAE_31550	359	19
6322524	449447.MAE_07090	12.4	1
6322157	449447.MAE_03420	33.4	4
6326049	449447.MAE_42340	756	23
6326410	449447.MAE_45950	95.4	10
6325792	449447.MAE_39770	68.9	5
6325265	449447.MAE_34500	1.55	6
6327760	449447.MAE_59450	793	30
6324334	449447.MAE_25190	17.7	1
6327911	449447.MAE_60960	121	21
6327980	449447.MAE_61650	27.0	1
6325044	449447.MAE_32290	58.8	1
6328038	449447.MAE_62230	57.9	2
6325149	449447.MAE_33340	4.29	2
6327817	449447.MAE_60020	41.5	13
6325948	449447.MAE_41330	29.9	3
6324872	449447.MAE_30570	117	3
6326203	449447.MAE_43880	94.8	1
6325969	449447.MAE_41540	18.9	1
6325672	449447.MAE_38570	25.9	15
6322559	449447.MAE_07440	1.24	2
6324902	449447.MAE_30870	34.7	1
6325735	449447.MAE_39200	0.463	1
6325772	449447.MAE_39570	4.37	2
6327758	449447.MAE_59430	34.5	1
6322971	449447.MAE_11560	34.8	1
6327168	449447.MAE_53530	1.59	3
6323495	449447.MAE_16800	83.3	4
6324202	449447.MAE_23870	35.5	3
6325477	449447.MAE_36620	1159	34
6327414	449447.MAE_55990	29.6	3
6325619	449447.MAE_38040	16.1	1
6322539	449447.MAE_07240	30.6	1
6324711	449447.MAE_28960	13.4	2
6322353	449447.MAE_05380	18.0	4
6325434	449447.MAE_36190	10.1	1
6321990	449447.MAE_01750	28.5	2
6324914	449447.MAE_30990	102	1
6327710	449447.MAE_58950	22.4	3
6327117	449447.MAE_53020	10.1	2
6322537	449447.MAE_07220	75.2	1
6323589	449447.MAE_17740	39.5	3
6321860	449447.MAE_00450	112	1
6323280	449447.MAE_14650	11.3	1
6327251	449447.MAE_54360	4.41	1
6327930	449447.MAE_61150	4.19	4
6324256	449447.MAE_24410	84.4	8
6325714	449447.MAE_38990	47.1	4
6325852	449447.MAE_40370	29.2	2
6325605	449447.MAE_37900	0.303	1
6325677	449447.MAE_38620	34.8	2
6327463	449447.MAE_56480	9.7	2
6327064	449447.MAE_52490	50.4	1
6323259	449447.MAE_14440	9.96	1
6321986	449447.MAE_01710	45.6	1
6325289	449447.MAE_34740	15.1	1
6322718	449447.MAE_09030	29.5	2
6321959	449447.MAE_01440	91.2	5
6322643	449447.MAE_08280	90.5	9
6321965	449447.MAE_01500	46.7	2
6326050	449447.MAE_42350	3.98	1
6325010	449447.MAE_31950	5.46	1
6325488	449447.MAE_36730	56.1	1
6327232	449447.MAE_54170	1.21	2
6326735	449447.MAE_49200	13.2	1
6322656	449447.MAE_08410	2.9	1
6322013	449447.MAE_01980	8.53	1
6327304	449447.MAE_54890	29.5	1
6326885	449447.MAE_50700	46.3	7
6324076	449447.MAE_22610	85.7	14
6327936	449447.MAE_61210	19.2	1
6323540	449447.MAE_17250	84.5	1
6327349	449447.MAE_55340	67.3	2
6323417	449447.MAE_16020	29.4	1
6323382	449447.MAE_15670	1.23	2
6324301	449447.MAE_24860	29.8	1
6322793	449447.MAE_09780	13.4	1
6325244	449447.MAE_34290	9.62	2
6325977	449447.MAE_41620	54.6	1
6323436	449447.MAE_16210	113	1
6324098	449447.MAE_22830	121	6
6322944	449447.MAE_11290	77.5	7
6326794	449447.MAE_49790	7.55	1
6325982	449447.MAE_41670	0.377	1
6327603	449447.MAE_57880	75.6	1
6326077	449447.MAE_42620	5.63	2
6325622	449447.MAE_38070	0.419	1
6324383	449447.MAE_25680	61.5	7
6327633	449447.MAE_58180	44.1	4
6326672	449447.MAE_48570	14.6	1
6323737	449447.MAE_19220	7261	329
6326188	449447.MAE_43730	37.6	2
6327632	449447.MAE_58170	25.8	1
6322629	449447.MAE_08140	45.0	4
6326505	449447.MAE_46900	0.463	1
6322277	449447.MAE_04620	858	104
6327032	449447.MAE_52170	59.1	1
6325058	449447.MAE_32430	56.6	3
6323420	449447.MAE_16050	83.4	2
6323352	449447.MAE_15370	15.9	1
6322128	449447.MAE_03130	24.1	2
6326855	449447.MAE_50400	104	2
6325215	449447.MAE_34000	10.8	1
6327766	449447.MAE_59510	16.9	1
6325187	449447.MAE_33720	14.0	1
6325983	449447.MAE_41680	20.5	2
6326175	449447.MAE_43600	307	31
6322240	449447.MAE_04250	65.2	2
6323437	449447.MAE_16220	67.5	5
6321831	449447.MAE_00160	18.5	1
6327360	449447.MAE_55450	53.1	1
6326516	449447.MAE_47010	288	1
6324087	449447.MAE_22720	42.6	1
6324099	449447.MAE_22840	0.924	2
6323720	449447.MAE_19050	12.5	2
6324197	449447.MAE_23820	97.0	2
6327660	449447.MAE_58450	1.32	1
6327212	449447.MAE_53970	61.4	4
6325076	449447.MAE_32610	15.5	3
6323799	449447.MAE_19840	33.3	1
6326983	449447.MAE_51680	8.79	2
6327682	449447.MAE_58670	21.2	3
6325656	449447.MAE_38410	0.933	1
6325382	449447.MAE_35670	23.9	1
6322483	449447.MAE_06680	14.5	3
6322969	449447.MAE_11540	23.5	11
6323034	449447.MAE_12190	10.0	3
6326319	449447.MAE_45040	296	13
6326427	449447.MAE_46120	79.6	1
6323516	449447.MAE_17010	68.9	2
6326790	449447.MAE_49750	68.9	1
6322094	449447.MAE_02790	2064	69
6325441	449447.MAE_36260	6.01	2
6323665	449447.MAE_18500	79.9	1
6324496	449447.MAE_26810	31.8	1
6324132	449447.MAE_23170	2.56	1
6324598	449447.MAE_27830	79.5	1
6321939	449447.MAE_01240	54.6	1
6324281	449447.MAE_24660	47.5	1
6326285	449447.MAE_44700	0.661	1
6326305	449447.MAE_44900	33.5	1
6326744	449447.MAE_49290	42.3	1
6324266	449447.MAE_24510	20.3	2
6326315	449447.MAE_45000	69.7	1
6323906	449447.MAE_20910	18.9	1
6326829	449447.MAE_50140	1888	90
6323290	449447.MAE_14750	228	33
6327692	449447.MAE_58770	6.12	1
6322976	449447.MAE_11610	9.39	2
6323987	449447.MAE_21720	15.6	1
6325313	449447.MAE_34980	208	1
6326211	449447.MAE_43960	22.5	1
6325975	449447.MAE_41600	19.4	3
6325438	449447.MAE_36230	24.8	1
6324958	449447.MAE_31430	15.1	2
6325790	449447.MAE_39750	96.1	3
6322416	449447.MAE_06010	129	14
6322036	449447.MAE_02210	20.8	3
6326029	449447.MAE_42140	29.3	1
6326518	449447.MAE_47030	17.9	1
6322503	449447.MAE_06880	25.4	2
6325145	449447.MAE_33300	5.57	3
6327613	449447.MAE_57980	53.2	7
6322471	449447.MAE_06560	39.6	1
6322932	449447.MAE_11170	15.8	1
6327838	449447.MAE_60230	16.5	1
6327939	449447.MAE_61240	78.9	20
6323533	449447.MAE_17180	17.8	1
6323129	449447.MAE_13140	317	7
6326926	449447.MAE_51110	1.74	3
6325419	449447.MAE_36040	2150	85
6324813	449447.MAE_29980	5.58	1
6321957	449447.MAE_01420	1.75	1
6324688	449447.MAE_28730	7.23	1
6322931	449447.MAE_11160	9.1	3
6326117	449447.MAE_43020	18.1	1
6322744	449447.MAE_09290	1.21	2
6326818	449447.MAE_50030	18.9	1
6324320	449447.MAE_25050	24.4	1
6326740	449447.MAE_49250	122	11
6326545	449447.MAE_47300	25.3	1
6323268	449447.MAE_14530	12.1	1
6327830	449447.MAE_60150	6.56	1
6324659	449447.MAE_28440	17.0	1
6324581	449447.MAE_27660	63.9	1
6323877	449447.MAE_20620	41.2	1
6327546	449447.MAE_57310	1852	86
6325610	449447.MAE_37950	566	21
6326096	449447.MAE_42810	22.7	1
6324786	449447.MAE_29710	7.45	1
6326459	449447.MAE_46440	20.3	2
6327461	449447.MAE_56460	180	7
6322978	449447.MAE_11630	0.923	1
6325750	449447.MAE_39350	2.41	1
6324548	449447.MAE_27330	4.83	2
6326880	449447.MAE_50650	14.1	1
6327386	449447.MAE_55710	34.0	3
6324794	449447.MAE_29790	29.1	1
6327368	449447.MAE_55530	3.41	1
6325398	449447.MAE_35830	13514	540
6323820	449447.MAE_20050	311	14
6322462	449447.MAE_06470	10.4	1
6328024	449447.MAE_62090	12.1	1
6324779	449447.MAE_29640	1.22	2
6327841	449447.MAE_60260	5.74	1
6325310	449447.MAE_34950	59.2	1
6324635	449447.MAE_28200	0.933	1
6325949	449447.MAE_41340	17.2	2
6322977	449447.MAE_11620	1.92	2
6324398	449447.MAE_25830	76.8	2
6325450	449447.MAE_36350	0.463	1
6321997	449447.MAE_01820	318	23
6325287	449447.MAE_34720	1.64	2
6327628	449447.MAE_58130	159	1
6326812	449447.MAE_49970	1.59	3
6323856	449447.MAE_20410	50.2	1
6324368	449447.MAE_25530	60.1	5
6326082	449447.MAE_42670	119	1
6325374	449447.MAE_35590	82.9	1
6324479	449447.MAE_26640	18.0	2
6325292	449447.MAE_34770	10.1	1
6326703	449447.MAE_48880	43.3	3
6325463	449447.MAE_36480	20.6	1
6322676	449447.MAE_08610	201	2
6323583	449447.MAE_17680	73.7	1
6322699	449447.MAE_08840	12.3	1
6327947	449447.MAE_61320	34.8	4
6322988	449447.MAE_11730	13.3	2
6325873	449447.MAE_40580	295	13
6327829	449447.MAE_60140	141	9
6322695	449447.MAE_08800	46.1	7
6327042	449447.MAE_52270	134	1
6325908	449447.MAE_40930	1026	14
6327056	449447.MAE_52410	9.99	1
6328069	449447.MAE_62540	10.8	1
6325171	449447.MAE_33560	4523	75
6326426	449447.MAE_46110	34.6	4
6324734	449447.MAE_29190	276	1
6323896	449447.MAE_20810	7.87	1
6323816	449447.MAE_20010	11.7	2
6324865	449447.MAE_30500	17.9	2
6324965	449447.MAE_31500	5.46	1
6322226	449447.MAE_04110	38.6	4
6324605	449447.MAE_27900	15.4	1
6327588	449447.MAE_57730	98.7	2
6322786	449447.MAE_09710	14.8	1
6327754	449447.MAE_59390	63.5	6
6323250	449447.MAE_14350	15.9	3
6323587	449447.MAE_17720	38.8	1
6327467	449447.MAE_56520	8.07	2
6327242	449447.MAE_54270	1.32	2
6323444	449447.MAE_16290	63.8	1
6328009	449447.MAE_61940	454	36
6323981	449447.MAE_21660	10.8	2
6326167	449447.MAE_43520	7.22	1
6322435	449447.MAE_06200	38.0	1
6327536	449447.MAE_57210	9.61	1
6322069	449447.MAE_02540	69.9	2
6328082	449447.MAE_62670	114	10
6327862	449447.MAE_60470	1.32	1
6326472	449447.MAE_46570	7.08	1
6322024	449447.MAE_02090	201	31
6322588	449447.MAE_07730	11.1	3
6326194	449447.MAE_43790	6.2	1
6326200	449447.MAE_43850	17.4	1
6326420	449447.MAE_46050	460	29
6325218	449447.MAE_34030	36.1	1
6322557	449447.MAE_07420	0.933	1
6324791	449447.MAE_29760	41.1	2
6323985	449447.MAE_21700	505	21
6325418	449447.MAE_36030	148	8
6327741	449447.MAE_59260	1.55	6
6323473	449447.MAE_16580	45.6	1
6324765	449447.MAE_29500	17.5	2
6325079	449447.MAE_32640	556	25
6322310	449447.MAE_04950	1.55	6
6324822	449447.MAE_30070	13.8	2
6324716	449447.MAE_29010	32.8	1
6327897	449447.MAE_60820	14.6	2
6324060	449447.MAE_22450	10.2	1
6324526	449447.MAE_27110	5.72	3
6324123	449447.MAE_23080	655	48
6327724	449447.MAE_59090	7.3	1
6325322	449447.MAE_35070	7.31	2
6326620	449447.MAE_48050	508	7
6324808	449447.MAE_29930	45.7	2
6322411	449447.MAE_05960	18.3	2
6328121	449447.MAE_63060	3.26	1
6327450	449447.MAE_56350	185	13
6323216	449447.MAE_14010	80.0	2
6324801	449447.MAE_29860	21.4	1
6326836	449447.MAE_50210	21.0	1
6326339	449447.MAE_45240	277	10
6327190	449447.MAE_53750	76.3	2
6327003	449447.MAE_51880	29.9	1
6327739	449447.MAE_59240	2.4	1
6324296	449447.MAE_24810	10.2	3
6322031	449447.MAE_02160	14.0	1
6323625	449447.MAE_18100	90.4	1
6323501	449447.MAE_16860	163	9
6322822	449447.MAE_10070	23.0	1
6326937	449447.MAE_51220	86.5	22
6323898	449447.MAE_20830	19.8	1
6327270	449447.MAE_54550	14.0	2
6324384	449447.MAE_25690	23.7	1
6327859	449447.MAE_60440	1.23	2
6325315	449447.MAE_35000	12.1	1
6324237	449447.MAE_24220	44.3	2
6328059	449447.MAE_62440	243	10
6324173	449447.MAE_23580	23.1	1
6324230	449447.MAE_24150	69.2	6
6325016	449447.MAE_32010	10468	174
6322686	449447.MAE_08710	0.867	1
6326026	449447.MAE_42110	7.79	2
6326523	449447.MAE_47080	6.57	1
6325603	449447.MAE_37880	212	1
6324493	449447.MAE_26780	53.0	6
6324395	449447.MAE_25800	38.6	1
6324141	449447.MAE_23260	6.92	1
6326231	449447.MAE_44160	115	1
6323159	449447.MAE_13440	15.3	2
6323551	449447.MAE_17360	6.87	1
6325524	449447.MAE_37090	17.0	2
6323560	449447.MAE_17450	9.53	1
6322768	449447.MAE_09530	10.5	1
6321989	449447.MAE_01740	6.64	1
6323424	449447.MAE_16090	13.1	2
6327548	449447.MAE_57330	2452	83
6324933	449447.MAE_31180	330	29
6327494	449447.MAE_56790	28.4	1
6326186	449447.MAE_43710	5.52	1
6326641	449447.MAE_48260	39.1	3
6323311	449447.MAE_14960	14.7	1
6327453	449447.MAE_56380	32.1	3
6326277	449447.MAE_44620	7.72	1
6325834	449447.MAE_40190	105	1
6324836	449447.MAE_30210	53.5	1
6327051	449447.MAE_52360	55.1	2
6327875	449447.MAE_60600	16.8	2
6325773	449447.MAE_39580	70.4	1
6325172	449447.MAE_33570	1206	67
6323023	449447.MAE_12080	24.4	1
6324885	449447.MAE_30700	45.9	8
6325563	449447.MAE_37480	24.2	2
6323833	449447.MAE_20180	274	68
6324019	449447.MAE_22040	184	3
6327945	449447.MAE_61300	23.8	1
6327031	449447.MAE_52160	21.8	1
6324880	449447.MAE_30650	30.9	1
6325135	449447.MAE_33200	72.6	1
6324100	449447.MAE_22850	29.4	3
6326295	449447.MAE_44800	6.97	1
6328103	449447.MAE_62880	8.22	2
6323890	449447.MAE_20750	68.2	2
6322012	449447.MAE_01970	73.3	3
6325761	449447.MAE_39460	64.7	1
6323245	449447.MAE_14300	16.5	1
6324145	449447.MAE_23300	5962	172
6325769	449447.MAE_39540	116	1
6324603	449447.MAE_27880	17.2	2
6324806	449447.MAE_29910	38.2	3
6325679	449447.MAE_38640	16.6	3
6326040	449447.MAE_42250	9.79	1
6325054	449447.MAE_32390	126	1
6328010	449447.MAE_61950	25.7	3
6323165	449447.MAE_13500	8.88	1
6327495	449447.MAE_56800	55.1	3
6326959	449447.MAE_51440	12.4	2
6327223	449447.MAE_54080	11.5	4
6325638	449447.MAE_38230	40.7	1
6327195	449447.MAE_53800	10.8	1
6327840	449447.MAE_60250	12.0	1
6327752	449447.MAE_59370	331	39
6323230	449447.MAE_14150	149	5
6324029	449447.MAE_22140	34.0	1
6327420	449447.MAE_56050	141	2
6322521	449447.MAE_07060	10.6	1
6323487	449447.MAE_16720	22.7	2
6324507	449447.MAE_26920	58.3	1
6322321	449447.MAE_05060	11.6	1
6325248	449447.MAE_34330	5.92	1
6326925	449447.MAE_51100	162	1
6323547	449447.MAE_17320	69.0	1
6325008	449447.MAE_31930	235	7
6325577	449447.MAE_37620	5960	225
6323150	449447.MAE_13350	49.6	1
6325412	449447.MAE_35970	7.05	1
6327052	449447.MAE_52370	9.04	1
6325570	449447.MAE_37550	30.0	1
6327081	449447.MAE_52660	12.7	1
6322011	449447.MAE_01960	106	5
6326408	449447.MAE_45930	26.2	2
