#id: 420
#name: A.niger - Whole organism, SC (GPM,Aug,2014)
#score: 4.07
#weight: 100%
#description: abundance based on Spectral counting, from<a href="http://www.thegpm.org/" target="_blank">GPM,Aug,2014</a><br/><b>Interaction consistency score</b>: 4.07&nbsp<b>Coverage</b>: 6
#organ: WHOLE_ORGANISM
#integrated: false
#coverage: 6
#publication_year: 2014
#filename: 5061-GPM_201408.txt
#
#internal_id	string_external_id	abundance	raw_spectral_count
692941	5061.CADANGAP00005981	92.3	13
688615	5061.CADANGAP00001644	399	6
696683	5061.CADANGAP00009730	167	5
697678	5061.CADANGAP00010727	481	8
689661	5061.CADANGAP00002695	133	4
700947	5061.CADANGAP00014000	772	68
687309	5061.CADANGAP00000338	1500	52
696691	5061.CADANGAP00009738	299	4
696328	5061.CADANGAP00009373	382	11
690706	5061.CADANGAP00003740	176	3
692006	5061.CADANGAP00005044	783	30
691127	5061.CADANGAP00004161	32.4	6
691062	5061.CADANGAP00004096	369	26
688586	5061.CADANGAP00001615	305	4
700448	5061.CADANGAP00013500	43.4	3
687209	5061.CADANGAP00000236	231	3
692403	5061.CADANGAP00005443	734	33
688898	5061.CADANGAP00001927	210	7
699717	5061.CADANGAP00012768	771	49
687406	5061.CADANGAP00000435	1511	8
693044	5061.CADANGAP00006084	36.0	3
695050	5061.CADANGAP00008094	123	8
700826	5061.CADANGAP00013879	161	9
694677	5061.CADANGAP00007721	49.3	3
690625	5061.CADANGAP00003659	68.5	6
699672	5061.CADANGAP00012723	50.6	3
696722	5061.CADANGAP00009769	457	14
692320	5061.CADANGAP00005360	1016	38
688404	5061.CADANGAP00001433	4903	167
690709	5061.CADANGAP00003743	11042	218
689537	5061.CADANGAP00002569	207	5
694218	5061.CADANGAP00007260	20699	287
690769	5061.CADANGAP00003803	179	4
688208	5061.CADANGAP00001237	493	16
698084	5061.CADANGAP00011133	604	7
693899	5061.CADANGAP00006941	294	6
689125	5061.CADANGAP00002155	37950	1077
690783	5061.CADANGAP00003817	81.4	3
692489	5061.CADANGAP00005529	110	3
687117	5061.CADANGAP00000144	238	42
696321	5061.CADANGAP00009366	5823	69
692013	5061.CADANGAP00005051	107	13
691970	5061.CADANGAP00005008	253	8
688014	5061.CADANGAP00001043	158	14
698577	5061.CADANGAP00011627	2537	27
688004	5061.CADANGAP00001033	1426	6
691629	5061.CADANGAP00004666	407	16
696934	5061.CADANGAP00009981	429	17
687974	5061.CADANGAP00001003	651	29
700594	5061.CADANGAP00013647	329	19
688633	5061.CADANGAP00001662	58.9	3
693886	5061.CADANGAP00006928	60.4	3
688152	5061.CADANGAP00001181	479	11
694934	5061.CADANGAP00007978	915	88
693954	5061.CADANGAP00006996	103	7
696676	5061.CADANGAP00009723	148	14
689180	5061.CADANGAP00002210	67.2	3
693809	5061.CADANGAP00006850	1029	72
697062	5061.CADANGAP00010109	431	10
690021	5061.CADANGAP00003055	215	8
689451	5061.CADANGAP00002483	280	3
696795	5061.CADANGAP00009842	311	20
687423	5061.CADANGAP00000452	317	4
692434	5061.CADANGAP00005474	129	5
688634	5061.CADANGAP00001663	1515	96
699690	5061.CADANGAP00012741	49.8	4
686979	5061.CADANGAP00000005	1210	120
687355	5061.CADANGAP00000384	492	7
694565	5061.CADANGAP00007609	10021	96
692953	5061.CADANGAP00005993	123	3
689496	5061.CADANGAP00002528	827	33
689487	5061.CADANGAP00002519	132	16
690223	5061.CADANGAP00003257	247	10
688601	5061.CADANGAP00001630	30.2	3
692497	5061.CADANGAP00005537	1206	17
698475	5061.CADANGAP00011525	1047	10
700745	5061.CADANGAP00013798	10742	355
689668	5061.CADANGAP00002702	360	17
700910	5061.CADANGAP00013963	6262	182
693029	5061.CADANGAP00006069	64.2	8
687512	5061.CADANGAP00000541	592	67
693847	5061.CADANGAP00006889	11915	25
690222	5061.CADANGAP00003256	101	3
689231	5061.CADANGAP00002261	656	10
696126	5061.CADANGAP00009171	18.2	3
689786	5061.CADANGAP00002820	124	3
691284	5061.CADANGAP00004318	48.4	3
694209	5061.CADANGAP00007251	509	25
689607	5061.CADANGAP00002641	256	8
700019	5061.CADANGAP00013071	655	9
687561	5061.CADANGAP00000590	112	5
691670	5061.CADANGAP00004707	1053	12
687310	5061.CADANGAP00000339	884	19
696222	5061.CADANGAP00009267	165	8
690013	5061.CADANGAP00003047	288	17
689128	5061.CADANGAP00002158	224	11
698640	5061.CADANGAP00011690	322	12
699768	5061.CADANGAP00012819	693	17
688759	5061.CADANGAP00001788	243	14
700313	5061.CADANGAP00013365	331	6
690268	5061.CADANGAP00003302	472	35
695193	5061.CADANGAP00008237	1322	146
699363	5061.CADANGAP00012414	2395	96
692260	5061.CADANGAP00005300	262	8
699437	5061.CADANGAP00012488	90.9	3
693187	5061.CADANGAP00006227	421	20
690249	5061.CADANGAP00003283	72.2	3
693718	5061.CADANGAP00006759	234	26
693513	5061.CADANGAP00006554	374	8
700705	5061.CADANGAP00013758	344	4
690595	5061.CADANGAP00003629	219	5
700090	5061.CADANGAP00013142	1511	122
691839	5061.CADANGAP00004876	296	10
696306	5061.CADANGAP00009351	211	31
698104	5061.CADANGAP00011153	1437	27
687289	5061.CADANGAP00000318	1040	18
687552	5061.CADANGAP00000581	1056	45
690573	5061.CADANGAP00003607	198	31
694745	5061.CADANGAP00007789	682	32
690281	5061.CADANGAP00003315	161	3
688722	5061.CADANGAP00001751	184	9
690791	5061.CADANGAP00003825	1092	24
694941	5061.CADANGAP00007985	180	48
689353	5061.CADANGAP00002384	595	18
687326	5061.CADANGAP00000355	210	7
695362	5061.CADANGAP00008406	149	7
700309	5061.CADANGAP00013361	689	21
693096	5061.CADANGAP00006136	60.3	3
698575	5061.CADANGAP00011625	757	9
693808	5061.CADANGAP00006849	119	5
694180	5061.CADANGAP00007222	82.5	3
693318	5061.CADANGAP00006358	153	6
688729	5061.CADANGAP00001758	87.7	3
695591	5061.CADANGAP00008635	178	3
698457	5061.CADANGAP00011507	632	8
689962	5061.CADANGAP00002996	580	43
699478	5061.CADANGAP00012529	47.9	3
697317	5061.CADANGAP00010366	247	6
688739	5061.CADANGAP00001768	68.4	3
692943	5061.CADANGAP00005983	3934	68
694567	5061.CADANGAP00007611	4928	89
690420	5061.CADANGAP00003454	5446	169
687445	5061.CADANGAP00000474	98.4	3
695035	5061.CADANGAP00008079	1384	99
691462	5061.CADANGAP00004499	1001	28
692930	5061.CADANGAP00005970	599	26
695569	5061.CADANGAP00008613	178	14
687378	5061.CADANGAP00000407	86.6	3
691107	5061.CADANGAP00004141	496	7
692340	5061.CADANGAP00005380	6159	504
687004	5061.CADANGAP00000030	6536	193
700132	5061.CADANGAP00013184	982	19
693880	5061.CADANGAP00006922	643	56
695602	5061.CADANGAP00008646	73.3	4
692577	5061.CADANGAP00005617	416	11
695056	5061.CADANGAP00008100	313	8
691886	5061.CADANGAP00004923	1488	68
690540	5061.CADANGAP00003574	9000	500
689040	5061.CADANGAP00002069	3357	69
698217	5061.CADANGAP00011266	236	7
689873	5061.CADANGAP00002907	1222	83
698272	5061.CADANGAP00011321	105	4
697673	5061.CADANGAP00010722	553	52
699009	5061.CADANGAP00012059	18.8	3
695263	5061.CADANGAP00008307	528	14
694525	5061.CADANGAP00007569	9.07	10
700626	5061.CADANGAP00013679	129	13
690581	5061.CADANGAP00003615	197	24
700882	5061.CADANGAP00013935	327	8
691327	5061.CADANGAP00004361	306	7
698075	5061.CADANGAP00011124	1121	30
687869	5061.CADANGAP00000898	182	13
690606	5061.CADANGAP00003640	94.2	3
692420	5061.CADANGAP00005460	345	7
700541	5061.CADANGAP00013594	325	18
696611	5061.CADANGAP00009658	167	48
696075	5061.CADANGAP00009120	357	25
696775	5061.CADANGAP00009822	63.2	4
698004	5061.CADANGAP00011053	196	12
690017	5061.CADANGAP00003051	888	42
693316	5061.CADANGAP00006356	113	6
697336	5061.CADANGAP00010385	514	23
693853	5061.CADANGAP00006895	78.2	4
694874	5061.CADANGAP00007918	17.6	3
687272	5061.CADANGAP00000299	765	17
687261	5061.CADANGAP00000288	192	16
688027	5061.CADANGAP00001056	522	9
689610	5061.CADANGAP00002644	149	8
696430	5061.CADANGAP00009476	270	17
690319	5061.CADANGAP00003353	494	14
697709	5061.CADANGAP00010758	230	4
700741	5061.CADANGAP00013794	452	7
696084	5061.CADANGAP00009129	124	10
693028	5061.CADANGAP00006068	277	6
689097	5061.CADANGAP00002126	310	3
687392	5061.CADANGAP00000421	285	28
693551	5061.CADANGAP00006592	175	7
698008	5061.CADANGAP00011057	54.7	3
689462	5061.CADANGAP00002494	428	24
696064	5061.CADANGAP00009109	101	4
693893	5061.CADANGAP00006935	30.1	6
689356	5061.CADANGAP00002387	29.6	3
694998	5061.CADANGAP00008042	74.3	3
692343	5061.CADANGAP00005383	15.3	3
698425	5061.CADANGAP00011475	1096	32
687892	5061.CADANGAP00000921	153	14
689342	5061.CADANGAP00002373	828	21
689143	5061.CADANGAP00002173	60.7	4
687244	5061.CADANGAP00000271	22870	602
696891	5061.CADANGAP00009938	95.1	4
688150	5061.CADANGAP00001179	1390	61
697773	5061.CADANGAP00010822	1046	29
693156	5061.CADANGAP00006196	50.1	3
693560	5061.CADANGAP00006601	1013	9
695267	5061.CADANGAP00008311	76.8	3
696224	5061.CADANGAP00009269	4846	23
689794	5061.CADANGAP00002828	1200	91
696608	5061.CADANGAP00009655	229	14
692017	5061.CADANGAP00005055	411	84
686980	5061.CADANGAP00000006	720	140
690835	5061.CADANGAP00003869	642	34
693244	5061.CADANGAP00006284	410	20
689015	5061.CADANGAP00002044	1086	18
698483	5061.CADANGAP00011533	388	6
697702	5061.CADANGAP00010751	48.4	3
698158	5061.CADANGAP00011207	443	15
696030	5061.CADANGAP00009075	23.2	3
689695	5061.CADANGAP00002729	63.2	4
700998	5061.CADANGAP00014051	451	11
691116	5061.CADANGAP00004150	955	80
689804	5061.CADANGAP00002838	739	3
687298	5061.CADANGAP00000327	1657	17
690731	5061.CADANGAP00003765	199	12
698970	5061.CADANGAP00012020	641	27
697307	5061.CADANGAP00010355	311	16
690158	5061.CADANGAP00003192	151	6
687803	5061.CADANGAP00000832	92.9	4
687510	5061.CADANGAP00000539	1100	51
690579	5061.CADANGAP00003613	33.7	3
693379	5061.CADANGAP00006420	654	32
693845	5061.CADANGAP00006887	29959	425
690507	5061.CADANGAP00003541	483	32
689268	5061.CADANGAP00002298	89.5	6
687564	5061.CADANGAP00000593	2413	52
690246	5061.CADANGAP00003280	49.7	3
693550	5061.CADANGAP00006591	357	9
691888	5061.CADANGAP00004925	1241	64
696571	5061.CADANGAP00009617	70.0	3
692798	5061.CADANGAP00005838	997	52
700231	5061.CADANGAP00013283	336	8
697851	5061.CADANGAP00010900	1241	25
689068	5061.CADANGAP00002097	270	12
699684	5061.CADANGAP00012735	1197	92
696115	5061.CADANGAP00009160	677	8
691236	5061.CADANGAP00004270	15424	1074
693727	5061.CADANGAP00006768	174	5
692044	5061.CADANGAP00005082	22.1	3
698423	5061.CADANGAP00011473	106	4
699784	5061.CADANGAP00012835	56.7	3
691546	5061.CADANGAP00004583	7705	184
690994	5061.CADANGAP00004028	1316	39
699069	5061.CADANGAP00012119	784	15
688383	5061.CADANGAP00001412	996	32
692417	5061.CADANGAP00005457	401	8
689630	5061.CADANGAP00002664	287	21
693293	5061.CADANGAP00006333	1294	32
689183	5061.CADANGAP00002213	250	22
700013	5061.CADANGAP00013065	42.3	3
689016	5061.CADANGAP00002045	932	80
697915	5061.CADANGAP00010964	49.1	3
699517	5061.CADANGAP00012568	288	22
690516	5061.CADANGAP00003550	1012	17
693523	5061.CADANGAP00006564	2230	57
688313	5061.CADANGAP00001342	74.1	4
696215	5061.CADANGAP00009260	61.0	4
688685	5061.CADANGAP00001714	254	30
698714	5061.CADANGAP00011764	91.5	5
687642	5061.CADANGAP00000671	234	8
691566	5061.CADANGAP00004603	20.3	5
690796	5061.CADANGAP00003830	424	85
689032	5061.CADANGAP00002061	739	12
697895	5061.CADANGAP00010944	408	52
690764	5061.CADANGAP00003798	3280	212
691503	5061.CADANGAP00004540	243	14
688551	5061.CADANGAP00001580	77.1	3
696680	5061.CADANGAP00009727	759	19
687143	5061.CADANGAP00000170	1138	70
700943	5061.CADANGAP00013996	2915	194
689584	5061.CADANGAP00002618	2253	116
693431	5061.CADANGAP00006472	251	15
694158	5061.CADANGAP00007200	1511	10
689828	5061.CADANGAP00002862	50.7	3
699605	5061.CADANGAP00012656	275	31
698542	5061.CADANGAP00011592	157	6
687116	5061.CADANGAP00000143	65.5	6
698482	5061.CADANGAP00011532	798	15
692342	5061.CADANGAP00005382	882	48
689411	5061.CADANGAP00002442	337	19
699895	5061.CADANGAP00012947	1063	28
700821	5061.CADANGAP00013874	786	9
696935	5061.CADANGAP00009982	144	4
690006	5061.CADANGAP00003040	79.9	3
695009	5061.CADANGAP00008053	2246	161
693604	5061.CADANGAP00006645	6035	220
691215	5061.CADANGAP00004249	433	8
693210	5061.CADANGAP00006250	1180	14
696412	5061.CADANGAP00009457	1063	49
697879	5061.CADANGAP00010928	394	5
692889	5061.CADANGAP00005929	4491	132
688881	5061.CADANGAP00001910	37.9	3
688344	5061.CADANGAP00001373	102	4
693177	5061.CADANGAP00006217	1870	100
692496	5061.CADANGAP00005536	166	15
689628	5061.CADANGAP00002662	715	5
699905	5061.CADANGAP00012957	254	3
689171	5061.CADANGAP00002201	285	10
688582	5061.CADANGAP00001611	483	24
692901	5061.CADANGAP00005941	56.5	3
698816	5061.CADANGAP00011866	24.4	7
687266	5061.CADANGAP00000293	563	8
693741	5061.CADANGAP00006782	57.2	3
691204	5061.CADANGAP00004238	80.5	6
693266	5061.CADANGAP00006306	296	13
699158	5061.CADANGAP00012209	2003	17
691635	5061.CADANGAP00004672	195	16
687822	5061.CADANGAP00000851	102	3
695551	5061.CADANGAP00008595	3530	231
690303	5061.CADANGAP00003337	58.4	3
697877	5061.CADANGAP00010926	161	7
691986	5061.CADANGAP00005024	162	7
694188	5061.CADANGAP00007230	1977	45
696361	5061.CADANGAP00009406	441	27
699018	5061.CADANGAP00012068	28.4	3
695017	5061.CADANGAP00008061	1504	36
687409	5061.CADANGAP00000438	961	42
689067	5061.CADANGAP00002096	1819	27
695297	5061.CADANGAP00008341	44.1	4
687412	5061.CADANGAP00000441	396	12
691789	5061.CADANGAP00004826	158	7
690344	5061.CADANGAP00003378	102	3
693602	5061.CADANGAP00006643	130	8
696197	5061.CADANGAP00009242	314	3
699023	5061.CADANGAP00012073	388	14
697058	5061.CADANGAP00010105	947	61
691079	5061.CADANGAP00004113	246	7
689334	5061.CADANGAP00002365	1215	57
700898	5061.CADANGAP00013951	148	8
692465	5061.CADANGAP00005505	589	25
696225	5061.CADANGAP00009270	8930	85
699476	5061.CADANGAP00012527	1118	54
700940	5061.CADANGAP00013993	62.3	3
697897	5061.CADANGAP00010946	115	7
699367	5061.CADANGAP00012418	140	5
693603	5061.CADANGAP00006644	609	67
693114	5061.CADANGAP00006154	709	21
687946	5061.CADANGAP00000975	391	3
690712	5061.CADANGAP00003746	575	27
688012	5061.CADANGAP00001041	270	3
697775	5061.CADANGAP00010824	282	17
692670	5061.CADANGAP00005710	422	10
694031	5061.CADANGAP00007073	88.3	3
699488	5061.CADANGAP00012539	56.2	3
694150	5061.CADANGAP00007192	1534	23
697762	5061.CADANGAP00010811	28.6	4
697966	5061.CADANGAP00011015	1312	99
698592	5061.CADANGAP00011642	42.6	3
692812	5061.CADANGAP00005852	52.5	6
693006	5061.CADANGAP00006046	527	21
693496	5061.CADANGAP00006537	1257	30
700921	5061.CADANGAP00013974	107	6
688339	5061.CADANGAP00001368	196	5
694933	5061.CADANGAP00007977	2476	52
694421	5061.CADANGAP00007465	1326	27
693148	5061.CADANGAP00006188	236	25
699611	5061.CADANGAP00012662	315	11
695184	5061.CADANGAP00008228	115	3
700237	5061.CADANGAP00013289	3624	29
688997	5061.CADANGAP00002026	1825	169
693011	5061.CADANGAP00006051	184	7
695318	5061.CADANGAP00008362	52.5	3
691496	5061.CADANGAP00004533	793	76
690767	5061.CADANGAP00003801	328	7
693806	5061.CADANGAP00006847	508	14
690385	5061.CADANGAP00003419	112	9
700645	5061.CADANGAP00013698	152	6
700842	5061.CADANGAP00013895	66.4	4
700122	5061.CADANGAP00013174	241	15
687678	5061.CADANGAP00000707	279	9
690552	5061.CADANGAP00003586	609	158
699668	5061.CADANGAP00012719	400	3
696969	5061.CADANGAP00010016	615	3
689472	5061.CADANGAP00002504	6965	81
699031	5061.CADANGAP00012081	35.4	3
699927	5061.CADANGAP00012979	193	10
692699	5061.CADANGAP00005739	213	12
688655	5061.CADANGAP00001684	72.4	7
699362	5061.CADANGAP00012413	1656	35
698584	5061.CADANGAP00011634	58.2	4
693084	5061.CADANGAP00006124	217	4
692947	5061.CADANGAP00005987	68.4	5
689358	5061.CADANGAP00002389	218	6
700755	5061.CADANGAP00013808	678	10
697348	5061.CADANGAP00010397	755	43
700914	5061.CADANGAP00013967	3815	59
700458	5061.CADANGAP00013510	925	21
693481	5061.CADANGAP00006522	137	13
697516	5061.CADANGAP00010565	53.9	3
698783	5061.CADANGAP00011833	71.9	3
692325	5061.CADANGAP00005365	333	11
693217	5061.CADANGAP00006257	1237	30
687246	5061.CADANGAP00000273	469	10
688330	5061.CADANGAP00001359	3224	32
687192	5061.CADANGAP00000219	320	12
698107	5061.CADANGAP00011156	1839	12
688714	5061.CADANGAP00001743	1086	10
700962	5061.CADANGAP00014015	766	9
688450	5061.CADANGAP00001479	34.8	6
695078	5061.CADANGAP00008122	176	7
699904	5061.CADANGAP00012956	228	4
696692	5061.CADANGAP00009739	7052	78
700790	5061.CADANGAP00013843	150	3
696345	5061.CADANGAP00009390	137	3
700275	5061.CADANGAP00013327	284	5
688503	5061.CADANGAP00001532	266	16
694871	5061.CADANGAP00007915	502	21
690801	5061.CADANGAP00003835	3649	57
690255	5061.CADANGAP00003289	224	10
697328	5061.CADANGAP00010377	186	4
697832	5061.CADANGAP00010881	304	21
691465	5061.CADANGAP00004502	149	6
700653	5061.CADANGAP00013706	172	5
688098	5061.CADANGAP00001127	3113	117
697884	5061.CADANGAP00010933	94.0	5
700945	5061.CADANGAP00013998	1948	61
690482	5061.CADANGAP00003516	15.6	6
692864	5061.CADANGAP00005904	246	19
693739	5061.CADANGAP00006780	83.2	4
695741	5061.CADANGAP00008786	1014	32
695296	5061.CADANGAP00008340	116	5
693887	5061.CADANGAP00006929	509	8
687288	5061.CADANGAP00000317	1406	6
695116	5061.CADANGAP00008160	1371	13
699850	5061.CADANGAP00012902	297	10
692719	5061.CADANGAP00005759	239	22
690117	5061.CADANGAP00003151	88.8	4
690761	5061.CADANGAP00003795	190	6
697829	5061.CADANGAP00010878	955	42
695118	5061.CADANGAP00008162	2474	113
696007	5061.CADANGAP00009052	180	3
700430	5061.CADANGAP00013482	774	35
689252	5061.CADANGAP00002282	734	7
688377	5061.CADANGAP00001406	792	19
694477	5061.CADANGAP00007521	58.6	5
689192	5061.CADANGAP00002222	133	3
692358	5061.CADANGAP00005398	546	34
700988	5061.CADANGAP00014041	533	14
689966	5061.CADANGAP00003000	1197	29
693578	5061.CADANGAP00006619	240	16
693545	5061.CADANGAP00006586	1152	43
689347	5061.CADANGAP00002378	175	6
695833	5061.CADANGAP00008878	2818	377
697726	5061.CADANGAP00010775	32.7	5
700526	5061.CADANGAP00013579	958	31
692674	5061.CADANGAP00005714	40.2	3
700656	5061.CADANGAP00013709	2813	125
689741	5061.CADANGAP00002775	93.2	10
697394	5061.CADANGAP00010443	210	6
690159	5061.CADANGAP00003193	58.8	4
687998	5061.CADANGAP00001027	466	11
690837	5061.CADANGAP00003871	784	59
696308	5061.CADANGAP00009353	1024	51
690229	5061.CADANGAP00003263	239	10
688174	5061.CADANGAP00001203	1665	68
699669	5061.CADANGAP00012720	587	9
689803	5061.CADANGAP00002837	2936	36
696034	5061.CADANGAP00009079	1185	23
696620	5061.CADANGAP00009667	101	4
694426	5061.CADANGAP00007470	2097	57
695092	5061.CADANGAP00008136	1105	58
687554	5061.CADANGAP00000583	128	7
693600	5061.CADANGAP00006641	308	23
687786	5061.CADANGAP00000815	2477	104
689617	5061.CADANGAP00002651	489	26
688258	5061.CADANGAP00001287	236	21
699026	5061.CADANGAP00012076	198	21
691899	5061.CADANGAP00004936	335	10
692866	5061.CADANGAP00005906	56.3	3
687374	5061.CADANGAP00000403	2392	50
694658	5061.CADANGAP00007702	92.1	24
700545	5061.CADANGAP00013598	120	5
694682	5061.CADANGAP00007726	185	12
700082	5061.CADANGAP00013134	69.7	3
695025	5061.CADANGAP00008069	432	17
694752	5061.CADANGAP00007796	105	18
687144	5061.CADANGAP00000171	644	54
697345	5061.CADANGAP00010394	115	11
690325	5061.CADANGAP00003359	617	20
697694	5061.CADANGAP00010743	463	28
698050	5061.CADANGAP00011099	186	9
696351	5061.CADANGAP00009396	176	5
691547	5061.CADANGAP00004584	3902	176
688975	5061.CADANGAP00002004	597	36
695257	5061.CADANGAP00008301	207	7
696971	5061.CADANGAP00010018	414	15
688880	5061.CADANGAP00001909	236	8
693093	5061.CADANGAP00006133	236	19
690559	5061.CADANGAP00003593	1160	46
700119	5061.CADANGAP00013171	64.1	4
689188	5061.CADANGAP00002218	165	15
687136	5061.CADANGAP00000163	1308	46
700116	5061.CADANGAP00013168	58.4	3
698413	5061.CADANGAP00011463	5424	458
699569	5061.CADANGAP00012620	56.1	3
699732	5061.CADANGAP00012783	476	22
688951	5061.CADANGAP00001980	26945	400
688852	5061.CADANGAP00001881	1085	29
691175	5061.CADANGAP00004209	81.4	10
694972	5061.CADANGAP00008016	197	10
698262	5061.CADANGAP00011311	91.0	3
700021	5061.CADANGAP00013073	380	33
699881	5061.CADANGAP00012933	308	25
693712	5061.CADANGAP00006753	519	18
691182	5061.CADANGAP00004216	681	21
691841	5061.CADANGAP00004878	121	6
696276	5061.CADANGAP00009321	883	8
694551	5061.CADANGAP00007595	23.8	7
689840	5061.CADANGAP00002874	122	5
700331	5061.CADANGAP00013383	134	5
688589	5061.CADANGAP00001618	718	21
695530	5061.CADANGAP00008574	183	8
693502	5061.CADANGAP00006543	231	8
690685	5061.CADANGAP00003719	3639	216
697849	5061.CADANGAP00010898	1228	54
696208	5061.CADANGAP00009253	122	20
700361	5061.CADANGAP00013413	156	9
696699	5061.CADANGAP00009746	1857	129
689126	5061.CADANGAP00002156	47.3	3
687868	5061.CADANGAP00000897	196	7
699337	5061.CADANGAP00012388	161	3
687381	5061.CADANGAP00000410	459	17
695691	5061.CADANGAP00008736	58.7	5
688171	5061.CADANGAP00001200	1600	23
695902	5061.CADANGAP00008947	372	28
692508	5061.CADANGAP00005548	293	6
690740	5061.CADANGAP00003774	651	17
693733	5061.CADANGAP00006774	437	57
694780	5061.CADANGAP00007824	85.4	3
687300	5061.CADANGAP00000329	76.3	4
690411	5061.CADANGAP00003445	1211	85
700807	5061.CADANGAP00013860	14272	496
699473	5061.CADANGAP00012524	96.3	3
687894	5061.CADANGAP00000923	174	7
688666	5061.CADANGAP00001695	93.5	21
699636	5061.CADANGAP00012687	487	18
689978	5061.CADANGAP00003012	317	4
694413	5061.CADANGAP00007457	190	4
691117	5061.CADANGAP00004151	10.7	3
700863	5061.CADANGAP00013916	2255	212
690846	5061.CADANGAP00003880	145	3
688165	5061.CADANGAP00001194	145	9
689670	5061.CADANGAP00002704	1203	167
688283	5061.CADANGAP00001312	3077	96
692997	5061.CADANGAP00006037	600	9
687829	5061.CADANGAP00000858	364	14
687824	5061.CADANGAP00000853	7372	172
695195	5061.CADANGAP00008239	1477	64
689682	5061.CADANGAP00002716	72.2	4
688144	5061.CADANGAP00001173	115	13
700804	5061.CADANGAP00013857	128	6
691149	5061.CADANGAP00004183	673	45
697945	5061.CADANGAP00010994	576	13
695594	5061.CADANGAP00008638	284	8
699393	5061.CADANGAP00012444	430	4
687938	5061.CADANGAP00000967	753	56
692386	5061.CADANGAP00005426	676	97
699966	5061.CADANGAP00013018	64.1	7
700619	5061.CADANGAP00013672	22.0	11
689930	5061.CADANGAP00002964	44.9	3
691452	5061.CADANGAP00004489	61.7	4
700654	5061.CADANGAP00013707	211	17
689145	5061.CADANGAP00002175	422	16
690776	5061.CADANGAP00003810	99.9	3
695338	5061.CADANGAP00008382	84.7	3
688784	5061.CADANGAP00001813	790	19
697014	5061.CADANGAP00010061	2405	127
691461	5061.CADANGAP00004498	45.6	3
701000	5061.CADANGAP00014053	886	94
697997	5061.CADANGAP00011046	28.4	4
695570	5061.CADANGAP00008614	254	5
689013	5061.CADANGAP00002042	84.7	4
690980	5061.CADANGAP00004014	56.6	3
693563	5061.CADANGAP00006604	53.0	4
693619	5061.CADANGAP00006660	939	29
686989	5061.CADANGAP00000015	30.3	3
699907	5061.CADANGAP00012959	5874	346
693109	5061.CADANGAP00006149	196	3
700592	5061.CADANGAP00013645	562	35
689532	5061.CADANGAP00002564	808	32
690530	5061.CADANGAP00003564	388	7
694632	5061.CADANGAP00007676	117	8
693424	5061.CADANGAP00006465	620	29
687243	5061.CADANGAP00000270	105	3
690512	5061.CADANGAP00003546	866	83
698600	5061.CADANGAP00011650	58.5	12
692494	5061.CADANGAP00005534	484	51
689073	5061.CADANGAP00002102	99.7	3
691898	5061.CADANGAP00004935	62.5	6
695029	5061.CADANGAP00008073	1788	86
691748	5061.CADANGAP00004785	994	25
694205	5061.CADANGAP00007247	184	18
693001	5061.CADANGAP00006041	1922	92
695235	5061.CADANGAP00008279	237	3
691157	5061.CADANGAP00004191	58.8	3
696740	5061.CADANGAP00009787	584	42
689410	5061.CADANGAP00002441	202	4
697219	5061.CADANGAP00010267	236	31
693123	5061.CADANGAP00006163	359	11
695815	5061.CADANGAP00008860	141	19
692512	5061.CADANGAP00005552	143	26
691476	5061.CADANGAP00004513	1147	4
696989	5061.CADANGAP00010036	60.1	4
695054	5061.CADANGAP00008098	68.6	3
699462	5061.CADANGAP00012513	19.1	3
688185	5061.CADANGAP00001214	28.2	3
692428	5061.CADANGAP00005468	1028	69
693937	5061.CADANGAP00006979	929	77
689696	5061.CADANGAP00002730	1488	117
694004	5061.CADANGAP00007046	17.5	3
687831	5061.CADANGAP00000860	363	10
693384	5061.CADANGAP00006425	5.62	5
691223	5061.CADANGAP00004257	671	31
700296	5061.CADANGAP00013348	91.4	3
687007	5061.CADANGAP00000033	121	7
693353	5061.CADANGAP00006393	3201	152
691481	5061.CADANGAP00004518	102	3
699101	5061.CADANGAP00012152	428	13
696414	5061.CADANGAP00009459	1397	33
700096	5061.CADANGAP00013148	97.7	11
696229	5061.CADANGAP00009274	116	6
692256	5061.CADANGAP00005296	682	27
693112	5061.CADANGAP00006152	7173	487
688915	5061.CADANGAP00001944	713	17
699368	5061.CADANGAP00012419	1679	50
692724	5061.CADANGAP00005764	359	18
689216	5061.CADANGAP00002246	175	21
700228	5061.CADANGAP00013280	166	7
699965	5061.CADANGAP00013017	224	10
700635	5061.CADANGAP00013688	222	7
695018	5061.CADANGAP00008062	1420	63
697916	5061.CADANGAP00010965	5482	281
689194	5061.CADANGAP00002224	49.4	3
693785	5061.CADANGAP00006826	79.9	3
690928	5061.CADANGAP00003962	43.5	3
700330	5061.CADANGAP00013382	59.6	4
695477	5061.CADANGAP00008521	220	4
698926	5061.CADANGAP00011976	278	37
693670	5061.CADANGAP00006711	115	8
696062	5061.CADANGAP00009107	215	3
687748	5061.CADANGAP00000777	177	3
692016	5061.CADANGAP00005054	78.0	3
691171	5061.CADANGAP00004205	1181	20
689897	5061.CADANGAP00002931	2260	131
695630	5061.CADANGAP00008674	80.8	11
699952	5061.CADANGAP00013004	134	4
688242	5061.CADANGAP00001271	3327	81
696248	5061.CADANGAP00009293	345	3
687065	5061.CADANGAP00000091	48.3	3
699766	5061.CADANGAP00012817	39.5	3
695104	5061.CADANGAP00008148	7.24	10
696360	5061.CADANGAP00009405	1723	47
688668	5061.CADANGAP00001697	15.5	3
687569	5061.CADANGAP00000598	226	16
698160	5061.CADANGAP00011209	119	3
688040	5061.CADANGAP00001069	6953	204
693105	5061.CADANGAP00006145	85.2	16
688231	5061.CADANGAP00001260	493	35
693046	5061.CADANGAP00006086	302	24
688686	5061.CADANGAP00001715	620	16
692851	5061.CADANGAP00005891	1305	16
692539	5061.CADANGAP00005579	779	60
695015	5061.CADANGAP00008059	1518	94
689857	5061.CADANGAP00002891	83.4	3
698085	5061.CADANGAP00011134	10138	128
694472	5061.CADANGAP00007516	45201	241
700422	5061.CADANGAP00013474	190	3
697047	5061.CADANGAP00010094	47.6	3
694999	5061.CADANGAP00008043	50.5	4
698136	5061.CADANGAP00011185	61492	1816
690869	5061.CADANGAP00003903	210	8
699979	5061.CADANGAP00013031	249	17
693760	5061.CADANGAP00006801	13.6	4
690836	5061.CADANGAP00003870	107	8
689910	5061.CADANGAP00002944	793	20
688245	5061.CADANGAP00001274	1284	92
695346	5061.CADANGAP00008390	3214	251
687044	5061.CADANGAP00000070	1139	17
695787	5061.CADANGAP00008832	184	6
700206	5061.CADANGAP00013258	223	3
692341	5061.CADANGAP00005381	111	3
695510	5061.CADANGAP00008554	1016	56
699039	5061.CADANGAP00012089	180	11
699621	5061.CADANGAP00012672	502	8
694864	5061.CADANGAP00007908	1585	78
693473	5061.CADANGAP00006514	6636	305
689366	5061.CADANGAP00002397	485	35
688822	5061.CADANGAP00001851	591	25
694661	5061.CADANGAP00007705	64.4	11
689136	5061.CADANGAP00002166	241	16
689461	5061.CADANGAP00002493	732	50
691098	5061.CADANGAP00004132	53.0	4
694023	5061.CADANGAP00007065	209	15
694940	5061.CADANGAP00007984	285	16
689014	5061.CADANGAP00002043	19.4	3
693684	5061.CADANGAP00006725	300	20
698058	5061.CADANGAP00011107	223	9
696045	5061.CADANGAP00009090	1377	30
688779	5061.CADANGAP00001808	56.4	3
691656	5061.CADANGAP00004693	64.8	8
690938	5061.CADANGAP00003972	1502	27
689657	5061.CADANGAP00002691	93.2	3
693253	5061.CADANGAP00006293	355	3
699426	5061.CADANGAP00012477	86.4	8
687354	5061.CADANGAP00000383	367	14
694009	5061.CADANGAP00007051	261	6
696422	5061.CADANGAP00009467	8.61	10
690784	5061.CADANGAP00003818	227	18
690795	5061.CADANGAP00003829	36.1	4
690521	5061.CADANGAP00003555	30.2	3
700047	5061.CADANGAP00013099	240	6
687603	5061.CADANGAP00000632	180	10
693643	5061.CADANGAP00006684	172	3
691853	5061.CADANGAP00004890	602	13
695463	5061.CADANGAP00008507	576	25
692758	5061.CADANGAP00005798	330	52
698549	5061.CADANGAP00011599	615	55
686984	5061.CADANGAP00000010	636	19
697359	5061.CADANGAP00010408	591	24
687582	5061.CADANGAP00000611	91.9	3
688084	5061.CADANGAP00001113	209	3
688199	5061.CADANGAP00001228	86.8	4
698462	5061.CADANGAP00011512	22062	1226
691290	5061.CADANGAP00004324	123	4
693069	5061.CADANGAP00006109	229	10
691274	5061.CADANGAP00004308	549	54
699759	5061.CADANGAP00012810	160	48
700905	5061.CADANGAP00013958	318	17
690008	5061.CADANGAP00003042	6856	138
690798	5061.CADANGAP00003832	965	141
697848	5061.CADANGAP00010897	570	12
700681	5061.CADANGAP00013734	963	77
694089	5061.CADANGAP00007131	102	3
694022	5061.CADANGAP00007064	1493	19
696183	5061.CADANGAP00009228	95.8	3
691082	5061.CADANGAP00004116	205	20
693065	5061.CADANGAP00006105	173	6
698636	5061.CADANGAP00011686	57461	2376
691128	5061.CADANGAP00004162	165	10
698580	5061.CADANGAP00011630	173	11
700702	5061.CADANGAP00013755	124	8
687785	5061.CADANGAP00000814	129	4
690297	5061.CADANGAP00003331	161	24
691513	5061.CADANGAP00004550	589	18
699248	5061.CADANGAP00012299	25753	194
693336	5061.CADANGAP00006376	334	7
690792	5061.CADANGAP00003826	450	46
687422	5061.CADANGAP00000451	57.3	5
691626	5061.CADANGAP00004663	95.1	3
698349	5061.CADANGAP00011398	269	12
694193	5061.CADANGAP00007235	341	22
698447	5061.CADANGAP00011497	1087	56
696120	5061.CADANGAP00009165	59.3	3
692478	5061.CADANGAP00005518	362	4
691885	5061.CADANGAP00004922	2728	57
695473	5061.CADANGAP00008517	7738	407
698797	5061.CADANGAP00011847	285	9
690901	5061.CADANGAP00003935	85.5	3
692001	5061.CADANGAP00005039	711	15
695143	5061.CADANGAP00008187	165	12
689289	5061.CADANGAP00002319	260	15
697043	5061.CADANGAP00010090	363	7
697736	5061.CADANGAP00010785	116	3
694893	5061.CADANGAP00007937	972	30
691147	5061.CADANGAP00004181	577	44
698973	5061.CADANGAP00012023	97.0	13
692916	5061.CADANGAP00005956	249	10
696434	5061.CADANGAP00009480	81.3	3
700879	5061.CADANGAP00013932	1953	10
688649	5061.CADANGAP00001678	54.7	4
692505	5061.CADANGAP00005545	2146	80
700336	5061.CADANGAP00013388	515	14
697690	5061.CADANGAP00010739	80.9	3
697758	5061.CADANGAP00010807	433	32
689201	5061.CADANGAP00002231	306	15
699870	5061.CADANGAP00012922	629	12
688289	5061.CADANGAP00001318	523	27
689367	5061.CADANGAP00002398	657	29
694944	5061.CADANGAP00007988	101	7
697286	5061.CADANGAP00010334	165	12
699361	5061.CADANGAP00012412	578	3
690370	5061.CADANGAP00003404	551	47
