#id: 86
#name: E.coli - Whole organism, SC (PRIDE,PRD000418,2011)
#score: 8.77
#weight: 20%
#description: abundance based on Spectral counting, from<a href="http://www.ebi.ac.uk/pride/archive/projects/PRD000418" target="_blank">PRIDE,PRD000418,2011</a><br/><b>Interaction consistency score</b>: 8.77&nbsp<b>Coverage</b>: 33
#organ: WHOLE_ORGANISM
#integrated: false
#coverage: 33
#publication_year: 2011
#filename: 511145-Escherichia_coli_SC_biomart_17112_E__2reps.txt
#
#internal_id	string_external_id	abundance	raw_spectral_count
6881269	511145.b0426	1092	36
6884542	511145.b4015	166	10
6884759	511145.b4245	871	45
6882232	511145.b1475	29.2	2
6882960	511145.b2261	31.3	1
6883948	511145.b3355	36.5	1
6882456	511145.b1713	587	66
6884683	511145.b4161	38.3	2
6884823	511145.b4322	126	8
6883585	511145.b2952	37.5	1
6884387	511145.b3835	11.1	1
6881802	511145.b1003	68.8	1
6881283	511145.b0440	2000	31
6881900	511145.b1109	106	7
6883546	511145.b2908	230	17
6881280	511145.b0437	1167	16
6883547	511145.b2909	128	1
6882873	511145.b2168	133	4
6884726	511145.b4208	356	9
6884072	511145.b3487	478	27
6883437	511145.b2784	47.2	5
6883512	511145.b2872	1345	103
6883582	511145.b2949	43.7	1
6883011	511145.b2312	434	29
6882541	511145.b1800	85.9	5
6884502	511145.b3962	63.9	3
6882533	511145.b1792	421	10
6883914	511145.b3321	3314	71
6884757	511145.b4243	2745	29
6880952	511145.b0072	164	9
6880959	511145.b0080	298	13
6881560	511145.b0759	2857	126
6883897	511145.b3304	615	5
6881914	511145.b1123	567	30
6884676	511145.b4154	1811	131
6883587	511145.b2954	224	2
6882502	511145.b1761	927	54
6884346	511145.b3787	17.6	1
6882227	511145.b1468	12.8	7
6882557	511145.b1816	34.6	2
6882851	511145.b2146	346	21
6881665	511145.b0864	61.6	1
6881344	511145.b0506	50.6	2
6884273	511145.b3701	337	11
6881548	511145.b0740	589	37
6881403	511145.b0575	6.79	4
6883932	511145.b3339	7409	1030
6884501	511145.b3961	454	18
6883538	511145.b2900	266	5
6880995	511145.b0118	905	145
6884133	511145.b3553	193	5
6882334	511145.b1589	121	5
6882512	511145.b1771	36.6	2
6881254	511145.b0411	245	12
6882509	511145.b1768	160	2
6883040	511145.b2343	982	12
6883981	511145.b3390	171	7
6881896	511145.b1105	111	3
6883196	511145.b2511	49.9	3
6880993	511145.b0116	3093	208
6881897	511145.b1106	21.5	1
6883267	511145.b2582	190	6
6884597	511145.b4071	241	8
6881331	511145.b0489	109	6
6881228	511145.b0383	548	38
6881242	511145.b0399	88.0	3
6883908	511145.b3315	7430	96
6884642	511145.b4119	389	19
6883111	511145.b2426	1541	67
6881090	511145.b0222	431	9
6881820	511145.b1024	37.6	6
6882895	511145.b2193	116	4
6880980	511145.b0102	21.0	1
6882948	511145.b2249	95.7	4
6880914	511145.b0032	571	20
6883400	511145.b2745	101	7
6881231	511145.b0386	180	6
6883625	511145.b3001	106	7
6884541	511145.b4014	35.2	2
6882952	511145.b2253	71.3	4
6884296	511145.b3724	563	23
6884096	511145.b3514	89.0	9
6884191	511145.b3612	1198	79
6881533	511145.b0724	1880	93
6880932	511145.b0050	58.5	1
6882350	511145.b1605	8.53	1
6882008	511145.b1225	152	13
6882780	511145.b2065	200	4
6881801	511145.b1002	377	22
6884081	511145.b3498	453	45
6884218	511145.b3639	88.1	4
6883792	511145.b3185	1154	14
6883149	511145.b2464	35.0	4
6882504	511145.b1763	18.6	5
6881650	511145.b0849	735	4
6883265	511145.b2580	47.7	3
6882570	511145.b1829	60.6	2
6882996	511145.b2297	2460	230
6883802	511145.b3195	156	5
6881712	511145.b0912	537	8
6882395	511145.b1650	154	5
6884876	511145.b4383	1208	67
6880888	511145.b0004	1503	75
6883161	511145.b2476	1552	67
6883788	511145.b3181	1187	37
6881957	511145.b1174	732	15
6883041	511145.b2344	71.4	3
6882420	511145.b1677	42019	601
6884829	511145.b4328	168	9
6880979	511145.b0101	99.0	2
6882002	511145.b1219	59.0	1
6883579	511145.b2946	59.6	3
6883894	511145.b3301	3231	88
6884314	511145.b3742	84.1	1
6883683	511145.b3065	7366	28
6883125	511145.b2440	194	5
6883509	511145.b2869	34.6	3
6884434	511145.b3891	17.1	1
6882274	511145.b1521	11.8	1
6881661	511145.b0860	628	24
6883150	511145.b2465	57.4	10
6883518	511145.b2878	121	22
6882459	511145.b1716	6917	57
6881557	511145.b0756	2480	96
6883403	511145.b2748	71.0	1
6882111	511145.b1334	72.4	1
6881728	511145.b0928	1311	88
6881889	511145.b1098	18.1	1
6884738	511145.b4220	32.3	3
6884457	511145.b3916	1769	66
6881501	511145.b0687	236	8
6882051	511145.b1273	733	7
6882616	511145.b1875	35.5	1
6882505	511145.b1764	416	22
6884585	511145.b4059	861	22
6883808	511145.b3201	65.9	3
6881253	511145.b0410	636	2
6883759	511145.b3150	665	19
6884577	511145.b4051	123	4
6884660	511145.b4138	1026	21
6882697	511145.b1970	273	6
6881669	511145.b0868	19.9	1
6880913	511145.b0031	113	5
6884646	511145.b4123	248	4
6881033	511145.b0156	366	5
6883451	511145.b2798	35.2	1
6884486	511145.b3945	1196	36
6883148	511145.b2463	931	99
6881316	511145.b0474	2182	83
6884689	511145.b4170	14.5	1
6884368	511145.b3816	22.2	1
6881799	511145.b1000	158	5
6884451	511145.b3908	44.1	1
6883539	511145.b2901	262	13
6884975	511145.b4558	956	9
6881107	511145.b0243	242	16
6883478	511145.b2828	67.7	2
6881841	511145.b1049	24.6	2
6881724	511145.b0924	30.7	6
6884357	511145.b3802	184	8
6884171	511145.b3591	13.0	1
6883005	511145.b2306	26.3	1
6883457	511145.b2804	167	3
6884186	511145.b3607	380	8
6883117	511145.b2432	137	3
6881307	511145.b0465	32.9	4
6881074	511145.b0198	61.2	1
6884338	511145.b3778	23.2	2
6884748	511145.b4233	296	11
6881359	511145.b0523	449	4
6883561	511145.b2925	2856	100
6881330	511145.b0488	155	1
6883800	511145.b3193	1098	20
6884043	511145.b3458	569	25
6880954	511145.b0074	123	9
6884025	511145.b3439	52.3	1
6882806	511145.b2095	82.8	4
6881898	511145.b1107	19.3	1
6881036	511145.b0159	121	5
6883686	511145.b3068	77.8	2
6881265	511145.b0422	793	8
6883850	511145.b3244	57.8	3
6884572	511145.b4046	36.5	1
6881992	511145.b1209	39.2	2
6884020	511145.b3432	95.6	12
6883163	511145.b2478	1432	58
6883100	511145.b2415	1524	16
6883028	511145.b2329	15.7	1
6884017	511145.b3429	417	22
6883997	511145.b3406	72.1	2
6883015	511145.b2316	297	11
6884305	511145.b3733	299	11
6883397	511145.b2742	290	9
6882738	511145.b2022	135	7
6884095	511145.b3513	117	5
6882589	511145.b1848	205	1
6880974	511145.b0095	721	60
6884767	511145.b4255	3584	15
6884026	511145.b3440	140	7
6882308	511145.b1557	45.9	5
6882572	511145.b1831	1108	27
6883104	511145.b2419	18.7	1
6883545	511145.b2907	11.5	1
6881243	511145.b0400	57.5	3
6881294	511145.b0451	1706	12
6881998	511145.b1215	1428	45
6881559	511145.b0758	1482	77
6884358	511145.b3803	392	25
6884469	511145.b3928	3767	49
6883688	511145.b3071	57.1	2
6881558	511145.b0757	1996	62
6882735	511145.b2019	307	12
6882083	511145.b1305	256	2
6882934	511145.b2234	272	27
6883256	511145.b2571	68.7	3
6884874	511145.b4381	418	20
6884340	511145.b3780	34.3	3
6882336	511145.b1591	42.8	1
6881010	511145.b0133	435	24
6883270	511145.b2585	33.7	3
6884714	511145.b4195	293	6
6883019	511145.b2320	46.2	5
6883590	511145.b2957	2050	118
6881038	511145.b0161	1138	68
6882805	511145.b2094	107	2
6884049	511145.b3464	92.8	6
6884228	511145.b3649	916	9
6881073	511145.b0197	3259	103
6883008	511145.b2309	2518	91
6882045	511145.b1267	40.4	2
6883098	511145.b2413	95.5	1
6881969	511145.b1186	13.8	1
6881194	511145.b0344	3197	540
6883828	511145.b3222	23.2	1
6883184	511145.b2499	870	28
6884877	511145.b4384	1266	61
6883080	511145.b2388	254	10
6881480	511145.b0655	1230	55
6884455	511145.b3912	940	18
6884437	511145.b3894	526	79
6883214	511145.b2529	616	14
6884301	511145.b3729	812	57
6881792	511145.b0993	3.58	1
6881004	511145.b0127	22.1	1
6882457	511145.b1714	785	45
6881488	511145.b0674	980	75
6882110	511145.b1333	577	20
6883354	511145.b2699	997	39
6881723	511145.b0923	20.1	1
6881671	511145.b0870	212	13
6884278	511145.b3706	73.9	5
6884121	511145.b3540	18.9	1
6881040	511145.b0163	646	14
6881780	511145.b0981	131	9
6882355	511145.b1610	4.41	1
6881530	511145.b0721	49.2	1
6884221	511145.b3642	168	6
6883072	511145.b2380	5.52	1
6883330	511145.b2668	11.7	1
6884584	511145.b4058	58.3	8
6882928	511145.b2226	8.44	1
6882764	511145.b2049	9.15	1
6881705	511145.b0905	42.0	2
6883895	511145.b3302	654	4
6881502	511145.b0688	779	70
6882468	511145.b1727	79.7	3
6883977	511145.b3386	241	5
6884407	511145.b3863	177	21
6883857	511145.b3253	401	20
6882989	511145.b2290	56.6	3
6882495	511145.b1754	0.754	1
6881601	511145.b0800	87.2	5
6883458	511145.b2805	24.2	1
6881789	511145.b0990	682	23
6881295	511145.b0452	106	4
6883899	511145.b3306	1187	29
6884511	511145.b3980	7409	1030
6884599	511145.b4073	151	4
6884470	511145.b3929	333	8
6884503	511145.b3963	43.0	1
6881765	511145.b0965	370	8
6880953	511145.b0073	211	11
6881673	511145.b0872	22.7	1
6881258	511145.b0415	506	9
6884304	511145.b3732	3134	267
6883994	511145.b3403	2020	157
6882490	511145.b1749	95.6	5
6881492	511145.b0678	404	15
6882348	511145.b1603	265	17
6881584	511145.b0783	49.7	1
6884688	511145.b4169	20.8	1
6883817	511145.b3210	14.6	2
6883811	511145.b3204	79.7	2
6883408	511145.b2753	2.37	1
6881478	511145.b0653	46.6	1
6881187	511145.b0337	1019	42
6884591	511145.b4065	27.5	1
6882935	511145.b2235	128	7
6884548	511145.b4021	579	17
6881354	511145.b0517	9.28	1
6881702	511145.b0902	233	9
6882727	511145.b2011	27.0	2
6881535	511145.b0727	3040	104
6881365	511145.b0529	27.9	1
6882408	511145.b1663	80.2	2
6884015	511145.b3426	2356	238
6881046	511145.b0170	2602	152
6883202	511145.b2517	55.7	4
6884316	511145.b3744	1288	62
6883209	511145.b2524	108	1
6882794	511145.b2079	23.6	1
6882595	511145.b1854	1504	95
6883551	511145.b2914	2088	39
6881886	511145.b1095	780	22
6883572	511145.b2938	230	17
6884664	511145.b4142	4995	88
6882016	511145.b1236	667	26
6884590	511145.b4064	976	7
6884483	511145.b3942	3793	359
6883778	511145.b3169	538	44
6883570	511145.b2936	22.5	1
6881636	511145.b0835	150	6
6884710	511145.b4191	30.5	1
6882054	511145.b1276	46.0	4
6883855	511145.b3251	665	32
6881576	511145.b0775	23.5	1
6882050	511145.b1272	16.6	1
6882702	511145.b1976	175	3
6884731	511145.b4213	310	28
6883488	511145.b2838	15.6	1
6884080	511145.b3497	21.5	1
6884773	511145.b4261	91.0	3
6884366	511145.b3812	18.7	1
6883455	511145.b2802	56.5	4
6883523	511145.b2883	39.8	2
6882649	511145.b1914	96.4	5
6884440	511145.b3897	6.66	1
6882864	511145.b2159	23.3	1
6884523	511145.b3992	52.5	2
6883834	511145.b3228	143	4
6881613	511145.b0812	954	35
6881266	511145.b0423	64.9	4
6882988	511145.b2289	90.7	3
6884468	511145.b3927	318	4
6881537	511145.b0729	1952	76
6883398	511145.b2743	30.6	1
6881556	511145.b0755	861	38
6884255	511145.b3677	217	1
6881640	511145.b0839	336	17
6881580	511145.b0779	11.4	1
6880992	511145.b0115	1134	128
6883661	511145.b3042	112	2
6884770	511145.b4258	449	71
6883528	511145.b2890	588	79
6884414	511145.b3871	939	64
6882019	511145.b1241	6884	767
6882445	511145.b1702	1231	115
6884652	511145.b4129	750	91
6881639	511145.b0838	71.9	3
6880998	511145.b0121	36.8	1
6881625	511145.b0824	22.2	1
6884675	511145.b4153	2570	74
6882561	511145.b1820	183	3
6883783	511145.b3176	809	60
6884725	511145.b4207	934	29
6881448	511145.b0621	168	2
6883952	511145.b3359	59.4	3
6882380	511145.b1635	413	15
6884313	511145.b3741	16.7	1
6883113	511145.b2428	2.18	1
6884721	511145.b4202	1339	13
6884140	511145.b3560	379	17
6884772	511145.b4260	562	33
6883892	511145.b3299	1941	2
6880958	511145.b0078	341	6
6883580	511145.b2947	311	14
6884078	511145.b3495	1430	23
6882852	511145.b2147	328	16
6884966	511145.b4546	30.1	1
6881191	511145.b0341	10.4	2
6883584	511145.b2951	394	41
6881899	511145.b1108	639	24
6884252	511145.b3674	21.7	1
6880967	511145.b0088	27.0	1
6882461	511145.b1718	603	13
6880973	511145.b0094	34.2	2
6884196	511145.b3617	652	39
6883652	511145.b3032	23.5	1
6884481	511145.b3940	71.2	7
6884005	511145.b3414	651	12
6882587	511145.b1846	44.3	1
6883096	511145.b2411	32.7	3
6884563	511145.b4036	98.3	6
6883205	511145.b2520	22.4	5
6882419	511145.b1676	2025	134
6884232	511145.b3653	75.9	1
6883896	511145.b3303	5474	148
6882840	511145.b2133	75.2	6
6882617	511145.b1876	406	41
6884045	511145.b3460	344	11
6882430	511145.b1687	108	14
6884280	511145.b3708	1120	77
6884219	511145.b3640	581	7
6881769	511145.b0969	94.7	1
6884262	511145.b3687	113	2
6883464	511145.b2811	49.9	1
6882052	511145.b1274	101	13
6884109	511145.b3527	147	9
6883859	511145.b3256	450	26
6881550	511145.b0742	333	7
6881217	511145.b0369	130	7
6884034	511145.b3449	28.1	1
6881031	511145.b0154	465	24
6882911	511145.b2209	132	4
6884647	511145.b4124	20.2	1
6881885	511145.b1094	8251	56
6881672	511145.b0871	15.3	1
6882379	511145.b1634	28.0	1
6884717	511145.b4198	156	4
6883841	511145.b3235	43.8	2
6881176	511145.b0325	64.5	4
6881692	511145.b0892	12.1	1
6883656	511145.b3037	267	5
6881089	511145.b0221	9.57	1
6880975	511145.b0096	14.1	1
6881393	511145.b0565	1973	111
6884336	511145.b3774	588	49
6881827	511145.b1035	43.8	1
6884473	511145.b3932	292	5
6884628	511145.b4105	20.6	1
6882999	511145.b2300	270	4
6881048	511145.b0172	1243	21
6882386	511145.b1641	4066	55
6883810	511145.b3203	262	3
6881305	511145.b0463	1316	48
6883542	511145.b2904	530	2
6881686	511145.b0886	26.2	1
6884515	511145.b3984	2757	125
6881322	511145.b0480	62.9	6
6883649	511145.b3029	656	4
6881884	511145.b1093	1316	29
6881989	511145.b1206	194	5
6881628	511145.b0827	124	4
6881161	511145.b0308	21.8	1
6881911	511145.b1120	149	6
6881708	511145.b0908	62.4	4
6881146	511145.b0290	13.6	1
6883685	511145.b3067	364	21
6883671	511145.b3053	15.5	2
6881457	511145.b0632	395	30
6883796	511145.b3189	124	8
6882462	511145.b1719	941	100
6883727	511145.b3114	162	39
6884092	511145.b3510	960	1
6882983	511145.b2284	566	36
6882464	511145.b1723	28.7	1
6883002	511145.b2303	57.0	2
6882231	511145.b1474	41.8	9
6880910	511145.b0028	292	3
6882779	511145.b2064	9.76	1
6882993	511145.b2294	1654	42
6883029	511145.b2330	506	13
6880905	511145.b0023	4084	35
6881732	511145.b0932	256	33
6882148	511145.b1380	403	17
6882239	511145.b1482	92.3	1
6883560	511145.b2924	280	13
6883614	511145.b2988	214	17
6884643	511145.b4120	8.42	2
6883562	511145.b2926	4429	265
6880897	511145.b0014	5346	385
6883352	511145.b2697	565	98
6882593	511145.b1852	419	39
6883550	511145.b2913	2247	88
6882602	511145.b1861	444	5
6882447	511145.b1704	85.2	3
6881026	511145.b0149	32.2	4
6882381	511145.b1636	50.7	2
6881434	511145.b0606	1212	84
6884307	511145.b3735	1208	28
6880970	511145.b0091	36.2	2
6881433	511145.b0605	10686	280
6881236	511145.b0391	207	2
6884640	511145.b4117	19.1	2
6882015	511145.b1235	18.4	1
6883288	511145.b2608	40.0	1
6882767	511145.b2052	427	8
6881466	511145.b0641	1277	24
6884298	511145.b3726	50.0	1
6882760	511145.b2045	13.6	1
6883903	511145.b3310	4421	54
6881546	511145.b0738	60.1	1
6883254	511145.b2569	341	28
6884711	511145.b4192	791	35
6882255	511145.b1498	410	23
6883650	511145.b3030	19.3	2
6884009	511145.b3418	16.8	2
6884743	511145.b4226	1549	37
6881237	511145.b0393	585	17
6882818	511145.b2107	85.8	1
6882172	511145.b1406	87.6	3
6883881	511145.b3288	195	9
6884732	511145.b4214	262	10
6883000	511145.b2301	57.0	2
6884411	511145.b3868	58.2	4
6880948	511145.b0068	212	9
6883383	511145.b2728	114	1
6881049	511145.b0173	17.8	1
6883730	511145.b3117	123	3
6883939	511145.b3346	91.3	3
6883433	511145.b2780	635	52
6883718	511145.b3101	81.6	1
6882571	511145.b1830	66.7	7
6882398	511145.b1653	3.9	1
6882099	511145.b1322	126	5
6884552	511145.b4025	1094	77
6883638	511145.b3018	92.7	2
6884412	511145.b3869	23.9	1
6883197	511145.b2512	755	33
6881727	511145.b0927	29.3	1
6882559	511145.b1818	166	2
6882291	511145.b1538	73.2	8
6881092	511145.b0224	19.7	1
6883071	511145.b2379	25.0	1
6883206	511145.b2521	814	29
6883203	511145.b2518	3209	49
6883043	511145.b2346	145	5
6883992	511145.b3401	168	6
6884345	511145.b3786	113	5
6882489	511145.b1748	26.4	2
6884933	511145.b4484	106	2
6882338	511145.b1593	161	4
6883277	511145.b2597	1825	36
6883211	511145.b2526	204	16
6883210	511145.b2525	297	6
6881717	511145.b0917	338	4
6881313	511145.b0471	28.1	1
6883536	511145.b2898	247	14
6884699	511145.b4180	223	7
6882403	511145.b1658	116	7
6881689	511145.b0889	183	3
6884039	511145.b3454	14.2	2
6883251	511145.b2566	218	7
6884920	511145.b4471	37.5	1
6881520	511145.b0711	69.5	1
6884234	511145.b3655	10.9	1
6881075	511145.b0199	26.1	1
6883887	511145.b3294	11242	141
6882594	511145.b1853	46.1	2
6884551	511145.b4024	102	6
6883893	511145.b3300	582	15
6883140	511145.b2455	105	4
6882917	511145.b2215	10524	733
6883014	511145.b2315	85.5	4
6884561	511145.b4034	407	25
6882382	511145.b1637	708	40
6882086	511145.b1308	586	4
6883432	511145.b2779	6312	301
6881545	511145.b0737	208	5
6883345	511145.b2685	21.4	1
6881542	511145.b0734	1518	12
6882942	511145.b2243	987	83
6884879	511145.b4386	140	4
6884179	511145.b3600	141	7
6884722	511145.b4203	4076	130
6883942	511145.b3349	131	3
6881664	511145.b0863	493	18
6884333	511145.b3771	375	30
6882652	511145.b1917	66.8	2
6884229	511145.b3650	24.8	2
6882872	511145.b2167	777	24
6883820	511145.b3213	229	16
6883620	511145.b2994	1094	69
6882580	511145.b1839	367	2
6881057	511145.b0181	306	4
6881541	511145.b0733	1221	48
6882055	511145.b1277	113	5
6884901	511145.b4411	845	3
6883935	511145.b3342	3437	31
6883103	511145.b2418	27.1	1
6884857	511145.b4361	17.5	1
6884579	511145.b4053	30.0	2
6882560	511145.b1819	685	28
6884525	511145.b3994	80.8	5
6881534	511145.b0726	772	91
6882145	511145.b1377	883	126
6883543	511145.b2905	486	21
6881771	511145.b0972	38.0	1
6881693	511145.b0893	1049	76
6883156	511145.b2471	132	2
6882007	511145.b1224	78.5	18
6881688	511145.b0888	558	19
6884300	511145.b3728	2577	143
6884047	511145.b3462	53.4	2
6881105	511145.b0241	456	39
6882004	511145.b1221	205	5
6882292	511145.b1539	534	10
6884261	511145.b3686	114	2
6881082	511145.b0212	25.8	1
6883142	511145.b2457	95.3	3
6883884	511145.b3291	135	1
6881101	511145.b0237	773	53
6883816	511145.b3209	221	10
6882745	511145.b2029	1674	112
6883273	511145.b2592	2046	259
6884176	511145.b3597	9.86	1
6883949	511145.b3356	46.5	1
6884342	511145.b3783	825	59
6884354	511145.b3795	88.2	3
6881251	511145.b0408	292	31
6882214	511145.b1452	30.4	1
6884665	511145.b4143	7364	476
6884198	511145.b3619	711	48
6883116	511145.b2431	422	17
6882383	511145.b1638	23.9	1
6881908	511145.b1117	27.6	1
6881450	511145.b0623	1288	28
6881666	511145.b0865	1225	23
6882012	511145.b1232	149	4
6881694	511145.b0894	202	23
6883804	511145.b3197	130	4
6882023	511145.b1245	108	1
6881568	511145.b0767	151	3
6884536	511145.b4005	426	24
6882040	511145.b1262	15.7	1
6883910	511145.b3317	5880	218
6884222	511145.b3643	41.2	1
6880957	511145.b0077	90.2	7
6883468	511145.b2818	104	5
6880911	511145.b0029	31.5	1
6882768	511145.b2053	203	9
6882364	511145.b1619	673	28
6881321	511145.b0479	34.8	1
6882546	511145.b1805	23.8	2
6882591	511145.b1850	1140	24
6883153	511145.b2468	32.3	4
6881574	511145.b0773	270	2
6883292	511145.b2614	1093	20
6882555	511145.b1814	179	5
6881426	511145.b0598	20.9	1
6883217	511145.b2532	25.9	1
6884498	511145.b3958	216	7
6881549	511145.b0741	1578	48
6884868	511145.b4375	77.9	5
6883782	511145.b3175	1385	12
6884661	511145.b4139	8965	500
6881042	511145.b0166	3439	129
6883448	511145.b2795	199	15
6884569	511145.b4043	24.5	1
6883799	511145.b3192	631	16
6881987	511145.b1204	82.9	3
6882487	511145.b1746	39.2	2
6882855	511145.b2150	1498	82
6882347	511145.b1602	1015	38
6884189	511145.b3610	818	9
6883296	511145.b2618	42.4	1
6881282	511145.b0439	459	56
6883976	511145.b3385	41.1	1
6881226	511145.b0381	372	18
6881334	511145.b0492	58.6	2
6883382	511145.b2727	65.3	3
6882410	511145.b1667	661	14
6880969	511145.b0090	304	10
6880939	511145.b0059	35.4	4
6881070	511145.b0194	533	46
6882421	511145.b1678	52.4	1
6883839	511145.b3233	1976	44
6882848	511145.b2143	235	8
6882998	511145.b2299	36.4	1
6884264	511145.b3689	80.6	5
6882654	511145.b1919	282	10
6882480	511145.b1739	1134	14
6881047	511145.b0171	288	10
6883913	511145.b3320	3122	92
6882399	511145.b1654	2208	31
6882053	511145.b1275	60.3	3
6881855	511145.b1064	105	5
6883236	511145.b2551	1921	80
6882802	511145.b2091	55.6	2
6880986	511145.b0109	22.1	1
6884395	511145.b3846	9.62	1
6882939	511145.b2240	392	19
6883888	511145.b3295	2552	155
6881620	511145.b0819	315	6
6883505	511145.b2865	29.4	1
6884390	511145.b3839	103	1
6883298	511145.b2620	117	2
6883165	511145.b2480	1418	30
6884227	511145.b3648	198	5
6882553	511145.b1812	21.3	1
6882781	511145.b2066	97.3	3
6881729	511145.b0929	3589	194
6883780	511145.b3172	656	53
6881767	511145.b0967	26.2	1
6883619	511145.b2993	297	7
6883548	511145.b2910	112	2
6882446	511145.b1703	28.0	1
6884100	511145.b3518	1157	68
6881564	511145.b0763	1574	81
6883162	511145.b2477	924	44
6884479	511145.b3938	276	5
6881927	511145.b1136	1901	120
6882029	511145.b1251	683	4
6884124	511145.b3543	156	3
6883773	511145.b3164	1750	150
6884913	511145.b4464	72.4	1
6884516	511145.b3985	5808	144
6884413	511145.b3870	2089	139
6881710	511145.b0910	312	8
6882987	511145.b2288	593	7
6881879	511145.b1088	245	6
6883958	511145.b3365	327	41
6881043	511145.b0167	11.2	2
6882564	511145.b1823	3075	60
6881453	511145.b0628	194	8
6882082	511145.b1304	725	19
6884645	511145.b4122	538	70
6883138	511145.b2453	57.0	1
6882407	511145.b1662	437	12
6881519	511145.b0710	493	16
6882357	511145.b1612	514	76
6883183	511145.b2498	1598	43
6881011	511145.b0134	244	6
6884889	511145.b4396	325	8
6882329	511145.b1584	99.1	4
6884188	511145.b3609	2666	37
6883680	511145.b3062	357	11
6880924	511145.b0042	234	10
6883529	511145.b2891	361	15
6881352	511145.b0515	86.5	2
6884132	511145.b3552	871	14
6883790	511145.b3183	189	5
6883864	511145.b3261	366	1
6884385	511145.b3833	267	10
6884848	511145.b4352	22.4	1
6883941	511145.b3348	111	1
6883644	511145.b3024	47.1	1
6882725	511145.b2009	130	2
6882198	511145.b1435	30.3	3
6883831	511145.b3225	720	18
6883779	511145.b3170	79.1	3
6882986	511145.b2287	399	14
6883286	511145.b2606	3491	54
6882236	511145.b1479	35.7	4
6883836	511145.b3230	2503	58
6883904	511145.b3311	779	4
6881458	511145.b0633	29.8	1
6881248	511145.b0405	19.0	1
6881257	511145.b0414	27.3	2
6884540	511145.b4013	56.7	2
6883736	511145.b3125	125	5
6884110	511145.b3528	56.8	1
6881072	511145.b0196	1094	21
6884477	511145.b3936	1951	22
6881782	511145.b0983	256	10
6883124	511145.b2439	544	7
6881730	511145.b0930	770	48
6881002	511145.b0125	107	3
6881611	511145.b0810	120	5
6883022	511145.b2323	854	26
6881748	511145.b0948	33.3	3
6882034	511145.b1256	814	19
6881825	511145.b1033	58.2	4
6884500	511145.b3960	393	25
6882226	511145.b1467	13.1	3
6883215	511145.b2530	388	28
6884887	511145.b4394	47.4	1
6884399	511145.b3850	24.6	1
6884054	511145.b3469	117	9
6884299	511145.b3727	189	4
6882858	511145.b2153	161	4
6883324	511145.b2662	88.2	6
6882429	511145.b1686	55.8	1
6884083	511145.b3500	161	10
6883622	511145.b2996	243	13
6882369	511145.b1624	70.5	3
6884886	511145.b4393	32.7	1
6883452	511145.b2799	1383	71
6884850	511145.b4354	192	8
6883777	511145.b3168	522	57
6882705	511145.b1982	10.6	1
6884631	511145.b4108	1206	11
6883264	511145.b2579	11801	264
6881718	511145.b0918	170	7
6881335	511145.b0493	181	5
6882049	511145.b1271	46.0	2
6884959	511145.b4536	60.8	1
6882048	511145.b1270	242	4
6884184	511145.b3605	0.616	1
6881840	511145.b1048	138	7
6881766	511145.b0966	1941	2
6881921	511145.b1130	241	13
6881077	511145.b0207	55.0	2
6883775	511145.b3166	30.9	2
6884136	511145.b3556	1082	31
6883873	511145.b3271	8.96	1
6881279	511145.b0436	2621	206
6881332	511145.b0490	32.0	3
6881140	511145.b0284	7.26	1
6881714	511145.b0914	9.33	1
6884888	511145.b4395	81.8	3
6883180	511145.b2495	478	5
6883909	511145.b3316	1435	24
6883276	511145.b2595	191	9
6884323	511145.b3751	988	48
6883891	511145.b3298	10295	188
6881982	511145.b1199	25.8	1
6884674	511145.b4152	307	3
6884302	511145.b3730	280	13
6882436	511145.b1693	17.6	1
6883179	511145.b2494	43.4	2
6881652	511145.b0851	59.1	2
6882592	511145.b1851	28.8	1
6881905	511145.b1114	35.1	6
6882358	511145.b1613	546	32
6881020	511145.b0143	86.7	7
6884864	511145.b4371	51.1	2
6881274	511145.b0431	27.3	1
6882520	511145.b1779	16970	697
6882601	511145.b1860	39.1	2
6884747	511145.b4232	1233	42
6882249	511145.b1492	530	10
6884598	511145.b4072	225	4
6883558	511145.b2922	547	12
6882387	511145.b1642	319	7
6883367	511145.b2712	11.5	1
6880898	511145.b0015	218	7
6883477	511145.b2827	342	11
6882808	511145.b2097	521	20
6884495	511145.b3955	67.6	3
6881249	511145.b0406	34.9	2
6882742	511145.b2026	254	2
6883728	511145.b3115	107	4
6884636	511145.b4113	30.3	1
6882524	511145.b1783	186	18
6881994	511145.b1211	29.0	1
6881443	511145.b0616	81.4	4
6882181	511145.b1415	240	24
6884170	511145.b3590	91.4	9
6883592	511145.b2959	239	6
6884145	511145.b3565	10.8	1
6883199	511145.b2514	404	28
6883785	511145.b3178	391	34
6884837	511145.b4336	0.911	1
6882640	511145.b1901	156	7
6881008	511145.b0131	708	7
6881653	511145.b0852	7.19	2
6883376	511145.b2721	15.1	1
6883097	511145.b2412	63.6	1
6883541	511145.b2903	502	45
6881045	511145.b0169	3251	136
6880921	511145.b0039	44.8	2
6883940	511145.b3347	1817	60
6883633	511145.b3011	677	28
6882995	511145.b2296	1678	81
6882876	511145.b2171	322	6
6884040	511145.b3455	15.0	1
6881080	511145.b0210	22.6	1
6883569	511145.b2935	2656	172
6880923	511145.b0041	215	4
6884546	511145.b4019	31.0	5
6882237	511145.b1480	376	1
6882021	511145.b1243	1255	91
6882101	511145.b1324	5554	95
6883101	511145.b2416	1819	140
6884667	511145.b4145	26.8	2
6881573	511145.b0772	20.4	1
6881858	511145.b1067	236	7
6880991	511145.b0114	1984	250
6883388	511145.b2733	85.4	11
6883160	511145.b2475	132	4
6883890	511145.b3297	2943	50
6883261	511145.b2576	193	14
6883996	511145.b3405	95.9	4
6884682	511145.b4160	497	17
6883323	511145.b2661	5.72	1
6881813	511145.b1015	89.2	3
6884269	511145.b3697	74.0	3
6881687	511145.b0887	8.67	1
6883399	511145.b2744	103	3
6881626	511145.b0825	2363	68
6881875	511145.b1084	438	45
6884505	511145.b3965	15.7	1
6882506	511145.b1765	265	8
6883510	511145.b2870	275	20
6880886	511145.b0002	601	82
6884506	511145.b3966	91.9	9
6880915	511145.b0033	459	62
6884247	511145.b3669	41.4	1
6884568	511145.b4042	69.0	1
6883743	511145.b3132	8.97	1
6881320	511145.b0478	25.6	1
6882663	511145.b1928	355	9
6881486	511145.b0661	215	18
6883281	511145.b2601	4.8	1
6884057	511145.b3472	358	11
6881683	511145.b0882	451	43
6883192	511145.b2507	878	72
6882931	511145.b2231	529	61
6884750	511145.b4235	89.9	7
6881221	511145.b0376	26.3	1
6881477	511145.b0652	348	6
6882980	511145.b2281	647	14
6882519	511145.b1778	126	2
6881317	511145.b0475	34.0	1
6884524	511145.b3993	89.4	4
6883819	511145.b3212	619	113
6884285	511145.b3713	136	5
6880943	511145.b0063	5.61	1
6881878	511145.b1087	33.9	1
6883862	511145.b3259	99.8	2
6881497	511145.b0683	372	10
6881583	511145.b0782	633	24
6881826	511145.b1034	46.2	1
6884698	511145.b4179	437	63
6881126	511145.b0268	41.4	4
6881304	511145.b0462	209	22
6883630	511145.b3008	33.7	2
6883394	511145.b2739	2.83	1
6884766	511145.b4254	584	33
6882466	511145.b1725	257	14
6882460	511145.b1717	160	1
6881281	511145.b0438	260	22
6883911	511145.b3318	89.5	1
6884306	511145.b3734	3633	280
6883975	511145.b3384	499	19
6882059	511145.b1281	39.3	1
6883898	511145.b3305	4354	137
6883351	511145.b2696	2473	12
6884008	511145.b3417	141	18
6883379	511145.b2724	42.9	2
6882527	511145.b1786	15.0	1
6883552	511145.b2916	52.0	2
6881754	511145.b0954	276	8
6882368	511145.b1623	32.2	1
6883201	511145.b2516	841	26
6884605	511145.b4079	92.9	10
6884824	511145.b4323	126	10
6881106	511145.b0242	266	10
6884038	511145.b3453	786	43
6882932	511145.b2232	62.0	2
6884744	511145.b4227	240	7
6882772	511145.b2057	9.84	1
6881532	511145.b0723	1227	112
6882064	511145.b1286	151	14
6883651	511145.b3031	346	3
6882607	511145.b1866	463	48
6881707	511145.b0907	765	50
6883756	511145.b3147	204	16
6882732	511145.b2016	152	6
6883238	511145.b2553	450	10
6882100	511145.b1323	15.4	1
6884388	511145.b3836	362	4
6883575	511145.b2942	801	46
6882039	511145.b1261	161	6
6881853	511145.b1062	82.6	4
6882977	511145.b2278	129	4
6884472	511145.b3931	809	58
6881602	511145.b0801	120	6
6883623	511145.b2997	267	12
6882643	511145.b1905	8352	133
6881293	511145.b0450	1580	29
6884716	511145.b4197	47.1	2
6882179	511145.b1413	11.6	3
6883615	511145.b2989	285	9
6884016	511145.b3428	86.2	10
6881387	511145.b0556	9.6	1
6881494	511145.b0680	231	23
6881489	511145.b0675	138	5
6881918	511145.b1127	376	24
6884360	511145.b3805	53.1	4
6881610	511145.b0809	439	10
6884309	511145.b3737	5736	18
6880961	511145.b0082	48.7	3
6881160	511145.b0307	26.4	2
6883837	511145.b3231	3328	57
6884381	511145.b3829	264	25
6881326	511145.b0484	185	13
6882508	511145.b1767	26.4	1
6884463	511145.b3922	534	5
6883980	511145.b3389	166	6
6883912	511145.b3319	3446	66
6881102	511145.b0238	573	9
6882353	511145.b1608	17.5	1
6881157	511145.b0304	24.8	1
6883253	511145.b2568	138	4
6883774	511145.b3165	2958	18
6881361	511145.b0525	1631	44
6883902	511145.b3309	1040	19
6882153	511145.b1385	3.14	1
6884409	511145.b3866	33.2	1
6883375	511145.b2720	27.7	1
6884018	511145.b3430	510	25
6884884	511145.b4391	458	46
6884134	511145.b3554	391	9
6881315	511145.b0473	1466	168
6882356	511145.b1611	27.1	2
6884373	511145.b3821	87.1	4
6883905	511145.b3312	1621	16
6884518	511145.b3987	1404	264
6882698	511145.b1971	51.2	4
6881056	511145.b0180	262	10
6882066	511145.b1288	1572	55
6884460	511145.b3919	2827	61
6884578	511145.b4052	16.1	1
6884071	511145.b3486	25.5	4
6883459	511145.b2806	51.9	3
6883812	511145.b3205	50.2	2
6884713	511145.b4194	798	8
6883145	511145.b2460	79.4	2
6881677	511145.b0876	79.6	5
6883061	511145.b2369	26.9	1
6881986	511145.b1203	411	24
6881044	511145.b0168	98.4	5
6881204	511145.b0354	223	2
6882455	511145.b1712	1412	25
6880919	511145.b0037	15.6	3
6881561	511145.b0760	16.7	1
6883193	511145.b2508	1224	63
6883289	511145.b2609	2051	28
6883956	511145.b3363	745	11
6881720	511145.b0920	95.2	2
6883420	511145.b2765	41.1	1
6883208	511145.b2523	408	35
6883348	511145.b2688	101	6
6884383	511145.b3831	2233	49
6881880	511145.b1089	493	3
6883099	511145.b2414	1212	58
6881536	511145.b0728	1930	124
6881762	511145.b0962	10.4	1
6882517	511145.b1776	77.7	3
6882568	511145.b1827	525	27
6883519	511145.b2879	121	9
6881462	511145.b0637	61.3	1
6881435	511145.b0607	2237	57
6884404	511145.b3860	300	9
6881894	511145.b1103	420	7
6883906	511145.b3313	4751	71
6884297	511145.b3725	288	9
6884332	511145.b3770	762	26
6883670	511145.b3052	340	27
6881491	511145.b0677	139	6
6882992	511145.b2293	104	3
6882017	511145.b1237	11576	205
6881388	511145.b0557	2865	24
6883521	511145.b2881	236	19
6883290	511145.b2610	168	11
6881784	511145.b0985	68.3	2
6883200	511145.b2515	113	7
6884382	511145.b3830	223	5
6884467	511145.b3926	3169	276
6884195	511145.b3616	76.6	2
6884260	511145.b3685	16.9	1
6881923	511145.b1132	227	5
6881498	511145.b0684	1108	18
6883471	511145.b2821	9.45	1
6881695	511145.b0895	52.3	2
6884396	511145.b3847	335	20
6882244	511145.b1487	35.6	2
6883266	511145.b2581	196	6
6881719	511145.b0919	20.7	1
6881924	511145.b1133	105	4
6880936	511145.b0054	189	28
6881262	511145.b0419	15.4	1
6881596	511145.b0795	80.2	5
6881703	511145.b0903	6502	731
6883581	511145.b2948	24.4	1
6882839	511145.b2132	17.3	3
6880908	511145.b0026	440	69
6881892	511145.b1101	176	6
6883447	511145.b2794	15.0	1
6884775	511145.b4263	11.0	2
6882874	511145.b2169	569	22
6882743	511145.b2027	155	6
6880893	511145.b0009	175	4
6882250	511145.b1493	1027	137
6884139	511145.b3559	462	50
6881467	511145.b0642	440	59
6884684	511145.b4162	66.2	2
6881922	511145.b1131	1032	52
6881722	511145.b0922	26.5	3
6881442	511145.b0615	34.8	2
6883755	511145.b3146	38.6	2
6881483	511145.b0658	145	7
6884634	511145.b4111	58.7	2
6881772	511145.b0973	53.6	5
6880964	511145.b0085	104	7
6881122	511145.b0262	5.18	1
6881990	511145.b1207	1066	56
6884125	511145.b3544	770	49
6883186	511145.b2501	58.7	8
6883591	511145.b2958	150	4
6881615	511145.b0814	3461	76
6882481	511145.b1740	226	11
6881104	511145.b0240	95.3	2
6881192	511145.b0342	61.9	1
6882941	511145.b2242	1153	42
6883556	511145.b2920	7.6	1
6884216	511145.b3637	7817	60
6884693	511145.b4174	1076	59
6884223	511145.b3644	173	8
6883187	511145.b2502	14.2	1
6881612	511145.b0811	2121	98
6882736	511145.b2020	175	6
6883102	511145.b2417	2021	45
6883858	511145.b3255	279	6
6883216	511145.b2531	80.8	2
6883744	511145.b3133	105	2
6882401	511145.b1656	5572	168
6884740	511145.b4222	221	3
6883979	511145.b3388	221	8
6883531	511145.b2893	145	4
6881529	511145.b0720	1237	76
6884885	511145.b4392	15.6	2
6883784	511145.b3177	34.7	2
6884044	511145.b3459	47.7	1
6882961	511145.b2262	316	11
6880942	511145.b0062	70.2	5
6881655	511145.b0854	121	7
6881061	511145.b0185	274	12
6881882	511145.b1091	240	9
6882982	511145.b2283	347	32
6884575	511145.b4049	46.8	3
6882349	511145.b1604	388	17
6884528	511145.b3997	32.0	2
6881505	511145.b0693	19.9	2
6882723	511145.b2007	1383	18
6882293	511145.b1540	39.2	1
6884545	511145.b4018	20.1	1
6882359	511145.b1614	143	14
6884499	511145.b3959	767	19
6883826	511145.b3220	46.6	3
6884061	511145.b3476	65.8	5
6883009	511145.b2310	954	49
6881267	511145.b0424	64.1	1
6883933	511145.b3340	6225	596
6882918	511145.b2216	1.09	1
6883198	511145.b2513	610	23
6884393	511145.b3844	22.8	1
6883024	511145.b2325	99.7	1
6883709	511145.b3092	194	16
6883639	511145.b3019	11.6	1
6884696	511145.b4177	3286	211
6883829	511145.b3223	265	12
6881003	511145.b0126	276	9
6883356	511145.b2701	15.9	1
6884431	511145.b3888	14.7	1
6883331	511145.b2669	2564	47
6880968	511145.b0089	6.11	2
6882147	511145.b1379	76.8	2
6882144	511145.b1376	3981	104
6883838	511145.b3232	23.0	1
6881531	511145.b0722	526	4
6883798	511145.b3191	56.5	1
6884719	511145.b4200	2538	60
6880988	511145.b0111	27.9	2
6881053	511145.b0177	689	76
6881193	511145.b0343	239	6
6881022	511145.b0145	727	16
6884274	511145.b3702	57.8	5
6884464	511145.b3923	465	7
6884686	511145.b4167	28.3	1
6881259	511145.b0416	621	12
6884108	511145.b3526	36.5	1
6883776	511145.b3167	353	7
6880920	511145.b0038	15.2	1
6884239	511145.b3661	53.5	2
6881691	511145.b0891	371	15
6882180	511145.b1414	24.2	1
6884215	511145.b3636	698	3
6881622	511145.b0821	98.8	7
6883634	511145.b3012	180	8
6884517	511145.b3986	18245	259
6884318	511145.b3746	16.6	1
6882691	511145.b1961	9.83	1
6882978	511145.b2279	183	1
6882542	511145.b1801	3.68	1
6883249	511145.b2564	120	5
6884076	511145.b3493	139	2
6884386	511145.b3834	44.6	1
6880887	511145.b0003	232	7
6881311	511145.b0469	433	12
6884531	511145.b4000	7644	136
6881883	511145.b1092	1038	19
6882763	511145.b2048	293	17
6881284	511145.b0441	923	68
6883089	511145.b2400	327	18
6882938	511145.b2239	2865	175
6883507	511145.b2867	24.7	1
6883771	511145.b3162	26.3	3
6884537	511145.b4006	740	69
6884894	511145.b4401	782	30
6881962	511145.b1179	259	3
6882294	511145.b1541	2996	39
6884567	511145.b4041	57.9	8
6884595	511145.b4069	195	15
6883934	511145.b3341	4686	131
6883110	511145.b2425	12.6	1
6883571	511145.b2937	356	10
6881439	511145.b0612	50.5	1
6883302	511145.b2625	27.1	5
6881456	511145.b0631	554	7
6884596	511145.b4070	365	27
6884715	511145.b4196	198	6
6882612	511145.b1871	27.7	1
6884122	511145.b3541	19.5	1
6881250	511145.b0407	3089	36
6882650	511145.b1915	286	2
6882825	511145.b2114	523	62
6884106	511145.b3524	2.23	2
6882940	511145.b2241	1914	164
6884271	511145.b3699	140	12
6881252	511145.b0409	107	3
6881983	511145.b1200	115	4
6884277	511145.b3705	583	22
6883765	511145.b3156	596	11
6881674	511145.b0873	10.0	1
6881917	511145.b1126	56.4	3
6882521	511145.b1780	559	21
6881444	511145.b0617	75.3	2
6882058	511145.b1280	15.7	1
6884328	511145.b3764	2057	32
6884893	511145.b4400	14.6	1
6880892	511145.b0008	2414	153
6881684	511145.b0884	93.9	1
6883889	511145.b3296	4732	149
6884749	511145.b4234	521	6
6883660	511145.b3041	152	7
6881131	511145.b0273	163	17
6882528	511145.b1787	426	8
6883874	511145.b3279	88.4	4
6884088	511145.b3506	757	18
6881781	511145.b0982	131	6
6883842	511145.b3236	2843	121
6882890	511145.b2185	2205	36
6881681	511145.b0880	393	4
6881455	511145.b0630	38.9	1
6882188	511145.b1424	45.2	5
6882891	511145.b2186	100	7
6882984	511145.b2285	488	9
6884048	511145.b3463	78.9	1
6884435	511145.b3892	308	7
6882000	511145.b1217	97.1	1
6883212	511145.b2527	36.5	1
6880971	511145.b0092	86.3	4
6882056	511145.b1278	35.0	1
6883682	511145.b3064	20.9	1
6881256	511145.b0413	307	6
6883237	511145.b2552	476	26
6882757	511145.b2042	77.1	5
6882507	511145.b1766	55.6	4
6882605	511145.b1864	434	9
6882492	511145.b1751	20.0	1
6884875	511145.b4382	316	21
6880982	511145.b0104	527	16
6882741	511145.b2025	462	23
6884178	511145.b3599	179	8
6883347	511145.b2687	757	25
6884482	511145.b3941	75.0	3
6881485	511145.b0660	236	15
6884402	511145.b3858	643	11
6881362	511145.b0526	111	9
6880890	511145.b0006	67.9	2
6881163	511145.b0311	1.05	1
6882975	511145.b2276	171	4
6883242	511145.b2557	582	93
6883355	511145.b2700	42.2	1
6884758	511145.b4244	1053	19
6882484	511145.b1743	41.3	1
6884583	511145.b4057	53.9	1
6884187	511145.b3608	142	5
6884727	511145.b4209	117	4
6883515	511145.b2875	31.4	3
6883648	511145.b3028	515	10
6884033	511145.b3448	62.5	1
6882178	511145.b1412	121	4
6883793	511145.b3186	2125	24
6881621	511145.b0820	95.5	10
6882366	511145.b1621	45.0	2
6884394	511145.b3845	27.4	1
6884496	511145.b3956	469	67
6882575	511145.b1834	4.78	1
6883123	511145.b2438	146	4
6882908	511145.b2206	125	17
6882038	511145.b1260	192	6
6884562	511145.b4035	16.3	1
6882985	511145.b2286	341	40
6881757	511145.b0957	19097	1032
6883900	511145.b3307	3105	15
6883901	511145.b3308	5040	137
6882796	511145.b2081	37.3	2
6884691	511145.b4172	2870	52
6884480	511145.b3939	51.6	2
6881521	511145.b0712	31.8	1
6884724	511145.b4206	81.2	1
6884436	511145.b3893	522	26
6882590	511145.b1849	93.4	6
6883835	511145.b3229	826	33
6882694	511145.b1967	356	10
6881493	511145.b0679	243	12
6884737	511145.b4219	78.2	3
6883882	511145.b3289	35.9	2
6884497	511145.b3957	46.2	2
6883655	511145.b3035	1089	68
6880925	511145.b0043	20.5	1
6881783	511145.b0984	68.7	7
6884752	511145.b4238	241	18
6884410	511145.b3867	14.2	2
6883058	511145.b2366	69.4	6
6880966	511145.b0087	17.5	1
6881812	511145.b1014	320	52
6884514	511145.b3983	3493	72
6884013	511145.b3424	39.8	1
6881468	511145.b0643	138	4
6880935	511145.b0053	469	23
6884055	511145.b3470	85.3	1
6884099	511145.b3517	1046	140
6882737	511145.b2021	311	10
6882824	511145.b2113	205	5
6883880	511145.b3287	623	16
6884021	511145.b3433	481	16
6882558	511145.b1817	1658	70
6882208	511145.b1446	714	4
6884308	511145.b3736	3126	86
6884454	511145.b3911	30.3	2
6883786	511145.b3179	41.7	1
6883084	511145.b2393	98.9	3
6884334	511145.b3772	83.4	7
6883657	511145.b3038	139	7
6884671	511145.b4149	20.4	1
6882185	511145.b1421	7.1	1
6882193	511145.b1430	74.5	3
6881745	511145.b0945	575	34
6882854	511145.b2149	71.2	8
6884453	511145.b3910	132	3
6883840	511145.b3234	253	11
6884190	511145.b3611	850	17
6881206	511145.b0356	17.1	1
6883907	511145.b3314	8083	190
6883484	511145.b2834	51.8	2
6884513	511145.b3982	558	11
6884811	511145.b4310	108	4
6883998	511145.b3407	133	15
6883126	511145.b2441	179	12
6883679	511145.b3061	342	14
6884344	511145.b3785	37.8	2
6881667	511145.b0866	383	2
6881143	511145.b0287	401	9
6884669	511145.b4147	2215	40
6883595	511145.b2962	350	9
6881277	511145.b0434	439	14
6881958	511145.b1175	1010	33
6883715	511145.b3098	367	3
6883483	511145.b2833	403	2
6884389	511145.b3838	80.4	2
6881711	511145.b0911	3741	324
6884694	511145.b4175	584	18
6884666	511145.b4144	1976	12
6883417	511145.b2762	5.91	1
6884692	511145.b4173	104	6
6882954	511145.b2255	9.48	1
6881555	511145.b0754	594	25
6882453	511145.b1710	28.1	1
6884321	511145.b3749	6.29	1
6884212	511145.b3633	38.8	2
6884341	511145.b3781	1994	45
6884337	511145.b3775	375	5
6883950	511145.b3357	860	39
6883213	511145.b2528	36.1	1
6880951	511145.b0071	160	4
6882706	511145.b1983	164	5
6882646	511145.b1908	187	7
6881406	511145.b0578	536	16
6884890	511145.b4397	155	3
6884519	511145.b3988	1434	279
6883363	511145.b2708	25.4	2
6880977	511145.b0098	191	28
6883401	511145.b2746	321	6
6884739	511145.b4221	2.87	1
6881054	511145.b0178	538	9
6882740	511145.b2024	264	9
6883673	511145.b3055	272	7
