#name: E.coli - Whole organism, SC (GPM,Aug,2014)
#score: 17.71
#weight: 80%
#description: abundance based on Spectral counting, from<a href="http://www.thegpm.org/" target="_blank">GPM,Aug,2014</a><br/><b>Interaction consistency score</b>: 17.71&nbsp<b>Coverage</b>: 69
#organ: WHOLE_ORGANISM
#integrated: false
#coverage: 69
#publication_year: 2014
#filename: 511145_GPM_201408.txt
#
#internal_id	string_external_id	abundance	raw_spectral_count
6883949	511145.b3356	161	451
6883950	511145.b3357	1360	8166
6883947	511145.b3354	7.12	15
6883948	511145.b3355	44.9	263
6883945	511145.b3352	47.0	753
6883946	511145.b3353	73.2	541
6884378	511145.b3826	99.9	571
6883944	511145.b3351	4.56	25
6883198	511145.b2513	283	1348
6883197	511145.b2512	396	3285
6883196	511145.b2511	250	2157
6883195	511145.b2510	6.33	12
6883202	511145.b2517	29.4	327
6883201	511145.b2516	316	1652
6883951	511145.b3358	3.03	45
6883952	511145.b3359	435	3472
6883203	511145.b2518	2258	6649
6883861	511145.b3258	4.05	38
6884377	511145.b3825	175	1568
6883560	511145.b2924	191	1400
6882899	511145.b2197	4.74	22
6882897	511145.b2195	3.52	14
6882896	511145.b2194	1.2	13
6882895	511145.b2193	56.8	383
6882894	511145.b2192	21.4	1765
6882849	511145.b2144	6.98	49
6884306	511145.b3734	2212	23020
6884307	511145.b3735	765	2916
6884308	511145.b3736	1292	5341
6884309	511145.b3737	131	324
6884302	511145.b3730	183	1644
6884303	511145.b3731	642	1370
6883289	511145.b2609	3802	5584
6884381	511145.b3829	2817	38738
6883287	511145.b2607	57.8	375
6883286	511145.b2606	4197	7528
6883285	511145.b2605	3.82	18
6883047	511145.b2351	133	584
6883282	511145.b2602	5.32	9
6883281	511145.b2601	193	1943
6883048	511145.b2352	29.5	290
6882880	511145.b2175	10.1	28
6882879	511145.b2174	1.22	8
6882882	511145.b2177	4.04	55
6882881	511145.b2176	5.15	70
6882876	511145.b2171	433	1098
6882878	511145.b2173	23.3	229
6882877	511145.b2172	0.224	12
6884518	511145.b3987	1336	37462
6882884	511145.b2179	1.3	10
6882883	511145.b2178	0.321	3
6884517	511145.b3986	15688	34098
6883623	511145.b2997	3.9	37
6883622	511145.b2996	0.974	11
6883620	511145.b2994	26.2	348
6884459	511145.b3918	10.3	86
6884460	511145.b3919	2997	10126
6882638	511145.b1897	27.7	232
6882637	511145.b1896	135	1249
6882636	511145.b1895	10.5	50
6882635	511145.b1894	6.42	96
6884453	511145.b3910	89.6	515
6884454	511145.b3911	28.0	296
6884455	511145.b3912	455	1638
6882631	511145.b1890	20.1	82
6883813	511145.b3206	24.7	40
6881888	511145.b1097	19.1	95
6881887	511145.b1096	12.2	72
6881886	511145.b1095	493	4396
6881885	511145.b1094	10905	9753
6881884	511145.b1093	1283	6991
6881883	511145.b1092	1467	7006
6881882	511145.b1091	427	3200
6881881	511145.b1090	11.4	80
6881890	511145.b1099	21.4	187
6881889	511145.b1098	49.0	282
6883459	511145.b2806	32.7	335
6882845	511145.b2140	2.96	26
6882653	511145.b1918	18.9	120
6883430	511145.b2777	38.1	213
6883429	511145.b2776	0.169	3
6882654	511145.b1919	259	1695
6883432	511145.b2779	5709	46792
6882051	511145.b1273	360	694
6882050	511145.b1272	164	1318
6882049	511145.b1271	84.5	501
6882048	511145.b1270	23.8	93
6882055	511145.b1277	47.5	216
6882054	511145.b1276	483	8411
6882053	511145.b1275	144	1168
6882052	511145.b1274	213	3802
6882057	511145.b1279	145	203
6882056	511145.b1278	1.08	8
6884855	511145.b4359	6.94	107
6882648	511145.b1913	21.1	272
6884848	511145.b4352	66.5	536
6884847	511145.b4351	26.4	189
6884846	511145.b4350	17.4	517
6884851	511145.b4355	110	2326
6884850	511145.b4354	36.8	588
6882651	511145.b1916	35.2	232
6882652	511145.b1917	84.4	320
6882616	511145.b1875	47.2	291
6882615	511145.b1874	39.9	277
6882398	511145.b1653	0.014	14
6882617	511145.b1876	305	4634
6882612	511145.b1871	26.1	259
6882611	511145.b1870	68.1	544
6881679	511145.b0878	20.9	196
6882613	511145.b1872	1.46	24
6881677	511145.b0876	8.4	117
6881678	511145.b0877	32.3	305
6882620	511145.b1879	1.12	14
6882619	511145.b1878	0.725	3
6881671	511145.b0870	212	1403
6881672	511145.b0871	217	2906
6884659	511145.b4137	99.2	259
6884658	511145.b4136	11.6	107
6884657	511145.b4135	288	1219
6884654	511145.b4131	2.54	59
6884661	511145.b4139	673	6739
6884660	511145.b4138	10.3	128
6882236	511145.b1479	392	5187
6882235	511145.b1478	105	985
6882098	511145.b1321	32.7	276
6882232	511145.b1475	13.4	218
6882231	511145.b1474	9.86	513
6882234	511145.b1477	8.02	16
6882214	511145.b1452	1341	8989
6882100	511145.b1323	79.5	825
6882099	511145.b1322	22.2	147
6881488	511145.b0674	320	4178
6881489	511145.b0675	198	1215
6881490	511145.b0676	51.0	662
6881491	511145.b0677	152	1404
6881492	511145.b0678	289	1833
6880982	511145.b0104	544	2650
6884006	511145.b3415	8.22	79
6884304	511145.b3732	2477	31803
6881153	511145.b0298	4.43	40
6881152	511145.b0296	830	1445
6882106	511145.b1329	96.7	1224
6881151	511145.b0295	2.6	17
6884533	511145.b4002	22.1	63
6884532	511145.b4001	1.09	8
6884531	511145.b4000	6074	12392
6880938	511145.b0058	2.04	13
6884537	511145.b4006	626	8422
6884536	511145.b4005	335	2937
6884535	511145.b4004	0.787	7
6880936	511145.b0054	139	3262
6880937	511145.b0055	49.2	249
6884929	511145.b4480	25.4	132
6880932	511145.b0050	11.1	32
6880933	511145.b0051	88.0	550
6880934	511145.b0052	49.1	424
6880935	511145.b0053	694	5177
6882993	511145.b2294	689	2785
6884310	511145.b3738	53.4	182
6884311	511145.b3739	0.547	11
6881293	511145.b0450	80.4	224
6881294	511145.b0451	2.25	7
6881704	511145.b0904	24.9	100
6881705	511145.b0905	141	1866
6881297	511145.b0454	3.7	8
6881703	511145.b0903	1893	36639
6881298	511145.b0456	50.3	162
6881701	511145.b0901	10.7	51
6881300	511145.b0458	116	299
6881301	511145.b0459	52.9	215
6883280	511145.b2600	259	2316
6881708	511145.b0908	213	2287
6881709	511145.b0909	0.4	3
6882994	511145.b2295	3.44	9
6882989	511145.b2290	143	972
6883658	511145.b3039	0.6	4
6883657	511145.b3038	85.5	727
6883656	511145.b3037	115	420
6883655	511145.b3035	586	7339
6883654	511145.b3034	49.7	253
6883653	511145.b3033	0.854	3
6883652	511145.b3032	17.9	136
6883651	511145.b3031	165	604
6883650	511145.b3030	38.3	633
6883619	511145.b2993	11.5	50
6882990	511145.b2291	41.5	183
6884168	511145.b3588	288	3110
6884456	511145.b3915	30.0	190
6884457	511145.b3916	726	5631
6884458	511145.b3917	111	836
6883265	511145.b2580	59.5	508
6882633	511145.b1892	5.89	25
6883708	511145.b3091	2.37	37
6882992	511145.b2293	184	802
6883719	511145.b3102	96.1	836
6883624	511145.b2998	4.53	7
6883723	511145.b3106	3.63	27
6883722	511145.b3105	39.7	296
6883956	511145.b3363	369	1472
6883955	511145.b3362	65.9	44
6883954	511145.b3361	37.6	246
6883953	511145.b3360	8.12	48
6883959	511145.b3366	1.76	6
6883958	511145.b3365	7.09	176
6883961	511145.b3368	27.6	248
6883711	511145.b3094	40.1	297
6883184	511145.b2499	341	2173
6884269	511145.b3697	176	1156
6884271	511145.b3699	355	6085
6884270	511145.b3698	149	355
6882893	511145.b2188	8.86	147
6882885	511145.b2180	13.8	216
6882886	511145.b2181	19.6	76
6882887	511145.b2182	3.18	9
6882888	511145.b2183	250	1218
6882889	511145.b2184	1.39	25
6882890	511145.b2185	3769	6653
6882891	511145.b2186	116	1209
6882892	511145.b2187	210	425
6883296	511145.b2618	26.0	43
6883297	511145.b2619	17.7	66
6884315	511145.b3743	78.0	451
6884314	511145.b3742	427	708
6883820	511145.b3213	534	6031
6883819	511145.b3212	43.5	1445
6884319	511145.b3747	2.6	43
6883045	511145.b2349	3.79	39
6883043	511145.b2346	97.3	606
6883044	511145.b2347	3.18	15
6883041	511145.b2344	234	2192
6883039	511145.b2342	39.1	406
6883040	511145.b2343	343	1024
6883037	511145.b2340	166	157
6883038	511145.b2341	26.5	432
6882872	511145.b2167	254	2184
6882870	511145.b2165	40.2	287
6882873	511145.b2168	236	1332
6882874	511145.b2169	99.5	881
6883607	511145.b2980	18.3	94
6882630	511145.b1889	1.92	17
6883608	511145.b2982	21.4	1765
6882621	511145.b1880	0.227	13
6882622	511145.b1881	168	1039
6882623	511145.b1882	295	1047
6884502	511145.b3962	324	3710
6884505	511145.b3965	60.0	586
6882626	511145.b1885	31.3	936
6882627	511145.b1886	199	3733
6882628	511145.b1887	103	551
6882193	511145.b1430	113	730
6883189	511145.b2504	18.2	37
6883192	511145.b2507	683	8888
6883185	511145.b2500	65.3	391
6883186	511145.b2501	78.7	1444
6883187	511145.b2502	46.6	759
6883193	511145.b2508	1116	11093
6883194	511145.b2509	24.2	225
6883142	511145.b2457	34.1	100
6881871	511145.b1080	3.84	34
6881872	511145.b1081	0.748	10
6881873	511145.b1082	11.6	200
6881874	511145.b1083	26.0	186
6881875	511145.b1084	522	9015
6881877	511145.b1086	64.3	408
6881878	511145.b1087	182	861
6881879	511145.b1088	208	753
6881880	511145.b1089	2913	2995
6883939	511145.b3346	280	742
6882276	511145.b1523	2.1	8
6884594	511145.b4068	21.9	73
6883934	511145.b3341	5654	17846
6883417	511145.b2762	167	1053
6883418	511145.b2763	305	3977
6883419	511145.b2764	295	3250
6883420	511145.b2765	40.4	91
6884841	511145.b4345	0.326	8
6884842	511145.b4346	1.04	12
6882046	511145.b1268	0.517	4
6882047	511145.b1269	153	780
6882042	511145.b1264	96.7	1231
6883933	511145.b3340	3812	59923
6882045	511145.b1267	269	1210
6884844	511145.b4348	8.08	105
6884845	511145.b4349	47.5	755
6882040	511145.b1262	195	1793
6882041	511145.b1263	156	1579
6884587	511145.b4061	0.87	16
6884589	511145.b4063	4.63	8
6884588	511145.b4062	2.27	8
6884591	511145.b4065	7.33	57
6882607	511145.b1866	683	9765
6882608	511145.b1867	117	476
6881650	511145.b0849	160	182
6882386	511145.b1641	2024	7190
6882391	511145.b1646	115	571
6882604	511145.b1863	1.75	7
6882601	511145.b1860	42.3	409
6882602	511145.b1861	213	258
6881641	511145.b0840	13.8	88
6881648	511145.b0847	5.12	34
6881647	511145.b0846	1.15	3
6882609	511145.b1868	4.33	32
6881645	511145.b0844	25.5	159
6884643	511145.b4120	3.63	28
6884645	511145.b4122	205	6249
6880996	511145.b0119	29.2	103
6880995	511145.b0118	1466	32148
6884649	511145.b4126	12.2	39
6884650	511145.b4127	26.2	18
6880992	511145.b0115	1796	28627
6880991	511145.b0114	2763	49374
6880993	511145.b0116	2795	28047
6880988	511145.b0111	17.0	148
6880987	511145.b0110	32.9	145
6880990	511145.b0113	124	347
6880989	511145.b0112	37.2	219
6882227	511145.b1468	4.58	310
6882228	511145.b1469	1.75	19
6882221	511145.b1462	15.3	57
6882222	511145.b1463	0.723	7
6882220	511145.b1461	59.7	80
6882226	511145.b1467	8.21	265
6882223	511145.b1464	23.8	144
6882224	511145.b1465	0.5	3
6881421	511145.b0593	382	3208
6881420	511145.b0592	73.1	456
6881423	511145.b0595	694	4534
6881422	511145.b0594	415	3331
6881425	511145.b0597	144	445
6881424	511145.b0596	343	1949
6881427	511145.b0599	39.5	257
6881426	511145.b0598	194	1902
6881429	511145.b0601	4.12	25
6881428	511145.b0600	51.4	324
6881433	511145.b0605	6382	30864
6881432	511145.b0604	55.6	416
6881435	511145.b0607	866	3412
6881434	511145.b0606	855	9970
6881436	511145.b0608	15.1	172
6880911	511145.b0029	112	567
6880910	511145.b0028	136	496
6884545	511145.b4018	8.27	72
6884546	511145.b4019	143	3950
6882264	511145.b1511	4.17	54
6884541	511145.b4014	1871	18285
6884542	511145.b4015	3068	31209
6884543	511145.b4016	10.1	164
6880904	511145.b0022	6.42	96
6880907	511145.b0025	146	878
6884539	511145.b4012	2.1	9
6884540	511145.b4013	226	1734
6881732	511145.b0932	603	11429
6881731	511145.b0931	171	1815
6881730	511145.b0930	754	7925
6883851	511145.b3247	76.9	1124
6881670	511145.b0869	0.922	15
6881185	511145.b0335	1.53	19
6881184	511145.b0334	38.0	513
6881187	511145.b0337	378	2662
6881186	511145.b0336	11.9	42
6881182	511145.b0331	55.8	393
6881181	511145.b0330	1.12	17
6881183	511145.b0333	53.4	566
6883942	511145.b3349	2800	5898
6883824	511145.b3218	21.4	1765
6884327	511145.b3755	51.9	190
6884913	511145.b4464	0.998	22
6883648	511145.b3028	269	1264
6883649	511145.b3029	1421	833
6883640	511145.b3020	6.53	84
6883641	511145.b3021	15.3	61
6883644	511145.b3024	1369	1755
6883645	511145.b3025	6.7	39
6883646	511145.b3026	1.89	24
6881056	511145.b0180	574	2760
6881584	511145.b0783	223	697
6884170	511145.b3590	74.9	1447
6884171	511145.b3591	48.2	478
6884172	511145.b3592	110	571
6884174	511145.b3594	6.92	52
6884178	511145.b3599	147	1881
6883100	511145.b2415	4283	7154
6881057	511145.b0181	484	1247
6884559	511145.b4032	1.13	10
6883727	511145.b3114	74.0	3843
6883729	511145.b3116	0.684	7
6883730	511145.b3117	3.41	50
6883726	511145.b3113	181	684
6883732	511145.b3119	0.024	3
6884514	511145.b3983	3363	8632
6883990	511145.b3399	10.3	67
6882462	511145.b1719	639	7975
6883965	511145.b3374	1.5	77
6883966	511145.b3375	12.0	45
6882147	511145.b1379	90.4	274
6884263	511145.b3688	42.3	134
6884264	511145.b3689	8.75	100
6884260	511145.b3685	3.59	45
6884261	511145.b3686	390	825
6884262	511145.b3687	648	1485
6883807	511145.b3200	195	485
6883808	511145.b3201	218	1359
6884322	511145.b3750	41.4	156
6883810	511145.b3203	538	961
6883811	511145.b3204	208	929
6883812	511145.b3205	193	1173
6884326	511145.b3754	0.141	6
6883814	511145.b3207	1.35	9
6883815	511145.b3208	4.59	34
6883816	511145.b3209	542	2417
6883062	511145.b2370	0.307	10
6882139	511145.b1370	14.1	1338
6883067	511145.b2375	2.07	8
6882858	511145.b2153	1058	4576
6882856	511145.b2151	6.78	64
6882855	511145.b2150	1665	14999
6882862	511145.b2157	39.6	309
6882861	511145.b2156	8.22	43
6882860	511145.b2155	363	6422
6882859	511145.b2154	269	1485
6883090	511145.b2405	2.36	16
6882144	511145.b1376	585	2333
6882864	511145.b2159	62.2	433
6883089	511145.b2400	532	5957
6883606	511145.b2979	1.21	17
6884508	511145.b3972	72.0	605
6884509	511145.b3973	32.8	352
6883605	511145.b2977	254	526
6883604	511145.b2976	338	5663
6884510	511145.b3974	46.4	328
6882796	511145.b2081	138	1412
6882795	511145.b2080	685	1339
6882798	511145.b2085	19.6	54
6882799	511145.b2086	13.8	78
6882800	511145.b2088	4.43	40
6883256	511145.b2571	90.3	577
6883255	511145.b2570	5.04	13
6883258	511145.b2573	71.8	307
6883257	511145.b2572	56.7	190
6883260	511145.b2575	2.96	15
6883259	511145.b2574	24.2	355
6883262	511145.b2577	0.289	3
6883261	511145.b2576	143	1576
6883264	511145.b2579	2224	6825
6883577	511145.b2944	1.74	8
6881870	511145.b1079	40.8	237
6881869	511145.b1078	7.96	39
6881866	511145.b1075	9.32	10
6881865	511145.b1074	3.83	15
6881868	511145.b1077	1.55	7
6881867	511145.b1076	23.1	140
6881862	511145.b1071	43.2	132
6883579	511145.b2946	58.4	408
6881864	511145.b1073	1.22	4
6881863	511145.b1072	2.06	11
6882704	511145.b1981	3.94	31
6882706	511145.b1983	242	945
6884018	511145.b3430	370	3604
6882708	511145.b1987	2.08	13
6883527	511145.b2889	15.6	48
6883479	511145.b2829	63.5	1229
6883521	511145.b2881	2.93	53
6883520	511145.b2880	1.45	10
6883523	511145.b2883	4.14	54
6883478	511145.b2828	31.2	251
6883477	511145.b2827	208	953
6883452	511145.b2799	17.1	152
6883451	511145.b2798	7.0	41
6883448	511145.b2795	125	1660
6883447	511145.b2794	72.3	429
6883450	511145.b2797	122	1201
6883449	511145.b2796	183	1144
6883444	511145.b2791	3.72	27
6883443	511145.b2790	114	458
6883446	511145.b2793	18.2	76
6883445	511145.b2792	11.3	38
6884832	511145.b4331	0.613	3
6883221	511145.b2536	1.23	11
6884836	511145.b4335	1.34	9
6884837	511145.b4336	1.41	17
6881994	511145.b1211	42.9	311
6882833	511145.b2126	12.9	151
6881998	511145.b1215	966	5288
6882000	511145.b1217	86.3	97
6882834	511145.b2127	1.53	11
6881972	511145.b1189	313	3330
6881971	511145.b1188	13.9	150
6883471	511145.b2821	38.7	777
6881963	511145.b1180	187	729
6881965	511145.b1182	2.05	22
6881968	511145.b1185	12.7	84
6881970	511145.b1187	103	705
6881969	511145.b1186	18.2	165
6881655	511145.b0854	230	2112
6881656	511145.b0855	5.87	63
6881652	511145.b0851	219	1231
6881653	511145.b0852	7.5	55
6881654	511145.b0853	12.2	72
6881659	511145.b0858	1.89	5
6882594	511145.b1853	21.2	182
6882593	511145.b1852	431	5181
6882592	511145.b1851	24.0	234
6882591	511145.b1850	1570	6027
6882598	511145.b1857	1779	10073
6882422	511145.b1679	19.6	100
6882421	511145.b1678	151	1182
6882420	511145.b1677	5252	10929
6882419	511145.b1676	1553	16447
6882418	511145.b1675	152	115
6882599	511145.b1858	51.3	254
6882102	511145.b1325	36.0	178
6882101	511145.b1324	3061	14158
6882104	511145.b1327	9.2	86
6882103	511145.b1326	12.7	64
6882215	511145.b1453	1.13	10
6882097	511145.b1320	13.2	85
6882213	511145.b1451	13.0	172
6882212	511145.b1450	2.15	10
6884934	511145.b4485	0.184	3
6884933	511145.b4484	20.0	75
6880980	511145.b0102	47.2	361
6880981	511145.b0103	18.6	72
6884930	511145.b4481	3.35	33
6880979	511145.b0101	26.0	71
6884762	511145.b4249	0.097	5
6884761	511145.b4248	13.7	30
6882436	511145.b1693	178	1211
6884759	511145.b4245	1780	12556
6884758	511145.b4244	1904	4967
6884755	511145.b4241	16.4	119
6884754	511145.b4240	100	547
6884757	511145.b4243	3428	5533
6884756	511145.b4242	103	1729
6881410	511145.b0582	3.47	79
6881517	511145.b0708	3.36	51
6881409	511145.b0581	27.2	234
6881414	511145.b0586	398	9962
6881412	511145.b0584	559	8353
6881413	511145.b0585	141	1338
6881416	511145.b0588	12.1	65
6881437	511145.b0610	156	441
6881438	511145.b0611	87.0	545
6882399	511145.b1654	1036	2888
6882402	511145.b1657	0.327	3
6881680	511145.b0879	3.36	58
6884595	511145.b4069	598	8426
6882275	511145.b1522	3.74	16
6882274	511145.b1521	10.6	111
6880921	511145.b0039	0.298	3
6882279	511145.b1526	1.45	8
6882278	511145.b1525	32.7	272
6882277	511145.b1524	7.88	57
6880914	511145.b0032	574	4823
6880915	511145.b0033	651	13791
6880912	511145.b0030	40.2	271
6880913	511145.b0031	373	2539
6880918	511145.b0036	1.5	8
6884590	511145.b4064	53.4	255
6884593	511145.b4067	22.6	252
6882535	511145.b1794	5.64	46
6881728	511145.b0928	1573	13340
6881729	511145.b0929	2380	22481
6881724	511145.b0924	343	10034
6881725	511145.b0925	17.4	186
6881727	511145.b0927	155	776
6881720	511145.b0920	3.45	20
6881721	511145.b0921	10.8	62
6881722	511145.b0922	176	2471
6881723	511145.b0923	202	914
6881175	511145.b0324	2.72	27
6881176	511145.b0325	307	2770
6881180	511145.b0329	654	1523
6883920	511145.b3327	0.144	9
6884916	511145.b4467	1.99	19
6884915	511145.b4466	2.12	84
6884911	511145.b4461	16.8	125
6884910	511145.b4460	0.827	6
6884918	511145.b4469	1.79	35
6884917	511145.b4468	6.97	60
6883915	511145.b3322	0.018	3
6883913	511145.b3320	4228	15046
6882937	511145.b2237	5.02	16
6882934	511145.b2234	331	5994
6883228	511145.b2543	30.9	46
6882518	511145.b1777	1.55	4
6884727	511145.b4209	0.99	7
6881283	511145.b0440	5142	7522
6884149	511145.b3569	2.66	25
6884145	511145.b3565	21.9	268
6884144	511145.b3564	1.85	30
6884147	511145.b3567	0.894	11
6884146	511145.b3566	94.1	663
6884140	511145.b3560	332	2320
6883770	511145.b3161	184	590
6883769	511145.b3160	73.3	440
6883772	511145.b3163	59.4	418
6883771	511145.b3162	259	3806
6883774	511145.b3165	3734	3139
6883773	511145.b3164	1086	15225
6883776	511145.b3167	685	1589
6883775	511145.b3166	67.4	335
6883778	511145.b3169	793	8928
6883777	511145.b3168	1118	16472
6882519	511145.b1778	243	907
6882520	511145.b1779	11427	68857
6883902	511145.b3309	4829	9331
6883901	511145.b3308	4624	17199
6883894	511145.b3301	2845	8781
6883893	511145.b3300	136	945
6883896	511145.b3303	4885	20986
6883895	511145.b3302	3357	2469
6883898	511145.b3305	3579	14031
6883897	511145.b3304	3959	3755
6883900	511145.b3307	7444	3709
6883899	511145.b3306	3633	8720
6883057	511145.b2365	0.746	6
6883058	511145.b2366	47.5	396
6883052	511145.b2360	1.17	7
6881667	511145.b0866	132	313
6883060	511145.b2368	0.22	3
6883061	511145.b2369	88.2	507
6882036	511145.b1258	129	594
6882950	511145.b2251	5.53	20
6884328	511145.b3764	1371	2168
6884488	511145.b3947	2.02	149
6884005	511145.b3414	525	2591
6884486	511145.b3945	265	1738
6884007	511145.b3416	34.2	605
6882853	511145.b2148	25.2	109
6884483	511145.b3942	658	10165
6883103	511145.b2418	124	752
6884481	511145.b3940	136	2426
6883101	511145.b2416	1854	22887
6883102	511145.b2417	3270	11198
6883099	511145.b2414	3601	25594
6882852	511145.b2147	4.11	36
6883097	511145.b2412	195	980
6883098	511145.b2413	20.6	53
6883095	511145.b2410	5.89	37
6883096	511145.b2411	68.7	1088
6884344	511145.b3785	51.2	469
6884343	511145.b3784	1.9	10
6884346	511145.b3787	36.1	358
6884345	511145.b3786	47.3	364
6884341	511145.b3781	2219	7309
6884340	511145.b3780	261	2757
6884342	511145.b3783	1109	11149
6883597	511145.b2964	0.828	9
6883598	511145.b2965	82.3	966
6884348	511145.b3789	56.4	677
6884347	511145.b3788	36.2	562
6883593	511145.b2960	128	769
6883594	511145.b2961	18.5	174
6882803	511145.b2092	8.36	42
6882804	511145.b2093	797	1833
6882802	511145.b2091	202	1232
6882807	511145.b2096	1949	7486
6882808	511145.b2097	884	6276
6882805	511145.b2094	681	2467
6882806	511145.b2095	669	6210
6882809	511145.b2098	34.2	177
6882810	511145.b2099	320	1866
6883248	511145.b2563	17.8	60
6883245	511145.b2560	4.25	29
6883246	511145.b2561	3.84	23
6883251	511145.b2566	48.0	344
6883252	511145.b2567	210	999
6883249	511145.b2564	260	1731
6883253	511145.b2568	124	851
6883254	511145.b2569	275	3613
6882239	511145.b1482	2130	5076
6881859	511145.b1068	23.8	118
6881860	511145.b1069	6.21	71
6881857	511145.b1066	63.5	301
6881858	511145.b1067	476	2112
6881855	511145.b1064	870	4563
6881853	511145.b1062	726	4012
6881854	511145.b1063	101	430
6881852	511145.b1061	18.5	51
6882712	511145.b1992	6.03	37
6882713	511145.b1993	6.97	19
6882710	511145.b1990	59.3	577
6882711	511145.b1991	24.1	208
6882716	511145.b1997	31.1	519
6882714	511145.b1994	20.9	1765
6883536	511145.b2898	697	5010
6881050	511145.b0174	16.2	98
6884950	511145.b4522	2.74	5
6883530	511145.b2892	10.3	151
6883531	511145.b2893	257	1166
6883528	511145.b2890	756	11891
6883529	511145.b2891	441	3394
6883534	511145.b2896	8.32	18
6883535	511145.b2897	49.5	68
6883532	511145.b2894	5.74	125
6883533	511145.b2895	44.8	216
6883441	511145.b2788	1.87	24
6883439	511145.b2786	3.51	80
6883440	511145.b2787	16.4	180
6883437	511145.b2784	58.2	1007
6883438	511145.b2785	4.67	60
6883435	511145.b2782	4.1	15
6883436	511145.b2783	25.6	23
6883433	511145.b2780	468	5428
6883434	511145.b2781	4.17	24
6884823	511145.b4322	108	1021
6884824	511145.b4323	24.7	336
6881991	511145.b1208	29.0	198
6881992	511145.b1209	186	1127
6884825	511145.b4324	2.7	13
6881267	511145.b0424	127	565
6882249	511145.b1492	184	1128
6881986	511145.b1203	537	4833
6881983	511145.b1200	177	1605
6881984	511145.b1201	0.891	19
6881989	511145.b1206	2.59	20
6881270	511145.b0427	0.579	4
6881987	511145.b1204	159	789
6881988	511145.b1205	40.7	15
6881981	511145.b1198	152	1517
6881982	511145.b1199	143	633
6881975	511145.b1192	281	2397
6881976	511145.b1193	77.0	391
6881973	511145.b1190	129	1281
6881974	511145.b1191	5.87	52
6881980	511145.b1197	115	1552
6881977	511145.b1194	44.5	280
6881263	511145.b0420	72.8	982
6881622	511145.b0821	29.1	312
6881621	511145.b0820	135	1544
6881623	511145.b0822	67.3	468
6881626	511145.b0825	21.2	120
6881628	511145.b0827	193	1883
6881627	511145.b0826	4.81	31
6881630	511145.b0829	13.3	219
6881629	511145.b0828	23.4	241
6882411	511145.b1668	5.07	53
6882589	511145.b1848	99.8	171
6882590	511145.b1849	262	2638
6882405	511145.b1660	7.43	20
6882406	511145.b1661	73.2	822
6882407	511145.b1662	364	1598
6882408	511145.b1663	19.2	79
6882409	511145.b1664	45.2	492
6882582	511145.b1841	27.4	34
6882583	511145.b1842	13.6	15
6882410	511145.b1667	465	1736
6882202	511145.b1440	186	2257
6882203	511145.b1441	17.9	179
6882204	511145.b1442	0.513	3
6882112	511145.b1335	10.3	52
6882206	511145.b1444	177	2073
6882110	511145.b1333	518	3354
6882208	511145.b1446	439	329
6882108	511145.b1331	21.4	1765
6882210	511145.b1448	42.7	159
6882211	511145.b1449	109	990
6881008	511145.b0131	234	482
6882115	511145.b1338	13.5	147
6881011	511145.b0134	1054	3932
6882429	511145.b1686	112	317
6882430	511145.b1687	87.4	1805
6882427	511145.b1684	431	931
6882428	511145.b1685	68.2	154
6882425	511145.b1682	210	1309
6882426	511145.b1683	63.3	872
6884770	511145.b4258	509	10888
6884771	511145.b4259	9.19	33
6884768	511145.b4256	50.1	177
6884766	511145.b4254	341	3839
6884767	511145.b4255	872	965
6884764	511145.b4252	330	1073
6884765	511145.b4253	0.203	3
6882431	511145.b1688	12.7	64
6884763	511145.b4251	20.4	97
6882262	511145.b1507	25.3	306
6881453	511145.b0628	262	1721
6881452	511145.b0627	28.8	66
6881450	511145.b0623	1737	3630
6881449	511145.b0622	20.8	105
6880939	511145.b0059	43.3	979
6880890	511145.b0006	170	878
6881388	511145.b0557	151	445
6880888	511145.b0004	791	8563
6880887	511145.b0003	416	1169
6880886	511145.b0002	626	13231
6881384	511145.b0552	21.4	1765
6880893	511145.b0009	75.9	372
6880892	511145.b0008	2137	19543
6884604	511145.b4078	0.925	7
6882291	511145.b1538	329	4703
6882292	511145.b1539	916	3333
6884598	511145.b4072	3.98	25
6882288	511145.b1535	2.59	28
6884596	511145.b4070	0.336	5
6882290	511145.b1537	29.5	153
6882283	511145.b1530	10.5	41
6884603	511145.b4077	1.52	27
6881691	511145.b0891	178	1217
6882263	511145.b1508	4.85	12
6881331	511145.b0489	65.0	521
6881330	511145.b0488	3.06	5
6881751	511145.b0951	17.8	216
6881753	511145.b0953	511	429
6881752	511145.b0952	56.4	300
6881755	511145.b0955	25.2	335
6881754	511145.b0954	1402	4136
6881757	511145.b0957	6337	47083
6881756	511145.b0956	106	330
6881165	511145.b0313	6.76	37
6881164	511145.b0312	157	1295
6881163	511145.b0311	9.45	168
6881167	511145.b0315	3.25	31
6881166	511145.b0314	7.83	74
6881693	511145.b0893	791	6825
6884921	511145.b4472	5.43	184
6884920	511145.b4471	16.3	371
6883661	511145.b3042	232	359
6884927	511145.b4478	0.428	3
6884928	511145.b4479	30.7	146
6881662	511145.b0861	17.1	83
6883660	511145.b3041	79.2	529
6883869	511145.b3266	2.2	103
6881695	511145.b0895	5.3	41
6881706	511145.b0906	0.617	5
6881707	511145.b0907	1302	10547
6881295	511145.b0452	123	567
6881296	511145.b0453	1270	4220
6881702	511145.b0902	115	709
6884159	511145.b3579	2.82	24
6884154	511145.b3574	27.6	203
6881299	511145.b0457	2.57	25
6884152	511145.b3572	105	951
6884150	511145.b3570	3.02	35
6884151	511145.b3571	0.158	4
6883780	511145.b3172	724	8172
6883779	511145.b3170	407	1014
6883783	511145.b3176	441	5001
6883784	511145.b3177	102	732
6883782	511145.b3175	155	463
6883785	511145.b3178	496	7534
6883786	511145.b3179	103	392
6883911	511145.b3318	2403	3308
6883912	511145.b3319	3996	12026
6883905	511145.b3312	2895	4004
6883906	511145.b3313	3270	6661
6883903	511145.b3310	2810	5704
6883904	511145.b3311	2949	2532
6883909	511145.b3316	2889	6105
6883910	511145.b3317	5252	21634
6883907	511145.b3314	5262	18371
6883908	511145.b3315	5433	9688
6883010	511145.b2311	7.96	52
6883009	511145.b2310	642	4975
6883011	511145.b2312	180	2149
6883014	511145.b2315	115	1094
6883013	511145.b2314	28.5	128
6883016	511145.b2317	6.93	20
6883015	511145.b2316	468	2757
6883018	511145.b2319	204	1460
6883017	511145.b2318	21.6	134
6884338	511145.b3778	14.4	246
6884339	511145.b3779	38.8	563
6884332	511145.b3770	469	3008
6884333	511145.b3771	142	1734
6884334	511145.b3772	43.8	626
6884335	511145.b3773	3.74	31
6884336	511145.b3774	2432	24143
6884337	511145.b3775	300	649
6883997	511145.b3406	15.0	73
6883998	511145.b3407	195	3088
6883995	511145.b3404	55.4	818
6883113	511145.b2428	41.3	248
6884494	511145.b3954	2.58	16
6883994	511145.b3403	895	11198
6884496	511145.b3956	782	15755
6884497	511145.b3957	199	1663
6884498	511145.b3958	227	1353
6883107	511145.b2422	106	757
6883106	511145.b2421	198	1541
6882839	511145.b2132	105	2126
6883112	511145.b2427	4.42	31
6883111	511145.b2426	165	1082
6883999	511145.b3408	16.5	37
6884000	511145.b3409	43.0	704
6883592	511145.b2959	529	1855
6883591	511145.b2958	114	555
6884351	511145.b3792	0.382	4
6884349	511145.b3790	3.19	19
6884350	511145.b3791	58.7	516
6883586	511145.b2953	10.7	30
6883585	511145.b2952	29.9	135
6883584	511145.b2951	150	949
6883590	511145.b2957	159	1482
6883588	511145.b2955	7.49	57
6883587	511145.b2954	254	688
6881661	511145.b0860	424	2974
6881841	511145.b1049	35.4	701
6883244	511145.b2559	4.42	23
6883242	511145.b2557	383	11622
6883241	511145.b2556	0.52	4
6883240	511145.b2555	9.58	67
6883239	511145.b2554	5.18	43
6883238	511145.b2553	374	1034
6883237	511145.b2552	51.3	324
6883236	511145.b2551	3721	24204
6883235	511145.b2550	0.282	4
6882759	511145.b2044	0.251	3
6881850	511145.b1059	223	1857
6882756	511145.b2041	305	2905
6882755	511145.b2040	256	1074
6882758	511145.b2043	0.025	3
6882757	511145.b2042	593	4487
6881843	511145.b1051	721	1386
6882763	511145.b2048	0.453	6
6881846	511145.b1055	7.37	53
6881845	511145.b1054	11.1	110
6882447	511145.b1704	96.1	683
6882446	511145.b1703	117	738
6882445	511145.b1702	517	7789
6881483	511145.b0658	170	847
6882030	511145.b1252	97.5	174
6883108	511145.b2423	6.15	12
6884820	511145.b4319	24.6	85
6884819	511145.b4318	6.78	27
6884818	511145.b4317	25.7	445
6884817	511145.b4316	81.5	460
6884816	511145.b4315	1.66	12
6884815	511145.b4314	208	684
6884812	511145.b4311	51.4	254
6884811	511145.b4310	9.83	86
6881325	511145.b0483	26.0	67
6882452	511145.b1709	4.05	30
6881599	511145.b0798	0.654	3
6881633	511145.b0832	1.85	15
6881634	511145.b0833	0.281	8
6881631	511145.b0830	162	1715
6881632	511145.b0831	8.31	53
6881638	511145.b0837	3.18	28
6881635	511145.b0834	1.71	23
6881636	511145.b0835	70.7	646
6881639	511145.b0838	461	2203
6881640	511145.b0839	456	4566
6882580	511145.b1839	125	337
6882572	511145.b1831	649	2589
6882571	511145.b1830	253	3471
6882573	511145.b1832	205	748
6882576	511145.b1835	18.8	191
6882575	511145.b1834	8.22	219
6882577	511145.b1836	251	483
6882081	511145.b1303	8.67	63
6882080	511145.b1302	27.2	181
6882079	511145.b1301	0.476	10
6882078	511145.b1300	19.5	168
6882085	511145.b1307	2.56	3
6882084	511145.b1306	7.05	12
6882083	511145.b1305	74.5	183
6882082	511145.b1304	450	1707
6882086	511145.b1308	102	238
6884008	511145.b3417	180	3788
6884781	511145.b4269	82.4	668
6884780	511145.b4268	1.37	8
6884775	511145.b4263	71.1	1043
6884774	511145.b4262	28.1	205
6884773	511145.b4261	19.6	168
6884772	511145.b4260	383	3642
6884778	511145.b4266	6.1	53
6884777	511145.b4265	0.416	3
6884001	511145.b3410	2.56	4
6884482	511145.b3941	343	2760
6884003	511145.b3412	138	973
6882017	511145.b1237	6281	13364
6881464	511145.b0639	15.4	72
6882015	511145.b1235	8.22	71
6882677	511145.b1946	29.3	52
6882672	511145.b1941	7.19	84
6882671	511145.b1940	7.34	34
6882674	511145.b1943	0.736	4
6881455	511145.b0630	38.7	240
6881456	511145.b0631	783	2043
6881457	511145.b0632	698	7241
6881458	511145.b0633	271	1025
6881459	511145.b0634	20.9	108
6882851	511145.b2146	7.64	95
6881461	511145.b0636	104	449
6881462	511145.b0637	221	655
6881378	511145.b0546	2.48	8
6880895	511145.b0011	0.039	3
6884571	511145.b4045	3588	2380
6881377	511145.b0545	0.811	4
6884569	511145.b4043	108	543
6880898	511145.b0015	719	4720
6881373	511145.b0540	4.43	40
6884566	511145.b4040	2.96	10
6880901	511145.b0019	0.596	5
6884575	511145.b4049	83.1	621
6884009	511145.b3418	34.9	757
6882294	511145.b1541	241	423
6882293	511145.b1540	23.2	128
6882848	511145.b2143	525	3445
6881336	511145.b0494	304	2281
6881337	511145.b0495	27.3	188
6881338	511145.b0496	2.87	53
6881332	511145.b0490	36.9	172
6881333	511145.b0491	5.96	41
6881334	511145.b0492	529	3099
6881335	511145.b0493	26.1	163
6881340	511145.b0498	16.7	49
6881001	511145.b0124	75.2	1272
6881002	511145.b0125	233	1008
6881748	511145.b0948	50.9	786
6881749	511145.b0949	74.0	909
6880997	511145.b0120	226	1541
6880998	511145.b0121	248	1690
6880999	511145.b0122	18.7	74
6881000	511145.b0123	77.3	849
6881740	511145.b0940	0.044	3
6881746	511145.b0946	5.49	20
6881747	511145.b0947	89.4	750
6881745	511145.b0945	203	1888
6881236	511145.b0391	498	501
6883109	511145.b2424	11.7	45
6881161	511145.b0308	11.8	94
6881157	511145.b0304	22.2	270
6881158	511145.b0305	1.75	19
6881159	511145.b0306	2.88	23
6881160	511145.b0307	3.62	53
6881690	511145.b0890	28.6	451
6882687	511145.b1957	6.15	10
6883595	511145.b2962	816	2177
6881692	511145.b0892	15.3	193
6883596	511145.b2963	11.3	111
6882685	511145.b1955	70.9	589
6881694	511145.b0894	6.25	133
6882008	511145.b1225	32.5	532
6882149	511145.b1381	1.57	41
6882148	511145.b1380	518	2818
6883716	511145.b3099	12.9	64
6883715	511145.b3098	1537	3033
6884129	511145.b3549	4.62	20
6884577	511145.b4051	447	2860
6884124	511145.b3543	46.0	320
6884123	511145.b3542	21.0	51
6883710	511145.b3093	2.04	18
6884121	511145.b3540	115	861
6883712	511145.b3095	1.54	6
6884126	511145.b3546	2.99	24
6883714	511145.b3097	31.9	55
6884125	511145.b3544	1474	16008
6884579	511145.b4053	28.5	267
6884580	511145.b4054	360	3360
6884581	511145.b4055	108	683
6884582	511145.b4056	38.4	135
6883758	511145.b3149	69.8	341
6883756	511145.b3147	178	2460
6883755	511145.b3146	141	996
6884583	511145.b4057	251	722
6883001	511145.b2302	16.6	72
6883002	511145.b2303	290	1024
6882999	511145.b2300	159	625
6883000	511145.b2301	35.6	145
6883005	511145.b2306	54.2	275
6883006	511145.b2307	1.7	5
6883003	511145.b2304	114	632
6882178	511145.b1412	330	1547
6883007	511145.b2308	17.9	71
6883008	511145.b2309	573	3954
6884021	511145.b3433	3028	17260
6884020	511145.b3432	77.6	1431
6884019	511145.b3431	56.0	729
6883580	511145.b2947	326	2647
6884023	511145.b3437	13.1	36
6883575	511145.b2942	1196	9518
6883576	511145.b2943	3.61	30
6884025	511145.b3439	39.6	278
6884024	511145.b3438	31.6	265
6883581	511145.b2948	136	778
6883582	511145.b2949	28.0	88
6882831	511145.b2124	86.8	312
6882832	511145.b2125	9.87	72
6882183	511145.b1419	3.79	8
6882182	511145.b1418	16.7	52
6882325	511145.b1580	0.738	4
6883200	511145.b2515	238	2101
6883233	511145.b2548	5.54	57
6883234	511145.b2549	0.233	8
6884436	511145.b3893	80.5	832
6884435	511145.b3892	12.2	73
6884438	511145.b3895	17.2	80
6884437	511145.b3894	128	3455
6883914	511145.b3321	3779	8993
6882938	511145.b2239	249	2754
6884441	511145.b3898	0.117	3
6883227	511145.b2542	0.752	5
6882935	511145.b2235	264	2268
6882932	511145.b2232	199	1327
6883230	511145.b2545	0.828	11
6882931	511145.b2231	462	8539
6882767	511145.b2052	1.54	6
6882768	511145.b2053	3.68	30
6883199	511145.b2514	420	4576
6884499	511145.b3959	319	1694
6883119	511145.b2434	28.7	117
6883120	511145.b2435	29.0	196
6883121	511145.b2436	11.4	88
6883115	511145.b2430	8.48	89
6883116	511145.b2431	211	1561
6883117	511145.b2432	107	425
6883123	511145.b2438	1.58	9
6883124	511145.b2439	35.5	161
6884810	511145.b4309	32.5	201
6884372	511145.b3820	56.9	236
6884804	511145.b4302	2.35	11
6884805	511145.b4303	30.2	203
6884806	511145.b4304	1.84	15
6884807	511145.b4305	8.96	81
6884901	511145.b4411	1432	1964
6884373	511145.b3821	57.3	554
6881610	511145.b0809	265	1417
6881609	511145.b0808	4.45	73
6881608	511145.b0807	47.4	230
6881606	511145.b0805	164	2287
6881605	511145.b0804	198	1025
6881603	511145.b0802	26.3	61
6881602	511145.b0801	423	3181
6881601	511145.b0800	244	2116
6881837	511145.b1045	73.4	420
6881838	511145.b1046	3.54	55
6882570	511145.b1829	78.6	393
6881832	511145.b1040	11.7	81
6881834	511145.b1042	6.55	15
6881835	511145.b1043	4.18	11
6882563	511145.b1822	26.4	193
6882564	511145.b1823	4587	10511
6882561	511145.b1820	8.41	27
6882562	511145.b1821	0.983	6
6881840	511145.b1048	422	4674
6882568	511145.b1827	253	1811
6882566	511145.b1825	51.2	89
6881598	511145.b0797	21.5	256
6881597	511145.b0796	5.11	31
6881596	511145.b0795	22.4	205
6881595	511145.b0794	1.4	20
6881594	511145.b0793	2.52	20
6881593	511145.b0792	4.04	20
6884782	511145.b4272	31.1	519
6881591	511145.b0790	7.79	47
6883797	511145.b3190	342	324
6884785	511145.b4278	0.386	4
6881600	511145.b0799	1.06	21
6882091	511145.b1313	21.4	167
6883799	511145.b3192	438	1937
6883800	511145.b3193	172	852
6882686	511145.b1956	3.37	48
6882004	511145.b1221	358	1173
6882005	511145.b1222	7.7	101
6882006	511145.b1223	0.921	16
6882007	511145.b1224	19.5	835
6882684	511145.b1953	104	193
6882009	511145.b1226	1.75	17
6882682	511145.b1951	0.678	4
6882688	511145.b1958	17.0	80
6881401	511145.b0573	150	229
6881400	511145.b0572	25.4	333
6881399	511145.b0571	43.0	176
6881398	511145.b0570	3492	29371
6881405	511145.b0577	35.8	319
6881404	511145.b0576	7.46	61
6881403	511145.b0575	14.3	338
6881402	511145.b0574	22.7	243
6884584	511145.b4058	43.3	1039
6884585	511145.b4059	706	3188
6881407	511145.b0579	36.3	109
6881406	511145.b0578	773	3746
6882303	511145.b1552	22.5	82
6882301	511145.b1550	1006	1571
6882308	511145.b1557	6.19	46
6881775	511145.b0976	1.45	8
6881772	511145.b0973	16.0	312
6881771	511145.b0972	4.8	49
6881777	511145.b0978	0.751	8
6881028	511145.b0151	17.0	121
6881027	511145.b0150	130	2595
6881030	511145.b0153	0.453	8
6881032	511145.b0155	2.96	26
6881031	511145.b0154	456	3964
6881033	511145.b0156	262	822
6881036	511145.b0159	279	1906
6881035	511145.b0158	6.51	55
6881223	511145.b0378	18.1	103
6881219	511145.b0373	4.43	40
6881222	511145.b0377	1.35	12
6881221	511145.b0376	28.3	128
6880957	511145.b0077	214	2382
6884380	511145.b3828	14.5	100
6880952	511145.b0072	439	3393
6884547	511145.b4020	4.92	41
6884434	511145.b3891	90.5	898
6884549	511145.b4022	54.3	333
6884821	511145.b4320	12.7	93
6881077	511145.b0207	97.5	590
6881076	511145.b0200	146	564
6881079	511145.b0209	16.8	83
6881078	511145.b0208	30.0	267
6883213	511145.b2528	97.0	296
6884829	511145.b4328	61.1	476
6883705	511145.b3088	2.39	17
6883706	511145.b3089	48.3	318
6883214	511145.b2529	551	2147
6883699	511145.b3082	12.3	29
6883698	511145.b3081	26.1	405
6883704	511145.b3087	55.8	318
6883701	511145.b3084	17.7	194
6883702	511145.b3085	1.02	3
6884487	511145.b3946	3.92	29
6883717	511145.b3100	36.9	94
6883759	511145.b3150	309	1692
6883760	511145.b3151	0.591	7
6883761	511145.b3152	10.2	59
6883762	511145.b3153	96.9	389
6883763	511145.b3154	7.36	102
6883765	511145.b3156	257	732
6883766	511145.b3157	15.2	85
6883209	511145.b2524	126	265
6883030	511145.b2331	21.0	104
6883029	511145.b2330	569	1669
6884134	511145.b3554	294	1518
6884136	511145.b3556	574	1410
6884130	511145.b3550	0.54	4
6884131	511145.b3551	16.3	300
6884132	511145.b3552	254	1278
6883552	511145.b2916	192	872
6884026	511145.b3440	136	1192
6883210	511145.b2525	335	873
6883347	511145.b2687	953	4489
6882069	511145.b1291	6.48	49
6883345	511145.b2685	31.2	358
6883344	511145.b2684	364	1029
6883569	511145.b2935	1168	14878
6884017	511145.b3429	216	2134
6883571	511145.b2937	291	1927
6883570	511145.b2936	174	1104
6884013	511145.b3424	3.82	28
6883572	511145.b2938	281	3780
6884015	511145.b3426	522	6252
6884010	511145.b3421	0.81	18
6884012	511145.b3423	15.6	81
6882070	511145.b1292	2.69	8
6882073	511145.b1295	82.7	195
6883548	511145.b2910	254	755
6882657	511145.b1922	31.5	226
6882075	511145.b1297	6.04	59
6882911	511145.b2209	172	1003
6884424	511145.b3881	0.514	3
6884429	511145.b3886	1.65	8
6884430	511145.b3887	40.9	154
6883929	511145.b3336	571	3010
6881463	511145.b0638	12.6	56
6883931	511145.b3338	3.18	123
6883932	511145.b3339	14298	300124
6882903	511145.b2201	3.22	8
6884432	511145.b3889	42.1	62
6882908	511145.b2206	3.18	77
6882778	511145.b2063	14.5	131
6882777	511145.b2062	1.41	15
6882775	511145.b2060	0.641	10
6882782	511145.b2067	0.676	18
6882781	511145.b2066	67.1	402
6882780	511145.b2065	188	609
6882779	511145.b2064	15.5	286
6882784	511145.b2069	23.4	255
6882783	511145.b2068	15.7	152
6883274	511145.b2593	28.0	187
6883273	511145.b2592	1236	24268
6883277	511145.b2597	852	2202
6883276	511145.b2595	335	2415
6883275	511145.b2594	96.6	562
6883495	511145.b2845	4.13	24
6883494	511145.b2844	10.5	94
6883279	511145.b2599	253	1672
6883490	511145.b2840	39.7	276
6883493	511145.b2843	110	1025
6883492	511145.b2842	273	1635
6883126	511145.b2441	22.0	236
6883125	511145.b2440	11.6	73
6882924	511145.b2222	8.13	34
6882825	511145.b2114	485	8352
6882824	511145.b2113	134	906
6883134	511145.b2449	9.24	30
6882826	511145.b2118	3.05	70
6881935	511145.b1145	10.2	55
6882585	511145.b1844	9.06	52
6883342	511145.b2682	2.44	5
6882586	511145.b1845	98.0	1674
6882587	511145.b1846	65.9	345
6882558	511145.b1817	723	5432
6881620	511145.b0819	506	2615
6882556	511145.b1815	0.401	3
6882555	511145.b1814	107	1123
6882554	511145.b1813	15.6	46
6882553	511145.b1812	12.0	134
6882552	511145.b1811	25.3	34
6882551	511145.b1810	3.81	12
6881611	511145.b0810	20.8	229
6881612	511145.b0811	1250	8499
6881613	511145.b0812	3391	15630
6881615	511145.b0814	2463	9485
6882560	511145.b1819	71.2	605
6881618	511145.b0817	30.4	135
6881825	511145.b1033	222	1831
6881827	511145.b1035	232	1015
6881826	511145.b1034	109	614
6881829	511145.b1037	13.8	113
6881831	511145.b1039	1.63	5
6881830	511145.b1038	3.87	14
6882584	511145.b1843	1.02	8
6881581	511145.b0780	14.8	104
6881582	511145.b0781	1.7	23
6881583	511145.b0782	561	2794
6882255	511145.b1498	36.8	564
6881585	511145.b0784	236	363
6881586	511145.b0785	292	873
6881587	511145.b0786	3.66	24
6884724	511145.b4206	40.6	148
6882250	511145.b1493	2008	46242
6884726	511145.b4208	39.6	344
6882248	511145.b1491	1.3	19
6882247	511145.b1490	6.96	95
6882111	511145.b1334	176	533
6882252	511145.b1495	8.36	168
6882251	511145.b1494	12.8	301
6882385	511145.b1640	37.0	238
6884313	511145.b3741	77.4	851
6882107	511145.b1330	1.42	15
6884312	511145.b3740	33.7	180
6881010	511145.b0133	485	3398
6882691	511145.b1961	15.7	222
6882690	511145.b1960	3.08	11
6882694	511145.b1967	804	4674
6882528	511145.b1787	167	524
6884317	511145.b3745	2.73	22
6882696	511145.b1969	6.17	35
6882525	511145.b1784	3.75	43
6882524	511145.b1783	281	4209
6882523	511145.b1782	307	2453
6882522	511145.b1781	6.33	36
6882521	511145.b1780	456	3626
6882315	511145.b1564	24.0	35
6881396	511145.b0568	17.9	424
6881397	511145.b0569	0.412	8
6881392	511145.b0564	3.6	29
6881393	511145.b0565	1389	11887
6881394	511145.b0566	2.0	19
6883817	511145.b3210	51.1	933
6884316	511145.b3744	268	2013
6882506	511145.b1765	431	2372
6883290	511145.b2610	328	2587
6882508	511145.b1767	62.0	506
6882507	511145.b1766	93.6	1211
6882502	511145.b1761	1789	14991
6884948	511145.b4518	38.2	54
6882504	511145.b1763	7.73	152
6883291	511145.b2611	1.4	8
6884947	511145.b4517	498	920
6884946	511145.b4516	2.28	52
6884942	511145.b4511	238	333
6882509	511145.b1768	32.5	158
6881760	511145.b0960	2.69	36
6881761	511145.b0961	54.3	159
6881762	511145.b0962	57.1	985
6881763	511145.b0963	380	950
6881765	511145.b0965	398	1657
6881767	511145.b0967	83.9	712
6881768	511145.b0968	34.1	64
6883292	511145.b2614	1476	4341
6883293	511145.b2615	49.9	255
6881019	511145.b0142	42.5	91
6881020	511145.b0143	54.2	510
6884711	511145.b4192	6.14	49
6881023	511145.b0146	16.8	96
6883294	511145.b2616	8.26	91
6881021	511145.b0144	5.19	51
6881022	511145.b0145	501	1814
6884717	511145.b4198	0.331	3
6881025	511145.b0148	2.49	47
6883295	511145.b2617	212	477
6884885	511145.b4392	65.9	957
6883136	511145.b2451	0.003	3
6880986	511145.b0109	131	855
6882423	511145.b1680	167	1382
6884318	511145.b3746	19.5	271
6884524	511145.b3993	79.0	589
6881216	511145.b0368	5.62	23
6881217	511145.b0369	222	1553
6881209	511145.b0360	31.1	519
6881213	511145.b0365	1.24	10
6884321	511145.b3749	128	1727
6882468	511145.b1727	135	798
6882455	511145.b1712	2023	3493
6884320	511145.b3748	85.2	424
6881086	511145.b0217	0.589	4
6881084	511145.b0214	17.9	85
6881085	511145.b0215	2.45	15
6881082	511145.b0212	97.8	663
6881087	511145.b0219	28.8	198
6882629	511145.b1888	92.2	1262
6883509	511145.b2869	6.79	97
6883288	511145.b2608	206	1014
6884501	511145.b3961	130	980
6883615	511145.b2989	328	2196
6884503	511145.b3963	67.0	311
6882624	511145.b1883	6.33	61
6882625	511145.b1884	4.69	39
6882459	511145.b1716	4552	3339
6884507	511145.b3967	15.3	143
6884506	511145.b3966	139	2227
6883790	511145.b3183	218	1510
6883789	511145.b3182	34.9	327
6883788	511145.b3181	693	2447
6883787	511145.b3180	714	894
6884218	511145.b3639	157	1206
6883793	511145.b3186	3266	5462
6883792	511145.b3185	2853	3357
6884214	511145.b3635	11.9	90
6884213	511145.b3634	46.0	206
6884216	511145.b3637	4785	3373
6884215	511145.b3636	2387	1874
6884210	511145.b3631	9.76	77
6884209	511145.b3630	7.89	34
6884212	511145.b3633	14.5	180
6884211	511145.b3632	12.4	110
6883027	511145.b2328	10.2	64
6883028	511145.b2329	182	1124
6883019	511145.b2320	224	2191
6883020	511145.b2321	5.42	63
6883614	511145.b2988	183	2479
6883022	511145.b2323	1224	8003
6883023	511145.b2324	4.6	147
6883024	511145.b2325	101	229
6883025	511145.b2326	6.07	27
6884103	511145.b3521	1.48	10
6884105	511145.b3523	50.7	241
6884104	511145.b3522	19.4	119
6884107	511145.b3525	5.77	47
6884106	511145.b3524	35.4	551
6884109	511145.b3527	96.7	1044
6884108	511145.b3526	257	1350
6884111	511145.b3529	7.67	150
6884110	511145.b3528	45.8	339
6881447	511145.b0620	20.0	106
6883558	511145.b2922	570	2259
6884043	511145.b3458	598	4719
6884519	511145.b3988	1302	38031
6883562	511145.b2926	5430	48442
6883563	511145.b2927	60.0	455
6883351	511145.b2696	745	682
6883561	511145.b2925	3455	24458
6883353	511145.b2698	4.24	12
6883354	511145.b2699	484	4291
6884512	511145.b3981	20.5	108
6884511	511145.b3980	14295	300091
6884040	511145.b3455	77.4	587
6884039	511145.b3454	62.1	398
6884516	511145.b3985	3309	10982
6884515	511145.b3984	3412	22091
6881512	511145.b0700	0.06	3
6882916	511145.b2214	4.59	28
6882917	511145.b2215	2590	26342
6882918	511145.b2216	36.4	709
6882919	511145.b2217	604	2516
6882912	511145.b2210	60.8	682
6882913	511145.b2211	6.96	92
6882914	511145.b2212	0.99	29
6882915	511145.b2213	3.25	41
6882920	511145.b2218	6.96	209
6882793	511145.b2078	4.3	55
6882794	511145.b2079	67.6	414
6882789	511145.b2074	9.79	104
6882790	511145.b2075	0.408	9
6882791	511145.b2076	2.53	47
6882792	511145.b2077	1.15	6
6884401	511145.b3857	38.5	185
6884400	511145.b3856	16.0	57
6884399	511145.b3850	93.7	453
6883269	511145.b2584	16.7	340
6883270	511145.b2585	204	2205
6883272	511145.b2587	37.9	414
6884403	511145.b3859	16.2	148
6884402	511145.b3858	601	1055
6883267	511145.b2582	54.7	252
6882198	511145.b1435	30.1	438
6883637	511145.b3017	18.0	259
6882679	511145.b1948	3.25	16
6884529	511145.b3998	23.0	171
6882811	511145.b2100	35.3	209
6882812	511145.b2101	16.1	95
6883135	511145.b2450	171	1008
6882814	511145.b2103	163	1233
6882815	511145.b2104	86.2	417
6882816	511145.b2105	22.2	46
6882818	511145.b2107	132	441
6882194	511145.b1431	377	2181
6884695	511145.b4176	1.56	4
6881954	511145.b1168	0.593	5
6882289	511145.b1536	88.9	340
6882541	511145.b1800	15.8	171
6882545	511145.b1804	4.66	49
6882546	511145.b1805	57.7	591
6882547	511145.b1806	110	661
6882548	511145.b1807	50.9	251
6882549	511145.b1808	1.07	10
6882550	511145.b1809	1486	1671
6881818	511145.b1022	2.83	28
6881819	511145.b1023	0.003	3
6881816	511145.b1020	1.03	5
6881823	511145.b1027	4.43	40
6884730	511145.b4212	0.883	3
6884731	511145.b4213	86.4	1486
6882146	511145.b1378	32.4	844
6884729	511145.b4211	81.2	554
6884734	511145.b4216	146	558
6881579	511145.b0778	231	736
6884732	511145.b4214	179	1105
6882140	511145.b1372	1.06	25
6881575	511145.b0774	54.7	551
6884736	511145.b4218	13.3	127
6884737	511145.b4219	271	1515
6881572	511145.b0771	0.612	14
6882145	511145.b1377	109	3601
6881574	511145.b0773	213	620
6881573	511145.b0772	224	1860
6881477	511145.b0652	164	560
6881516	511145.b0707	11.6	70
6882540	511145.b1799	1.36	12
6882532	511145.b1791	0.627	5
6882533	511145.b1792	160	488
6882534	511145.b1793	22.1	71
6882697	511145.b1970	3.94	15
6882698	511145.b1971	3.65	34
6882700	511145.b1973	3992	10711
6882319	511145.b1570	131	187
6883845	511145.b3239	8.44	34
6882324	511145.b1576	25.1	53
6881349	511145.b0512	5.43	58
6881352	511145.b0515	62.9	309
6881351	511145.b0514	1.03	8
6881353	511145.b0516	26.7	304
6881502	511145.b0688	481	6263
6882513	511145.b1772	6.84	74
6882511	511145.b1770	24.9	152
6882512	511145.b1771	0.358	4
6884939	511145.b4506	1510	123
6881494	511145.b0680	494	5333
6881497	511145.b0683	354	1619
6881496	511145.b0682	1.32	5
6881499	511145.b0685	43.4	81
6881498	511145.b0684	579	2382
6881501	511145.b0687	232	1304
6881500	511145.b0686	931	6306
6881798	511145.b0999	23.7	51
6881794	511145.b0995	5.94	38
6881796	511145.b0997	0.332	5
6881789	511145.b0990	168	648
6881792	511145.b0993	0.341	6
6883837	511145.b3231	2872	8185
6884699	511145.b4180	94.2	584
6882244	511145.b1487	18.8	254
6882237	511145.b1480	2436	867
6884706	511145.b4187	14.3	219
6881055	511145.b0179	194	879
6881054	511145.b0178	1913	5121
6881053	511145.b0177	384	8046
6881052	511145.b0176	18.4	179
6881051	511145.b0175	5.36	25
6884708	511145.b4189	8.61	27
6881049	511145.b0173	13.6	113
6882246	511145.b1489	0.156	3
6881047	511145.b0171	346	1835
6881046	511145.b0170	2881	19592
6881268	511145.b0425	20.4	112
6881206	511145.b0356	178	1160
6881205	511145.b0355	58.7	394
6881204	511145.b0354	108	253
6881264	511145.b0421	92.7	382
6881202	511145.b0352	0.362	3
6881266	511145.b0423	87.7	843
6881265	511145.b0422	214	439
6883841	511145.b3235	58.3	495
6882395	511145.b1650	60.0	545
6881272	511145.b0429	12.5	16
6881208	511145.b0358	2.27	20
6881071	511145.b0195	12.9	67
6881070	511145.b0194	763	11215
6881073	511145.b0197	1694	10709
6881072	511145.b0196	221	883
6881066	511145.b0190	3.83	26
6881068	511145.b0192	35.3	221
6883842	511145.b3236	5876	37578
6881075	511145.b0199	121	1027
6881074	511145.b0198	74.3	295
6881322	511145.b0480	179	2526
6881329	511145.b0487	11.0	31
6881521	511145.b0712	88.8	425
6881328	511145.b0486	14.5	60
6881327	511145.b0485	167	704
6884305	511145.b3733	863	4937
6881326	511145.b0484	86.7	1382
6883980	511145.b3389	194	1803
6882397	511145.b1652	40.5	214
6881194	511145.b0344	356	10456
6881567	511145.b0766	73.0	491
6881091	511145.b0223	45.0	241
6881090	511145.b0222	990	3921
6881089	511145.b0221	101	1774
6881088	511145.b0220	432	1914
6881094	511145.b0226	56.5	86
6881092	511145.b0224	5.35	27
6882448	511145.b1705	3.88	6
6882702	511145.b1976	67.0	229
6883878	511145.b3283	2.41	11
6882401	511145.b1656	1356	7352
6883805	511145.b3198	114	570
6883806	511145.b3199	16.4	65
6884207	511145.b3628	10.7	84
6884208	511145.b3629	14.3	119
6884205	511145.b3626	2.6	28
6884206	511145.b3627	4.64	58
6884203	511145.b3624	7.04	41
6884204	511145.b3625	30.2	121
6884201	511145.b3622	3.44	40
6884202	511145.b3623	7.91	78
6884199	511145.b3620	37.4	364
6884200	511145.b3621	7.15	46
6882444	511145.b1701	0.126	9
6881564	511145.b0763	151	1268
6884114	511145.b3532	2.04	50
6884115	511145.b3533	0.515	8
6884112	511145.b3530	1.05	34
6884117	511145.b3536	1.5	23
6881568	511145.b0767	590	3195
6884119	511145.b3538	7.91	74
6882403	511145.b1658	189	1775
6884033	511145.b3448	147	642
6884034	511145.b3449	40.1	237
6883331	511145.b2669	1090	2902
6883330	511145.b2668	46.9	114
6883327	511145.b2665	2255	7170
6883326	511145.b2664	0.591	3
6883329	511145.b2667	13.2	38
6883551	511145.b2914	1081	3113
6883323	511145.b2661	334	3725
6883322	511145.b2660	14.3	150
6884029	511145.b3444	6.42	96
6883324	511145.b2662	349	4311
6882396	511145.b1651	119	320
6881561	511145.b0760	92.4	973
6883735	511145.b3124	2.32	26
6881562	511145.b0761	176	716
6882960	511145.b2261	15.3	80
6882959	511145.b2260	1.85	16
6882962	511145.b2263	19.7	141
6882961	511145.b2262	362	1830
6882964	511145.b2265	6.05	79
6882963	511145.b2264	3.92	49
6882966	511145.b2267	41.0	170
6882965	511145.b2266	972	2425
6882967	511145.b2268	16.6	121
6884139	511145.b3559	772	12467
6882725	511145.b2009	95.4	426
6883938	511145.b3345	38.1	84
6883350	511145.b2690	30.1	156
6883489	511145.b2839	2.89	30
6882717	511145.b2000	227	5077
6882722	511145.b2005	13.4	57
6883940	511145.b3347	1059	5726
6882723	511145.b2007	2773	3635
6884395	511145.b3846	123	2030
6884396	511145.b3847	381	4274
6884393	511145.b3844	106	803
6884394	511145.b3845	76.6	805
6884391	511145.b3842	34.3	128
6884392	511145.b3843	142	1186
6884385	511145.b3833	227	1496
6883504	511145.b2861	31.1	519
6883507	511145.b2867	2.67	22
6883505	511145.b2865	28.2	189
6882998	511145.b2299	262	804
6883936	511145.b3343	53.3	122
6883935	511145.b3342	5037	6908
6884525	511145.b3994	54.9	825
6884526	511145.b3995	179	385
6884527	511145.b3996	40.6	291
6884528	511145.b3997	155	1032
6884521	511145.b3990	4.16	46
6884522	511145.b3991	77.8	426
6883154	511145.b2469	0.661	6
6884014	511145.b3425	2.81	10
6883152	511145.b2467	36.7	166
6883150	511145.b2465	391	6060
6883149	511145.b2464	766	8665
6883148	511145.b2463	640	11042
6884530	511145.b3999	80.2	436
6883369	511145.b2714	16.8	86
6883372	511145.b2717	9.65	45
6883371	511145.b2716	0.577	8
6883365	511145.b2710	0.32	4
6883367	511145.b2712	0.384	8
6881949	511145.b1163	15.4	134
6881948	511145.b1162	9.19	62
6881950	511145.b1164	0.886	3
6883172	511145.b2487	0.41	4
6883165	511145.b2480	1001	3506
6884389	511145.b3838	82.4	340
6883396	511145.b2741	83.7	656
6881815	511145.b1019	7.05	71
6881814	511145.b1018	435	3556
6881813	511145.b1015	31.1	275
6881812	511145.b1014	183	5281
6881811	511145.b1013	10.2	46
6881810	511145.b1012	0.046	14
6881809	511145.b1011	0.043	3
6884744	511145.b4227	271	1751
6884743	511145.b4226	2698	6495
6884742	511145.b4225	3.15	10
6881566	511145.b0765	14.3	95
6884740	511145.b4222	190	357
6884739	511145.b4221	18.9	511
6884738	511145.b4220	79.9	1249
6881207	511145.b0357	110	269
6882387	511145.b1642	353	1246
6882588	511145.b1847	164	531
6882646	511145.b1908	144	852
6882640	511145.b1901	65.5	587
6882639	511145.b1900	1.89	37
6882641	511145.b1902	7.09	40
6882643	511145.b1905	779	2445
6882642	511145.b1904	7.66	18
6882392	511145.b1647	171	1036
6884615	511145.b4089	20.7	169
6884614	511145.b4088	30.0	263
6882334	511145.b1589	2.34	24
6882389	511145.b1644	4.49	34
6882330	511145.b1585	2.66	13
6881341	511145.b0503	1.08	12
6882332	511145.b1587	0.629	18
6884606	511145.b4080	0.058	7
6882326	511145.b1581	1.19	15
6881345	511145.b0507	0.258	3
6882328	511145.b1583	73.7	223
6884610	511145.b4084	0.623	3
6882484	511145.b1743	306	764
6882481	511145.b1740	765	4814
6882488	511145.b1747	31.7	211
6882487	511145.b1746	39.0	385
6882486	511145.b1745	8.43	85
6882485	511145.b1744	3.3	19
6883352	511145.b2697	610	13327
6881505	511145.b0693	4.26	199
6882490	511145.b1749	220	1682
6882489	511145.b1748	305	2959
6881508	511145.b0696	4.31	19
6881509	511145.b0697	3.59	37
6881506	511145.b0694	6.15	50
6881507	511145.b0695	4.32	84
6882394	511145.b1649	8.22	51
6881783	511145.b0984	0.623	6
6881782	511145.b0983	12.6	112
6881779	511145.b0980	14.3	162
6881780	511145.b0981	0.909	15
6881044	511145.b0168	388	2524
6881045	511145.b0169	3393	18048
6882121	511145.b1344	34.4	284
6882120	511145.b1343	4.36	72
6882119	511145.b1342	15.1	75
6882118	511145.b1341	14.6	170
6882117	511145.b1340	7.89	31
6881037	511145.b0160	25.2	228
6881038	511145.b0161	2025	17682
6881039	511145.b0162	1.03	6
6881040	511145.b0163	1010	2500
6881042	511145.b0166	1400	8696
6881043	511145.b0167	33.7	864
6881279	511145.b0436	2459	26043
6881280	511145.b0437	1163	6145
6881277	511145.b0434	512	1968
6881193	511145.b0343	13.9	112
6881580	511145.b0779	68.3	868
6881195	511145.b0345	515	3797
6881273	511145.b0430	36.2	106
6881274	511145.b0431	191	1242
6881199	511145.b0349	1.87	19
6881281	511145.b0438	447	4943
6881282	511145.b0439	654	11352
6884677	511145.b4155	6.69	63
6884676	511145.b4154	161	2244
6881060	511145.b0184	7.03	222
6881061	511145.b0185	750	5659
6881058	511145.b0182	27.0	300
6881059	511145.b0183	14.9	66
6884675	511145.b4153	143	762
6884674	511145.b4152	13.8	59
6884647	511145.b4124	7.19	66
6884681	511145.b4159	12.6	277
6881064	511145.b0188	9.26	79
6882333	511145.b1588	0.807	13
6884897	511145.b4406	230	470
6884578	511145.b4052	55.4	738
6884423	511145.b3880	0.811	8
6882329	511145.b1584	152	857
6882071	511145.b1293	0.509	3
6882331	511145.b1586	92.9	117
6884427	511145.b3884	35.4	285
6884613	511145.b4087	0.284	3
6884428	511145.b3885	125	655
6884898	511145.b4407	3515	7542
6881102	511145.b0238	548	1462
6881103	511145.b0239	64.1	856
6883114	511145.b2429	9.83	40
6881101	511145.b0237	890	8462
6884431	511145.b3888	60.0	545
6881099	511145.b0233	0.824	3
6884133	511145.b3553	960	3962
6881511	511145.b0699	40.9	64
6884896	511145.b4403	34.2	187
6881576	511145.b0775	32.4	244
6881504	511145.b0692	0.013	3
6884956	511145.b4532	3.49	4
6884960	511145.b4537	166	396
6884959	511145.b4536	29.4	100
6884198	511145.b3619	899	9109
6884197	511145.b3618	13.9	79
6884192	511145.b3613	13.2	123
6884191	511145.b3612	604	6991
6884190	511145.b3611	499	1805
6884189	511145.b3610	785	1392
6884196	511145.b3617	356	3203
6884195	511145.b3616	240	1740
6884193	511145.b3614	8.58	80
6881577	511145.b0776	3.91	22
6883892	511145.b3299	572	59
6883891	511145.b3298	6164	12006
6883890	511145.b3297	2876	7592
6883889	511145.b3296	5939	20324
6883888	511145.b3295	1871	14813
6883887	511145.b3294	3889	5519
6883885	511145.b3292	34.9	89
6883884	511145.b3291	144	436
6883883	511145.b3290	25.8	228
6883677	511145.b3059	16.9	63
6883676	511145.b3058	43.8	134
6884091	511145.b3509	1054	3880
6884090	511145.b3508	0.745	3
6883673	511145.b3055	157	715
6883672	511145.b3054	105	920
6883675	511145.b3057	0.917	10
6883674	511145.b3056	22.3	251
6883669	511145.b3051	0.332	4
6883671	511145.b3053	41.4	882
6883670	511145.b3052	239	2870
6883546	511145.b2908	265	2814
6883547	511145.b2909	201	577
6884513	511145.b3982	1074	4029
6883341	511145.b2679	174	984
6883538	511145.b2900	256	764
6883539	511145.b2901	217	2411
6883540	511145.b2902	8.92	54
6883541	511145.b2903	527	10550
6883334	511145.b2672	2.5	7
6883543	511145.b2905	327	2696
6883544	511145.b2906	40.7	336
6883545	511145.b2907	25.3	203
6882971	511145.b2272	1.16	3
6882969	511145.b2270	0.164	3
6882975	511145.b2276	8.39	107
6882976	511145.b2277	12.9	48
6882977	511145.b2278	32.9	360
6882978	511145.b2279	58.3	93
6884155	511145.b3575	1.23	21
6883510	511145.b2870	59.5	656
6883511	511145.b2871	7.26	64
6883512	511145.b2872	40.3	550
6883513	511145.b2873	0.399	5
6882728	511145.b2012	32.2	23
6882727	511145.b2011	19.2	204
6883518	511145.b2878	4.62	113
6883519	511145.b2879	0.88	15
6882730	511145.b2014	1.12	4
6884416	511145.b3873	9.72	80
6884415	511145.b3872	3.12	18
6884414	511145.b3871	645	6293
6884413	511145.b3870	1334	15584
6883163	511145.b2478	553	3013
6883164	511145.b2479	76.3	361
6884060	511145.b3475	0.965	3
6884058	511145.b3473	0.426	3
6884057	511145.b3472	359	2035
6884055	511145.b3470	34.1	86
6883155	511145.b2470	1.65	32
6883156	511145.b2471	186	487
6883157	511145.b2472	52.0	531
6883158	511145.b2473	366	1237
6883159	511145.b2474	0.75	10
6883160	511145.b2475	60.3	348
6883161	511145.b2476	1005	5935
6883162	511145.b2477	536	4042
6881190	511145.b0340	0.667	3
6883359	511145.b2704	7.55	27
6883360	511145.b2705	33.1	216
6883357	511145.b2702	16.6	68
6882596	511145.b1855	23.6	173
6883355	511145.b2700	117	539
6883356	511145.b2701	56.4	461
6884500	511145.b3960	349	3709
6881192	511145.b0342	71.0	217
6883363	511145.b2708	45.2	333
6883181	511145.b2496	30.0	114
6883182	511145.b2497	0.275	3
6883179	511145.b2494	82.4	693
6881278	511145.b0435	320	920
6881275	511145.b0432	442	3297
6883183	511145.b2498	1777	7784
6881276	511145.b0433	0.389	8
6883639	511145.b3019	76.0	1272
6882595	511145.b1854	676	7319
6881196	511145.b0346	38.9	230
6884648	511145.b4125	0.777	8
6881799	511145.b1000	299	1452
6881801	511145.b1002	494	5239
6881802	511145.b1003	600	1265
6881803	511145.b1004	1825	8078
6884752	511145.b4238	17.8	276
6884753	511145.b4239	132	1637
6881560	511145.b0759	231	1935
6881559	511145.b0758	252	2290
6881554	511145.b0753	907	873
6881553	511145.b0752	8.39	27
6884747	511145.b4232	269	2040
6881551	511145.b0750	101	378
6881558	511145.b0757	116	615
6881557	511145.b0756	275	2208
6881556	511145.b0755	3833	19499
6881555	511145.b0754	685	5844
6884122	511145.b3541	108	955
6881062	511145.b0186	3.52	69
6881063	511145.b0187	48.1	160
6881957	511145.b1174	651	1760
6881958	511145.b1175	934	4495
6881959	511145.b1176	112	578
6881960	511145.b1177	41.4	24
6881955	511145.b1171	153	478
6881956	511145.b1172	7.25	20
6882647	511145.b1912	4.44	21
6884673	511145.b4151	1.29	4
6881961	511145.b1178	435	1413
6881962	511145.b1179	75.9	131
6882649	511145.b1914	54.7	376
6882650	511145.b1915	106	208
6884894	511145.b4401	1065	5133
6882343	511145.b1598	0.949	3
6882339	511145.b1594	7.14	80
6884893	511145.b4400	4.39	19
6882338	511145.b1593	39.5	125
6882336	511145.b1591	26.7	119
6882500	511145.b1759	7.69	15
6880902	511145.b0020	2.54	25
6882495	511145.b1754	10.8	119
6882498	511145.b1757	18.1	178
6882491	511145.b1750	0.137	3
6882492	511145.b1751	1.47	12
6884881	511145.b4388	40.8	375
6884652	511145.b4129	548	9936
6880899	511145.b0016	3.47	79
6882128	511145.b1351	4.17	7
6882130	511145.b1353	1.77	8
6880909	511145.b0027	1.78	5
6882132	511145.b1356	75.6	180
6882838	511145.b2131	119	705
6881065	511145.b0189	157	342
6881246	511145.b0403	3.28	68
6881245	511145.b0402	10.0	53
6881244	511145.b0401	4.5	25
6881243	511145.b0400	2.22	19
6881250	511145.b0407	2180	4257
6881249	511145.b0406	146	1289
6881248	511145.b0405	38.5	259
6881247	511145.b0404	1.4	12
6881252	511145.b0409	89.2	574
6881251	511145.b0408	124	2084
6884668	511145.b4146	5.45	46
6884669	511145.b4147	1028	2797
6884666	511145.b4144	516	1249
6884667	511145.b4145	1.13	8
6884664	511145.b4142	3937	9796
6884665	511145.b4143	7487	82491
6884662	511145.b4140	44.2	70
6884671	511145.b4149	116	522
6884616	511145.b4090	13.4	57
6884617	511145.b4092	0.869	6
6884618	511145.b4093	5.95	18
6883937	511145.b3344	34.5	102
6883080	511145.b2388	186	1510
6882480	511145.b1739	2441	4393
6881105	511145.b0241	20.1	938
6881104	511145.b0240	101	284
6881107	511145.b0243	212	2670
6881106	511145.b0242	161	1371
6881110	511145.b0247	1.07	5
6883859	511145.b3256	488	5236
6884713	511145.b4194	6.98	14
6883075	511145.b2383	1.21	111
6883072	511145.b2380	0.546	27
6882167	511145.b1399	10.9	89
6883073	511145.b2381	10.3	69
6882557	511145.b1816	20.2	184
6882424	511145.b1681	101	933
6883079	511145.b2387	1.67	6
6883076	511145.b2384	0.071	7
6883077	511145.b2385	0.072	14
6884027	511145.b3441	0.533	3
6881665	511145.b0864	159	598
6881539	511145.b0731	5.5	51
6881590	511145.b0789	0.923	13
6881538	511145.b0730	10.4	53
6882559	511145.b1818	121	397
6884032	511145.b3447	18.9	274
6883881	511145.b3288	182	1551
6883882	511145.b3289	101	975
6882473	511145.b1732	258	4517
6883875	511145.b3280	8.21	22
6883876	511145.b3281	82.3	423
6883877	511145.b3282	772	4754
6884374	511145.b3822	3.86	48
6883880	511145.b3287	216	1100
6884100	511145.b3518	0.332	4
6884101	511145.b3519	1.51	29
6883348	511145.b2688	196	2208
6883667	511145.b3049	4.18	8
6884092	511145.b3510	3948	4634
6884093	511145.b3511	13.1	50
6883663	511145.b3044	31.1	519
6884095	511145.b3513	112	1017
6884096	511145.b3514	22.5	383
6884097	511145.b3515	2.27	19
6884099	511145.b3517	2007	46252
6883088	511145.b2399	3.6	8
6883087	511145.b2398	17.6	18
6882453	511145.b1710	289	1703
6883863	511145.b3260	2.97	27
6883864	511145.b3261	471	665
6883315	511145.b2642	0.374	5
6883084	511145.b2393	36.6	373
6883083	511145.b2392	2.74	20
6883086	511145.b2395	2.76	45
6883085	511145.b2394	3.47	79
6883871	511145.b3269	1.08	6
6882948	511145.b2249	98.8	884
6882944	511145.b2245	0.825	3
6882942	511145.b2243	14.4	169
6882941	511145.b2242	33.3	347
6882940	511145.b2241	56.8	819
6882939	511145.b2240	135	1075
6884183	511145.b3604	0.279	3
6884184	511145.b3605	149	1878
6884185	511145.b3606	16.2	89
6884186	511145.b3607	155	877
6884179	511145.b3600	243	2048
6884180	511145.b3601	8.48	27
6884181	511145.b3602	209	379
6884182	511145.b3603	28.2	246
6882605	511145.b1864	347	1814
6884187	511145.b3608	161	1225
6884188	511145.b3609	1877	5070
6884720	511145.b4201	6.35	29
6883455	511145.b2802	15.9	232
6883458	511145.b2805	13.7	81
6883457	511145.b2804	118	270
6884719	511145.b4200	866	2741
6883462	511145.b2809	608	664
6883461	511145.b2808	12.1	91
6884722	511145.b4203	4350	15861
6884721	511145.b4202	7289	5955
6884411	511145.b3868	55.6	572
6884412	511145.b3869	12.5	73
6884408	511145.b3865	203	1328
6884409	511145.b3866	289	821
6884410	511145.b3867	20.1	257
6884404	511145.b3860	473	2099
6883153	511145.b2468	23.5	643
6884407	511145.b3863	256	5165
6884725	511145.b4207	791	3468
6881545	511145.b0737	88.7	442
6881097	511145.b0231	0.006	3
6884045	511145.b3460	3834	18424
6884046	511145.b3461	2283	14338
6884047	511145.b3462	27.3	250
6884048	511145.b3463	168	650
6884049	511145.b3464	337	3041
6884050	511145.b3465	7.08	23
6884051	511145.b3466	1.02	4
6884052	511145.b3467	27.5	90
6884054	511145.b3469	48.6	691
6883388	511145.b2733	38.2	774
6883386	511145.b2731	2.92	45
6883385	511145.b2730	2.89	32
6883391	511145.b2736	0.25	3
6883390	511145.b2735	5.7	26
6882026	511145.b1248	47.4	78
6882705	511145.b1982	272	1936
6882743	511145.b2027	315	2324
6882742	511145.b2026	247	688
6882741	511145.b2025	249	1888
6882740	511145.b2024	257	1421
6882739	511145.b2023	317	1422
6882738	511145.b2022	400	2616
6882737	511145.b2021	544	3039
6882736	511145.b2020	503	2669
6882745	511145.b2029	1843	20793
6882744	511145.b2028	17.4	176
6882364	511145.b1619	553	3276
6882363	511145.b1618	18.9	128
6884044	511145.b3459	43.3	178
6882360	511145.b1615	1.06	12
6882359	511145.b1614	366	5297
6882362	511145.b1617	82.8	861
6882356	511145.b1611	252	2338
6882355	511145.b1610	12.0	77
6882358	511145.b1613	350	3533
6882357	511145.b1612	416	9262
6883996	511145.b3405	457	2607
6884863	511145.b4367	49.4	241
6883993	511145.b3402	0.67	7
6884495	511145.b3955	73.8	873
6882662	511145.b1927	29.0	401
6882068	511145.b1290	11.3	96
6882660	511145.b1925	17.8	71
6882659	511145.b1924	66.3	632
6882658	511145.b1923	705	8851
6882072	511145.b1294	13.3	162
6882656	511145.b1921	15.1	55
6882655	511145.b1920	922	6430
6882077	511145.b1299	11.0	42
6882076	511145.b1298	28.3	125
6883992	511145.b3401	288	2134
6882664	511145.b1929	9.52	136
6882663	511145.b1928	359	1538
6881892	511145.b1101	506	3820
6881891	511145.b1100	29.0	242
6881894	511145.b1103	764	2040
6881893	511145.b1102	23.2	416
6881896	511145.b1105	276	1215
6881895	511145.b1104	16.8	42
6881898	511145.b1107	50.5	452
6881897	511145.b1106	1.92	8
6881900	511145.b1109	215	2455
6881899	511145.b1108	319	1650
6882840	511145.b2133	192	2828
6884970	511145.b4551	17.4	31
6884972	511145.b4554	307	515
6884975	511145.b4558	302	458
6882841	511145.b2134	17.6	137
6884890	511145.b4397	135	411
6884889	511145.b4396	183	906
6884888	511145.b4395	120	752
6884887	511145.b4394	45.7	200
6884886	511145.b4393	113	278
6883110	511145.b2425	445	4010
6884884	511145.b4391	559	8391
6884883	511145.b4390	50.8	501
6882464	511145.b1723	351	2659
6882463	511145.b1722	23.7	149
6882466	511145.b1725	111	929
6882465	511145.b1724	24.5	85
6884892	511145.b4399	1.46	14
6884891	511145.b4398	7.67	38
6884353	511145.b3794	25.5	169
6884354	511145.b3795	0.527	8
6881548	511145.b0740	833	7130
6881549	511145.b0741	962	4543
6881550	511145.b0742	358	1806
6881262	511145.b0419	124	1160
6881257	511145.b0414	73.1	752
6881258	511145.b0415	1637	4679
6881259	511145.b0416	297	901
6881260	511145.b0417	50.2	334
6881253	511145.b0410	52.1	89
6881254	511145.b0411	357	3494
6881255	511145.b0412	8.83	34
6881256	511145.b0413	138	368
6884692	511145.b4173	175	1755
6884691	511145.b4172	1085	3166
6884690	511145.b4171	32.9	290
6884689	511145.b4170	21.2	296
6884696	511145.b4177	1536	15526
6882675	511145.b1944	23.4	92
6884694	511145.b4175	484	2885
6884693	511145.b4174	475	3968
6884698	511145.b4179	412	6825
6884697	511145.b4178	65.6	188
6882201	511145.b1439	1.47	13
6882200	511145.b1438	0.794	3
6882470	511145.b1729	103	1015
6882692	511145.b1962	3.19	21
6881358	511145.b0522	84.9	495
6881359	511145.b0523	573	1507
6881360	511145.b0524	6.03	56
6881361	511145.b0525	2113	5408
6881362	511145.b0526	336	2805
6881364	511145.b0528	146	392
6881365	511145.b0529	240	1261
6881669	511145.b0868	15.3	107
6881119	511145.b0259	21.4	1765
6882527	511145.b1786	16.2	190
6881116	511145.b0253	0.376	3
6881668	511145.b0867	30.9	223
6881117	511145.b0254	0.032	3
6882695	511145.b1968	2.7	37
6881522	511145.b0713	39.7	142
6882374	511145.b1629	27.2	419
6881664	511145.b0863	635	3567
6884036	511145.b3451	1.26	9
6881663	511145.b0862	13.7	68
6882610	511145.b1869	6.02	18
6882456	511145.b1713	530	8725
6881290	511145.b0447	4.48	16
6883829	511145.b3223	21.4	138
6884035	511145.b3450	14.8	99
6882314	511145.b1563	19.9	29
6884038	511145.b3453	142	1707
6883809	511145.b3202	80.6	628
6881395	511145.b0567	2.2	27
6882926	511145.b2224	7.47	54
6882505	511145.b1764	375	2841
6882923	511145.b2221	4.57	30
6882922	511145.b2220	2.51	26
6883690	511145.b3073	23.8	292
6883689	511145.b3072	19.0	722
6883688	511145.b3071	188	660
6883687	511145.b3070	191	948
6883692	511145.b3075	11.9	102
6883691	511145.b3074	2.37	6
6883857	511145.b3253	298	2788
6883856	511145.b3252	2.9	48
6883855	511145.b3251	725	4907
6883854	511145.b3250	21.1	207
6884281	511145.b3709	20.4	96
6884280	511145.b3708	6052	60709
6883858	511145.b3255	1463	2805
6884277	511145.b3705	265	2715
6884276	511145.b3704	99.4	202
6883862	511145.b3259	48.8	166
6884278	511145.b3706	82.7	878
6884273	511145.b3701	500	3707
6884272	511145.b3700	3.49	26
6884275	511145.b3703	4851	481
6884274	511145.b3702	61.6	547
6881269	511145.b0426	1053	4715
6882958	511145.b2259	46.4	97
6883974	511145.b3383	0.808	6
6883976	511145.b3385	171	732
6883975	511145.b3384	751	4855
6883978	511145.b3387	5.39	33
6883977	511145.b3386	666	2591
6882949	511145.b2250	40.0	145
6883979	511145.b3388	231	1697
6882951	511145.b2252	38.4	193
6882952	511145.b2253	57.7	553
6882953	511145.b2254	38.0	297
6882954	511145.b2255	317	5032
6882955	511145.b2256	11.3	44
6882956	511145.b2257	0.37	6
6884249	511145.b3671	379	4236
6884248	511145.b3670	273	932
6881493	511145.b0679	140	1523
6883465	511145.b2812	41.6	138
6883466	511145.b2813	96.7	649
6883463	511145.b2810	12.3	129
6883464	511145.b2811	104	400
6883467	511145.b2817	34.2	329
6884041	511145.b3456	3.32	29
6883468	511145.b2818	114	822
6883469	511145.b2819	6.24	76
6881847	511145.b1056	188	985
6884371	511145.b3819	0.75	3
6884365	511145.b3811	9.56	84
6884364	511145.b3810	25.4	138
6884367	511145.b3813	41.0	679
6884366	511145.b3812	69.1	373
6884368	511145.b3816	95.2	717
6883480	511145.b2830	25.6	88
6884082	511145.b3499	53.3	495
6884081	511145.b3498	547	8535
6881769	511145.b0969	80.7	113
6884078	511145.b3495	3593	8992
6884077	511145.b3494	11.8	23
6884080	511145.b3497	16.5	120
6883321	511145.b2659	82.1	884
6884076	511145.b3493	54.0	304
6884075	511145.b3492	8.95	85
6883481	511145.b2831	0.655	5
6882735	511145.b2019	671	3512
6883382	511145.b2727	1.74	16
6884466	511145.b3925	30.6	254
6884465	511145.b3924	176	796
6884468	511145.b3927	9.32	58
6884467	511145.b3926	1033	15456
6884461	511145.b3920	26.6	105
6884464	511145.b3923	347	1062
6884463	511145.b3922	215	477
6884470	511145.b3929	339	1591
6884469	511145.b3928	1791	3156
6884710	511145.b4191	19.5	113
6884709	511145.b4190	278	2337
6882746	511145.b2030	21.4	1765
6882747	511145.b2032	40.3	465
6882748	511145.b2033	41.6	217
6882749	511145.b2034	119	1228
6882751	511145.b2036	413	3178
6882752	511145.b2037	1.01	9
6882753	511145.b2038	103	489
6884714	511145.b4195	0.898	3
6883483	511145.b2833	188	217
6881024	511145.b0147	4.3	21
6882353	511145.b1608	58.1	408
6882354	511145.b1609	6.91	84
6882351	511145.b1606	3.5	22
6882352	511145.b1607	1.8	4
6882349	511145.b1604	641	4669
6884715	511145.b4196	4.89	35
6882347	511145.b1602	496	3131
6882348	511145.b1603	468	4575
6882346	511145.b1601	1.57	9
6883484	511145.b2834	218	1452
6882060	511145.b1282	41.7	67
6882061	511145.b1283	2817	1560
6882058	511145.b1280	10.6	104
6881026	511145.b0149	38.6	799
6882064	511145.b1286	284	4266
6882065	511145.b1287	24.5	280
6882062	511145.b1284	108	731
6882668	511145.b1937	1.01	3
6882669	511145.b1938	2.2	28
6882670	511145.b1939	22.0	208
6882066	511145.b1288	2023	10988
6881903	511145.b1112	17.4	31
6881904	511145.b1113	17.7	185
6881902	511145.b1111	4.86	29
6881907	511145.b1116	20.9	156
6881908	511145.b1117	114	575
6881905	511145.b1114	81.9	2196
6881906	511145.b1115	0.005	3
6881909	511145.b1118	11.4	101
6881910	511145.b1119	37.2	174
6884966	511145.b4546	6.25	14
6881466	511145.b0641	213	994
6881465	511145.b0640	14.4	96
6881468	511145.b0643	363	1467
6881467	511145.b0642	688	13598
6884873	511145.b4380	1.09	21
6884874	511145.b4381	613	4028
6882479	511145.b1738	2047	4427
6884876	511145.b4383	656	7637
6884877	511145.b4384	958	6485
6884878	511145.b4385	4.81	46
6884879	511145.b4386	45.1	327
6884880	511145.b4387	17.4	163
6883486	511145.b2836	5.88	116
6884882	511145.b4389	29.7	407
6882472	511145.b1731	8.25	18
6882478	511145.b1737	1715	4132
6881687	511145.b0887	30.2	340
6881686	511145.b0886	36.5	361
6881685	511145.b0885	0.903	8
6881684	511145.b0884	826	1546
6881683	511145.b0882	212	3532
6883487	511145.b2837	41.8	295
6881681	511145.b0880	202	462
6881547	511145.b0739	38.3	191
6881546	511145.b0738	57.2	105
6881689	511145.b0889	756	2677
6881688	511145.b0888	673	4149
6881311	511145.b0469	584	2946
6881242	511145.b0399	24.0	91
6881241	511145.b0398	1.52	19
6881237	511145.b0393	175	1195
6881302	511145.b0460	20.6	26
6881305	511145.b0463	437	3503
6881235	511145.b0390	34.3	145
6881240	511145.b0397	6.68	167
6881306	511145.b0464	6.78	47
6881309	511145.b0467	15.9	43
6881238	511145.b0394	88.5	598
6882189	511145.b1426	606	159
6882190	511145.b1427	20.7	104
6882188	511145.b1424	65.1	1073
6882186	511145.b1422	48.6	454
6882187	511145.b1423	18.9	178
6882754	511145.b2039	404	3107
6884686	511145.b4167	17.2	196
6884682	511145.b4160	312	1662
6884683	511145.b4161	93.6	798
6884684	511145.b4162	180	804
6882192	511145.b1429	3.46	23
6884564	511145.b4037	385	1143
6884016	511145.b3428	163	2879
6880968	511145.b0089	0.914	10
6880967	511145.b0088	122	831
6880966	511145.b0087	2.71	24
6880965	511145.b0086	79.7	668
6880964	511145.b0085	135	1399
6880963	511145.b0084	11.5	175
6880962	511145.b0083	12.7	39
6880961	511145.b0082	158	1169
6880960	511145.b0081	30.7	131
6880959	511145.b0080	83.9	574
6881124	511145.b0265	2.28	52
6881122	511145.b0262	1.5	12
6881121	511145.b0261	13.6	94
6881120	511145.b0260	1.44	9
6881127	511145.b0269	211	2358
6881126	511145.b0268	735	3250
6880944	511145.b0064	1.26	8
6880946	511145.b0066	5.43	30
6880942	511145.b0062	0.622	6
6880949	511145.b0069	2.4	24
6880948	511145.b0068	84.8	791
6882836	511145.b2129	14.4	100
6882350	511145.b1605	0.046	3
6881990	511145.b1207	784	6602
6884089	511145.b3507	0.326	3
6884088	511145.b3506	957	4078
6882460	511145.b1717	919	662
6884087	511145.b3505	21.4	1765
6884086	511145.b3503	6.89	25
6884083	511145.b3500	316	3099
6883542	511145.b2904	395	638
6883682	511145.b3064	83.9	677
6883683	511145.b3065	6090	2455
6883684	511145.b3066	15.0	217
6883685	511145.b3067	733	5350
6883340	511145.b2678	181	428
6883686	511145.b3068	179	701
6883338	511145.b2676	146	665
6881287	511145.b0444	78.6	490
6883339	511145.b2677	37.1	132
6881286	511145.b0443	39.8	122
6883336	511145.b2674	3.21	5
6881285	511145.b0442	1.18	3
6882665	511145.b1930	67.1	120
6883337	511145.b2675	46.5	792
6883852	511145.b3248	58.4	319
6884290	511145.b3718	0.655	4
6884291	511145.b3719	0.33	4
6883850	511145.b3244	134	1414
6883874	511145.b3279	149	854
6884286	511145.b3714	33.6	155
6884287	511145.b3715	2.41	11
6884284	511145.b3712	1.53	11
6884285	511145.b3713	537	1332
6883849	511145.b3243	3.2	37
6882059	511145.b1281	268	1178
6883333	511145.b2671	6.33	21
6883981	511145.b3390	337	1659
6883987	511145.b3396	26.1	597
6883988	511145.b3397	105	592
6883989	511145.b3398	21.1	218
6882063	511145.b1285	3.52	39
6884241	511145.b3663	0.989	6
6884239	511145.b3661	197	1575
6884244	511145.b3666	0.705	8
6884245	511145.b3667	1.15	9
6884243	511145.b3665	15.1	213
6883840	511145.b3234	726	5781
6884246	511145.b3668	3.42	24
6884247	511145.b3669	7.03	44
6882982	511145.b2283	352	6694
6882981	511145.b2282	43.9	318
6882980	511145.b2281	250	983
6882979	511145.b2280	2.92	12
6882986	511145.b2287	190	1269
6882985	511145.b2286	300	5407
6882984	511145.b2285	212	870
6882983	511145.b2284	288	3445
6883220	511145.b2535	5.28	62
6882988	511145.b2289	11.3	76
6882987	511145.b2288	113	460
6883216	511145.b2531	619	1844
6883215	511145.b2530	791	8959
6883218	511145.b2533	290	2056
6883217	511145.b2532	162	965
6884363	511145.b3809	90.0	449
6883843	511145.b3237	144	412
6884357	511145.b3802	177	1270
6884358	511145.b3803	205	2150
6884355	511145.b3800	0.518	3
6884361	511145.b3806	7.15	163
6884362	511145.b3807	150	364
6884359	511145.b3804	38.3	194
6884360	511145.b3805	136	999
6883298	511145.b2620	243	768
6883300	511145.b2623	1.9	31
6883299	511145.b2622	0.245	4
6884071	511145.b3486	10.4	266
6884072	511145.b3487	121	1050
6884066	511145.b3481	126	400
6882282	511145.b1529	4.62	19
6883413	511145.b2758	1.5	8
6883406	511145.b2751	292	3018
6883405	511145.b2750	69.2	391
6882179	511145.b1413	22.1	739
6883407	511145.b2752	292	1739
6884477	511145.b3936	1068	1831
6884475	511145.b3934	11.5	70
6884476	511145.b3935	4.21	98
6884473	511145.b3932	360	1167
6884474	511145.b3933	89.9	624
6884471	511145.b3930	3.83	9
6884472	511145.b3931	564	5700
6884479	511145.b3938	388	764
6884480	511145.b3939	342	2324
6881048	511145.b0172	2349	5114
6882384	511145.b1639	25.6	86
6882383	511145.b1638	240	1160
6882378	511145.b1633	16.0	66
6882377	511145.b1632	2.31	11
6882376	511145.b1631	15.4	107
6882375	511145.b1630	6.12	28
6882382	511145.b1637	555	5456
6882381	511145.b1636	69.3	453
6882380	511145.b1635	687	3261
6882379	511145.b1634	6.51	71
6884324	511145.b3752	301	1755
6883071	511145.b2379	81.5	742
6880905	511145.b0023	5354	5291
6884323	511145.b3751	3169	26167
6881920	511145.b1129	13.8	160
6881919	511145.b1128	151	958
6881918	511145.b1127	254	2428
6881917	511145.b1126	76.8	858
6881916	511145.b1125	1.87	17
6881915	511145.b1124	6.75	24
6881914	511145.b1123	569	4433
6881911	511145.b1120	22.7	141
6882033	511145.b1255	10.2	26
6882449	511145.b1706	12.3	119
6882035	511145.b1257	90.9	467
6882034	511145.b1256	365	1791
6882029	511145.b1251	1889	789
6882028	511145.b1250	16.6	154
6882031	511145.b1253	51.0	167
6881484	511145.b0659	63.0	109
6881481	511145.b0656	21.4	1765
6881482	511145.b0657	18.3	246
6881479	511145.b0654	83.9	461
6881480	511145.b0655	1872	13171
6882037	511145.b1259	105	111
6881478	511145.b0653	19.1	157
6881475	511145.b0650	0.378	3
6882451	511145.b1708	6.81	27
6884871	511145.b4378	12.2	77
6884868	511145.b4375	292	3183
6884867	511145.b4374	8.35	51
6884870	511145.b4377	225	1461
6884869	511145.b4376	1813	7522
6884864	511145.b4371	159	1369
6884866	511145.b4373	20.3	84
6884865	511145.b4372	33.6	136
6883472	511145.b2822	4.04	106
6884875	511145.b4382	268	3168
6881531	511145.b0722	90.2	401
6881532	511145.b0723	987	15333
6881529	511145.b0720	1956	18539
6881530	511145.b0721	189	768
6881534	511145.b0726	828	18013
6881535	511145.b0727	1520	10847
6881533	511145.b0724	1072	7236
6881697	511145.b0897	604	2741
6882151	511145.b1383	7.84	21
6882150	511145.b1382	44.5	79
6881536	511145.b0728	2092	21245
6881537	511145.b0729	1888	14438
6882155	511145.b1387	0.42	16
6882154	511145.b1386	3.61	79
6882153	511145.b1385	3.84	59
6881320	511145.b0478	43.0	402
6881321	511145.b0479	4.0	27
6881314	511145.b0472	27.0	139
6881315	511145.b0473	842	13549
6881312	511145.b0470	19.0	255
6881313	511145.b0471	895	2229
6881318	511145.b0476	114	880
6881319	511145.b0477	70.7	707
6881316	511145.b0474	1576	7423
6881317	511145.b0475	20.9	132
6884642	511145.b4119	118	1090
6884641	511145.b4118	1.3	9
6883517	511145.b2877	2.14	15
6882181	511145.b1415	1439	18486
6882180	511145.b1414	144	930
6884634	511145.b4111	94.4	745
6884633	511145.b4110	14.8	130
6884636	511145.b4113	61.4	272
6884635	511145.b4112	8.55	70
6884637	511145.b4114	12.3	135
6884640	511145.b4117	0.794	15
6884791	511145.b4289	4.19	20
6884790	511145.b4288	1.31	14
6883470	511145.b2820	2.24	71
6884787	511145.b4280	18.1	189
6884789	511145.b4287	4.98	26
6880977	511145.b0098	412	9485
6880978	511145.b0099	5.87	21
6880969	511145.b0090	59.1	477
6880970	511145.b0091	128	1228
6880971	511145.b0092	135	909
6880972	511145.b0093	10.7	52
6880973	511145.b0094	228	1855
6880974	511145.b0095	1376	15641
6880975	511145.b0096	31.9	215
6881128	511145.b0270	7.12	75
6881129	511145.b0271	26.2	372
6881130	511145.b0272	26.1	177
6881131	511145.b0273	199	2776
6880908	511145.b0026	494	11827
6881133	511145.b0275	2.28	52
6882732	511145.b2016	241	1425
6882733	511145.b2017	1.48	3
6884552	511145.b4025	1010	12933
6884551	511145.b4024	395	3917
6880954	511145.b0074	724	9027
6884548	511145.b4021	71.8	412
6880953	511145.b0073	975	4975
6884550	511145.b4023	41.9	58
6880951	511145.b0071	503	2476
6880958	511145.b0078	261	883
6884988	511145.b4595	22.6	13
6884989	511145.b4596	7.08	11
6881229	511145.b0384	113	273
6881231	511145.b0386	295	1599
6881232	511145.b0387	19.5	84
6881226	511145.b0381	154	1322
6881227	511145.b0382	385	589
6881228	511145.b0383	86.7	1138
6881233	511145.b0388	91.5	336
6881234	511145.b0389	56.5	76
6882269	511145.b1516	142	978
6883603	511145.b2975	1.09	13
6881323	511145.b0481	185	755
6882270	511145.b1517	138	1081
6882676	511145.b1945	12.0	101
6882016	511145.b1236	692	4173
6881541	511145.b0733	360	3555
6882014	511145.b1234	116	766
6882013	511145.b1233	3.97	33
6882012	511145.b1232	361	1889
6881682	511145.b0881	23.1	62
6881544	511145.b0736	65.1	162
6884776	511145.b4264	3.54	34
6883633	511145.b3011	360	2674
6883632	511145.b3010	5.1	37
6883208	511145.b2523	502	4890
6883634	511145.b3012	412	2341
6882501	511145.b1760	10.9	29
6881542	511145.b0734	116	596
6883638	511145.b3018	17.4	96
6881460	511145.b0635	26.9	427
6882265	511145.b1512	8.53	70
6882018	511145.b1238	40.4	223
6883550	511145.b2913	3946	16732
6883844	511145.b3238	4.98	12
6884301	511145.b3729	905	12564
6884300	511145.b3728	315	2591
6884572	511145.b4046	31.9	168
6881344	511145.b0506	125	803
6883836	511145.b3230	3869	8092
6883839	511145.b3233	593	2388
6883838	511145.b3232	27.1	299
6884299	511145.b3727	5.28	22
6884298	511145.b3726	0.839	8
6884297	511145.b3725	109	586
6884296	511145.b3724	126	678
6880897	511145.b0014	4405	64817
6883549	511145.b2912	14.0	64
6884568	511145.b4042	14.9	66
6884567	511145.b4041	103	2119
6884061	511145.b3476	1.33	18
6883709	511145.b3092	180	1975
6883740	511145.b3129	37.9	153
6883739	511145.b3128	9.3	124
6883736	511145.b3125	181	1352
6884235	511145.b3656	0.305	4
6884234	511145.b3655	31.9	524
6884233	511145.b3654	4.11	14
6884232	511145.b3653	19.4	107
6884231	511145.b3652	9.87	155
6884230	511145.b3651	50.6	284
6884229	511145.b3650	41.4	633
6883488	511145.b2838	172	1352
6884388	511145.b3836	358	702
6884387	511145.b3835	17.4	291
6884386	511145.b3834	103	300
6882997	511145.b2298	0.378	6
6884384	511145.b3832	5.64	78
6884383	511145.b3831	1784	9534
6884382	511145.b3830	321	1449
6883211	511145.b2526	122	1627
6883212	511145.b2527	63.5	281
6882995	511145.b2296	749	6560
6882996	511145.b2297	712	10541
6883207	511145.b2522	41.7	110
6883941	511145.b3348	102	181
6884390	511145.b3839	12.9	42
6883206	511145.b2521	313	2182
6883629	511145.b3006	146	709
6883307	511145.b2630	1.46	12
6884064	511145.b3479	0.48	7
6883205	511145.b2520	20.3	718
6884687	511145.b4168	75.9	389
6884063	511145.b3478	0.011	3
6884688	511145.b4169	15.2	140
6883403	511145.b2748	29.2	78
6883362	511145.b2707	5.65	41
6883397	511145.b2742	252	1191
6883398	511145.b2743	39.7	187
6882185	511145.b1421	17.9	330
6883401	511145.b2746	129	401
6883402	511145.b2747	35.9	202
6883399	511145.b2744	12.0	77
6883400	511145.b2745	68.6	639
6884449	511145.b3906	0.198	4
6884451	511145.b3908	4684	12867
6884397	511145.b3848	2.94	19
6883358	511145.b2703	26.2	159
6882295	511145.b1542	0.227	12
6881861	511145.b1070	37.8	174
6882088	511145.b1310	20.8	310
6883266	511145.b2581	364	2122
6881930	511145.b1139	1.38	9
6883180	511145.b2495	511	851
6882844	511145.b2137	26.3	152
6881921	511145.b1130	461	2962
6881922	511145.b1131	670	5346
6881923	511145.b1132	105	496
6881924	511145.b1133	118	847
6881925	511145.b1134	49.1	209
6881926	511145.b1135	10.7	52
6881927	511145.b1136	4606	34675
6882024	511145.b1246	144	1413
6882025	511145.b1247	182	1539
6882022	511145.b1244	67.2	427
6882023	511145.b1245	321	557
6882457	511145.b1714	467	4171
6882021	511145.b1243	1753	20746
6883801	511145.b3194	21.5	140
6882019	511145.b1241	2176	44343
6882461	511145.b1718	1787	5563
6881487	511145.b0662	48.3	408
6881486	511145.b0661	99.0	1306
6881485	511145.b0660	348	3064
6884672	511145.b4150	66.2	748
6884977	511145.b4565	29.3	45
6884978	511145.b4566	7.42	13
6882027	511145.b1249	21.6	262
6883835	511145.b3229	893	4720
6884523	511145.b3992	92.6	463
6883794	511145.b3187	80.2	518
6884858	511145.b4362	17.3	81
6884856	511145.b4360	39.9	97
6884857	511145.b4361	15.8	96
6881304	511145.b0462	100	2300
6882165	511145.b1397	0.71	9
6883802	511145.b3195	64.1	451
6882271	511145.b1518	30.6	78
6882166	511145.b1398	0.772	9
6881003	511145.b0126	518	2391
6882369	511145.b1624	49.6	319
6882370	511145.b1625	48.2	84
6881004	511145.b0127	95.3	655
6882365	511145.b1620	5.27	39
6882366	511145.b1621	1.36	17
6882367	511145.b1622	13.6	146
6882368	511145.b1623	256	1448
6881666	511145.b0865	411	1879
6881525	511145.b0716	0.025	4
6881524	511145.b0715	1.13	6
6881523	511145.b0714	6.56	50
6882373	511145.b1628	1.76	10
6883796	511145.b3189	197	1930
6881520	511145.b0711	91.7	278
6881519	511145.b0710	481	3131
6881307	511145.b0465	12.5	316
6883803	511145.b3196	0.657	22
6882272	511145.b1519	32.1	222
6884631	511145.b4108	278	617
6884632	511145.b4109	2.26	34
6882172	511145.b1406	117	902
6883831	511145.b3225	60.3	391
6882168	511145.b1400	36.3	95
6884630	511145.b4107	91.6	444
6882170	511145.b1403	31.1	519
6883804	511145.b3197	108	746
6884800	511145.b4298	1.07	8
6884801	511145.b4299	0.596	7
6884794	511145.b4292	23.5	152
6884795	511145.b4293	2.4	9
6884792	511145.b4290	12.9	71
6884793	511145.b4291	66.2	1108
6884799	511145.b4297	3.13	54
6884796	511145.b4294	2.95	52
6884797	511145.b4295	40.4	366
6881141	511145.b0285	5.66	58
6881143	511145.b0287	183	735
6881138	511145.b0281	1.91	17
6884563	511145.b4036	389	4609
6880924	511145.b0042	0.363	3
6884561	511145.b4034	1009	11622
6884562	511145.b4035	81.7	707
6880929	511145.b0047	2.6	42
6884560	511145.b4033	11.3	118
6880931	511145.b0049	40.4	293
6880930	511145.b0048	263	716
6883798	511145.b3191	58.9	158
6884565	511145.b4039	50.3	210
6881715	511145.b0915	4.48	45
6881714	511145.b0914	64.2	841
6881717	511145.b0917	242	262
6881716	511145.b0916	0.192	3
6881711	511145.b0911	4731	54153
6881710	511145.b0910	208	1137
6881284	511145.b0441	406	5237
6881712	511145.b0912	2141	3201
6881719	511145.b0919	2.8	23
6881718	511145.b0918	214	1304
6881292	511145.b0449	1.54	22
6881291	511145.b0448	1.11	11
6882002	511145.b1219	493	1199
6883991	511145.b3400	44.9	63
6882038	511145.b1260	609	4254
6884932	511145.b4483	1.33	12
6883626	511145.b3002	17.3	63
6883627	511145.b3003	149	1160
6883625	511145.b3001	186	1664
6882039	511145.b1261	573	3997
6883628	511145.b3005	258	423
6883630	511145.b3008	250	2084
6883631	511145.b3009	1.02	4
6881993	511145.b1210	6.75	56
6883834	511145.b3228	127	476
6884748	511145.b4233	150	1431
6883828	511145.b3222	23.1	161
6884749	511145.b4234	418	903
6883827	511145.b3221	6.9	37
6883832	511145.b3226	28.4	240
6884750	511145.b4235	259	3557
6883745	511145.b3136	2.4	15
6881476	511145.b0651	186	1258
6882854	511145.b2149	64.6	1034
6883746	511145.b3137	0.761	10
6881999	511145.b1216	3.45	30
6883453	511145.b2800	3.96	23
6883737	511145.b3126	13.3	62
6883743	511145.b3132	33.3	1029
6884227	511145.b3648	93.2	528
6884228	511145.b3649	1618	2686
6884219	511145.b3640	392	1042
6884220	511145.b3641	45.1	202
6884221	511145.b3642	40.4	220
6883734	511145.b3121	0.464	4
6884223	511145.b3644	270	1534
6883744	511145.b3133	27.9	71
6883741	511145.b3130	12.0	48
6883742	511145.b3131	17.1	103
