#id: 236
#name: E.coli - Whole organism, SC (Krug,MCP,2013)
#score: 14.33
#weight: 40%
#description: abundance based on Spectral counting, from<a href="http://www.ncbi.nlm.nih.gov/pubmed/23908556" target="_blank">Krug,MCP,2013</a><br/><b>Interaction consistency score</b>: 14.33&nbsp<b>Coverage</b>: 64
#organ: WHOLE_ORGANISM
#integrated: false
#coverage: 64
#publication_year: 2013
#filename: 511145-Ecoli_Krug_2013.txt
#
#internal_id	string_external_id	abundance	raw_spectral_count
6881269	511145.b0426	2108	495906816
6883270	511145.b2585	148	-1286146366
6881153	511145.b0298	2.21	27962980
6883596	511145.b2963	6.36	99145700
6882118	511145.b1341	0.497	12757600
6884759	511145.b4245	1431	-217719390
6881181	511145.b0330	0.632	18599080
6884786	511145.b4279	0.22	3312100
6881517	511145.b0708	7.09	202126990
6881088	511145.b0220	294	-1785214776
6881126	511145.b0268	5.22	42822358
6883671	511145.b3053	52.4	1995437950
6883155	511145.b2470	1.97	56341249
6881544	511145.b0736	76.9	627679100
6883640	511145.b3020	4.16	98676310
6882456	511145.b1713	1767	-1140247560
6884683	511145.b4161	43.2	577957880
6884720	511145.b4201	1.17	8497490
6884823	511145.b4322	638	-1767717668
6883585	511145.b2952	6.53	70659000
6884785	511145.b4278	0.281	6644400
6884793	511145.b4291	28.8	858202490
6883462	511145.b2809	2575	104414704
6881416	511145.b0588	92.5	836244100
6883039	511145.b2342	6.71	135322880
6882804	511145.b2093	65.9	261083500
6881283	511145.b0440	2428	-865617532
6881900	511145.b1109	593	-439710288
6883546	511145.b2908	322	1773800684
6882362	511145.b1617	8.49	185281424
6881280	511145.b0437	1450	1077700908
6883547	511145.b2909	28.3	119489900
6882873	511145.b2168	41.1	501098352
6881531	511145.b0722	6.32	34096040
6883069	511145.b2377	51.5	13180000
6882028	511145.b1250	16.8	200789596
6883512	511145.b2872	1.74	23087130
6884315	511145.b3743	19.0	163871500
6883582	511145.b2949	19.7	124887600
6883011	511145.b2312	60.6	1436457170
6881406	511145.b0578	1168	-1357298788
6884254	511145.b3676	2.15	13651200
6882697	511145.b1970	3.03	15013220
6881593	511145.b0792	4.78	45163613
6884502	511145.b3962	120	-1821609786
6884915	511145.b4466	0.922	69184706
6882533	511145.b1792	118	693194960
6883914	511145.b3321	5201	1082302624
6882202	511145.b1440	26.3	575931450
6882194	511145.b1431	1124	553474152
6881158	511145.b0305	0.058	1308940
6881196	511145.b0346	0.492	8844910
6881751	511145.b0951	44.7	1011221390
6880952	511145.b0072	52.3	922061600
6882912	511145.b2210	9.48	224424540
6883418	511145.b2763	78.0	-2117389736
6883240	511145.b2555	12.8	171916160
6881560	511145.b0759	126	1772225710
6884310	511145.b3738	157	789997000
6884550	511145.b4023	16.9	54328000
6883897	511145.b3304	1532	-748240216
6883861	511145.b3258	1.5	21077410
6884530	511145.b3999	48.5	656444430
6881914	511145.b1123	169	-1478659196
6884392	511145.b3843	79.0	1312288680
6884676	511145.b4154	15.7	453634470
6883948	511145.b3355	65.7	602132300
6883627	511145.b3003	433	1789616284
6882291	511145.b1538	440	-64516988
6881152	511145.b0296	2280	-1118827892
6881972	511145.b1189	292	1450394104
6884364	511145.b3810	14.4	165868600
6881582	511145.b0781	0.384	8379520
6884346	511145.b3787	17.4	333648990
6882647	511145.b1912	41.0	390104000
6884127	511145.b3547	0.966	14022370
6882296	511145.b1544	2.71	26688200
6884372	511145.b3820	56.5	482399500
6882557	511145.b1816	5.76	92972660
6884403	511145.b3859	13.4	228468700
6882026	511145.b1248	37.2	108109700
6881665	511145.b0864	359	1891625834
6883461	511145.b2808	10.8	153068150
6884273	511145.b3701	215	-1117277406
6881238	511145.b0394	5.24	80406250
6883832	511145.b3226	20.2	293536710
6881019	511145.b0142	34.7	179201160
6881548	511145.b0740	450	-1461978992
6883052	511145.b2360	3.24	31283170
6883814	511145.b3207	3.66	38988619
6883932	511145.b3339	8748	-1858773732
6881263	511145.b0420	37.1	1010788874
6883978	511145.b3387	22.8	277219930
6884428	511145.b3885	86.5	1030692000
6883706	511145.b3089	211	-1885506396
6883538	511145.b2900	219	1159829500
6881682	511145.b0881	12.6	100376260
6883160	511145.b2475	0.428	6314310
6881258	511145.b0415	601	-1177315296
6882427	511145.b1684	31.7	217735700
6881645	511145.b0844	20.7	278077340
6883408	511145.b2753	0.067	849990
6882078	511145.b1300	7.81	170425094
6882695	511145.b1968	4.94	101463900
6882727	511145.b2011	30.8	731841690
6882210	511145.b1448	28.3	237271950
6884023	511145.b3437	154	738395070
6883444	511145.b2791	23.4	413826313
6882354	511145.b1609	13.3	348426590
6882850	511145.b2145	0.041	169690
6883854	511145.b3250	28.2	499320240
6881098	511145.b0232	3.47	19688670
6882509	511145.b1768	24.1	220100030
6882654	511145.b1919	493	1746314714
6883246	511145.b2561	14.8	112691270
6883645	511145.b3025	13.9	135838250
6881976	511145.b1193	4.87	50644660
6881103	511145.b0239	95.3	-1757393386
6884466	511145.b3925	30.0	555093934
6883528	511145.b2890	822	1988314894
6883981	511145.b3390	212	-2070799286
6881896	511145.b1105	138	1056892000
6883260	511145.b2575	3.28	25358800
6883196	511145.b2511	214	444256348
6881566	511145.b0765	3.13	57695674
6882072	511145.b1294	20.5	666076100
6883267	511145.b2582	0.437	3412980
6884232	511145.b3653	16.4	156459198
6881973	511145.b1190	14.0	328650540
6884756	511145.b4242	15.0	458447410
6882384	511145.b1639	71.6	408375610
6883711	511145.b3094	9.16	129230527
6883999	511145.b3408	3.77	16027000
6882003	511145.b1220	1.31	30592760
6881490	511145.b0676	63.9	1572790100
6884751	511145.b4237	1.69	10161000
6883908	511145.b3315	1561	2051361804
6884834	511145.b4333	0.102	2113030
6884697	511145.b4178	29.2	149270430
6883362	511145.b2707	16.5	193698080
6884642	511145.b4119	3.85	74199600
6884615	511145.b4089	15.9	226812680
6883111	511145.b2426	9.16	134842521
6884778	511145.b4266	3.44	50282500
6881814	511145.b1018	18.5	360563910
6882895	511145.b2193	15.9	357926450
6883743	511145.b3132	3.32	205230050
6883727	511145.b3114	141	386725397
6882948	511145.b2249	75.4	1283620100
6881346	511145.b0508	0.118	2669320
6882186	511145.b1422	3.8	64156650
6883207	511145.b2522	5.97	31469800
6880914	511145.b0032	516	-1159096032
6881032	511145.b0155	7.83	140463090
6880905	511145.b0023	1813	100069694
6881231	511145.b0386	336	-671221956
6884880	511145.b4387	9.36	81597032
6884541	511145.b4014	2189	-2041615752
6883254	511145.b2569	308	-674084552
6884296	511145.b3724	62.3	818114160
6882931	511145.b2231	497	-313166614
6884549	511145.b4022	21.1	256825090
6881706	511145.b0906	0.44	6089100
6881599	511145.b0798	0.36	1534300
6881802	511145.b1003	144	726962200
6884842	511145.b4346	0.301	8145480
6884096	511145.b3514	12.6	456005002
6884191	511145.b3612	791	-1317427614
6881533	511145.b0724	60.0	866077080
6883272	511145.b2587	252	71459334
6883099	511145.b2414	9070	2062315408
6881432	511145.b0604	32.1	518968274
6883350	511145.b2690	1.81	14563480
6884630	511145.b4107	16.6	176396780
6883742	511145.b3131	14.3	162571417
6881721	511145.b0921	11.7	143660750
6882780	511145.b2065	241	1730448520
6882749	511145.b2034	84.1	1674490620
6884815	511145.b4314	494	1973335000
6884081	511145.b3498	562	896273916
6883684	511145.b3066	9.39	261427060
6884218	511145.b3639	57.3	1000470200
6883792	511145.b3185	555	1301966760
6882756	511145.b2041	150	-1681669786
6881731	511145.b0931	401	-237941639
6882662	511145.b1927	106	-1544358486
6883149	511145.b2464	2837	1026564562
6881476	511145.b0651	6.06	71608210
6883025	511145.b2326	3.85	27389600
6883297	511145.b2619	1.49	12714525
6883604	511145.b2976	83.3	-1498161256
6881660	511145.b0859	0.503	9976450
6881798	511145.b0999	2.72	6271200
6881082	511145.b0212	55.6	559934335
6883265	511145.b2580	53.7	823382800
6881048	511145.b0172	1666	-533893472
6884552	511145.b4025	1667	-1112361960
6881329	511145.b0487	8.0	43997400
6882570	511145.b1829	75.5	774610800
6882996	511145.b2297	673	-1502028080
6881421	511145.b0593	1035	-1284956144
6883802	511145.b3195	135	1427570760
6882492	511145.b1751	1.27	19211650
6882213	511145.b1451	2.97	87820250
6881749	511145.b0949	57.7	1438441690
6884799	511145.b4297	1.87	44087212
6881712	511145.b0912	2699	-168728592
6882395	511145.b1650	13.7	206317830
6883030	511145.b2331	37.3	260132290
6880888	511145.b0004	651	-565370995
6882811	511145.b2100	1.13	14511600
6883161	511145.b2476	1849	111285020
6883788	511145.b3181	436	-247958636
6882203	511145.b1441	0.461	7694242
6883198	511145.b2513	429	-353391706
6882082	511145.b1304	8798	1369694965
6883080	511145.b2388	202	-1798915926
6883041	511145.b2344	48.6	827796300
6882420	511145.b1677	13197	372802254
6884829	511145.b4328	32.5	473282950
6883634	511145.b3012	1410	-396673284
6883257	511145.b2572	71.7	400951300
6884629	511145.b4106	0	15614
6882002	511145.b1219	108	466598000
6883544	511145.b2906	22.0	440029100
6883579	511145.b2946	45.9	594073400
6883894	511145.b3301	3997	2051717124
6884314	511145.b3742	229	789597000
6884925	511145.b4476	0.215	3356540
6883683	511145.b3065	2203	-1838245296
6883125	511145.b2440	22.2	260857670
6883509	511145.b2869	0.921	26620697
6883692	511145.b3075	7.17	119129520
6883708	511145.b3091	188	-340981346
6884434	511145.b3891	0.408	7362570
6882112	511145.b1335	9.65	103041340
6882274	511145.b1521	507	176786412
6882610	511145.b1869	15.5	83705230
6881661	511145.b0860	36.0	449439960
6883150	511145.b2465	1840	529479614
6884656	511145.b4133	0.203	3797290
6881557	511145.b0756	363	890272704
6883439	511145.b2786	5.41	233572895
6883403	511145.b2748	14.3	65864580
6883785	511145.b3178	934	1095547087
6881341	511145.b0503	1.44	25114300
6882692	511145.b1962	0.161	2484699
6882111	511145.b1334	273	1226069210
6883083	511145.b2392	274	-1046775496
6881728	511145.b0928	1885	-1604513600
6883406	511145.b2751	633	522640032
6883677	511145.b3059	7.33	44347300
6881889	511145.b1098	82.0	1109430400
6883705	511145.b3088	3.23	38579654
6884738	511145.b4220	45.8	1302206950
6882098	511145.b1321	4.87	104073110
6884457	511145.b3916	1230	1649237276
6881501	511145.b0687	557	1120194704
6880980	511145.b0102	81.4	1093492340
6881026	511145.b0149	63.3	-1601422206
6882710	511145.b1990	132	1896077460
6884353	511145.b3794	34.5	442625210
6881882	511145.b1091	827	1100146298
6884838	511145.b4337	0.202	2541040
6882051	511145.b1273	46.6	219476800
6882050	511145.b1272	304	1057519224
6884749	511145.b4234	305	1720600100
6882800	511145.b2088	2.21	27962980
6882271	511145.b1518	1.26	6926900
6882505	511145.b1764	334	-2034590252
6881411	511145.b0583	7.09	75521650
6883187	511145.b2502	49.2	1443497320
6881427	511145.b0599	31.5	324256830
6884216	511145.b3637	2888	-1563046872
6881216	511145.b0368	7.43	84382240
6883808	511145.b3201	221	-1550416086
6880990	511145.b0113	32.5	290697000
6883759	511145.b3150	354	-981623346
6884577	511145.b4051	790	-147286592
6883913	511145.b3320	3168	-365220394
6884660	511145.b4138	62.1	901567200
6882541	511145.b1800	15.0	316267500
6881511	511145.b0699	64.9	289573000
6884285	511145.b3713	645	-377978806
6884135	511145.b3555	4.65	22279496
6881033	511145.b0156	7.01	44449700
6881915	511145.b1124	29.5	135373000
6883451	511145.b2798	4.7	50837540
6884486	511145.b3945	50.2	645631710
6883148	511145.b2463	390	-19689888
6881316	511145.b0474	1120	1903409938
6882180	511145.b1414	291	-1080614196
6881999	511145.b1216	4.68	58361800
6884689	511145.b4170	24.4	641175350
6884368	511145.b3816	66.7	909178100
6882368	511145.b1623	19.1	263747000
6884451	511145.b3908	3576	910086820
6883539	511145.b2901	360	-378429092
6884975	511145.b4558	141	527936200
6884779	511145.b4267	0.043	897380
6881633	511145.b0832	10.5	119020000
6881107	511145.b0243	420	1814615608
6884373	511145.b3821	30.9	556645530
6881200	511145.b0350	1.56	19439200
6881768	511145.b0968	106	399597150
6881841	511145.b1049	98.0	-1398569082
6881724	511145.b0924	63.1	99158949
6883760	511145.b3151	6.19	77903000
6881551	511145.b0750	11.4	175055140
6881326	511145.b0484	172	384055374
6882791	511145.b2076	1.6	76238106
6882789	511145.b2074	27.5	499144330
6884171	511145.b3591	42.2	1217675180
6883005	511145.b2306	68.5	651946614
6882844	511145.b2137	118	1055616286
6881424	511145.b0596	328	89743004
6882608	511145.b1867	12.0	80650090
6883457	511145.b2804	278	1367897000
6881051	511145.b0175	20.1	115340000
6883117	511145.b2432	59.3	405627473
6881307	511145.b0465	27.7	1200061117
6881074	511145.b0198	42.6	325232000
6881351	511145.b0514	0.879	15050200
6884338	511145.b3778	24.7	822073288
6884748	511145.b4233	233	-356700196
6881506	511145.b0694	21.7	313385470
6883378	511145.b2723	0.28	4028800
6881491	511145.b0677	275	26998304
6883561	511145.b2925	4203	1058555808
6882247	511145.b1490	4.97	133172660
6883185	511145.b2500	48.4	494091600
6884055	511145.b3470	8.89	35059600
6884210	511145.b3631	14.9	226614650
6884845	511145.b4349	35.9	1057847407
6883800	511145.b3193	252	-2043275596
6884043	511145.b3458	41.3	752428120
6882084	511145.b1306	261	1053251800
6884757	511145.b4243	1736	-2021282312
6884684	511145.b4162	466	25377064
6884542	511145.b4015	6420	1428777802
6884025	511145.b3439	84.1	829081400
6884878	511145.b4385	1.56	25262420
6883974	511145.b3383	0.22	2998210
6882967	511145.b2268	8.14	109447000
6881654	511145.b0853	0.97	7720900
6881898	511145.b1107	32.3	459249180
6882944	511145.b2245	0.879	5664500
6882047	511145.b1269	182	1978784450
6884424	511145.b3881	6.42	69239100
6882212	511145.b1450	3.69	37546300
6882894	511145.b2192	0.048	8290720
6881036	511145.b0159	457	539316204
6883686	511145.b3068	408	-771644396
6881265	511145.b0422	6.33	31498200
6882940	511145.b2241	10.5	335279900
6884566	511145.b4040	21.1	156983000
6884572	511145.b4046	0.472	4538600
6883481	511145.b2831	0.23	3211350
6884487	511145.b3946	1.14	19977660
6883466	511145.b2813	11.8	146919840
6884020	511145.b3432	84.4	-1171042346
6881352	511145.b0515	113	914434000
6882283	511145.b1530	0.98	5725800
6883593	511145.b2960	128	1168793200
6883100	511145.b2415	2226	-1718170992
6883492	511145.b2842	11.3	158819770
6882639	511145.b1900	0.998	19955412
6884017	511145.b3429	199	-481775796
6883997	511145.b3406	30.0	237180200
6883015	511145.b2316	333	-391819696
6882301	511145.b1550	1785	-1246913592
6880959	511145.b0080	34.1	590677500
6882499	511145.b1758	2.0	9756415
6884305	511145.b3733	942	879676512
6883397	511145.b2742	306	-1664153396
6882738	511145.b2022	823	1038751308
6881182	511145.b0331	0.061	976240
6883110	511145.b2425	505	1521923289
6882577	511145.b1836	70.6	199400200
6881023	511145.b0146	21.1	244949670
6884687	511145.b4168	124	981980000
6883336	511145.b2674	37.6	198003869
6882971	511145.b2272	1.88	14858700
6882792	511145.b2077	0.128	1207200
6883490	511145.b2840	30.9	415625000
6882846	511145.b2141	1.83	7819200
6881071	511145.b0195	10.9	119256700
6884767	511145.b4255	62.7	200195800
6883045	511145.b2349	1.48	29031470
6883434	511145.b2781	11.2	117622860
6884026	511145.b3440	176	-1274758196
6881546	511145.b0738	105	481042000
6882843	511145.b2136	1.47	13065500
6883618	511145.b2992	0.392	1192100
6882949	511145.b2250	0.288	1425700
6883545	511145.b2907	8.81	168109120
6881243	511145.b0400	3.68	56703377
6881294	511145.b0451	15.0	67937100
6881364	511145.b0528	177	950300000
6881157	511145.b0304	53.5	1162197000
6884988	511145.b4595	1.26	1606900
6881998	511145.b1215	1621	890531816
6882126	511145.b1349	0.583	6513070
6881559	511145.b0758	1.51	31245190
6882253	511145.b1496	1.66	33400222
6884358	511145.b3803	180	-747843846
6881948	511145.b1162	7.63	98153400
6882810	511145.b2099	11.3	158519800
6881726	511145.b0926	1.37	14947134
6881547	511145.b0739	18.4	215939957
6881558	511145.b0757	60.2	718378600
6882735	511145.b2019	1180	1354521862
6882502	511145.b1761	1731	-795392564
6882041	511145.b1263	3327	-1395670252
6884278	511145.b3706	95.5	-1957675596
6883650	511145.b3030	31.1	974842725
6884199	511145.b3620	22.0	448523880
6882934	511145.b2234	699	-1424384076
6881629	511145.b0828	49.7	807694400
6883876	511145.b3281	93.2	911894060
6883603	511145.b2975	0.335	5341980
6884340	511145.b3780	248	1308262512
6881959	511145.b1176	153	1621295990
6881638	511145.b0837	3.25	56115020
6882336	511145.b1591	31.2	305819800
6883469	511145.b2819	7.44	220984840
6881010	511145.b0133	740	748523508
6881247	511145.b0404	0.242	2674999
6883269	511145.b2584	4.24	136458920
6883858	511145.b3255	388	-1858505996
6883019	511145.b2320	573	-325794873
6883590	511145.b2957	1.05	21302360
6883576	511145.b2943	24.0	251803600
6883075	511145.b2383	0.034	6657300
6880972	511145.b0093	12.2	132184540
6881038	511145.b0161	628	-646095288
6882805	511145.b2094	307	2023810350
6882330	511145.b1585	1.23	11417270
6881084	511145.b0214	32.0	330812000
6884049	511145.b3464	239	887353784
6882953	511145.b2254	1.22	18344010
6883723	511145.b3106	5.14	74078470
6884228	511145.b3649	37.1	155928000
6881073	511145.b0197	4976	1456063052
6883008	511145.b2309	77.4	1038323610
6882892	511145.b2187	22.8	124847300
6884287	511145.b3715	0.135	1417500
6882045	511145.b1267	358	-333293096
6882747	511145.b2032	40.0	898002150
6883098	511145.b2413	52.2	276792700
6884180	511145.b3601	6.0	34183060
6882733	511145.b2017	2.04	9409000
6884564	511145.b4037	1.44	7843200
6882149	511145.b1381	3.25	155061288
6884632	511145.b4109	0.082	1732230
6884332	511145.b3770	333	-202362696
6883001	511145.b2302	62.6	535229500
6884327	511145.b3755	57.6	420915200
6883184	511145.b2499	560	-1787927192
6883533	511145.b2895	4.09	27844380
6884897	511145.b4406	85.9	266816400
6881278	511145.b0435	73.3	313408370
6882713	511145.b1993	2.7	13473619
6884241	511145.b3663	1.5	13269200
6883831	511145.b3225	25.5	315747740
6883218	511145.b2533	159	-1712504296
6884212	511145.b3633	11.7	248976080
6881753	511145.b0953	339	869604300
6883828	511145.b3222	2.66	29683200
6881299	511145.b0457	4.67	100520300
6884326	511145.b3754	0.198	3155560
6882073	511145.b1295	0.674	5058590
6883340	511145.b2678	7.27	28912130
6883214	511145.b2529	46.2	312856732
6884301	511145.b3729	512	-1285706748
6883279	511145.b2599	2641	420693832
6882467	511145.b1726	166	355027930
6882601	511145.b1860	19.5	311407600
6882511	511145.b1770	21.4	277734070
6882044	511145.b1266	1.87	12400700
6882725	511145.b2009	86.8	501983200
6881004	511145.b0127	149	-1978469046
6882648	511145.b1913	48.2	1575041540
6881207	511145.b0357	32.5	148714596
6884091	511145.b3509	10.6	48908000
6881156	511145.b0303	11.3	27938900
6881488	511145.b0674	401	1457558218
6883853	511145.b3249	0.076	910680
6884763	511145.b4251	9.64	82971410
6882641	511145.b1902	14.5	344001761
6881344	511145.b0506	203	-1910085286
6884682	511145.b4160	137	1673232054
6884181	511145.b3602	149	514287100
6881723	511145.b0923	128	1535608300
6883365	511145.b2710	4.44	53252440
6882793	511145.b2078	7.14	205458000
6884121	511145.b3540	13.6	191115410
6883845	511145.b3239	15.9	94658000
6881040	511145.b0163	1170	-1790276892
6882914	511145.b2212	2.12	36435200
6880960	511145.b0081	107	806944000
6882355	511145.b1610	15.9	218882680
6883419	511145.b2764	337	-2038683422
6881530	511145.b0721	19.8	163233700
6883583	511145.b2950	11.8	233954000
6883946	511145.b3353	1.32	21422470
6884221	511145.b3642	6.07	80622790
6882216	511145.b1454	5.59	30466390
6882290	511145.b1537	156	1584483830
6883072	511145.b2380	6.36	420980800
6884672	511145.b4150	18.1	355987930
6883079	511145.b2387	0.081	558030
6883330	511145.b2668	67.0	334283600
6884584	511145.b4058	3.31	150768950
6881917	511145.b1126	136	-1980241402
6881920	511145.b1129	9.89	244278420
6884047	511145.b3462	64.0	1085024282
6882288	511145.b1535	0.07	1019800
6881594	511145.b0793	1.4	29435300
6880899	511145.b0016	0.249	15918700
6883157	511145.b2472	50.5	909960720
6882269	511145.b1516	4.6	55407290
6881187	511145.b0337	82.8	978912440
6881284	511145.b0441	606	2114334268
6883056	511145.b2364	1.16	19659198
6884320	511145.b3748	0.85	6158430
6881336	511145.b0494	109	1524481000
6883608	511145.b2982	0.048	8290720
6881502	511145.b0688	772	1619644006
6884535	511145.b4004	2.41	55061100
6883741	511145.b3130	12.8	59808380
6884885	511145.b4392	102	-871637976
6882879	511145.b2174	4.3	52682800
6882468	511145.b1727	103	1370063100
6883977	511145.b3386	953	1617384204
6884407	511145.b3863	220	730523868
6883857	511145.b3253	570	-728880372
6882030	511145.b1252	388	-2124931876
6881679	511145.b0878	65.0	1174544900
6884501	511145.b3961	113	1663257730
6884488	511145.b3947	0.035	6657300
6884313	511145.b3741	111	-1924960606
6881461	511145.b0636	12.7	126089000
6881509	511145.b0697	1.03	24161210
6881119	511145.b0259	0.048	8290720
6883458	511145.b2805	0.148	1936300
6881852	511145.b1061	0.949	5109400
6883597	511145.b2964	0.205	2421401
6884200	511145.b3621	3.29	50634740
6884707	511145.b4188	0.357	896030
6881605	511145.b0804	194	1872931775
6884280	511145.b3708	284	1903714554
6881295	511145.b0452	281	-1903130296
6884378	511145.b3826	130	1174770300
6884511	511145.b3980	8741	-1989981732
6881747	511145.b0947	44.9	654930990
6884470	511145.b3929	134	1400062000
6883337	511145.b2675	530	662082636
6882235	511145.b1478	2.82	48763370
6881765	511145.b0965	640	552493904
6883112	511145.b2427	3.58	59041840
6881516	511145.b0707	54.9	665168980
6883291	511145.b2611	12.1	83979320
6884426	511145.b3883	0.041	546560
6884304	511145.b3732	2168	1327263368
6882273	511145.b1520	1.25	20413410
6883850	511145.b3244	174	-1288077896
6884249	511145.b3671	137	-1039466896
6881961	511145.b1178	2696	1008896112
6883883	511145.b3290	60.8	905437695
6881130	511145.b0272	13.1	184710300
6882845	511145.b2140	2.69	62151690
6881492	511145.b0678	716	-512503265
6882348	511145.b1603	502	-577856388
6881584	511145.b0783	311	1919907222
6884688	511145.b4169	3.4	43324120
6883286	511145.b2606	5099	885506843
6883778	511145.b3169	754	-1164333814
6883817	511145.b3210	48.8	1863489790
6883811	511145.b3204	329	-1811388686
6882405	511145.b1660	0.922	3923660
6881478	511145.b0653	3.12	32543000
6881705	511145.b0905	28.2	664743700
6884591	511145.b4065	2.56	42854200
6881422	511145.b0594	417	-822779192
6883991	511145.b3400	45.3	131127000
6882935	511145.b2235	380	-1921773702
6884512	511145.b3981	43.6	402026250
6884548	511145.b4021	9.58	100289300
6882798	511145.b2085	52.9	315680120
6883158	511145.b2473	19.4	145511400
6881702	511145.b0902	77.9	982897284
6881535	511145.b0727	981	-402471528
6881365	511145.b0529	523	1990162304
6882836	511145.b2129	11.2	195500414
6883391	511145.b2736	0.069	1143500
6882397	511145.b1652	18.8	158550900
6881581	511145.b0780	14.2	212601000
6881093	511145.b0225	3.7	18691300
6884015	511145.b3426	160	330095624
6881046	511145.b0170	4550	-1822058732
6882994	511145.b2295	3.38	9251734
6883807	511145.b3200	94.6	524225300
6883256	511145.b2571	83.3	1104470860
6884658	511145.b4136	18.4	349840680
6884316	511145.b3744	12.5	171103560
6881600	511145.b0799	1.41	40075340
6883209	511145.b2524	5.73	15565900
6882794	511145.b2079	143	1669295700
6882739	511145.b2023	458	-31273196
6882024	511145.b1246	49.0	881409520
6882595	511145.b1854	709	1815902312
6883551	511145.b2914	986	-2054441492
6881886	511145.b1095	248	-1352451112
6882880	511145.b2175	5.68	21089410
6883572	511145.b2938	352	712571578
6883321	511145.b2659	17.1	326061970
6881621	511145.b0820	316	-752136902
6884527	511145.b3996	12.3	200520339
6882016	511145.b1236	1068	867288112
6884590	511145.b4064	70.1	668074700
6884892	511145.b4399	1.2	27121800
6881987	511145.b1204	58.6	637926573
6882370	511145.b1625	312	1793011500
6883966	511145.b3375	24.6	276025260
6883934	511145.b3341	5278	88150306
6883570	511145.b2936	21.2	237831500
6882272	511145.b1519	51.5	548883000
6881636	511145.b0835	20.7	323157190
6883838	511145.b3232	32.0	686419800
6884710	511145.b4191	13.5	145792800
6882054	511145.b1276	241	1751733804
6882842	511145.b2135	28.6	97051700
6883855	511145.b3251	1001	715961202
6884276	511145.b3704	12.1	49460330
6881576	511145.b0775	1.79	28802516
6884540	511145.b4013	205	-1413198096
6882702	511145.b1976	33.2	230164700
6882838	511145.b2131	23.1	247276860
6884731	511145.b4213	20.3	634618373
6883870	511145.b3267	0.048	152310
6883488	511145.b2838	25.6	381086180
6884080	511145.b3497	5.99	70567864
6884773	511145.b4261	43.5	579538490
6884768	511145.b4256	154	1116556000
6881832	511145.b1040	15.4	248180200
6881255	511145.b0412	27.5	188019000
6882457	511145.b1714	1404	-50796676
6881480	511145.b0655	99.9	1106990440
6882277	511145.b1524	9.5	155728820
6883523	511145.b2883	4.31	83814052
6882649	511145.b1914	28.5	422268300
6882325	511145.b1580	420	257737164
6884932	511145.b4483	1.25	16237300
6882686	511145.b1956	28.7	721114100
6884375	511145.b3823	9.04	77394600
6880987	511145.b0110	8.51	75071120
6883323	511145.b2661	825	-105160758
6882102	511145.b1325	28.1	339062360
6882864	511145.b2159	77.8	885020700
6882834	511145.b2127	3.15	35547890
6880928	511145.b0046	22.0	157613260
6883834	511145.b3228	34.2	222742000
6884350	511145.b3791	50.7	756553000
6881266	511145.b0423	71.6	1416217360
6883353	511145.b2698	3.42	24046290
6883073	511145.b2381	77.8	895833400
6881537	511145.b0729	1042	1880813742
6882222	511145.b1463	0.832	14141000
6881556	511145.b0755	9583	-447731304
6883282	511145.b2602	5.84	21864600
6881627	511145.b0826	1.1	17696700
6883064	511145.b2372	0.054	761130
6881640	511145.b0839	606	-1009202138
6883945	511145.b3352	35.8	1177927254
6881580	511145.b0779	196	1508524934
6881760	511145.b0960	1.5	43424510
6880992	511145.b0115	2135	-1949279038
6883661	511145.b3042	605	-1811093696
6884770	511145.b4258	483	-227254500
6883040	511145.b2343	47.4	241124370
6884414	511145.b3871	1388	868642764
6884006	511145.b3415	14.4	274384170
6882019	511145.b1241	3157	1597981828
6882959	511145.b2260	1.5	27471120
6881500	511145.b0686	91.4	1310084160
6882445	511145.b1702	536	-675383804
6883757	511145.b3148	0.293	1853260
6881024	511145.b0147	1.39	17390500
6883995	511145.b3404	4.03	94102500
6880998	511145.b0121	430	245620004
6881160	511145.b0307	0.002	25250
6883135	511145.b2450	53.4	723397440
6881991	511145.b1208	96.2	1169935090
6884675	511145.b4153	12.8	131908600
6882561	511145.b1820	0.914	4840800
6883783	511145.b3176	545	-679253888
6881598	511145.b0797	5.99	137587620
6884725	511145.b4207	515	505381404
6882958	511145.b2259	17.0	58109800
6883049	511145.b2354	0.416	1962200
6884381	511145.b3829	2117	-1865875536
6881219	511145.b0373	2.21	27962980
6882830	511145.b2123	3.36	36284800
6884208	511145.b3629	2.37	48143870
6881373	511145.b0540	2.21	27962980
6883952	511145.b3359	495	-811144132
6881213	511145.b0365	9.28	137828550
6884185	511145.b3606	10.7	108965000
6883334	511145.b2672	534	-2003888676
6882380	511145.b1635	1190	10988312
6882901	511145.b2199	0.494	6731920
6881608	511145.b0807	14.9	115336538
6881623	511145.b0822	161	-2118097996
6883113	511145.b2428	8.65	136880070
6883243	511145.b2558	0.247	8411230
6882426	511145.b1683	150	-670124276
6881838	511145.b1046	3.51	84777120
6884721	511145.b4202	1765	6248264
6880993	511145.b0116	2739	1907374552
6882878	511145.b2173	17.1	310709400
6883571	511145.b2937	210	-1924851506
6880913	511145.b0031	289	-346961866
6883892	511145.b3299	64.1	18279000
6882729	511145.b2013	0.924	9102100
6880958	511145.b0078	630	-139558596
6883580	511145.b2947	261	-281004396
6883237	511145.b2552	14.1	278527600
6884078	511145.b3495	7393	-1741870280
6881918	511145.b1127	315	1854027484
6884966	511145.b4546	1.88	10088600
6884349	511145.b3790	2.28	26613640
6881971	511145.b1188	45.8	771798970
6883584	511145.b2951	186	-762899006
6882884	511145.b2179	0.195	2546350
6883801	511145.b3194	17.8	186591990
6883902	511145.b3309	2744	-38016988
6882461	511145.b1718	1620	1777282248
6882033	511145.b1255	19.9	125158720
6884539	511145.b4012	0.889	6663300
6882189	511145.b1426	55.5	60958073
6880973	511145.b0094	162	-1898107796
6884196	511145.b3617	113	1844066020
6883652	511145.b3032	2.57	39612646
6881877	511145.b1086	43.5	584277371
6884507	511145.b3967	27.5	524124750
6881479	511145.b0654	2.13	19751620
6884481	511145.b3940	164	2140795814
6883549	511145.b2912	6.9	51918500
6882704	511145.b1981	41.2	443502300
6881770	511145.b0970	4.23	6562000
6881965	511145.b1182	18.8	283969580
6884005	511145.b3414	873	-1529891062
6882061	511145.b1283	379	276847000
6883066	511145.b2374	11.7	393828500
6884072	511145.b3487	53.5	891480180
6882022	511145.b1244	49.0	613689000
6881428	511145.b0600	76.5	883801900
6883096	511145.b2411	51.5	1635117390
6882832	511145.b2125	19.5	304365100
6881331	511145.b0489	84.7	1190116900
6882422	511145.b1679	119	962447070
6883463	511145.b2810	10.2	203168700
6882419	511145.b1676	2577	-447750144
6881195	511145.b0345	7.6	136373290
6881761	511145.b0961	155	540163800
6881899	511145.b1108	628	956828154
6883896	511145.b3303	4257	-1646589878
6884339	511145.b3779	34.0	795437500
6882840	511145.b2133	172	656833257
6882617	511145.b1876	314	1235655568
6884045	511145.b3460	272	-951683436
6884059	511145.b3474	1.58	12866910
6882365	511145.b1620	0.698	16722500
6882376	511145.b1631	54.1	619024780
6881655	511145.b0854	62.3	996616100
6884219	511145.b3640	73.2	492571180
6884533	511145.b4002	1.29	8416300
6883776	511145.b3167	526	-1186956916
6882796	511145.b2081	370	-1728791752
6883119	511145.b2434	28.5	241653700
6881106	511145.b0242	286	525971304
6884262	511145.b3687	576	-541280196
6882339	511145.b1594	9.39	185289420
6882239	511145.b1482	6550	-376801222
6882052	511145.b1274	88.4	-901912321
6881091	511145.b0223	156	1988375600
6884755	511145.b4241	33.6	473917780
6884367	511145.b3813	37.9	1105043610
6883859	511145.b3256	587	-1328622498
6884663	511145.b4141	0.596	4814505
6884007	511145.b3416	27.2	803647460
6881217	511145.b0369	361	833293774
6884034	511145.b3449	62.6	826727112
6883108	511145.b2423	1.74	13438500
6881847	511145.b1056	57.7	606230438
6882911	511145.b2209	28.1	243353890
6881050	511145.b0174	568	1684181172
6884647	511145.b4124	26.0	259908750
6881242	511145.b0399	51.6	425795780
6881885	511145.b1094	5888	1953044112
6883405	511145.b2750	140	1325264300
6883803	511145.b3196	2.0	92531000
6881672	511145.b0871	1054	-200893980
6882379	511145.b1634	5.85	95615730
6884876	511145.b4383	1375	-625816866
6883841	511145.b3235	14.1	255377100
6881176	511145.b0325	461	-1189617392
6881586	511145.b0785	174	882649000
6881606	511145.b0805	328	-401580472
6882573	511145.b1832	149	1329185200
6881465	511145.b0640	1.24	18854030
6881138	511145.b0281	1.2	28049720
6883037	511145.b2340	68.4	266075250
6881977	511145.b1194	0.432	5427180
6884652	511145.b4129	397	-1362336984
6884787	511145.b4280	10.4	150947580
6881393	511145.b0565	3698	-1092996036
6881631	511145.b0830	72.0	1582244800
6884336	511145.b3774	5186	1374286910
6881166	511145.b0314	3.69	85496420
6881827	511145.b1035	208	1710470300
6883581	511145.b2948	155	1696886700
6881756	511145.b0956	53.3	422536060
6880962	511145.b0083	20.1	104746100
6884473	511145.b3932	236	1301219920
6884035	511145.b3450	5.81	100276400
6883953	511145.b3360	16.5	129849300
6880953	511145.b0073	1900	1616868520
6882386	511145.b1641	1624	-1152539188
6883810	511145.b3203	2777	-1881588082
6882665	511145.b1930	10.1	29754000
6881143	511145.b0287	379	-1454350396
6882751	511145.b2036	328	2054508894
6882737	511145.b2021	619	781710278
6883542	511145.b2904	15.0	52096760
6881686	511145.b0886	51.4	918664100
6884515	511145.b3984	4500	-721238648
6882857	511145.b2152	2.62	55551840
6881090	511145.b0222	782	-1171525892
6881186	511145.b0336	7.19	40654820
6881322	511145.b0480	80.2	-2104191666
6884669	511145.b4147	888	679673994
6881884	511145.b1093	861	-546318232
6884804	511145.b4302	1.62	12844000
6882363	511145.b1618	14.8	202386850
6881829	511145.b1037	83.7	1126434820
6883774	511145.b3165	4882	-1382130692
6883992	511145.b3401	54.5	621157700
6882371	511145.b1626	0.141	611810
6883658	511145.b3039	11.6	112008000
6881708	511145.b0908	376	-533173412
6883849	511145.b3243	6.51	116588080
6882736	511145.b2020	732	151602708
6882963	511145.b2264	1.9	50184630
6881585	511145.b0784	39.2	146814100
6882924	511145.b2222	2.71	20644900
6884817	511145.b4316	44.5	518783900
6884233	511145.b3654	5.13	21648000
6881457	511145.b0632	585	-695220288
6881127	511145.b0269	0.1	2904122
6883796	511145.b3189	201	-92423936
6882421	511145.b1678	270	-1359209006
6882036	511145.b1258	940	-1914368792
6882192	511145.b1429	2.43	24868200
6881087	511145.b0219	59.8	732558000
6884092	511145.b3510	6.7	9842400
6881995	511145.b1212	0.653	10952900
6881452	511145.b0627	53.4	257889163
6881398	511145.b0570	1.27	40988840
6883704	511145.b3087	57.4	614841530
6882623	511145.b1882	7.27	48450000
6884362	511145.b3807	49.0	270269300
6880995	511145.b0118	93.9	-207930818
6884614	511145.b4088	3.28	30692300
6884671	511145.b4149	118	1223853200
6883667	511145.b3049	14.6	36231000
6881037	511145.b0160	10.5	241710050
6880910	511145.b0028	52.7	232718394
6882779	511145.b2064	41.8	1303042544
6882993	511145.b2294	1484	583933712
6884635	511145.b4112	2.67	52015844
6883029	511145.b2330	302	-1787996766
6883067	511145.b2375	2.98	24289510
6881590	511145.b0789	12.2	244188070
6882148	511145.b1380	581	-1218652192
6881703	511145.b0903	5056	1949567510
6882621	511145.b1880	0.202	2741500
6883560	511145.b2924	1845	822405520
6883614	511145.b2988	352	1698758718
6883562	511145.b2926	4024	241612998
6882168	511145.b1400	6.7	72549200
6883520	511145.b2880	0.142	2771060
6881974	511145.b1191	12.6	150562680
6881552	511145.b0751	64.6	194772600
6881766	511145.b0966	2.09	3286100
6882593	511145.b1852	951	24351814
6883550	511145.b2913	5351	1895410860
6882685	511145.b1955	184	-1905593176
6881891	511145.b1100	77.8	940978110
6884659	511145.b4137	62.4	276076730
6882447	511145.b1704	243	-732560499
6883980	511145.b3389	179	-1032769226
6884657	511145.b4135	447	51846834
6881904	511145.b1113	0.003	251290
6882341	511145.b1596	12.7	125738600
6882381	511145.b1636	10.3	129683780
6881434	511145.b0606	792	1315005326
6884307	511145.b3735	519	-17057096
6884526	511145.b3995	429	1614286098
6881433	511145.b0605	8273	-1452057928
6884317	511145.b3745	0.627	20098300
6884312	511145.b3740	51.4	668182900
6881236	511145.b0391	259	635570000
6884397	511145.b3848	25.9	493616100
6884640	511145.b4117	6.25	229342029
6882726	511145.b2010	3.74	216090000
6883726	511145.b3113	208	1508381000
6883625	511145.b3001	62.7	1042530770
6881078	511145.b0208	25.1	481081370
6881466	511145.b0641	348	-1641658796
6884416	511145.b3873	1.33	27733500
6884298	511145.b3726	1.47	12629900
6883989	511145.b3398	10.8	298130470
6882760	511145.b2045	0.422	9457400
6883903	511145.b3310	2996	-1248779594
6884270	511145.b3698	6.39	22585900
6883252	511145.b2567	291	-1757364696
6882952	511145.b2253	0.929	18555120
6883994	511145.b3403	242	1650080604
6882424	511145.b1681	142	-1596274706
6884009	511145.b3418	3.14	140869850
6883182	511145.b2497	12.7	112241000
6881000	511145.b0123	89.1	-1762697466
6884743	511145.b4226	1463	-235034038
6881755	511145.b0955	15.8	367298560
6884213	511145.b3634	123	999056700
6882818	511145.b2107	137	613163410
6882172	511145.b1406	285	-819116696
6883369	511145.b2714	1.25	20545520
6883017	511145.b2318	12.9	190858350
6882920	511145.b2218	13.4	758342375
6883881	511145.b3288	178	-1744947376
6884732	511145.b4214	452	465857554
6883000	511145.b2301	110	953710510
6883373	511145.b2718	4.69	17835000
6883159	511145.b2474	0.288	11298640
6881201	511145.b0351	3.59	41561350
6883485	511145.b2835	2.17	23243200
6884000	511145.b3409	56.7	1511104620
6884411	511145.b3868	40.6	897136530
6880948	511145.b0068	0.019	402910
6884699	511145.b4180	108	1219252630
6883730	511145.b3117	4.14	254480000
6882106	511145.b1329	73.5	1958679360
6883939	511145.b3346	391	-1357210016
6882547	511145.b1806	68.1	763578000
6883023	511145.b2324	7.96	249547264
6883433	511145.b2780	356	884493938
6882494	511145.b1753	11.0	130417900
6881131	511145.b0273	28.2	906573810
6882746	511145.b2030	0.048	8290720
6882888	511145.b2183	275	-1774145596
6882571	511145.b1830	204	-2018361672
6884795	511145.b4293	9.5	71157160
6882398	511145.b1653	0.293	27160090
6882146	511145.b1378	6.99	339857166
6882099	511145.b1322	13.5	176102490
6882058	511145.b1280	8.04	177488646
6880937	511145.b0055	33.8	504900750
6881395	511145.b0567	4.7	109695546
6881508	511145.b0696	0.701	4906800
6883598	511145.b2965	49.5	1346874780
6884764	511145.b4252	2733	1306964876
6882711	511145.b1991	22.8	281231106
6884202	511145.b3623	11.1	202651448
6884750	511145.b4235	307	-409717612
6883638	511145.b3018	39.4	379259700
6884412	511145.b3869	11.8	180024910
6881034	511145.b0157	0.205	2283700
6881333	511145.b0491	3.91	46392150
6883197	511145.b2512	363	604881484
6881727	511145.b0927	45.7	444897300
6882559	511145.b1818	275	1273300000
6882165	511145.b1397	0.196	4609310
6883322	511145.b2660	27.7	411430620
6882319	511145.b1570	40.6	263649950
6881092	511145.b0224	0.077	1248100
6883386	511145.b2731	0.406	15690030
6883152	511145.b2467	44.2	330163120
6881029	511145.b0152	6.16	94911470
6882356	511145.b1611	65.5	1363489710
6883071	511145.b2379	56.8	987495300
6883206	511145.b2521	203	-1888676896
6883203	511145.b2518	825	554370180
6883043	511145.b2346	97.8	1254586200
6882885	511145.b2180	7.11	210854310
6883842	511145.b3236	4023	1783994924
6881104	511145.b0240	418	-1629563256
6881436	511145.b0608	1.04	21072830
6884345	511145.b3786	65.8	934851900
6882489	511145.b1748	17.6	305107010
6884933	511145.b4484	0.274	2084700
6882338	511145.b1593	14.2	88331560
6882068	511145.b1290	14.9	214335350
6880931	511145.b0049	31.8	462522143
6882566	511145.b1825	63.4	190839250
6883277	511145.b2597	888	297884024
6883348	511145.b2688	247	723683204
6883211	511145.b2526	23.5	620148680
6882014	511145.b1234	18.0	282695100
6881347	511145.b0509	0.237	4784070
6883210	511145.b2525	8.52	34591900
6881717	511145.b0917	3.04	18308780
6881313	511145.b0471	418	-1793629392
6883536	511145.b2898	592	-1791539092
6882223	511145.b1464	29.0	256339923
6881049	511145.b0173	20.3	412481035
6881893	511145.b1102	192	-2120484042
6884112	511145.b3530	1.2	73728340
6882403	511145.b1658	245	413890204
6881689	511145.b0889	2132	-1772621234
6883248	511145.b2563	2.89	25621329
6884039	511145.b3454	267	-1449868266
6883251	511145.b2566	76.9	1005844870
6882882	511145.b2177	6.01	176377740
6884380	511145.b3828	7.13	109026691
6881520	511145.b0711	93.0	434597000
6884408	511145.b3865	317	-737255896
6881056	511145.b0180	669	1685052704
6881075	511145.b0199	248	-986422966
6883887	511145.b3294	4476	-890862184
6883085	511145.b2394	0.249	15918700
6881484	511145.b0659	135	293000000
6880932	511145.b0050	27.2	164198000
6882627	511145.b1886	0.212	4389310
6884547	511145.b4020	9.19	173536825
6883642	511145.b3022	21.3	102723800
6883062	511145.b2370	0.968	60703640
6882594	511145.b1853	4.22	62534040
6882295	511145.b1542	10.9	618213700
6884551	511145.b4024	27.5	537979950
6882975	511145.b2276	2.66	44480000
6884283	511145.b3711	2.18	28451400
6883893	511145.b3300	476	706299319
6882408	511145.b1663	26.0	206085179
6884024	511145.b3438	46.4	1164810400
6883464	511145.b2811	54.5	418229200
6883805	511145.b3198	101	857771000
6882917	511145.b2215	2489	-1366142028
6884149	511145.b3569	0.596	10573300
6882782	511145.b2067	0.543	31883690
6884947	511145.b4517	486	-1774306996
6884561	511145.b4034	6.77	153130308
6882382	511145.b1637	769	-1981417184
6884117	511145.b3536	0.798	26961700
6881384	511145.b0552	0.048	8290720
6881027	511145.b0150	438	1357508622
6883432	511145.b2779	4228	1201475064
6884154	511145.b3574	49.5	654321300
6882206	511145.b1444	11.0	246510630
6881545	511145.b0737	144	1195318240
6881412	511145.b0584	1604	-872440460
6883345	511145.b2685	15.2	307129360
6883782	511145.b3175	447	-1981207896
6882942	511145.b2243	1.51	38208666
6884161	511145.b3581	1.02	7606260
6881447	511145.b0620	13.8	141814750
6884879	511145.b4386	11.6	168185022
6883212	511145.b2527	74.9	479080610
6884722	511145.b4203	6349	-2009314888
6881420	511145.b0592	223	-2076424296
6882998	511145.b2299	20.9	183074400
6881438	511145.b0611	93.0	1007281000
6881565	511145.b0764	1.34	17837500
6881664	511145.b0863	126	1322107840
6883626	511145.b3002	43.6	269856600
6884333	511145.b3771	86.4	-2104217146
6884032	511145.b3447	65.8	1663654830
6884229	511145.b3650	18.5	589953612
6884929	511145.b4480	31.3	337426960
6882778	511145.b2063	14.6	251850440
6881116	511145.b0253	0.037	484110
6881777	511145.b0978	0.182	2280270
6881519	511145.b0710	1000	1591480708
6881184	511145.b0334	9.53	391609611
6882042	511145.b1264	2609	-2109433020
6881057	511145.b0181	443	2081967030
6881222	511145.b0377	5.98	88275500
6882268	511145.b1515	0.531	2685710
6881001	511145.b0124	364	-1620215658
6881858	511145.b1067	429	114586704
6881541	511145.b0733	285	-74663286
6884844	511145.b4348	2.64	85827739
6882055	511145.b1277	73.5	587901840
6884901	511145.b4411	6068	-1145901888
6884816	511145.b4315	0.362	4054200
6884594	511145.b4068	5.73	28969000
6883935	511145.b3342	695	-1919059296
6883103	511145.b2418	186	-1782680496
6882835	511145.b2128	0.667	3432570
6884211	511145.b3632	49.4	637822910
6884857	511145.b4361	39.4	484051800
6883447	511145.b2794	147	1657611600
6884318	511145.b3746	27.7	662409220
6883255	511145.b2570	2.95	10690210
6881270	511145.b0427	0.543	6302860
6884579	511145.b4053	24.4	478075200
6883400	511145.b2745	44.7	895390022
6882560	511145.b1819	413	-1939141192
6884299	511145.b3727	2.76	23104890
6881296	511145.b0453	1708	-1679408972
6881534	511145.b0726	266	1663636229
6883532	511145.b2894	2.31	40132800
6881083	511145.b0213	4.74	60199305
6882267	511145.b1514	1.62	18617500
6882000	511145.b1217	93.3	274917038
6883543	511145.b2905	62.4	898679500
6882504	511145.b1763	1.55	62923097
6884729	511145.b4211	81.0	855940080
6881789	511145.b0990	4.1	39327000
6883156	511145.b2471	102	605729741
6882438	511145.b1695	0.089	1955410
6884303	511145.b3731	2034	1117752704
6884742	511145.b4225	1.13	3147300
6884356	511145.b3801	0.002	126010
6882211	511145.b1449	309	-171489296
6884322	511145.b3750	1.27	12295000
6881688	511145.b0888	753	596286408
6884818	511145.b4317	4.75	184647867
6882377	511145.b1632	13.7	102281750
6884300	511145.b3728	51.2	828229715
6882525	511145.b1784	18.8	271081066
6883010	511145.b2311	5.49	61727980
6881105	511145.b0241	38.4	-734927596
6882004	511145.b1221	1034	-1182554592
6883654	511145.b3034	150	1442576000
6882292	511145.b1539	869	1448389704
6884334	511145.b3772	52.4	1332244500
6884261	511145.b3686	556	-1057083376
6881290	511145.b0447	3.33	29985900
6884186	511145.b3607	104	1446867400
6881650	511145.b0849	45.1	112854260
6883142	511145.b2457	2.22	15955550
6883884	511145.b3291	563	-903945696
6881680	511145.b0879	15.8	432195930
6883044	511145.b2347	52.3	442995710
6882411	511145.b1668	91.0	1668434610
6881101	511145.b0237	1709	-1169066368
6881068	511145.b0192	33.4	366530170
6881801	511145.b1002	258	467172734
6883816	511145.b3209	347	-1314713196
6882745	511145.b2029	3147	1110442360
6883273	511145.b2592	1921	527479548
6881486	511145.b0661	54.4	-2069246796
6881670	511145.b0869	9.39	225511120
6883949	511145.b3356	457	-1621894596
6884342	511145.b3783	1049	2103067240
6884354	511145.b3795	1.61	38130260
6884366	511145.b3812	72.1	856933700
6881497	511145.b0683	21.9	149254400
6884665	511145.b4143	4539	1413528328
6884198	511145.b3619	1254	-2097870366
6883116	511145.b2431	173	-1863876846
6881233	511145.b0388	148	1082340300
6882655	511145.b1920	792	-1264213688
6882383	511145.b1638	346	-965280496
6883988	511145.b3397	96.6	1048179000
6881167	511145.b0315	5.43	111391050
6884801	511145.b4299	0.209	4459436
6884467	511145.b3926	280	-935680672
6884003	511145.b3412	22.3	310582580
6881204	511145.b0354	63.7	383818410
6881450	511145.b0623	502	-1825424096
6881100	511145.b0234	0.054	366290
6882012	511145.b1232	984	1691287618
6883450	511145.b2797	0.509	31385000
6882070	511145.b1292	7.49	53851680
6883936	511145.b3343	9.58	56438430
6883804	511145.b3197	175	2106968630
6881794	511145.b0995	7.94	81743490
6881837	511145.b1045	211	2063414300
6882714	511145.b1994	0.053	8290720
6881907	511145.b1116	42.1	647983180
6882023	511145.b1245	67.1	344560580
6883976	511145.b3385	86.5	686497000
6882947	511145.b2248	0.031	469820
6881568	511145.b0767	847	-716399292
6883735	511145.b3124	0.343	7166640
6881063	511145.b0187	63.9	317854500
6882040	511145.b1262	2430	-693890256
6881815	511145.b1019	0.902	16720590
6883910	511145.b3317	6233	-1506132734
6881409	511145.b0581	104	1625486919
6884461	511145.b3920	19.2	186721860
6883459	511145.b2806	23.3	410428160
6884571	511145.b4045	1167	-1881007316
6880957	511145.b0077	203	792434584
6883468	511145.b2818	33.7	633485480
6884184	511145.b3605	183	-532741096
6883851	511145.b3247	77.8	2021715840
6883641	511145.b3021	23.6	209473960
6882143	511145.b1375	2.62	26688200
6880911	511145.b0029	10.3	166536400
6882039	511145.b1261	5969	-563125528
6883843	511145.b3237	95.2	484130650
6883396	511145.b2741	61.3	765832300
6882367	511145.b1622	15.0	300846890
6882688	511145.b1958	103	742060780
6882364	511145.b1619	2315	-721713072
6881321	511145.b0479	0.895	8616300
6882546	511145.b1805	4.29	101318130
6883154	511145.b2469	0.44	13339100
6882591	511145.b1850	1036	-435435192
6883153	511145.b2468	8.99	405380500
6882664	511145.b1929	13.5	249960920
6883292	511145.b2614	1935	-829874188
6882555	511145.b1814	14.0	249618561
6881426	511145.b0598	14.2	231409630
6882282	511145.b1529	0.614	6126298
6884967	511145.b4547	20.2	47253750
6883217	511145.b2532	220	2041253210
6883659	511145.b3040	67.0	266331000
6882351	511145.b1606	32.8	295039980
6884089	511145.b3507	2.73	15878040
6881405	511145.b0577	24.0	440521070
6881549	511145.b0741	2385	173876550
6884263	511145.b3688	14.8	50906000
6881542	511145.b0734	271	2005221000
6884661	511145.b4139	199	-170208346
6884238	511145.b3660	0.02	230580
6881042	511145.b0166	1760	-562571376
6884654	511145.b4131	4.79	199710484
6883448	511145.b2795	184	3986604
6884569	511145.b4043	39.9	416519700
6883799	511145.b3192	785	1509623314
6884483	511145.b3942	125	193467294
6882487	511145.b1746	1.3	31148010
6882464	511145.b1723	370	1012012104
6881779	511145.b0980	27.8	582336300
6883869	511145.b3266	4.55	304701090
6882347	511145.b1602	721	-333461292
6880907	511145.b0025	82.8	1140341340
6881752	511145.b0952	106	786309000
6883239	511145.b2554	28.8	647448440
6884189	511145.b3610	707	-1613979296
6883916	511145.b3323	1.54	26457560
6883296	511145.b2618	8.5	52110430
6884928	511145.b4479	37.1	314951600
6884101	511145.b3519	32.3	898029940
6884066	511145.b3481	39.4	157886300
6883333	511145.b2671	10.9	93001500
6883013	511145.b2314	32.1	247960260
6883435	511145.b2782	24.0	156263070
6881969	511145.b1186	24.3	468068900
6884402	511145.b3858	172	762603900
6884012	511145.b3423	48.0	578625800
6882410	511145.b1667	1012	-1688661292
6882517	511145.b1776	0.009	260080
6881085	511145.b0215	0.219	2449100
6881881	511145.b1090	32.9	455894601
6881070	511145.b0194	1088	-1735238249
6883687	511145.b3070	206	1722416490
6884398	511145.b3849	0.825	7824900
6884776	511145.b4264	4.82	27529900
6883839	511145.b3233	869	-1738559292
6884383	511145.b3831	1540	1195520952
6882848	511145.b2143	447	343035304
6881681	511145.b0880	26.3	87930000
6884264	511145.b3689	28.4	1125478830
6882287	511145.b1534	0.272	2460200
6882480	511145.b1739	2369	774522812
6881047	511145.b0171	271	-1445133356
6884730	511145.b4212	0.308	2409660
6881597	511145.b0796	26.2	359611310
6881485	511145.b0660	536	82922108
6883710	511145.b3093	43.1	370006090
6881855	511145.b1064	2927	389273649
6883236	511145.b2551	5178	-563569640
6881507	511145.b0695	9.22	316094820
6881880	511145.b1089	631	1317255600
6883793	511145.b3186	4306	-1468124780
6884521	511145.b3990	0.036	505840
6884086	511145.b3503	3.16	25244010
6882916	511145.b2214	0.708	14358370
6883275	511145.b2594	199	-2048358553
6884395	511145.b3846	11.5	353474670
6882784	511145.b2069	2.37	45652459
6883888	511145.b3295	2915	1956305044
6882849	511145.b2144	10.6	103763400
6882730	511145.b2014	8.15	109752350
6882015	511145.b1235	42.2	582355800
6882989	511145.b2290	49.6	694709060
6882392	511145.b1647	206	-1781273846
6883787	511145.b3180	621	1937000500
6883505	511145.b2865	39.5	432293600
6884390	511145.b3839	9.0	35588610
6882983	511145.b2284	42.8	971469000
6883298	511145.b2620	167	1036765790
6883165	511145.b2480	1249	1972745587
6884227	511145.b3648	265	-2144036196
6882553	511145.b1812	7.56	151010960
6882781	511145.b2066	96.8	1149421200
6884343	511145.b3784	12.9	108618100
6881729	511145.b0929	1341	1933490024
6883780	511145.b3172	1009	2094932720
6881767	511145.b0967	122	1821476720
6881711	511145.b0911	4296	-611808618
6882652	511145.b1917	150	1336841354
6881137	511145.b0280	0.708	5847000
6881536	511145.b0728	839	-286099694
6883387	511145.b2732	0.159	512610
6882446	511145.b1703	172	-2025819996
6884041	511145.b3456	16.5	276852000
6881240	511145.b0397	0.295	14572010
6884774	511145.b4262	83.6	1120856790
6881254	511145.b0411	235	-1504344296
6883162	511145.b2477	579	-982433792
6884479	511145.b3938	369	1343374900
6883398	511145.b2743	83.0	699384800
6881927	511145.b1136	6774	-1145860844
6883438	511145.b2785	3.62	79712870
6882418	511145.b1675	70.6	148414150
6884124	511145.b3543	5.37	62819760
6882255	511145.b1498	0.941	19979620
6883588	511145.b2955	5.73	82319130
6883773	511145.b3164	1120	1187285808
6884972	511145.b4554	136	486640000
6884913	511145.b4464	4.2	130083010
6884516	511145.b3985	4765	-1420086472
6884413	511145.b3870	2364	2052472694
6881423	511145.b0595	2770	181194792
6881418	511145.b0590	3.98	57903500
6883820	511145.b3213	206	269550884
6884430	511145.b3887	49.1	471419600
6882724	511145.b2008	1.03	12664270
6883493	511145.b2843	1.94	28231100
6882987	511145.b2288	30.3	204065410
6881879	511145.b1088	205	1414302500
6881062	511145.b0186	17.1	497693370
6881223	511145.b0378	56.3	817944530
6883875	511145.b3280	1.17	4491770
6881043	511145.b0167	49.2	-1741523766
6882855	511145.b2150	91.4	2041580720
6882564	511145.b1823	2738	1235798212
6884655	511145.b4132	0.782	6492100
6881453	511145.b0628	7.99	124462370
6882162	511145.b1394	0.002	119910
6882748	511145.b2033	35.6	310612800
6883341	511145.b2679	5.95	59978110
6884645	511145.b4122	6.54	351503600
6884335	511145.b3773	10.2	162927300
6882999	511145.b2300	122	821725100
6883620	511145.b2994	3.15	111452902
6884359	511145.b3804	20.8	219645000
6881691	511145.b0891	50.1	637419265
6882357	511145.b1612	23.0	803838720
6884532	511145.b4001	0.201	1704600
6883183	511145.b2498	1766	222905180
6881011	511145.b0134	1322	219517408
6884889	511145.b4396	193	1948609000
6884460	511145.b3919	3119	-2079423586
6881854	511145.b1063	125	1010935100
6884583	511145.b4057	250	1345110100
6883259	511145.b2574	51.4	1315202700
6881993	511145.b1210	0.12	1537884
6882329	511145.b1584	161	1874612910
6883879	511145.b3284	1.69	10200820
6884188	511145.b3609	1773	387746308
6883548	511145.b2910	176	912490820
6881359	511145.b0523	271	1778638000
6882104	511145.b1327	14.1	253578600
6881975	511145.b1192	57.3	870350350
6880924	511145.b0042	0.059	1145280
6883529	511145.b2891	760	1398523388
6880938	511145.b0058	13.7	107380640
6881639	511145.b0838	1385	2057743912
6884319	511145.b3747	8.1	214469898
6881943	511145.b1156	0.613	5233500
6884132	511145.b3552	24.6	179371290
6881190	511145.b0340	0.045	354435
6884351	511145.b3792	0.443	7750800
6883430	511145.b2777	12.9	130649500
6883790	511145.b3183	230	-1174385196
6883864	511145.b3261	78.3	159203629
6884385	511145.b3833	272	-1096707796
6884848	511145.b4352	43.4	714084960
6883943	511145.b3350	0.991	26348320
6882752	511145.b2037	0.6	10250627
6883629	511145.b3006	1409	2082906048
6882479	511145.b1738	41.2	240679320
6884093	511145.b3511	215	972650000
6883737	511145.b3126	13.1	187345930
6883632	511145.b3010	3.41	49158990
6883228	511145.b2543	4.85	33917000
6884781	511145.b4269	4.42	66161430
6884119	511145.b3538	27.9	413753700
6882602	511145.b1861	152	684681680
6882198	511145.b1435	0.056	1489950
6883335	511145.b2673	1.65	9603820
6882110	511145.b1333	884	-2097706998
6884274	511145.b3702	29.2	765565050
6883779	511145.b3170	105	822049420
6882964	511145.b2265	8.43	207857220
6881164	511145.b0312	76.0	1296512900
6883772	511145.b3163	51.5	683150720
6884734	511145.b4216	1.93	19444910
6882986	511145.b2287	77.5	851330200
6882064	511145.b1286	228	-1434108572
6882187	511145.b1423	24.1	504693000
6881630	511145.b0829	35.1	1161238940
6882236	511145.b1479	119	-1278621846
6883836	511145.b3230	3315	1956955576
6883904	511145.b3311	4122	-1145537592
6881066	511145.b0190	4.6	56896600
6881458	511145.b0633	109	510950490
6881248	511145.b0405	45.2	587072660
6884681	511145.b4159	3.2	176247814
6884828	511145.b4327	0.373	6622300
6882611	511145.b1870	131	1951639000
6882326	511145.b1581	1255	1983408724
6883736	511145.b3125	81.8	1041509000
6884110	511145.b3528	14.7	123433800
6884797	511145.b4295	39.9	616568000
6883534	511145.b2896	0.446	1670190
6881587	511145.b0786	22.3	104694100
6884348	511145.b3789	44.8	1015694400
6883731	511145.b3118	0.22	2447920
6882343	511145.b1598	53.6	545017998
6883006	511145.b2307	3.6	50276580
6881449	511145.b0622	0.976	7955480
6884151	511145.b3571	0.096	2722260
6880989	511145.b0112	49.2	437912650
6882497	511145.b1756	3.72	26446770
6884087	511145.b3505	0.048	8290720
6881358	511145.b0522	52.6	833150200
6884050	511145.b3465	30.1	228889600
6882598	511145.b1857	6694	-213040328
6883124	511145.b2439	35.5	183948000
6881730	511145.b0930	1507	-32629872
6881002	511145.b0125	431	-692911396
6881459	511145.b0634	4.64	53486800
6882754	511145.b2039	430	-619987892
6882651	511145.b1916	1.09	11362100
6881968	511145.b1185	15.0	146448500
6881244	511145.b0401	66.9	606668200
6881611	511145.b0810	18.2	314650500
6883022	511145.b2323	5071	519500652
6881324	511145.b0482	5.58	53515900
6882653	511145.b1918	36.3	357008430
6881748	511145.b0948	43.3	1464168069
6882034	511145.b1256	5.9	56678400
6881825	511145.b1033	219	-1074139556
6881256	511145.b0413	4.04	25645490
6884500	511145.b3960	226	180590024
6883763	511145.b3154	11.2	67610310
6881079	511145.b0209	26.2	244874550
6882790	511145.b2075	3.17	107686780
6880970	511145.b0091	175	-1488312126
6884529	511145.b3998	81.9	1031881300
6884709	511145.b4190	25.3	347128820
6882278	511145.b1525	12.3	294760750
6884927	511145.b4478	1.52	28843500
6881613	511145.b0812	3535	1309219809
6881237	511145.b0393	234	-1293350750
6884399	511145.b3850	105	1053018870
6884565	511145.b4039	5.05	46167100
6884465	511145.b3924	155	1233456300
6884054	511145.b3469	39.5	842886500
6883489	511145.b2839	1.74	33313500
6882981	511145.b2282	8.43	117041100
6882459	511145.b1716	3095	475645178
6882858	511145.b2153	3280	1672190224
6883324	511145.b2662	648	2056421712
6884942	511145.b4511	27.7	94270000
6884083	511145.b3500	339	1619436284
6882369	511145.b1624	60.8	792957286
6881407	511145.b0579	17.5	117325700
6884468	511145.b3927	2.82	18489400
6881028	511145.b0151	75.9	960352800
6881857	511145.b1066	98.4	1051245000
6884886	511145.b4393	66.0	327118130
6883452	511145.b2799	16.6	294414243
6882615	511145.b1874	43.8	619901800
6884201	511145.b3622	0.738	15286630
6884866	511145.b4373	13.8	107208500
6881481	511145.b0656	0.048	8290720
6884850	511145.b4354	83.9	1992991400
6882038	511145.b1260	4368	-1345464944
6883777	511145.b3168	699	-116640575
6881646	511145.b0845	1.29	15202090
6884562	511145.b4035	1.37	27546390
6884631	511145.b4108	25.2	125213700
6882025	511145.b1247	46.5	853592270
6883264	511145.b2579	879	-1162627282
6881718	511145.b0918	193	-2005074096
6881335	511145.b0493	24.7	285668700
6882684	511145.b1953	0.287	1103200
6883480	511145.b2830	20.4	128776500
6884920	511145.b4471	0.54	32162570
6881234	511145.b0389	95.6	191461800
6882049	511145.b1271	148	1805925700
6883326	511145.b2664	0.025	346690
6882048	511145.b1270	29.2	235298700
6881392	511145.b0564	9.06	163135490
6882018	511145.b1238	11.2	112679940
6881634	511145.b0833	1.85	94101240
6882452	511145.b1709	5.18	54402110
6882080	511145.b1302	0.156	3747100
6884894	511145.b4401	1577	-1307992304
6881840	511145.b1048	781	100046616
6883346	511145.b2686	0.313	2067350
6882472	511145.b1731	8.53	42061000
6881921	511145.b1130	623	-479785592
6881077	511145.b0207	234	-1367688996
6883775	511145.b3166	28.1	442064100
6884136	511145.b3556	13.9	95786770
6881094	511145.b0226	5.29	32389815
6882399	511145.b1654	187	1174107130
6883628	511145.b3005	1340	-1909846092
6884053	511145.b3468	3.01	10173000
6881332	511145.b0490	35.0	362612210
6882373	511145.b1628	0.904	9717580
6884022	511145.b3434	0.546	5359600
6882777	511145.b2062	0.033	828570
6881860	511145.b1069	1.44	33059430
6882108	511145.b1331	0.048	8290720
6882378	511145.b1633	3.56	35034550
6883702	511145.b3085	0.557	6235120
6884215	511145.b3636	1725	2141721000
6884190	511145.b3611	548	-619839626
6881245	511145.b0402	5.7	48140470
6884871	511145.b4378	43.0	480053600
6882990	511145.b2291	73.2	644596800
6884585	511145.b4059	883	-1038896392
6881567	511145.b0766	36.6	417076000
6882281	511145.b1528	2.04	32256000
6882470	511145.b1729	400	2002403084
6883180	511145.b2495	56.9	261830500
6881312	511145.b0470	9.33	307470664
6883909	511145.b3316	799	-798290596
6884060	511145.b3475	18.7	68009430
6883115	511145.b2430	0.206	4171400
6884114	511145.b3532	0.576	23289172
6884323	511145.b3751	193	-1232814296
6883762	511145.b3153	366	1996151400
6881637	511145.b0836	4.06	12706500
6883891	511145.b3298	4739	-1165104226
6881338	511145.b0496	7.48	263150486
6881734	511145.b0934	0.005	76574
6881982	511145.b1199	57.1	819505700
6881260	511145.b0417	20.6	276167800
6883288	511145.b2608	81.2	829225200
6884674	511145.b4152	6.02	40343560
6884302	511145.b3730	125	1935318900
6881887	511145.b1096	9.61	132145760
6884509	511145.b3973	20.9	360732300
6882436	511145.b1693	261	-351704196
6883179	511145.b2494	20.0	303866120
6882251	511145.b1494	11.3	534883180
6882429	511145.b1686	69.0	366741540
6883164	511145.b2479	98.9	598028400
6881652	511145.b0851	265	-1685712196
6882592	511145.b1851	15.2	249662913
6884209	511145.b3630	5.36	63310590
6881905	511145.b1114	111	-1490516536
6883109	511145.b2424	5.41	33499700
6882358	511145.b1613	329	1547810394
6884921	511145.b4472	5.39	350816165
6881662	511145.b0861	11.6	98078300
6884864	511145.b4371	63.8	1045832300
6884690	511145.b4171	34.0	596028500
6881274	511145.b0431	279	-90398396
6883134	511145.b2449	6.27	47732000
6881020	511145.b0143	61.1	1291367100
6884593	511145.b4067	0.478	9556300
6882409	511145.b1664	28.3	563644700
6884747	511145.b4232	228	-884360466
6883852	511145.b3248	38.5	357912300
6882599	511145.b1858	80.1	1085620300
6882249	511145.b1492	509	1186327204
6882903	511145.b2201	8.62	52949600
6882606	511145.b1865	4.01	41086300
6884079	511145.b3496	3.77	45497350
6882462	511145.b1719	710	-1307579928
6883482	511145.b2832	3.57	38546000
6881930	511145.b1139	0.577	6419100
6883367	511145.b2712	0.245	26521000
6881202	511145.b0352	1.89	26644270
6880898	511145.b0015	258	-500474976
6883477	511145.b2827	305	-1751958596
6882576	511145.b1835	7.25	146276500
6883950	511145.b3357	1574	-1142709570
6881916	511145.b1125	12.1	158975900
6884123	511145.b3542	4.29	29297440
6881895	511145.b1104	14.1	73082800
6881268	511145.b0425	51.9	715164600
6882742	511145.b2026	169	1015949170
6884636	511145.b4113	48.0	350007200
6884603	511145.b4077	4.16	80487500
6882540	511145.b1799	2.17	45450910
6882524	511145.b1783	1321	1935732172
6881994	511145.b1211	26.3	408602200
6882520	511145.b1779	7572	-2008437950
6883955	511145.b3362	31.6	33538330
6883014	511145.b2315	57.7	1184391175
6882181	511145.b1415	279	-2014963912
6884934	511145.b4485	1.78	41894240
6883294	511145.b2616	0.446	17944810
6884042	511145.b3457	6.4	37374403
6883592	511145.b2959	214	1354864000
6884145	511145.b3565	4.89	123431172
6883249	511145.b2564	425	498667604
6883199	511145.b2514	517	-1895272788
6882765	511145.b2050	0.037	734930
6883856	511145.b3252	3.11	101333690
6883048	511145.b2352	9.49	264682463
6883366	511145.b2711	0.718	12892500
6882640	511145.b1901	1.87	32560540
6881008	511145.b0131	37.9	126645810
6881653	511145.b0852	5.29	65319520
6883844	511145.b3238	0.258	1458900
6881328	511145.b0486	0.381	3082900
6881823	511145.b1027	2.21	27962980
6884027	511145.b3441	5.19	50548090
6882807	511145.b2096	654	1981286304
6882802	511145.b2091	4.73	51679930
6882616	511145.b1875	37.3	390956200
6884324	511145.b3752	14.1	179740480
6883097	511145.b2412	282	-1834161496
6883541	511145.b2903	93.9	-1138225776
6882117	511145.b1340	15.0	117432404
6883563	511145.b2927	17.0	252494330
6883940	511145.b3347	285	-1287354696
6884365	511145.b3811	0.345	5483200
6883633	511145.b3011	380	756558204
6883555	511145.b2919	0.845	8402100
6882995	511145.b2296	1101	1901460112
6882876	511145.b2171	202	1157470300
6881647	511145.b0846	0.437	3025240
6884297	511145.b3725	122	1712024224
6883280	511145.b2600	5181	1791532473
6881668	511145.b0867	12.2	154357610
6882475	511145.b1734	0.553	11775890
6884648	511145.b4125	0.792	23046610
6883003	511145.b2304	98.4	1344250530
6882394	511145.b1649	4.02	48852560
6883020	511145.b2321	5.06	86413560
6882077	511145.b1299	3.3	32881200
6882237	511145.b1480	84.6	130701000
6884639	511145.b4116	0.523	7488140
6883472	511145.b2822	7.05	358135530
6883954	511145.b3361	111	1176837480
6882021	511145.b1243	4591	-1746005000
6882101	511145.b1324	2885	237079020
6883101	511145.b2416	2062	-1341347555
6881499	511145.b0685	7.76	24498700
6881025	511145.b0148	10.4	792676027
6884271	511145.b3699	326	-2125049098
6881573	511145.b0772	190	-1635577996
6883621	511145.b2995	0.059	699080
6883701	511145.b3084	4.89	94566350
6882270	511145.b1517	63.1	910649000
6881291	511145.b0448	3.21	81907840
6883558	511145.b2922	1810	844753512
6884441	511145.b3898	0.077	1808010
6883095	511145.b2410	4.17	44603820
6882120	511145.b1343	0.315	6491900
6882961	511145.b2262	569	1102975944
6884806	511145.b4304	0.098	1137900
6883890	511145.b3297	2773	-1570008184
6882590	511145.b1849	327	-2076965262
6883261	511145.b2576	103	2128781620
6882315	511145.b1564	17.1	70348942
6881911	511145.b1120	62.5	645665200
6881685	511145.b0885	1.22	20916080
6884197	511145.b3618	18.9	248291610
6883996	511145.b3405	665	-1931582002
6881052	511145.b0176	66.0	1187751400
6883938	511145.b3345	12.7	46943870
6884668	511145.b4146	2.92	53249780
6884664	511145.b4142	5059	2138385120
6881780	511145.b0981	0.102	3252250
6883877	511145.b3282	40.4	482030270
6881477	511145.b0652	42.1	339608614
6881813	511145.b1015	37.1	508643100
6884269	511145.b3697	243	-1494042086
6881687	511145.b0887	38.6	905689880
6881035	511145.b0158	1.69	32327480
6884633	511145.b4110	0.119	1675300
6883827	511145.b3221	5.7	33517233
6881626	511145.b0825	30.7	267168700
6883016	511145.b2317	13.7	70169960
6880929	511145.b0047	5.44	125480971
6884415	511145.b3872	0.217	2650345
6881875	511145.b1084	402	-323703102
6881725	511145.b0925	16.4	341699423
6882500	511145.b1759	13.4	33689300
6884505	511145.b3965	50.3	932555290
6882506	511145.b1765	574	1220639704
6884737	511145.b4219	325	-1925679696
6884874	511145.b4381	813	1586553308
6880886	511145.b0002	546	1767394660
6884506	511145.b3966	73.4	-2020467296
6884896	511145.b4403	37.0	410506260
6880915	511145.b0033	396	1250708066
6881763	511145.b0963	222	896525280
6882167	511145.b1399	3.41	62376680
6884182	511145.b3603	4.7	107626100
6884875	511145.b4382	180	-77579186
6881850	511145.b1059	146	-1516305896
6881320	511145.b0478	22.6	351153470
6884205	511145.b3626	1.96	36092750
6882663	511145.b1928	178	1354605050
6884052	511145.b3467	110	682451130
6884361	511145.b3806	28.4	1159124500
6884580	511145.b4054	949	-78547184
6884206	511145.b3627	6.24	145750060
6884057	511145.b3472	774	-1218121304
6882768	511145.b2053	7.63	83080780
6881683	511145.b0882	194	-1584987732
6881666	511145.b0865	1076	320333708
6883192	511145.b2507	1182	-1672992872
6881175	511145.b0324	22.7	479537680
6883194	511145.b2509	17.3	405882422
6882808	511145.b2097	1760	-12854276
6883769	511145.b3160	87.6	1227445990
6884207	511145.b3628	13.2	248929550
6881221	511145.b0376	0.846	22026690
6882431	511145.b1688	9.47	84011000
6882980	511145.b2281	38.3	317697600
6884193	511145.b3614	0.42	8322290
6881577	511145.b0776	13.6	196973224
6882889	511145.b2184	0.209	3339400
6883390	511145.b2735	7.67	71011166
6881317	511145.b0475	7.31	78176500
6884543	511145.b4016	16.0	527842230
6881251	511145.b0408	170	1509513844
6883819	511145.b3212	242	2090369852
6884495	511145.b3955	42.9	1018896020
6880912	511145.b0030	2.77	39337620
6882396	511145.b1651	218	1245642800
6884736	511145.b4218	8.17	152829370
6881396	511145.b0568	9.72	742791390
6882490	511145.b1749	294	363713423
6881249	511145.b0406	68.2	1303227180
6882406	511145.b1661	186	12302604
6883862	511145.b3259	66.6	484864900
6884882	511145.b4389	23.1	581889829
6882214	511145.b1452	1037	1267684282
6881583	511145.b0782	688	-814156992
6881826	511145.b1034	61.5	619648310
6882839	511145.b2132	56.1	-2062493056
6884109	511145.b3527	105	-2116374296
6883770	511145.b3161	24.4	218650000
6881304	511145.b0462	197	-630197482
6882191	511145.b1428	4.62	49947780
6883676	511145.b3058	1.9	14527500
6882937	511145.b2237	1.57	12276290
6880918	511145.b0036	0.325	6317010
6883630	511145.b3008	387	1807325344
6883394	511145.b2739	0.33	5733250
6884582	511145.b4056	94.6	518103500
6881257	511145.b0414	68.2	1295520100
6884766	511145.b4254	54.1	1268123510
6883364	511145.b2709	3.24	84964130
6882466	511145.b1725	156	-1970904796
6882460	511145.b1717	98.9	146353000
6884960	511145.b4537	16.1	59144940
6881487	511145.b0662	48.8	802598000
6881281	511145.b0438	216	811222204
6884168	511145.b3588	210	334132394
6883911	511145.b3318	501	1944823620
6882005	511145.b1222	9.63	269594190
6881704	511145.b0904	31.7	195715800
6881076	511145.b0200	33.8	244224700
6881903	511145.b1112	265	642342500
6881562	511145.b0761	83.3	742809220
6884019	511145.b3431	48.5	1309885790
6883975	511145.b3384	810	-1649726395
6882059	511145.b1281	239	-1711571946
6883898	511145.b3305	4985	120247330
6881276	511145.b0433	0.209	5410092
6880940	511145.b0060	1.75	73115260
6882538	511145.b1797	23.7	107929230
6884104	511145.b3522	71.2	813257600
6884775	511145.b4263	91.7	-1978686536
6881601	511145.b0800	294	513779714
6884534	511145.b4003	0.164	2432201
6882717	511145.b2000	285	907061098
6882527	511145.b1786	32.7	846075100
6883552	511145.b2916	205	-2140074026
6881754	511145.b0954	2306	309513906
6881799	511145.b1000	297	-1480286836
6881732	511145.b0932	642	342322514
6883201	511145.b2516	537	1134458364
6884824	511145.b4323	244	-1827614222
6881327	511145.b0485	115	778827300
6881271	511145.b0428	0.14	941490
6882743	511145.b2027	527	-1405697892
6884013	511145.b3424	5.49	41453720
6883766	511145.b3157	5.99	70046400
6884459	511145.b3918	3.95	65699170
6881701	511145.b0901	47.6	387218680
6884038	511145.b3453	12.8	262140530
6881980	511145.b1197	137	-899206216
6882932	511145.b2232	194	-1966487936
6883674	511145.b3056	37.5	824580610
6882265	511145.b1512	2.16	36527364
6881618	511145.b0817	6.97	65073340
6884170	511145.b3590	68.3	-1995675166
6884744	511145.b4227	103	1238848859
6883906	511145.b3313	3546	-283272588
6882075	511145.b1297	0.008	116990
6883127	511145.b2442	0.441	10466110
6881532	511145.b0723	196	606365436
6882448	511145.b1705	2.89	9261540
6883651	511145.b3031	35.5	173853400
6882607	511145.b1866	895	-1935205602
6882859	511145.b2154	57.2	726198700
6881828	511145.b1036	0.62	2977300
6881707	511145.b0907	2907	541606948
6882474	511145.b1733	2.04	34768100
6882732	511145.b2016	148	1976517718
6883238	511145.b2553	289	1802063860
6881714	511145.b0914	68.1	1980751624
6882100	511145.b1323	75.1	1774122750
6884388	511145.b3836	297	1193621160
6883575	511145.b2942	3950	-88727936
6884708	511145.b4189	22.5	100127320
6881853	511145.b1062	710	1835346488
6882391	511145.b1646	27.9	223551920
6881021	511145.b0144	4.34	112102950
6882977	511145.b2278	5.71	98718200
6881523	511145.b0714	1.24	15587100
6884220	511145.b3641	39.3	321627800
6883747	511145.b3138	1.82	11679600
6882119	511145.b1342	20.7	212593300
6884472	511145.b3931	355	-411391492
6883478	511145.b2828	8.04	127816100
6881602	511145.b0801	241	-1330501396
6882498	511145.b1757	7.35	147937100
6883407	511145.b2752	610	-721438952
6883899	511145.b3306	2179	1219887512
6882893	511145.b2188	22.1	513163300
6884306	511145.b3734	2232	1513221644
6881293	511145.b0450	41.0	280548200
6882899	511145.b2197	0.976	8048340
6882179	511145.b1413	25.6	1794660283
6881300	511145.b0458	3.79	22179050
6881456	511145.b0631	409	1553519000
6884286	511145.b3714	91.5	570815930
6883274	511145.b2593	42.6	618994350
6883615	511145.b2989	1017	-419029888
6884016	511145.b3428	116	-175886366
6881120	511145.b0260	13.9	178789470
6882284	511145.b1531	0.637	13409000
6883675	511145.b3057	2.66	43465150
6881494	511145.b0680	684	-900303584
6881410	511145.b0582	0.249	15918700
6884387	511145.b3835	6.3	193588750
6884427	511145.b3884	15.9	260052200
6884401	511145.b3857	35.3	308690300
6881227	511145.b0382	52.1	269567400
6881489	511145.b0675	228	-1578185296
6884360	511145.b3805	45.0	681482670
6882069	511145.b1291	10.2	172889540
6881610	511145.b0809	324	-1630259522
6883824	511145.b3218	0.048	8290720
6880961	511145.b0082	187	-1681897896
6882548	511145.b1807	54.8	520380200
6883372	511145.b2717	3.72	22850500
6883453	511145.b2800	1.1	9869100
6881173	511145.b0321	5.59	88879570
6883284	511145.b2604	0.509	7980010
6882027	511145.b1249	46.1	1152251400
6882550	511145.b1809	393	1351228000
6884357	511145.b3802	93.4	1325758857
6882508	511145.b1767	71.7	1015125400
6882407	511145.b1662	777	-1709942592
6884463	511145.b3922	458	1524864210
6884610	511145.b4084	0.259	2039900
6883351	511145.b2696	592	1087674000
6884248	511145.b3670	93.3	652986000
6881102	511145.b0238	399	-974563696
6884869	511145.b4376	93.8	820019590
6882060	511145.b1282	20.9	72630100
6883244	511145.b2559	1.53	15493781
6882353	511145.b1608	223	-1395332576
6884825	511145.b4324	14.5	165875230
6883253	511145.b2568	125	1654255800
6884144	511145.b3564	16.6	376430100
6884930	511145.b4481	26.5	224144910
6883471	511145.b2821	46.9	1967183540
6884471	511145.b3930	14.5	62825300
6881064	511145.b0188	15.4	293280510
6884883	511145.b4390	94.8	2050644110
6881737	511145.b0937	0.19	2731590
6881361	511145.b0525	2084	47379312
6880967	511145.b0088	187	-1794930296
6882153	511145.b1385	4.24	66441050
6884536	511145.b4005	250	-268964856
6883837	511145.b3231	3397	1972507806
6882966	511145.b2267	75.6	514018200
6881323	511145.b0481	397	-1340933176
6883352	511145.b2697	673	1268532848
6883402	511145.b2747	29.4	309007300
6883937	511145.b3344	14.2	102334500
6881553	511145.b0752	13.7	68477770
6883467	511145.b2817	0.827	15563332
6882643	511145.b1905	108	839435290
6881890	511145.b1099	4.99	85495130
6884018	511145.b3430	242	668519434
6880935	511145.b0053	319	845928860
6884821	511145.b4320	2.04	15598570
6882440	511145.b1697	1.52	17096100
6882063	511145.b1285	4.67	260923770
6881888	511145.b1097	24.7	338924500
6884884	511145.b4391	693	893220716
6882279	511145.b1526	0.407	4180800
6881579	511145.b0778	128	1014629230
6883047	511145.b2351	51.8	781518600
6884134	511145.b3554	462	-375631996
6881315	511145.b0473	1008	-1169147178
6884308	511145.b3736	1365	-1291556458
6881910	511145.b1119	12.4	136185174
6881957	511145.b1174	488	-1248658096
6883905	511145.b3312	1580	-1205134305
6884518	511145.b3987	788	-189615919
6883740	511145.b3129	17.5	115797830
6882698	511145.b1971	99.2	1915256940
6882588	511145.b1847	1.21	6590880
6882965	511145.b2266	2276	-880918708
6882262	511145.b1507	2.78	61829540
6881769	511145.b0969	58.3	245014300
6881595	511145.b0794	10.1	300651447
6882121	511145.b1344	8.91	129689810
6882638	511145.b1897	104	1598943736
6882066	511145.b1288	2427	-1576410476
6881575	511145.b0774	157	-1603709996
6883942	511145.b3349	1942	437801704
6882877	511145.b2172	6.36	488199597
6882534	511145.b1793	7.13	29487200
6884578	511145.b4052	39.5	1053965256
6884071	511145.b3486	3.39	151168540
6882922	511145.b2220	4.65	147779643
6884222	511145.b3643	3.14	28430700
6883812	511145.b3205	255	-410755286
6883220	511145.b2535	5.14	85118300
6881325	511145.b0483	18.9	93080200
6881677	511145.b0876	12.2	364591340
6883061	511145.b2369	50.4	530901700
6881986	511145.b1203	162	-1251792496
6881044	511145.b0168	662	76271008
6883565	511145.b2929	2.11	23399450
6881908	511145.b1117	106	852661536
6882455	511145.b1712	2042	1231617626
6882289	511145.b1536	20.0	111469830
6882081	511145.b1303	9.68	153062404
6883084	511145.b2393	50.8	955292000
6883193	511145.b2508	2567	1455104426
6883289	511145.b2609	3180	631865408
6883956	511145.b3363	30.2	189446790
6881720	511145.b0920	9.55	101374360
6883420	511145.b2765	4.11	26249620
6883455	511145.b2802	4.7	122870430
6884772	511145.b4260	469	1018659838
6883208	511145.b2523	156	-597455596
6883758	511145.b3149	65.8	340283100
6881859	511145.b1068	37.9	378218650
6880969	511145.b0090	61.6	962317120
6883540	511145.b2902	1.35	15812700
6884174	511145.b3594	0.819	15061420
6884761	511145.b4248	8.73	42571200
6880909	511145.b0027	3.76	23093800
6882950	511145.b2251	1.11	6289800
6882913	511145.b2211	13.4	340089451
6883338	511145.b2676	1039	-1135215888
6884152	511145.b3572	147	-1331795406
6881298	511145.b0456	12.2	78913150
6881377	511145.b0545	2.33	12417800
6883470	511145.b2820	6.56	432424099
6882568	511145.b1827	302	707973704
6882755	511145.b2040	142	1749270050
6883519	511145.b2879	0.617	9104500
6881710	511145.b0910	162	1463150600
6881435	511145.b0607	237	1638887670
6884195	511145.b3616	132	1578702000
6884404	511145.b3860	49.6	524978050
6881894	511145.b1103	315	1564910700
6881935	511145.b1145	34.8	314140874
6883586	511145.b2953	17.6	81494000
6883690	511145.b3073	12.1	259570790
6882658	511145.b1923	1.76	54063827
6881229	511145.b0384	26.2	167672892
6881642	511145.b0841	0.15	1467800
6884040	511145.b3455	201	-1486245636
6882389	511145.b1644	4.31	62480320
6884204	511145.b3625	24.8	180487200
6881055	511145.b0179	260	1938777600
6883670	511145.b3052	267	1449578704
6883987	511145.b3396	16.5	733124701
6881463	511145.b0638	5.65	27675890
6882992	511145.b2293	71.1	535568700
6882387	511145.b1642	237	1695995270
6882753	511145.b2038	114	1190628900
6882201	511145.b1439	2.84	56725700
6884389	511145.b3838	91.1	769510347
6882582	511145.b1841	3.18	8578100
6884839	511145.b4340	0.254	7644600
6881388	511145.b0557	123	534000000
6881845	511145.b1054	11.1	187528680
6883521	511145.b2881	0.019	1050140
6883094	511145.b2409	9.35	167869350
6883290	511145.b2610	185	-528364746
6884959	511145.b4536	25.8	126768020
6883200	511145.b2515	66.7	1308160850
6882071	511145.b1293	4.23	48538500
6883569	511145.b2935	1476	1002968332
6881693	511145.b0893	1168	-830348866
6882328	511145.b1583	79.7	305382710
6883189	511145.b2504	16.8	74220300
6883276	511145.b2595	239	-652592296
6882587	511145.b1846	24.6	202325854
6884090	511145.b3508	2.02	11549000
6881275	511145.b0432	527	1370233774
6884260	511145.b3685	2.48	54032680
6883833	511145.b3227	0.385	3119700
6881926	511145.b1135	19.3	172921110
6881923	511145.b1132	54.3	570679000
6881498	511145.b0684	149	829353130
6884421	511145.b3878	1.1	33359140
6884203	511145.b3624	7.28	127183800
6881206	511145.b0356	17.6	251897670
6884546	511145.b4019	50.4	-1067416146
6884837	511145.b4336	13.6	290458950
6882622	511145.b1881	0.079	715140
6881121	511145.b0261	27.2	367539730
6881990	511145.b1207	729	-1820882888
6882244	511145.b1487	5.49	137403420
6884347	511145.b3788	11.6	329544350
6884677	511145.b4155	11.8	177373640
6883266	511145.b2581	471	1002974804
6881719	511145.b0919	2.66	44468400
6881310	511145.b0468	18.4	123120000
6880936	511145.b0054	218	827945608
6881262	511145.b0419	306	1228309804
6881596	511145.b0795	113	1769798060
6884810	511145.b4309	0.087	712737
6883221	511145.b2536	0.168	2660700
6884438	511145.b3895	10.2	109764320
6883484	511145.b2834	241	-1538179375
6884321	511145.b3749	12.0	321130250
6883002	511145.b2303	475	-741011996
6881671	511145.b0870	209	-922615516
6884563	511145.b4036	4.25	94396800
6881287	511145.b0444	12.7	167068900
6884192	511145.b3613	19.9	385059920
6881058	511145.b0182	20.3	376957150
6881892	511145.b1101	519	-878065522
6883354	511145.b2699	647	923242718
6883163	511145.b2478	979	887739308
6880991	511145.b0114	3052	499891900
6881360	511145.b0524	7.38	117377410
6882874	511145.b2169	160	-1822594196
6883026	511145.b2327	0.381	2982000
6884662	511145.b4140	45.8	163085200
6881060	511145.b0184	1.46	105407115
6881831	511145.b1039	2.04	9126800
6882860	511145.b2155	965	-1631998798
6880893	511145.b0009	85.9	808436530
6882197	511145.b1434	1.37	9932780
6883258	511145.b2573	137	1012643190
6881924	511145.b1133	436	299727404
6882897	511145.b2195	23.1	156447100
6882250	511145.b1493	694	-733253462
6881574	511145.b0773	434	1740955400
6884139	511145.b3559	1078	1406971732
6880902	511145.b0020	7.05	101092840
6881467	511145.b0642	740	-1056861552
6884881	511145.b4388	55.0	1046472590
6880954	511145.b0074	1484	-1071237474
6883007	511145.b2308	6.77	45901200
6881235	511145.b0390	66.4	424971000
6881922	511145.b1131	1569	-2021801576
6882861	511145.b2156	26.8	206209500
6881722	511145.b0922	31.5	923584000
6884155	511145.b3575	0.002	43514
6884382	511145.b3830	349	-1808301996
6884130	511145.b3550	1.06	9836500
6883178	511145.b2493	17.0	159061710
6883755	511145.b3146	72.8	956836160
6883863	511145.b3260	0.756	13105560
6881483	511145.b0658	226	-1444719426
6884911	511145.b4461	12.5	199707089
6884634	511145.b4111	484	-1956167002
6883107	511145.b2422	76.3	1029117161
6880999	511145.b0122	22.5	96821400
6881692	511145.b0892	34.7	892323620
6881591	511145.b0790	34.2	410609300
6882374	511145.b1629	2.02	59210920
6884396	511145.b3847	370	-1515800892
6881419	511145.b0591	3.46	34482000
6884125	511145.b3544	1064	-902864876
6881378	511145.b0546	2.51	27614160
6883486	511145.b2836	24.5	1025555490
6883186	511145.b2501	115	428687124
6884498	511145.b3958	107	1412801200
6881615	511145.b0814	4230	-1046212054
6882481	511145.b1740	1697	291529474
6882941	511145.b2242	7.19	113407700
6882097	511145.b1320	9.35	126280500
6881306	511145.b0464	4.64	54124700
6882264	511145.b1511	0.558	13517450
6881697	511145.b0897	2198	1540251816
6883344	511145.b2684	70.9	517922340
6882065	511145.b1287	45.7	982471620
6881811	511145.b1013	13.1	147410400
6884693	511145.b4174	784	-323709708
6884223	511145.b3644	699	-316232292
6881232	511145.b0387	5.93	58181090
6883931	511145.b3338	0.613	29456310
6881612	511145.b0811	65.4	881468870
6882293	511145.b1540	0.089	1289100
6883018	511145.b2319	153	2026337400
6883102	511145.b2417	4684	1076511742
6882465	511145.b1724	30.4	128255800
6883216	511145.b2531	168	1172194800
6881045	511145.b0169	4076	886444644
6882951	511145.b2252	0.66	6788730
6883744	511145.b3133	9.24	46539100
6881301	511145.b0459	2.38	24353000
6882401	511145.b1656	316	-1403754436
6884740	511145.b4222	275	1143714000
6883385	511145.b2730	9.72	210413500
6883979	511145.b3388	293	-838026616
6881956	511145.b1172	0.933	5513500
6881641	511145.b0840	27.5	285430150
6883944	511145.b3351	32.6	273767880
6883531	511145.b2893	77.6	549069600
6884868	511145.b4375	129	-1076646416
6882636	511145.b1895	34.4	305629660
6882221	511145.b1462	33.8	299393081
6881529	511145.b0720	1778	-1669222064
6881782	511145.b0983	0.46	6831648
6884377	511145.b3825	11.6	238450280
6883388	511145.b2733	26.3	1098144580
6881264	511145.b0421	34.7	358627680
6882057	511145.b1279	172	296842000
6882258	511145.b1501	0.473	20445480
6880944	511145.b0064	0.924	12920800
6882145	511145.b1377	149	934365408
6883605	511145.b2977	25.1	78258600
6884044	511145.b3459	33.5	213390600
6883722	511145.b3105	42.9	683150190
6881981	511145.b1198	237	749651904
6884867	511145.b4374	1.14	14362400
6883716	511145.b3099	80.2	598883290
6881620	511145.b0819	644	637663864
6882013	511145.b1233	1.62	42092400
6883437	511145.b2784	25.5	973722410
6881061	511145.b0185	437	2098413904
6884832	511145.b4331	0.107	978800
6884456	511145.b3915	19.4	151092300
6884581	511145.b4055	13.2	134272300
6884482	511145.b3941	1070	1697456786
6880964	511145.b0085	243	190654764
6883230	511145.b2545	0.016	344150
6884575	511145.b4049	51.3	980859400
6882349	511145.b1604	677	530515018
6883761	511145.b3152	54.0	409569100
6883443	511145.b2790	108	746454300
6882723	511145.b2007	4231	-1594569544
6881425	511145.b0597	73.1	498248570
6883789	511145.b3182	22.1	475260961
6880978	511145.b0099	3.83	25588200
6882604	511145.b1863	1.95	17289540
6884480	511145.b3939	448	-1360348392
6884863	511145.b4367	20.7	276873600
6884545	511145.b4018	2.55	42510500
6882744	511145.b2028	27.1	580279593
6884666	511145.b4144	479	1714482700
6882359	511145.b1614	777	-2040282880
6883325	511145.b2663	1.26	24340330
6882031	511145.b1253	29.5	160858080
6884499	511145.b3959	179	1837016700
6882062	511145.b1284	153	-2078497196
6883595	511145.b2962	369	-2035658646
6883009	511145.b2310	70.5	1122624210
6881267	511145.b0424	334	-1543892396
6881205	511145.b0355	3.48	44094270
6882585	511145.b1844	5.19	62377000
6883933	511145.b3340	5539	1753900506
6882918	511145.b2216	55.6	-1902143786
6883126	511145.b2441	28.4	702842400
6884393	511145.b3844	152	1984500400
6883637	511145.b3017	17.8	429111450
6883024	511145.b2325	2.74	11983500
6883709	511145.b3092	3395	1609927664
6883121	511145.b2436	8.89	132904624
6884696	511145.b4177	2810	1785786118
6882150	511145.b1382	51.7	217051200
6883491	511145.b2841	0.18	1836700
6881992	511145.b1209	269	-1341681146
6883829	511145.b3223	9.81	132812000
6881003	511145.b0126	876	-817729202
6880901	511145.b0019	1.64	21764700
6884819	511145.b4318	1.14	6629330
6884431	511145.b3888	111	1661229820
6883331	511145.b2669	536	-787420796
6881337	511145.b0495	42.7	535184100
6880968	511145.b0089	2.12	50764668
6883038	511145.b2341	3.31	113810049
6883806	511145.b3199	55.5	358148100
6882144	511145.b1376	395	-1336269096
6881404	511145.b0576	1.01	9727700
6882863	511145.b2158	3.21	27114527
6881909	511145.b1118	41.2	546470240
6884726	511145.b4208	47.8	632702699
6883479	511145.b2829	72.0	-1418924482
6884230	511145.b3651	44.4	456940900
6881678	511145.b0877	41.7	950649850
6884429	511145.b3886	3.58	38438680
6884719	511145.b4200	2335	645696912
6882385	511145.b1640	22.1	244058800
6881288	511145.b0445	1.62	93809880
6880988	511145.b0111	16.0	317564500
6881053	511145.b0177	577	216872970
6882495	511145.b1754	8.89	152149989
6882705	511145.b1982	304	921489844
6883120	511145.b2435	0.033	404580
6882596	511145.b1855	33.4	475988010
6883715	511145.b3098	2820	59461478
6884510	511145.b3974	87.4	1102531180
6880949	511145.b0069	0.396	14986010
6884464	511145.b3923	533	-1442361796
6884082	511145.b3499	43.9	818252500
6882740	511145.b2024	157	1420522000
6882650	511145.b1915	16.2	43174600
6882795	511145.b2080	1387	896739704
6884686	511145.b4167	93.4	1700931480
6884008	511145.b3417	141	1641609554
6883205	511145.b2520	54.0	-248314818
6883295	511145.b2617	514	1618630500
6881603	511145.b0802	111	452224000
6884111	511145.b3529	16.3	615913490
6881259	511145.b0416	597	75548904
6884108	511145.b3526	39.3	373876335
6882919	511145.b2217	487	556623504
6884239	511145.b3661	448	1354051704
6882554	511145.b1813	28.5	236118400
6881550	511145.b0742	124	978558340
6882246	511145.b1489	0.084	2292600
6882182	511145.b1418	0.792	5797600
6883591	511145.b2958	16.7	192393402
6883012	511145.b2313	2.35	21394100
6881292	511145.b0449	7.99	315989100
6882294	511145.b1541	23.1	66993640
6881919	511145.b1128	126	1319709400
6881616	511145.b0815	1.35	37612290
6884376	511145.b3824	1.55	14747100
6881030	511145.b0153	0.317	8085490
6884094	511145.b3512	9.11	79492560
6881522	511145.b0713	4.45	30259400
6882139	511145.b1370	0.051	8290720
6882609	511145.b1868	1.62	25964546
6884891	511145.b4398	10.2	85122900
6884077	511145.b3494	15.8	90948800
6881282	511145.b0439	598	-487933820
6884453	511145.b3910	198	-2033816896
6883719	511145.b3102	208	-787422296
6884272	511145.b3700	1.66	22438090
6882523	511145.b1782	213	-1606947896
6883685	511145.b3067	239	-302842144
6883483	511145.b2833	308	427076000
6881460	511145.b0635	4.14	138315237
6882960	511145.b2261	16.4	170129335
6884517	511145.b3986	4623	-355515272
6883299	511145.b2622	0.476	9195120
6881656	511145.b0855	59.0	944141990
6882691	511145.b1961	15.8	434601630
6882978	511145.b2279	7.31	19402000
6881414	511145.b0586	277	-1131888384
6882806	511145.b2095	92.7	1651152090
6881128	511145.b0270	0.976	11299110
6881031	511145.b0154	668	1938845408
6884384	511145.b3832	4.4	125742447
6881309	511145.b0467	4.86	34156990
6882017	511145.b1237	2864	-1662096184
6882696	511145.b1969	8.64	99925922
6882708	511145.b1987	2.59	57078000
6883656	511145.b3037	80.7	491913220
6884076	511145.b3493	124	1045464660
6884386	511145.b3834	10.1	89540478
6884105	511145.b3523	409	-1242648296
6884877	511145.b4384	1858	-2072077808
6881311	511145.b0469	812	-1724045606
6882803	511145.b2092	75.4	714863500
6883698	511145.b3081	0.662	21091600
6883794	511145.b3187	46.4	639687770
6884531	511145.b4000	3810	1386666816
6883399	511145.b2744	22.7	232412500
6881883	511145.b1092	1537	-584380948
6882891	511145.b2186	134	-2033908496
6882430	511145.b1687	15.9	999079606
6880934	511145.b0052	60.6	857864700
6883089	511145.b2400	104	-2007452996
6883445	511145.b2792	2.55	19905900
6882252	511145.b1495	10.9	413418260
6882938	511145.b2239	33.3	578349900
6882799	511145.b2086	23.7	285645350
6884939	511145.b4506	550	240275069
6883507	511145.b2867	0.983	16758900
6884458	511145.b3917	64.5	1140139460
6883784	511145.b3177	80.9	900357478
6884537	511145.b4006	422	-1236003060
6882837	511145.b2130	0.717	10666590
6883363	511145.b2708	21.3	352581050
6881962	511145.b1179	152	662955330
6883202	511145.b2517	24.7	458450110
6884567	511145.b4041	98.2	-141274076
6884771	511145.b4259	48.2	265944900
6881464	511145.b0639	14.7	183471400
6884595	511145.b4069	178	716907880
6881334	511145.b0492	446	449919014
6882563	511145.b1822	2.09	35295106
6883058	511145.b2366	37.5	685472400
6881399	511145.b0571	8.84	92804800
6882473	511145.b1732	111	-766666306
6882988	511145.b2289	12.3	142012630
6882404	511145.b1659	1.63	23723670
6884618	511145.b4093	4.55	24924200
6884409	511145.b3866	27.2	226079730
6881648	511145.b0847	23.5	426571700
6882314	511145.b1563	121	436237430
6883487	511145.b2837	10.0	173326180
6884715	511145.b4196	0.227	3864400
6884475	511145.b3934	6.31	93647700
6882612	511145.b1871	39.2	622407029
6882853	511145.b2148	2.7	22108430
6881843	511145.b1051	172	500501000
6884122	511145.b3541	16.4	305401900
6881250	511145.b0407	1814	-125264792
6884095	511145.b3513	63.2	978295210
6884400	511145.b3856	4.75	31924506
6882825	511145.b2114	963	1291137578
6884106	511145.b3524	57.9	1747824160
6883339	511145.b2677	33.0	366540600
6884698	511145.b4179	211	-97429072
6881252	511145.b0409	122	1269211500
6881983	511145.b1200	228	-1054393136
6882032	511145.b1254	2.36	16604210
6882589	511145.b1848	41.6	174112290
6884277	511145.b3705	257	397449504
6883371	511145.b2716	5.9	77746238
6883765	511145.b3156	146	842606800
6882783	511145.b2068	5.92	123939790
6884046	511145.b3461	1.02	16457070
6884557	511145.b4030	25.7	152997100
6881413	511145.b0585	60.0	1206531100
6882521	511145.b1780	276	-512762196
6881715	511145.b0915	7.21	100623430
6884328	511145.b3764	565	-1982223006
6883559	511145.b2923	0.802	6280400
6883440	511145.b2787	17.3	384961320
6884893	511145.b4400	1.19	14413580
6883517	511145.b2877	3.67	22298260
6880892	511145.b0008	2501	1808974636
6883797	511145.b3190	186	452772500
6882887	511145.b2182	2.46	11881800
6881684	511145.b0884	1148	-31142096
6883729	511145.b3116	3.8	32826620
6883889	511145.b3296	5922	1720646744
6883809	511145.b3202	78.4	1346646800
6883446	511145.b2793	111	589853200
6883106	511145.b2421	105	1535122500
6884244	511145.b3666	2.55	18976920
6883660	511145.b3041	26.5	317213860
6880930	511145.b0048	129	647978400
6881072	511145.b0196	199	1390106575
6882228	511145.b1469	0.73	8665890
6884075	511145.b3492	5.59	108068940
6882528	511145.b1787	131	905035840
6881279	511145.b0436	2408	2010840248
6883874	511145.b3279	176	1985933750
6884088	511145.b3506	527	-316753996
6884641	511145.b4118	0.057	723200
6881462	511145.b0637	62.5	392527400
6882890	511145.b2185	3083	-1785300760
6882035	511145.b1257	522	68511275
6881963	511145.b1180	189	1476914800
6881455	511145.b0630	27.6	258089900
6881632	511145.b0831	8.04	98685200
6884855	511145.b4359	3.5	104556090
6882984	511145.b2285	21.9	132450630
6882883	511145.b2178	3.68	35952990
6882841	511145.b2134	2.81	43062050
6882551	511145.b1810	0.058	292130
6884048	511145.b3463	247	2082235940
6884435	511145.b3892	0.149	1369500
6883215	511145.b2530	480	1921249108
6882976	511145.b2277	12.8	131823000
6884179	511145.b3600	482	-1195441612
6880971	511145.b0092	203	-1389567996
6882029	511145.b1251	1212	2055270000
6882056	511145.b1278	15.3	180599030
6883682	511145.b3064	44.0	695613400
6884617	511145.b4092	0.39	4599400
6884391	511145.b3842	19.4	155328100
6882107	511145.b1330	7.62	80873353
6883057	511145.b2365	0.177	2021600
6882132	511145.b1356	81.7	425590010
6882507	511145.b1766	53.1	1316502340
6882605	511145.b1864	498	475023504
6881803	511145.b1004	2203	-351680550
6882812	511145.b2101	6.52	112603470
6882340	511145.b1595	2.61	36730550
6883287	511145.b2607	56.7	683186600
6880982	511145.b0104	326	-910923241
6883771	511145.b3162	25.9	738957610
6883465	511145.b2812	33.1	192384950
6882741	511145.b2025	453	1834386904
6881089	511145.b0221	25.6	1003313940
6884178	511145.b3599	223	497375
6883347	511145.b2687	692	2061936704
6883912	511145.b3319	4901	1153528490
6882522	511145.b1781	10.7	106513200
6880975	511145.b0096	212	-1247892506
6883644	511145.b3024	384	1952636000
6880997	511145.b0120	388	400211864
6882982	511145.b2283	31.6	1219828066
6882881	511145.b2176	2.75	83562252
6882053	511145.b1275	201	-1128366696
6881622	511145.b0821	2.0	53404750
6881226	511145.b0381	178	-1208545596
6881362	511145.b0526	321	1805662704
6880890	511145.b0006	175	2033789420
6881163	511145.b0311	0.382	8698450
6884847	511145.b4351	5.04	98981592
6880963	511145.b0084	1.97	55879860
6883961	511145.b3368	32.4	655657290
6884406	511145.b3862	1.33	22096390
6882423	511145.b1680	439	1666058004
6883242	511145.b2557	283	1578787912
6881246	511145.b0403	9.23	298821750
6884870	511145.b4377	5.14	59717110
6883355	511145.b2700	52.3	466186760
6884758	511145.b4244	886	1592291204
6881180	511145.b0329	63.2	244411700
6882484	511145.b1743	14.4	91930480
6883449	511145.b2796	9.5	123883241
6884187	511145.b3608	136	1984521200
6882572	511145.b1831	257	2064873360
6882939	511145.b2240	1.13	20439890
6884133	511145.b3553	1318	-112843688
6883648	511145.b3028	345	-1731625116
6882535	511145.b1794	2.35	40969900
6882147	511145.b1379	66.5	510951720
6884033	511145.b3448	62.6	398964472
6884120	511145.b3539	0.068	921180
6882178	511145.b1412	342	-1285400036
6883281	511145.b2601	1125	559556816
6884528	511145.b3997	125	1741701200
6880986	511145.b0109	92.7	1378695300
6880981	511145.b0103	35.8	285267000
6881505	511145.b0693	1.22	116037000
6884394	511145.b3845	12.2	222845700
6884496	511145.b3956	997	-1668761656
6882575	511145.b1834	25.1	1108722560
6884056	511145.b3471	0.184	1340600
6880887	511145.b0003	250	2109419700
6884589	511145.b4063	0.571	3521000
6881188	511145.b0338	0.39	6010581
6883417	511145.b2762	443	1505957325
6882687	511145.b1957	2.06	6337900
6882441	511145.b1698	0.325	4529270
6883527	511145.b2889	6.03	33924200
6884231	511145.b3652	10.6	281258210
6882816	511145.b2105	25.5	125682700
6882985	511145.b2286	91.9	-1190860479
6881757	511145.b0957	14872	-306328118
6883313	511145.b2636	0.043	401860
6881690	511145.b0890	62.3	-1826639356
6883151	511145.b2466	14.1	253997500
6883900	511145.b3307	1932	-2045545566
6884140	511145.b3560	728	846390108
6884888	511145.b4395	89.5	1100195000
6882700	511145.b1973	4151	1764525668
6881538	511145.b0730	15.6	162428580
6882854	511145.b2149	2.88	97173652
6884887	511145.b4394	77.6	632237500
6883065	511145.b2373	0.88	32095530
6884337	511145.b3775	379	1497741856
6884691	511145.b4172	1032	-1852574692
6884508	511145.b3972	63.3	1022530400
6883594	511145.b2961	1.79	29843110
6881345	511145.b0507	1.88	29859870
6883086	511145.b2395	3.57	125746020
6881319	511145.b0477	26.3	513541980
6882200	511145.b1438	0.184	1105200
6881273	511145.b0430	30.7	101251700
6881958	511145.b1175	2173	-1527259970
6882872	511145.b2167	64.8	979792290
6881925	511145.b1134	44.9	441610200
6881521	511145.b0712	95.2	1186432250
6884724	511145.b4206	161	1151227800
6883798	511145.b3191	33.7	192942080
6884745	511145.b4230	0.422	4672400
6882248	511145.b1491	0.422	9964960
6880897	511145.b0014	4895	-1740678310
6883835	511145.b3229	990	-1999524788
6883213	511145.b2528	0.232	1991100
6882694	511145.b1967	1947	-1755005080
6881493	511145.b0679	310	543551104
6884791	511145.b4289	0.12	729920
6883882	511145.b3289	44.0	720817600
6882862	511145.b2157	14.0	195484180
6881669	511145.b0868	15.0	184087720
6883655	511145.b3035	1126	1571197020
6884469	511145.b3928	91.8	287285300
6882831	511145.b2124	30.4	180622520
6884141	511145.b3561	0.086	1797440
6884752	511145.b4238	151	-352650066
6884131	511145.b3551	17.8	585893900
6884410	511145.b3867	7.31	187404840
6882545	511145.b1804	5.52	141993930
6883181	511145.b2496	12.9	126209020
6884172	511145.b3592	436	-798660396
6884568	511145.b4042	63.4	425775190
6882263	511145.b1508	15.2	79405400
6882085	511145.b1307	25.2	80715630
6881609	511145.b0808	6.48	160446300
6880966	511145.b0087	16.5	207949680
6881812	511145.b1014	8.11	484373470
6884514	511145.b3983	2466	-745043984
6881663	511145.b0862	38.4	225870600
6884267	511145.b3693	0.33	6029600
6881468	511145.b0643	8.81	70175400
6882586	511145.b1845	11.2	384318190
6883756	511145.b3147	98.2	-1365038476
6883929	511145.b3336	83.7	842413300
6883530	511145.b2892	5.45	238296230
6883712	511145.b3095	19.7	127688000
6884099	511145.b3517	699	-709796872
6881305	511145.b0463	887	-1270811984
6882824	511145.b2113	137	1630824280
6882757	511145.b2042	695	-1599358888
6883880	511145.b3287	46.8	425618200
6884021	511145.b3433	2597	1795588034
6883631	511145.b3009	3.42	19608100
6883329	511145.b2667	2.91	16698240
6882637	511145.b1896	403	-1235512292
6882208	511145.b1446	176	412812900
6881482	511145.b0657	26.2	668935840
6884497	511145.b3957	113	1662533500
6884234	511145.b3655	43.8	1116029760
6884454	511145.b3911	21.9	557470750
6883786	511145.b3179	155	1320771390
6881561	511145.b0760	66.8	1414676280
6881635	511145.b0834	1.08	23012799
6883657	511145.b3038	122	1959857100
6881762	511145.b0962	20.6	780034274
6884789	511145.b4287	0.713	11121300
6882193	511145.b1430	603	-1769463892
6881745	511145.b0945	96.6	2130363520
6883327	511145.b2665	2973	-674379972
6881746	511145.b0946	2.47	21917390
6884822	511145.b4321	0.493	6039100
6883840	511145.b3234	240	-493319896
6883646	511145.b3026	1.56	38914310
6884765	511145.b4253	0.15	4744604
6883672	511145.b3054	142	-1536006196
6884792	511145.b4290	3.19	39296560
6883822	511145.b3215	0.188	1270600
6883907	511145.b3314	5211	-1702122494
6883688	511145.b3071	39.4	369625660
6884513	511145.b3982	1101	-772451392
6881970	511145.b1187	24.8	404797800
6882712	511145.b1992	27.7	259868610
6884811	511145.b4310	13.7	237125360
6884753	511145.b4239	0.333	8983894
6883815	511145.b3208	1.18	14233730
6882463	511145.b1722	1.84	11264800
6883998	511145.b3407	146	684187368
6882450	511145.b1707	0.191	2951100
6881065	511145.b0189	68.8	211109300
6882908	511145.b2206	0.168	9610590
6883679	511145.b3061	0.308	4953500
6884344	511145.b3785	67.6	944685910
6881667	511145.b0866	388	1667827000
6883901	511145.b3308	7092	-1218333648
6882449	511145.b1706	31.1	593248580
6881129	511145.b0271	12.8	306715210
6882190	511145.b1427	64.0	572208700
6884476	511145.b3935	5.22	229029880
6883649	511145.b3029	1033	-1495050686
6882428	511145.b1685	14.3	53538000
6883587	511145.b2954	121	632869836
6881277	511145.b0434	154	1495556000
6882600	511145.b1859	1.0	5297000
6881902	511145.b1111	12.6	95693604
6882558	511145.b1817	977	1349655512
6883293	511145.b2615	43.7	561916900
6883245	511145.b2560	36.1	400897020
6881878	511145.b1087	450	-800046926
6882847	511145.b2142	1.89	11416000
6881022	511145.b0145	106	721220300
6880974	511145.b0095	1292	261733028
6883986	511145.b3395	0.175	2986580
6882083	511145.b1305	670	-1956935296
6883639	511145.b3019	57.8	1763852350
6881367	511145.b0531	0.715	25921000
6882346	511145.b1601	0.802	9625600
6881989	511145.b1206	0.885	11623340
6881657	511145.b0856	3.6	34066250
6883619	511145.b2993	2.75	28561300
6881286	511145.b0443	23.9	158560000
6880939	511145.b0059	62.1	-1443479096
6884455	511145.b3912	1295	597812708
6884865	511145.b4372	4.58	33413600
6881628	511145.b0827	161	-2083584396
6884694	511145.b4175	862	1096261858
6883028	511145.b2329	275	-939936726
6883401	511145.b2746	70.2	438843900
6884706	511145.b4187	28.5	752626710
6881830	511145.b1038	6.46	40599620
6884587	511145.b4061	1.48	51454960
6882425	511145.b1682	644	-461808482
6884692	511145.b4173	107	-1825590156
6881297	511145.b0454	2.05	13847000
6884363	511145.b3809	76.1	598679000
6883717	511145.b3100	46.8	263141110
6882954	511145.b2255	2.56	97330210
6880933	511145.b0051	94.5	1019496675
6883241	511145.b2556	2.01	48587590
6881555	511145.b0754	2144	1120901758
6882856	511145.b2151	1.97	44924800
6882453	511145.b1710	1091	-2038285688
6882580	511145.b1839	3.86	23285000
6884341	511145.b3781	2422	-1786853484
6882188	511145.b1424	37.8	1258755500
6884794	511145.b4292	28.7	500348230
6884126	511145.b3546	1.58	45736120
6883895	511145.b3302	901	1996598300
6884858	511145.b4362	20.2	122812500
6880965	511145.b0086	159	-1861610556
6883951	511145.b3358	1.45	48496090
6880951	511145.b0071	40.0	352745100
6882706	511145.b1983	148	1335414000
6882646	511145.b1908	1.51	16665083
6884474	511145.b3933	59.1	676929920
6884235	511145.b3656	0.028	1386089
6884494	511145.b3954	4.91	88843770
6880908	511145.b0026	198	338748708
6884890	511145.b4397	172	1024657100
6884519	511145.b3988	494	-2072516728
6884616	511145.b4090	5.24	42880500
6882266	511145.b1513	0.637	19848510
6883356	511145.b2701	46.7	634389000
6883229	511145.b2544	1.3	13741990
6884556	511145.b4029	0.051	1370098
6880996	511145.b0119	61.0	267762900
6880977	511145.b0098	369	-1076817494
6882103	511145.b1326	11.0	80618210
6884739	511145.b4221	18.6	1145587210
6881054	511145.b0178	1518	1687269308
6884247	511145.b3669	20.7	187054120
6881564	511145.b0763	55.2	737815900
6883673	511145.b3055	104	1056053000
6883868	511145.b3265	3.3	252070000
