#id: 164
#name: E.coli - Whole organism, SC (Wright,MCP,2012)
#score: 10.55
#weight: 10%
#description: abundance based on Spectral counting, from<a href="http://www.ncbi.nlm.nih.gov/pmc/articles/PMC3412976" target="_blank">Wright, MCP,2012</a><br/><b>Interaction consistency score</b>: 10.55&nbsp<b>Coverage</b>: 58
#organ: WHOLE_ORGANISM
#integrated: false
#coverage: 58
#publication_year: 2012
#filename: 511145-Ecoli_strainK12_PRIDE.txt
#
#internal_id	string_external_id	abundance	raw_spectral_count
6881269	511145.b0426	2047	123
6883988	511145.b3397	230	18
6881153	511145.b0298	21.4	2
6883596	511145.b2963	15.7	2
6884759	511145.b4245	19.0	2
6883902	511145.b3309	5525	146
6883858	511145.b3255	145	6
6883589	511145.b2956	19.9	1
6881517	511145.b0708	9.89	2
6884256	511145.b3678	29.3	6
6881088	511145.b0220	278	15
6882933	511145.b2233	5.77	1
6881612	511145.b0811	751	69
6883155	511145.b2470	15.1	5
6881590	511145.b0789	7.43	1
6883640	511145.b3020	12.5	2
6882456	511145.b1713	748	163
6884683	511145.b4161	395	37
6884823	511145.b4322	162	24
6883320	511145.b2647	11.8	4
6884793	511145.b4291	14.6	3
6882155	511145.b1387	9.02	1
6883114	511145.b2429	37.0	2
6881189	511145.b0339	21.6	1
6881416	511145.b0588	13.2	1
6883039	511145.b2342	13.4	2
6881283	511145.b0440	6793	120
6881900	511145.b1109	85.1	9
6883546	511145.b2908	324	40
6884854	511145.b4358	19.9	3
6882759	511145.b2044	18.8	2
6881280	511145.b0437	610	19
6883547	511145.b2909	76.0	1
6882821	511145.b2110	38.1	3
6882873	511145.b2168	43.8	3
6882036	511145.b1258	44.0	3
6884314	511145.b3742	178	4
6882418	511145.b1675	287	3
6883512	511145.b2872	5.76	1
6884315	511145.b3743	570	38
6883582	511145.b2949	201	8
6883011	511145.b2312	166	30
6882333	511145.b1588	4.82	1
6882541	511145.b1800	228	29
6884502	511145.b3962	370	59
6884915	511145.b4466	2.25	1
6882533	511145.b1792	24.6	1
6883220	511145.b2535	7.13	1
6882202	511145.b1440	73.8	12
6881874	511145.b1083	54.9	4
6884757	511145.b4243	826	17
6881196	511145.b0346	14.3	1
6882342	511145.b1597	314	1
6880952	511145.b0072	17.8	3
6882912	511145.b2210	73.6	11
6883418	511145.b2763	646	90
6883240	511145.b2555	14.3	2
6881560	511145.b0759	59.4	9
6882577	511145.b1836	225	4
6883336	511145.b2674	19.6	1
6883897	511145.b3304	7806	61
6884214	511145.b3635	19.1	2
6881914	511145.b1123	15.7	2
6882731	511145.b2015	11.2	1
6881998	511145.b1215	2807	155
6883948	511145.b3355	56.9	4
6882432	511145.b1689	25.5	1
6881972	511145.b1189	91.5	14
6881582	511145.b0781	6.65	1
6883915	511145.b3322	30.1	1
6881934	511145.b1144	90.6	3
6881796	511145.b0997	7.57	2
6884766	511145.b4254	2.72	1
6881665	511145.b0864	233	12
6883461	511145.b2808	31.8	4
6884273	511145.b3701	188	15
6881238	511145.b0394	23.1	2
6883832	511145.b3226	59.7	5
6881548	511145.b0740	868	97
6881403	511145.b0575	10.1	3
6883932	511145.b3339	4984	1268
6881263	511145.b0420	89.3	16
6882868	511145.b2163	24.9	2
6884428	511145.b3885	12.6	1
6883538	511145.b2900	48.4	2
6881682	511145.b0881	28.8	1
6884133	511145.b3553	411	26
6882427	511145.b1684	65.6	4
6882334	511145.b1589	5.77	1
6882078	511145.b1300	58.3	7
6882727	511145.b2011	18.4	4
6882133	511145.b1357	63.2	1
6881402	511145.b0574	5.06	1
6884023	511145.b3437	247	12
6882354	511145.b1609	17.4	2
6883120	511145.b2435	14.2	1
6884430	511145.b3887	166	3
6883854	511145.b3250	20.5	3
6881098	511145.b0232	36.0	1
6882509	511145.b1768	123	5
6884284	511145.b3712	68.2	4
6881385	511145.b0554	235	3
6883073	511145.b2381	13.8	1
6881103	511145.b0239	172	33
6884466	511145.b3925	25.0	3
6883528	511145.b2890	1398	257
6883981	511145.b3390	652	49
6881896	511145.b1105	143	8
6883260	511145.b2575	38.0	2
6884764	511145.b4252	121	8
6880891	511145.b0007	84.2	2
6880993	511145.b0116	2873	328
6882072	511145.b1294	20.5	4
6881897	511145.b1106	57.4	4
6883267	511145.b2582	630	36
6881973	511145.b1190	179	24
6884597	511145.b4071	63.9	3
6884756	511145.b4242	2.55	1
6881700	511145.b0900	27.2	2
6881490	511145.b0676	87.3	12
6883405	511145.b2750	868	44
6881586	511145.b0785	17.1	1
6884697	511145.b4178	28.4	1
6881833	511145.b1041	96.3	2
6884642	511145.b4119	52.4	7
6884615	511145.b4089	105	9
6883111	511145.b2426	296	25
6881090	511145.b0222	279	17
6881820	511145.b1024	24.6	9
6881814	511145.b1018	626	73
6884611	511145.b4085	35.5	2
6884165	511145.b3585	34.2	3
6883727	511145.b3114	4.25	3
6882948	511145.b2249	91.7	8
6884306	511145.b3734	868	134
6884115	511145.b3533	6.42	2
6883207	511145.b2522	277	8
6880914	511145.b0032	1116	106
6883400	511145.b2745	201	25
6880905	511145.b0023	7051	79
6884754	511145.b4240	33.0	2
6884849	511145.b4353	71.5	1
6881231	511145.b0386	237	14
6883625	511145.b3001	345	49
6884541	511145.b4014	229	42
6883254	511145.b2569	116	21
6884296	511145.b3724	115	8
6882931	511145.b2231	515	104
6884549	511145.b4022	6.83	1
6884726	511145.b4208	87.8	6
6881706	511145.b0906	16.6	1
6881599	511145.b0798	18.5	1
6881802	511145.b1003	474	13
6884842	511145.b4346	6.5	1
6883289	511145.b2609	4517	65
6881824	511145.b1029	7.88	1
6881533	511145.b0724	708	64
6883272	511145.b2587	22.7	1
6883099	511145.b2414	951	91
6881432	511145.b0604	9.6	1
6884271	511145.b3699	265	51
6881816	511145.b1020	6.47	1
6884112	511145.b3530	10.2	4
6882008	511145.b1225	7.51	1
6882780	511145.b2065	48.5	3
6882749	511145.b2034	14.8	2
6884057	511145.b3472	315	19
6882673	511145.b1942	80.9	4
6884081	511145.b3498	771	136
6884218	511145.b3639	60.5	7
6883792	511145.b3185	7676	94
6881168	511145.b0316	6.14	1
6882662	511145.b1927	5.75	1
6883149	511145.b2464	538	82
6881197	511145.b0347	23.8	5
6883025	511145.b2326	18.2	1
6882504	511145.b1763	16.4	4
6883604	511145.b2976	314	70
6882447	511145.b1704	27.9	2
6883602	511145.b2972	44.0	1
6881082	511145.b0212	14.8	1
6884552	511145.b4025	431	77
6881329	511145.b0487	32.7	1
6883176	511145.b2491	11.9	2
6882996	511145.b2297	1700	292
6883802	511145.b3195	52.7	5
6882213	511145.b1451	7.52	2
6881749	511145.b0949	21.1	3
6884799	511145.b4297	5.83	1
6881712	511145.b0912	2604	56
6882395	511145.b1650	423	36
6884876	511145.b4383	1908	208
6881876	511145.b1085	36.5	1
6883030	511145.b2331	18.7	1
6880888	511145.b0004	366	47
6882406	511145.b1661	130	18
6883788	511145.b3181	2057	79
6882203	511145.b1441	44.0	4
6883663	511145.b3044	7.17	1
6882082	511145.b1304	373	20
6883080	511145.b2388	73.7	6
6882420	511145.b1677	594	16
6884829	511145.b4328	18.0	3
6881947	511145.b1161	22.6	1
6883924	511145.b3331	22.8	1
6884291	511145.b3719	35.6	3
6884629	511145.b4106	23.1	3
6880979	511145.b0101	65.9	2
6884217	511145.b3638	9.67	1
6882002	511145.b1219	152	6
6883544	511145.b2906	47.1	4
6884555	511145.b4028	22.7	2
6883579	511145.b2946	229	20
6884369	511145.b3817	54.4	1
6884072	511145.b3487	33.6	3
6883683	511145.b3065	15854	81
6883156	511145.b2471	107	4
6883692	511145.b3075	33.6	4
6884434	511145.b3891	210	24
6882274	511145.b1521	6.65	1
6881661	511145.b0860	97.8	8
6882632	511145.b1891	26.2	1
6881967	511145.b1184	15.5	2
6883150	511145.b2465	406	72
6884790	511145.b4288	12.9	1
6883518	511145.b2878	19.2	7
6884576	511145.b4050	53.8	1
6882459	511145.b1716	1056	13
6881557	511145.b0756	90.3	10
6883403	511145.b2748	35.8	1
6881341	511145.b0503	84.9	10
6881634	511145.b0833	22.4	7
6884432	511145.b3889	41.2	1
6882165	511145.b1397	6.1	1
6883406	511145.b2751	858	96
6881889	511145.b1098	29.8	2
6882907	511145.b2205	22.8	2
6884738	511145.b4220	2.49	1
6882098	511145.b1321	15.0	2
6884457	511145.b3916	194	19
6881501	511145.b0687	551	32
6880980	511145.b0102	55.5	4
6883300	511145.b2623	38.5	4
6881882	511145.b1091	712	69
6881754	511145.b0954	577	31
6884095	511145.b3513	32.6	4
6882820	511145.b2109	14.1	3
6882800	511145.b2088	21.4	2
6883105	511145.b2420	18.3	2
6884934	511145.b4485	15.6	3
6883187	511145.b2502	246	43
6884216	511145.b3637	5149	48
6881216	511145.b0368	51.1	3
6883944	511145.b3351	16.9	1
6883511	511145.b2871	4.41	1
6883759	511145.b3150	64.8	4
6883553	511145.b2917	4.09	1
6883913	511145.b3320	2401	106
6884660	511145.b4138	50.3	3
6884499	511145.b3959	670	46
6881669	511145.b0868	22.3	1
6884285	511145.b3713	23.7	1
6884646	511145.b4123	20.4	1
6881033	511145.b0156	2242	63
6883451	511145.b2798	12.7	1
6884486	511145.b3945	26.1	3
6883774	511145.b3165	491	6
6883148	511145.b2463	355	95
6881316	511145.b0474	4969	242
6882180	511145.b1414	202	14
6881999	511145.b1216	24.2	1
6884689	511145.b4170	16.2	3
6884368	511145.b3816	161	17
6882368	511145.b1623	176	11
6884451	511145.b3908	256	16
6883539	511145.b2901	47.7	7
6884975	511145.b4558	108	2
6884001	511145.b3410	50.3	1
6881792	511145.b0993	24.8	6
6881993	511145.b1210	15.0	1
6881768	511145.b0968	32.6	1
6881841	511145.b1049	19.0	5
6881736	511145.b0936	66.9	7
6881326	511145.b0484	146	20
6882791	511145.b2076	20.1	6
6882789	511145.b2074	23.5	3
6884171	511145.b3591	11.2	1
6883005	511145.b2306	10.3	1
6884147	511145.b3567	36.1	4
6882844	511145.b2137	61.9	3
6883629	511145.b3006	28.9	2
6882608	511145.b1867	171	10
6882314	511145.b1563	82.2	1
6882785	511145.b2070	30.6	6
6883117	511145.b2432	64.2	3
6881118	511145.b0256	11.6	4
6881759	511145.b0959	30.6	1
6884176	511145.b3597	96.5	7
6881351	511145.b0514	17.3	2
6884338	511145.b3778	6.35	1
6884748	511145.b4233	458	41
6881506	511145.b0694	9.61	1
6881491	511145.b0677	535	59
6883561	511145.b2925	3303	218
6882247	511145.b1490	12.7	2
6883185	511145.b2500	339	28
6882715	511145.b1996	140	55
6884210	511145.b3631	14.7	1
6884845	511145.b4349	134	25
6883800	511145.b3193	28.1	1
6882635	511145.b1894	15.0	2
6884043	511145.b3458	51.9	4
6882084	511145.b1306	32.3	1
6881158	511145.b0305	10.3	1
6884684	511145.b4162	124	6
6884542	511145.b4015	519	61
6884025	511145.b3439	201	14
6884878	511145.b4385	58.6	6
6882806	511145.b2095	454	54
6882967	511145.b2268	9.87	1
6881898	511145.b1107	312	29
6882375	511145.b1630	19.6	1
6882047	511145.b1269	84.3	7
6884424	511145.b3881	29.8	3
6882400	511145.b1655	43.1	3
6881207	511145.b0357	150	4
6881036	511145.b0159	242	24
6883686	511145.b3068	414	12
6881265	511145.b0422	223	7
6882940	511145.b2241	287	50
6883027	511145.b2328	38.7	1
6881992	511145.b1209	25.9	2
6882320	511145.b1571	859	2
6883163	511145.b2478	62.2	6
6881730	511145.b0930	1829	207
6883593	511145.b2960	880	50
6883100	511145.b2415	7754	137
6883492	511145.b2842	1170	85
6882639	511145.b1900	12.5	2
6884017	511145.b3429	66.8	11
6883997	511145.b3406	60.5	3
6883015	511145.b2316	1226	65
6883497	511145.b2847	20.7	2
6880959	511145.b0080	171	14
6884305	511145.b3733	228	21
6882738	511145.b2022	218	21
6883110	511145.b2425	180	17
6881871	511145.b1080	64.7	5
6881023	511145.b0146	25.8	2
6883305	511145.b2628	65.4	11
6884846	511145.b4350	13.8	4
6882971	511145.b2272	22.0	1
6882703	511145.b1978	1.69	1
6881071	511145.b0195	10.7	1
6883746	511145.b3137	12.9	1
6884767	511145.b4255	494	4
6883045	511145.b2349	6.6	1
6882522	511145.b1781	33.9	1
6884026	511145.b3440	36.3	5
6882308	511145.b1557	15.7	2
6884727	511145.b4209	41.2	3
6883104	511145.b2419	17.3	1
6884286	511145.b3714	56.7	2
6883833	511145.b3227	29.5	2
6881337	511145.b0495	159	9
6881157	511145.b0304	17.1	3
6884676	511145.b4154	58.3	11
6884685	511145.b4166	7.5	1
6883423	511145.b2768	19.5	2
6884501	511145.b3961	229	20
6882087	511145.b1309	5.39	3
6882253	511145.b1496	8.8	2
6884358	511145.b3803	19.0	3
6883864	511145.b3261	2149	11
6883672	511145.b3054	256	27
6881547	511145.b0739	84.3	7
6882255	511145.b1498	54.9	9
6882735	511145.b2019	569	43
6882502	511145.b1761	150	18
6884278	511145.b3706	140	20
6883650	511145.b3030	68.5	11
6884385	511145.b3833	530	32
6882934	511145.b2234	632	123
6881390	511145.b0559	150	5
6883256	511145.b2571	317	28
6882140	511145.b1372	2.37	1
6884340	511145.b3780	208	25
6881959	511145.b1176	475	19
6882613	511145.b1872	10.9	4
6881010	511145.b0133	250	27
6883269	511145.b2584	31.7	10
6882761	511145.b2046	14.6	2
6881245	511145.b0402	17.7	1
6883019	511145.b2320	437	55
6882732	511145.b2016	213	21
6882130	511145.b1353	17.8	1
6883590	511145.b2957	256	29
6881540	511145.b0732	20.7	6
6881016	511145.b0139	43.6	9
6883075	511145.b2383	4.19	1
6880972	511145.b0093	11.8	1
6881038	511145.b0161	728	88
6882805	511145.b2094	114	8
6882330	511145.b1585	19.5	1
6881084	511145.b0214	21.3	1
6882249	511145.b1492	451	25
6884049	511145.b3464	198	23
6880897	511145.b0014	5972	793
6884228	511145.b3649	3635	71
6883008	511145.b2309	922	68
6882892	511145.b2187	132	3
6884287	511145.b3715	12.4	1
6882045	511145.b1267	620	54
6882747	511145.b2032	27.0	4
6884096	511145.b3514	36.8	9
6884183	511145.b3604	21.5	2
6884346	511145.b3787	191	20
6882194	511145.b1431	31.1	2
6884564	511145.b4037	1141	47
6882149	511145.b1381	4.32	1
6881194	511145.b0344	12.7	4
6884332	511145.b3770	567	40
6882718	511145.b2001	5.5	1
6882171	511145.b1404	11.6	4
6883184	511145.b2499	301	21
6883429	511145.b2776	33.4	6
6884897	511145.b4406	1026	27
6881278	511145.b0435	235	9
6883218	511145.b2533	205	15
6881869	511145.b1078	58.9	3
6882296	511145.b1544	38.4	2
6884437	511145.b3894	2.84	1
6881299	511145.b0457	12.5	1
6884326	511145.b3754	27.3	1
6884392	511145.b3843	57.6	9
6883214	511145.b2529	957	30
6884301	511145.b3729	1329	183
6881406	511145.b0578	3338	135
6883279	511145.b2599	159	11
6882511	511145.b1770	37.3	5
6884935	511145.b4487	2240	3
6881004	511145.b0127	76.5	7
6882648	511145.b1913	25.3	4
6883959	511145.b3366	18.2	1
6884091	511145.b3509	1139	46
6882265	511145.b1512	15.9	3
6881488	511145.b0674	277	42
6882198	511145.b1435	4.95	1
6882641	511145.b1902	17.8	1
6882991	511145.b2292	16.7	1
6881344	511145.b0506	298	18
6884682	511145.b4160	80.2	7
6884181	511145.b3602	1033	27
6881723	511145.b0923	189	12
6883365	511145.b2710	36.2	5
6882793	511145.b2078	8.24	1
6883821	511145.b3214	11.6	1
6881040	511145.b0163	1157	41
6881624	511145.b0823	4.22	1
6881941	511145.b1154	19.4	1
6882549	511145.b1808	5.8	1
6882355	511145.b1610	17.8	2
6883419	511145.b2764	633	77
6882710	511145.b1990	122	17
6883583	511145.b2950	12.7	1
6881603	511145.b0802	210	4
6883946	511145.b3353	45.7	5
6881578	511145.b0777	14.8	1
6884221	511145.b3642	163	10
6882728	511145.b2012	2730	24
6882216	511145.b1454	80.8	1
6881159	511145.b0306	44.8	5
6883072	511145.b2380	11.9	2
6882439	511145.b1696	35.8	4
6884584	511145.b4058	224	67
6884289	511145.b3717	35.1	1
6882079	511145.b1301	8.5	1
6881539	511145.b0731	14.0	2
6881601	511145.b0800	157	19
6884378	511145.b3826	414	28
6883791	511145.b3184	28.0	2
6883157	511145.b2472	5.8	1
6882764	511145.b2049	16.0	2
6882269	511145.b1516	15.4	2
6881705	511145.b0905	56.4	6
6881284	511145.b0441	341	46
6882397	511145.b1652	182	12
6881336	511145.b0494	8.72	1
6883608	511145.b2982	9.48	6
6881502	511145.b0688	594	95
6881929	511145.b1138	189	4
6884885	511145.b4392	36.8	12
6882468	511145.b1727	185	12
6883977	511145.b3386	182	9
6881095	511145.b0227	39.2	3
6883398	511145.b2743	235	9
6883857	511145.b3253	565	54
6884224	511145.b3645	93.9	10
6882030	511145.b1252	44.4	2
6883978	511145.b3387	27.5	2
6884185	511145.b3606	17.0	1
6884313	511145.b3741	70.3	8
6881461	511145.b0636	118	7
6881509	511145.b0697	9.93	2
6881380	511145.b0548	103	1
6881119	511145.b0259	9.48	6
6883458	511145.b2805	15.0	1
6881852	511145.b1061	242	8
6883178	511145.b2493	64.9	2
6881605	511145.b0804	11.8	1
6884280	511145.b3708	4822	676
6881295	511145.b0452	109	8
6882288	511145.b1535	9.02	1
6884109	511145.b3527	270	37
6881747	511145.b0947	127	15
6884470	511145.b3929	164	8
6884503	511145.b3963	53.5	3
6881765	511145.b0965	757	45
6883112	511145.b2427	21.3	2
6883285	511145.b2605	70.3	3
6884231	511145.b3652	17.4	3
6881258	511145.b0415	1352	54
6883828	511145.b3222	19.5	2
6883227	511145.b2542	7.27	1
6883850	511145.b3244	208	24
6881961	511145.b1178	207	6
6883883	511145.b3290	49.9	4
6882490	511145.b1749	583	45
6882845	511145.b2140	5.97	1
6881492	511145.b0678	305	24
6882348	511145.b1603	20.0	3
6884243	511145.b3665	14.8	3
6882493	511145.b1752	72.5	4
6883817	511145.b3210	108	23
6883416	511145.b2761	4.78	1
6880948	511145.b0068	19.6	1
6883332	511145.b2670	35.2	1
6883408	511145.b2753	24.6	3
6884511	511145.b3980	5001	1271
6883152	511145.b2467	270	12
6882935	511145.b2235	209	28
6884512	511145.b3981	41.5	1
6884548	511145.b4021	68.1	6
6882798	511145.b2085	33.4	1
6883158	511145.b2473	247	10
6881702	511145.b0902	484	29
6881912	511145.b1121	21.6	3
6881535	511145.b0727	5093	312
6881365	511145.b0529	335	22
6882836	511145.b2129	10.3	1
6882408	511145.b1663	31.6	2
6884015	511145.b3426	177	36
6881046	511145.b0170	2518	228
6883807	511145.b3200	380	9
6884152	511145.b3572	85.9	9
6882294	511145.b1541	140	5
6883610	511145.b2984	11.0	1
6884316	511145.b3744	292	28
6881600	511145.b0799	17.3	5
6884567	511145.b4041	8.46	3
6883209	511145.b2524	405	10
6882574	511145.b1833	50.6	5
6882794	511145.b2079	35.5	3
6883074	511145.b2382	16.9	2
6882024	511145.b1246	20.6	1
6882595	511145.b1854	1470	183
6883551	511145.b2914	3066	89
6881886	511145.b1095	320	24
6882946	511145.b2247	31.4	3
6883572	511145.b2938	735	103
6884664	511145.b4142	4389	136
6882016	511145.b1236	520	43
6884892	511145.b4399	78.7	11
6881987	511145.b1204	75.2	6
6881081	511145.b0211	18.7	2
6883966	511145.b3375	13.1	1
6882921	511145.b2219	14.4	2
6883570	511145.b2936	152	12
6882272	511145.b1519	79.9	5
6881636	511145.b0835	93.1	12
6882054	511145.b1276	789	151
6883855	511145.b3251	1371	109
6882392	511145.b1647	151	13
6881576	511145.b0775	37.1	5
6882050	511145.b1272	20.3	2
6882702	511145.b1976	165	6
6881172	511145.b0320	5.16	1
6882746	511145.b2030	9.48	6
6884731	511145.b4213	39.6	7
6883231	511145.b2546	18.9	1
6883488	511145.b2838	5.86	1
6884768	511145.b4256	129	5
6881832	511145.b1040	10.2	1
6881255	511145.b0412	13.5	1
6882457	511145.b1714	931	103
6881480	511145.b0655	114	10
6882277	511145.b1524	48.6	4
6882019	511145.b1241	1120	263
6882649	511145.b1914	31.9	3
6884932	511145.b4483	25.5	2
6882686	511145.b1956	6.18	1
6880987	511145.b0110	41.6	2
6883323	511145.b2661	479	66
6882102	511145.b1325	45.7	5
6882864	511145.b2159	42.3	3
6882834	511145.b2127	55.4	4
6884523	511145.b3992	11.2	1
6882699	511145.b1972	27.2	1
6883834	511145.b3228	45.8	2
6882676	511145.b1945	26.9	3
6884350	511145.b3791	11.9	1
6881266	511145.b0423	20.5	3
6884468	511145.b3927	25.9	1
6881537	511145.b0729	2096	148
6884407	511145.b3863	357	75
6881556	511145.b0755	4056	214
6881627	511145.b0826	91.0	6
6883064	511145.b2372	16.4	3
6881640	511145.b0839	24.6	3
6883945	511145.b3352	132	24
6881580	511145.b0779	181	33
6881760	511145.b0960	5.26	1
6880992	511145.b0115	1324	234
6882115	511145.b1338	68.9	9
6883523	511145.b2883	17.0	3
6883040	511145.b2343	482	13
6884414	511145.b3871	1337	138
6884871	511145.b4378	13.7	1
6881339	511145.b0497	5.59	3
6882959	511145.b2260	30.1	5
6884062	511145.b3477	41.4	2
6883054	511145.b2362	107	2
6882445	511145.b1702	223	36
6884652	511145.b4129	2006	331
6884150	511145.b3570	9.54	1
6883751	511145.b3142	38.9	1
6883456	511145.b2803	23.4	3
6881751	511145.b0951	17.1	3
6881160	511145.b0307	21.0	2
6883135	511145.b2450	54.4	3
6884735	511145.b4217	100	1
6882539	511145.b1798	17.0	1
6884675	511145.b4153	210	13
6881499	511145.b0685	187	4
6883783	511145.b3176	447	69
6881598	511145.b0797	255	33
6884725	511145.b4207	506	28
6882958	511145.b2259	103	3
6883049	511145.b2354	39.4	1
6882660	511145.b1925	44.4	2
6881219	511145.b0373	21.4	2
6883196	511145.b2511	286	35
6884208	511145.b3629	94.5	11
6881373	511145.b0540	21.4	2
6883952	511145.b3359	552	52
6883503	511145.b2860	140	55
6884488	511145.b3947	27.1	6
6883334	511145.b2672	366	7
6882380	511145.b1635	612	40
6881430	511145.b0602	8.1	1
6881608	511145.b0807	30.9	2
6881623	511145.b0822	107	10
6883113	511145.b2428	41.6	4
6883237	511145.b2552	32.9	3
6881838	511145.b1046	7.15	1
6882612	511145.b1871	3.71	1
6881145	511145.b0289	14.6	1
6882878	511145.b2173	290	25
6884772	511145.b4260	42.4	7
6880913	511145.b0031	91.7	9
6881293	511145.b0450	25.2	1
6884600	511145.b4074	14.6	2
6881918	511145.b1127	215	25
6883824	511145.b3218	9.48	6
6882884	511145.b2179	8.64	1
6880967	511145.b0088	50.8	5
6882461	511145.b1718	3037	129
6882189	511145.b1426	586	2
6880973	511145.b0094	52.0	6
6884196	511145.b3617	1135	116
6883652	511145.b3032	96.8	8
6881877	511145.b1086	20.6	2
6884507	511145.b3967	138	13
6881479	511145.b0654	17.2	1
6884481	511145.b3940	115	25
6884206	511145.b3627	12.1	3
6882323	511145.b1575	372	1
6881770	511145.b0970	121	1
6884005	511145.b3414	453	18
6883524	511145.b2886	38.0	1
6884612	511145.b4086	74.0	2
6883066	511145.b2374	12.5	1
6882587	511145.b1846	35.5	2
6882812	511145.b2101	11.2	1
6881428	511145.b0600	12.7	1
6881795	511145.b0996	54.8	5
6883096	511145.b2411	34.5	7
6883681	511145.b3063	36.7	1
6881353	511145.b0516	14.3	2
6881944	511145.b1158	25.3	2
6882422	511145.b1679	32.9	1
6883463	511145.b2810	13.7	2
6882419	511145.b1676	609	98
6880902	511145.b0020	5.24	1
6881899	511145.b1108	785	49
6883896	511145.b3303	6296	301
6884339	511145.b3779	5.98	1
6882840	511145.b2133	21.3	3
6882617	511145.b1876	146	30
6884045	511145.b3460	30.0	2
6882430	511145.b1687	40.1	10
6882376	511145.b1631	89.8	7
6883912	511145.b3319	2782	134
6884219	511145.b3640	35.1	2
6883322	511145.b2660	12.3	2
6883776	511145.b3167	1215	38
6882390	511145.b1645	45.4	6
6882796	511145.b2081	22.7	4
6882339	511145.b1594	16.7	2
6882465	511145.b1724	216	6
6882257	511145.b1500	78.1	1
6882052	511145.b1274	298	76
6881091	511145.b0223	59.4	4
6884755	511145.b4241	69.7	6
6884367	511145.b3813	67.1	12
6883859	511145.b3256	2931	326
6881550	511145.b0742	227	12
6881217	511145.b0369	413	35
6882093	511145.b1315	6.58	1
6884034	511145.b3449	35.1	2
6881414	511145.b0586	5.72	2
6881847	511145.b1056	89.5	7
6882154	511145.b1386	6.54	1
6882911	511145.b2209	380	23
6881050	511145.b0174	73.3	3
6882754	511145.b2039	247	24
6881885	511145.b1094	4701	61
6883226	511145.b2541	19.2	1
6881672	511145.b0871	810	107
6881983	511145.b1200	140	16
6883856	511145.b3252	5.39	1
6881176	511145.b0325	6.78	1
6883908	511145.b3315	10630	205
6881606	511145.b0805	5.65	1
6882573	511145.b1832	276	7
6884419	511145.b3876	11.8	1
6883656	511145.b3037	55.7	2
6881138	511145.b0281	28.2	3
6883037	511145.b2340	329	5
6884827	511145.b4326	82.8	2
6881945	511145.b1159	11.3	1
6881131	511145.b0273	2.67	1
6884787	511145.b4280	12.1	2
6881393	511145.b0565	13.8	2
6881139	511145.b0283	28.7	3
6884336	511145.b3774	974	108
6881166	511145.b0314	10.6	1
6881827	511145.b1035	157	8
6883362	511145.b2707	10.4	1
6883145	511145.b2460	21.5	1
6884473	511145.b3932	1067	30
6883690	511145.b3073	17.4	2
6884628	511145.b4105	20.6	2
6882999	511145.b2300	310	10
6881521	511145.b0712	10.8	1
6882386	511145.b1641	249	8
6883810	511145.b3203	229	5
6882751	511145.b2036	129	18
6881305	511145.b0463	182	14
6884637	511145.b4114	81.3	9
6882114	511145.b1337	10.1	1
6884931	511145.b4482	24.6	1
6884515	511145.b3984	3049	237
6882857	511145.b2152	18.7	2
6883822	511145.b3215	47.7	3
6881757	511145.b0957	1475	138
6881186	511145.b0336	37.5	1
6881322	511145.b0480	38.2	8
6884669	511145.b4147	404	15
6881884	511145.b1093	1312	67
6881500	511145.b0686	48.8	4
6884852	511145.b4356	9.32	1
6881825	511145.b1033	340	33
6881161	511145.b0308	9.63	1
6884304	511145.b3732	876	145
6881436	511145.b0608	7.7	1
6882895	511145.b2193	22.5	2
6882434	511145.b1691	21.4	2
6881708	511145.b0908	109	13
6881446	511145.b0619	17.5	2
6884916	511145.b4467	40.0	2
6883685	511145.b3067	972	84
6883671	511145.b3053	40.7	10
6881457	511145.b0632	198	24
6884024	511145.b3438	27.6	4
6883796	511145.b3189	371	47
6882421	511145.b1678	513	34
6884728	511145.b4210	26.6	2
6882531	511145.b1790	36.6	3
6884092	511145.b3510	1875	9
6882983	511145.b2284	715	97
6881398	511145.b0570	19.3	3
6881569	511145.b0768	9.64	1
6883704	511145.b3087	51.1	3
6882623	511145.b1882	18.4	1
6880995	511145.b0118	1293	363
6884614	511145.b4088	268	27
6882186	511145.b1422	13.7	2
6882231	511145.b1474	9.98	3
6881037	511145.b0160	7.97	2
6880910	511145.b0028	739	21
6882993	511145.b2294	357	22
6883477	511145.b2827	1149	68
6883029	511145.b2330	367	15
6884189	511145.b3610	1280	29
6883067	511145.b2375	19.0	1
6881732	511145.b0932	664	161
6882148	511145.b1380	738	54
6881703	511145.b0903	1418	269
6882621	511145.b1880	75.9	5
6883560	511145.b2924	54.1	5
6883614	511145.b2988	311	63
6884643	511145.b4120	10.6	1
6883562	511145.b2926	1478	188
6882168	511145.b1400	65.8	3
6884607	511145.b4081	11.7	2
6881974	511145.b1191	9.81	1
6884573	511145.b4047	58.1	1
6883352	511145.b2697	1034	292
6882593	511145.b1852	414	73
6883550	511145.b2913	2202	132
6882685	511145.b1955	101	10
6884942	511145.b4511	40.7	1
6881891	511145.b1100	333	31
6882790	511145.b2075	14.9	3
6881954	511145.b1168	32.5	4
6884657	511145.b4135	256	17
6881904	511145.b1113	6.99	1
6881026	511145.b0149	36.8	10
6882051	511145.b1273	2555	48
6881434	511145.b0606	495	74
6884307	511145.b3735	748	37
6881347	511145.b0509	29.6	2
6884526	511145.b3995	97.4	3
6881433	511145.b0605	10199	561
6884317	511145.b3745	13.8	2
6881803	511145.b1004	2065	120
6881236	511145.b0391	263	3
6884640	511145.b4117	118	21
6881717	511145.b0917	687	16
6882015	511145.b1235	11.4	2
6882319	511145.b1570	23.3	1
6884472	511145.b3931	1821	213
6881680	511145.b0879	15.4	4
6882235	511145.b1478	57.0	6
6881466	511145.b0641	278	9
6884416	511145.b3873	7.9	1
6883397	511145.b2742	256	16
6881165	511145.b0313	29.7	3
6882760	511145.b2045	8.58	1
6883903	511145.b3310	4812	110
6881762	511145.b0962	22.9	3
6882952	511145.b2253	166	16
6884711	511145.b4192	397	29
6881558	511145.b0757	46.3	3
6882424	511145.b1681	15.9	2
6884009	511145.b3418	13.4	4
6881000	511145.b0123	10.2	1
6884743	511145.b4226	663	30
6881755	511145.b0955	30.8	5
6881237	511145.b0393	827	37
6884595	511145.b4069	388	69
6882044	511145.b1266	20.5	1
6882172	511145.b1406	32.6	3
6884018	511145.b3430	68.9	9
6883017	511145.b2318	130	11
6882920	511145.b2218	30.6	10
6883881	511145.b3288	189	15
6884732	511145.b4214	498	40
6884834	511145.b4333	10.8	1
6881208	511145.b0358	35.7	4
6883159	511145.b2474	57.9	12
6881679	511145.b0878	17.4	2
6881821	511145.b1025	22.5	6
6882214	511145.b1452	28.8	3
6884599	511145.b4073	18.9	1
6881086	511145.b0217	54.2	4
6883730	511145.b3117	9.88	1
6881818	511145.b1022	75.1	10
6883939	511145.b3346	394	19
6882547	511145.b1806	36.8	3
6883023	511145.b2324	13.2	2
6883433	511145.b2780	1691	208
6882298	511145.b1546	54.8	2
6882305	511145.b1554	79.9	4
6884138	511145.b3558	19.8	3
6883128	511145.b2443	38.3	3
6884912	511145.b4463	15.1	3
6882888	511145.b2183	346	17
6882571	511145.b1830	38.9	9
6882398	511145.b1653	31.9	16
6882146	511145.b1378	166	45
6880937	511145.b0055	28.9	3
6881950	511145.b1164	35.8	1
6884721	511145.b4202	7621	91
6884750	511145.b4235	452	76
6883197	511145.b2512	44.3	4
6881727	511145.b0927	72.2	5
6884705	511145.b4186	7.12	1
6882291	511145.b1538	72.9	18
6882769	511145.b2054	111	6
6881092	511145.b0224	13.0	1
6884641	511145.b4118	18.3	1
6883386	511145.b2731	17.6	3
6881454	511145.b0629	18.8	2
6881029	511145.b0152	9.11	1
6883071	511145.b2379	12.0	1
6883147	511145.b2462	30.3	1
6883206	511145.b2521	699	45
6883203	511145.b2518	3650	117
6882885	511145.b2180	5.0	1
6883842	511145.b3236	1786	149
6883992	511145.b3401	252	23
6884345	511145.b3786	10.5	1
6882489	511145.b1748	307	39
6884920	511145.b4471	3.14	1
6882566	511145.b1825	74.9	1
6883624	511145.b2998	89.4	2
6883211	511145.b2526	260	40
6882014	511145.b1234	11.9	1
6882321	511145.b1572	63.6	1
6883210	511145.b2525	488	19
6884613	511145.b4087	43.6	9
6881313	511145.b0471	631	28
6882001	511145.b1218	13.8	1
6882815	511145.b2104	80.1	3
6881049	511145.b0173	26.7	2
6881893	511145.b1102	12.0	3
6882403	511145.b1658	42.8	4
6881689	511145.b0889	1212	49
6883248	511145.b2563	88.0	4
6884063	511145.b3478	22.5	1
6881721	511145.b0921	12.6	1
6883251	511145.b2566	250	16
6884380	511145.b3828	6.85	1
6881520	511145.b0711	151	5
6884408	511145.b3865	560	43
6884855	511145.b4359	35.2	8
6883887	511145.b3294	7111	118
6881484	511145.b0659	1438	18
6882627	511145.b1886	16.9	2
6884547	511145.b4020	47.2	4
6883062	511145.b2370	10.6	5
6881199	511145.b0349	48.9	6
6884551	511145.b4024	243	29
6881559	511145.b0758	18.9	2
6882328	511145.b1583	59.9	2
6881007	511145.b0130	6.89	1
6883805	511145.b3198	33.8	3
6884029	511145.b3444	15.0	2
6884947	511145.b4517	3160	37
6884561	511145.b4034	506	81
6882382	511145.b1637	1123	113
6884117	511145.b3536	12.5	2
6881384	511145.b0552	9.48	6
6882086	511145.b1308	868	20
6883432	511145.b2779	6184	557
6884154	511145.b3574	11.3	1
6882756	511145.b2041	247	25
6881545	511145.b0737	24.5	2
6881412	511145.b0584	20.1	5
6883345	511145.b2685	49.9	6
6883782	511145.b3175	336	6
6882942	511145.b2243	5.54	1
6884879	511145.b4386	63.9	5
6883212	511145.b2527	59.0	3
6884722	511145.b4203	4060	200
6881420	511145.b0592	12.9	1
6883942	511145.b3349	2428	62
6881438	511145.b0611	656	42
6881664	511145.b0863	514	34
6884333	511145.b3771	399	50
6882652	511145.b1917	2.35	1
6884229	511145.b3650	15.6	3
6882778	511145.b2063	29.9	4
6881476	511145.b0651	422	33
6881177	511145.b0326	9.33	1
6881777	511145.b0978	10.2	1
6883620	511145.b2994	108	17
6884447	511145.b3904	27.4	2
6883777	511145.b3168	1759	253
6883973	511145.b3382	39.5	1
6882435	511145.b1692	29.0	2
6881001	511145.b0124	313	58
6881541	511145.b0733	207	21
6884844	511145.b4348	15.1	3
6882055	511145.b1277	22.2	1
6884901	511145.b4411	508	6
6884816	511145.b4315	26.7	2
6881256	511145.b0413	313	10
6883935	511145.b3342	703	12
6881525	511145.b0716	6.11	1
6884211	511145.b3632	5.1	1
6884857	511145.b4361	14.6	1
6884391	511145.b3842	57.0	2
6881270	511145.b0427	21.6	1
6884579	511145.b4053	634	72
6882278	511145.b1525	434	62
6882560	511145.b1819	32.1	3
6884525	511145.b3994	3.79	1
6882659	511145.b1924	24.0	3
6884889	511145.b4396	172	10
6883532	511145.b2894	8.36	1
6881394	511145.b0566	29.9	4
6883543	511145.b2905	1600	117
6884729	511145.b4211	9.75	1
6881789	511145.b0990	711	22
6882990	511145.b2291	73.2	4
6884303	511145.b3731	3482	39
6883140	511145.b2455	7.35	1
6882211	511145.b1449	174	16
6884322	511145.b3750	23.4	2
6881688	511145.b0888	1739	130
6883317	511145.b2644	36.6	1
6884300	511145.b3728	7.71	1
6883764	511145.b3155	17.1	1
6884047	511145.b3462	21.2	3
6881105	511145.b0241	9.13	1
6882004	511145.b1221	943	35
6883442	511145.b2789	34.4	4
6881469	511145.b0644	52.2	9
6882292	511145.b1539	1055	44
6882970	511145.b2271	22.6	2
6882814	511145.b2103	30.8	3
6884186	511145.b3607	283	20
6881650	511145.b0849	126	1
6883884	511145.b3291	74.8	3
6882411	511145.b1668	7.02	1
6881101	511145.b0237	1788	203
6881068	511145.b0192	17.4	1
6881801	511145.b1002	591	72
6883816	511145.b3209	52.2	4
6882486	511145.b1745	38.3	5
6882745	511145.b2029	1076	156
6883273	511145.b2592	3009	750
6881486	511145.b0661	28.3	5
6881670	511145.b0869	19.7	3
6883949	511145.b3356	54.3	2
6884342	511145.b3783	2527	303
6884354	511145.b3795	72.8	5
6881251	511145.b0408	107	18
6882482	511145.b1741	39.6	3
6883426	511145.b2771	41.6	2
6881497	511145.b0683	1420	67
6884665	511145.b4143	3002	408
6884198	511145.b3619	1530	158
6881474	511145.b0649	6.04	2
6881233	511145.b0388	29.3	2
6882005	511145.b1222	25.7	8
6882383	511145.b1638	233	16
6884801	511145.b4299	23.7	2
6884191	511145.b3612	375	52
6882570	511145.b1829	105	6
6882968	511145.b2269	4.63	1
6884491	511145.b3951	9.51	2
6881450	511145.b0623	566	20
6882012	511145.b1232	172	11
6883450	511145.b2797	28.4	4
6882880	511145.b2175	26.3	1
6884716	511145.b4197	24.3	3
6884604	511145.b4078	33.8	1
6883804	511145.b3197	69.6	8
6881837	511145.b1045	71.5	3
6883684	511145.b3066	15.5	2
6881907	511145.b1116	10.2	1
6882955	511145.b2256	18.2	2
6881568	511145.b0767	231	19
6884536	511145.b4005	411	48
6882040	511145.b1262	13.3	2
6883315	511145.b2642	7.66	1
6881815	511145.b1019	49.3	4
6883910	511145.b3317	7689	372
6884574	511145.b4048	13.0	2
6883459	511145.b2806	19.3	2
6884571	511145.b4045	28636	264
6881691	511145.b0891	415	32
6883468	511145.b2818	20.1	2
6883851	511145.b3247	40.7	8
6883641	511145.b3021	34.6	1
6882143	511145.b1375	37.7	2
6883987	511145.b3396	8.22	2
6883396	511145.b2741	61.8	8
6882688	511145.b1958	29.4	1
6882364	511145.b1619	523	38
6884701	511145.b4182	8.99	1
6882546	511145.b1805	74.1	10
6883154	511145.b2469	2.24	1
6880997	511145.b0120	121	8
6881554	511145.b0753	847	8
6883153	511145.b2468	104	25
6881574	511145.b0773	127	4
6883292	511145.b2614	1151	42
6882555	511145.b1814	246	20
6881426	511145.b0598	14.6	1
6883411	511145.b2756	44.8	3
6884853	511145.b4357	28.4	3
6883994	511145.b3403	457	78
6882589	511145.b1848	258	3
6881542	511145.b0734	443	7
6884661	511145.b4139	926	105
6881042	511145.b0166	3574	215
6883448	511145.b2795	261	39
6881195	511145.b0345	468	32
6881470	511145.b0645	24.2	1
6883799	511145.b3192	377	18
6884483	511145.b3942	665	137
6882464	511145.b1723	980	82
6881779	511145.b0980	59.6	9
6883869	511145.b3266	5.35	1
6882347	511145.b1602	94.2	7
6884589	511145.b4063	13.5	1
6880981	511145.b0103	54.2	3
6884054	511145.b3469	70.2	10
6883778	511145.b3169	1474	217
6884587	511145.b4061	3.93	1
6881282	511145.b0439	178	45
6884101	511145.b3519	17.4	4
6883076	511145.b2384	19.4	2
6883786	511145.b3179	311	14
6883013	511145.b2314	407	14
6884840	511145.b4341	51.0	1
6884012	511145.b3423	15.9	1
6883090	511145.b2405	11.8	1
6882410	511145.b1667	277	14
6880969	511145.b0090	49.4	5
6883636	511145.b3014	124	2
6881070	511145.b0194	967	181
6881356	511145.b0520	19.5	2
6883161	511145.b2476	1700	141
6883839	511145.b3233	255	11
6884383	511145.b3831	1072	48
6882848	511145.b2143	70.2	6
6881681	511145.b0880	42.7	1
6884264	511145.b3689	41.1	7
6881094	511145.b0226	118	3
6882480	511145.b1739	1777	25
6881047	511145.b0171	161	12
6883191	511145.b2506	120	4
6884730	511145.b4212	50.2	3
6883174	511145.b2489	18.8	1
6881485	511145.b0660	612	63
6883710	511145.b3093	16.0	1
6881855	511145.b1064	368	30
6883500	511145.b2851	28.6	3
6883236	511145.b2551	3432	263
6881507	511145.b0695	17.3	5
6881880	511145.b1089	7425	76
6883793	511145.b3186	3292	63
6884258	511145.b3680	35.8	3
6884521	511145.b3990	25.8	4
6884086	511145.b3503	200	9
6883275	511145.b2594	160	11
6884395	511145.b3846	129	29
6882784	511145.b2069	14.0	3
6883888	511145.b3295	2197	265
6882989	511145.b2290	151	17
6883787	511145.b3180	964	13
6881017	511145.b0140	31.9	2
6882152	511145.b1384	17.8	2
6883298	511145.b2620	209	6
6884616	511145.b4090	69.5	4
6884227	511145.b3648	802	47
6882553	511145.b1812	7.58	1
6882781	511145.b2066	62.1	4
6883587	511145.b2954	739	17
6883780	511145.b3172	907	125
6883785	511145.b3178	361	62
6881711	511145.b0911	3405	453
6883548	511145.b2910	300	10
6881377	511145.b0545	63.9	2
6881240	511145.b0397	20.0	4
6884774	511145.b4262	13.9	2
6881564	511145.b0763	39.7	4
6883162	511145.b2477	104	9
6884479	511145.b3938	1721	47
6881927	511145.b1136	3753	349
6881422	511145.b0594	6.68	1
6882029	511145.b1251	8132	35
6883588	511145.b2955	30.4	3
6883773	511145.b3164	355	71
6882361	511145.b1616	26.1	2
6884516	511145.b3985	3796	150
6884413	511145.b3870	933	132
6884007	511145.b3416	434	66
6883820	511145.b3213	456	73
6880895	511145.b0011	28.9	4
6882414	511145.b1671	11.1	1
6881435	511145.b0607	99.2	6
6883493	511145.b2843	566	47
6882987	511145.b2288	192	6
6881879	511145.b1088	144	8
6881223	511145.b0378	18.3	1
6883875	511145.b3280	33.7	1
6881043	511145.b0167	11.7	5
6882855	511145.b2150	1039	133
6882564	511145.b1823	2918	94
6882787	511145.b2072	37.2	1
6881453	511145.b0628	626	50
6883666	511145.b3048	13.5	1
6882360	511145.b1615	15.8	2
6882748	511145.b2033	16.0	1
6883341	511145.b2679	428	31
6884645	511145.b4122	140	48
6884335	511145.b3773	31.4	3
6881519	511145.b0710	400	30
6884359	511145.b3804	8.39	1
6884808	511145.b4306	19.1	3
6882357	511145.b1612	376	100
6884532	511145.b4001	11.4	1
6883183	511145.b2498	1372	76
6881011	511145.b0134	160	9
6882215	511145.b1453	29.8	2
6884174	511145.b3594	17.1	2
6884583	511145.b4057	510	13
6883259	511145.b2574	25.0	5
6884188	511145.b3609	1550	50
6881359	511145.b0523	249	6
6882104	511145.b1327	9.73	1
6883529	511145.b2891	963	63
6884319	511145.b3747	23.1	3
6881376	511145.b0544	28.6	4
6884132	511145.b3552	94.3	4
6881190	511145.b0340	42.3	2
6883060	511145.b2368	25.3	3
6883790	511145.b3183	17.8	2
6882810	511145.b2099	5.86	1
6883166	511145.b2481	7.09	1
6883894	511145.b3301	2555	101
6884848	511145.b4352	13.9	1
6883943	511145.b3350	40.9	7
6881572	511145.b0771	3.22	1
6881714	511145.b0914	8.3	1
6884093	511145.b3511	410	7
6883737	511145.b3126	24.0	2
6883632	511145.b3010	37.6	3
6884781	511145.b4269	245	22
6882725	511145.b2009	23.4	1
6882110	511145.b1333	119	10
6884860	511145.b4364	16.3	1
6883574	511145.b2940	296	5
6881839	511145.b1047	12.6	1
6884204	511145.b3625	26.6	2
6883779	511145.b3170	163	7
6881164	511145.b0312	34.1	3
6884493	511145.b3953	42.4	1
6884734	511145.b4216	114	6
6882986	511145.b2287	88.5	7
6881724	511145.b0924	125	53
6882187	511145.b1423	67.2	8
6881630	511145.b0829	4.32	1
6881483	511145.b0658	118	12
6882236	511145.b1479	386	54
6883836	511145.b3230	5157	117
6883904	511145.b3311	6836	53
6881066	511145.b0190	22.9	2
6884681	511145.b4159	11.4	4
6881655	511145.b0854	16.7	3
6884540	511145.b4013	131	14
6883103	511145.b2418	35.2	3
6882326	511145.b1581	4.34	1
6883736	511145.b3125	125	13
6884440	511145.b3897	9.39	3
6883909	511145.b3316	5374	164
6881587	511145.b0786	105	3
6883303	511145.b2626	67.3	4
6882581	511145.b1840	25.6	1
6884151	511145.b3571	5.77	1
6883846	511145.b3240	5.36	1
6882497	511145.b1756	111	5
6884087	511145.b3505	9.48	6
6881358	511145.b0522	125	9
6884050	511145.b3465	25.4	1
6883115	511145.b2430	31.2	4
6882598	511145.b1857	85.7	6
6883310	511145.b2633	11.5	2
6881002	511145.b0125	2168	91
6882651	511145.b1916	39.1	2
6883533	511145.b2895	64.3	2
6884492	511145.b3952	7.57	1
6881244	511145.b0401	14.9	1
6882363	511145.b1618	8.53	1
6881611	511145.b0810	10.8	1
6883022	511145.b2323	1936	107
6881324	511145.b0482	10.1	1
6881748	511145.b0948	82.7	17
6881829	511145.b1037	43.7	3
6884242	511145.b3664	12.6	1
6884500	511145.b3960	214	23
6883763	511145.b3154	131	2
6881079	511145.b0209	123	8
6882733	511145.b2017	41.8	1
6882226	511145.b1467	237	38
6883215	511145.b2530	1557	209
6884529	511145.b3998	16.2	1
6883798	511145.b3191	74.4	2
6881012	511145.b0135	20.6	2
6884565	511145.b4039	51.7	3
6884465	511145.b3924	350	20
6884873	511145.b4380	13.7	2
6882858	511145.b2153	22.1	1
6883324	511145.b2662	425	74
6882429	511145.b1686	56.2	2
6884083	511145.b3500	230	25
6884622	511145.b4097	22.4	2
6881407	511145.b0579	39.7	2
6881534	511145.b0726	1278	257
6881028	511145.b0151	11.6	1
6884886	511145.b4393	38.2	1
6883452	511145.b2799	65.6	8
6882615	511145.b1874	11.0	1
6884866	511145.b4373	16.2	1
6881481	511145.b0656	9.48	6
6884449	511145.b3906	12.3	2
6884850	511145.b4354	10.0	1
6884691	511145.b4172	286	10
6881369	511145.b0533	33.2	2
6884433	511145.b3890	23.0	1
6882705	511145.b1982	125	14
6884631	511145.b4108	3157	51
6882025	511145.b1247	24.6	3
6883264	511145.b2579	773	36
6881718	511145.b0918	78.9	6
6881335	511145.b0493	50.5	3
6882270	511145.b1517	310	26
6881742	511145.b0942	163	1
6881234	511145.b0389	235	4
6882049	511145.b1271	276	23
6882915	511145.b2213	9.45	1
6884802	511145.b4300	10.5	2
6883232	511145.b2547	28.1	4
6882048	511145.b1270	28.2	1
6881392	511145.b0564	33.3	4
6883795	511145.b3188	20.1	1
6882111	511145.b1334	24.4	1
6884184	511145.b3605	16.1	3
6882080	511145.b1302	6.54	1
6881211	511145.b0363	19.3	2
6884894	511145.b4401	1337	76
6883283	511145.b2603	108	4
6881840	511145.b1048	193	32
6881766	511145.b0966	551	1
6881887	511145.b1096	53.8	5
6880994	511145.b0117	30.7	3
6881077	511145.b0207	140	10
6883775	511145.b3166	112	6
6884136	511145.b3556	3117	62
6882287	511145.b1534	31.6	1
6882399	511145.b1654	1230	38
6882156	511145.b1388	19.0	1
6881115	511145.b0252	11.5	2
6881332	511145.b0490	41.5	4
6884943	511145.b4512	32.6	1
6884011	511145.b3422	43.1	8
6884439	511145.b3896	16.2	1
6883186	511145.b2501	147	37
6882108	511145.b1331	9.48	6
6881728	511145.b0928	2712	284
6884496	511145.b3956	1599	355
6884215	511145.b3636	5616	57
6882969	511145.b2270	9.57	2
6883661	511145.b3042	35.7	1
6884477	511145.b3936	3367	69
6881151	511145.b0295	215	8
6883886	511145.b3293	28.6	1
6881140	511145.b0284	8.85	2
6883941	511145.b3348	231	6
6883600	511145.b2968	32.4	3
6883384	511145.b2729	8.63	1
6881214	511145.b0366	30.7	2
6883180	511145.b2495	690	14
6884538	511145.b4011	20.3	1
6882678	511145.b1947	24.3	1
6884028	511145.b3442	24.8	4
6883204	511145.b2519	9.61	3
6883031	511145.b2332	9.21	1
6884788	511145.b4284	11.6	4
6884323	511145.b3751	1459	158
6883165	511145.b2480	2795	107
6884259	511145.b3684	20.9	2
6883891	511145.b3298	4902	138
6881734	511145.b0934	24.4	1
6881982	511145.b1199	261	14
6881260	511145.b0417	30.8	2
6883288	511145.b2608	350	25
6884302	511145.b3730	80.6	9
6882472	511145.b1731	69.3	2
6882436	511145.b1693	455	31
6883179	511145.b2494	26.6	4
6883164	511145.b2479	150	9
6881652	511145.b0851	728	54
6882592	511145.b1851	115	12
6884209	511145.b3630	45.8	3
6881067	511145.b0191	75.8	3
6882358	511145.b1613	607	76
6882322	511145.b1573	122	4
6882206	511145.b1444	30.1	6
6884864	511145.b4371	21.2	2
6884690	511145.b4171	26.3	3
6881274	511145.b0431	56.1	6
6881027	511145.b0150	4.26	1
6881020	511145.b0143	88.7	13
6882409	511145.b1664	31.1	4
6884747	511145.b4232	555	48
6883852	511145.b3248	272	14
6882947	511145.b2248	35.2	3
6882899	511145.b2197	18.1	1
6884770	511145.b4258	573	163
6883558	511145.b2922	41.3	1
6882462	511145.b1719	116	23
6882387	511145.b1642	175	6
6883482	511145.b2832	15.2	1
6883367	511145.b2712	4.92	1
6881202	511145.b0352	241	15
6880898	511145.b0015	172	15
6883577	511145.b2944	43.3	2
6882740	511145.b2024	54.0	4
6883950	511145.b3357	892	63
6881916	511145.b1125	49.0	3
6882007	511145.b1224	9.2	6
6881249	511145.b0406	120	12
6880949	511145.b0069	24.6	3
6881583	511145.b0782	265	18
6884636	511145.b4113	149	9
6882540	511145.b1799	60.7	8
6882524	511145.b1783	99.7	21
6881994	511145.b1211	195	16
6882520	511145.b1779	1791	134
6883955	511145.b3362	58.5	1
6883014	511145.b2315	231	27
6881443	511145.b0616	22.4	2
6882181	511145.b1415	691	132
6881327	511145.b0485	390	13
6883286	511145.b2606	5325	116
6884170	511145.b3590	54.4	13
6883592	511145.b2959	210	9
6884145	511145.b3565	6.84	1
6883747	511145.b3138	24.1	1
6882442	511145.b1699	8.0	1
6882765	511145.b2050	12.3	2
6883035	511145.b2336	36.1	3
6880998	511145.b0121	20.7	2
6883612	511145.b2986	17.8	1
6884067	511145.b3482	2.47	2
6883366	511145.b2711	16.0	2
6882640	511145.b1901	46.7	6
6882062	511145.b1284	211	19
6883844	511145.b3238	524	13
6883376	511145.b2721	19.5	4
6881823	511145.b1027	21.4	2
6882807	511145.b2096	645	39
6883467	511145.b2817	16.2	2
6882616	511145.b1875	170	11
6884324	511145.b3752	185	12
6881957	511145.b1174	229	11
6883541	511145.b2903	428	108
6881595	511145.b0794	13.7	3
6883563	511145.b2927	39.9	4
6882037	511145.b1259	147	1
6884365	511145.b3811	29.5	3
6883633	511145.b3011	125	10
6882576	511145.b1835	6.31	1
6882995	511145.b2296	1720	173
6882876	511145.b2171	1075	35
6881647	511145.b0846	20.2	1
6881290	511145.b0447	110	2
6884040	511145.b3455	20.5	2
6883280	511145.b2600	6.79	1
6882475	511145.b1734	17.9	3
6883569	511145.b2935	1246	140
6881014	511145.b0137	91.4	2
6883003	511145.b2304	35.5	3
6884546	511145.b4019	212	70
6881675	511145.b0874	69.9	2
6882237	511145.b1480	810	5
6882739	511145.b2023	158	15
6883472	511145.b2822	14.5	8
6883954	511145.b3361	33.7	3
6882021	511145.b1243	647	90
6882101	511145.b1324	1541	70
6883101	511145.b2416	1851	260
6884667	511145.b4145	9.69	1
6881573	511145.b0772	26.1	4
6883701	511145.b3084	26.2	3
6882251	511145.b1494	22.2	5
6883270	511145.b2585	73.1	13
6880991	511145.b0114	2984	574
6883095	511145.b2410	18.7	1
6883388	511145.b2733	37.0	8
6883160	511145.b2475	60.4	4
6884806	511145.b4304	183	7
6883890	511145.b3297	2982	84
6883261	511145.b2576	220	31
6881459	511145.b0634	26.5	2
6883678	511145.b3060	3.98	1
6881498	511145.b0684	333	15
6883996	511145.b3405	443	32
6883847	511145.b3241	11.9	1
6884668	511145.b4146	44.1	4
6881780	511145.b0981	20.4	3
6883877	511145.b3282	71.3	6
6884940	511145.b4509	78.0	1
6883925	511145.b3332	14.2	2
6883454	511145.b2801	111	3
6881813	511145.b1015	9.17	1
6884269	511145.b3697	1426	92
6881035	511145.b0158	14.0	2
6883507	511145.b2867	9.1	1
6880929	511145.b0047	21.6	2
6884415	511145.b3872	87.1	6
6881875	511145.b1084	304	77
6881725	511145.b0925	3.76	1
6884505	511145.b3965	4.91	1
6882506	511145.b1765	1550	101
6882656	511145.b1921	10.8	1
6884874	511145.b4381	204	21
6884577	511145.b4051	223	22
6880886	511145.b0002	207	55
6884155	511145.b3575	27.2	4
6884896	511145.b4403	11.7	1
6880915	511145.b0033	1191	278
6884924	511145.b4475	14.2	1
6883743	511145.b3132	70.8	21
6881850	511145.b1059	106	13
6881320	511145.b0478	17.7	2
6883709	511145.b3092	50.8	9
6881246	511145.b0403	27.4	6
6882488	511145.b1747	184	14
6882928	511145.b2226	6.11	1
6884580	511145.b4054	666	74
6883753	511145.b3144	26.3	4
6882619	511145.b1878	51.6	2
6881910	511145.b1119	15.9	1
6881683	511145.b0882	282	54
6883192	511145.b2507	86.0	14
6881175	511145.b0324	18.9	1
6883194	511145.b2509	18.8	2
6882808	511145.b2097	675	57
6883769	511145.b3160	665	36
6881221	511145.b0376	77.4	5
6881477	511145.b0652	4.02	1
6882980	511145.b2281	911	20
6884002	511145.b3411	24.6	2
6882262	511145.b1507	10.6	2
6881577	511145.b0776	25.7	2
6882889	511145.b2184	6.02	2
6881230	511145.b0385	11.2	1
6884559	511145.b4032	45.4	4
6883581	511145.b2948	148	10
6883819	511145.b3212	288	93
6884495	511145.b3955	144	20
6883414	511145.b2759	17.4	1
6882396	511145.b1651	48.9	1
6884736	511145.b4218	7.9	1
6883711	511145.b3094	23.8	2
6880970	511145.b0091	81.4	8
6881213	511145.b0365	468	33
6884706	511145.b4187	72.8	12
6881268	511145.b0425	10.8	1
6883001	511145.b2302	24.3	1
6884882	511145.b4389	26.0	4
6882173	511145.b1407	40.4	8
6883131	511145.b2446	20.8	1
6881826	511145.b1034	137	10
6882839	511145.b2132	53.2	13
6881791	511145.b0992	13.6	2
6880921	511145.b0039	11.6	2
6881699	511145.b0899	27.3	2
6881126	511145.b0268	46.2	3
6882964	511145.b2265	8.28	2
6881588	511145.b0787	34.6	1
6883689	511145.b3072	18.8	3
6883676	511145.b3058	85.1	3
6884014	511145.b3425	521	15
6882937	511145.b2237	363	12
6880918	511145.b0036	31.7	3
6883630	511145.b3008	17.2	2
6882838	511145.b2131	162	18
6881257	511145.b0414	106	13
6881314	511145.b0472	12.0	1
6883116	511145.b2431	336	28
6884752	511145.b4238	20.7	5
6884103	511145.b3521	10.2	1
6882901	511145.b2199	20.9	1
6881487	511145.b0662	24.8	2
6881281	511145.b0438	357	55
6883447	511145.b2794	46.5	4
6883911	511145.b3318	781	17
6882655	511145.b1920	419	50
6881704	511145.b0904	116	2
6881076	511145.b0200	19.9	1
6881903	511145.b1112	415	7
6881562	511145.b0761	22.1	1
6884836	511145.b4335	7.57	1
6883975	511145.b3384	2135	132
6882059	511145.b1281	50.7	4
6883898	511145.b3305	4721	193
6883351	511145.b2696	3121	24
6880940	511145.b0060	41.7	11
6884008	511145.b3417	70.1	18
6884775	511145.b4263	97.1	17
6884534	511145.b4003	33.3	4
6883379	511145.b2724	8.75	1
6884568	511145.b4042	34.6	1
6883552	511145.b2916	119	7
6882519	511145.b1778	289	10
6881812	511145.b1014	63.3	25
6881514	511145.b0704	29.0	2
6881799	511145.b1000	227	15
6884596	511145.b4070	4.45	1
6883201	511145.b2516	344	21
6884605	511145.b4079	4.5	1
6884824	511145.b4323	56.2	9
6881440	511145.b0613	10.9	1
6883766	511145.b3157	13.1	1
6884459	511145.b3918	16.2	1
6881106	511145.b0242	231	19
6884038	511145.b3453	231	35
6881980	511145.b1197	41.8	6
6882932	511145.b2232	330	24
6883425	511145.b2770	31.0	2
6883721	511145.b3104	197	1
6883611	511145.b2985	20.4	2
6884744	511145.b4227	470	35
6884140	511145.b3560	159	16
6883967	511145.b3376	5.66	1
6883127	511145.b2442	17.6	2
6881532	511145.b0723	189	46
6882064	511145.b1286	575	89
6882127	511145.b1350	39.5	8
6882607	511145.b1866	234	54
6881707	511145.b0907	263	34
6884970	511145.b4551	876	16
6883205	511145.b2520	12.4	9
6882438	511145.b1695	13.6	1
6883238	511145.b2553	208	9
6884388	511145.b3836	176	4
6883575	511145.b2942	712	75
6882039	511145.b1261	108	8
6881853	511145.b1062	44.7	4
6881107	511145.b0243	245	41
6882391	511145.b1646	559	33
6884169	511145.b3589	68.8	5
6882977	511145.b2278	57.6	4
6883281	511145.b2601	22.2	2
6884220	511145.b3641	29.2	3
6883199	511145.b2514	901	123
6882119	511145.b1342	22.2	1
6881921	511145.b1130	262	24
6881200	511145.b0350	19.0	1
6881602	511145.b0801	423	38
6883053	511145.b2361	96.8	3
6883407	511145.b2752	51.8	3
6882312	511145.b1561	20.0	1
6883899	511145.b3306	2163	81
6882643	511145.b1905	371	12
6883580	511145.b2947	449	41
6881694	511145.b0894	7.86	2
6882179	511145.b1413	15.5	6
6881300	511145.b0458	24.5	1
6881456	511145.b0631	85.7	2
6883615	511145.b2989	334	25
6884016	511145.b3428	40.3	10
6881387	511145.b0556	46.4	3
6884535	511145.b4004	39.3	5
6881494	511145.b0680	590	85
6884078	511145.b3495	692	20
6880946	511145.b0066	28.0	3
6881489	511145.b0675	297	20
6884068	511145.b3483	35.2	1
6882009	511145.b1226	10.3	1
6883601	511145.b2971	16.0	1
6884360	511145.b3805	74.7	8
6881610	511145.b0809	31.4	3
6882758	511145.b2043	5.36	1
6880961	511145.b0082	358	37
6882548	511145.b1807	147	7
6883837	511145.b3231	4704	120
6881984	511145.b1201	19.1	4
6881173	511145.b0321	59.0	8
6883284	511145.b2604	5.02	1
6882027	511145.b1249	12.9	1
6882426	511145.b1683	33.1	5
6884357	511145.b3802	27.8	3
6882508	511145.b1767	129	10
6884918	511145.b4469	6.78	1
6884463	511145.b3922	335	9
6883970	511145.b3379	53.2	8
6883980	511145.b3389	119	13
6884248	511145.b3670	100	6
6882301	511145.b1550	1376	23
6884869	511145.b4376	5946	217
6882060	511145.b1282	717	13
6882239	511145.b1482	486	15
6883506	511145.b2866	5.23	1
6884144	511145.b3564	12.9	3
6884619	511145.b4094	16.2	1
6882558	511145.b1817	310	28
6881064	511145.b0188	67.4	3
6884883	511145.b4390	16.9	4
6882611	511145.b1870	50.4	5
6881361	511145.b0525	4423	160
6881764	511145.b0964	22.0	2
6884851	511145.b4355	10.4	2
6883534	511145.b2896	53.3	1
6882966	511145.b2267	39.2	1
6881323	511145.b0481	696	36
6884409	511145.b3866	197	8
6883375	511145.b2720	26.7	1
6883914	511145.b3321	6633	197
6884027	511145.b3441	26.7	1
6882962	511145.b2263	11.6	1
6880935	511145.b0053	1167	112
6883318	511145.b2645	33.4	1
6881733	511145.b0933	43.4	3
6884884	511145.b4391	621	125
6881003	511145.b0126	318	18
6881579	511145.b0778	228	4
6883424	511145.b2769	38.4	4
6884134	511145.b3554	23.5	1
6881315	511145.b0473	1443	294
6884308	511145.b3736	858	43
6882356	511145.b1611	319	33
6883415	511145.b2760	11.9	2
6883905	511145.b3312	2332	49
6884518	511145.b3987	834	292
6882698	511145.b1971	14.3	2
6882588	511145.b1847	57.4	2
6885000	511145.b4621	33.4	1
6882195	511145.b1432	16.1	2
6884630	511145.b4107	68.0	3
6881769	511145.b0969	64.5	1
6881045	511145.b0169	5123	298
6882121	511145.b1344	22.8	3
6883504	511145.b2861	7.17	1
6882066	511145.b1288	1960	126
6884460	511145.b3919	377	24
6882877	511145.b2172	16.9	3
6883564	511145.b2928	19.2	1
6884578	511145.b4052	102	14
6884071	511145.b3486	4.08	1
6882922	511145.b2220	25.8	3
6884222	511145.b3643	368	19
6883234	511145.b2549	10.1	3
6883812	511145.b3205	82.4	5
6883901	511145.b3308	6110	297
6881325	511145.b0483	55.6	2
6881677	511145.b0876	9.54	2
6883061	511145.b2369	60.3	5
6884839	511145.b4340	30.7	5
6881986	511145.b1203	709	81
6881044	511145.b0168	1523	128
6882630	511145.b1889	22.7	3
6881908	511145.b1117	22.0	1
6882455	511145.b1712	1140	25
6882289	511145.b1536	297	13
6882081	511145.b1303	19.3	2
6883193	511145.b2508	670	74
6881307	511145.b0465	7.02	2
6882591	511145.b1850	1415	71
6884334	511145.b3772	31.4	6
6883455	511145.b2802	44.0	6
6884325	511145.b3753	44.2	4
6882317	511145.b1566	179	7
6883208	511145.b2523	301	44
6883758	511145.b3149	26.7	1
6882169	511145.b1402	140	55
6883348	511145.b2688	654	63
6884544	511145.b4017	5.8	2
6881716	511145.b0916	4.9	1
6881404	511145.b0576	14.3	1
6882913	511145.b2211	8.79	1
6883338	511145.b2676	59.6	4
6883495	511145.b2845	10.0	1
6883370	511145.b2715	8.81	1
6881536	511145.b0728	1795	222
6882620	511145.b1879	17.0	4
6883470	511145.b2820	2.16	1
6882568	511145.b1827	231	21
6882755	511145.b2040	89.4	9
6881710	511145.b0910	95.5	6
6883233	511145.b2548	40.1	5
6882261	511145.b1504	41.9	3
6884404	511145.b3860	252	16
6881894	511145.b1103	366	15
6883906	511145.b3313	7159	181
6882658	511145.b1923	43.6	6
6884427	511145.b3884	26.2	2
6884297	511145.b3725	17.4	2
6882527	511145.b1786	22.9	4
6881417	511145.b0589	8.23	1
6881055	511145.b0179	122	6
6883277	511145.b2597	800	26
6883670	511145.b3052	271	42
6881503	511145.b0689	22.1	1
6884159	511145.b3579	11.5	1
6882992	511145.b2293	393	24
6882017	511145.b1237	8993	246
6883714	511145.b3097	1445	14
6884453	511145.b3910	206	12
6882201	511145.b1439	6.29	1
6884389	511145.b3838	16.9	1
6881775	511145.b0976	123	6
6880904	511145.b0022	15.0	2
6881740	511145.b0940	39.4	8
6881845	511145.b1054	9.68	1
6883927	511145.b3334	22.4	1
6881809	511145.b1011	36.4	3
6883094	511145.b2409	27.2	3
6883290	511145.b2610	371	40
6883200	511145.b2515	519	63
6882304	511145.b1553	16.1	1
6881279	511145.b0436	3371	502
6882113	511145.b1336	105	8
6881693	511145.b0893	1761	221
6883007	511145.b2308	13.0	1
6884370	511145.b3818	391	1
6881125	511145.b0267	18.7	3
6884467	511145.b3926	1922	343
6884195	511145.b3616	492	39
6884402	511145.b3858	773	21
6881926	511145.b1135	10.2	1
6882478	511145.b1737	23.9	1
6883471	511145.b2821	36.7	9
6884837	511145.b4336	37.3	4
6882622	511145.b1881	13.5	1
6882583	511145.b1842	58.0	2
6884396	511145.b3847	248	36
6882244	511145.b1487	4.05	1
6884347	511145.b3788	4.0	1
6884677	511145.b4155	97.9	11
6883266	511145.b2581	40.5	2
6880896	511145.b0013	24.0	1
6882777	511145.b2062	34.5	4
6884102	511145.b3520	16.8	1
6880936	511145.b0054	5.61	2
6881262	511145.b0419	46.9	7
6881596	511145.b0795	15.8	2
6882832	511145.b2125	37.2	6
6884438	511145.b3895	38.8	3
6882242	511145.b1485	157	4
6883002	511145.b2303	158	10
6881671	511145.b0870	129	11
6881287	511145.b0444	129	9
6884192	511145.b3613	34.1	5
6881058	511145.b0182	6.09	1
6881892	511145.b1101	111	8
6883354	511145.b2699	723	62
6881591	511145.b0790	8.56	1
6884173	511145.b3593	5.54	3
6882874	511145.b2169	201	18
6882743	511145.b2027	28.6	3
6884662	511145.b4140	112	2
6881060	511145.b0184	10.1	4
6882860	511145.b2155	10.9	2
6880893	511145.b0009	245	12
6884785	511145.b4278	33.2	10
6881924	511145.b1133	162	11
6882250	511145.b1493	579	135
6884139	511145.b3559	1005	206
6883081	511145.b2389	45.0	2
6881949	511145.b1163	29.8	3
6881467	511145.b0642	816	194
6884930	511145.b4481	16.0	2
6880954	511145.b0074	13.2	2
6884621	511145.b4096	8.63	1
6881922	511145.b1131	996	98
6883893	511145.b3300	129	10
6883556	511145.b2920	8.13	1
6881722	511145.b0922	38.3	9
6881442	511145.b0615	7.48	1
6883050	511145.b2357	96.9	4
6883755	511145.b3146	607	52
6882503	511145.b1762	9.83	1
6884710	511145.b4191	36.4	2
6882985	511145.b2286	244	56
6883437	511145.b2784	33.3	9
6883018	511145.b2319	427	36
6881692	511145.b0892	62.3	10
6880964	511145.b0085	86.6	9
6882374	511145.b1629	10.3	2
6881990	511145.b1207	1451	153
6884125	511145.b3544	169	30
6883750	511145.b3141	11.2	1
6883223	511145.b2538	11.9	2
6883217	511145.b2532	1142	69
6881615	511145.b0814	34.5	1
6882481	511145.b1740	918	75
6882941	511145.b2242	193	22
6882097	511145.b1320	21.6	2
6883885	511145.b3292	91.3	2
6884275	511145.b3703	3025	5
6884194	511145.b3615	21.5	2
6881697	511145.b0897	235	19
6883344	511145.b2684	616	24
6880976	511145.b0097	41.9	3
6882602	511145.b1861	1009	21
6883046	511145.b2350	131	3
6884592	511145.b4066	30.7	4
6884693	511145.b4174	302	33
6884223	511145.b3644	272	19
6881920	511145.b1129	27.7	4
6881858	511145.b1067	110	9
6884268	511145.b3696	21.3	2
6882736	511145.b2020	46.8	3
6883102	511145.b2417	2105	81
6884867	511145.b4374	86.1	5
6883216	511145.b2531	24.0	1
6882951	511145.b2252	1663	77
6883744	511145.b3133	72.9	3
6881549	511145.b0741	36.1	2
6882401	511145.b1656	964	61
6882141	511145.b1373	54.8	2
6882340	511145.b1595	37.8	6
6883979	511145.b3388	17.6	1
6883466	511145.b2813	7.01	1
6881641	511145.b0840	21.2	2
6881132	511145.b0274	16.5	1
6883531	511145.b2893	143	8
6884868	511145.b4375	960	120
6882828	511145.b2120	4.45	1
6881529	511145.b0720	964	110
6882672	511145.b1941	30.1	5
6884377	511145.b3825	8.44	1
6883784	511145.b3177	187	17
6881264	511145.b0421	253	11
6882714	511145.b1994	2.62	2
6882961	511145.b2262	551	40
6880984	511145.b0107	20.5	3
6882894	511145.b2192	9.48	6
6882170	511145.b1403	7.17	1
6884044	511145.b3459	410	20
6884783	511145.b4273	140	55
6881981	511145.b1198	60.8	9
6882094	511145.b1316	4.34	1
6882513	511145.b1772	10.1	1
6881620	511145.b0819	1627	66
6881061	511145.b0185	606	53
6881232	511145.b0387	84.8	4
6882332	511145.b1587	5.33	1
6883057	511145.b2365	37.8	2
6884581	511145.b4055	51.2	5
6882982	511145.b2283	318	67
6881117	511145.b0254	11.7	2
6884160	511145.b3580	19.0	3
6884575	511145.b4049	6.95	1
6882349	511145.b1604	868	66
6884528	511145.b3997	78.8	7
6883443	511145.b2790	23.8	1
6882723	511145.b2007	1075	26
6884782	511145.b4272	7.17	1
6884569	511145.b4043	207	12
6881518	511145.b0709	11.5	1
6882604	511145.b1863	44.4	2
6882293	511145.b1540	106	6
6882866	511145.b2161	23.7	5
6882366	511145.b1621	24.4	2
6882744	511145.b2028	186	22
6882359	511145.b1614	96.7	22
6883325	511145.b2663	16.4	1
6882315	511145.b1564	51.0	2
6884046	511145.b3461	22.7	2
6881150	511145.b0294	111	5
6884061	511145.b3476	28.7	7
6883009	511145.b2310	185	21
6881267	511145.b0424	370	16
6883933	511145.b3340	1724	343
6882918	511145.b2216	36.0	10
6883126	511145.b2441	20.0	3
6884393	511145.b3844	211	24
6884558	511145.b4031	81.2	4
6882176	511145.b1410	17.7	4
6883024	511145.b2325	112	1
6881277	511145.b0434	99.4	6
6883121	511145.b2436	18.6	1
6883725	511145.b3110	14.6	1
6884696	511145.b4177	2374	322
6883491	511145.b2841	15.3	1
6883829	511145.b3223	87.9	7
6881785	511145.b0986	13.2	1
6881445	511145.b0618	19.1	2
6883356	511145.b2701	6.38	1
6883464	511145.b2811	41.1	2
6884431	511145.b3888	122	10
6883331	511145.b2669	1911	63
6880968	511145.b0089	27.4	3
6882147	511145.b1379	29.9	1
6882144	511145.b1376	779	40
6881597	511145.b0796	39.5	3
6884020	511145.b3432	32.0	9
6881531	511145.b0722	138	2
6883479	511145.b2829	9.73	3
6884230	511145.b3651	215	15
6881678	511145.b0877	7.55	1
6882227	511145.b1468	5.81	2
6881053	511145.b0177	99.1	21
6881193	511145.b0343	13.7	1
6882925	511145.b2223	66.9	1
6882596	511145.b1855	45.2	4
6883258	511145.b2573	10.3	1
6882956	511145.b2257	12.4	2
6884510	511145.b3974	57.9	6
6884274	511145.b3702	48.5	7
6884464	511145.b3923	473	21
6882795	511145.b2080	1175	32
6884686	511145.b4167	90.5	14
6882833	511145.b2126	21.7	4
6884381	511145.b3829	906	151
6884740	511145.b4222	70.8	2
6881462	511145.b0637	337	10
6884111	511145.b3529	12.6	2
6881259	511145.b0416	284	9
6884108	511145.b3526	669	39
6882919	511145.b2217	89.2	6
6880920	511145.b0038	13.2	2
6882822	511145.b2111	114	4
6881147	511145.b0291	8.4	2
6884239	511145.b3661	105	9
6882122	511145.b1345	5.83	1
6882554	511145.b1813	51.2	2
6882246	511145.b1489	9.59	2
6882182	511145.b1418	41.4	2
6883591	511145.b2958	76.0	3
6881292	511145.b0449	4.28	1
6881616	511145.b0815	8.27	1
6882362	511145.b1617	57.8	7
6883070	511145.b2378	13.6	2
6881551	511145.b0750	44.1	5
6884094	511145.b3512	46.0	5
6882139	511145.b1370	9.34	6
6881844	511145.b1053	18.4	1
6883188	511145.b2503	18.5	3
6883719	511145.b3102	190	25
6881631	511145.b0830	21.5	3
6881312	511145.b0470	58.4	10
6881997	511145.b1214	7.8	1
6881460	511145.b0635	9.77	2
6883669	511145.b3051	21.8	5
6884517	511145.b3986	6244	129
6884318	511145.b3746	37.9	6
6881656	511145.b0855	15.9	2
6882069	511145.b1291	47.8	5
6881022	511145.b0145	599	32
6884113	511145.b3531	5.93	1
6881031	511145.b0154	1007	103
6882302	511145.b1551	57.5	2
6884384	511145.b3832	5.28	1
6883249	511145.b2564	545	38
6884692	511145.b4173	214	25
6882708	511145.b1987	31.1	4
6883252	511145.b2567	397	19
6881862	511145.b1071	1222	40
6883525	511145.b2887	34.1	7
6881309	511145.b0467	107	4
6884877	511145.b4384	579	57
6881311	511145.b0469	274	18
6882803	511145.b2092	34.3	1
6883698	511145.b3081	53.4	9
6883794	511145.b3187	475	35
6884531	511145.b4000	8426	229
6883399	511145.b2744	106	8
6881883	511145.b1092	406	18
6884719	511145.b4200	1019	36
6882763	511145.b2048	18.3	2
6883895	511145.b3302	2603	26
6880934	511145.b0052	79.8	9
6883089	511145.b2400	838	95
6883445	511145.b2792	68.4	1
6882212	511145.b1450	21.6	2
6882938	511145.b2239	718	89
6882799	511145.b2086	12.9	1
6884425	511145.b3882	24.4	3
6881626	511145.b0825	38.5	2
6883771	511145.b3162	453	91
6884537	511145.b4006	615	122
6883363	511145.b2708	9.93	1
6881962	511145.b1179	887	19
6881613	511145.b0812	221	15
6883202	511145.b2517	14.7	2
6884872	511145.b4379	28.1	2
6882904	511145.b2202	16.6	1
6881334	511145.b0492	78.4	7
6884355	511145.b3800	5.06	1
6881658	511145.b0857	96.0	3
6883382	511145.b2727	24.7	3
6881905	511145.b1114	150	50
6882473	511145.b1732	26.9	6
6881695	511145.b0895	6.17	1
6882404	511145.b1659	16.6	1
6884309	511145.b3737	433	3
6881639	511145.b0838	186	13
6881648	511145.b0847	13.0	1
6883823	511145.b3216	22.1	3
6884246	511145.b3668	18.2	2
6883487	511145.b2837	19.2	3
6884715	511145.b4196	31.3	2
6884475	511145.b3934	136	8
6883882	511145.b3289	84.9	12
6882853	511145.b2148	46.7	2
6881843	511145.b1051	234	7
6884122	511145.b3541	11.1	1
6881250	511145.b0407	210	6
6881397	511145.b0569	25.5	6
6881741	511145.b0941	5.66	1
6882762	511145.b2047	8.4	1
6882650	511145.b1915	48.5	1
6882825	511145.b2114	270	64
6884106	511145.b3524	47.6	8
6883339	511145.b2677	13.3	1
6884698	511145.b4179	86.7	24
6881252	511145.b0409	69.8	5
6881338	511145.b0496	5.22	1
6884687	511145.b4168	246	13
6884277	511145.b3705	103	10
6883371	511145.b2716	7.96	1
6883765	511145.b3156	123	4
6884168	511145.b3588	200	29
6881674	511145.b0873	46.1	10
6881204	511145.b0354	244	7
6881917	511145.b1126	44.2	7
6882521	511145.b1780	242	22
6880942	511145.b0062	19.0	3
6882826	511145.b2118	6.89	4
6881715	511145.b0915	29.3	3
6884328	511145.b3764	2954	59
6883559	511145.b2923	57.2	3
6883440	511145.b2787	35.6	2
6883664	511145.b3045	140	55
6880892	511145.b0008	1229	146
6883797	511145.b3190	269	3
6881684	511145.b0884	3138	67
6883889	511145.b3296	3693	160
6883809	511145.b3202	41.2	5
6881171	511145.b0319	31.3	2
6883446	511145.b2793	205	8
6882303	511145.b1552	15.5	2
6884749	511145.b4234	396	12
6883660	511145.b3041	647	37
6880930	511145.b0048	862	23
6884226	511145.b3647	7.93	1
6884236	511145.b3657	11.1	1
6883598	511145.b2965	27.8	4
6883874	511145.b3279	880	52
6884088	511145.b3506	13.2	1
6881109	511145.b0246	2773	4
6882869	511145.b2164	21.7	5
6882890	511145.b2185	6120	139
6882035	511145.b1257	309	19
6882668	511145.b1937	42.9	2
6881455	511145.b0630	38.7	3
6882188	511145.b1424	28.5	8
6882891	511145.b2186	237	35
6882984	511145.b2285	118	5
6882551	511145.b1810	221	7
6880974	511145.b0095	956	145
6881646	511145.b0845	37.3	2
6884179	511145.b3600	576	54
6880971	511145.b0092	207	22
6883682	511145.b3064	251	23
6884617	511145.b4092	18.7	1
6883865	511145.b3262	18.1	2
6883976	511145.b3385	113	5
6882757	511145.b2042	596	58
6882132	511145.b1356	40.2	1
6882782	511145.b2067	24.0	9
6882605	511145.b1864	881	22
6884881	511145.b4388	28.4	3
6884875	511145.b4382	408	58
6881782	511145.b0983	23.6	2
6883287	511145.b2607	64.5	4
6880982	511145.b0104	15.4	1
6882331	511145.b1586	2111	12
6882741	511145.b2025	31.6	5
6881089	511145.b0221	24.9	6
6884178	511145.b3599	24.3	3
6883347	511145.b2687	2389	129
6882092	511145.b1314	66.4	5
6882716	511145.b1997	7.17	1
6883644	511145.b3024	2539	70
6884482	511145.b3941	153	15
6882881	511145.b2176	5.12	1
6882053	511145.b1275	66.9	5
6881386	511145.b0555	82.9	4
6881622	511145.b0821	11.8	2
6881226	511145.b0381	314	28
6881362	511145.b0526	712	78
6880890	511145.b0006	159	11
6881163	511145.b0311	15.8	3
6884847	511145.b4351	29.5	3
6880963	511145.b0084	36.3	9
6882657	511145.b1922	21.1	2
6883961	511145.b3368	40.1	6
6882166	511145.b1398	7.02	1
6884201	511145.b3622	8.3	1
6883242	511145.b2557	505	156
6883355	511145.b2700	10.3	1
6884758	511145.b4244	120	6
6882484	511145.b1743	235	9
6883449	511145.b2796	139	6
6884187	511145.b3608	467	36
6882572	511145.b1831	2791	116
6882802	511145.b2091	83.5	5
6882535	511145.b1794	7.85	1
6882569	511145.b1828	35.9	1
6884033	511145.b3448	431	17
6882120	511145.b1343	23.3	3
6882178	511145.b1412	31.1	2
6884361	511145.b3806	32.6	10
6880986	511145.b0109	99.5	9
6881621	511145.b0820	273	36
6881505	511145.b0693	3.89	1
6884394	511145.b3845	208	21
6881025	511145.b0148	15.3	7
6882575	511145.b1834	4.19	1
6884056	511145.b3471	48.6	2
6880887	511145.b0003	52.7	2
6884341	511145.b3781	1480	73
6883772	511145.b3163	38.7	3
6882908	511145.b2206	12.3	3
6882038	511145.b1260	154	13
6881123	511145.b0264	16.5	1
6882816	511145.b2105	51.6	2
6883789	511145.b3182	7.33	1
6882407	511145.b1662	783	43
6883594	511145.b2961	6.63	1
6881690	511145.b0890	40.1	12
6883900	511145.b3307	6319	46
6884888	511145.b4395	421	22
6882290	511145.b1537	34.0	2
6881294	511145.b0451	131	3
6881343	511145.b0505	11.7	1
6884126	511145.b3546	38.2	5
6882854	511145.b2149	30.6	8
6884887	511145.b4394	386	15
6883065	511145.b2373	4.82	1
6884478	511145.b3937	34.4	2
6883617	511145.b2991	21.2	1
6884508	511145.b3972	127	12
6881431	511145.b0603	37.0	7
6883536	511145.b2898	1536	135
6881919	511145.b1128	64.7	5
6881319	511145.b0477	166	21
6882644	511145.b1906	154	3
6882939	511145.b2240	293	33
6881958	511145.b1175	887	55
6882872	511145.b2167	219	18
6881925	511145.b1134	123	7
6881048	511145.b0172	3370	91
6881275	511145.b0432	120	10
6884723	511145.b4204	20.8	1
6881210	511145.b0361	140	55
6882248	511145.b1491	12.1	2
6882590	511145.b1849	572	61
6883835	511145.b3229	816	59
6882669	511145.b1938	17.5	3
6882694	511145.b1967	599	43
6881493	511145.b0679	26.6	3
6884737	511145.b4219	604	31
6882218	511145.b1457	30.4	1
6882862	511145.b2157	12.1	1
6881102	511145.b0238	98.1	3
6883655	511145.b3035	9.06	1
6884469	511145.b3928	2350	48
6880925	511145.b0043	6.42	1
6881783	511145.b0984	25.1	6
6883972	511145.b3381	4.91	1
6884131	511145.b3551	10.0	2
6882505	511145.b1764	514	46
6884410	511145.b3867	99.5	15
6882545	511145.b1804	83.5	11
6881142	511145.b0286	199	8
6883058	511145.b2366	33.2	4
6881870	511145.b1079	368	20
6881609	511145.b0808	7.48	1
6881452	511145.b0627	36.1	1
6882629	511145.b1888	6.55	1
6884514	511145.b3983	3202	90
6884013	511145.b3424	17.7	1
6881468	511145.b0643	232	15
6884166	511145.b3586	15.9	1
6883441	511145.b2788	7.36	1
6883756	511145.b3147	17.5	5
6884055	511145.b3470	432	12
6883530	511145.b2892	7.95	1
6884146	511145.b3566	226	26
6884099	511145.b3517	581	137
6884401	511145.b3857	36.4	2
6882824	511145.b2113	135	8
6883599	511145.b2966	69.1	1
6883627	511145.b3003	307	27
6883880	511145.b3287	1372	68
6884021	511145.b3433	361	25
6882841	511145.b2134	53.4	5
6882637	511145.b1896	108	13
6883542	511145.b2904	4674	32
6882208	511145.b1446	718	6
6882279	511145.b1526	85.8	8
6884497	511145.b3957	10.8	1
6883878	511145.b3283	41.6	2
6881400	511145.b0572	7.67	1
6881302	511145.b0460	49.2	1
6883097	511145.b2412	179	6
6883337	511145.b2675	10.7	1
6883657	511145.b3038	36.4	4
6883818	511145.b3211	25.5	5
6884671	511145.b4149	88.4	5
6881619	511145.b0818	29.5	2
6881753	511145.b0953	143	1
6881229	511145.b0384	367	10
6883327	511145.b2665	157	8
6881746	511145.b0946	91.3	4
6883840	511145.b3234	264	25
6883646	511145.b3026	43.9	7
6884765	511145.b4253	28.0	6
6884190	511145.b3611	225	10
6881206	511145.b0356	201	16
6883907	511145.b3314	7395	308
6883484	511145.b2834	129	11
6884065	511145.b3480	10.5	1
6884513	511145.b3982	1072	46
6881970	511145.b1187	32.7	2
6881096	511145.b0228	54.5	2
6884753	511145.b4239	35.5	6
6884733	511145.b4215	8.44	1
6882307	511145.b1556	117	2
6883934	511145.b3341	7174	294
6883998	511145.b3407	438	72
6883198	511145.b2513	79.9	4
6881065	511145.b0189	862	18
6882106	511145.b1329	59.2	10
6883679	511145.b3061	9.75	1
6880943	511145.b0063	19.8	4
6881667	511145.b0866	554	5
6882972	511145.b2273	9.67	1
6881143	511145.b0287	15.0	1
6883637	511145.b3017	45.7	8
6881209	511145.b0360	7.17	1
6883649	511145.b3029	916	10
6883595	511145.b2962	497	21
6881396	511145.b0568	1.3	1
6883986	511145.b3395	11.0	1
6880907	511145.b0025	7.31	1
6883293	511145.b2615	11.0	1
6884429	511145.b3886	12.0	1
6883430	511145.b2777	24.1	2
6883715	511145.b3098	1148	23
6882526	511145.b1785	16.8	2
6883639	511145.b3019	64.7	14
6881657	511145.b0856	12.4	1
6883619	511145.b2993	132	5
6884199	511145.b3620	67.7	11
6881867	511145.b1076	413	23
6881441	511145.b0614	21.8	2
6880939	511145.b0059	31.9	9
6883480	511145.b2830	37.6	1
6881628	511145.b0827	267	25
6884694	511145.b4175	49.5	5
6883028	511145.b2329	149	13
6884745	511145.b4230	18.4	1
6883417	511145.b2762	381	26
6882930	511145.b2230	10.4	2
6882425	511145.b1682	56.4	5
6882369	511145.b1624	24.1	2
6883862	511145.b3259	184	10
6884363	511145.b3809	128	5
6881911	511145.b1120	11.4	1
6882954	511145.b2255	724	113
6880933	511145.b0051	268	13
6883241	511145.b2556	18.9	3
6882556	511145.b1815	24.1	4
6881555	511145.b0754	1380	123
6882856	511145.b2151	52.2	5
6882453	511145.b1710	428	28
6884321	511145.b3749	110	20
6883537	511145.b2899	99.0	4
6882775	511145.b2060	4.58	1
6883219	511145.b2534	8.9	1
6883694	511145.b3077	27.6	1
6884699	511145.b4180	491	27
6880965	511145.b0086	32.6	3
6883213	511145.b2528	173	4
6882706	511145.b1983	427	18
6882646	511145.b1908	62.4	5
6884474	511145.b3933	35.9	2
6884235	511145.b3656	12.2	2
6882437	511145.b1694	75.3	9
6881857	511145.b1066	23.3	1
6880908	511145.b0026	995	249
6884890	511145.b4397	288	7
6884519	511145.b3988	1496	497
6881212	511145.b0364	37.0	2
6883634	511145.b3012	726	48
6882266	511145.b1513	21.5	4
6883229	511145.b2544	11.6	1
6884556	511145.b4029	6.72	2
6880977	511145.b0098	356	91
6884666	511145.b4144	232	4
6884739	511145.b4221	7.49	2
6884100	511145.b3518	22.4	2
6881054	511145.b0178	2246	76
6882161	511145.b1393	26.8	1
6881872	511145.b1081	8.24	1
6884606	511145.b4080	20.8	3
6882309	511145.b1558	127	2
6881254	511145.b0411	14.5	1
6883673	511145.b3055	292	15
6883868	511145.b3265	6.98	1
6883940	511145.b3347	3110	181
6882963	511145.b2264	15.0	2
