#id: 146
#name: E.coli - Whole organism, SC (PRIDE,PRD000485,2012)
#score: 12.58
#weight: 90%
#description: abundance based on Spectral counting, from<a href="http://www.ebi.ac.uk/pride/archive/projects/PRD000485" target="_blank">PRIDE,PRD000485,2012</a><br/><b>Interaction consistency score</b>: 12.58&nbsp<b>Coverage</b>: 48
#organ: WHOLE_ORGANISM
#integrated: false
#coverage: 48
#publication_year: 2012
#filename: 511145-Escherichia_coli_SC_biomart_18119_E__5reps.txt
#
#internal_id	string_external_id	abundance	raw_spectral_count
6881269	511145.b0426	1361	72
6884974	511145.b4557	32.0	1
6883270	511145.b2585	303	32
6884542	511145.b4015	4965	369
6883596	511145.b2963	50.5	5
6882118	511145.b1341	1.29	2
6884759	511145.b4245	3148	260
6882232	511145.b1475	23.2	4
6884570	511145.b4044	16.1	2
6881181	511145.b0330	41.7	3
6883443	511145.b2790	342	7
6881088	511145.b0220	421	16
6882933	511145.b2233	1.58	1
6881544	511145.b0736	55.7	3
6882456	511145.b1713	597	104
6884683	511145.b4161	123	9
6884823	511145.b4322	67.9	9
6883585	511145.b2952	82.7	4
6882964	511145.b2265	1.06	2
6883462	511145.b2809	3808	24
6881416	511145.b0588	244	8
6881802	511145.b1003	1232	24
6882804	511145.b2093	2130	45
6881283	511145.b0440	2625	54
6881900	511145.b1109	1506	163
6883546	511145.b2908	618	59
6882006	511145.b1223	27.3	1
6881280	511145.b0437	1026	34
6883547	511145.b2909	278	5
6882873	511145.b2168	125	8
6884726	511145.b4208	213	11
6884314	511145.b3742	496	9
6882028	511145.b1250	98.0	5
6883512	511145.b2872	133	14
6884315	511145.b3743	77.8	4
6883011	511145.b2312	450	42
6884499	511145.b3959	87.7	4
6881593	511145.b0792	10.5	1
6884502	511145.b3962	656	57
6882533	511145.b1792	539	17
6883914	511145.b3321	2122	68
6881874	511145.b1083	152	8
6881065	511145.b0189	131	2
6881196	511145.b0346	10.1	1
6881751	511145.b0951	34.8	5
6880959	511145.b0080	84.6	6
6881560	511145.b0759	481	29
6882577	511145.b1836	1052	12
6883897	511145.b3304	7161	75
6884214	511145.b3635	10.3	1
6881914	511145.b1123	721	65
6884392	511145.b3843	153	17
6884676	511145.b4154	467	46
6883627	511145.b3003	107	6
6881972	511145.b1189	126	14
6884364	511145.b3810	22.1	2
6883723	511145.b3106	7.3	1
6883915	511145.b3322	25.9	1
6882647	511145.b1912	318	14
6882227	511145.b1468	3.86	3
6882557	511145.b1816	14.9	2
6882421	511145.b1678	426	20
6881314	511145.b0472	88.5	3
6881665	511145.b0864	684	17
6883461	511145.b2808	13.5	2
6884273	511145.b3701	348	22
6883832	511145.b3226	128	10
6881548	511145.b0740	733	65
6881403	511145.b0575	1.86	2
6883932	511145.b3339	3869	723
6881263	511145.b0420	70.3	9
6881965	511145.b1182	26.2	4
6884428	511145.b3885	698	27
6883706	511145.b3089	370	22
6883538	511145.b2900	516	14
6881682	511145.b0881	59.7	3
6884133	511145.b3553	568	32
6882427	511145.b1684	309	8
6881645	511145.b0844	12.1	1
6882334	511145.b1589	33.3	2
6883136	511145.b2451	9.87	2
6882727	511145.b2011	80.2	14
6882210	511145.b1448	74.1	3
6882024	511145.b1246	243	23
6883854	511145.b3250	20.6	2
6882509	511145.b1768	162	8
6881103	511145.b0239	77.1	11
6884466	511145.b3925	15.7	2
6883528	511145.b2890	981	167
6883981	511145.b3390	387	23
6881896	511145.b1105	119	4
6884764	511145.b4252	618	14
6883410	511145.b2755	13.5	1
6880993	511145.b0116	1284	133
6881897	511145.b1106	8.95	1
6884196	511145.b3617	916	66
6881973	511145.b1190	34.7	4
6882978	511145.b2279	296	4
6882404	511145.b1659	14.3	2
6883711	511145.b3094	106	4
6881228	511145.b0383	13.3	2
6883999	511145.b3408	667	19
6881490	511145.b0676	252	27
6881586	511145.b0785	155	5
6884697	511145.b4178	81.3	2
6884642	511145.b4119	105	11
6883111	511145.b2426	155	15
6881090	511145.b0222	1236	65
6881814	511145.b1018	326	33
6882895	511145.b2193	55.4	3
6883727	511145.b3114	178	68
6882948	511145.b2249	158	13
6883207	511145.b2522	32.3	1
6880914	511145.b0032	841	65
6883496	511145.b2846	25.6	5
6881032	511145.b0155	10.6	1
6883042	511145.b2345	41.2	4
6884754	511145.b4240	62.3	4
6881231	511145.b0386	320	14
6883625	511145.b3001	427	31
6884541	511145.b4014	1530	179
6883254	511145.b2569	403	55
6884296	511145.b3724	201	13
6884549	511145.b4022	57.0	4
6884096	511145.b3514	15.8	3
6884191	511145.b3612	1342	120
6881533	511145.b0724	603	52
6883272	511145.b2587	110	6
6883350	511145.b2690	91.7	3
6883012	511145.b2313	72.8	3
6882008	511145.b1225	282	29
6884007	511145.b3416	17.0	4
6881484	511145.b0659	733	6
6884081	511145.b3498	624	102
6884218	511145.b3639	214	16
6883792	511145.b3185	4266	61
6882756	511145.b2041	665	65
6881731	511145.b0931	75.3	10
6882662	511145.b1927	32.8	4
6883149	511145.b2464	884	106
6881476	511145.b0651	368	24
6883297	511145.b2619	48.9	3
6883604	511145.b2976	481	81
6881798	511145.b0999	251	5
6881082	511145.b0212	33.4	2
6883265	511145.b2580	65.4	5
6884552	511145.b4025	1917	222
6881329	511145.b0487	30.9	1
6882570	511145.b1829	283	15
6882996	511145.b2297	953	129
6881421	511145.b0593	549	50
6883802	511145.b3195	217	10
6881331	511145.b0489	234	15
6881749	511145.b0949	96.3	9
6881712	511145.b0912	2166	38
6882395	511145.b1650	95.3	7
6883030	511145.b2331	151	3
6880888	511145.b0004	706	64
6882748	511145.b2033	48.6	4
6883703	511145.b3086	12.3	1
6882224	511145.b1465	8.57	1
6882406	511145.b1661	516	66
6883788	511145.b3181	635	33
6883450	511145.b2797	4.09	1
6883341	511145.b2679	856	41
6883080	511145.b2388	366	30
6883041	511145.b2344	33.2	3
6882420	511145.b1677	3804	70
6884829	511145.b4328	223	14
6884138	511145.b3558	41.3	5
6882625	511145.b1884	43.4	4
6880979	511145.b0101	126	3
6882002	511145.b1219	1110	19
6883544	511145.b2906	118	10
6881891	511145.b1100	70.7	4
6883894	511145.b3301	1827	76
6884072	511145.b3487	162	18
6883683	511145.b3065	5360	46
6884362	511145.b3807	70.2	3
6881287	511145.b0444	58.3	4
6884434	511145.b3891	225	19
6882112	511145.b1335	59.2	2
6882274	511145.b1521	30.4	4
6881661	511145.b0860	393	27
6883150	511145.b2465	644	85
6883518	511145.b2878	4.29	3
6884656	511145.b4133	2.74	2
6881557	511145.b0756	741	52
6883439	511145.b2786	10.2	3
6881341	511145.b0503	11.0	1
6882692	511145.b1962	32.0	2
6882111	511145.b1334	392	12
6884192	511145.b3613	25.5	3
6881889	511145.b1098	133	7
6883258	511145.b2573	186	11
6882098	511145.b1321	37.2	5
6884457	511145.b3916	1086	93
6881501	511145.b0687	427	19
6882599	511145.b1858	19.6	1
6882710	511145.b1990	19.3	1
6884353	511145.b3794	25.5	3
6881882	511145.b1091	977	49
6881754	511145.b0954	1093	46
6882051	511145.b1273	810	18
6882050	511145.b1272	390	35
6882616	511145.b1875	36.0	2
6882505	511145.b1764	619	49
6882949	511145.b2250	18.2	2
6884585	511145.b4059	404	20
6883808	511145.b3201	420	26
6880990	511145.b0113	31.6	1
6884290	511145.b3718	16.1	1
6883553	511145.b2917	9.44	3
6884666	511145.b4144	1204	15
6884660	511145.b4138	265	13
6882152	511145.b1384	1.8	2
6881511	511145.b0699	1273	22
6884285	511145.b3713	581	23
6881033	511145.b0156	193	5
6881915	511145.b1124	260	7
6883451	511145.b2798	107	5
6884486	511145.b3945	856	49
6883148	511145.b2463	623	102
6881316	511145.b0474	1777	100
6881999	511145.b1216	19.6	1
6884368	511145.b3816	245	13
6882368	511145.b1623	409	16
6884451	511145.b3908	1203	46
6883539	511145.b2901	611	70
6884975	511145.b4558	890	14
6884312	511145.b3740	57.1	4
6884001	511145.b3410	110	1
6884373	511145.b3821	79.7	6
6883478	511145.b2828	19.4	2
6881768	511145.b0968	40.2	2
6881841	511145.b1049	144	31
6881724	511145.b0924	128	48
6881326	511145.b0484	270	36
6884918	511145.b4469	17.9	3
6884171	511145.b3591	63.1	9
6883005	511145.b2306	20.0	1
6883629	511145.b3006	1151	48
6884188	511145.b3609	1527	38
6883457	511145.b2804	199	4
6882785	511145.b2070	7.22	2
6884052	511145.b3467	65.6	2
6881118	511145.b0256	16.5	5
6881307	511145.b0465	21.4	5
6884176	511145.b3597	19.7	3
6881074	511145.b0198	104	5
6884338	511145.b3778	6.48	1
6884748	511145.b4233	322	20
6881491	511145.b0677	168	12
6883561	511145.b2925	1464	85
6883185	511145.b2500	236	12
6882402	511145.b1657	80.3	3
6884210	511145.b3631	5.68	1
6884845	511145.b4349	136	21
6883800	511145.b3193	122	5
6884043	511145.b3458	562	42
6884757	511145.b4243	6171	72
6884684	511145.b4162	306	16
6884025	511145.b3439	232	15
6882806	511145.b2095	2581	173
6881898	511145.b1107	10.9	1
6882047	511145.b1269	81.7	6
6881482	511145.b0657	28.7	4
6882212	511145.b1450	27.5	1
6883245	511145.b2560	18.4	1
6883686	511145.b3068	478	20
6881265	511145.b0422	528	10
6883027	511145.b2328	3.47	1
6881992	511145.b1209	408	28
6884020	511145.b3432	98.9	19
6884230	511145.b3651	39.9	3
6882767	511145.b2052	24.7	1
6883593	511145.b2960	203	10
6883100	511145.b2415	1295	23
6883028	511145.b2329	168	12
6884017	511145.b3429	295	28
6883997	511145.b3406	61.4	3
6883015	511145.b2316	720	45
6884305	511145.b3733	1016	78
6882738	511145.b2022	238	20
6884095	511145.b3513	243	21
6884687	511145.b4168	28.5	1
6884846	511145.b4350	88.2	27
6883490	511145.b2840	42.4	4
6880974	511145.b0095	942	110
6884767	511145.b4255	2880	24
6883434	511145.b2781	47.3	4
6884026	511145.b3440	283	21
6881546	511145.b0738	160	4
6884530	511145.b3999	207	14
6882308	511145.b1557	61.7	9
6884727	511145.b4209	21.5	1
6883104	511145.b2419	14.1	1
6881243	511145.b0400	39.3	6
6881294	511145.b0451	1338	25
6881364	511145.b0528	298	9
6881901	511145.b1110	83.9	3
6881998	511145.b1215	1062	62
6881996	511145.b1213	3.58	2
6882087	511145.b1309	1.55	2
6882253	511145.b1496	10.1	3
6884358	511145.b3803	317	32
6881948	511145.b1162	7.94	1
6881148	511145.b0292	18.6	1
6883672	511145.b3054	84.7	8
6881547	511145.b0739	143	5
6882255	511145.b1498	58.0	6
6882735	511145.b2019	486	32
6882432	511145.b1689	23.6	1
6881855	511145.b1064	1165	60
6883650	511145.b3030	6.46	2
6882934	511145.b2234	596	105
6881390	511145.b0559	114	3
6882451	511145.b1708	22.6	1
6883256	511145.b2571	88.8	5
6882140	511145.b1372	12.7	6
6884340	511145.b3780	368	39
6881959	511145.b1176	14.2	1
6882613	511145.b1872	5.16	2
6884311	511145.b3739	21.5	1
6883269	511145.b2584	59.8	12
6882960	511145.b2261	18.8	2
6883019	511145.b2320	524	52
6882300	511145.b1549	38.8	2
6882130	511145.b1353	44.5	2
6883590	511145.b2957	393	36
6881016	511145.b0139	11.2	2
6880972	511145.b0093	34.8	3
6881038	511145.b0161	1310	110
6881521	511145.b0712	283	19
6882805	511145.b2094	1357	39
6881291	511145.b0448	25.9	4
6881084	511145.b0214	25.6	2
6884275	511145.b3703	890	3
6881126	511145.b0268	84.0	12
6884049	511145.b3464	726	57
6880897	511145.b0014	5060	530
6880938	511145.b0058	18.6	1
6884228	511145.b3649	1956	40
6881073	511145.b0197	1038	57
6883008	511145.b2309	805	47
6882892	511145.b2187	280	5
6882045	511145.b1267	608	30
6882747	511145.b2032	110	13
6883098	511145.b2413	212	5
6884346	511145.b3787	48.5	4
6882194	511145.b1431	341	25
6884564	511145.b4037	63.2	2
6882149	511145.b1381	4.15	1
6884332	511145.b3770	193	14
6884327	511145.b3755	333	8
6883184	511145.b2499	1648	76
6883429	511145.b2776	4.04	2
6884897	511145.b4406	779	13
6881278	511145.b0435	261	6
6882713	511145.b1993	161	5
6883218	511145.b2533	319	29
6881869	511145.b1078	52.5	2
6884437	511145.b3894	113	22
6883340	511145.b2678	119	2
6883214	511145.b2529	643	23
6884301	511145.b3729	604	74
6883279	511145.b2599	314	22
6884387	511145.b3835	10.4	2
6882511	511145.b1770	8.67	1
6884935	511145.b4487	940	3
6882044	511145.b1266	93.2	4
6881004	511145.b0127	7.77	1
6882648	511145.b1913	10.9	3
6881207	511145.b0357	31.3	1
6884091	511145.b3509	2403	58
6882265	511145.b1512	9.9	1
6881488	511145.b0674	1167	179
6880893	511145.b0009	90.7	4
6883354	511145.b2699	1085	78
6882641	511145.b1902	20.8	2
6881344	511145.b0506	361	24
6884181	511145.b3602	384	8
6881723	511145.b0923	254	13
6881671	511145.b0870	433	41
6884278	511145.b3706	155	19
6884121	511145.b3540	111	7
6881040	511145.b0163	984	39
6882914	511145.b2212	23.8	3
6882355	511145.b1610	5.74	2
6881530	511145.b0721	494	16
6883583	511145.b2950	2.96	1
6883881	511145.b3288	276	15
6882439	511145.b1696	6.4	1
6883330	511145.b2668	204	4
6884584	511145.b4058	128	24
6883831	511145.b3225	203	8
6882288	511145.b1535	4.48	2
6881516	511145.b0707	7.82	1
6883157	511145.b2472	44.1	4
6882588	511145.b1847	91.8	4
6881187	511145.b0337	894	60
6882430	511145.b1687	11.3	3
6882397	511145.b1652	46.9	2
6881502	511145.b0688	549	69
6884885	511145.b4392	80.3	14
6882468	511145.b1727	437	25
6883977	511145.b3386	449	20
6882010	511145.b1227	12.3	1
6883398	511145.b2743	18.8	1
6883945	511145.b3352	96.4	17
6884501	511145.b3961	403	26
6884488	511145.b3947	15.4	5
6884313	511145.b3741	175	16
6881461	511145.b0636	92.8	3
6881509	511145.b0697	6.52	1
6882612	511145.b1871	51.0	4
6882033	511145.b1255	314	6
6881773	511145.b0974	46.0	4
6883178	511145.b2493	18.0	1
6881605	511145.b0804	160	6
6884280	511145.b3708	5486	508
6881295	511145.b0452	171	12
6884378	511145.b3826	186	7
6884406	511145.b3862	16.4	1
6881747	511145.b0947	101	6
6884470	511145.b3929	603	25
6883337	511145.b2675	186	37
6884503	511145.b3963	88.8	6
6882573	511145.b1832	369	17
6884425	511145.b3882	18.9	2
6880899	511145.b0016	2.31	1
6881258	511145.b0415	1858	47
6884304	511145.b3732	1567	191
6882273	511145.b1520	76.2	5
6883850	511145.b3244	181	13
6884249	511145.b3671	79.1	9
6883883	511145.b3290	32.5	2
6882490	511145.b1749	447	36
6882845	511145.b2140	7.28	1
6881492	511145.b0678	312	16
6882348	511145.b1603	594	66
6881584	511145.b0783	54.5	3
6884688	511145.b4169	13.9	1
6883817	511145.b3210	46.6	7
6883811	511145.b3204	97.2	3
6881000	511145.b0123	65.9	4
6883408	511145.b2753	7.99	1
6881705	511145.b0905	54.1	5
6884537	511145.b4006	1214	169
6884511	511145.b3980	3869	723
6883991	511145.b3400	147	4
6883939	511145.b3346	315	15
6884512	511145.b3981	250	9
6884548	511145.b4021	372	17
6883158	511145.b2473	203	9
6881702	511145.b0902	401	28
6881535	511145.b0727	826	56
6881365	511145.b0529	195	14
6882408	511145.b1663	126	6
6884015	511145.b3426	1657	235
6881046	511145.b0170	2038	199
6883807	511145.b3200	88.4	3
6882294	511145.b1541	1370	34
6883506	511145.b2866	3.73	1
6884316	511145.b3744	918	68
6884567	511145.b4041	269	57
6883209	511145.b2524	202	3
6882574	511145.b1833	9.26	1
6881027	511145.b0150	350	52
6882794	511145.b2079	153	12
6882595	511145.b1854	855	89
6883551	511145.b2914	1180	40
6881886	511145.b1095	828	46
6883572	511145.b2938	612	65
6882688	511145.b1958	29.3	1
6884527	511145.b3996	47.5	5
6882016	511145.b1236	634	35
6884590	511145.b4064	476	15
6881987	511145.b1204	378	19
6882370	511145.b1625	105	3
6883778	511145.b3169	1001	100
6883570	511145.b2936	12.5	1
6881636	511145.b0835	145	10
6883838	511145.b3232	78.6	6
6882054	511145.b1276	760	101
6883855	511145.b3251	764	55
6882392	511145.b1647	158	11
6883110	511145.b2425	5.68	1
6884540	511145.b4013	211	14
6882702	511145.b1976	84.7	4
6884731	511145.b4213	137	22
6884773	511145.b4261	59.1	4
6884768	511145.b4256	41.8	2
6881255	511145.b0412	17.8	1
6882457	511145.b1714	615	57
6881480	511145.b0655	581	36
6881036	511145.b0159	570	28
6882019	511145.b1241	4335	783
6882649	511145.b1914	88.5	6
6882864	511145.b2159	33.4	4
6882834	511145.b2127	3.82	1
6883834	511145.b3228	59.9	3
6882240	511145.b1483	1.84	2
6881613	511145.b0812	2716	134
6881266	511145.b0423	276	32
6884468	511145.b3927	202	7
6881537	511145.b0729	1138	81
6884407	511145.b3863	311	64
6882150	511145.b1382	163	3
6881627	511145.b0826	10.4	1
6881640	511145.b0839	335	40
6883857	511145.b3253	460	34
6881580	511145.b0779	128	18
6881760	511145.b0960	22.8	6
6880992	511145.b0115	1421	229
6883661	511145.b3042	561	17
6884770	511145.b4258	591	139
6883040	511145.b2343	639	12
6884414	511145.b3871	627	66
6882959	511145.b2260	6.29	1
6882445	511145.b1702	493	81
6884652	511145.b4129	895	148
6881639	511145.b0838	984	50
6881072	511145.b0196	267	9
6883456	511145.b2803	8.8	1
6880998	511145.b0121	385	19
6883135	511145.b2450	119	6
6881983	511145.b1200	118	8
6883926	511145.b3333	12.2	1
6881991	511145.b1208	10.1	1
6884675	511145.b4153	182	9
6883783	511145.b3176	576	61
6881598	511145.b0797	9.26	1
6884725	511145.b4207	940	38
6884701	511145.b4182	17.5	1
6882660	511145.b1925	16.5	1
6884246	511145.b3668	17.0	1
6883196	511145.b2511	167	23
6884208	511145.b3629	8.57	1
6882628	511145.b1887	387	20
6883952	511145.b3359	87.6	5
6883503	511145.b2860	1.9	1
6883334	511145.b2672	254	5
6882380	511145.b1635	670	33
6881608	511145.b0807	32.4	1
6881623	511145.b0822	42.2	4
6882426	511145.b1683	186	24
6881838	511145.b1046	24.7	5
6884856	511145.b4360	62.7	1
6881566	511145.b0765	119	13
6884140	511145.b3560	600	35
6883571	511145.b2937	906	40
6883892	511145.b3299	1187	4
6880958	511145.b0078	356	16
6883580	511145.b2947	263	21
6884078	511145.b3495	577	11
6881918	511145.b1127	482	48
6884309	511145.b3737	494	5
6881191	511145.b0341	6.29	2
6883584	511145.b2951	683	32
6884417	511145.b3874	48.0	4
6883801	511145.b3194	91.2	4
6880967	511145.b0088	411	26
6884989	511145.b4596	96.0	2
6882189	511145.b1426	826	8
6880973	511145.b0094	150	13
6883652	511145.b3032	17.3	1
6881877	511145.b1086	78.3	9
6883237	511145.b2552	45.1	5
6884481	511145.b3940	121	22
6882704	511145.b1981	497	21
6884005	511145.b3414	1165	37
6883597	511145.b2964	59.0	3
6882022	511145.b1244	288	14
6883096	511145.b2411	14.3	3
6884563	511145.b4036	96.5	8
6882422	511145.b1679	18.7	1
6883463	511145.b2810	45.8	5
6882419	511145.b1676	1634	204
6881899	511145.b1108	405	21
6883896	511145.b3303	3596	144
6882840	511145.b2133	126	25
6882617	511145.b1876	274	42
6882136	511145.b1360	7.36	1
6884045	511145.b3460	916	52
6883912	511145.b3319	853	41
6884219	511145.b3640	459	11
6883322	511145.b2660	6.31	1
6883776	511145.b3167	1426	39
6881515	511145.b0706	26.6	4
6882796	511145.b2081	107	12
6883119	511145.b2434	87.1	3
6884262	511145.b3687	178	7
6882465	511145.b1724	203	4
6882052	511145.b1274	252	50
6881091	511145.b0223	50.5	4
6884109	511145.b3527	226	19
6884367	511145.b3813	31.0	5
6883859	511145.b3256	755	69
6881550	511145.b0742	501	17
6881217	511145.b0369	139	12
6882093	511145.b1315	9.66	1
6884034	511145.b3449	76.1	7
6881414	511145.b0586	726	160
6881031	511145.b0154	651	44
6882911	511145.b2209	51.0	2
6881050	511145.b0174	73.2	4
6882754	511145.b2039	516	49
6881885	511145.b1094	8302	90
6883803	511145.b3196	5.81	1
6881672	511145.b0871	688	63
6882379	511145.b1634	62.5	3
6884876	511145.b4383	1136	104
6883841	511145.b3235	5.75	1
6881176	511145.b0325	480	40
6883908	511145.b3315	8359	149
6881606	511145.b0805	587	70
6881765	511145.b0965	561	25
6883969	511145.b3378	204	4
6881138	511145.b0281	5.61	1
6881977	511145.b1194	426	24
6882466	511145.b1725	616	41
6884787	511145.b4280	66.9	7
6881393	511145.b0565	1509	132
6881631	511145.b0830	14.8	2
6884336	511145.b3774	362	52
6881827	511145.b1035	259	12
6881756	511145.b0956	269	8
6884473	511145.b3932	145	5
6883315	511145.b2642	20.0	4
6882999	511145.b2300	488	12
6880953	511145.b0073	194	12
6883765	511145.b3156	381	10
6883810	511145.b3203	1793	30
6882665	511145.b1930	577	7
6882751	511145.b2036	483	56
6882737	511145.b2021	430	28
6881686	511145.b0886	149	17
6884515	511145.b3984	2097	140
6881757	511145.b0957	5233	354
6881186	511145.b0336	50.7	1
6881322	511145.b0480	106	15
6884669	511145.b4147	561	21
6881884	511145.b1093	709	38
6881500	511145.b0686	70.2	5
6881628	511145.b0827	347	18
6881161	511145.b0308	40.5	4
6883774	511145.b3165	2201	32
6883992	511145.b3401	592	28
6883227	511145.b2542	1.74	1
6881708	511145.b0908	344	37
6881146	511145.b0290	47.7	6
6882736	511145.b2020	233	14
6882489	511145.b1748	150	11
6883671	511145.b3053	19.3	6
6881457	511145.b0632	349	43
6881361	511145.b0525	1591	55
6883796	511145.b3189	105	9
6882462	511145.b1719	489	86
6880980	511145.b0102	314	21
6882192	511145.b1429	26.3	1
6883985	511145.b3394	60.9	3
6884092	511145.b3510	18012	76
6883626	511145.b3002	174	5
6881452	511145.b0627	37.6	1
6881398	511145.b0570	11.4	2
6883704	511145.b3087	152	9
6882623	511145.b1882	672	23
6880995	511145.b0118	879	184
6883002	511145.b2303	279	14
6883667	511145.b3049	180	3
6881037	511145.b0160	25.7	3
6880910	511145.b0028	465	10
6882779	511145.b2064	49.1	11
6882993	511145.b2294	1167	57
6883029	511145.b2330	1323	39
6880905	511145.b0023	3358	54
6881732	511145.b0932	544	118
6882148	511145.b1380	385	28
6881703	511145.b0903	5604	899
6883624	511145.b2998	113	4
6883560	511145.b2924	575	33
6883614	511145.b2988	371	55
6884643	511145.b4120	4.25	2
6883562	511145.b2926	4423	335
6883563	511145.b2927	135	8
6881974	511145.b1191	133	10
6882966	511145.b2267	22.2	1
6883352	511145.b2697	675	165
6882593	511145.b1852	711	102
6883550	511145.b2913	2064	118
6882685	511145.b1955	104	8
6881427	511145.b0599	54.8	4
6882447	511145.b1704	142	10
6884657	511145.b4135	112	7
6881026	511145.b0149	60.3	12
6882381	511145.b1636	405	22
6881434	511145.b0606	971	100
6884307	511145.b3735	597	21
6884526	511145.b3995	113	3
6881433	511145.b0605	2859	124
6884409	511145.b3866	293	7
6881803	511145.b1004	1933	96
6881236	511145.b0391	1147	15
6884186	511145.b3607	162	7
6881717	511145.b0917	818	16
6883726	511145.b3113	264	9
6883288	511145.b2608	118	6
6881078	511145.b0208	16.0	1
6881466	511145.b0641	327	14
6883397	511145.b2742	254	13
6883989	511145.b3398	5.97	1
6883903	511145.b3310	1633	33
6884270	511145.b3698	220	5
6883252	511145.b2567	43.9	3
6882952	511145.b2253	15.3	2
6883994	511145.b3403	1109	135
6882424	511145.b1681	204	15
6884009	511145.b3418	27.8	8
6883182	511145.b2497	271	6
6883332	511145.b2670	61.2	1
6884743	511145.b4226	1486	74
6884213	511145.b3634	192	9
6884595	511145.b4069	102	16
6882818	511145.b2107	237	6
6882172	511145.b1406	115	6
6881846	511145.b1055	8.97	1
6884732	511145.b4214	283	15
6883000	511145.b2301	20.7	1
6883159	511145.b2474	1.36	3
6881376	511145.b0544	14.9	3
6884000	511145.b3409	864	109
6884411	511145.b3868	390	41
6883730	511145.b3117	38.3	7
6882935	511145.b2235	449	33
6883023	511145.b2324	36.1	4
6883433	511145.b2780	751	94
6883074	511145.b2382	23.5	2
6883128	511145.b2443	14.0	1
6884912	511145.b4463	3.97	2
6882888	511145.b2183	245	12
6882571	511145.b1830	113	18
6882398	511145.b1653	0.45	2
6882146	511145.b1378	78.6	16
6882099	511145.b1322	172	9
6880937	511145.b0055	186	9
6882827	511145.b2119	6.18	1
6882041	511145.b1263	485	29
6883598	511145.b2965	10.3	4
6884202	511145.b3623	8.26	1
6883638	511145.b3018	62.4	3
6884412	511145.b3869	44.4	3
6881333	511145.b0491	22.0	1
6883197	511145.b2512	393	36
6881727	511145.b0927	297	14
6882559	511145.b1818	322	9
6884088	511145.b3506	1413	57
6882291	511145.b1538	438	57
6883071	511145.b2379	310	20
6883206	511145.b2521	786	45
6883203	511145.b2518	2052	50
6883043	511145.b2346	48.9	4
6882885	511145.b2180	15.6	2
6883842	511145.b3236	2949	162
6881010	511145.b0133	410	36
6882924	511145.b2222	79.6	4
6884920	511145.b4471	3.98	1
6882228	511145.b1469	32.5	3
6883211	511145.b2526	159	19
6881015	511145.b0138	70.8	4
6883210	511145.b2525	400	16
6884613	511145.b4087	7.39	2
6881313	511145.b0471	454	18
6883536	511145.b2898	894	69
6882698	511145.b1971	2.26	1
6884699	511145.b4180	239	10
6881893	511145.b1102	111	18
6884112	511145.b3530	2.97	1
6882403	511145.b1658	567	57
6881689	511145.b0889	1439	55
6883248	511145.b2563	132	3
6884039	511145.b3454	37.5	1
6883251	511145.b2566	81.5	8
6884380	511145.b3828	88.7	6
6881520	511145.b0711	463	5
6884408	511145.b3865	315	17
6881056	511145.b0180	260	18
6881075	511145.b0199	241	17
6883085	511145.b2394	2.31	1
6883887	511145.b3294	2463	58
6882749	511145.b2034	319	33
6882627	511145.b1886	1755	257
6882594	511145.b1853	15.1	2
6881199	511145.b0349	22.8	3
6884551	511145.b4024	191	18
6883995	511145.b3404	5.62	3
6883893	511145.b3300	453	23
6883805	511145.b3198	122	7
6882917	511145.b2215	103	12
6883014	511145.b2315	179	12
6884561	511145.b4034	999	110
6882382	511145.b1637	778	74
6882086	511145.b1308	1529	28
6883432	511145.b2779	4390	293
6884154	511145.b3574	131	7
6881554	511145.b0753	1531	10
6881545	511145.b0737	170	8
6881412	511145.b0584	968	132
6883345	511145.b2685	29.9	3
6881542	511145.b0734	1690	28
6882942	511145.b2243	51.9	7
6881447	511145.b0620	22.1	1
6882363	511145.b1618	7.51	1
6884179	511145.b3600	651	53
6884722	511145.b4203	1883	102
6881420	511145.b0592	334	15
6883942	511145.b3349	1259	26
6881438	511145.b0611	193	9
6881664	511145.b0863	1141	60
6884333	511145.b3771	27.0	4
6881932	511145.b1141	16.9	1
6882416	511145.b1673	7.69	5
6884229	511145.b3650	61.2	11
6884721	511145.b4202	1989	30
6882778	511145.b2063	24.8	4
6883820	511145.b3213	330	47
6881777	511145.b0978	79.2	5
6881519	511145.b0710	689	34
6882580	511145.b1839	64.8	1
6882042	511145.b1264	394	47
6881057	511145.b0181	616	15
6883717	511145.b3100	27.7	1
6881001	511145.b0124	51.5	4
6881541	511145.b0733	1222	89
6884844	511145.b4348	9.89	1
6882055	511145.b1277	408	16
6884901	511145.b4411	1805	13
6884391	511145.b3842	45.2	2
6883935	511145.b3342	1249	22
6882611	511145.b1870	57.2	6
6882476	511145.b1735	18.2	1
6884857	511145.b4361	12.9	1
6881735	511145.b0935	6.66	1
6883400	511145.b2745	48.0	7
6882560	511145.b1819	553	41
6881296	511145.b0453	220	5
6881534	511145.b0726	437	95
6883532	511145.b2894	12.8	2
6882145	511145.b1377	4.54	1
6883543	511145.b2905	832	46
6881771	511145.b0972	38.8	3
6884729	511145.b4211	70.7	3
6881693	511145.b0893	710	79
6882631	511145.b1890	108	6
6882007	511145.b1224	252	68
6882438	511145.b1695	6.77	1
6882211	511145.b1449	52.2	5
6883264	511145.b2579	6832	274
6881688	511145.b0888	463	31
6882626	511145.b1885	492	50
6884300	511145.b3728	553	50
6883010	511145.b2311	20.4	1
6884047	511145.b3462	72.9	7
6882004	511145.b1221	1256	44
6883654	511145.b3034	283	15
6882292	511145.b1539	496	18
6881650	511145.b0849	332	7
6883884	511145.b3291	876	19
6881680	511145.b0879	20.9	5
6884197	511145.b3618	16.1	2
6881101	511145.b0237	918	97
6881068	511145.b0192	28.2	1
6881801	511145.b1002	642	56
6883816	511145.b3209	1241	45
6882486	511145.b1745	12.2	2
6882745	511145.b2029	2022	218
6883273	511145.b2592	1557	328
6881486	511145.b0661	30.1	3
6883949	511145.b3356	756	19
6884342	511145.b3783	1524	175
6884354	511145.b3795	24.8	2
6884366	511145.b3812	131	9
6881497	511145.b0683	433	13
6883676	511145.b3058	20.8	1
6884947	511145.b4517	649	17
6883116	511145.b2431	477	32
6882655	511145.b1920	1535	139
6882383	511145.b1638	593	34
6883988	511145.b3397	41.4	2
6881167	511145.b0315	7.75	1
6884003	511145.b3412	168	7
6881908	511145.b1117	193	8
6881450	511145.b0623	1345	43
6881666	511145.b0865	492	19
6882012	511145.b1232	532	31
6882498	511145.b1757	116	11
6881694	511145.b0894	24.1	5
6883804	511145.b3197	184	10
6884620	511145.b4095	7.46	1
6881837	511145.b1045	82.2	5
6882548	511145.b1807	147	6
6881907	511145.b1116	68.6	6
6882023	511145.b1245	242	5
6882955	511145.b2256	19.5	5
6881568	511145.b0767	1512	51
6884536	511145.b4005	1139	80
6882040	511145.b1262	291	34
6883032	511145.b2333	34.7	1
6884222	511145.b3643	29.7	1
6884571	511145.b4045	1047	14
6880957	511145.b0077	123	17
6882452	511145.b1709	4.72	2
6883851	511145.b3247	118	13
6880911	511145.b0029	213	14
6881793	511145.b0994	14.9	2
6883987	511145.b3396	8.64	1
6882753	511145.b2038	124	8
6882367	511145.b1622	63.9	7
6882364	511145.b1619	398	28
6882622	511145.b1881	1722	83
6880997	511145.b0120	138	10
6883153	511145.b2468	50.4	12
6882664	511145.b1929	169	10
6881183	511145.b0333	3.9	2
6882555	511145.b1814	209	14
6881426	511145.b0598	79.9	5
6883217	511145.b2532	567	26
6881405	511145.b0577	11.7	1
6881549	511145.b0741	975	42
6884868	511145.b4375	220	24
6883782	511145.b3175	489	10
6884661	511145.b4139	1102	98
6881042	511145.b0166	1422	90
6884654	511145.b4131	16.9	4
6883448	511145.b2795	204	26
6884569	511145.b4043	115	7
6883799	511145.b3192	1186	54
6884483	511145.b3942	751	124
6882464	511145.b1723	144	12
6881779	511145.b0980	39.5	7
6881558	511145.b0757	649	28
6881081	511145.b0211	8.17	1
6884054	511145.b3469	109	13
6881864	511145.b1073	7.53	2
6881282	511145.b0439	455	76
6884879	511145.b4386	66.3	7
6881859	511145.b1068	30.1	2
6883013	511145.b2314	227	7
6881969	511145.b1186	215	11
6884402	511145.b3858	968	25
6881334	511145.b0492	1261	61
6882410	511145.b1667	1096	36
6880969	511145.b0090	51.9	4
6880939	511145.b0059	104	29
6881881	511145.b1090	16.3	2
6881070	511145.b0194	598	87
6883687	511145.b3070	268	11
6881356	511145.b0520	28.1	3
6883161	511145.b2476	2034	126
6883839	511145.b3233	826	32
6884383	511145.b3831	1516	67
6882848	511145.b2143	521	23
6882998	511145.b2299	421	15
6882654	511145.b1919	540	28
6882480	511145.b1739	2206	36
6881047	511145.b0171	913	37
6881643	511145.b0842	8.16	2
6883913	511145.b3320	1453	81
6882399	511145.b1654	976	22
6881485	511145.b0660	380	29
6882423	511145.b1680	333	21
6883236	511145.b2551	3192	214
6882802	511145.b2091	30.2	2
6880986	511145.b0109	101	9
6883275	511145.b2594	118	8
6884395	511145.b3846	3.58	1
6882939	511145.b2240	320	21
6883888	511145.b3295	1007	112
6881720	511145.b0920	45.1	3
6882989	511145.b2290	385	33
6883787	511145.b3180	550	8
6883505	511145.b2865	11.1	1
6884390	511145.b3839	512	8
6882983	511145.b2284	371	42
6884212	511145.b3633	15.4	2
6883165	511145.b2480	833	41
6884227	511145.b3648	206	9
6882553	511145.b1812	13.4	1
6882781	511145.b2066	266	17
6883587	511145.b2954	129	7
6883780	511145.b3172	291	40
6881767	511145.b0967	197	11
6881711	511145.b0911	2566	298
6882652	511145.b1917	110	6
6882446	511145.b1703	164	12
6881304	511145.b0462	73.2	15
6881240	511145.b0397	10.6	4
6884100	511145.b3518	10.0	1
6881564	511145.b0763	1644	143
6881135	511145.b0278	14.5	2
6883162	511145.b2477	899	72
6884479	511145.b3938	675	16
6881927	511145.b1136	2225	242
6884962	511145.b4541	39.0	1
6881475	511145.b0650	12.9	3
6882029	511145.b1251	740	8
6884124	511145.b3543	168	7
6881861	511145.b1070	550	17
6882872	511145.b2167	127	9
6883773	511145.b3164	958	133
6884972	511145.b4554	654	10
6884516	511145.b3985	1151	46
6884413	511145.b3870	2064	195
6881423	511145.b0595	1284	98
6882695	511145.b1968	7.43	1
6884430	511145.b3887	113	5
6881730	511145.b0930	1240	128
6882987	511145.b2288	51.0	1
6881879	511145.b1088	202	9
6881062	511145.b0186	38.8	6
6882219	511145.b1460	6.68	3
6881043	511145.b0167	56.0	16
6882855	511145.b2150	442	38
6882564	511145.b1823	5579	126
6884146	511145.b3566	11.6	1
6882162	511145.b1394	10.7	1
6883674	511145.b3056	29.1	4
6882082	511145.b1304	694	30
6884645	511145.b4122	169	48
6883156	511145.b2471	340	9
6883620	511145.b2994	227	22
6882357	511145.b1612	397	80
6883183	511145.b2498	1649	70
6881011	511145.b0134	1380	40
6884889	511145.b4396	227	13
6881854	511145.b1063	196	7
6883449	511145.b2796	1283	46
6882329	511145.b1584	222	12
6882608	511145.b1867	200	7
6881359	511145.b0523	1645	34
6881975	511145.b1192	48.6	3
6880924	511145.b0042	9.06	1
6883529	511145.b2891	630	44
6883163	511145.b2478	726	45
6884582	511145.b4056	188	4
6881988	511145.b1205	173	2
6883790	511145.b3183	267	14
6883864	511145.b3261	1781	12
6881437	511145.b0610	119	3
6884385	511145.b3833	328	21
6884848	511145.b4352	154	11
6882810	511145.b2099	6.74	2
6884093	511145.b3511	1156	21
6883644	511145.b3024	1313	40
6883420	511145.b2765	113	5
6884781	511145.b4269	58.7	4
6882725	511145.b2009	217	8
6882110	511145.b1333	856	48
6881839	511145.b1047	43.2	10
6883779	511145.b3170	64.5	4
6881164	511145.b0312	88.3	5
6883772	511145.b3163	26.0	1
6882986	511145.b2287	273	14
6882064	511145.b1286	391	59
6881961	511145.b1178	402	11
6883286	511145.b2606	3690	97
6882236	511145.b1479	364	48
6883836	511145.b3230	3217	107
6883904	511145.b3311	845	13
6881458	511145.b0633	114	5
6884664	511145.b4142	2542	58
6884828	511145.b4327	22.8	2
6883103	511145.b2418	465	29
6883736	511145.b3125	257	16
6884110	511145.b3528	33.2	2
6884797	511145.b4295	147	12
6883909	511145.b3316	586	16
6884348	511145.b3789	81.8	10
6884477	511145.b3936	2605	42
6881761	511145.b0961	537	12
6881358	511145.b0522	181	14
6884082	511145.b3499	91.3	7
6882598	511145.b1857	308	18
6883310	511145.b2633	4.06	1
6881002	511145.b0125	730	31
6883533	511145.b2895	272	7
6881968	511145.b1185	295	14
6884774	511145.b4262	73.5	4
6881611	511145.b0810	303	25
6883022	511145.b2323	2102	84
6882653	511145.b1918	14.0	1
6881748	511145.b0948	122	21
6881825	511145.b1033	531	42
6884500	511145.b3960	4.95	1
6881079	511145.b0209	62.1	4
6882733	511145.b2017	179	4
6882226	511145.b1467	21.6	6
6880970	511145.b0091	377	38
6884529	511145.b3998	47.9	5
6884709	511145.b4190	13.3	1
6884350	511145.b3791	50.2	7
6884887	511145.b4394	82.6	4
6884399	511145.b3850	50.5	3
6884465	511145.b3924	245	15
6882981	511145.b2282	169	11
6882459	511145.b1716	3556	73
6882858	511145.b2153	763	42
6883324	511145.b2662	295	24
6884942	511145.b4511	312	3
6884083	511145.b3500	459	42
6883622	511145.b2996	31.1	3
6882369	511145.b1624	35.7	2
6881407	511145.b0579	109	5
6882866	511145.b2161	6.19	2
6881028	511145.b0151	87.7	7
6884886	511145.b4393	441	15
6883452	511145.b2799	158	12
6882615	511145.b1874	9.54	1
6884850	511145.b4354	106	11
6883777	511145.b3168	702	126
6881556	511145.b0755	3132	182
6882193	511145.b1430	514	36
6884562	511145.b4035	13.1	5
6884631	511145.b4108	979	22
6882025	511145.b1247	231	18
6882501	511145.b1760	250	5
6881718	511145.b0918	137	10
6881335	511145.b0493	166	9
6882049	511145.b1271	81.0	6
6882048	511145.b1270	217	7
6882018	511145.b1238	85.1	5
6881634	511145.b0833	22.4	4
6884184	511145.b3605	235	24
6881840	511145.b1048	794	92
6881766	511145.b0966	1334	5
6881921	511145.b1130	608	41
6881077	511145.b0207	214	14
6883775	511145.b3166	22.2	1
6884136	511145.b3556	1331	45
6881094	511145.b0226	39.4	1
6882584	511145.b1843	12.6	1
6883628	511145.b3005	994	25
6881115	511145.b0252	4.06	1
6882436	511145.b1693	176	11
6884265	511145.b3690	7.18	1
6881728	511145.b0928	1977	204
6884496	511145.b3956	1089	240
6884215	511145.b3636	4969	26
6882990	511145.b2291	54.3	2
6881714	511145.b0914	68.6	13
6883901	511145.b3308	2320	125
6882470	511145.b1729	15.7	1
6883180	511145.b2495	142	5
6881312	511145.b0470	5.14	1
6882678	511145.b1947	34.6	1
6883276	511145.b2595	551	43
6883664	511145.b3045	1.9	1
6884323	511145.b3751	860	65
6883762	511145.b3153	50.6	1
6883891	511145.b3298	6137	161
6881338	511145.b0496	9.49	1
6883707	511145.b3090	6.87	2
6881982	511145.b1199	364	20
6882270	511145.b1517	21.9	2
6884674	511145.b4152	208	5
6884302	511145.b3730	215	21
6882440	511145.b1697	16.4	1
6884509	511145.b3973	57.7	6
6884322	511145.b3750	18.1	1
6881445	511145.b0618	5.5	1
6881652	511145.b0851	768	38
6882592	511145.b1851	54.4	8
6884209	511145.b3630	44.2	4
6881905	511145.b1114	114	37
6881762	511145.b0962	63.9	9
6882358	511145.b1613	664	55
6884921	511145.b4472	20.3	8
6882601	511145.b1860	112	8
6884864	511145.b4371	28.0	2
6884690	511145.b4171	36.4	3
6881274	511145.b0431	307	25
6882520	511145.b1779	6716	395
6881020	511145.b0143	85.9	12
6882409	511145.b1664	10.7	1
6884747	511145.b4232	598	41
6883852	511145.b3248	16.0	1
6883555	511145.b2919	29.3	4
6883558	511145.b2922	943	36
6883827	511145.b3221	96.7	4
6881725	511145.b0925	44.2	3
6883300	511145.b2623	22.9	3
6880898	511145.b0015	316	24
6883477	511145.b2827	476	22
6882740	511145.b2024	256	11
6882808	511145.b2097	832	69
6881916	511145.b1125	19.3	1
6884495	511145.b3955	9.4	2
6881249	511145.b0406	93.7	8
6882742	511145.b2026	673	12
6883471	511145.b2821	73.1	14
6882540	511145.b1799	14.7	1
6884103	511145.b3521	1.58	2
6881994	511145.b1211	90.9	7
6883955	511145.b3362	712	3
6882181	511145.b1415	673	88
6884934	511145.b4485	12.1	1
6884170	511145.b3590	105	15
6883592	511145.b2959	481	18
6882859	511145.b2154	152	14
6883680	511145.b3062	11.4	1
6883199	511145.b2514	993	110
6883785	511145.b3178	687	90
6883856	511145.b3252	25.1	4
6883048	511145.b2352	27.0	3
6881008	511145.b0131	123	2
6881858	511145.b1067	894	38
6882780	511145.b2065	302	13
6882807	511145.b2096	2159	113
6881575	511145.b0774	67.8	4
6883097	511145.b2412	184	5
6883541	511145.b2903	888	125
6881045	511145.b0169	2349	135
6881888	511145.b1097	19.9	2
6883940	511145.b3347	882	55
6883633	511145.b3011	499	33
6882249	511145.b1492	876	48
6882995	511145.b2296	1014	73
6882876	511145.b2171	1158	33
6881647	511145.b0846	21.2	1
6884297	511145.b3725	309	20
6883280	511145.b2600	4.99	1
6881453	511145.b0628	215	12
6881512	511145.b0700	2.33	1
6884651	511145.b4128	10.6	1
6883003	511145.b2304	131	10
6884546	511145.b4019	36.1	10
6882237	511145.b1480	1877	18
6882021	511145.b1243	2904	319
6884952	511145.b4526	40.1	1
6882101	511145.b1324	3525	97
6883101	511145.b2416	1605	210
6884667	511145.b4145	7.96	1
6881573	511145.b0772	205	21
6882251	511145.b1494	93.7	18
6880991	511145.b0114	1447	302
6883388	511145.b2733	38.6	6
6882961	511145.b2262	498	30
6883431	511145.b2778	22.8	1
6883890	511145.b3297	3038	87
6883261	511145.b2576	406	40
6882315	511145.b1564	39.2	1
6881685	511145.b0885	23.2	1
6883996	511145.b3405	613	38
6884682	511145.b4160	906	29
6883938	511145.b3345	50.8	1
6883323	511145.b2661	262	30
6881638	511145.b0837	1.95	2
6881813	511145.b1015	53.5	4
6884269	511145.b3697	251	13
6881687	511145.b0887	113	11
6883399	511145.b2744	59.2	2
6884633	511145.b4110	332	29
6883367	511145.b2712	3.1	2
6881626	511145.b0825	62.6	2
6880929	511145.b0047	11.5	2
6881875	511145.b1084	578	100
6883759	511145.b3150	317	16
6884505	511145.b3965	64.1	9
6882506	511145.b1765	311	17
6884874	511145.b4381	987	61
6884577	511145.b4051	1138	63
6880886	511145.b0002	666	145
6884506	511145.b3966	105	17
6883797	511145.b3190	63.2	1
6880915	511145.b0033	1257	294
6881763	511145.b0963	133	4
6883976	511145.b3385	245	8
6884875	511145.b4382	237	33
6881850	511145.b1059	294	25
6881320	511145.b0478	67.4	5
6884205	511145.b3626	33.5	4
6882663	511145.b1928	622	24
6881180	511145.b0329	870	14
6884361	511145.b3806	109	19
6884580	511145.b4054	355	33
6884057	511145.b3472	563	29
6881910	511145.b1119	65.7	4
6881683	511145.b0882	324	59
6883192	511145.b2507	730	112
6882931	511145.b2231	867	165
6881493	511145.b0679	364	30
6882263	511145.b1508	44.4	1
6881477	511145.b0652	81.1	3
6882980	511145.b2281	123	8
6883929	511145.b3336	919	47
6881577	511145.b0776	37.5	4
6882637	511145.b1896	281	24
6881317	511145.b0475	21.8	2
6881251	511145.b0408	231	41
6883819	511145.b3212	605	209
6880913	511145.b0031	183	12
6880943	511145.b0063	6.0	1
6882396	511145.b1651	376	8
6881396	511145.b0568	2.29	1
6881878	511145.b1087	164	8
6881895	511145.b1104	78.4	4
6884706	511145.b4187	32.0	4
6883862	511145.b3259	270	10
6884882	511145.b4389	41.8	6
6882214	511145.b1452	1758	120
6881583	511145.b0782	715	41
6881826	511145.b1034	245	19
6884698	511145.b4179	431	86
6883961	511145.b3368	77.5	5
6883770	511145.b3161	486	11
6884793	511145.b4291	87.2	15
6883689	511145.b3072	54.7	22
6884665	511145.b4143	2240	294
6884014	511145.b3425	129	3
6883630	511145.b3008	317	29
6884198	511145.b3619	972	92
6881257	511145.b0414	236	19
6884766	511145.b4254	51.7	5
6884752	511145.b4238	74.9	10
6882460	511145.b1717	329	5
6884960	511145.b4537	395	7
6881487	511145.b0662	176	16
6881281	511145.b0438	647	78
6884168	511145.b3588	169	16
6883911	511145.b3318	101	3
6881704	511145.b0904	647	12
6881076	511145.b0200	263	11
6884306	511145.b3734	2123	230
6881562	511145.b0761	237	13
6884871	511145.b4378	104	6
6883975	511145.b3384	1146	76
6883898	511145.b3305	3149	146
6884008	511145.b3417	363	81
6881601	511145.b0800	652	45
6882717	511145.b2000	618	83
6882527	511145.b1786	3.97	1
6883552	511145.b2916	242	14
6882519	511145.b1778	507	11
6881812	511145.b1014	203	46
6881799	511145.b1000	1108	50
6882171	511145.b1404	16.5	5
6883201	511145.b2516	698	27
6884824	511145.b4323	120	16
6881327	511145.b0485	331	13
6884459	511145.b3918	41.6	5
6881106	511145.b0242	178	17
6884038	511145.b3453	6.18	1
6881980	511145.b1197	15.8	2
6882932	511145.b2232	163	8
6882772	511145.b2057	5.59	1
6881532	511145.b0723	453	63
6882448	511145.b1705	174	3
6882127	511145.b1350	21.5	2
6882607	511145.b1866	966	156
6881707	511145.b0907	1066	90
6883756	511145.b3147	137	22
6882732	511145.b2016	170	14
6883238	511145.b2553	228	9
6882100	511145.b1323	65.8	11
6884388	511145.b3836	283	6
6883575	511145.b2942	1378	111
6882039	511145.b1261	595	36
6881853	511145.b1062	1272	84
6881107	511145.b0243	206	25
6882391	511145.b1646	352	15
6882977	511145.b2278	4.47	2
6884220	511145.b3641	79.3	6
6882119	511145.b1342	218	13
6884472	511145.b3931	577	62
6884814	511145.b4313	12.7	1
6881602	511145.b0801	464	19
6882030	511145.b1252	463	12
6883899	511145.b3306	1973	74
6882893	511145.b2188	21.4	3
6882643	511145.b1905	695	16
6881293	511145.b0450	784	24
6882179	511145.b1413	51.1	23
6881300	511145.b0458	168	4
6881456	511145.b0631	788	11
6883615	511145.b2989	403	31
6884016	511145.b3428	74.4	13
6881494	511145.b0680	671	90
6881410	511145.b0582	2.31	1
6880946	511145.b0066	13.3	1
6881227	511145.b0382	704	14
6881489	511145.b0675	145	8
6882852	511145.b2147	24.2	3
6884360	511145.b3805	9.52	1
6881610	511145.b0809	391	19
6882758	511145.b2043	8.36	2
6880961	511145.b0082	407	29
6883684	511145.b3066	4.95	1
6883837	511145.b3231	4019	103
6884381	511145.b3829	943	161
6882027	511145.b1249	81.4	9
6882550	511145.b1809	1507	27
6884357	511145.b3802	187	12
6882508	511145.b1767	42.7	3
6884463	511145.b3922	36.6	1
6883980	511145.b3389	246	16
6884248	511145.b3670	34.9	1
6882301	511145.b1550	1612	44
6884869	511145.b4376	927	40
6882353	511145.b1608	13.7	1
6882239	511145.b1482	1152	35
6883253	511145.b2568	371	27
6884619	511145.b4094	29.7	2
6881064	511145.b0188	33.7	5
6884883	511145.b4390	107	16
6882059	511145.b1281	111	7
6884851	511145.b4355	864	126
6882461	511145.b1718	1896	53
6881323	511145.b0481	65.0	3
6883402	511145.b2747	33.3	1
6883648	511145.b3028	440	16
6884018	511145.b3430	674	59
6882063	511145.b1285	4.79	1
6884884	511145.b4391	862	124
6881579	511145.b0778	21.9	1
6883047	511145.b2351	171	11
6884134	511145.b3554	796	36
6881315	511145.b0473	977	171
6884308	511145.b3736	698	32
6882356	511145.b1611	20.8	3
6881957	511145.b1174	1054	35
6883905	511145.b3312	2886	34
6884518	511145.b3987	1061	343
6883910	511145.b3317	3773	189
6883277	511145.b2597	1663	43
6884489	511145.b3949	19.8	1
6882965	511145.b2266	715	20
6884630	511145.b4107	46.5	1
6882117	511145.b1340	24.5	1
6881039	511145.b0162	19.1	2
6882121	511145.b1344	69.5	6
6882066	511145.b1288	1739	100
6884460	511145.b3919	2385	83
6882877	511145.b2172	18.1	3
6884841	511145.b4345	37.9	4
6884578	511145.b4052	134	16
6882525	511145.b1784	27.7	3
6883459	511145.b2806	80.3	7
6883234	511145.b2549	1.85	2
6881677	511145.b0876	13.6	5
6883061	511145.b2369	402	19
6881986	511145.b1203	310	29
6881044	511145.b0168	560	37
6882630	511145.b1889	125	15
6882034	511145.b1256	210	9
6882455	511145.b1712	1758	52
6880983	511145.b0106	23.8	1
6882081	511145.b1303	6.39	1
6883193	511145.b2508	2294	196
6883289	511145.b2609	2551	43
6883956	511145.b3363	938	23
6882591	511145.b1850	848	35
6884334	511145.b3772	38.5	6
6883455	511145.b2802	6.61	1
6882317	511145.b1566	97.6	3
6883208	511145.b2523	920	105
6883758	511145.b3149	262	5
6882169	511145.b1402	1.9	1
6883348	511145.b2688	310	27
6884544	511145.b4017	10.3	3
6881880	511145.b1089	3867	38
6883099	511145.b2414	1047	69
6882913	511145.b2211	4.28	1
6883338	511145.b2676	650	37
6884152	511145.b3572	149	17
6881536	511145.b0728	952	99
6884671	511145.b4149	86.3	6
6882517	511145.b1776	7.62	1
6882568	511145.b1827	191	19
6882755	511145.b2040	242	15
6881710	511145.b0910	490	22
6881435	511145.b0607	1470	49
6884404	511145.b3860	317	17
6881894	511145.b1103	510	16
6881753	511145.b0953	2602	42
6883906	511145.b3313	1763	30
6882658	511145.b1923	3758	362
6884427	511145.b3884	45.6	4
6884040	511145.b3455	20.1	2
6882389	511145.b1644	12.6	1
6882854	511145.b2149	37.1	8
6881055	511145.b0179	129	10
6883670	511145.b3052	502	56
6882524	511145.b1783	382	63
6881668	511145.b0867	18.8	1
6882017	511145.b1237	8773	230
6883714	511145.b3097	121	3
6883396	511145.b2741	519	26
6884788	511145.b4284	16.5	5
6881740	511145.b0940	0.852	2
6883840	511145.b3234	229	20
6883094	511145.b2409	9.1	1
6883290	511145.b2610	419	40
6884959	511145.b4536	97.7	3
6883200	511145.b2515	292	35
6882071	511145.b1293	7.4	2
6883569	511145.b2935	1192	141
6884447	511145.b3904	33.3	3
6884467	511145.b3926	2100	284
6882587	511145.b1846	724	27
6884195	511145.b3616	268	20
6882514	511145.b1773	9.58	1
6884190	511145.b3611	931	25
6881926	511145.b1135	7.9	1
6881923	511145.b1132	212	11
6881498	511145.b0684	2365	63
6884203	511145.b3624	6.86	2
6884837	511145.b4336	27.6	4
6881121	511145.b0261	98.1	6
6884396	511145.b3847	781	88
6884347	511145.b3788	34.9	7
6884677	511145.b4155	18.4	3
6883266	511145.b2581	884	54
6881719	511145.b0919	79.9	7
6881310	511145.b0468	72.9	2
6880936	511145.b0054	353	79
6881262	511145.b0419	270	24
6881596	511145.b0795	12.1	2
6883484	511145.b2834	42.1	3
6883581	511145.b2948	415	22
6883486	511145.b2836	7.56	2
6882839	511145.b2132	120	19
6882385	511145.b1640	89.1	5
6881892	511145.b1101	1302	94
6883447	511145.b2794	172	15
6884775	511145.b4263	28.0	4
6882874	511145.b2169	281	19
6882743	511145.b2027	393	34
6881060	511145.b0184	5.41	2
6883757	511145.b3148	5.77	1
6882860	511145.b2155	2307	342
6884785	511145.b4278	9.67	3
6883292	511145.b2614	2845	60
6881924	511145.b1133	156	10
6882250	511145.b1493	1232	222
6881574	511145.b0773	319	9
6884139	511145.b3559	1088	191
6881467	511145.b0642	876	170
6880954	511145.b0074	7.56	1
6881922	511145.b1131	1213	109
6882861	511145.b2156	31.8	1
6881722	511145.b0922	5.36	1
6884382	511145.b3830	91.8	4
6883918	511145.b3325	4.63	1
6883755	511145.b3146	72.4	3
6881483	511145.b0658	78.5	7
6884911	511145.b4461	40.7	3
6884634	511145.b4111	372	19
6883437	511145.b2784	122	24
6881772	511145.b0973	295	52
6881736	511145.b0936	15.3	2
6883018	511145.b2319	83.6	7
6880964	511145.b0085	363	35
6881990	511145.b1207	851	53
6884125	511145.b3544	1277	149
6883516	511145.b2876	7.69	1
6883186	511145.b2501	33.7	9
6883591	511145.b2958	25.5	3
6881615	511145.b0814	693	23
6882481	511145.b1740	919	84
6882941	511145.b2242	243	13
6883885	511145.b3292	87.8	5
6884107	511145.b3525	54.8	5
6881192	511145.b0342	19.8	1
6884194	511145.b3615	58.1	4
6881697	511145.b0897	551	23
6883344	511145.b2684	998	33
6884216	511145.b3637	2302	38
6884693	511145.b4174	654	73
6881232	511145.b0387	60.7	4
6884581	511145.b4055	107	8
6881612	511145.b0811	1696	116
6882293	511145.b1540	44.5	2
6883102	511145.b2417	1329	41
6883858	511145.b3255	415	15
6883216	511145.b2531	123	4
6883744	511145.b3133	24.2	1
6882401	511145.b1656	1595	73
6883979	511145.b3388	395	25
6883466	511145.b2813	15.2	2
6881641	511145.b0840	16.4	1
6883531	511145.b2893	548	20
6881529	511145.b0720	497	51
6882672	511145.b1941	58.1	5
6883784	511145.b3177	111	10
6882057	511145.b1279	746	4
6882258	511145.b1501	4.71	1
6883605	511145.b2977	35.5	1
6882940	511145.b2241	713	99
6884783	511145.b4273	1.9	1
6881981	511145.b1198	152	13
6882094	511145.b1316	4.84	1
6883716	511145.b3099	95.0	4
6881620	511145.b0819	379	16
6881061	511145.b0185	887	67
6881920	511145.b1129	21.9	4
6882332	511145.b1587	3.5	2
6883187	511145.b2502	146	25
6882982	511145.b2283	239	44
6884575	511145.b4049	169	10
6882349	511145.b1604	610	53
6883761	511145.b3152	42.5	3
6881505	511145.b0693	7.17	4
6882723	511145.b2007	1844	39
6883789	511145.b3182	5.83	1
6884566	511145.b4040	38.1	1
6884480	511145.b3939	24.1	2
6884863	511145.b4367	108	6
6882359	511145.b1614	491	58
6883325	511145.b2663	13.0	1
6883826	511145.b3220	9.14	3
6882062	511145.b1284	91.8	7
6884061	511145.b3476	18.0	2
6881635	511145.b0834	10.6	1
6881267	511145.b0424	262	13
6881205	511145.b0355	20.9	3
6883933	511145.b3340	2059	332
6882918	511145.b2216	62.9	11
6883126	511145.b2441	18.2	3
6884393	511145.b3844	332	21
6884772	511145.b4260	518	48
6883709	511145.b3092	215	25
6883121	511145.b2436	34.9	3
6884696	511145.b4177	1641	177
6884487	511145.b3946	12.7	1
6883829	511145.b3223	14.9	1
6881003	511145.b0126	484	26
6882437	511145.b1694	20.3	3
6880901	511145.b0019	77.6	4
6883464	511145.b2811	63.8	3
6884431	511145.b3888	9.86	1
6882347	511145.b1602	1204	58
6882670	511145.b1939	208	18
6880968	511145.b0089	12.6	3
6882147	511145.b1379	11.3	1
6883806	511145.b3199	88.7	2
6882144	511145.b1376	723	31
6884482	511145.b3941	275	19
6881909	511145.b1118	6.97	1
6881531	511145.b0722	496	10
6883479	511145.b2829	106	16
6881052	511145.b0176	20.0	4
6881383	511145.b0551	107	5
6880988	511145.b0111	53.8	6
6881053	511145.b0177	684	124
6883120	511145.b2435	2.8	1
6884284	511145.b3712	3.51	2
6884189	511145.b3610	820	24
6884510	511145.b3974	61.1	7
6884274	511145.b3702	7.27	1
6884464	511145.b3923	256	8
6882795	511145.b2080	793	22
6884686	511145.b4167	91.0	5
6883295	511145.b2617	1652	17
6882673	511145.b1942	8.87	1
6882289	511145.b1536	143	4
6884111	511145.b3529	18.2	4
6881259	511145.b0416	299	12
6884108	511145.b3526	36.9	2
6882919	511145.b2217	943	37
6881147	511145.b0291	4.17	1
6884239	511145.b3661	132	8
6882185	511145.b1421	55.7	10
6881691	511145.b0891	460	28
6881919	511145.b1128	530	26
6882829	511145.b2121	14.2	2
6883070	511145.b2378	8.81	1
6882180	511145.b1414	401	21
6882715	511145.b1996	1.9	1
6884891	511145.b4398	46.6	3
6881424	511145.b0596	752	45
6883719	511145.b3102	141	8
6882523	511145.b1782	368	18
6883634	511145.b3012	1016	71
6881460	511145.b0635	10.5	3
6881413	511145.b0585	216	18
6884517	511145.b3986	15188	312
6884318	511145.b3746	10.3	1
6882691	511145.b1961	6.47	1
6881022	511145.b0145	525	16
6881847	511145.b1056	60.4	3
6883249	511145.b2564	307	13
6883291	511145.b2611	38.4	1
6882675	511145.b1944	278	12
6882696	511145.b1969	37.0	3
6884076	511145.b3493	253	7
6882160	511145.b1392	3.46	2
6881862	511145.b1071	341	10
6881422	511145.b0594	744	67
6884877	511145.b4384	888	72
6881311	511145.b0469	259	13
6881955	511145.b1171	116	4
6883794	511145.b3187	58.3	3
6884531	511145.b4000	2015	44
6884019	511145.b3431	56.4	9
6881883	511145.b1092	1893	59
6884719	511145.b4200	1985	72
6884069	511145.b3484	6.68	3
6881284	511145.b0441	431	64
6880934	511145.b0052	94.3	5
6883089	511145.b2400	813	82
6883445	511145.b2792	36.8	1
6882252	511145.b1495	31.6	6
6881425	511145.b0597	112	5
6883665	511145.b3047	22.0	1
6884319	511145.b3747	1.13	2
6884939	511145.b4506	593	2
6882502	511145.b1761	1577	159
6884533	511145.b4002	1301	25
6884572	511145.b4046	133	5
6881873	511145.b1082	61.4	7
6884894	511145.b4401	894	40
6881962	511145.b1179	179	5
6883202	511145.b2517	120	14
6884872	511145.b4379	30.5	3
6882904	511145.b2202	32.2	2
6883934	511145.b3341	3676	137
6882563	511145.b1822	38.9	2
6883058	511145.b2366	91.0	10
6881131	511145.b0273	12.7	3
6882473	511145.b1732	155	29
6883353	511145.b2698	22.8	1
6881695	511145.b0895	37.0	2
6884694	511145.b4175	572	43
6883302	511145.b2625	1.19	1
6884345	511145.b3786	178	14
6882014	511145.b1234	24.4	2
6884596	511145.b4070	63.0	5
6883384	511145.b2729	14.9	1
6881843	511145.b1051	328	6
6884122	511145.b3541	62.0	5
6881250	511145.b0407	1369	25
6881397	511145.b0569	5.23	1
6882825	511145.b2114	487	92
6884106	511145.b3524	1.42	2
6883339	511145.b2677	173	9
6884271	511145.b3699	632	101
6881252	511145.b0409	338	17
6884223	511145.b3644	457	39
6882589	511145.b1848	299	7
6884277	511145.b3705	150	12
6882386	511145.b1641	1792	47
6881204	511145.b0354	73.1	1
6881917	511145.b1126	203	18
6882521	511145.b1780	633	42
6882826	511145.b2118	17.8	6
6882058	511145.b1280	8.47	1
6884328	511145.b3764	2051	48
6883440	511145.b2787	4.97	1
6884659	511145.b4137	328	8
6880892	511145.b0008	2189	215
6884896	511145.b4403	87.4	7
6882887	511145.b2182	367	8
6881684	511145.b0884	701	12
6884776	511145.b4264	25.4	2
6883889	511145.b3296	2568	120
6883809	511145.b3202	65.6	7
6881692	511145.b0892	29.4	3
6883106	511145.b2421	42.2	2
6884749	511145.b4234	249	10
6883660	511145.b3041	172	10
6880930	511145.b0048	39.4	1
6884075	511145.b3492	8.43	1
6882528	511145.b1787	61.7	2
6881279	511145.b0436	1765	240
6883874	511145.b3279	318	18
6882938	511145.b2239	1033	79
6881781	511145.b0982	27.7	2
6881462	511145.b0637	471	11
6882890	511145.b2185	2677	75
6881681	511145.b0880	360	5
6881455	511145.b0630	163	5
6882188	511145.b1424	44.1	9
6882891	511145.b2186	228	20
6882984	511145.b2285	294	8
6881352	511145.b0515	208	8
6884048	511145.b3463	383	13
6884435	511145.b3892	5.49	1
6883215	511145.b2530	760	85
6882000	511145.b1217	181	3
6883212	511145.b2527	171	6
6880971	511145.b0092	128	8
6883682	511145.b3064	13.5	1
6881256	511145.b0413	152	6
6882107	511145.b1330	322	10
6882757	511145.b2042	758	48
6882132	511145.b1356	141	2
6882605	511145.b1864	465	20
6884881	511145.b4388	23.1	3
6883743	511145.b3132	75.9	19
6883287	511145.b2607	84.1	6
6880982	511145.b0104	845	36
6883771	511145.b3162	15.1	3
6882741	511145.b2025	149	11
6881089	511145.b0221	12.6	2
6884178	511145.b3599	527	44
6883347	511145.b2687	1615	66
6882092	511145.b1314	22.4	3
6880975	511145.b0096	160	10
6881789	511145.b0990	268	19
6882053	511145.b1275	407	29
6881226	511145.b0381	335	29
6881362	511145.b0526	494	54
6880890	511145.b0006	200	11
6882975	511145.b2276	80.4	4
6880963	511145.b0084	59.0	8
6882657	511145.b1922	188	16
6883083	511145.b2392	440	19
6881238	511145.b0394	26.2	4
6883242	511145.b2557	836	228
6884870	511145.b4377	41.2	4
6883355	511145.b2700	303	9
6884758	511145.b4244	1283	47
6882444	511145.b1701	5.49	1
6882484	511145.b1743	1012	34
6884583	511145.b4057	890	24
6884187	511145.b3608	75.1	4
6881048	511145.b0172	1037	30
6882387	511145.b1642	911	34
6882535	511145.b1794	31.7	4
6884672	511145.b4150	13.2	1
6882569	511145.b1828	18.2	2
6884033	511145.b3448	813	26
6882178	511145.b1412	401	13
6883281	511145.b2601	9.94	3
6884528	511145.b3997	180	10
6883793	511145.b3186	715	21
6881621	511145.b0820	51.4	7
6881025	511145.b0148	0.92	3
6884242	511145.b3664	35.8	2
6883205	511145.b2520	19.4	9
6880887	511145.b0003	236	12
6882429	511145.b1686	169	3
6882908	511145.b2206	5.43	1
6882687	511145.b1957	118	2
6882038	511145.b1260	1282	81
6882705	511145.b1982	126	9
6882985	511145.b2286	314	54
6882407	511145.b1662	737	40
6881690	511145.b0890	109	13
6883900	511145.b3307	5164	32
6884888	511145.b4395	146	9
6882700	511145.b1973	145	6
6884337	511145.b3775	261	9
6884691	511145.b4172	1020	28
6884508	511145.b3972	164	14
6883902	511145.b3309	2983	69
6883086	511145.b2395	4.38	1
6881319	511145.b0477	70.2	8
6883685	511145.b3067	821	80
6881275	511145.b0432	347	19
6881925	511145.b1134	23.2	1
6882739	511145.b2023	298	11
6884724	511145.b4206	202	12
6881210	511145.b0361	1.9	1
6884436	511145.b3893	46.2	4
6882590	511145.b1849	1075	95
6883835	511145.b3229	591	38
6882669	511145.b1938	128	18
6882694	511145.b1967	1084	49
6884750	511145.b4235	405	54
6884737	511145.b4219	602	27
6883882	511145.b3289	181	18
6882862	511145.b2157	48.4	3
6881669	511145.b0868	3.54	2
6883655	511145.b3035	805	91
6884469	511145.b3928	4835	83
6882831	511145.b2124	30.2	2
6884131	511145.b3551	35.1	4
6884410	511145.b3867	4.53	1
6882545	511145.b1804	9.21	1
6884568	511145.b4042	59.9	2
6881870	511145.b1079	491	27
6882158	511145.b1390	27.1	3
6880966	511145.b0087	94.8	7
6882629	511145.b1888	916	105
6884514	511145.b3983	1916	64
6882338	511145.b1593	330	9
6881468	511145.b0643	235	13
6880935	511145.b0053	608	53
6884055	511145.b3470	299	6
6884847	511145.b4351	41.8	3
6882624	511145.b1883	109	8
6884099	511145.b3517	1256	226
6881305	511145.b0463	731	58
6882824	511145.b2113	377	17
6882572	511145.b1831	1126	51
6883880	511145.b3287	472	19
6884021	511145.b3433	1284	66
6882558	511145.b1817	1042	75
6881951	511145.b1165	30.6	1
6882208	511145.b1446	793	10
6882279	511145.b1526	3.47	1
6884497	511145.b3957	233	16
6884234	511145.b3655	101	12
6884454	511145.b3911	4.92	1
6883786	511145.b3179	177	8
6883084	511145.b2393	201	13
6883009	511145.b2310	286	20
6883657	511145.b3038	43.3	3
6883298	511145.b2620	257	9
6882620	511145.b1879	54.7	5
6883472	511145.b2822	10.6	6
6881629	511145.b0828	10.5	1
6881745	511145.b0945	687	64
6883327	511145.b2665	1441	74
6884453	511145.b3910	176	9
6881237	511145.b0393	254	25
6884765	511145.b4253	23.4	7
6884071	511145.b3486	50.4	12
6881206	511145.b0356	228	17
6883907	511145.b3314	5460	176
6883688	511145.b3071	211	12
6883513	511145.b2873	1.85	1
6884513	511145.b3982	599	28
6881970	511145.b1187	261	14
6882677	511145.b1946	489	6
6881096	511145.b0228	29.2	1
6884753	511145.b4239	190	25
6884733	511145.b4215	1.91	2
6883815	511145.b3208	4.73	2
6884041	511145.b3456	13.2	1
6883998	511145.b3407	507	91
6883198	511145.b2513	735	32
6881102	511145.b0238	52.5	2
6882106	511145.b1329	72.4	11
6882602	511145.b1861	309	6
6884344	511145.b3785	30.2	4
6881667	511145.b0866	1209	15
6882449	511145.b1706	67.7	9
6883609	511145.b2983	66.0	8
6881143	511145.b0287	828	33
6883649	511145.b3029	651	11
6882428	511145.b1685	438	10
6883595	511145.b2962	1169	40
6881277	511145.b0434	299	14
6883024	511145.b2325	195	5
6880907	511145.b0025	95.3	6
6881958	511145.b1175	820	49
6883430	511145.b2777	32.5	2
6883715	511145.b3098	1023	19
6882083	511145.b1305	246	4
6883639	511145.b3019	72.8	10
6884389	511145.b3838	263	8
6883619	511145.b2993	32.0	1
6881867	511145.b1076	179	10
6882477	511145.b1736	19.4	1
6883548	511145.b2910	321	9
6884455	511145.b3912	1366	39
6883480	511145.b2830	20.1	1
6881371	511145.b0535	4.46	2
6883152	511145.b2467	26.7	2
6883401	511145.b2746	330	9
6884474	511145.b3933	187	17
6882930	511145.b2230	19.5	4
6882425	511145.b1682	315	27
6884692	511145.b4173	243	29
6884363	511145.b3809	93.6	5
6881911	511145.b1120	16.4	1
6884148	511145.b3568	54.5	5
6880933	511145.b0051	45.7	3
6881555	511145.b0754	1834	118
6882453	511145.b1710	283	15
6884341	511145.b3781	1280	42
6884603	511145.b4077	45.9	4
6884126	511145.b3546	38.4	3
6883895	511145.b3302	1099	15
6883950	511145.b3357	984	75
6880965	511145.b0086	164	10
6883951	511145.b3358	5.3	1
6880951	511145.b0071	34.7	2
6882706	511145.b1983	515	23
6882646	511145.b1908	322	15
6881406	511145.b0578	1217	67
6881857	511145.b1066	81.8	6
6880908	511145.b0026	748	184
6884890	511145.b4397	33.2	1
6884519	511145.b3988	1161	360
6884303	511145.b3731	934	8
6882243	511145.b1486	18.5	1
6883356	511145.b2701	27.4	1
6883363	511145.b2708	39.4	5
6880996	511145.b0119	383	9
6880977	511145.b0098	542	115
6882676	511145.b1945	333	25
6884739	511145.b4221	13.5	3
6881054	511145.b0178	973	35
6882161	511145.b1393	14.0	1
6881254	511145.b0411	487	28
6883673	511145.b3055	565	24
6883331	511145.b2669	1466	51
