#id: 379
#name: E.coli - Whole organism, SC (Arike,J_Proteomics,2012)
#score: 17.68
#weight: 100%
#description: abundance based on Spectral counting, from<a href="http://www.ncbi.nlm.nih.gov/pubmed/22771841" target="_blank">Arike, J_Proteomics,2012</a><br/><b>Interaction consistency score</b>: 17.68&nbsp<b>Coverage</b>: 49
#organ: WHOLE_ORGANISM
#integrated: false
#coverage: 49
#publication_year: 2012
#filename: 511145-Escherichia_coli_SC_biomart_29780_E_BTO0000214cellculture_2reps.txt
#
#internal_id	string_external_id	abundance	raw_spectral_count
6881269	511145.b0426	1233	86
6883269	511145.b2584	62.9	22
6881590	511145.b0789	5.53	11
6882118	511145.b1341	14.2	13
6884759	511145.b4245	2393	248
6882736	511145.b2020	597	56
6882232	511145.b1475	17.8	12
6883902	511145.b3309	2729	88
6883038	511145.b2341	19.0	6
6881517	511145.b0708	3.15	3
6884256	511145.b3678	0.415	1
6881088	511145.b0220	780	55
6883155	511145.b2470	1.22	6
6884542	511145.b4015	10054	1501
6883640	511145.b3020	9.15	9
6882456	511145.b1713	306	86
6884683	511145.b4161	146	18
6884823	511145.b4322	285	46
6883320	511145.b2647	2.06	5
6881304	511145.b0462	55.6	23
6882155	511145.b1387	4.96	3
6883462	511145.b2809	754	9
6881416	511145.b0588	4.49	1
6883039	511145.b2342	105	17
6882804	511145.b2093	6613	258
6881283	511145.b0440	20143	511
6881900	511145.b1109	112	23
6883546	511145.b2908	495	87
6881540	511145.b0732	2.69	1
6881280	511145.b0437	373	26
6883547	511145.b2909	418	19
6882821	511145.b2110	3.16	1
6882873	511145.b2168	284	30
6882036	511145.b1258	729	57
6884314	511145.b3742	715	23
6883437	511145.b2784	20.1	7
6883150	511145.b2465	1152	219
6884315	511145.b3743	560	35
6883011	511145.b2312	70.3	19
6882333	511145.b1588	0.785	1
6884499	511145.b3959	254	20
6881593	511145.b0792	11.5	3
6884502	511145.b3962	470	81
6884915	511145.b4466	1.85	4
6882533	511145.b1792	183	8
6883914	511145.b3321	2427	102
6882202	511145.b1440	1817	317
6882563	511145.b1822	16.2	3
6882194	511145.b1431	1232	112
6881065	511145.b0189	199	6
6881196	511145.b0346	15.6	1
6881751	511145.b0951	40.7	12
6883415	511145.b2760	1.8	3
6880952	511145.b0072	1357	170
6883418	511145.b2763	705	146
6880959	511145.b0080	20.4	5
6881560	511145.b0759	249	32
6882577	511145.b1836	846	26
6884550	511145.b4023	46.9	1
6883897	511145.b3304	3496	79
6884530	511145.b3999	55.4	6
6881914	511145.b1123	1269	156
6884392	511145.b3843	163	23
6884676	511145.b4154	207	58
6883948	511145.b3355	23.0	3
6883627	511145.b3003	310	37
6881972	511145.b1189	50.3	13
6883915	511145.b3322	5.0	2
6884719	511145.b4200	3270	152
6884372	511145.b3820	58.4	4
6882557	511145.b1816	7.26	1
6881665	511145.b0864	105	9
6883461	511145.b2808	20.0	4
6884273	511145.b3701	204	27
6881238	511145.b0394	360	41
6883832	511145.b3226	0.915	1
6881548	511145.b0740	1491	164
6881045	511145.b0169	3140	259
6881403	511145.b0575	1.75	1
6883932	511145.b3339	6836	1911
6881263	511145.b0420	76.4	18
6884501	511145.b3961	14.4	2
6884428	511145.b3885	30.0	2
6883706	511145.b3089	12.5	3
6883538	511145.b2900	305	12
6884294	511145.b3722	2.98	2
6883160	511145.b2475	69.6	11
6884133	511145.b3553	319	20
6883785	511145.b3178	342	84
6883136	511145.b2451	2.16	1
6882727	511145.b2011	0.857	1
6881402	511145.b0574	132	23
6882095	511145.b1317	8.39	1
6884023	511145.b3437	1.88	1
6883321	511145.b2659	8.81	1
6882509	511145.b1768	117	9
6883246	511145.b2561	2.27	4
6883920	511145.b3327	0.468	1
6881103	511145.b0239	24.3	7
6884466	511145.b3925	3.79	1
6883528	511145.b2890	1121	210
6883981	511145.b3390	176	15
6881896	511145.b1105	319	26
6884764	511145.b4252	75.5	7
6881566	511145.b0765	17.1	6
6882072	511145.b1294	7.33	2
6883267	511145.b2582	12.6	1
6881973	511145.b1190	18.1	4
6882978	511145.b2279	36.3	1
6882310	511145.b1559	7.39	1
6881490	511145.b0676	11.3	4
6884751	511145.b4237	6.7	1
6881586	511145.b0785	234	22
6881139	511145.b0283	2.1	2
6883111	511145.b2426	290	28
6881090	511145.b0222	1039	95
6881814	511145.b1018	127	22
6882895	511145.b2193	47.6	4
6883727	511145.b3114	39.8	44
6882948	511145.b2249	11.6	4
6881903	511145.b1112	10.6	1
6882186	511145.b1422	146	20
6880914	511145.b0032	105	20
6883400	511145.b2745	15.1	3
6880905	511145.b0023	2873	54
6884754	511145.b4240	38.6	7
6881231	511145.b0386	492	40
6883625	511145.b3001	773	97
6884541	511145.b4014	3507	619
6883254	511145.b2569	378	74
6884296	511145.b3724	29.7	4
6884726	511145.b4208	148	24
6881599	511145.b0798	35.6	6
6881802	511145.b1003	2025	70
6884191	511145.b3612	206	40
6881533	511145.b0724	1181	112
6883272	511145.b2587	35.5	5
6882350	511145.b1605	19.7	10
6883350	511145.b2690	0.845	1
6884112	511145.b3530	11.5	12
6882008	511145.b1225	5.18	3
6882780	511145.b2065	22.3	2
6882749	511145.b2034	41.9	7
6884081	511145.b3498	560	140
6884218	511145.b3639	263	31
6883792	511145.b3185	655	13
6882756	511145.b2041	93.6	15
6881731	511145.b0931	169	33
6882662	511145.b1927	43.7	10
6883149	511145.b2464	1098	191
6881197	511145.b0347	2.9	1
6882926	511145.b2224	0.847	1
6883604	511145.b2976	825	209
6881660	511145.b0859	10.1	2
6881082	511145.b0212	518	56
6884552	511145.b4025	1112	236
6883176	511145.b2491	1.09	2
6882996	511145.b2297	884	267
6883888	511145.b3295	1579	226
6883001	511145.b2302	49.6	4
6881331	511145.b0489	29.2	4
6881749	511145.b0949	18.3	11
6884799	511145.b4297	2.71	4
6881712	511145.b0912	1873	54
6883030	511145.b2331	9.95	1
6880888	511145.b0004	1022	164
6882811	511145.b2100	8.6	1
6882406	511145.b1661	52.1	11
6883788	511145.b3181	1150	77
6882203	511145.b1441	122	21
6883341	511145.b2679	32.7	4
6883080	511145.b2388	426	52
6883041	511145.b2344	74.7	14
6882420	511145.b1677	1719	65
6884829	511145.b4328	3.95	1
6883924	511145.b3331	6.37	7
6882685	511145.b1955	637	65
6884217	511145.b3638	2.4	1
6882002	511145.b1219	1535	65
6884555	511145.b4028	0.609	1
6883579	511145.b2946	4.22	1
6883894	511145.b3301	2829	142
6884072	511145.b3487	18.6	5
6883683	511145.b3065	7944	61
6883125	511145.b2440	7.42	1
6884362	511145.b3807	506	15
6883708	511145.b3091	2.03	1
6884434	511145.b3891	47.7	7
6882112	511145.b1335	65.9	24
6882274	511145.b1521	2.43	1
6881661	511145.b0860	577	69
6883518	511145.b2878	4.82	6
6882447	511145.b1704	12.6	2
6882459	511145.b1716	3851	96
6881557	511145.b0756	638	71
6883439	511145.b2786	1.17	1
6881634	511145.b0833	2.88	3
6881728	511145.b0928	1666	247
6883406	511145.b2751	318	61
6881889	511145.b1098	19.9	2
6883705	511145.b3088	10.1	6
6884738	511145.b4220	21.3	12
6884457	511145.b3916	537	82
6881501	511145.b0687	15.5	1
6882599	511145.b1858	0.645	1
6881026	511145.b0149	3.07	1
6884353	511145.b3794	23.9	4
6881882	511145.b1091	586	75
6881754	511145.b0954	1527	79
6882271	511145.b1518	23.3	1
6882505	511145.b1764	149	28
6884585	511145.b4059	495	53
6883808	511145.b3201	336	32
6883511	511145.b2871	10.8	11
6880990	511145.b0113	17.2	5
6883759	511145.b3150	188	16
6883553	511145.b2917	1.64	1
6884660	511145.b4138	2.08	2
6881854	511145.b1063	11.7	1
6881669	511145.b0868	3.89	4
6884285	511145.b3713	2203	82
6881033	511145.b0156	214	10
6881915	511145.b1124	18.1	5
6884486	511145.b3945	17.3	2
6881910	511145.b1119	60.3	9
6883148	511145.b2463	868	264
6881316	511145.b0474	1254	99
6882180	511145.b1414	473	38
6884689	511145.b4170	4.55	1
6884368	511145.b3816	246	25
6882368	511145.b1623	291	25
6884451	511145.b3908	10355	465
6883539	511145.b2901	254	53
6882254	511145.b1497	3.0	1
6881803	511145.b1004	3115	203
6884001	511145.b3410	83.0	2
6881792	511145.b0993	1.79	3
6881200	511145.b0350	3.83	6
6881768	511145.b0968	46.7	4
6881841	511145.b1049	11.4	4
6881724	511145.b0924	40.8	35
6881551	511145.b0750	65.0	3
6884357	511145.b3802	68.6	10
6882060	511145.b1282	113	6
6884171	511145.b3591	3.63	2
6883005	511145.b2306	68.5	11
6884147	511145.b3567	2.89	1
6882844	511145.b2137	113	13
6883769	511145.b3160	5.36	1
6884640	511145.b4117	2.19	7
6881819	511145.b1023	0.65	1
6883315	511145.b2642	3.33	3
6883606	511145.b2979	9.09	3
6884338	511145.b3778	6.43	3
6884748	511145.b4233	78.0	11
6883719	511145.b3102	339	40
6883378	511145.b2723	0.813	1
6881491	511145.b0677	112	24
6883561	511145.b2925	2589	313
6882247	511145.b1490	67.5	17
6882781	511145.b2066	12.4	2
6883185	511145.b2500	62.6	8
6884845	511145.b4349	8.28	5
6881874	511145.b1083	237	23
6884043	511145.b3458	995	142
6884757	511145.b4243	7165	153
6884684	511145.b4162	41.9	2
6884025	511145.b3439	128	14
6883974	511145.b3383	0.706	1
6884216	511145.b3637	3550	66
6884225	511145.b3646	1.89	1
6881868	511145.b1077	53.0	13
6882047	511145.b1269	23.3	3
6884164	511145.b3584	6.91	2
6881036	511145.b0159	41.7	7
6883686	511145.b3068	95.6	8
6881265	511145.b0422	139	6
6884091	511145.b3509	1326	62
6884856	511145.b4360	219	13
6883481	511145.b2831	12.2	4
6881992	511145.b1209	28.2	3
6884020	511145.b3432	106	40
6881352	511145.b0515	99.2	6
6882767	511145.b2052	19.2	4
6883593	511145.b2960	137	13
6883100	511145.b2415	1927	77
6883028	511145.b2329	120	27
6882142	511145.b1374	19.9	3
6883015	511145.b2316	585	71
6884305	511145.b3733	1684	179
6882738	511145.b2022	353	40
6881182	511145.b0331	176	25
6884095	511145.b3513	5.16	2
6884687	511145.b4168	182	13
6884686	511145.b4167	4.15	1
6884846	511145.b4350	8.64	3
6883490	511145.b2840	10.4	1
6883494	511145.b2844	11.5	1
6881071	511145.b0195	8.41	2
6884097	511145.b3515	40.3	15
6884767	511145.b4255	1637	23
6884026	511145.b3440	119	17
6882308	511145.b1557	29.3	1
6882572	511145.b1831	316	21
6881243	511145.b0400	7.83	5
6884179	511145.b3600	517	81
6883833	511145.b3227	0.859	1
6881364	511145.b0528	242	12
6881157	511145.b0304	3.16	1
6882752	511145.b2037	2.82	6
6884685	511145.b4166	3.33	1
6884358	511145.b3803	152	32
6884469	511145.b3928	4705	145
6883672	511145.b3054	17.2	4
6881547	511145.b0739	142	21
6883994	511145.b3403	1721	319
6882735	511145.b2019	694	61
6882502	511145.b1761	829	140
6883650	511145.b3030	9.26	3
6882934	511145.b2234	271	96
6884009	511145.b3418	136	47
6884340	511145.b3780	304	70
6881959	511145.b1176	16.6	1
6882613	511145.b1872	4.44	2
6884311	511145.b3739	17.9	2
6883469	511145.b2819	4.62	2
6881010	511145.b0133	882	107
6883270	511145.b2585	625	121
6883858	511145.b3255	522	13
6883019	511145.b2320	262	43
6884167	511145.b3587	10.8	1
6881998	511145.b1215	1442	129
6883075	511145.b2383	2.97	6
6880972	511145.b0093	7.17	1
6881038	511145.b0161	657	117
6882805	511145.b2094	2279	128
6884049	511145.b3464	459	71
6882953	511145.b2254	8.06	1
6884228	511145.b3649	2129	61
6881073	511145.b0197	3334	290
6883008	511145.b2309	1240	146
6882892	511145.b2187	130	7
6881346	511145.b0508	20.4	5
6882045	511145.b1267	435	39
6884096	511145.b3514	2.19	1
6884183	511145.b3604	6.88	1
6884564	511145.b4037	1381	52
6882149	511145.b1381	1.46	1
6881194	511145.b0344	0.827	1
6884632	511145.b4109	11.1	3
6884332	511145.b3770	389	48
6882718	511145.b2001	0.492	1
6884327	511145.b3755	2.54	1
6883184	511145.b2499	144	18
6883429	511145.b2776	9.83	12
6884897	511145.b4406	33.8	1
6881278	511145.b0435	366	17
6884241	511145.b3663	5.22	1
6882013	511145.b1233	11.8	2
6881869	511145.b1078	14.5	1
6884437	511145.b3894	3.64	3
6881796	511145.b0997	1.01	1
6883214	511145.b2529	1184	75
6884301	511145.b3729	307	77
6881406	511145.b0578	893	72
6883279	511145.b2599	231	36
6882511	511145.b1770	0.737	1
6882044	511145.b1266	5.59	1
6881004	511145.b0127	92.2	12
6882648	511145.b1913	5.01	3
6882124	511145.b1347	297	5
6881207	511145.b0357	133	6
6881349	511145.b0512	5.81	3
6882977	511145.b2278	3.84	1
6881488	511145.b0674	60.4	15
6882198	511145.b1435	3.41	1
6880949	511145.b0069	71.6	20
6882991	511145.b2292	0.191	1
6881344	511145.b0506	6.95	1
6884682	511145.b4160	312	27
6884181	511145.b3602	540	17
6881723	511145.b0923	534	33
6881671	511145.b0870	160	25
6884278	511145.b3706	63.3	18
6884121	511145.b3540	112	15
6881040	511145.b0163	1561	65
6881624	511145.b0823	5.31	3
6881780	511145.b0981	2.51	1
6882549	511145.b1808	2.12	1
6882355	511145.b1610	16.0	10
6883419	511145.b2764	513	102
6882331	511145.b1586	273	9
6884221	511145.b3642	6.3	1
6883330	511145.b2668	11.8	3
6884584	511145.b4058	122	47
6883247	511145.b2562	34.4	3
6883446	511145.b2793	12.4	1
6881601	511145.b0800	293	38
6882235	511145.b1478	370	55
6880899	511145.b0016	4.71	4
6883157	511145.b2472	20.6	3
6882764	511145.b2049	5.18	1
6882269	511145.b1516	1617	133
6881187	511145.b0337	354	42
6883895	511145.b3302	2942	41
6883056	511145.b2364	1.2	1
6884320	511145.b3748	106	11
6881336	511145.b0494	63.4	6
6881502	511145.b0688	553	133
6882468	511145.b1727	93.6	14
6883977	511145.b3386	784	53
6884407	511145.b3863	268	101
6883945	511145.b3352	6.31	4
6882385	511145.b1640	9.11	1
6884208	511145.b3629	9.32	6
6884488	511145.b3947	3.46	6
6884313	511145.b3741	0.427	1
6883258	511145.b2573	72.2	5
6881730	511145.b0930	812	150
6883458	511145.b2805	31.3	7
6883597	511145.b2964	27.5	4
6884650	511145.b4127	29.5	1
6884280	511145.b3708	878	156
6881295	511145.b0452	184	14
6884109	511145.b3527	155	24
6881747	511145.b0947	84.2	19
6884470	511145.b3929	379	39
6884503	511145.b3963	23.9	7
6882573	511145.b1832	177	19
6883112	511145.b2427	6.72	2
6880953	511145.b0073	1406	123
6884231	511145.b3652	2.54	10
6881258	511145.b0415	2020	94
6884304	511145.b3732	3360	602
6881528	511145.b0719	2.68	1
6883850	511145.b3244	113	26
6881961	511145.b1178	18.5	2
6883883	511145.b3290	4.73	1
6882490	511145.b1749	414	59
6881492	511145.b0678	278	41
6882348	511145.b1603	298	48
6881584	511145.b0783	60.9	5
6881630	511145.b0829	6.72	3
6883817	511145.b3210	58.9	16
6883811	511145.b3204	533	37
6881000	511145.b0123	172	32
6883000	511145.b2301	55.6	3
6884537	511145.b4006	289	79
6883991	511145.b3400	158	11
6883939	511145.b3346	456	15
6884548	511145.b4021	169	13
6881702	511145.b0902	79.8	14
6881912	511145.b1121	1.12	1
6881535	511145.b0727	1155	144
6881365	511145.b0529	62.8	9
6882836	511145.b2129	12.9	11
6884015	511145.b3426	3.57	1
6881046	511145.b0170	2610	316
6883807	511145.b3200	195	9
6882294	511145.b1541	114	5
6883610	511145.b2984	3.7	1
6883209	511145.b2524	216	8
6881027	511145.b0150	2.55	1
6882794	511145.b2079	30.4	13
6881642	511145.b0841	8.81	4
6882595	511145.b1854	926	156
6883551	511145.b2914	2729	85
6881886	511145.b1095	182	28
6883572	511145.b2938	199	54
6884664	511145.b4142	1740	72
6884527	511145.b3996	20.2	4
6882016	511145.b1236	388	54
6884892	511145.b4399	3.12	4
6881987	511145.b1204	33.1	4
6883778	511145.b3169	960	188
6883934	511145.b3341	4551	227
6883570	511145.b2936	34.4	4
6881636	511145.b0835	20.9	6
6882054	511145.b1276	686	202
6883855	511145.b3251	860	96
6882392	511145.b1647	711	65
6883110	511145.b2425	1274	173
6882050	511145.b1272	38.1	8
6882702	511145.b1976	245	14
6881172	511145.b0320	0.916	1
6884731	511145.b4213	138	35
6883488	511145.b2838	11.1	1
6884773	511145.b4261	5.71	1
6881832	511145.b1040	55.5	8
6882888	511145.b2183	132	13
6882457	511145.b1714	354	56
6881480	511145.b0655	2160	195
6882277	511145.b1524	2.66	1
6882019	511145.b1241	1603	588
6882649	511145.b1914	15.8	1
6884440	511145.b3897	24.3	12
6882686	511145.b1956	8.22	9
6882102	511145.b1325	106	9
6884523	511145.b3992	45.3	5
6880928	511145.b0046	45.5	2
6883834	511145.b3228	295	24
6881613	511145.b0812	2552	194
6881266	511145.b0423	7.25	2
6882988	511145.b2289	8.34	1
6881537	511145.b0729	1563	209
6881556	511145.b0755	5525	369
6883064	511145.b2372	2.9	2
6881640	511145.b0839	470	78
6883857	511145.b3253	720	103
6881580	511145.b0779	136	19
6881760	511145.b0960	2.04	3
6880992	511145.b0115	1256	334
6883661	511145.b3042	614	22
6884770	511145.b4258	428	132
6883040	511145.b2343	8.66	1
6884414	511145.b3871	384	75
6884006	511145.b3415	4.35	1
6881339	511145.b0497	2.11	2
6882959	511145.b2260	2.91	1
6882445	511145.b1702	849	247
6884652	511145.b4129	97.3	49
6881024	511145.b0147	6.84	1
6880998	511145.b0121	35.7	6
6883135	511145.b2450	193	21
6883926	511145.b3333	15.0	2
6881991	511145.b1208	3.35	1
6884675	511145.b4153	515	40
6882561	511145.b1820	10.7	1
6883783	511145.b3176	576	92
6881598	511145.b0797	31.1	10
6884725	511145.b4207	1173	71
6882958	511145.b2259	70.6	2
6881097	511145.b0231	10.3	3
6884701	511145.b4182	4.14	1
6882830	511145.b2123	20.3	1
6881399	511145.b0571	396	23
6882628	511145.b1887	295	43
6883952	511145.b3359	519	70
6883503	511145.b2860	9.41	6
6883334	511145.b2672	452	25
6882380	511145.b1635	1174	95
6881608	511145.b0807	2.0	2
6881623	511145.b0822	13.2	14
6883113	511145.b2428	39.9	11
6883243	511145.b2558	1.12	2
6882426	511145.b1683	2.35	1
6881838	511145.b1046	7.78	4
6884721	511145.b4202	4680	76
6880993	511145.b0116	1917	309
6882878	511145.b2173	3.07	4
6883571	511145.b2937	301	33
6883892	511145.b3299	1034	5
6882729	511145.b2013	8.92	2
6880958	511145.b0078	638	36
6882066	511145.b1288	1663	147
6883580	511145.b2947	204	28
6884078	511145.b3495	6723	208
6881918	511145.b1127	371	62
6881191	511145.b0341	4.07	3
6881971	511145.b1188	72.8	11
6883584	511145.b2951	349	26
6881899	511145.b1108	672	56
6884417	511145.b3874	13.0	1
6883801	511145.b3194	3.51	1
6880967	511145.b0088	28.4	6
6882461	511145.b1718	943	54
6883697	511145.b3080	0.301	1
6882189	511145.b1426	1566	19
6880973	511145.b0094	257	36
6884196	511145.b3617	13.1	2
6883652	511145.b3032	27.0	4
6881877	511145.b1086	24.1	4
6883170	511145.b2485	0.568	1
6884481	511145.b3940	16.9	8
6882306	511145.b1555	17.7	1
6880941	511145.b0061	4.01	4
6881770	511145.b0970	148	6
6884005	511145.b3414	501	42
6883524	511145.b2886	2.63	1
6882587	511145.b1846	74.5	6
6881795	511145.b0996	20.0	5
6883096	511145.b2411	57.5	15
6884756	511145.b4242	5.08	4
6882422	511145.b1679	6.5	1
6884173	511145.b3593	0.648	7
6882419	511145.b1676	2170	376
6883425	511145.b2770	62.5	10
6881761	511145.b0961	17.2	1
6883535	511145.b2897	148	3
6883896	511145.b3303	3446	255
6884339	511145.b3779	7.68	2
6882840	511145.b2133	784	178
6882617	511145.b1876	210	60
6884045	511145.b3460	9464	786
6882430	511145.b1687	128	55
6881655	511145.b0854	1260	188
6884219	511145.b3640	376	23
6883322	511145.b2660	2.83	1
6883776	511145.b3167	420	21
6882390	511145.b1645	2.26	1
6882796	511145.b2081	54.8	9
6883119	511145.b2434	11.9	2
6882339	511145.b1594	5.36	2
6883464	511145.b2811	88.6	7
6882052	511145.b1274	141	52
6882151	511145.b1383	17.8	1
6884511	511145.b3980	6836	1911
6884367	511145.b3813	32.6	11
6883859	511145.b3256	285	54
6882813	511145.b2102	12.0	6
6881217	511145.b0369	176	29
6884034	511145.b3449	23.1	5
6881847	511145.b1056	139	15
6883089	511145.b2400	628	107
6884647	511145.b4124	5.72	2
6883405	511145.b2750	21.8	11
6881885	511145.b1094	4489	78
6883803	511145.b3196	1.96	1
6881672	511145.b0871	615	129
6884876	511145.b4383	375	80
6881176	511145.b0325	1442	231
6883908	511145.b3315	4091	148
6881606	511145.b0805	7.76	3
6881765	511145.b0965	477	33
6881465	511145.b0640	2.84	3
6881945	511145.b1159	14.6	3
6880975	511145.b0096	9.48	6
6881393	511145.b0565	201	32
6881631	511145.b0830	467	93
6884336	511145.b3774	1835	387
6881166	511145.b0314	8.61	8
6884442	511145.b3899	7.61	2
6882366	511145.b1621	0.731	1
6881756	511145.b0956	374	19
6884473	511145.b3932	175	13
6883206	511145.b2521	1064	99
6884628	511145.b4105	22.5	3
6882999	511145.b2300	58.6	6
6881521	511145.b0712	10.6	1
6883765	511145.b3156	599	30
6883810	511145.b3203	1833	42
6882665	511145.b1930	429	12
6882751	511145.b2036	490	86
6882737	511145.b2021	337	44
6883542	511145.b2904	16.0	1
6884515	511145.b3984	3636	353
6881757	511145.b0957	1245	163
6881322	511145.b0480	307	70
6884669	511145.b4147	1115	55
6881884	511145.b1093	1769	140
6881500	511145.b0686	80.4	9
6881628	511145.b0827	102	19
6881161	511145.b0308	1.06	1
6883774	511145.b3165	1587	38
6883992	511145.b3401	267	35
6881708	511145.b0908	119	26
6881446	511145.b0619	21.7	3
6884916	511145.b4467	49.0	10
6881585	511145.b0784	30.5	2
6883685	511145.b3067	1346	157
6883671	511145.b3053	27.5	20
6881457	511145.b0632	246	51
6884024	511145.b3438	50.1	6
6883796	511145.b3189	149	24
6882462	511145.b1719	402	110
6884728	511145.b4210	1.35	1
6884092	511145.b3510	5419	114
6882983	511145.b2284	85.8	27
6881569	511145.b0768	11.4	2
6883704	511145.b3087	265	23
6882623	511145.b1882	762	41
6880995	511145.b0118	2660	850
6884614	511145.b4088	60.0	10
6884115	511145.b3533	10.8	22
6882231	511145.b1474	0.067	1
6880910	511145.b0028	451	31
6882707	511145.b1985	4.0	4
6882993	511145.b2294	502	42
6884635	511145.b4112	0.43	1
6883029	511145.b2330	610	34
6883067	511145.b2375	9.96	1
6881732	511145.b0932	262	106
6882148	511145.b1380	411	35
6881703	511145.b0903	3111	863
6882621	511145.b1880	7.31	4
6883560	511145.b2924	292	32
6883614	511145.b2988	3.08	1
6883562	511145.b2926	8251	1125
6880897	511145.b0014	3045	676
6883352	511145.b2697	581	220
6882593	511145.b1852	418	106
6883550	511145.b2913	769	107
6880950	511145.b0070	4.27	1
6881427	511145.b0599	24.7	5
6884098	511145.b3516	3.09	1
6882733	511145.b2017	2.13	1
6884657	511145.b4135	502	40
6882341	511145.b1596	6.46	4
6882051	511145.b1273	230	8
6881434	511145.b0606	191	43
6884307	511145.b3735	1230	85
6884526	511145.b3995	791	33
6881433	511145.b0605	2534	216
6884317	511145.b3745	32.9	24
6884312	511145.b3740	0.885	1
6881236	511145.b0391	866	13
6884977	511145.b4565	598	13
6884186	511145.b3607	70.5	8
6881717	511145.b0917	1352	19
6883726	511145.b3113	220	14
6883288	511145.b2608	559	38
6881078	511145.b0208	6.54	4
6881466	511145.b0641	24.9	5
6884416	511145.b3873	23.8	6
6883989	511145.b3398	4.64	2
6884291	511145.b3719	10.9	2
6883903	511145.b3310	2225	92
6884270	511145.b3698	485	22
6881762	511145.b0962	51.7	14
6882952	511145.b2253	272	46
6881978	511145.b1195	30.8	1
6881095	511145.b0227	18.6	4
6882255	511145.b1498	3.25	1
6881085	511145.b0215	7.98	2
6883256	511145.b2571	320	35
6884743	511145.b4226	4725	192
6881237	511145.b0393	232	23
6883213	511145.b2528	35.2	2
6882818	511145.b2107	291	12
6882172	511145.b1406	818	87
6884018	511145.b3430	283	49
6882920	511145.b2218	3.58	4
6883881	511145.b3288	259	30
6884732	511145.b4214	438	52
6883373	511145.b2718	12.9	1
6883106	511145.b2421	269	26
6883087	511145.b2398	14.6	1
6881679	511145.b0878	11.5	6
6881376	511145.b0544	4.73	5
6884000	511145.b3409	2.08	6
6880948	511145.b0068	402	62
6884910	511145.b4460	0.845	1
6882935	511145.b2235	299	42
6882547	511145.b1806	51.3	5
6883023	511145.b2324	7.02	14
6883433	511145.b2780	118	43
6881131	511145.b0273	62.3	22
6882305	511145.b1554	6.5	4
6884138	511145.b3558	4.82	4
6882518	511145.b1777	61.4	2
6884912	511145.b4463	2.51	1
6881375	511145.b0543	8.31	3
6883217	511145.b2532	35.3	14
6882571	511145.b1830	482	123
6884795	511145.b4293	4.05	1
6882398	511145.b1653	0.488	4
6882146	511145.b1378	15.8	8
6881395	511145.b0567	11.0	3
6882041	511145.b1263	92.4	16
6884202	511145.b3623	26.1	6
6884412	511145.b3869	35.8	4
6881432	511145.b0604	16.8	2
6883197	511145.b2512	307	42
6881727	511145.b0927	86.4	8
6882559	511145.b1818	273	13
6882291	511145.b1538	376	85
6884083	511145.b3500	87.8	20
6883386	511145.b2731	0.956	2
6882802	511145.b2091	2358	190
6883071	511145.b2379	10.8	3
6882369	511145.b1624	83.1	11
6883203	511145.b2518	2029	99
6884373	511145.b3821	7.12	2
6882885	511145.b2180	5.9	2
6881436	511145.b0608	125	22
6882489	511145.b1748	320	46
6882062	511145.b1284	55.2	6
6880931	511145.b0049	42.9	4
6883922	511145.b3329	9.71	1
6883277	511145.b2597	1048	47
6883211	511145.b2526	43.0	8
6883210	511145.b2525	731	33
6884613	511145.b4087	3.59	1
6881313	511145.b0471	2525	103
6882815	511145.b2104	542	43
6882223	511145.b1464	0.584	1
6884176	511145.b3597	27.5	8
6882403	511145.b1658	368	57
6881689	511145.b0889	1091	84
6884039	511145.b3454	55.2	5
6883251	511145.b2566	29.7	6
6883711	511145.b3094	13.9	2
6884408	511145.b3865	197	25
6881056	511145.b0180	859	65
6881075	511145.b0199	139	26
6883085	511145.b2394	4.71	4
6883887	511145.b3294	2832	86
6884547	511145.b4020	9.88	4
6882173	511145.b1407	1.58	2
6882627	511145.b1886	431	108
6882594	511145.b1853	7.39	1
6882295	511145.b1542	6.17	3
6884551	511145.b4024	206	46
6883893	511145.b3300	17.3	2
6884834	511145.b4333	34.8	5
6884129	511145.b3549	12.0	1
6883805	511145.b3198	88.6	10
6882917	511145.b2215	299	52
6883014	511145.b2315	3.28	1
6881051	511145.b0175	4.43	1
6882382	511145.b1637	275	56
6882086	511145.b1308	376	14
6883432	511145.b2779	6628	772
6881554	511145.b0753	4730	61
6881545	511145.b0737	18.0	1
6881412	511145.b0584	1.13	1
6883782	511145.b3175	169	7
6883448	511145.b2795	10.5	3
6882740	511145.b2024	7.91	2
6884722	511145.b4203	2163	145
6881420	511145.b0592	41.4	5
6882998	511145.b2299	123	8
6882111	511145.b1334	320	29
6881438	511145.b0611	9.35	1
6881664	511145.b0863	1458	144
6884333	511145.b3771	27.1	11
6884032	511145.b3447	184	38
6882416	511145.b1673	5.58	3
6884229	511145.b3650	6.85	3
6884929	511145.b4480	5.85	5
6882778	511145.b2063	4.19	1
6884755	511145.b4241	0.526	1
6881476	511145.b0651	219	24
6881177	511145.b0326	3.32	1
6881519	511145.b0710	290	28
6881184	511145.b0334	243	59
6882042	511145.b1264	25.8	6
6881057	511145.b0181	707	33
6881001	511145.b0124	88.1	24
6881541	511145.b0733	385	53
6882055	511145.b1277	11.4	1
6884901	511145.b4411	456	10
6884594	511145.b4068	187	11
6883935	511145.b3342	960	37
6881525	511145.b0716	28.0	24
6884857	511145.b4361	10.3	1
6881799	511145.b1000	314	24
6881735	511145.b0935	11.8	5
6884579	511145.b4053	19.7	2
6882278	511145.b1525	12.5	4
6882560	511145.b1819	513	61
6884525	511145.b3994	196	56
6884804	511145.b4302	102	8
6882659	511145.b1924	175	22
6881054	511145.b0178	1100	86
6882145	511145.b1377	14.0	11
6881394	511145.b0566	12.2	2
6883543	511145.b2905	9.93	2
6884729	511145.b4211	24.0	4
6881693	511145.b0893	734	132
6882631	511145.b1890	60.1	9
6881151	511145.b0295	9.82	1
6882211	511145.b1449	670	79
6882501	511145.b1760	44.3	2
6881688	511145.b0888	819	75
6882626	511145.b1885	6.03	6
6884300	511145.b3728	805	116
6883010	511145.b2311	6.53	10
6884047	511145.b3462	21.0	4
6881335	511145.b0493	6.87	1
6882004	511145.b1221	184	18
6883654	511145.b3034	51.7	4
6882292	511145.b1539	910	68
6882814	511145.b2103	699	86
6882475	511145.b1734	1.86	2
6882608	511145.b1867	258	15
6883884	511145.b3291	159	13
6881680	511145.b0879	2.03	4
6882411	511145.b1668	30.4	7
6881101	511145.b0237	877	138
6881801	511145.b1002	994	144
6883816	511145.b3209	472	34
6882745	511145.b2029	1854	324
6883273	511145.b2592	1031	312
6881486	511145.b0661	13.7	2
6883949	511145.b3356	8.25	1
6884342	511145.b3783	1120	199
6882519	511145.b1778	714	45
6884752	511145.b4238	2.11	3
6881497	511145.b0683	656	48
6884665	511145.b4143	4028	756
6884198	511145.b3619	682	110
6883364	511145.b2709	2.33	1
6881233	511145.b0388	134	7
6882005	511145.b1222	0.338	1
6882383	511145.b1638	510	47
6883988	511145.b3397	12.1	1
6884561	511145.b4034	2911	481
6882570	511145.b1829	10.6	1
6881204	511145.b0354	35.0	2
6881450	511145.b0623	2145	69
6881666	511145.b0865	56.6	5
6882012	511145.b1232	229	15
6882498	511145.b1757	39.4	10
6882340	511145.b1595	1.66	2
6881694	511145.b0894	0.815	1
6884497	511145.b3957	189	28
6881261	511145.b0418	40.1	1
6881837	511145.b1045	127	13
6883684	511145.b3066	5.44	2
6882955	511145.b2256	15.3	7
6883802	511145.b3195	28.3	4
6881568	511145.b0767	752	77
6881063	511145.b0187	87.9	4
6882040	511145.b1262	115	25
6883910	511145.b3317	2049	142
6881409	511145.b0581	51.5	5
6883459	511145.b2806	6.73	1
6884571	511145.b4045	2342	35
6880957	511145.b0077	304	59
6883468	511145.b2818	166	16
6883851	511145.b3247	7.53	8
6880911	511145.b0029	78.1	8
6883843	511145.b3237	1.27	1
6882753	511145.b2038	83.4	11
6882367	511145.b1622	15.2	7
6881275	511145.b0432	398	40
6882546	511145.b1805	91.6	13
6883794	511145.b3187	40.8	7
6881287	511145.b0444	55.1	7
6881574	511145.b0773	169	8
6881183	511145.b0333	167	23
6882555	511145.b1814	8.78	2
6881426	511145.b0598	570	87
6882282	511145.b1529	8.1	1
6883411	511145.b2756	11.7	2
6884853	511145.b4357	0.47	1
6881549	511145.b0741	213	22
6884868	511145.b4375	185	26
6881542	511145.b0734	74.8	6
6880984	511145.b0107	3.77	1
6882460	511145.b1717	296	4
6881042	511145.b0166	1288	134
6884575	511145.b4049	21.5	3
6884569	511145.b4043	136	17
6881470	511145.b0645	11.7	2
6883799	511145.b3192	943	71
6884483	511145.b3942	2189	556
6882487	511145.b1746	8.66	3
6882464	511145.b1723	295	47
6881558	511145.b0757	207	17
6883918	511145.b3325	7.45	4
6883239	511145.b2554	8.49	3
6884054	511145.b3469	5.34	2
6883916	511145.b3323	6.77	1
6881931	511145.b1140	7.18	1
6881282	511145.b0439	453	127
6881859	511145.b1068	14.1	2
6881750	511145.b0950	3.23	5
6884402	511145.b3858	1276	46
6884012	511145.b3423	9.04	1
6882410	511145.b1667	727	44
6880969	511145.b0090	27.6	5
6880939	511145.b0059	14.0	7
6881881	511145.b1090	2.97	1
6881070	511145.b0194	872	190
6882421	511145.b1678	135	19
6883161	511145.b2476	1309	131
6883839	511145.b3233	836	48
6882848	511145.b2143	873	86
6881681	511145.b0880	1006	29
6882654	511145.b1919	401	38
6882480	511145.b1739	592	22
6881047	511145.b0171	203	14
6881643	511145.b0842	5.33	4
6883913	511145.b3320	2038	173
6883174	511145.b2489	1.69	1
6881485	511145.b0660	409	58
6883710	511145.b3093	22.2	2
6882423	511145.b1680	36.0	11
6883236	511145.b2551	1810	228
6881507	511145.b0695	14.6	10
6881880	511145.b1089	2410	42
6880986	511145.b0109	412	43
6884258	511145.b3680	12.8	2
6883275	511145.b2594	112	14
6884395	511145.b3846	696	184
6883450	511145.b2797	0.546	1
6884010	511145.b3421	6.05	2
6881720	511145.b0920	11.1	7
6882989	511145.b2290	32.2	4
6883787	511145.b3180	1219	30
6882152	511145.b1384	4.79	10
6881576	511145.b0775	2.57	1
6883165	511145.b2480	1026	62
6884227	511145.b3648	79.3	7
6882106	511145.b1329	236	51
6881114	511145.b0251	10.1	10
6881729	511145.b0929	639	118
6883780	511145.b3172	492	106
6881767	511145.b0967	11.8	8
6881711	511145.b0911	3058	573
6883548	511145.b2910	326	15
6883607	511145.b2980	83.0	9
6882446	511145.b1703	46.5	4
6881564	511145.b0763	327	47
6883162	511145.b2477	448	46
6884479	511145.b3938	736	31
6881927	511145.b1136	4319	538
6881475	511145.b0650	1.71	1
6884266	511145.b3691	1.86	1
6882029	511145.b1251	1360	14
6881861	511145.b1070	170	11
6884607	511145.b4081	2.55	7
6883773	511145.b3164	1228	306
6884972	511145.b4554	323	7
6884516	511145.b3985	1777	100
6884413	511145.b3870	977	182
6881423	511145.b0595	43.2	10
6882695	511145.b1968	2.41	1
6883820	511145.b3213	489	97
6884430	511145.b3887	299	19
6882414	511145.b1671	16.9	4
6881435	511145.b0607	1832	91
6882987	511145.b2288	147	10
6881879	511145.b1088	46.9	4
6881043	511145.b0167	13.4	10
6882855	511145.b2150	2654	447
6882564	511145.b1823	7677	237
6881453	511145.b0628	111	11
6882360	511145.b1615	4.98	2
6883674	511145.b3056	7.25	1
6882082	511145.b1304	660	49
6884645	511145.b4122	138	62
6883156	511145.b2471	130	6
6884359	511145.b3804	10.6	1
6882357	511145.b1612	285	105
6884532	511145.b4001	26.0	2
6883183	511145.b2498	1454	115
6881011	511145.b0134	977	77
6884889	511145.b4396	209	19
6884174	511145.b3594	4.36	5
6884583	511145.b4057	363	16
6882329	511145.b1584	16.3	1
6884188	511145.b3609	1944	65
6881359	511145.b0523	652	28
6882104	511145.b1327	9.13	3
6882058	511145.b1280	8.51	2
6883529	511145.b2891	469	69
6883163	511145.b2478	85.6	9
6884351	511145.b3792	2.4	2
6883790	511145.b3183	653	74
6882810	511145.b2099	9.34	2
6881437	511145.b0610	194	11
6884385	511145.b3833	487	50
6882090	511145.b1312	0.959	1
6884848	511145.b4352	15.0	8
6883943	511145.b3350	5.86	5
6882479	511145.b1738	74.9	4
6884093	511145.b3511	5.43	1
6883644	511145.b3024	1600	50
6884781	511145.b4269	97.5	11
6882725	511145.b2009	115	9
6882110	511145.b1333	1504	142
6884860	511145.b4364	6.8	1
6882928	511145.b2226	6.79	10
6884204	511145.b3625	1.31	1
6883779	511145.b3170	23.7	2
6883772	511145.b3163	5.42	1
6884734	511145.b4216	988	58
6882986	511145.b2287	351	40
6883993	511145.b3402	4.8	1
6882187	511145.b1423	271	38
6883286	511145.b2606	1694	78
6882236	511145.b1479	519	121
6883836	511145.b3230	1996	80
6883904	511145.b3311	625	18
6881458	511145.b0633	11.2	1
6881257	511145.b0414	38.0	6
6884540	511145.b4013	123	20
6883103	511145.b2418	28.7	2
6883736	511145.b3125	7.18	1
6884110	511145.b3528	119	12
6884797	511145.b4295	95.8	14
6884348	511145.b3789	10.9	3
6883731	511145.b3118	26.1	4
6882343	511145.b1598	23.2	2
6884477	511145.b3936	711	22
6882497	511145.b1756	8.93	5
6881358	511145.b0522	16.8	2
6882598	511145.b1857	4.98	2
6883124	511145.b2439	12.9	1
6881002	511145.b0125	377	31
6882754	511145.b2039	220	37
6884492	511145.b3952	70.7	32
6881244	511145.b0401	4.29	1
6883022	511145.b2323	2527	239
6884777	511145.b4265	109	9
6883126	511145.b2441	2.63	1
6881825	511145.b1033	213	25
6881174	511145.b0323	3.54	1
6884500	511145.b3960	200	43
6882790	511145.b2075	2.94	5
6882226	511145.b1467	4.93	2
6880970	511145.b0091	5.76	5
6884529	511145.b3998	4.73	1
6882190	511145.b1427	101	5
6884350	511145.b3791	19.3	6
6881928	511145.b1137	5.35	1
6884399	511145.b3850	37.6	3
6884465	511145.b3924	191	13
6884873	511145.b4380	2.71	3
6884299	511145.b3727	7.55	1
6881022	511145.b0145	792	55
6882858	511145.b2153	999	77
6883324	511145.b2662	355	79
6881296	511145.b0453	1198	61
6882319	511145.b1570	37.4	1
6883622	511145.b2996	1.09	1
6884622	511145.b4097	9.42	9
6881407	511145.b0579	111	5
6881534	511145.b0726	644	261
6884886	511145.b4393	555	28
6883452	511145.b2799	76.3	13
6883313	511145.b2636	10.0	10
6882206	511145.b1444	2010	337
6884449	511145.b3906	14.4	3
6882038	511145.b1260	413	59
6883777	511145.b3168	1227	272
6884562	511145.b4035	312	42
6884631	511145.b4108	412	9
6883264	511145.b2579	896	60
6881718	511145.b0918	330	44
6881105	511145.b0241	11.0	10
6882270	511145.b1517	635	69
6881234	511145.b0389	471	15
6881894	511145.b1103	1661	63
6883232	511145.b2547	0.702	1
6884255	511145.b3677	174	10
6882018	511145.b1238	1.87	1
6884162	511145.b3582	15.4	2
6884184	511145.b3605	29.8	9
6881211	511145.b0363	1.89	2
6881840	511145.b1048	537	89
6883869	511145.b3266	4.95	3
6881921	511145.b1130	563	48
6881077	511145.b0207	207	24
6884136	511145.b3556	37.5	1
6882399	511145.b1654	870	50
6882156	511145.b1388	22.6	5
6883982	511145.b3391	1.41	5
6884011	511145.b3422	4.26	5
6884439	511145.b3896	53.0	9
6881860	511145.b1069	4.4	2
6882826	511145.b2118	0.401	1
6883702	511145.b3085	6.63	1
6884215	511145.b3636	1732	23
6882969	511145.b2270	2.27	5
6882990	511145.b2291	9.12	1
6881140	511145.b0284	7.05	3
6883941	511145.b3348	35.7	1
6883901	511145.b3308	2408	163
6882470	511145.b1729	110	15
6883177	511145.b2492	40.4	1
6883180	511145.b2495	443	13
6881312	511145.b0470	12.3	4
6883909	511145.b3316	2370	93
6880989	511145.b0112	281	26
6883664	511145.b3045	9.41	6
6884323	511145.b3751	2128	247
6883762	511145.b3153	261	22
6883891	511145.b3298	2823	105
6881982	511145.b1199	277	27
6881260	511145.b0417	117	10
6882684	511145.b1953	418	10
6884302	511145.b3730	124	31
6882436	511145.b1693	69.1	11
6883179	511145.b2494	155	28
6883886	511145.b3293	45.6	6
6881652	511145.b0851	44.9	8
6882592	511145.b1851	6.31	4
6884209	511145.b3630	118	7
6883317	511145.b2644	18.2	2
6881905	511145.b1114	16.8	10
6882358	511145.b1613	491	75
6884921	511145.b4472	1.48	5
6881020	511145.b0143	4.14	1
6884864	511145.b4371	73.8	15
6884690	511145.b4171	0.503	1
6881274	511145.b0431	64.1	10
6882520	511145.b1779	8283	761
6882601	511145.b1860	1.05	1
6884593	511145.b4067	93.9	21
6884747	511145.b4232	223	30
6883852	511145.b3248	0.885	1
6882249	511145.b1492	200	19
6882903	511145.b2201	1.89	2
6883558	511145.b2922	591	46
6881016	511145.b0139	5.16	9
6883482	511145.b2832	2.37	1
6883827	511145.b3221	28.3	3
6881202	511145.b0352	49.0	17
6883300	511145.b2623	5.25	4
6880898	511145.b0015	236	27
6883477	511145.b2827	194	14
6883950	511145.b3357	819	95
6881249	511145.b0406	9.43	1
6881268	511145.b0425	1.03	1
6882742	511145.b2026	21.3	2
6883728	511145.b3115	23.0	8
6884636	511145.b4113	93.7	6
6882540	511145.b1799	10.6	8
6884103	511145.b3521	4.14	10
6883955	511145.b3362	888	11
6881443	511145.b0616	0.789	1
6883004	511145.b2305	5.64	1
6884934	511145.b4485	0.864	1
6884170	511145.b3590	4.99	2
6883592	511145.b2959	805	44
6884145	511145.b3565	6.17	6
6883680	511145.b3062	8.57	4
6883199	511145.b2514	457	83
6882765	511145.b2050	1.06	1
6884067	511145.b3482	0.625	7
6883366	511145.b2711	2.92	2
6882640	511145.b1901	637	86
6881008	511145.b0131	23.0	2
6881858	511145.b1067	480	44
6883376	511145.b2721	0.741	1
6882807	511145.b2096	13595	715
6883467	511145.b2817	0.508	1
6883153	511145.b2468	18.0	8
6884324	511145.b3752	67.1	6
6881957	511145.b1174	1429	64
6883541	511145.b2903	70.3	22
6881595	511145.b0794	1.39	1
6883563	511145.b2927	18.1	5
6882037	511145.b1259	1845	27
6883633	511145.b3011	265	36
6882995	511145.b2296	930	121
6882876	511145.b2171	261	23
6884040	511145.b3455	230	36
6883280	511145.b2600	18.4	6
6881512	511145.b0700	1.37	9
6883569	511145.b2935	1096	213
6883003	511145.b2304	300	31
6884546	511145.b4019	100	55
6881675	511145.b0874	10.6	6
6882077	511145.b1299	31.8	2
6882237	511145.b1480	2378	28
6883196	511145.b2511	545	74
6884789	511145.b4287	5.31	1
6883954	511145.b3361	105	12
6882021	511145.b1243	1727	342
6884724	511145.b4206	57.9	6
6882101	511145.b1324	2005	152
6883101	511145.b2416	1458	315
6881573	511145.b0772	23.0	5
6883876	511145.b3281	72.3	6
6882251	511145.b1494	1.27	1
6880991	511145.b0114	2595	701
6883388	511145.b2733	0.606	3
6882961	511145.b2262	411	39
6884806	511145.b4304	3.23	1
6883890	511145.b3297	902	47
6883261	511145.b2576	92.7	15
6881459	511145.b0634	11.5	1
6884197	511145.b3618	7.19	4
6883996	511145.b3405	639	66
6881052	511145.b0176	3.27	1
6883938	511145.b3345	14.1	2
6883323	511145.b2661	553	110
6883877	511145.b3282	99.5	13
6881813	511145.b1015	1.76	3
6881687	511145.b0887	0.296	1
6884633	511145.b4110	82.3	10
6883367	511145.b2712	2.53	4
6884415	511145.b3872	1.3	1
6881875	511145.b1084	590	175
6883077	511145.b2385	6.81	2
6884505	511145.b3965	20.2	4
6882506	511145.b1765	420	33
6882656	511145.b1921	109	6
6884874	511145.b4381	905	95
6884577	511145.b4051	1375	151
6880886	511145.b0002	467	204
6884155	511145.b3575	3.3	3
6883797	511145.b3190	235	6
6880915	511145.b0033	434	184
6881763	511145.b0963	462	21
6883976	511145.b3385	332	15
6883743	511145.b3132	32.1	17
6881850	511145.b1059	125	13
6883865	511145.b3262	5.58	4
6884205	511145.b3626	13.6	2
6882663	511145.b1928	107	7
6881180	511145.b0329	3248	112
6884361	511145.b3806	0.371	1
6884580	511145.b4054	386	60
6883753	511145.b3144	3.1	2
6884057	511145.b3472	196	22
6883849	511145.b3243	4.32	1
6883643	511145.b3023	4.77	1
6883192	511145.b2507	471	113
6883194	511145.b2509	22.0	9
6882808	511145.b2097	1235	150
6881493	511145.b0679	236	35
6882980	511145.b2281	324	29
6884193	511145.b3614	10.8	4
6882262	511145.b1507	26.3	8
6882637	511145.b1896	222	38
6882786	511145.b2071	75.9	6
6884405	511145.b3861	0.137	1
6884559	511145.b4032	0.727	1
6883581	511145.b2948	44.0	4
6881251	511145.b0408	87.8	28
6883819	511145.b3212	321	168
6880913	511145.b0031	532	58
6880912	511145.b0030	233	20
6882396	511145.b1651	373	29
6881878	511145.b1087	155	22
6884706	511145.b4187	3.76	2
6883862	511145.b3259	45.5	2
6883632	511145.b3010	3.77	1
6882214	511145.b1452	364	54
6881583	511145.b0782	849	73
6884890	511145.b4397	106	6
6884698	511145.b4179	64.8	20
6881126	511145.b0268	13.8	3
6882964	511145.b2265	44.0	22
6883689	511145.b3072	6.65	6
6883630	511145.b3008	500	66
6882838	511145.b2131	692	79
6884766	511145.b4254	297	52
6883116	511145.b2431	223	24
6882466	511145.b1725	177	20
6882524	511145.b1783	849	207
6884960	511145.b4537	205	14
6881487	511145.b0662	56.5	9
6881281	511145.b0438	404	84
6884626	511145.b4101	7.32	2
6883911	511145.b3318	771	26
6882655	511145.b1920	2794	312
6884306	511145.b3734	2288	394
6881562	511145.b0761	57.0	5
6884836	511145.b4335	8.96	2
6883975	511145.b3384	443	50
6882059	511145.b1281	72.0	9
6883898	511145.b3305	2602	175
6883351	511145.b2696	933	34
6880940	511145.b0060	1.1	1
6884008	511145.b3417	314	85
6882717	511145.b2000	935	270
6882723	511145.b2007	6423	117
6883552	511145.b2916	268	21
6884212	511145.b3633	0.687	1
6882181	511145.b1415	5698	1000
6883201	511145.b2516	420	31
6881400	511145.b0572	172	38
6884824	511145.b4323	30.3	9
6884035	511145.b3450	190	22
6881106	511145.b0242	133	25
6884038	511145.b3453	959	181
6881980	511145.b1197	777	165
6882932	511145.b2232	139	13
6881145	511145.b0289	11.0	5
6880980	511145.b0102	44.1	8
6884744	511145.b4227	1125	124
6884140	511145.b3560	395	47
6883427	511145.b2774	1.6	1
6881532	511145.b0723	772	212
6882064	511145.b1286	141	50
6882607	511145.b1866	507	134
6881707	511145.b0907	1582	196
6883756	511145.b3147	49.1	10
6882732	511145.b2016	399	45
6883238	511145.b2553	380	24
6881714	511145.b0914	46.6	8
6882100	511145.b1323	39.3	10
6884388	511145.b3836	387	17
6883575	511145.b2942	1242	174
6881853	511145.b1062	534	45
6881107	511145.b0243	322	82
6882391	511145.b1646	195	13
6882265	511145.b1512	7.08	1
6884763	511145.b4251	8.55	4
6884220	511145.b3641	11.8	2
6884472	511145.b3931	238	56
6881602	511145.b0801	268	38
6883407	511145.b2752	163	19
6883899	511145.b3306	2259	92
6882643	511145.b1905	992	51
6882220	511145.b1461	246	6
6883274	511145.b2593	119	13
6883615	511145.b2989	555	78
6884016	511145.b3428	198	63
6881120	511145.b0260	9.36	1
6883804	511145.b3197	9.71	1
6881494	511145.b0680	603	118
6881410	511145.b0582	4.71	4
6883231	511145.b2546	1.8	1
6881227	511145.b0382	737	30
6881489	511145.b0675	97.8	9
6884360	511145.b3805	5.08	1
6881610	511145.b0809	403	41
6880961	511145.b0082	26.6	3
6881160	511145.b0307	3.02	1
6883837	511145.b3231	2674	129
6884381	511145.b3829	1566	418
6882027	511145.b1249	9.1	7
6882550	511145.b1809	1144	24
6881326	511145.b0484	130	34
6882508	511145.b1767	77.6	8
6884463	511145.b3922	303	10
6883980	511145.b3389	221	35
6883591	511145.b2958	468	38
6884142	511145.b3562	9.4	1
6884248	511145.b3670	279	16
6882301	511145.b1550	1117	30
6884869	511145.b4376	1269	82
6882353	511145.b1608	27.9	10
6882239	511145.b1482	2694	117
6883253	511145.b2568	35.7	4
6881064	511145.b0188	5.63	1
6884883	511145.b4390	12.2	4
6882611	511145.b1870	39.0	5
6881361	511145.b0525	1394	57
6884851	511145.b4355	68.6	30
6882153	511145.b1385	1.99	1
6884536	511145.b4005	212	33
6881919	511145.b1128	253	32
6881323	511145.b0481	101	5
6884409	511145.b3866	686	34
6883375	511145.b2720	2.43	1
6883648	511145.b3028	61.3	5
6882777	511145.b2062	6.51	5
6882962	511145.b2263	1.6	1
6882063	511145.b1285	1.94	1
6881536	511145.b0728	2012	367
6884884	511145.b4391	900	210
6881579	511145.b0778	22.8	1
6884134	511145.b3554	371	33
6881315	511145.b0473	598	159
6882356	511145.b1611	1645	238
6883097	511145.b2412	64.0	7
6883905	511145.b3312	2649	50
6884518	511145.b3987	1172	602
6883740	511145.b3129	16.4	2
6882698	511145.b1971	35.4	11
6882588	511145.b1847	835	51
6882965	511145.b2266	1061	69
6884630	511145.b4107	497	38
6881401	511145.b0573	16.4	1
6881368	511145.b0532	0.574	1
6881039	511145.b0162	1.46	4
6882121	511145.b1344	18.5	4
6882638	511145.b1897	44.2	7
6882024	511145.b1246	14.7	4
6884460	511145.b3919	1678	150
6882877	511145.b2172	0.576	1
6883714	511145.b3097	27.5	1
6884071	511145.b3486	4.24	3
6882922	511145.b2220	0.898	1
6884222	511145.b3643	5.59	1
6883812	511145.b3205	32.4	2
6881632	511145.b0831	11.2	2
6881677	511145.b0876	28.2	12
6881715	511145.b0915	1.22	1
6881986	511145.b1203	322	49
6881044	511145.b0168	300	36
6881834	511145.b1042	472	13
6881908	511145.b1117	144	12
6882455	511145.b1712	4117	127
6882289	511145.b1536	275	17
6883193	511145.b2508	1352	207
6883289	511145.b2609	2040	51
6883956	511145.b3363	605	42
6882591	511145.b1850	1240	89
6883420	511145.b2765	2.49	1
6883455	511145.b2802	0.379	1
6884772	511145.b4260	233	40
6883208	511145.b2523	982	166
6882169	511145.b1402	9.41	6
6883863	511145.b3260	6.12	1
6883348	511145.b2688	28.6	6
6883540	511145.b2902	38.8	5
6884383	511145.b3831	2807	194
6881716	511145.b0916	9.16	3
6883099	511145.b2414	3124	377
6883942	511145.b3349	764	18
6882896	511145.b2194	41.8	13
6884152	511145.b3572	3.4	1
6883370	511145.b2715	0.739	1
6881298	511145.b0456	261	11
6884671	511145.b4149	47.1	3
6883470	511145.b2820	0.668	3
6882568	511145.b1827	534	60
6882755	511145.b2040	84.0	9
6881710	511145.b0910	296	25
6883983	511145.b3392	26.5	2
6884195	511145.b3616	81.9	8
6884404	511145.b3860	665	55
6883588	511145.b2955	21.5	7
6881753	511145.b0953	1704	26
6883361	511145.b2706	5.08	1
6884805	511145.b4303	394	46
6883906	511145.b3313	2089	63
6882658	511145.b1923	3197	498
6881229	511145.b0384	161	6
6882527	511145.b1786	3.52	1
6881417	511145.b0589	3.17	2
6881055	511145.b0179	288	24
6883670	511145.b3052	346	60
6884159	511145.b3579	22.5	6
6882992	511145.b2293	75.6	5
6882017	511145.b1237	10625	361
6883396	511145.b2741	483	61
6883557	511145.b2921	4.04	1
6884909	511145.b4455	6.42	1
6881740	511145.b0940	2.44	11
6883489	511145.b2839	2.67	2
6883290	511145.b2610	397	51
6884948	511145.b4518	1207	16
6883200	511145.b2515	162	29
6882071	511145.b1293	5.21	4
6884382	511145.b3830	994	73
6884447	511145.b3904	4.34	2
6882328	511145.b1583	518	32
6881330	511145.b0488	9.65	1
6883276	511145.b2595	87.0	12
6882364	511145.b1619	214	29
6882914	511145.b2212	49.6	8
6883218	511145.b2533	293	25
6881498	511145.b0684	105	7
6884421	511145.b3878	1.58	1
6883471	511145.b2821	5.9	5
6882622	511145.b1881	461	43
6881121	511145.b0261	20.7	5
6881870	511145.b1079	55.0	4
6884396	511145.b3847	345	80
6882244	511145.b1487	337	72
6884347	511145.b3788	1.62	1
6881830	511145.b1038	54.1	3
6883266	511145.b2581	520	43
6881719	511145.b0919	9.14	2
6881924	511145.b1133	7.13	2
6880936	511145.b0054	30.6	10
6883268	511145.b2583	4.91	5
6881262	511145.b0419	447	62
6881963	511145.b1180	104	14
6883221	511145.b2536	25.1	6
6884438	511145.b3895	0.979	1
6883002	511145.b2303	180	30
6882001	511145.b1218	5.77	1
6884563	511145.b4036	149	29
6882185	511145.b1421	86.6	26
6882839	511145.b2132	64.4	27
6881058	511145.b0182	18.8	4
6881892	511145.b1101	286	45
6883354	511145.b2699	656	94
6884775	511145.b4263	152	30
6882874	511145.b2169	99.5	22
6882743	511145.b2027	407	63
6881060	511145.b0184	3.87	3
6880893	511145.b0009	70.0	7
6884785	511145.b4278	6.69	3
6883292	511145.b2614	1403	85
6882312	511145.b1561	15.0	1
6884739	511145.b4221	1.21	3
6882250	511145.b1493	867	319
6884139	511145.b3559	873	227
6883970	511145.b3379	4.85	10
6881467	511145.b0642	657	217
6884930	511145.b4481	2.38	2
6880954	511145.b0074	1956	367
6881235	511145.b0390	257	20
6884150	511145.b3570	8.67	2
6881922	511145.b1131	396	61
6881722	511145.b0922	9.9	3
6884247	511145.b3669	8.77	1
6881155	511145.b0301	2.6	1
6881483	511145.b0658	144	12
6884634	511145.b4111	3.1	1
6883107	511145.b2422	59.3	11
6881772	511145.b0973	3.64	2
6883018	511145.b2319	177	18
6882806	511145.b2095	5013	624
6881122	511145.b0262	2.84	1
6881990	511145.b1207	611	79
6881419	511145.b0591	5.12	2
6884125	511145.b3544	3284	599
6883486	511145.b2836	1.73	4
6883186	511145.b2501	54.3	16
6884498	511145.b3958	14.8	4
6882481	511145.b1740	565	72
6882297	511145.b1545	19.0	3
6881104	511145.b0240	316	16
6883885	511145.b3292	7.02	5
6884275	511145.b3703	931	3
6882264	511145.b1511	52.5	9
6881697	511145.b0897	1814	114
6883344	511145.b2684	77.0	8
6880976	511145.b0097	8.63	1
6882951	511145.b2252	71.2	6
6881898	511145.b1107	25.5	8
6884592	511145.b4066	14.9	5
6884693	511145.b4174	335	52
6884223	511145.b3644	495	41
6882944	511145.b2245	41.2	4
6881612	511145.b0811	3120	340
6882293	511145.b1540	1.29	1
6883102	511145.b2417	3852	190
6882465	511145.b1724	120	13
6883216	511145.b2531	1357	72
6882401	511145.b1656	571	44
6884740	511145.b4222	66.3	2
6883979	511145.b3388	269	43
6883466	511145.b2813	3.57	1
6883188	511145.b2503	1.53	3
6883531	511145.b2893	217	20
6882221	511145.b1462	350	18
6881529	511145.b0720	1286	231
6884885	511145.b4392	153	44
6882120	511145.b1343	2.05	3
6881264	511145.b0421	142	9
6882258	511145.b1501	1.37	5
6880944	511145.b0064	17.8	4
6883605	511145.b2977	645	23
6884783	511145.b4273	9.41	6
6881981	511145.b1198	10.3	1
6880942	511145.b0062	2.28	1
6883716	511145.b3099	146	10
6881620	511145.b0819	1306	87
6881061	511145.b0185	940	119
6882332	511145.b1587	1.66	1
6884581	511145.b4055	166	16
6882982	511145.b2283	545	199
6880964	511145.b0085	70.9	12
6882349	511145.b1604	1304	160
6884528	511145.b3997	118	12
6883443	511145.b2790	273	22
6884480	511145.b3939	591	55
6884543	511145.b4016	7.04	2
6882359	511145.b1614	612	139
6882315	511145.b1564	431	13
6883929	511145.b3336	1535	114
6883826	511145.b3220	6.71	5
6883595	511145.b2962	1181	51
6883337	511145.b2675	1.55	1
6881267	511145.b0424	129	12
6883933	511145.b3340	2667	661
6882918	511145.b2216	6.32	5
6883198	511145.b2513	695	46
6884393	511145.b3844	26.8	4
6883637	511145.b3017	3.68	1
6882176	511145.b1410	1.63	1
6883024	511145.b2325	27.5	2
6883709	511145.b3092	18.0	5
6883639	511145.b3019	5.49	6
6884696	511145.b4177	2103	338
6882715	511145.b1996	9.41	6
6882116	511145.b1339	4.72	1
6881003	511145.b0126	815	59
6882437	511145.b1694	2.51	7
6882676	511145.b1945	35.2	7
6884431	511145.b3888	126	18
6882347	511145.b1602	429	41
6882670	511145.b1939	40.5	7
6883589	511145.b2956	23.9	4
6881372	511145.b0537	59.4	12
6882144	511145.b1376	1199	83
6883838	511145.b3232	9.76	3
6881531	511145.b0722	158	10
6883479	511145.b2829	13.9	5
6883559	511145.b2923	0.814	1
6881678	511145.b0877	6.33	1
6882260	511145.b1503	23.1	2
6884807	511145.b4305	301	43
6882227	511145.b1468	2.29	8
6882652	511145.b1917	278	17
6881053	511145.b0177	209	74
6882495	511145.b1754	16.0	8
6881193	511145.b0343	39.9	9
6883120	511145.b2435	13.5	2
6882596	511145.b1855	4.38	1
6884189	511145.b3610	958	35
6884510	511145.b3974	6.1	1
6884274	511145.b3702	18.3	5
6884464	511145.b3923	174	10
6882795	511145.b2080	1221	60
6882205	511145.b1443	12.2	6
6883295	511145.b2617	314	11
6884111	511145.b3529	3.88	1
6881259	511145.b0416	153	9
6884108	511145.b3526	170	21
6882919	511145.b2217	990	64
6881147	511145.b0291	1.75	1
6884239	511145.b3661	272	37
6882554	511145.b1813	0.937	1
6881550	511145.b0742	340	18
6881691	511145.b0891	526	59
6882902	511145.b2200	1.18	1
6883178	511145.b2493	15.5	10
6881030	511145.b0153	0.503	1
6881387	511145.b0556	10.3	4
6881522	511145.b0713	8.34	1
6884017	511145.b3429	418	55
6884891	511145.b4398	5.23	1
6881506	511145.b0694	1.74	1
6884272	511145.b3700	17.0	5
6882523	511145.b1782	45.9	4
6883634	511145.b3012	669	54
6883669	511145.b3051	13.6	6
6884517	511145.b3986	14321	547
6884318	511145.b3746	0.532	1
6883755	511145.b3146	168	19
6881656	511145.b0855	24.8	5
6882691	511145.b1961	2.32	1
6882542	511145.b1801	21.3	9
6882069	511145.b1291	0.507	1
6881128	511145.b0270	4.72	9
6884113	511145.b3531	1.09	1
6881031	511145.b0154	381	56
6884384	511145.b3832	5.94	10
6884661	511145.b4139	654	107
6883249	511145.b2564	89.7	13
6881113	511145.b0250	10.8	1
6884066	511145.b3481	42.2	2
6882696	511145.b1969	2.07	1
6883656	511145.b3037	185	10
6883252	511145.b2567	118	14
6881862	511145.b1071	525	24
6884386	511145.b3834	22.4	1
6884877	511145.b4384	420	54
6881311	511145.b0469	337	27
6881192	511145.b0342	51.9	2
6882803	511145.b2092	438	57
6883698	511145.b3081	64.4	23
6884531	511145.b4000	3453	115
6882710	511145.b1990	82.4	15
6881883	511145.b1092	1663	124
6882891	511145.b2186	53.3	9
6883302	511145.b2625	4.11	1
6881284	511145.b0441	462	112
6882272	511145.b1519	53.8	6
6882911	511145.b2209	13.4	1
6882799	511145.b2086	93.0	8
6884249	511145.b3671	871	142
6883771	511145.b3162	28.4	12
6884572	511145.b4046	189	19
6881873	511145.b1082	110	27
6884894	511145.b4401	1513	122
6881962	511145.b1179	70.0	3
6883202	511145.b2517	16.1	3
6884567	511145.b4041	145	63
6884595	511145.b4069	3277	606
6881334	511145.b0492	457	47
6883132	511145.b2447	33.9	4
6882473	511145.b1732	1117	293
6881439	511145.b0612	3.38	2
6884618	511145.b4093	11.2	1
6881639	511145.b0838	797	72
6881456	511145.b0631	2060	71
6884246	511145.b3668	3.65	9
6884475	511145.b3934	7.23	1
6882612	511145.b1871	21.8	8
6881843	511145.b1051	2840	55
6884122	511145.b3541	131	17
6881250	511145.b0407	443	20
6881397	511145.b0569	4.29	1
6882825	511145.b2114	379	112
6884106	511145.b3524	15.1	5
6883339	511145.b2677	13.6	3
6882284	511145.b1531	34.2	3
6884271	511145.b3699	330	101
6881252	511145.b0409	16.5	2
6881983	511145.b1200	609	96
6883305	511145.b2628	0.831	1
6884277	511145.b3705	44.6	9
6882386	511145.b1641	741	41
6884168	511145.b3588	2034	290
6881674	511145.b0873	5.82	4
6884467	511145.b3926	534	135
6881917	511145.b1126	89.9	16
6882521	511145.b1780	48.1	6
6882569	511145.b1828	7.11	2
6884328	511145.b3764	2015	57
6884659	511145.b4137	11.7	4
6883374	511145.b2719	4.69	1
6880892	511145.b0008	1860	281
6883940	511145.b3347	574	58
6881684	511145.b0884	448	15
6883889	511145.b3296	4229	261
6883809	511145.b3202	18.9	3
6881171	511145.b0319	1.43	1
6881692	511145.b0892	4.28	5
6884947	511145.b4517	287	10
6884749	511145.b4234	1312	63
6883660	511145.b3041	44.6	4
6880930	511145.b0048	79.6	3
6884226	511145.b3647	2.5	1
6883598	511145.b2965	4.11	1
6881279	511145.b0436	1881	366
6883874	511145.b3279	165	14
6884088	511145.b3506	300	18
6881781	511145.b0982	82.3	13
6883842	511145.b3236	9167	859
6882890	511145.b2185	8097	234
6882035	511145.b1257	584	63
6882597	511145.b1856	13.3	11
6882188	511145.b1424	25.8	5
6882168	511145.b1400	203	6
6882984	511145.b2285	105	8
6882551	511145.b1810	11.2	1
6884048	511145.b3463	138	10
6883215	511145.b2530	941	169
6882000	511145.b1217	202	4
6883212	511145.b2527	86.9	7
6880971	511145.b0092	28.3	5
6882056	511145.b1278	10.0	2
6883682	511145.b3064	5.35	1
6881256	511145.b0413	157	6
6884182	511145.b3603	4.19	4
6881960	511145.b1177	156	6
6882132	511145.b1356	25.9	1
6882782	511145.b2067	4.01	3
6884374	511145.b3822	19.0	6
6882605	511145.b1864	549	50
6880927	511145.b0045	6.24	1
6884881	511145.b4388	36.1	5
6884875	511145.b4382	275	44
6882865	511145.b2160	12.5	3
6883287	511145.b2607	13.6	3
6880982	511145.b0104	184	35
6883465	511145.b2812	5.08	2
6882741	511145.b2025	119	16
6881089	511145.b0221	189	49
6884178	511145.b3599	239	62
6883347	511145.b2687	896	80
6883912	511145.b3319	3343	203
6881800	511145.b1001	1.19	1
6883034	511145.b2335	7.63	1
6884482	511145.b3941	420	60
6882881	511145.b2176	9.07	4
6882053	511145.b1275	35.6	6
6881622	511145.b0821	4.19	1
6881226	511145.b0381	5.86	1
6881362	511145.b0526	253	43
6880890	511145.b0006	22.0	7
6882073	511145.b1295	17.7	1
6881253	511145.b0410	1155	32
6881163	511145.b0311	2.12	7
6880963	511145.b0084	0.248	1
6882657	511145.b1922	66.3	9
6883961	511145.b3368	4.17	1
6882166	511145.b1398	5.38	5
6881855	511145.b1064	464	50
6883242	511145.b2557	346	199
6883355	511145.b2700	69.8	7
6884758	511145.b4244	2837	139
6882444	511145.b1701	4.55	3
6882484	511145.b1743	557	39
6883449	511145.b2796	0.351	1
6884187	511145.b3608	165	27
6881048	511145.b0172	2888	129
6883515	511145.b2875	11.9	7
6882387	511145.b1642	887	45
6882535	511145.b1794	4.57	1
6881835	511145.b1043	121	6
6884033	511145.b3448	570	32
6884120	511145.b3539	1.76	3
6882178	511145.b1412	477	34
6883281	511145.b2601	18.1	3
6882088	511145.b1310	0.565	1
6883793	511145.b3186	1414	71
6881621	511145.b0820	63.6	11
6881827	511145.b1035	438	27
6884394	511145.b3845	440	76
6884496	511145.b3956	841	301
6883205	511145.b2520	6.75	13
6880887	511145.b0003	94.9	8
6884341	511145.b3781	1818	91
6882429	511145.b1686	29.2	2
6883187	511145.b2502	5.51	2
6882705	511145.b1982	32.1	7
6882816	511145.b2105	19.0	1
6882985	511145.b2286	484	135
6882407	511145.b1662	306	19
6881690	511145.b0890	1.69	5
6883900	511145.b3307	4969	44
6884888	511145.b4395	102	11
6882290	511145.b1537	296	20
6881683	511145.b0882	136	47
6883738	511145.b3127	0.591	1
6882854	511145.b2149	291	77
6883065	511145.b2373	2.37	3
6884508	511145.b3972	5.29	1
6882580	511145.b1839	33.2	3
6883536	511145.b2898	608	72
6881319	511145.b0477	7.82	14
6882823	511145.b2112	18.4	6
6882872	511145.b2167	47.7	10
6882739	511145.b2023	181	14
6882667	511145.b1932	49.2	8
6883798	511145.b3191	510	19
6881210	511145.b0361	9.41	6
6882931	511145.b2231	449	149
6882590	511145.b1849	128	22
6883835	511145.b3229	1564	104
6882669	511145.b1938	2.83	1
6882694	511145.b1967	792	56
6884750	511145.b4235	539	111
6884737	511145.b4219	679	52
6883882	511145.b3289	18.9	3
6881783	511145.b0984	4.76	2
6883655	511145.b3035	131	26
6884524	511145.b3993	399	45
6882744	511145.b2028	18.6	5
6884131	511145.b3551	0.355	1
6884172	511145.b3592	188	24
6882085	511145.b1307	305	9
6884924	511145.b4475	1.59	2
6880966	511145.b0087	2.03	1
6882629	511145.b1888	348	65
6884514	511145.b3983	2195	88
6881468	511145.b0643	1077	74
6883447	511145.b2794	30.9	4
6880935	511145.b0053	1149	169
6882039	511145.b1261	732	83
6881300	511145.b0458	35.9	3
6884146	511145.b3566	582	67
6882624	511145.b1883	1.14	1
6884099	511145.b3517	919	331
6881305	511145.b0463	382	51
6882824	511145.b2113	65.3	10
6882757	511145.b2042	626	77
6883880	511145.b3287	250	22
6884021	511145.b3433	2480	230
6882558	511145.b1817	1825	237
6882889	511145.b2184	3.39	1
6881471	511145.b0646	3.88	2
6882208	511145.b1446	420	13
6884308	511145.b3736	838	61
6884234	511145.b3655	2.69	1
6881302	511145.b0460	71.3	1
6881561	511145.b0760	16.1	10
6883009	511145.b2310	3401	410
6883657	511145.b3038	14.4	8
6883298	511145.b2620	11.3	1
6883818	511145.b3211	2.21	1
6882620	511145.b1879	0.209	1
6883472	511145.b2822	0.631	4
6882193	511145.b1430	81.6	8
6881745	511145.b0945	112	14
6883327	511145.b2665	5959	333
6884453	511145.b3910	139	12
6883567	511145.b2933	3.39	1
6883840	511145.b3234	969	100
6883646	511145.b3026	20.6	15
6884190	511145.b3611	217	17
6881206	511145.b0356	158	24
6883907	511145.b3314	2339	149
6883484	511145.b2834	293	32
6884065	511145.b3480	8.65	2
6884513	511145.b3982	1518	106
6882633	511145.b1892	7.91	1
6881970	511145.b1187	253	24
6882677	511145.b1946	181	8
6884811	511145.b4310	0.525	1
6884753	511145.b4239	2.84	6
6884733	511145.b4215	30.8	5
6881649	511145.b0848	25.5	1
6883998	511145.b3407	53.9	16
6882020	511145.b1242	10.0	2
6881102	511145.b0238	70.0	6
6882602	511145.b1861	87.0	1
6884344	511145.b3785	1.16	1
6882449	511145.b1706	3.18	1
6883513	511145.b2873	3.87	4
6883649	511145.b3029	810	16
6882428	511145.b1685	663	22
6883587	511145.b2954	210	18
6881277	511145.b0434	797	45
6882209	511145.b1447	9.83	7
6881997	511145.b1214	6.2	2
6881958	511145.b1175	1229	105
6882847	511145.b2142	22.9	1
6883715	511145.b3098	1973	83
6880974	511145.b0095	833	173
6882083	511145.b1305	23.0	1
6881006	511145.b0129	8.64	1
6884389	511145.b3838	60.5	6
6882675	511145.b1944	4.48	2
6881360	511145.b0524	3.73	1
6881286	511145.b0443	360	12
6884455	511145.b3912	1070	61
6883480	511145.b2830	14.3	2
6883754	511145.b3145	2.5	7
6884694	511145.b4175	93.2	15
6881589	511145.b0788	3.6	1
6882241	511145.b1484	5.13	10
6884666	511145.b4144	286	12
6883417	511145.b2762	309	36
6882930	511145.b2230	4.67	7
6882425	511145.b1682	30.3	5
6884692	511145.b4173	85.1	14
6884363	511145.b3809	58.4	5
6881911	511145.b1120	46.3	5
6882954	511145.b2255	57.0	14
6880933	511145.b0051	115	17
6882556	511145.b1815	3.16	2
6881555	511145.b0754	418	67
6882453	511145.b1710	752	72
6884321	511145.b3749	17.1	7
6883537	511145.b2899	7.39	1
6882775	511145.b2060	1.27	2
6884126	511145.b3546	5.11	6
6884337	511145.b3775	286	16
6883951	511145.b3358	1.19	3
6880951	511145.b0071	1226	110
6882706	511145.b1983	89.8	9
6882646	511145.b1908	436	39
6884474	511145.b3933	7.81	1
6883131	511145.b2446	0.477	1
6882841	511145.b2134	7.41	1
6884494	511145.b3954	5.06	1
6880908	511145.b0026	583	243
6884522	511145.b3991	27.3	4
6884519	511145.b3988	1535	737
6884303	511145.b3731	1084	56
6882046	511145.b1268	3.1	2
6882336	511145.b1591	19.0	3
6881345	511145.b0507	3.83	5
6883363	511145.b2708	24.8	12
6880977	511145.b0098	386	130
6882103	511145.b1326	63.7	5
6884448	511145.b3905	1.78	1
6881839	511145.b1047	17.6	9
6882161	511145.b1393	6.08	1
6881571	511145.b0770	16.7	2
6881254	511145.b0411	60.8	10
6883673	511145.b3055	117	11
6883868	511145.b3265	9.21	14
6883331	511145.b2669	1100	51
