#id: 13
#name: D.deserti - Whole organism, SC (Baudet,MCP,2012)
#score: 6.13
#weight: 100%
#description: abundance based on Spectral counting, from<a href="http://www.ncbi.nlm.nih.gov/pmc/articles/PMC2830850/" target="_blank">Baudet, MCP, 2012</a><br/><b>Interaction consistency score</b>: 6.13&nbsp<b>Coverage</b>: 51
#organ: WHOLE_ORGANISM
#integrated: false
#coverage: 51
#publication_year: 2012
#filename: 546414-DeinococcusDeserti_PRIDE.txt
#
#internal_id	string_external_id	abundance	raw_spectral_count
7230102	546414.Deide_02210	371	12
7231892	546414.Deide_18290	18.9	2
7230656	546414.Deide_07240	3149	145
7230560	546414.Deide_06410	255	68
7231247	546414.Deide_12530	1265	66
7232052	546414.Deide_19741	15.7	1
7231658	546414.Deide_16150	8.77	2
7232394	546414.Deide_22850	361	27
7230598	546414.Deide_06690	1720	66
7231200	546414.Deide_12121	357	16
7232096	546414.Deide_20160	456	107
7229997	546414.Deide_01230	780	119
7230966	546414.Deide_10110	669	27
7231362	546414.Deide_13480	22.6	2
7231170	546414.Deide_11860	399	36
7232156	546414.Deide_20612	110	12
7229947	546414.Deide_00740	48.3	4
7231296	546414.Deide_13000	911	183
7230603	546414.Deide_06740	91.4	8
7231294	546414.Deide_12980	262	29
7232387	546414.Deide_22781	42.4	6
7230914	546414.Deide_09620	69.8	8
7231089	546414.Deide_11150	68.5	7
7230506	546414.Deide_05920	4795	132
7230225	546414.Deide_03300	3455	248
7231977	546414.Deide_19100	64.2	8
7231857	546414.Deide_17950	111	22
7230690	546414.Deide_07550	1231	71
7230896	546414.Deide_09440	37.4	6
7231645	546414.Deide_16041	33.0	2
7230235	546414.Deide_03400	25.3	4
7230943	546414.Deide_09880	2269	130
7230534	546414.Deide_06160	60.4	2
7231127	546414.Deide_11470	540	60
7231903	546414.Deide_18400	790	28
7231120	546414.Deide_11400	165	6
7230376	546414.Deide_04690	212	18
7230689	546414.Deide_07540	2277	252
7231900	546414.Deide_18370	66.5	7
7232072	546414.Deide_19940	128	4
7230152	546414.Deide_02700	281	33
7232157	546414.Deide_20615	233	25
7230788	546414.Deide_08450	2.86	1
7232195	546414.Deide_20930	2265	360
7231796	546414.Deide_17490	9.3	1
7230187	546414.Deide_02960	81.4	4
7231647	546414.Deide_16060	1303	92
7232196	546414.Deide_20940	120	19
7231991	546414.Deide_19210	4289	494
7231258	546414.Deide_12640	132	41
7232117	546414.Deide_20311	185	29
7231330	546414.Deide_13180	3360	380
7230537	546414.Deide_06190	453	119
7231485	546414.Deide_14570	191	11
7231506	546414.Deide_14760	55.9	19
7230029	546414.Deide_01470	5059	442
7230533	546414.Deide_06150	4959	732
7231025	546414.Deide_10580	585	68
7230290	546414.Deide_03910	676	54
7229956	546414.Deide_00830	178	22
7231292	546414.Deide_12960	26.6	1
7230523	546414.Deide_06070	3374	247
7231916	546414.Deide_18520	69.4	7
7231489	546414.Deide_14600	1460	341
7230847	546414.Deide_08970	9.51	1
7231156	546414.Deide_11740	1493	246
7232250	546414.Deide_21470	90.2	8
7230729	546414.Deide_07910	117	10
7231543	546414.Deide_15110	93.5	48
7230871	546414.Deide_09200	1684	241
7232399	546414.Deide_22890	214	19
7231519	546414.Deide_14880	226	39
7229995	546414.Deide_01210	418	26
7232444	546414.Deide_23320	424	14
7230625	546414.Deide_06930	325	20
7231691	546414.Deide_16440	178	32
7231864	546414.Deide_18010	374	34
7230448	546414.Deide_05360	237	20
7232076	546414.Deide_19965	156	6
7231682	546414.Deide_16370	2135	377
7231293	546414.Deide_12970	113	8
7231027	546414.Deide_10600	2730	295
7231648	546414.Deide_16070	453	75
7232026	546414.Deide_19490	305	8
7231126	546414.Deide_11460	576	134
7231806	546414.Deide_17570	220	11
7230958	546414.Deide_10030	81.9	7
7230400	546414.Deide_04920	973	45
7231103	546414.Deide_11240	588	39
7232154	546414.Deide_20600	2931	496
7231351	546414.Deide_13370	160	17
7230639	546414.Deide_07080	241	22
7231459	546414.Deide_14340	55.2	7
7232462	546414.Deide_23490	441	34
7230926	546414.Deide_09720	618	61
7231638	546414.Deide_15980	791	50
7231385	546414.Deide_13700	601	107
7231349	546414.Deide_13360	679	73
7229880	546414.Deide_00120	901	90
7231210	546414.Deide_12220	1831	311
7231032	546414.Deide_10650	1874	37
7230182	546414.Deide_02910	20.2	2
7231749	546414.Deide_17020	1265	153
7230237	546414.Deide_03420	614	59
7230848	546414.Deide_08980	5.72	3
7231023	546414.Deide_10571	211	8
7229948	546414.Deide_00750	77.4	4
7232105	546414.Deide_20240	5160	620
7231166	546414.Deide_11820	58.1	2
7231940	546414.Deide_18760	1149	65
7232456	546414.Deide_23430	1.94	1
7231584	546414.Deide_15450	1168	40
7232382	546414.Deide_22740	819	119
7232168	546414.Deide_20700	1605	131
7230797	546414.Deide_08510	709	49
7231496	546414.Deide_14670	48.3	2
7230377	546414.Deide_04700	63.8	7
7230459	546414.Deide_05470	856	102
7231356	546414.Deide_13420	44.3	4
7231341	546414.Deide_13280	55.1	3
7231914	546414.Deide_18500	468	55
7230713	546414.Deide_07760	4949	224
7232406	546414.Deide_22950	831	64
7230890	546414.Deide_09380	770	223
7230733	546414.Deide_07950	18.8	3
7231243	546414.Deide_12490	2084	31
7229994	546414.Deide_01200	1555	60
7231792	546414.Deide_17450	545	86
7230153	546414.Deide_02710	42.1	3
7232353	546414.Deide_22470	85.4	6
7232008	546414.Deide_19360	647	40
7230577	546414.Deide_06521	45.8	20
7229970	546414.Deide_00970	1727	219
7232056	546414.Deide_19780	26.1	2
7230795	546414.Deide_08490	3.05	1
7230908	546414.Deide_09560	6.63	1
7230661	546414.Deide_07290	82.5	3
7232233	546414.Deide_21320	44.1	17
7231481	546414.Deide_14530	181	18
7231267	546414.Deide_12720	120	9
7229954	546414.Deide_00810	873	95
7230629	546414.Deide_06980	45.2	4
7229967	546414.Deide_00940	802	199
7230524	546414.Deide_06080	3658	238
7232045	546414.Deide_19680	332	33
7230362	546414.Deide_04590	22.1	2
7231572	546414.Deide_15340	1670	181
7230545	546414.Deide_06270	4.51	1
7230518	546414.Deide_06030	3180	1422
7231785	546414.Deide_17380	130	6
7232212	546414.Deide_21110	5.33	1
7232030	546414.Deide_19530	103	2
7230860	546414.Deide_09080	1424	105
7230032	546414.Deide_01500	21.6	2
7231501	546414.Deide_14720	187	6
7231387	546414.Deide_13720	174	12
7230298	546414.Deide_03990	114	8
7231044	546414.Deide_10750	894	171
7231180	546414.Deide_11961	854	75
7231060	546414.Deide_10890	382	32
7231964	546414.Deide_19000	3953	145
7230692	546414.Deide_07560	859	25
7232305	546414.Deide_21980	240	21
7230485	546414.Deide_05730	1952	179
7230309	546414.Deide_04091	7.66	1
7231827	546414.Deide_17770	5.1	1
7231277	546414.Deide_12810	539	50
7229912	546414.Deide_00410	47.6	4
7230776	546414.Deide_08340	12.1	1
7231546	546414.Deide_15140	528	83
7230385	546414.Deide_04770	118	21
7232016	546414.Deide_19440	717	71
7231451	546414.Deide_14270	116	16
7231556	546414.Deide_15210	129	9
7231395	546414.Deide_13790	280	31
7231979	546414.Deide_19120	65.2	7
7231123	546414.Deide_11430	143	27
7230633	546414.Deide_07020	157	23
7230720	546414.Deide_07820	146	20
7232421	546414.Deide_23080	64.6	4
7231709	546414.Deide_16610	254	14
7231808	546414.Deide_17590	589	68
7230940	546414.Deide_09850	84.1	9
7232375	546414.Deide_22670	54.0	5
7230270	546414.Deide_03750	92.5	8
7230703	546414.Deide_07670	824	134
7229962	546414.Deide_00890	1523	289
7231959	546414.Deide_18950	2880	185
7231016	546414.Deide_10500	642	86
7231805	546414.Deide_17560	818	135
7232067	546414.Deide_19890	11.2	1
7231246	546414.Deide_12520	1165	297
7232000	546414.Deide_19270	933	323
7231172	546414.Deide_11880	329	28
7231688	546414.Deide_16410	307	66
7230780	546414.Deide_08380	67.8	4
7231438	546414.Deide_14160	155	8
7231882	546414.Deide_18190	120	14
7231590	546414.Deide_15510	517	50
7231898	546414.Deide_18350	56.8	5
7230541	546414.Deide_06230	75.5	7
7230451	546414.Deide_05390	797	15
7232033	546414.Deide_19560	896	221
7231499	546414.Deide_14700	284	30
7230887	546414.Deide_09360	467	43
7231895	546414.Deide_18320	529	80
7230111	546414.Deide_02290	10.3	1
7231524	546414.Deide_14930	899	231
7232326	546414.Deide_22200	510	87
7230685	546414.Deide_07532	16.2	2
7231680	546414.Deide_16350	24.2	1
7230833	546414.Deide_08830	12.9	2
7230634	546414.Deide_07030	71.7	14
7231707	546414.Deide_16590	433	45
7231762	546414.Deide_17160	1585	86
7231927	546414.Deide_18630	5021	519
7232340	546414.Deide_22340	328	28
7231297	546414.Deide_13010	437	94
7232065	546414.Deide_19870	30.7	3
7231649	546414.Deide_16080	121	20
7231191	546414.Deide_12060	13.6	3
7230004	546414.Deide_01270	360	54
7230515	546414.Deide_06000	238	37
7230850	546414.Deide_09000	103	8
7230236	546414.Deide_03410	1238	66
7229938	546414.Deide_00680	5.82	1
7230120	546414.Deide_02380	123	7
7232165	546414.Deide_20670	442	32
7232304	546414.Deide_21970	1414	313
7230536	546414.Deide_06180	3003	197
7230264	546414.Deide_03690	146	16
7230981	546414.Deide_10240	136	14
7231012	546414.Deide_10460	702	86
7230828	546414.Deide_08790	200	15
7230094	546414.Deide_02130	384	34
7231551	546414.Deide_15190	1146	63
7232319	546414.Deide_22131	520	2
7232308	546414.Deide_22010	1205	68
7232445	546414.Deide_23321	472	39
7230197	546414.Deide_03050	73.2	4
7232333	546414.Deide_22270	526	87
7232058	546414.Deide_19800	219	15
7232022	546414.Deide_19460	366	45
7230714	546414.Deide_07770	852	113
7230840	546414.Deide_08900	640	26
7232453	546414.Deide_23400	943	43
7230501	546414.Deide_05870	1136	108
7231592	546414.Deide_15520	246	19
7231289	546414.Deide_12930	716	91
7230107	546414.Deide_02260	438	27
7229950	546414.Deide_00770	220	15
7231980	546414.Deide_19130	78.6	13
7231969	546414.Deide_19040	488	61
7230200	546414.Deide_03070	51.3	2
7231061	546414.Deide_10900	969	59
7229951	546414.Deide_00780	1083	60
7231632	546414.Deide_15920	2140	130
7230199	546414.Deide_03060	831	51
7232397	546414.Deide_22870	205	17
7230217	546414.Deide_03230	9.07	1
7232039	546414.Deide_19620	24.2	2
7230588	546414.Deide_06601	197	15
7231424	546414.Deide_14040	433	104
7230725	546414.Deide_07870	53.7	5
7231220	546414.Deide_12300	5808	813
7230971	546414.Deide_10160	973	134
7230507	546414.Deide_05930	1130	93
7231421	546414.Deide_14021	57.9	6
7230817	546414.Deide_08680	15.1	1
7231693	546414.Deide_16460	96.1	24
7232147	546414.Deide_20550	1085	10
7232197	546414.Deide_20950	124	71
7230422	546414.Deide_05120	7.92	1
7230593	546414.Deide_06650	23.5	3
7232118	546414.Deide_20312	267	29
7230480	546414.Deide_05680	109	10
7231715	546414.Deide_16680	288	10
7229966	546414.Deide_00930	672	17
7230452	546414.Deide_05400	234	25
7230789	546414.Deide_08460	18.1	3
7231193	546414.Deide_12080	49.6	6
7230183	546414.Deide_02920	661	59
7230753	546414.Deide_08120	365	42
7230770	546414.Deide_08280	11.1	1
7231273	546414.Deide_12771	463	23
7231930	546414.Deide_18660	2060	83
7230939	546414.Deide_09840	984	126
7231337	546414.Deide_13250	25.8	2
7230220	546414.Deide_03260	482	23
7231604	546414.Deide_15630	1422	297
7231015	546414.Deide_10490	239	28
7230782	546414.Deide_08400	33.1	2
7230439	546414.Deide_05290	2007	244
7231487	546414.Deide_14580	6.53	1
7230851	546414.Deide_09010	63.0	8
7230394	546414.Deide_04860	34.6	7
7230410	546414.Deide_05001	6.49	1
7230418	546414.Deide_05080	9.33	1
7232095	546414.Deide_20150	109	9
7230093	546414.Deide_02120	119	7
7230068	546414.Deide_01860	165	11
7230822	546414.Deide_08730	10.1	1
7232451	546414.Deide_23380	69.0	7
7231594	546414.Deide_15531	119	4
7231742	546414.Deide_16950	154	25
7229996	546414.Deide_01220	357	22
7232343	546414.Deide_22370	196	30
7232275	546414.Deide_21720	72.7	10
7232227	546414.Deide_21260	4.89	1
7230202	546414.Deide_03090	70.7	7
7231550	546414.Deide_15180	32.6	7
7231204	546414.Deide_12160	69.6	6
7231255	546414.Deide_12610	101	17
7232265	546414.Deide_21620	17.1	2
7230928	546414.Deide_09740	504	31
7231333	546414.Deide_13210	1238	58
7232264	546414.Deide_21610	28.9	12
7231477	546414.Deide_14500	122	30
7231366	546414.Deide_13511	18.6	2
7232060	546414.Deide_19820	345	38
7231667	546414.Deide_16230	870	236
7231141	546414.Deide_11600	184	20
7231033	546414.Deide_10660	71.6	2
7230401	546414.Deide_04930	1141	77
7232172	546414.Deide_20750	35.8	7
7230609	546414.Deide_06790	1943	311
7231788	546414.Deide_17410	168	10
7230053	546414.Deide_01710	554	53
7230350	546414.Deide_04470	7.84	1
7231224	546414.Deide_12330	403	107
7230381	546414.Deide_04730	122	17
7230773	546414.Deide_08310	23.8	2
7230329	546414.Deide_04280	15.1	1
7230920	546414.Deide_09671	333	24
7230066	546414.Deide_01840	93.2	15
7232075	546414.Deide_19960	38.4	5
7231302	546414.Deide_13041	37.9	4
7231865	546414.Deide_18020	1005	110
7232173	546414.Deide_20760	16.7	2
7230758	546414.Deide_08161	12.6	2
7231700	546414.Deide_16520	358	42
7230761	546414.Deide_08190	48.6	4
7231186	546414.Deide_12010	19.5	2
7231755	546414.Deide_17080	693	142
7231242	546414.Deide_12480	603	74
7230303	546414.Deide_04040	489	106
7230628	546414.Deide_06970	765	91
7229978	546414.Deide_01050	496	46
7232366	546414.Deide_22590	17865	3025
7231967	546414.Deide_19020	53.7	4
7232153	546414.Deide_20591	61.0	5
7229897	546414.Deide_00260	103	9
7231266	546414.Deide_12710	216	33
7231787	546414.Deide_17400	91.6	7
7231874	546414.Deide_18110	408	59
7232436	546414.Deide_23250	85.4	14
7232260	546414.Deide_21570	98.1	14
7231409	546414.Deide_13910	55.8	6
7230071	546414.Deide_01890	174	16
7231703	546414.Deide_16551	851	65
7230769	546414.Deide_08270	36.6	4
7230126	546414.Deide_02430	253	16
7231889	546414.Deide_18260	680	84
7232410	546414.Deide_22980	8.77	1
7230635	546414.Deide_07040	26.5	3
7231962	546414.Deide_18980	129	5
7232057	546414.Deide_19790	1529	250
7230989	546414.Deide_10320	212	22
7232239	546414.Deide_21370	7.23	1
7232082	546414.Deide_20020	220	15
7230825	546414.Deide_08760	1296	108
7231251	546414.Deide_12570	1900	591
7229993	546414.Deide_01190	53.5	2
7230891	546414.Deide_09390	64.4	8
7230179	546414.Deide_02880	1700	119
7230695	546414.Deide_07590	33.2	3
7231589	546414.Deide_15500	12.4	2
7232261	546414.Deide_21580	48.0	6
7230143	546414.Deide_02610	12.7	1
7230307	546414.Deide_04080	659	116
7232132	546414.Deide_20400	64.3	8
7230251	546414.Deide_03560	25.9	3
7230425	546414.Deide_05150	137	33
7231388	546414.Deide_13730	7.27	2
7230250	546414.Deide_03550	181	22
7231122	546414.Deide_11420	5436	696
7232422	546414.Deide_23090	253	29
7231453	546414.Deide_14290	5.15	1
7232032	546414.Deide_19550	4212	434
7232123	546414.Deide_20317	1011	135
7232450	546414.Deide_23370	319	44
7231675	546414.Deide_16300	28.1	2
7231652	546414.Deide_16093	68.7	3
7230154	546414.Deide_02720	4740	97
7232025	546414.Deide_19481	225	22
7231942	546414.Deide_18780	4939	291
7230813	546414.Deide_08650	144	13
7229984	546414.Deide_01110	98.5	4
7230504	546414.Deide_05900	278	45
7231185	546414.Deide_12000	526	24
7232137	546414.Deide_20450	998	178
7231657	546414.Deide_16140	2787	92
7231100	546414.Deide_11213	417	13
7231252	546414.Deide_12580	71.2	14
7229972	546414.Deide_00990	6051	1224
7231035	546414.Deide_10680	18.6	2
7230852	546414.Deide_09020	203	15
7230110	546414.Deide_02280	87.5	10
7231702	546414.Deide_16540	364	49
7230570	546414.Deide_06490	11.5	12
7231265	546414.Deide_12700	551	49
7231797	546414.Deide_17500	681	156
7230522	546414.Deide_06060	2307	118
7230218	546414.Deide_03240	435	155
7230486	546414.Deide_05740	961	39
7230113	546414.Deide_02310	2.6	1
7231952	546414.Deide_18880	3428	103
7231839	546414.Deide_17825	65.5	9
7231603	546414.Deide_15620	1426	81
7229890	546414.Deide_00190	602	74
7229964	546414.Deide_00910	18.4	2
7231233	546414.Deide_12410	444	79
7231059	546414.Deide_10880	261	18
7230954	546414.Deide_09990	1329	152
7231420	546414.Deide_14020	88.8	17
7230759	546414.Deide_08170	169	17
7231152	546414.Deide_11710	4150	424
7231049	546414.Deide_10791	3839	413
7229986	546414.Deide_01130	59.0	12
7231953	546414.Deide_18890	8851	336
7230033	546414.Deide_01510	2922	261
7231593	546414.Deide_15530	21.0	2
7231996	546414.Deide_19250	747	139
7230090	546414.Deide_02090	247	24
7230579	546414.Deide_06550	3769	73
7231465	546414.Deide_14380	942	126
7230006	546414.Deide_01281	433	5
7231198	546414.Deide_12110	125	15
7230870	546414.Deide_09190	251	11
7230941	546414.Deide_09860	2082	104
7229902	546414.Deide_00310	824	64
7230723	546414.Deide_07850	13.9	1
7230529	546414.Deide_06120	6718	2252
7232337	546414.Deide_22310	245	53
7230558	546414.Deide_06390	24.9	1
7232051	546414.Deide_19740	1065	55
7231000	546414.Deide_10370	747	145
7230810	546414.Deide_08620	329	59
7230103	546414.Deide_02220	15.0	2
7230808	546414.Deide_08600	11.4	1
7231605	546414.Deide_15640	386	62
7231744	546414.Deide_16970	535	49
7231300	546414.Deide_13030	52.9	5
7231968	546414.Deide_19030	499	45
7231826	546414.Deide_17760	706	62
7231414	546414.Deide_13960	119	10
7230151	546414.Deide_02690	566	94
7230835	546414.Deide_08850	4.64	2
7230137	546414.Deide_02550	2866	558
7230538	546414.Deide_06200	78.3	12
7231248	546414.Deide_12540	871	141
7231361	546414.Deide_13470	67.5	6
7230996	546414.Deide_10340	94.0	7
7231142	546414.Deide_11610	1738	147
7231503	546414.Deide_14740	972	69
7232035	546414.Deide_19580	25.4	5
7229946	546414.Deide_00730	33.2	2
7231674	546414.Deide_16290	21.0	3
7230994	546414.Deide_10332	19.7	2
7231929	546414.Deide_18650	1651	88
7230274	546414.Deide_03790	190	24
7230291	546414.Deide_03920	26.0	4
7231922	546414.Deide_18580	322	35
7232420	546414.Deide_23070	105	10
7232398	546414.Deide_22880	316	73
7232146	546414.Deide_20540	1984	284
7231086	546414.Deide_11120	14.6	17
7232327	546414.Deide_22210	586	69
7230406	546414.Deide_04970	290	10
7231269	546414.Deide_12740	354	36
7230913	546414.Deide_09610	419	57
7231545	546414.Deide_15130	63.4	22
7231514	546414.Deide_14840	507	29
7230641	546414.Deide_07100	216	32
7232316	546414.Deide_22110	638	46
7231746	546414.Deide_16990	16.1	4
7232177	546414.Deide_20800	147	18
7231646	546414.Deide_16050	1299	102
7232230	546414.Deide_21290	147	10
7232193	546414.Deide_20910	380	26
7232432	546414.Deide_23210	81.1	5
7230118	546414.Deide_02360	4515	476
7232286	546414.Deide_21830	522	33
7231322	546414.Deide_13110	48.8	9
7231986	546414.Deide_19180	45.1	7
7231822	546414.Deide_17720	125	18
7232109	546414.Deide_20253	40.8	4
7231199	546414.Deide_12120	15.6	1
7231614	546414.Deide_15740	397	56
7231763	546414.Deide_17170	65.0	7
7230481	546414.Deide_05690	638	97
7230423	546414.Deide_05130	72.3	6
7229870	546414.Deide_00010	189	41
7230304	546414.Deide_04050	16.6	1
7231054	546414.Deide_10830	158	24
7230772	546414.Deide_08300	2.19	2
7230229	546414.Deide_03340	1081	268
7232246	546414.Deide_21430	1066	376
7229916	546414.Deide_00450	6.39	2
7230352	546414.Deide_04490	193	17
7229945	546414.Deide_00720	1213	173
7230360	546414.Deide_04570	285	16
7231454	546414.Deide_14300	159	6
7231080	546414.Deide_11070	44.7	5
7231400	546414.Deide_13830	74.2	7
7230826	546414.Deide_08770	303	10
7232160	546414.Deide_20640	252	16
7231852	546414.Deide_17900	131	19
7231482	546414.Deide_14540	4049	345
7229971	546414.Deide_00980	689	31
7231597	546414.Deide_15560	41.4	3
7231408	546414.Deide_13900	538	105
7231912	546414.Deide_18480	86.0	5
7232122	546414.Deide_20316	1732	188
7230349	546414.Deide_04460	1288	142
7230934	546414.Deide_09800	793	139
7230673	546414.Deide_07420	429	21
7230995	546414.Deide_10333	144	10
7231079	546414.Deide_11060	9797	2004
7232007	546414.Deide_19350	2098	90
7231992	546414.Deide_19220	466	41
7232013	546414.Deide_19410	887	24
7231671	546414.Deide_16260	350	25
7230553	546414.Deide_06340	183	15
7230038	546414.Deide_01560	1473	155
7230041	546414.Deide_01590	1750	157
7230415	546414.Deide_05050	8375	1112
7232121	546414.Deide_20315	1685	125
7230063	546414.Deide_01810	1607	135
7230272	546414.Deide_03770	25.3	3
7231151	546414.Deide_11700	2346	162
7230667	546414.Deide_07350	1400	304
7230072	546414.Deide_01900	9.34	2
7230021	546414.Deide_01420	175	31
7230807	546414.Deide_08591	57.3	3
7230734	546414.Deide_07960	409	44
7231368	546414.Deide_13530	23.3	2
7232287	546414.Deide_21840	72.8	17
7231187	546414.Deide_12020	70.9	10
7231786	546414.Deide_17390	27.2	2
7230786	546414.Deide_08430	53.0	5
7230257	546414.Deide_03620	829	63
7231641	546414.Deide_16010	55.8	8
7231549	546414.Deide_15170	117	13
7232384	546414.Deide_22760	47.1	2
7231048	546414.Deide_10790	1732	89
7231367	546414.Deide_13520	3.87	1
7230230	546414.Deide_03350	3413	342
7231234	546414.Deide_12420	32.9	6
7231466	546414.Deide_14390	173	25
7230106	546414.Deide_02250	295	55
7230557	546414.Deide_06380	2033	121
7231096	546414.Deide_11200	7.24	5
7232115	546414.Deide_20300	1409	215
7231283	546414.Deide_12870	9.24	2
7231525	546414.Deide_14940	112	11
7231938	546414.Deide_18740	240	11
7232204	546414.Deide_21020	29.1	2
7232356	546414.Deide_22500	18.6	3
7231008	546414.Deide_10430	511	60
7231803	546414.Deide_17540	38.0	4
7232112	546414.Deide_20272	395	39
7230832	546414.Deide_08820	512	173
7230184	546414.Deide_02930	94.8	10
7231724	546414.Deide_16770	62.4	15
7231067	546414.Deide_10960	224	20
7230624	546414.Deide_06920	80.2	33
7230492	546414.Deide_05790	4150	981
7231772	546414.Deide_17260	69.8	11
7231394	546414.Deide_13780	846	83
7232103	546414.Deide_20220	637	13
7230219	546414.Deide_03250	7.84	1
7230812	546414.Deide_08640	22.8	1
7230855	546414.Deide_09050	115	35
7230482	546414.Deide_05700	1017	112
7232460	546414.Deide_23470	830	150
7230447	546414.Deide_05350	77.1	5
7231402	546414.Deide_13850	2413	455
7230267	546414.Deide_03720	81.6	12
7229989	546414.Deide_01160	17.7	1
7231520	546414.Deide_14890	1809	213
7231858	546414.Deide_17960	143	12
7231558	546414.Deide_15230	132	10
7232077	546414.Deide_19970	563	167
7230784	546414.Deide_08415	157	5
7230327	546414.Deide_04260	97.7	16
7231429	546414.Deide_14071	101	2
7232190	546414.Deide_20880	481	160
7231712	546414.Deide_16640	30.0	3
7230844	546414.Deide_08940	156	21
7231114	546414.Deide_11340	878	130
7231807	546414.Deide_17580	499	87
7230271	546414.Deide_03760	426	51
7231223	546414.Deide_12320	1844	234
7230209	546414.Deide_03160	1881	599
7231909	546414.Deide_18450	10.0	2
7230081	546414.Deide_02000	22.2	4
7232100	546414.Deide_20190	996	91
7232231	546414.Deide_21300	720	56
7232349	546414.Deide_22430	24.7	5
7232090	546414.Deide_20100	3107	80
7230095	546414.Deide_02140	3290	324
7231531	546414.Deide_14990	189	14
7230604	546414.Deide_06750	14.9	2
7230016	546414.Deide_01370	743	129
7229943	546414.Deide_00700	2191	748
7231946	546414.Deide_18820	3048	7
7230065	546414.Deide_01830	16.1	2
7230054	546414.Deide_01720	2955	73
7231963	546414.Deide_18990	7046	1871
7230982	546414.Deide_10250	4249	651
7230660	546414.Deide_07280	421	47
7231945	546414.Deide_18810	4018	222
7230969	546414.Deide_10140	103	7
7231286	546414.Deide_12900	152	16
7231559	546414.Deide_15240	135	20
7232330	546414.Deide_22240	198	54
7231650	546414.Deide_16090	4756	211
7230332	546414.Deide_04300	164	15
7231261	546414.Deide_12670	763	12
7232312	546414.Deide_22070	294	48
7230698	546414.Deide_07620	1381	229
7232034	546414.Deide_19570	3948	209
7230849	546414.Deide_08990	329	70
7231133	546414.Deide_11530	103	19
7230841	546414.Deide_08910	1426	237
7232266	546414.Deide_21630	17.7	1
7231383	546414.Deide_13680	138	17
7231382	546414.Deide_13670	1848	318
7230375	546414.Deide_04680	49.6	5
7231538	546414.Deide_15070	1782	186
7232289	546414.Deide_21851	619	30
7230601	546414.Deide_06720	408	162
7230269	546414.Deide_03740	27.7	6
7230080	546414.Deide_01990	636	33
7232110	546414.Deide_20260	4.54	1
7230748	546414.Deide_08080	1959	226
7230157	546414.Deide_02750	9.65	1
7232311	546414.Deide_22060	4681	573
7231753	546414.Deide_17060	93.9	34
7231230	546414.Deide_12380	255	12
7230140	546414.Deide_02580	3186	90
7231795	546414.Deide_17480	39.8	8
7230020	546414.Deide_01410	500	90
7231063	546414.Deide_10920	83.6	17
7232379	546414.Deide_22710	1596	297
7231253	546414.Deide_12590	8083	1255
7231287	546414.Deide_12910	244	21
7230477	546414.Deide_05650	185	7
7230348	546414.Deide_04450	14.6	1
7232466	546414.Deide_23520	105	17
7231844	546414.Deide_17831	1795	200
7230008	546414.Deide_01300	65.1	4
7232150	546414.Deide_20570	152	4
7230455	546414.Deide_05430	1165	508
7231939	546414.Deide_18750	159	17
7232335	546414.Deide_22290	1328	129
7229908	546414.Deide_00370	1325	135
7231672	546414.Deide_16270	198	15
7229922	546414.Deide_00510	234	56
7231811	546414.Deide_17610	27.6	2
7230361	546414.Deide_04580	99.9	10
7230790	546414.Deide_08461	36.8	2
7231704	546414.Deide_16560	478	133
7230875	546414.Deide_09240	1577	135
7230313	546414.Deide_04140	376	46
7231129	546414.Deide_11490	1179	142
7229871	546414.Deide_00020	365	51
7230766	546414.Deide_08240	187	21
7230525	546414.Deide_06090	853	84
7230647	546414.Deide_07160	882	76
7231896	546414.Deide_18330	109	24
7232236	546414.Deide_21341	259	6
7230100	546414.Deide_02190	397	28
7230121	546414.Deide_02390	259	19
7230646	546414.Deide_07150	826	93
7230172	546414.Deide_02842	132	15
7231119	546414.Deide_11390	1618	125
7230681	546414.Deide_07500	569	105
7230521	546414.Deide_06050	3036	144
7232449	546414.Deide_23360	38.6	6
7230040	546414.Deide_01580	29.2	2
7230453	546414.Deide_05410	39.5	3
7231521	546414.Deide_14900	11.0	2
7230027	546414.Deide_01450	202	19
7230144	546414.Deide_02620	239	13
7231078	546414.Deide_11052	339	14
7231825	546414.Deide_17750	945	80
7231108	546414.Deide_11290	598	12
7231360	546414.Deide_13460	113	9
7231240	546414.Deide_12460	1164	136
7232452	546414.Deide_23390	39.1	4
7231468	546414.Deide_14410	32.7	2
7232228	546414.Deide_21270	1507	130
7232037	546414.Deide_19600	89.9	23
7231203	546414.Deide_12150	297	45
7230363	546414.Deide_04600	136	46
7230796	546414.Deide_08500	132	10
7232276	546414.Deide_21730	123	16
7230815	546414.Deide_08661	45.6	3
7232296	546414.Deide_21900	18.6	6
7230854	546414.Deide_09040	2326	359
7232350	546414.Deide_22440	177	19
7230470	546414.Deide_05580	2869	485
7230649	546414.Deide_07180	264	11
7231698	546414.Deide_16500	112	10
7230318	546414.Deide_04180	338	20
7231026	546414.Deide_10590	968	158
7232046	546414.Deide_19690	724	68
7232461	546414.Deide_23480	484	33
7230573	546414.Deide_06500	34.5	14
7230456	546414.Deide_05440	13.3	2
7230801	546414.Deide_08540	54.8	7
7230675	546414.Deide_07440	490	36
7231432	546414.Deide_14100	379	46
7230967	546414.Deide_10120	160	26
7230783	546414.Deide_08410	547	28
7230544	546414.Deide_06260	23.5	2
7232202	546414.Deide_21000	29.8	3
7231298	546414.Deide_13020	8.86	1
7230475	546414.Deide_05640	2030	243
7230365	546414.Deide_04610	27.1	4
7230364	546414.Deide_04602	6.1	2
7232429	546414.Deide_23180	94.6	6
7232400	546414.Deide_22900	447	42
7231371	546414.Deide_13560	311	36
7231717	546414.Deide_16700	63.8	2
7230755	546414.Deide_08140	60.1	11
7232336	546414.Deide_22300	187	13
7230716	546414.Deide_07780	177	7
7230869	546414.Deide_09180	424	36
7231002	546414.Deide_10380	533	73
7231815	546414.Deide_17650	274	37
7231774	546414.Deide_17270	92.2	13
7232203	546414.Deide_21010	49.5	2
7230811	546414.Deide_08630	54.4	8
7230956	546414.Deide_10010	637	64
7232174	546414.Deide_20770	7.82	1
7231598	546414.Deide_15570	20.0	2
7230396	546414.Deide_04880	712	62
7231848	546414.Deide_17860	85.3	8
7231515	546414.Deide_14850	385	17
7232225	546414.Deide_21240	193	26
7231956	546414.Deide_18920	5525	497
7231756	546414.Deide_17090	1099	220
7230203	546414.Deide_03100	443	20
7231004	546414.Deide_10400	498	31
7230594	546414.Deide_06660	176	12
7232224	546414.Deide_21230	9.69	2
7231069	546414.Deide_10980	190	14
7230205	546414.Deide_03120	11.2	2
7232247	546414.Deide_21440	3124	369
7230468	546414.Deide_05550	1544	143
7230479	546414.Deide_05670	898	227
7230064	546414.Deide_01820	130	19
7232116	546414.Deide_20310	127	33
7231213	546414.Deide_12250	77.5	6
7231781	546414.Deide_17340	122	29
7230587	546414.Deide_06600	49.3	13
7230052	546414.Deide_01700	409	51
7229987	546414.Deide_01140	39.7	2
7231490	546414.Deide_14610	46.3	6
7229873	546414.Deide_00040	1072	166
7231748	546414.Deide_17010	75.2	6
7232285	546414.Deide_21820	40.7	2
7230487	546414.Deide_05750	3129	445
7230916	546414.Deide_09640	347	31
7231022	546414.Deide_10570	81.1	11
7231669	546414.Deide_16250	120	7
7230092	546414.Deide_02110	58.0	6
7231529	546414.Deide_14980	57.3	4
7230438	546414.Deide_05280	103	15
7230050	546414.Deide_01680	1336	65
7230976	546414.Deide_10200	1581	143
7230142	546414.Deide_02600	1280	180
7231447	546414.Deide_14230	47.7	3
7231871	546414.Deide_18080	81.6	8
7230287	546414.Deide_03880	158	19
7230502	546414.Deide_05880	949	221
7230509	546414.Deide_05950	159	8
7232093	546414.Deide_20130	329	48
7231431	546414.Deide_14090	10.7	1
7232143	546414.Deide_20510	22.1	3
7231272	546414.Deide_12770	332	30
7231904	546414.Deide_18401	26.6	2
7231527	546414.Deide_14960	198	21
7230793	546414.Deide_08480	301	42
7232017	546414.Deide_19450	376	59
7231245	546414.Deide_12510	1039	34
7230894	546414.Deide_09420	55.6	3
7231396	546414.Deide_13800	154	10
7229969	546414.Deide_00960	3364	164
7230590	546414.Deide_06620	80.1	9
7230657	546414.Deide_07250	49.1	3
7232229	546414.Deide_21280	571	21
7230682	546414.Deide_07510	52.2	9
7230798	546414.Deide_08520	148	11
7231931	546414.Deide_18670	5709	16
7231010	546414.Deide_10440	20.4	2
7230195	546414.Deide_03030	28.2	4
7232124	546414.Deide_20321	641	104
7230421	546414.Deide_05110	16.7	2
7232066	546414.Deide_19880	220	9
7230395	546414.Deide_04870	70.8	4
7231262	546414.Deide_12680	113	19
7231028	546414.Deide_10610	9.77	2
7231631	546414.Deide_15910	540	81
7232038	546414.Deide_19610	8.5	2
7231174	546414.Deide_11900	21.2	3
7231768	546414.Deide_17220	737	80
7230957	546414.Deide_10020	45.4	11
7230495	546414.Deide_05820	866	47
7229985	546414.Deide_01120	837	231
7231978	546414.Deide_19110	8511	1836
7231483	546414.Deide_14550	246	32
7231257	546414.Deide_12630	108	14
7231179	546414.Deide_11960	12.9	2
7230019	546414.Deide_01400	1347	97
7231168	546414.Deide_11840	145	13
7231281	546414.Deide_12850	34.2	6
7231750	546414.Deide_17030	747	75
7230672	546414.Deide_07410	294	99
7229960	546414.Deide_00870	999	68
7229934	546414.Deide_00640	8.54	2
7230262	546414.Deide_03670	122	6
7231238	546414.Deide_12440	302	28
7231145	546414.Deide_11640	332	77
7231450	546414.Deide_14260	3.67	1
7231013	546414.Deide_10470	17.1	2
7231062	546414.Deide_10910	999	76
7230948	546414.Deide_09930	3328	123
7231216	546414.Deide_12261	30.2	2
7230585	546414.Deide_06581	14.0	1
7231654	546414.Deide_16110	2697	154
7231692	546414.Deide_16450	783	122
7231263	546414.Deide_12681	379	28
7231911	546414.Deide_18470	36.3	5
7231110	546414.Deide_11310	938	148
7231314	546414.Deide_13068	82.0	4
7230193	546414.Deide_03010	767	116
7230256	546414.Deide_03610	11.1	2
7231875	546414.Deide_18120	779	152
7231606	546414.Deide_15650	1810	83
7231897	546414.Deide_18340	445	48
7231398	546414.Deide_13820	84.1	6
7232365	546414.Deide_22580	8364	341
7230463	546414.Deide_05500	70.8	11
7230990	546414.Deide_10321	111	13
7229878	546414.Deide_00100	290	17
7232383	546414.Deide_22750	33.5	6
7230024	546414.Deide_01434	1360	86
7232106	546414.Deide_20250	97.4	10
7230129	546414.Deide_02470	89.4	2
7231908	546414.Deide_18440	1958	476
7230412	546414.Deide_05020	1194	64
7231918	546414.Deide_18540	14.5	1
7232377	546414.Deide_22690	504	23
7231636	546414.Deide_15960	1151	110
7232458	546414.Deide_23450	497	57
7231689	546414.Deide_16420	342	30
7232256	546414.Deide_21530	443	45
7230576	546414.Deide_06520	5.02	2
7230705	546414.Deide_07690	26.2	4
7230171	546414.Deide_02841	50.6	6
7230589	546414.Deide_06610	7.9	1
7229974	546414.Deide_01010	1480	117
7231084	546414.Deide_11101	286	38
7229977	546414.Deide_01040	86.8	4
7231444	546414.Deide_14220	144	5
7232163	546414.Deide_20650	224	32
7232430	546414.Deide_23190	443	59
7231568	546414.Deide_15310	365	10
7230234	546414.Deide_03390	205	15
7230404	546414.Deide_04950	632	31
7231773	546414.Deide_17261	1007	61
7230315	546414.Deide_04160	29.5	6
7232329	546414.Deide_22230	121	32
7232024	546414.Deide_19480	13.0	1
7230546	546414.Deide_06280	234	25
7231279	546414.Deide_12830	29.0	5
7230281	546414.Deide_03850	812	109
7231935	546414.Deide_18710	24.3	4
7232425	546414.Deide_23130	59.4	10
7232416	546414.Deide_23040	185	24
7231588	546414.Deide_15490	446	101
7231416	546414.Deide_13980	45.5	7
7231115	546414.Deide_11350	715	132
7231533	546414.Deide_15010	532	32
7232270	546414.Deide_21670	237	6
7229930	546414.Deide_00600	2421	538
7231021	546414.Deide_10560	822	44
7230700	546414.Deide_07640	82.9	8
7230007	546414.Deide_01290	55.4	4
7232114	546414.Deide_20290	1163	173
7229895	546414.Deide_00240	90.1	12
7230970	546414.Deide_10150	971	89
7230105	546414.Deide_02240	2354	138
7232258	546414.Deide_21550	334	33
7231954	546414.Deide_18900	4505	197
7231003	546414.Deide_10390	28.8	1
7230403	546414.Deide_04940	1419	432
7231542	546414.Deide_15100	2011	145
7232255	546414.Deide_21520	973	259
7229961	546414.Deide_00880	101	9
7231812	546414.Deide_17620	101	10
7232302	546414.Deide_21950	0.642	2
7231944	546414.Deide_18800	457	34
7231488	546414.Deide_14590	977	171
7230905	546414.Deide_09530	2180	269
7230243	546414.Deide_03480	9.22	4
7230931	546414.Deide_09770	52.0	10
7231868	546414.Deide_18050	144	14
7231495	546414.Deide_14660	340	22
7230239	546414.Deide_03440	78.4	5
7232148	546414.Deide_20551	162	13
7230285	546414.Deide_03871	25.7	2
7230076	546414.Deide_01940	1820	123
7231433	546414.Deide_14110	421	53
7230642	546414.Deide_07110	904	244
7230693	546414.Deide_07570	24.8	4
7232355	546414.Deide_22490	27.3	4
7231867	546414.Deide_18040	55.1	4
7229952	546414.Deide_00790	89.4	7
7231587	546414.Deide_15480	2.2	1
7229980	546414.Deide_01070	371	57
7231357	546414.Deide_13430	122	12
7231984	546414.Deide_19160	23.1	2
7230910	546414.Deide_09580	96.6	26
7232434	546414.Deide_23230	53.1	9
7230771	546414.Deide_08290	470	43
7230302	546414.Deide_04030	306	34
7230491	546414.Deide_05780	326	73
7231754	546414.Deide_17070	7.83	1
7232102	546414.Deide_20210	320	71
7230917	546414.Deide_09650	298	63
7230974	546414.Deide_10190	1712	111
7231244	546414.Deide_12500	1984	59
7230746	546414.Deide_08070	54.8	7
7232207	546414.Deide_21050	2219	326
7231325	546414.Deide_13140	39.9	4
7230978	546414.Deide_10210	165	12
7230132	546414.Deide_02500	281	8
7231705	546414.Deide_16570	563	175
7230226	546414.Deide_03310	4170	343
7231720	546414.Deide_16730	251	31
7231560	546414.Deide_15250	1155	228
7230301	546414.Deide_04020	17.4	2
7229949	546414.Deide_00760	504	80
7231218	546414.Deide_12280	85.1	5
7231735	546414.Deide_16870	109	22
7231075	546414.Deide_11040	133	9
7231095	546414.Deide_11191	524	27
7230413	546414.Deide_05030	494	78
7231818	546414.Deide_17680	324	27
7230987	546414.Deide_10300	661	87
7230669	546414.Deide_07380	971	234
7230571	546414.Deide_06491	43.5	23
7231331	546414.Deide_13190	8456	632
7230427	546414.Deide_05170	108	4
7230446	546414.Deide_05340	498	76
7231083	546414.Deide_11100	655	70
7230752	546414.Deide_08110	358	30
7231637	546414.Deide_15970	224	13
7231960	546414.Deide_18960	1970	53
7230228	546414.Deide_03330	2219	443
7230986	546414.Deide_10290	475	37
7230191	546414.Deide_02990	146	10
7231729	546414.Deide_16820	101	7
7231217	546414.Deide_12270	2033	99
7229968	546414.Deide_00950	7830	419
7231491	546414.Deide_14620	16.4	1
7229924	546414.Deide_00540	18.4	3
7231389	546414.Deide_13740	274	32
7230147	546414.Deide_02650	241	12
7231947	546414.Deide_18830	2216	166
7230897	546414.Deide_09450	607	24
7231741	546414.Deide_16940	144	9
7232309	546414.Deide_22040	311	73
7232417	546414.Deide_23050	1627	274
7230003	546414.Deide_01260	44.9	4
7232221	546414.Deide_21200	9831	844
7232423	546414.Deide_23100	339	41
7232063	546414.Deide_19850	1241	95
7232234	546414.Deide_21330	45.4	15
7231751	546414.Deide_17040	1141	192
7232092	546414.Deide_20120	377	81
7229891	546414.Deide_00200	3275	91
7229872	546414.Deide_00030	4053	580
7231346	546414.Deide_13330	192	39
7232414	546414.Deide_23020	229	11
7230108	546414.Deide_02270	115	11
7231082	546414.Deide_11090	1306	178
7232192	546414.Deide_20900	29.9	5
7230592	546414.Deide_06640	882	90
7231890	546414.Deide_18270	1218	166
7232455	546414.Deide_23420	6.76	2
7232237	546414.Deide_21350	87.2	6
7232344	546414.Deide_22380	170	12
7230119	546414.Deide_02370	821	36
7230816	546414.Deide_08670	234	32
7230437	546414.Deide_05270	70.1	14
7231982	546414.Deide_19140	37.0	5
7231353	546414.Deide_13380	45.9	5
7231146	546414.Deide_11650	3058	291
7231730	546414.Deide_16830	2214	260
7231557	546414.Deide_15220	455	64
7231390	546414.Deide_13741	58.9	2
7230428	546414.Deide_05180	48.9	4
7230295	546414.Deide_03960	52.3	5
7229892	546414.Deide_00210	9.55	1
7231312	546414.Deide_13066	44.8	4
7231958	546414.Deide_18940	274	29
7230405	546414.Deide_04960	4.52	1
7230514	546414.Deide_05990	512	149
7232029	546414.Deide_19520	226	12
7230730	546414.Deide_07920	4026	1101
7231737	546414.Deide_16890	22.6	1
7230224	546414.Deide_03290	840	53
7230932	546414.Deide_09780	211	15
7232041	546414.Deide_19640	3416	354
7231437	546414.Deide_14150	1148	91
7232111	546414.Deide_20271	85.0	5
7230704	546414.Deide_07680	5004	504
7229988	546414.Deide_01150	430	110
7230591	546414.Deide_06630	580	56
7231714	546414.Deide_16670	894	112
7232402	546414.Deide_22920	5.47	1
7232088	546414.Deide_20080	1275	95
7230736	546414.Deide_07980	314	45
7231037	546414.Deide_10700	1463	202
7230471	546414.Deide_05590	33.0	5
7231024	546414.Deide_10572	80.4	4
7230328	546414.Deide_04270	676	153
7232424	546414.Deide_23110	259	40
7230997	546414.Deide_10350	317	43
7231775	546414.Deide_17280	112	15
7231288	546414.Deide_12920	44.4	8
7232320	546414.Deide_22140	107	15
7231157	546414.Deide_11750	88.7	9
7231446	546414.Deide_14222	159	6
7231457	546414.Deide_14320	5367	980
7230674	546414.Deide_07430	224	13
7232006	546414.Deide_19340	6244	735
7230517	546414.Deide_06020	3085	1759
7232015	546414.Deide_19430	95.0	13
7231776	546414.Deide_17290	2538	381
7230333	546414.Deide_04310	428	28
7231917	546414.Deide_18530	49.6	4
7230756	546414.Deide_08150	135	18
7229973	546414.Deide_01000	5210	959
7230526	546414.Deide_06100	57.0	1
7231436	546414.Deide_14140	80.0	10
7230785	546414.Deide_08420	70.0	6
7229921	546414.Deide_00500	239	51
7232243	546414.Deide_21400	198	7
7231076	546414.Deide_11050	744	68
7231757	546414.Deide_17100	373	46
7231526	546414.Deide_14950	14.2	3
7231582	546414.Deide_15430	430	34
7230316	546414.Deide_04170	27.5	4
7232278	546414.Deide_21750	138	15
7232031	546414.Deide_19540	21.4	1
7229881	546414.Deide_00130	1082	41
7231386	546414.Deide_13710	115	8
7231202	546414.Deide_12140	245	6
7232068	546414.Deide_19900	106	13
7231335	546414.Deide_13230	69.0	5
7232389	546414.Deide_22800	419	56
7231222	546414.Deide_12310	67.9	17
7232232	546414.Deide_21310	88.1	5
7231189	546414.Deide_12040	452	57
7232306	546414.Deide_21990	226	10
7231541	546414.Deide_15090	98.6	7
7229896	546414.Deide_00250	64.8	8
7232226	546414.Deide_21250	26.1	2
7229907	546414.Deide_00360	166	7
7231373	546414.Deide_13580	6066	880
7231448	546414.Deide_14240	159	18
7230280	546414.Deide_03840	27.4	3
7230031	546414.Deide_01490	244	21
7230652	546414.Deide_07210	12.3	2
7232235	546414.Deide_21340	3487	163
7231727	546414.Deide_16800	365	83
7230186	546414.Deide_02950	212	15
7231239	546414.Deide_12450	1494	323
7231544	546414.Deide_15120	2254	94
7230330	546414.Deide_04290	727	68
7230872	546414.Deide_09210	94.4	30
7230409	546414.Deide_05000	2.88	1
7231635	546414.Deide_15950	62.4	6
7231997	546414.Deide_19260	71.8	13
7229877	546414.Deide_00080	32.0	3
7230984	546414.Deide_10270	880	153
7232152	546414.Deide_20590	143	25
7230483	546414.Deide_05710	4190	179
7231500	546414.Deide_14710	52.5	10
7231502	546414.Deide_14730	155	32
7230192	546414.Deide_03000	9.12	1
7232210	546414.Deide_21090	1468	41
7231745	546414.Deide_16980	669	112
7230561	546414.Deide_06420	90.0	10
7232136	546414.Deide_20440	856	160
7230977	546414.Deide_10201	480	49
7232465	546414.Deide_23511	59.0	3
7231419	546414.Deide_14010	229	21
7230464	546414.Deide_05510	81.2	15
7230211	546414.Deide_03180	21.7	2
7231153	546414.Deide_11720	18.8	3
7231630	546414.Deide_15900	1046	69
7231047	546414.Deide_10780	54.0	5
7230510	546414.Deide_05960	10.3	2
7229885	546414.Deide_00140	51.7	9
7230055	546414.Deide_01730	329	23
7229933	546414.Deide_00630	42.7	6
7231155	546414.Deide_11730	13130	554
7230779	546414.Deide_08370	10.7	4
7230804	546414.Deide_08570	586	263
7230286	546414.Deide_03875	72.5	2
7231961	546414.Deide_18970	6718	2252
7230441	546414.Deide_05301	339	29
7232428	546414.Deide_23170	232	21
7231128	546414.Deide_11471	617	29
7230086	546414.Deide_02050	27.4	3
7231821	546414.Deide_17710	51.6	6
7231860	546414.Deide_17971	572	17
7231949	546414.Deide_18850	3934	124
7231235	546414.Deide_12421	6.54	2
7232036	546414.Deide_19590	331	85
7230998	546414.Deide_10360	545	148
7231237	546414.Deide_12430	58.6	5
7231905	546414.Deide_18410	111	32
7231926	546414.Deide_18620	43.1	1
7231699	546414.Deide_16510	357	28
7230893	546414.Deide_09410	17.7	3
7230393	546414.Deide_04850	1131	114
7230874	546414.Deide_09230	53.4	4
7230373	546414.Deide_04660	1317	472
7230902	546414.Deide_09500	4508	831
7231739	546414.Deide_16910	2000	317
7231759	546414.Deide_17130	621	6
7230397	546414.Deide_04890	82.5	10
7232128	546414.Deide_20360	95.2	9
7230493	546414.Deide_05800	1167	165
7232155	546414.Deide_20610	7934	1795
7231014	546414.Deide_10480	69.2	6
7229909	546414.Deide_00380	903	50
7229923	546414.Deide_00530	600	67
7231105	546414.Deide_11260	99.6	19
7231031	546414.Deide_10640	113	11
7232269	546414.Deide_21660	913	109
7232440	546414.Deide_23290	114	20
7229976	546414.Deide_01030	1546	120
7230009	546414.Deide_01310	115	10
7232372	546414.Deide_22640	307	40
7232175	546414.Deide_20780	37.7	4
7230045	546414.Deide_01630	582	59
7230751	546414.Deide_08100	268	70
7230827	546414.Deide_08780	8.12	2
7231427	546414.Deide_14060	18.7	3
7231570	546414.Deide_15320	1.57	1
7230017	546414.Deide_01380	473	53
7230043	546414.Deide_01610	7.46	3
7230726	546414.Deide_07880	711	75
7231090	546414.Deide_11160	441	94
7230370	546414.Deide_04650	609	100
7231208	546414.Deide_12200	4.01	2
7229874	546414.Deide_00050	492	82
7230799	546414.Deide_08530	107	9
7231887	546414.Deide_18240	1238	88
7231469	546414.Deide_14420	1239	165
7232325	546414.Deide_22190	172	6
7230600	546414.Deide_06710	18.8	1
7230831	546414.Deide_08810	45.8	8
7230923	546414.Deide_09700	467	57
7232213	546414.Deide_21120	850	180
7230141	546414.Deide_02590	9179	628
7231323	546414.Deide_13120	499	108
7230039	546414.Deide_01570	910	56
7230343	546414.Deide_04410	76.3	26
7231088	546414.Deide_11140	845	56
7231412	546414.Deide_13940	6.16	1
7230467	546414.Deide_05540	1992	190
7230921	546414.Deide_09680	3.4	2
7232218	546414.Deide_21170	383	22
7230342	546414.Deide_04400	534	56
7231406	546414.Deide_13880	1336	101
7230122	546414.Deide_02400	694	108
7231158	546414.Deide_11760	152	13
7232164	546414.Deide_20660	1018	59
7231271	546414.Deide_12760	132	47
7230414	546414.Deide_05040	15.7	3
7230345	546414.Deide_04430	267	47
7231064	546414.Deide_10930	244	73
7230663	546414.Deide_07310	3878	98
7230878	546414.Deide_09270	38.7	2
7231405	546414.Deide_13870	561	41
7231528	546414.Deide_14970	735	121
7231633	546414.Deide_15930	205	14
7229944	546414.Deide_00710	2375	34
7232307	546414.Deide_22000	11.9	1
7231928	546414.Deide_18640	3522	236
7231640	546414.Deide_16000	692	148
7230466	546414.Deide_05530	2062	307
7230258	546414.Deide_03630	1028	173
7232391	546414.Deide_22820	23.2	5
7231899	546414.Deide_18360	152	8
7230440	546414.Deide_05300	2999	294
7231932	546414.Deide_18680	2197	73
7231767	546414.Deide_17210	1058	357
7230709	546414.Deide_07730	47.1	4
7231332	546414.Deide_13200	411	50
7230498	546414.Deide_05840	79.3	19
7230392	546414.Deide_04840	68.4	5
7231439	546414.Deide_14170	262	76
7230539	546414.Deide_06210	1023	207
7230895	546414.Deide_09430	54.7	15
7230821	546414.Deide_08720	337	66
7231965	546414.Deide_19010	856	16
7230643	546414.Deide_07120	697	69
7232042	546414.Deide_19650	289	18
7230099	546414.Deide_02180	1160	152
7230880	546414.Deide_09290	58.2	14
7232244	546414.Deide_21410	321	32
7231564	546414.Deide_15280	20.3	3
7231121	546414.Deide_11410	1423	177
7231338	546414.Deide_13260	370	110
7231573	546414.Deide_15350	40.9	3
7231422	546414.Deide_14030	41.9	5
7230597	546414.Deide_06680	9.54	1
7232457	546414.Deide_23440	193	22
7232447	546414.Deide_23340	711	155
7232055	546414.Deide_19770	66.2	5
7229941	546414.Deide_00692	14.2	1
7231747	546414.Deide_17000	36.5	4
7229900	546414.Deide_00290	734	43
7230450	546414.Deide_05380	991	42
7231364	546414.Deide_13500	65.0	8
7230718	546414.Deide_07800	55.1	7
7232089	546414.Deide_20090	12.2	1
7231873	546414.Deide_18100	847	79
7230942	546414.Deide_09870	427	29
7230399	546414.Deide_04910	96.8	10
7230955	546414.Deide_10000	630	18
7231162	546414.Deide_11790	166	7
7231147	546414.Deide_11660	972	398
7230802	546414.Deide_08550	117	21
7231264	546414.Deide_12690	7348	233
7231484	546414.Deide_14560	796	76
7231117	546414.Deide_11370	267	19
7230005	546414.Deide_01280	633	12
7230721	546414.Deide_07830	5434	293
7230048	546414.Deide_01660	35.3	4
7232087	546414.Deide_20070	48.7	6
7232352	546414.Deide_22460	121	18
7231087	546414.Deide_11130	98.5	7
7231219	546414.Deide_12290	84.0	23
7230297	546414.Deide_03980	97.4	10
7230210	546414.Deide_03170	720	153
7230637	546414.Deide_07060	1149	66
7231591	546414.Deide_15511	381	29
7230532	546414.Deide_06142	241	18
7231681	546414.Deide_16360	309	27
7230898	546414.Deide_09460	1447	159
7230289	546414.Deide_03900	598	69
7231256	546414.Deide_12620	127	18
7230708	546414.Deide_07720	9209	968
7231718	546414.Deide_16710	1075	209
7229911	546414.Deide_00400	44.5	14
7230180	546414.Deide_02890	467	51
7231118	546414.Deide_11380	739	174
7231372	546414.Deide_13570	6.43	1
7232409	546414.Deide_22970	113	14
7230664	546414.Deide_07320	78.7	7
7230472	546414.Deide_05610	32.4	5
7232323	546414.Deide_22170	31.1	1
7230223	546414.Deide_03280	2086	247
7232211	546414.Deide_21100	192	28
7230834	546414.Deide_08840	920	39
7231232	546414.Deide_12400	394	33
7230919	546414.Deide_09670	5.67	1
7229939	546414.Deide_00690	47.5	5
7231178	546414.Deide_11950	100	15
7231164	546414.Deide_11801	151	5
7231301	546414.Deide_13040	37.8	5
7229910	546414.Deide_00390	84.4	13
7231920	546414.Deide_18560	54.2	6
7230764	546414.Deide_08220	145	10
7231695	546414.Deide_16480	268	27
7230762	546414.Deide_08200	98.5	23
7230668	546414.Deide_07360	536	102
7231228	546414.Deide_12361	95.5	6
7231891	546414.Deide_18280	19.0	1
7232431	546414.Deide_23200	559	38
7229906	546414.Deide_00350	2303	209
7231791	546414.Deide_17440	103	9
7231137	546414.Deide_11570	19.6	1
7231924	546414.Deide_18600	4728	246
7232373	546414.Deide_22650	3256	468
7230930	546414.Deide_09760	312	14
7232374	546414.Deide_22660	126	12
7232273	546414.Deide_21700	69.6	5
7231995	546414.Deide_19240	847	44
7230945	546414.Deide_09900	84.7	5
7232071	546414.Deide_19930	66.7	10
7230701	546414.Deide_07650	14.6	6
7230853	546414.Deide_09030	730	165
7231401	546414.Deide_13840	714	60
7231976	546414.Deide_19090	2692	333
7231384	546414.Deide_13690	103	5
7230150	546414.Deide_02680	54.0	4
7230873	546414.Deide_09220	60.6	2
7231417	546414.Deide_13990	110	3
7230904	546414.Deide_09520	16.9	3
7231231	546414.Deide_12390	603	59
7232113	546414.Deide_20273	53.7	5
7231276	546414.Deide_12800	63.4	5
7231866	546414.Deide_18030	75.5	6
7232284	546414.Deide_21810	100	11
7231109	546414.Deide_11300	18.0	2
