#name: P.falciparum - Whole organism, SC (PeptideAtlas,Sep,2012)
#score: 12.09
#weight: 100%
#description: abundance based on Spectral counting, from<a href="http://www.peptideatlas.org/builds/" target="_blank">PeptideAtlas,Sep,2012</a><br/><b>Interaction consistency score</b>: 12.09&nbsp<b>Coverage</b>: 34
#organ: WHOLE_ORGANISM
#integrated: false
#coverage: 34
#publication_year: 2012
#filename: 5833-PA_201209.txt
#
#internal_id	string_external_id	abundance	raw_spectral_count
935459	5833.PFI0610w	610	44
935036	5833.PFF0120w	6.75	2
935675	5833.PFI1660w	330	20
935968	5833.PFL1270w	1530	310
934722	5833.PFE0140c	134	6
936161	5833.PFL2215w	5936	1622
934864	5833.PFE0870w	303	194
934882	5833.PFE0965c	4707	74
934055	5833.PFB0391c.2	44.7	8
931726	5833.PF08_0059	613	60
931725	5833.PF08_0058	14.6	8
931721	5833.PF08_0054	4076	1453
935527	5833.PFI0945w	3522	602
935235	5833.PFF1095w	816	549
932941	5833.PF13_0257	747	374
935211	5833.PFF0980w	574	20
933862	5833.PFA0200w	5807	337
933180	5833.PF14_0141	713	34
933181	5833.PF14_0142	406	94
934091	5833.PFB0560w	84.0	158
935999	5833.PFL1425w	851	294
931916	5833.PF10_0104	354	46
935555	5833.PFI1085w	76.5	42
932942	5833.PF13_0258	24.2	20
932966	5833.PF13_0282	860	82
932964	5833.PF13_0280	19.8	4
933686	5833.PF14_0647	11.1	10
932971	5833.PF13_0287	234	56
932969	5833.PF13_0285	153	66
933688	5833.PF14_0649	236	330
934035	5833.PFB0295w	92.4	26
934791	5833.PFE0490w	13.7	2
935170	5833.PFF0775w	70.9	12
931423	5833.MAL8P1.17	2644	654
931373	5833.MAL8P1.11	7.96	6
935220	5833.PFF1025c	558	86
931424	5833.MAL8P1.18	2.9	2
934604	5833.PFD0807c	64.5	4
935364	5833.PFI0140w	961	22
933284	5833.PF14_0246	80.7	47
933279	5833.PF14_0242	564	88
933278	5833.PF14_0241	831	56
933277	5833.PF14_0240	817	50
934074	5833.PFB0480w	230	48
933286	5833.PF14_0248	99.6	4
934641	5833.PFD0990w	33.7	4
934056	5833.PFB0395w	164	26
934989	5833.PFE1510c	166	30
932745	5833.PF13_0051	52.0	4
935200	5833.PFF0920c.2	12.4	8
932749	5833.PF13_0055	143	20
934867	5833.PFE0885w	303	144
930878	5833.MAL13P1.159	214	18
932751	5833.PF13_0058	3394	292
935420	5833.PFI0410c	1.67	2
931840	5833.PF10_0034a	445	16
933463	5833.PF14_0428	156	122
932134	5833.PF10_0320a	127	20
933456	5833.PF14_0421	944	88
933460	5833.PF14_0425	2987	798
935928	5833.PFL1070c	3448	1772
935641	5833.PFI1500w	1.62	4
935399	5833.PFI0315c	392	186
935514	5833.PFI0880c	5944	812
934612	5833.PFD0850c	324	52
935412	5833.PFI0370c	465	58
935210	5833.PFF0975c	113	44
935073	5833.PFF0305c	179	12
933213	5833.PF14_0176.1	151	24
931525	5833.MAL8P1.9	58.6	4
931493	5833.MAL8P1.6	57.4	2
932813	5833.PF13_0127	101	30
935586	5833.PFI1235w	134	36
934393	5833.PFC0870w	672	42
936120	5833.PFL2015w	5.68	2
932807	5833.PF13_0121	494	114
932806	5833.PF13_0120	10.6	8
932815	5833.PF13_0129	203	10
933371	5833.PF14_0336	46.4	6
933370	5833.PF14_0335	68.0	6
933369	5833.PF14_0334	325	500
934374	5833.PFC0780w	18.0	28
934540	5833.PFD0470c	49.0	30
935288	5833.PFF1365c	11.6	62
934027	5833.PFB0260w	626	322
930879	5833.MAL13P1.16	118	20
930985	5833.MAL13P1.26	93.6	170
932269	5833.PF11_0068	18.0	4
932270	5833.PF11_0069	781	136
931631	5833.PF07_0098	46.4	6
931632	5833.PF07_0099	212	12
931630	5833.PF07_0097	4.22	2
932263	5833.PF11_0062	8917	506
931628	5833.PF07_0095	27.3	4
931626	5833.PF07_0093	242	6
931622	5833.PF07_0090	208	18
932657	5833.PF11_0480	60.6	70
934506	5833.PFD0305c	734	186
932665	5833.PF11_0486	225	186
932666	5833.PF11_0487	16.4	2
935626	5833.PFI1435w	446	56
935495	5833.PFI0790w	40.6	2
932431	5833.PF11_0245	139	36
932432	5833.PF11_0246	161	88
935866	5833.PFL0765w	46.2	12
935078	5833.PFF0330w	343	224
934427	5833.PFC1020c	1285	186
935835	5833.PFL0625c	518	206
935183	5833.PFF0840w	545	44
932309	5833.PF11_0114	1232	334
932579	5833.PF11_0398	9.53	8
932577	5833.PF11_0396	543	206
932576	5833.PF11_0395	5.91	10
932574	5833.PF11_0393	358	28
935841	5833.PFL0650c	2946	1074
932099	5833.PF10_0287	66.1	20
932094	5833.PF10_0283	1578	210
932093	5833.PF10_0282	63.1	2
934063	5833.PFB0425c	2368	582
932091	5833.PF10_0280	483	36
934975	5833.PFE1430c	197	12
932101	5833.PF10_0289	1291	260
933078	5833.PF14_0036	292	48
935443	5833.PFI0525w	58.7	10
934575	5833.PFD0670c	304	46
934363	5833.PFC0725c	909	84
935824	5833.PFL0575w	12.6	18
933668	5833.PF14_0630	924	380
934241	5833.PFC0185w	2545	646
933176	5833.PF14_0137	8.16	2
931886	5833.PF10_0075	135	50
931888	5833.PF10_0077	330	100
935562	5833.PFI1120c	19.9	46
933722	5833.PF14_0682	265	34
934258	5833.PFC0255c	946	66
931711	5833.PF08_0044	19.6	10
931712	5833.PF08_0045	559	306
931715	5833.PF08_0048	4.67	8
931716	5833.PF08_0049	363	28
932559	5833.PF11_0375	147	60
935664	5833.PFI1610c	38.3	4
935529	5833.PFI0955w	3491	346
932458	5833.PF11_0271	8.83	6
931233	5833.MAL7P1.158	335	16
931234	5833.MAL7P1.159	249	24
930883	5833.MAL13P1.163.1	141	16
931226	5833.MAL7P1.153	6.22	2
931223	5833.MAL7P1.150	149	50
931230	5833.MAL7P1.156	122	34
935957	5833.PFL1215c	24.0	8
935962	5833.PFL1240c	30.1	26
934378	5833.PFC0800w	90.4	18
934370	5833.PFC0760c	91.9	124
935603	5833.PFI1320c	290	28
935467	5833.PFI0650c	6.15	2
933696	5833.PF14_0657	73.1	50
934141	5833.PFB0815w	158	54
933691	5833.PF14_0652	50.2	24
934237	5833.PFC0170c	236	42
933698	5833.PF14_0659	10.6	2
934092	5833.PFB0570w	376	50
934084	5833.PFB0525w	529	124
935680	5833.PFI1685w	492	82
934659	5833.PFD1065c	730	60
934271	5833.PFC0295c	732	102
934284	5833.PFC0360w	347	30
933296	5833.PF14_0257	1190	110
933813	5833.PF14_0783	134	4
932739	5833.PF13_0044	56.1	64
932740	5833.PF13_0045	381	14
930887	5833.MAL13P1.167	149	14
932736	5833.PF13_0041	8.74	6
932742	5833.PF13_0048	40.2	22
932743	5833.PF13_0049	1045	50
934294	5833.PFC0400w	2603	90
935098	5833.PFF0430w	1195	392
933473	5833.PF14_0439	873	292
933469	5833.PF14_0434	12.8	2
933471	5833.PF14_0437	315	102
935117	5833.PFF0525w	91.3	6
933468	5833.PF14_0433	7.72	2
935370	5833.PFI0170w	129	84
932970	5833.PF13_0286	7.96	2
933685	5833.PF14_0646	90.8	6
931077	5833.MAL13P1.348	17.4	6
931072	5833.MAL13P1.343	454	68
931073	5833.MAL13P1.344	198	62
931076	5833.MAL13P1.347	52.9	6
935430	5833.PFI0460w	657	254
932816	5833.PF13_0130	718	62
932817	5833.PF13_0131	8.26	2
932818	5833.PF13_0132	1035	66
935559	5833.PFI1105w	3200	758
932820	5833.PF13_0134	18.9	4
932822	5833.PF13_0136	33.3	6
932340	5833.PF11_0149.1	749	84
934375	5833.PFC0785c	135	18
933356	5833.PF14_0321	12.7	2
933358	5833.PF14_0323	1497	138
933359	5833.PF14_0324	597	134
933360	5833.PF14_0325	192	26
933361	5833.PF14_0326	2.76	10
933362	5833.PF14_0327	25.9	6
933363	5833.PF14_0328	106	6
933364	5833.PF14_0329	1208	88
936129	5833.PFL2060c	731	227
932317	5833.PF11_0121	410	42
932318	5833.PF11_0122	573	230
932321	5833.PF11_0125	235	26
936057	5833.PFL1705w	54.1	32
932322	5833.PF11_0126	270	6
935491	5833.PFI0770c	351	18
932324	5833.PF11_0128	11.6	2
935989	5833.PFL1375w	2.23	2
935096	5833.PFF0420c	505	88
934400	5833.PFC0900w	787	230
934324	5833.PFC0535w	2553	44
934010	5833.PFB0194w	174	30
935068	5833.PFF0280w	243	46
936065	5833.PFL1745c	212	24
932121	5833.PF10_0310	41.9	14
931842	5833.PF10_0036	78.9	8
931836	5833.PF10_0031	141	54
931838	5833.PF10_0033	652	36
934555	5833.PFD0560w	2.66	2
936079	5833.PFL1815c	2.17	2
933923	5833.PFA0510w	8.71	6
931845	5833.PF10_0039	4240	402
935895	5833.PFL0920c	54.6	22
933893	5833.PFA0360c	16.3	4
932421	5833.PF11_0232	24.4	12
931573	5833.PF07_0041	37.6	10
931572	5833.PF07_0040	309	68
931575	5833.PF07_0043	1368	18
931574	5833.PF07_0042	31.5	60
932425	5833.PF11_0239	26.9	22
932424	5833.PF11_0238	12.4	2
931579	5833.PF07_0047	188	120
934972	5833.PFE1415w	18.5	2
935271	5833.PFF1280w	53.0	24
936008	5833.PFL1465c	559	48
935441	5833.PFI0515w	19.4	2
935668	5833.PFI1625c	399	82
936104	5833.PFL1940w	19.0	6
934581	5833.PFD0695w	140	20
931675	5833.PF08_0008	3775	948
932529	5833.PF11_0344	5700	1864
931403	5833.MAL8P1.142	2386	316
933872	5833.PFA0255c	54.8	16
931408	5833.MAL8P1.148	289	36
931404	5833.MAL8P1.143.1	2.33	2
935839	5833.PFL0640w	31.7	6
936189	5833.PFL2355w	248	52
936210	5833.PFL2460w	898	264
936205	5833.PFL2435w	82.4	8
934806	5833.PFE0570w	9.03	40
935367	5833.PFI0155c	1116	172
935873	5833.PFL0800c	3220	168
932154	5833.PF10_0340	772	392
935883	5833.PFL0855c	14.2	2
934847	5833.PFE0785c	2178	462
935891	5833.PFL0895c	123	84
932110	5833.PF10_0298	467	92
932111	5833.PF10_0299	45.0	10
931703	5833.PF08_0036	429	136
931698	5833.PF08_0031	779	124
931699	5833.PF08_0032	192	66
932102	5833.PF10_0290	141	62
934572	5833.PFD0660w	80.7	8
932105	5833.PF10_0293	179	12
931706	5833.PF08_0039	490	26
932107	5833.PF10_0295	243	46
934895	5833.PFE1030c	113	18
935304	5833.PFF1440w	0.944	4
934863	5833.PFE0865c	1648	178
935299	5833.PFF1415c	379	68
931220	5833.MAL7P1.147	147	204
931219	5833.MAL7P1.146	15.9	40
935732	5833.PFL0105w	147	26
935564	5833.PFI1130c	50.9	6
935056	5833.PFF0220w	138	152
935662	5833.PFI1600w	25.8	10
933130	5833.PF14_0089.1	339	30
934039	5833.PFB0315w	13.9	14
934860	5833.PFE0850c	1069	92
935409	5833.PFI0355c	8.77	4
934234	5833.PFC0160w	166	64
934726	5833.PFE0160c	154	20
934388	5833.PFC0845c	329	18
934499	5833.PFD0265w	104	148
933265	5833.PF14_0228	120	66
934396	5833.PFC0885c	418	48
933261	5833.PF14_0224	213	136
932923	5833.PF13_0238	152	50
933257	5833.PF14_0220	197	48
930900	5833.MAL13P1.179	22.5	6
930893	5833.MAL13P1.172	534	76
930892	5833.MAL13P1.171	131	12
935375	5833.PFI0195c	181	26
934304	5833.PFC0441c.1	47.3	6
934292	5833.PFC0390w	16.5	6
933172	5833.PF14_0133	84.0	16
933728	5833.PF14_0689	38.7	2
934942	5833.PFE1255w	3.72	4
933178	5833.PF14_0139	5.56	2
933177	5833.PF14_0138	521	64
931462	5833.MAL8P1.31	36.7	4
936194	5833.PFL2380c	27.6	10
933721	5833.PF14_0681	38.9	8
933817	5833.PF14_0790	91.0	10
936087	5833.PFL1855w	3.67	2
934626	5833.PFD0915w	12.9	2
931082	5833.MAL13P1.352	137	66
931081	5833.MAL13P1.351	15.5	24
935976	5833.PFL1310c	20.1	22
932827	5833.PF13_0141	6202	862
932826	5833.PF13_0140	171	58
932829	5833.PF13_0143	610	154
932828	5833.PF13_0142	202	6
935379	5833.PFI0215c	185	14
935854	5833.PFL0710w	17.9	2
934296	5833.PFC0410w	27.3	4
935225	5833.PFF1050w	800	88
933393	5833.PF14_0357	1043	488
935861	5833.PFL0745c	19.6	4
933387	5833.PF14_0351	65.9	6
933386	5833.PF14_0350	65.5	22
933388	5833.PF14_0352	73.0	31
935195	5833.PFF0895w	3962	692
935614	5833.PFI1375w.1	331	28
933395	5833.PF14_0359	571	118
933394	5833.PF14_0358	25.8	2
934254	5833.PFC0240c	88.9	24
932330	5833.PF11_0139	38.9	4
935546	5833.PFI1040c	7.53	10
931660	5833.PF07_0126	13.3	10
931661	5833.PF07_0127	1784	110
931657	5833.PF07_0123	127	46
934608	5833.PFD0825c	117	26
932791	5833.PF13_0099	287	16
932790	5833.PF13_0098	32.1	4
932788	5833.PF13_0096	77.8	22
934760	5833.PFE0335w	3.95	2
932785	5833.PF13_0091	6.02	2
934596	5833.PFD0770c	999	66
935943	5833.PFL1145w	10.7	2
935268	5833.PFF1265w	235	36
934100	5833.PFB0605w	8.86	2
935454	5833.PFI0580c	525	80
934152	5833.PFB0870w	1.71	2
935645	5833.PFI1520w	807	174
934030	5833.PFB0275w	1227	190
934130	5833.PFB0750w	5.06	2
931591	5833.PF07_0059	474	72
935510	5833.PFI0860c	31.7	14
934222	5833.PFC0105w	8.54	6
931588	5833.PF07_0056	42.1	24
931589	5833.PF07_0057	47.9	12
931586	5833.PF07_0054	2782	154
932418	5833.PF11_0229	27.9	10
935776	5833.PFL0335c	54.2	16
932747	5833.PF13_0053	16.9	12
931982	5833.PF10_0168.2	40.8	12
935870	5833.PFL0785c	274	28
933909	5833.PFA0440w	2188	224
934068	5833.PFB0455w.1	1219	22
936157	5833.PFL2195w	19.8	4
931009	5833.MAL13P1.285	8.74	10
935897	5833.PFL0930w	483	522
932543	5833.PF11_0359	155	38
932536	5833.PF11_0352	1124	362
932535	5833.PF11_0351	1222	374
932540	5833.PF11_0356	1.68	2
932012	5833.PF10_0196	413	108
931411	5833.MAL8P1.150	29.5	36
931414	5833.MAL8P1.153	3.92	4
931415	5833.MAL8P1.154	125	258
936023	5833.PFL1535w	3.74	2
934921	5833.PFE1155c	379	102
935273	5833.PFF1290c	37.5	6
934892	5833.PFE1015c	29.7	10
934887	5833.PFE0990w	376	24
932180	5833.PF10_0370	82.0	6
934311	5833.PFC0475c	94.3	54
935290	5833.PFF1375c.1	24.4	2
933611	5833.PF14_0575a	356	4
931687	5833.PF08_0020	98.9	54
935836	5833.PFL0630w	255	42
935740	5833.PFL0145c	728	12
934096	5833.PFB0590w	85.8	9
932911	5833.PF13_0226	1490	285
931995	5833.PF10_0179a	553	28
935143	5833.PFF0645c	569	300
934823	5833.PFE0655w	8.51	16
935846	5833.PFL0675c	35.9	18
931369	5833.MAL8P1.106.1	62.2	4
935410	5833.PFI0360c	20.2	2
933025	5833.PF13_0346	3286	396
933583	5833.PF14_0548	119	26
935306	5833.PFF1450w	28.6	6
934562	5833.PFD0605c	29.6	6
934893	5833.PFE1020w	247	22
932215	5833.PF10_0409	163	32
932214	5833.PF10_0407	185	62
933863	5833.PFA0205w	2045	780
934253	5833.PFC0235w	62.0	38
935181	5833.PFF0830w	43.6	24
932008	5833.PF10_0193	212	20
933276	5833.PF14_0239	9.97	2
933274	5833.PF14_0237	19.7	4
933269	5833.PF14_0232	86.1	16
933267	5833.PF14_0230	1203	166
933268	5833.PF14_0231	1140	110
934730	5833.PFE0185c	349	16
934293	5833.PFC0395w	402	104
934842	5833.PFE0760w	26.2	2
934967	5833.PFE1390w	4.07	2
936073	5833.PFL1785c	12.3	2
930822	5833.MAL13P1.102	443	208
934738	5833.PFE0225w	848	90
934382	5833.PFC0820w	37.0	92
934232	5833.PFC0150w	197	120
935748	5833.PFL0185c	1865	264
934118	5833.PFB0690w	1225	132
932011	5833.PF10_0195a	220	14
933160	5833.PF14_0122	2732	218
933730	5833.PF14_0691	12.2	2
933733	5833.PF14_0694	5.98	2
933165	5833.PF14_0127	46.6	10
933162	5833.PF14_0124	1224	445
933163	5833.PF14_0125	30.3	10
934268	5833.PFC0282w	235	12
931451	5833.MAL8P1.23	82.3	248
932842	5833.PF13_0156	683	64
932843	5833.PF13_0157	34.6	8
932840	5833.PF13_0154	125	14
932838	5833.PF13_0152	229	20
932839	5833.PF13_0153	51.4	20
934601	5833.PFD0795w	118	56
932837	5833.PF13_0151	28.5	6
935397	5833.PFI0305c	13.0	4
934937	5833.PFE1230c	326	6
933382	5833.PF14_0346	183	86
931023	5833.MAL13P1.299	95.6	20
931022	5833.MAL13P1.298	2.22	2
931020	5833.MAL13P1.296	9.77	16
931018	5833.MAL13P1.294	105	20
931017	5833.MAL13P1.293	0.91	2
933384	5833.PF14_0348	14.2	2
931265	5833.MAL7P1.203a	156	4
932303	5833.PF11_0107	72.5	18
932302	5833.PF11_0106	1692	36
932300	5833.PF11_0101	12.3	2
932299	5833.PF11_0100	67.5	6
931646	5833.PF07_0112	689	104
931644	5833.PF07_0110	18.5	6
931651	5833.PF07_0117	650	92
931650	5833.PF07_0116	7.34	8
931649	5833.PF07_0115	132	116
932304	5833.PF11_0108	58.5	40
934015	5833.PFB0210c	2720	343
934480	5833.PFD0165w	14.3	2
936118	5833.PFL2005w	36.7	10
935856	5833.PFL0720w	95.6	6
932774	5833.PF13_0081	49.1	2
932775	5833.PF13_0082	116	10
932779	5833.PF13_0086	5.19	2
932780	5833.PF13_0087	179	30
936045	5833.PFL1645w	3.44	6
932953	5833.PF13_0269	685	224
932408	5833.PF11_0218	88.4	80
936185	5833.PFL2335w	106	52
932402	5833.PF11_0212	81.7	32
934078	5833.PFB0500c	178	26
932405	5833.PF11_0215	29.2	2
933338	5833.PF14_0301.1	382	64
931349	5833.MAL7P1.86	20.9	4
932949	5833.PF13_0265	2.47	2
931351	5833.MAL7P1.88	28.8	8
931594	5833.PF07_0062	26.8	10
932951	5833.PF13_0267	170	28
935426	5833.PFI0440w	202	58
935888	5833.PFL0880c	14.8	16
934829	5833.PFE0690c	360	86
936193	5833.PFL2375c	47.7	6
934916	5833.PFE1130w	154	26
935282	5833.PFF1335c	2308	322
932003	5833.PF10_0187	1440	94
932548	5833.PF11_0363	125	14
932546	5833.PF11_0362	20.5	8
931999	5833.PF10_0183	118	114
933922	5833.PFA0505c	23.4	4
934763	5833.PFE0350c	755	156
933986	5833.PFB0085c	1.6	2
935903	5833.PFL0955c	1430	170
934551	5833.PFD0540c	31.5	14
932174	5833.PF10_0363	139	68
932176	5833.PF10_0366	2402	398
935233	5833.PFF1085c	6.14	2
935232	5833.PFF1085a	57.0	2
931686	5833.PF08_0019	1313	120
935035	5833.PFF0115c	13.0	6
935815	5833.PFL0530c	55.9	22
933846	5833.PFA0120c	11.0	6
936026	5833.PFL1550w	587	152
934167	5833.PFB0923c	67.3	4
935875	5833.PFL0815w	60.6	26
931334	5833.MAL7P1.67	692	78
935822	5833.PFL0565w	702	40
935138	5833.PFF0620c	144	22
931238	5833.MAL7P1.162	476	1305
931241	5833.MAL7P1.167	4.61	6
931240	5833.MAL7P1.164	11.9	4
931556	5833.PF07_0024	12.5	18
934398	5833.PFC0890w	404	38
934367	5833.PFC0745c	420	66
936053	5833.PFL1685w	230	8
932296	5833.PF11_0097	988	190
935238	5833.PFF1110c	83.3	20
935178	5833.PFF0815w	242	56
934606	5833.PFD0815c	1.4	2
935099	5833.PFF0435w	357	86
934779	5833.PFE0430w	16.0	18
935376	5833.PFI0200c	36.7	24
933860	5833.PFA0190c	583	76
934236	5833.PFC0166w	23.1	4
934139	5833.PFB0805c	54.1	2
933630	5833.PF14_0593	601	354
933628	5833.PF14_0591	9.02	6
933634	5833.PF14_0597	334	76
933635	5833.PF14_0598	7077	1200
934872	5833.PFE0910w	427	40
933242	5833.PF14_0205	2000	134
933241	5833.PF14_0204	13.3	8
935532	5833.PFI0970c	86.8	46
933245	5833.PF14_0208	285	18
936173	5833.PFL2275c	151	30
934898	5833.PFE1045c	1.33	2
932637	5833.PF11_0461	881	112
934859	5833.PFE0845c	1458	120
934379	5833.PFC0805w	84.1	76
934749	5833.PFE0280c	347	136
935253	5833.PFF1185w	173	218
930836	5833.MAL13P1.119	477	176
935844	5833.PFL0665c	194	20
934768	5833.PFE0375w	113	18
935773	5833.PFL0320w	14.4	2
934040	5833.PFB0320c	102	10
934962	5833.PFE1355c	255	88
933151	5833.PF14_0112	3.02	4
934813	5833.PFE0605c	10.1	4
936174	5833.PFL2280w	267	126
932849	5833.PF13_0163	73.2	8
932847	5833.PF13_0161	1527	866
932846	5833.PF13_0160	7.98	2
932262	5833.PF11_0061	16516	806
935155	5833.PFF0700c	543	22
933041	5833.PF13_0362	153	19
935119	5833.PFF0535c	43.9	26
935932	5833.PFL1090w	2475	346
933408	5833.PF14_0373	292	44
933407	5833.PF14_0372	4.75	4
935795	5833.PFL0430w	109	6
933412	5833.PF14_0377	764	94
933411	5833.PF14_0376	309	52
933410	5833.PF14_0375	91.9	14
932266	5833.PF11_0065	1000	134
933615	5833.PF14_0579	1446	104
933614	5833.PF14_0578	2697	278
931012	5833.MAL13P1.288	629	48
931013	5833.MAL13P1.289	18.4	10
934230	5833.PFC0140c	351	156
933606	5833.PF14_0571	918	20
933605	5833.PF14_0570	19.8	2
931010	5833.MAL13P1.286	5.73	6
931011	5833.MAL13P1.287	191	18
935802	5833.PFL0465c	39.2	26
932897	5833.PF13_0213	766	54
931007	5833.MAL13P1.283	1271	352
933145	5833.PF14_0105	452	92
935062	5833.PFF0250w	342	100
935630	5833.PFI1455c	3431	440
932664	5833.PF11_0485	171	12
932505	5833.PF11_0320	23.1	2
932398	5833.PF11_0208	2833	534
934935	5833.PFE1220w	121	10
932395	5833.PF11_0205	126	8
932396	5833.PF11_0206	22.3	16
932397	5833.PF11_0207	142	70
932390	5833.PF11_0200	30.1	4
934886	5833.PFE0985w	9.5	4
931356	5833.MAL7P1.94	205	16
931604	5833.PF07_0072	1070	242
931605	5833.PF07_0073	649	176
931606	5833.PF07_0074	157	108
931689	5833.PF08_0022	14.5	4
931611	5833.PF07_0079	587	26
934013	5833.PFB0200c	116	23
935431	5833.PFI0465c	10.3	4
934101	5833.PFB0610c	12.5	4
934930	5833.PFE1195w	673	468
934302	5833.PFC0435w	81.4	46
935394	5833.PFI0290c	196	108
936056	5833.PFL1700c	856	230
932428	5833.PF11_0242	182	143
935915	5833.PFL1005c	299	40
932314	5833.PF11_0118	15.1	4
932315	5833.PF11_0119	42.4	8
932306	5833.PF11_0111	256	142
932307	5833.PF11_0112	209	88
932871	5833.PF13_0185	165	12
932872	5833.PF13_0186	943	88
933937	5833.PFA0580c	6.8	2
934934	5833.PFE1215c	90.4	20
932554	5833.PF11_0370	575	66
931984	5833.PF10_0170	2348	262
932558	5833.PF11_0374	287	166
931988	5833.PF10_0174	571	98
931994	5833.PF10_0179	59.6	56
932562	5833.PF11_0379	12.6	2
934081	5833.PFB0510w	3.54	2
935998	5833.PFL1420w	400	40
934591	5833.PFD0745c	598	26
935542	5833.PFI1020c	146	34
935428	5833.PFI0450c	192	12
934918	5833.PFE1140c	92.9	12
933924	5833.PFA0515w	185	156
935500	5833.PFI0815c	106	16
934605	5833.PFD0810w	1524	182
932126	5833.PF10_0314	40.3	20
932130	5833.PF10_0317	56.1	6
936078	5833.PFL1810w	6.84	2
935939	5833.PFL1125w	20.6	14
935285	5833.PFF1350c	262	96
934274	5833.PFC0310c	54.6	8
935920	5833.PFL1030w	3439	796
931897	5833.PF10_0085	74.2	20
931896	5833.PF10_0084	14905	3646
931899	5833.PF10_0087	141	16
931898	5833.PF10_0086	692	102
931893	5833.PF10_0081	319	82
931894	5833.PF10_0082	7.47	4
931673	5833.PF08_0006	363	34
931674	5833.PF08_0007	2212	76
934780	5833.PFE0435c	255	46
931338	5833.MAL7P1.73	8.06	2
935947	5833.PFL1165w	284	118
934761	5833.PFE0340c	1333	502
931340	5833.MAL7P1.75	101	4
935219	5833.PFF1020c	422	279
935525	5833.PFI0935w	432	78
931192	5833.MAL7P1.114	289	30
931191	5833.MAL7P1.113	10.3	4
931188	5833.MAL7P1.110	42.7	6
932035	5833.PF10_0220	428	72
932038	5833.PF10_0223	513	80
932037	5833.PF10_0222	100	12
932040	5833.PF10_0225	29.7	4
931195	5833.MAL7P1.118	22.3	6
931196	5833.MAL7P1.119	604	184
934397	5833.PFC0886w	342	26
934067	5833.PFB0450w	273	6
934037	5833.PFB0305c.1	63.1	6
934807	5833.PFE0575c	84.5	12
933166	5833.PF14_0128.1	148	12
936011	5833.PFL1480w	305	64
933621	5833.PF14_0585	548	20
933622	5833.PF14_0586	632	88
933624	5833.PF14_0587	12.2	4
935553	5833.PFI1075w	154	16
933626	5833.PF14_0589	365	158
935247	5833.PFF1155w	762	239
933255	5833.PF14_0217	30.8	14
933247	5833.PF14_0210	49.4	8
934808	5833.PFE0580w	51.3	6
933256	5833.PF14_0218	36.4	10
931290	5833.MAL7P1.228	301	223
932545	5833.PF11_0361.1	105	6
936163	5833.PFL2225w	3235	222
930839	5833.MAL13P1.121	96.6	28
934656	5833.PFD1050w	4237	1406
930842	5833.MAL13P1.125	229	44
930845	5833.MAL13P1.128	169	14
932182	5833.PF10_0372.2	839	12
934003	5833.PFB0161c	263	14
932902	5833.PF13_0218	90.6	46
934751	5833.PFE0290c	354	26
933141	5833.PF14_0101	39.5	72
933142	5833.PF14_0102	5.34	2
933144	5833.PF14_0104	766	172
932898	5833.PF13_0214	952	196
932900	5833.PF13_0216	144	10
936140	5833.PFL2110c	9.78	8
934428	5833.PFC1025w	412	10
932245	5833.PF11_0043	757	58
932615	5833.PF11_0438	1433	58
932860	5833.PF13_0174	266	12
932862	5833.PF13_0176	51.6	12
932856	5833.PF13_0170	210	110
932857	5833.PF13_0171	1068	74
932859	5833.PF13_0173	6.24	2
932864	5833.PF13_0178	175	14
932865	5833.PF13_0179	850	528
935079	5833.PFF0335c	39.6	8
933403	5833.PF14_0368	6023	572
933399	5833.PF14_0364	29.6	12
933400	5833.PF14_0365	56.5	12
933396	5833.PF14_0360	271	116
933397	5833.PF14_0361	219	38
933398	5833.PF14_0363	38.6	38
933604	5833.PF14_0569	42.1	18
933598	5833.PF14_0563	281	108
933602	5833.PF14_0567	110	32
936085	5833.PFL1845c	167	16
934668	5833.PFD1110w	7457	681
930978	5833.MAL13P1.253	38.5	2
930982	5833.MAL13P1.257	109	10
930981	5833.MAL13P1.256	5.02	6
931171	5833.MAL13P1.90	17.6	6
930979	5833.MAL13P1.254	2482	306
934009	5833.PFB0190c	13.2	16
934228	5833.PFC0130c	22.1	4
936155	5833.PFL2185w	61.9	14
935193	5833.PFF0885w	952	68
935475	5833.PFI0690c	22.5	12
934493	5833.PFD0235c	87.5	28
935737	5833.PFL0130c	152	130
935612	5833.PFI1365w	93.3	6
935605	5833.PFI1330c	280	41
933822	5833.PF14_0815	86.7	6
935837	5833.PFL0635c	31.0	12
931173	5833.MAL13P1.92	1124	66
932885	5833.PF13_0199	15.4	12
932359	5833.PF11_0169	77.3	6
932357	5833.PF11_0168	958	382
932353	5833.PF11_0164	795	102
932876	5833.PF13_0190	125	18
932349	5833.PF11_0160	52.8	18
932351	5833.PF11_0162	18.6	4
932490	5833.PF11_0305	59.4	16
932489	5833.PF11_0304	23.7	20
931980	5833.PF10_0166	523	106
932485	5833.PF11_0300	37.7	10
932488	5833.PF11_0303	539	82
932487	5833.PF11_0302	148	28
931370	5833.MAL8P1.107	90.1	6
931367	5833.MAL8P1.104	39.9	24
931983	5833.PF10_0169	31.7	6
935270	5833.PFF1275c	299	60
931366	5833.MAL8P1.103	22.6	8
935588	5833.PFI1245c	5.13	6
934098	5833.PFB0600c	428	12
934854	5833.PFE0820c	9.44	2
934476	5833.PFD0145c	23.1	6
935942	5833.PFL1140w	137	12
932513	5833.PF11_0327	3.44	2
932117	5833.PF10_0306	15.8	4
933918	5833.PFA0485w.1	35.4	10
932589	5833.PF11_0411	315	92
932591	5833.PF11_0413	105	10
932590	5833.PF11_0412	357	24
932593	5833.PF11_0415	2188	98
934795	5833.PFE0510c	451	58
931910	5833.PF10_0098	55.8	14
931911	5833.PF10_0099	3.03	2
935385	5833.PFI0245c	388	36
932930	5833.PF13_0246	123	14
934272	5833.PFC0300c	1188	108
934586	5833.PFD0720w	49.2	6
934911	5833.PFE1105c	9.25	4
931182	5833.MAL7P1.104	85.4	8
931184	5833.MAL7P1.106	210	14
934890	5833.PFE1005w	591	50
935711	5833.PFI1835c	257	22
932047	5833.PF10_0232	103	156
935278	5833.PFF1315w	11.2	10
932046	5833.PF10_0231	166	60
932051	5833.PF10_0236	415	46
931186	5833.MAL7P1.108	99.7	94
932049	5833.PF10_0234	336	152
934146	5833.PFB0840w	38.4	8
935311	5833.PFF1475c	59.8	10
931769	5833.PF08_0102	7.83	6
931776	5833.PF08_0109	532	106
931775	5833.PF08_0108	1230	224
934496	5833.PFD0250c	11.5	8
934408	5833.PFC0930c	17.8	14
935484	5833.PFI0735c	52.5	12
934716	5833.PFE0115c	269	26
934888	5833.PFE0995c	44.9	12
934547	5833.PFD0520c	2528	174
933809	5833.PF14_0774	110	34
935128	5833.PFF0575c	45.3	56
934988	5833.PFE1505w	109	6
930853	5833.MAL13P1.135	214	26
930848	5833.MAL13P1.130	7132	470
934288	5833.PFC0375c	48.1	26
935074	5833.PFF0310w	69.1	4
933519	5833.PF14_0485	54.6	26
933518	5833.PF14_0484	39.5	6
933521	5833.PF14_0487	12.2	10
933520	5833.PF14_0486	2013	800
934404	5833.PFC0912w	268	20
934772	5833.PFE0395c	1584	290
931707	5833.PF08_0040	12.6	4
932892	5833.PF13_0208	18.5	6
933216	5833.PF14_0178	123	12
933211	5833.PF14_0174	22.7	6
932887	5833.PF13_0201	11631	2894
933208	5833.PF14_0170	1.05	2
932890	5833.PF13_0204	6.96	2
932891	5833.PF13_0205	74.3	26
935242	5833.PFF1130c	85.2	20
935380	5833.PFI0220w	244	16
935095	5833.PFF0415c	793	12
932366	5833.PF11_0175a	2039	246
931485	5833.MAL8P1.52	128	6
934653	5833.PFD1035w	269	56
934658	5833.PFD1060w	115	158
935462	5833.PFI0625c	52.8	18
933895	5833.PFA0370w	346	50
931490	5833.MAL8P1.57	56.7	20
934285	5833.PFC0365w	123	16
932358	5833.PF11_0168a	4.46	4
933426	5833.PF14_0391	320	46
932926	5833.PF13_0241a	174	10
933024	5833.PF13_0345	304	76
933430	5833.PF14_0395	33.8	14
933432	5833.PF14_0397	340	40
933431	5833.PF14_0396	24.1	8
933434	5833.PF14_0399	63.6	10
936142	5833.PFL2120w	63.3	46
933594	5833.PF14_0559	8.06	6
933592	5833.PF14_0557	110	16
933591	5833.PF14_0556	89.4	78
933589	5833.PF14_0554	427	12
933588	5833.PF14_0553	39.7	8
935623	5833.PFI1420w	42.6	6
936060	5833.PFL1720w	1201	268
930972	5833.MAL13P1.248	371	48
930973	5833.MAL13P1.249	3.88	6
930964	5833.MAL13P1.240	185	130
931167	5833.MAL13P1.86	7.72	4
931162	5833.MAL13P1.81	108	6
931164	5833.MAL13P1.83	133	90
931163	5833.MAL13P1.82	278	30
933932	5833.PFA0555c	67.5	16
935777	5833.PFL0340w	294	82
932066	5833.PF10_0253b	97.1	6
931094	5833.MAL13P1.395	6.11	2
934633	5833.PFD0950w	754	68
934836	5833.PFE0730c	167	16
935652	5833.PFI1555w	502	6
931549	5833.PF07_0017	63.9	32
934525	5833.PFD0400w	6.29	4
932356	5833.PF11_0167	22.2	2
931551	5833.PF07_0019	9.29	6
934938	5833.PFE1235c	48.3	16
935682	5833.PFI1695c	69.4	6
931097	5833.MAL13P1.405	70.0	48
935799	5833.PFL0450c	12.6	4
936209	5833.PFL2455w	99.2	2
931008	5833.MAL13P1.284	268	32
932370	5833.PF11_0179	519	42
932368	5833.PF11_0177	438	88
932364	5833.PF11_0174	1137	390
932365	5833.PF11_0175	64.2	38
932362	5833.PF11_0172	31.2	4
932360	5833.PF11_0170	35.6	6
932361	5833.PF11_0171	205	58
933546	5833.PF14_0510	1202	106
933874	5833.PFA0265c	22.0	2
933886	5833.PFA0325w	31.0	2
931969	5833.PF10_0156	299	62
932499	5833.PF11_0314	687	172
932500	5833.PF11_0315	3.56	2
932497	5833.PF11_0312	1138	40
932498	5833.PF11_0313	1205	178
932495	5833.PF11_0310	372	88
931962	5833.PF10_0150	6.84	2
933729	5833.PF14_0690	23.8	22
936184	5833.PFL2330w	38.7	8
935427	5833.PFI0445c	128	38
932145	5833.PF10_0331	93.6	38
933736	5833.PF14_0697	9.31	2
932152	5833.PF10_0337	211	34
932149	5833.PF10_0334	242	62
932587	5833.PF11_0408	19.2	22
932588	5833.PF11_0409	117	18
934539	5833.PFD0465c	136	22
933320	5833.PF14_0282	93.7	112
933877	5833.PFA0280w	4.01	6
932580	5833.PF11_0400	9.56	8
932585	5833.PF11_0406	42.8	14
932586	5833.PF11_0407	5.63	2
936211	5833.PFL2465c	195	34
932456	5833.PF11_0269	358	28
932486	5833.PF11_0301	895	162
934583	5833.PFD0705c	164	18
934387	5833.PFC0840w	5.4	4
931213	5833.MAL7P1.139	186	22
931371	5833.MAL8P1.108	93.4	22
931372	5833.MAL8P1.109	41.6	6
931210	5833.MAL7P1.134	3.25	6
934873	5833.PFE0915c	728	114
932022	5833.PF10_0208	243	58
934520	5833.PFD0375w	171	120
932019	5833.PF10_0205	41.1	40
932017	5833.PF10_0203	971	118
931368	5833.MAL8P1.105	329	188
932452	5833.PF11_0266	521	38
931756	5833.PF08_0089	178	230
931782	5833.PF08_0115	226	60
931780	5833.PF08_0113	1107	506
931777	5833.PF08_0110	127	18
931786	5833.PF08_0119	842	18
935033	5833.PFF0105w	131	24
935042	5833.PFF0150c	36.2	6
936027	5833.PFL1555w	505	20
936082	5833.PFL1830w	204	14
934144	5833.PFB0830w	549	28
932763	5833.PF13_0069a	2214	26
936055	5833.PFL1695c	227	12
934573	5833.PFD0665c	956	174
936130	5833.PFL2065c	101	6
935860	5833.PFL0740c	829	44
934406	5833.PFC0920w	5788	379
934115	5833.PFB0680w	703	304
935534	5833.PFI0980w	49.9	18
934417	5833.PFC0975c	3976	304
934265	5833.PFC0275w	674	242
934852	5833.PFE0810c	1665	129
935369	5833.PFI0165c	160	220
934494	5833.PFD0240c	8.27	2
935226	5833.PFF1055c	77.0	32
935408	5833.PFI0350c	74.8	8
935673	5833.PFI1650w	10.3	4
933532	5833.PF14_0498	10.3	2
933531	5833.PF14_0497	15.0	4
933529	5833.PF14_0495	882	662
933526	5833.PF14_0492	547	84
933527	5833.PF14_0493	350	136
934955	5833.PFE1320w	23.1	16
933206	5833.PF14_0168	951	134
933694	5833.PF14_0655	2931	512
933205	5833.PF14_0167	117	10
933202	5833.PF14_0164	628	192
932919	5833.PF13_0234	1133	330
932918	5833.PF13_0233	7229	2454
932917	5833.PF13_0232	449	70
933811	5833.PF14_0778.1	408	32
935638	5833.PFI1485c	21.5	14
935458	5833.PFI0605c	391	114
935148	5833.PFF0670w	1.66	2
933037	5833.PF13_0358	383	28
935084	5833.PFF0360w	29.2	6
933029	5833.PF13_0350	78.4	20
934301	5833.PFC0430w	140	72
933033	5833.PF13_0354	166	106
935411	5833.PFI0365w	124	66
933035	5833.PF13_0356	9.12	2
933417	5833.PF14_0382	3.7	2
933418	5833.PF14_0383	2.09	2
935589	5833.PFI1250w	203	10
933907	5833.PFA0430c	108	62
934321	5833.PFC0520w	329	36
935382	5833.PFI0230c	445	48
933575	5833.PF14_0540	30.4	11
936201	5833.PFL2415w	119	26
933577	5833.PF14_0542	173	14
933578	5833.PF14_0543	915	98
933580	5833.PF14_0545	3597	196
933581	5833.PF14_0546	394	126
935374	5833.PFI0190w	686	44
933376	5833.PF14_0341	333	98
934660	5833.PFD1070w	86.3	16
931003	5833.MAL13P1.279	60.9	12
930999	5833.MAL13P1.275	13.7	8
930998	5833.MAL13P1.274	121	56
932060	5833.PF10_0246	105	56
930996	5833.MAL13P1.271	1522	64
930995	5833.MAL13P1.270	649	84
932597	5833.PF11_0419	4.89	2
934041	5833.PFB0325c	2667	943
934941	5833.PFE1250w	1184	376
934436	5833.PFC1065w	9.86	4
936151	5833.PFL2165w	75.3	44
933385	5833.PF14_0349	656	68
931561	5833.PF07_0029	1796	732
935650	5833.PFI1545c	885	114
935628	5833.PFI1445w	14.0	12
931558	5833.PF07_0026	38.5	14
934103	5833.PFB0620w	551	34
932293	5833.PF11_0095	121	10
932697	5833.PF11_0545	16454	505
932295	5833.PF11_0096	636	148
932289	5833.PF11_0091	354	222
932290	5833.PF11_0092	15.9	12
932298	5833.PF11_0099	495	158
932297	5833.PF11_0098	2019	358
935892	5833.PFL0900c	57.4	16
935770	5833.PFL0305c	43.4	12
932333	5833.PF11_0142	1143	100
932332	5833.PF11_0141	209	22
932336	5833.PF11_0145	87.0	20
931961	5833.PF10_0149	396	168
932515	5833.PF11_0329	159	54
932506	5833.PF11_0321	24.7	8
931955	5833.PF10_0143	14.8	16
934944	5833.PFE1265w	33.0	10
932511	5833.PF11_0326	0.953	2
932510	5833.PF11_0325	5978	234
931380	5833.MAL8P1.121	154	30
931381	5833.MAL8P1.122	81.8	10
931382	5833.MAL8P1.123	10.8	10
931384	5833.MAL8P1.125	509	84
931385	5833.MAL8P1.126	251	126
931386	5833.MAL8P1.127	115	64
931387	5833.MAL8P1.128	589	112
936089	5833.PFL1865w	13.6	12
932414	5833.PF11_0225	166	60
935312	5833.PFF1480w	69.9	16
931124	5833.MAL13P1.52	19.8	12
931127	5833.MAL13P1.53	48.5	6
931118	5833.MAL13P1.50	222	24
931121	5833.MAL13P1.51	159	28
931134	5833.MAL13P1.56	1812	1199
931132	5833.MAL13P1.55	47.5	4
932142	5833.PF10_0328	145	46
935124	5833.PFF0560c	103	38
932138	5833.PF10_0324	90.0	4
932139	5833.PF10_0325	470	54
932140	5833.PF10_0326	21.4	10
932141	5833.PF10_0327	21.9	8
934364	5833.PFC0730w	607	46
935145	5833.PFF0655c	12.5	8
932411	5833.PF11_0222	22.0	6
932616	5833.PF11_0439	59.8	22
935601	5833.PFI1310w	248	80
932614	5833.PF11_0437	831	72
932613	5833.PF11_0436	13.5	4
932612	5833.PF11_0435	40.0	32
932610	5833.PF11_0433	55.5	74
934894	5833.PFE1025c	213	22
936001	5833.PFL1432w	141	6
931297	5833.MAL7P1.26	81.9	10
934665	5833.PFD1095w	118	14
935733	5833.PFL0110c	817	110
934490	5833.PFD0215c	507	98
934969	5833.PFE1400c	322	132
931205	5833.MAL7P1.129	31.2	10
931204	5833.MAL7P1.127	3.74	4
931203	5833.MAL7P1.126	11.5	8
931202	5833.MAL7P1.125	1245	414
931200	5833.MAL7P1.123	140	18
931199	5833.MAL7P1.122	611	138
934251	5833.PFC0225c	28.6	6
932024	5833.PF10_0210	737	120
935684	5833.PFI1700c	4.18	2
932032	5833.PF10_0217	102	22
932033	5833.PF10_0218	238	60
932034	5833.PF10_0219	11.9	4
935274	5833.PFF1295w	332	50
934619	5833.PFD0880w	290	62
931796	5833.PF08_0129	525	112
931795	5833.PF08_0128	5.68	2
934669	5833.PFD1115c	18.5	12
931788	5833.PF08_0121	354	30
931787	5833.PF08_0120	68.5	12
931794	5833.PF08_0127	6.02	2
935827	5833.PFL0590c	104	48
935371	5833.PFI0175w.1	179	64
934732	5833.PFE0195w	2.5	2
935523	5833.PFI0925w	7.46	6
931028	5833.MAL13P1.303.1	202	32
934389	5833.PFC0850c	109	46
934247	5833.PFC0210c	27771	2153
934097	5833.PFB0595w	267	42
935094	5833.PFF0410w	11.8	12
934805	5833.PFE0565w	1282	256
932907	5833.PF13_0222	148	56
933888	5833.PFA0335w	428	68
933755	5833.PF14_0717	362	76
933754	5833.PF14_0716	545	81
933751	5833.PF14_0713	30.9	10
933666	5833.PF14_0627	1313	176
935810	5833.PFL0505c	91.3	14
932912	5833.PF13_0227	182	30
934137	5833.PFB0795w	631	228
931530	5833.MAL8P1.95	479	52
934713	5833.PFE0100w	9.15	6
935485	5833.PFI0740c	120	2
935154	5833.PFF0695w	58.7	8
934736	5833.PFE0215w	3.39	2
934267	5833.PFC0281w	525	14
935927	5833.PFL1065c	274	84
933192	5833.PF14_0153	51.2	26
933190	5833.PF14_0151	237	48
932909	5833.PF13_0224	1082	96
932910	5833.PF13_0225	672	152
933194	5833.PF14_0155	16.2	4
935192	5833.PFF0880c	114	12
932913	5833.PF13_0228	1607	154
932914	5833.PF13_0229	594	228
933198	5833.PF14_0159	111	60
931531	5833.MAL8P1.96	58.6	14
931527	5833.MAL8P1.91	12.9	4
934229	5833.PFC0135c	489	382
934654	5833.PFD1037w	66.1	8
934818	5833.PFE0630c	538	84
932407	5833.PF11_0217	446	54
935671	5833.PFI1640c	17.3	2
935556	5833.PFI1090w	1626	334
933009	5833.PF13_0329	231	18
933008	5833.PF13_0328	1902	296
933005	5833.PF13_0324	519	110
935767	5833.PFL0290w	2.81	2
933003	5833.PF13_0322	1830	1365
935115	5833.PFF0515c	33.1	2
931345	5833.MAL7P1.81	1046	148
935798	5833.PFL0445w	89.2	68
933066	5833.PF14_0027	456	18
933064	5833.PF14_0025	358	106
936162	5833.PFL2220w	19.8	6
933565	5833.PF14_0530	5.57	4
933059	5833.PF14_0020	46.2	8
933920	5833.PFA0495c	10.5	6
934151	5833.PFB0865w	856	54
935077	5833.PFF0325c	24.3	26
930986	5833.MAL13P1.260	148	104
930991	5833.MAL13P1.266	131	112
930992	5833.MAL13P1.267	3.18	2
932728	5833.PF13_0033	695	198
932727	5833.PF13_0032	151	46
932729	5833.PF13_0034	92.6	30
932734	5833.PF13_0039	30.4	2
936063	5833.PFL1735c	6.67	4
935886	5833.PFL0870w	164	36
933901	5833.PFA0400c	777	92
935573	5833.PFI1175c	688	56
933481	5833.PF14_0448	549	66
934080	5833.PFB0505c	35.6	2
934530	5833.PFD0425w	5216	2520
933475	5833.PF14_0441	48.5	12
933477	5833.PF14_0443	1017	102
933476	5833.PF14_0442	46.0	66
933480	5833.PF14_0447	1821	284
935372	5833.PFI0180w	8074	2064
931571	5833.PF07_0039	135	8
935166	5833.PFF0755c	14.8	18
931569	5833.PF07_0037	5.44	8
931564	5833.PF07_0032	319	34
931565	5833.PF07_0033	1661	664
932284	5833.PF11_0086	183	214
934640	5833.PFD0985w	4.23	14
932283	5833.PF11_0084	21.2	8
932282	5833.PF11_0083	45.7	12
932560	5833.PF11_0377.1	1577	328
930884	5833.MAL13P1.164	268	70
932345	5833.PF11_0156	40.8	12
932346	5833.PF11_0157	103	22
935936	5833.PFL1110c	1541	430
932523	5833.PF11_0338	1687	134
933852	5833.PFA0150c	54.6	10
931949	5833.PF10_0137	146	28
931943	5833.PF10_0131	101	34
932517	5833.PF11_0331	846	308
932518	5833.PF11_0332	238	40
934242	5833.PFC0190c	103	38
931393	5833.MAL8P1.134	21.7	16
936081	5833.PFL1825w	1841	151
936052	5833.PFL1680w	53.9	34
933007	5833.PF13_0327	121	18
931399	5833.MAL8P1.139	13.2	34
934889	5833.PFE1000c	11.4	4
934511	5833.PFD0330w	3.87	2
930889	5833.MAL13P1.169	272	50
936006	5833.PFL1455w	6.13	2
931096	5833.MAL13P1.40	96.4	22
931109	5833.MAL13P1.47	137	24
933866	5833.PFA0225w	16.6	5
931847	5833.PF10_0041	218	124
931849	5833.PF10_0043	243	22
933925	5833.PFA0520c	200	32
931851	5833.PF10_0045	1.43	2
931852	5833.PF10_0046	167	74
932607	5833.PF11_0429	25.9	6
933936	5833.PFA0575c	195	6
935804	5833.PFL0475w	23.4	14
935204	5833.PFF0940c	1874	1014
931315	5833.MAL7P1.36	521	18
935513	5833.PFI0875w	4062	1170
931317	5833.MAL7P1.38	667	194
932075	5833.PF10_0264	1204	174
932074	5833.PF10_0262	13.1	10
934373	5833.PFC0775w	995	100
932080	5833.PF10_0269	56.0	6
932079	5833.PF10_0268	2772	322
931800	5833.PF08_0134	316	12
935743	5833.PFL0160w	334	10
934843	5833.PFE0765w	6.32	6
931799	5833.PF08_0132	393	225
934062	5833.PFB0423c	100	30
933063	5833.PF14_0024	256	22
936070	5833.PFL1770c	2627	262
934853	5833.PFE0815w	7.21	2
934587	5833.PFD0725c	174	28
935541	5833.PFI1015w	357	128
934395	5833.PFC0880c	10.1	4
932620	5833.PF11_0442	13.2	8
931869	5833.PF10_0061	2345	318
935463	5833.PFI0630w	439	60
935169	5833.PFF0770c	4.84	4
933742	5833.PF14_0704	16.0	2
933739	5833.PF14_0700	243	40
933999	5833.PFB0145c	18.1	18
934504	5833.PFD0295c	656	278
935749	5833.PFL0190w	989	36
935205	5833.PFF0945c	151	122
934877	5833.PFE0935c	9.62	6
934524	5833.PFD0395c	25.3	2
934797	5833.PFE0520c	5.32	2
934485	5833.PFD0195c	436	18
934497	5833.PFD0255w	106	44
933670	5833.PF14_0632	591	310
933671	5833.PF14_0633	373	104
933185	5833.PF14_0146	511	52
934548	5833.PFD0525w	426	58
933676	5833.PF14_0637	48.1	42
932937	5833.PF13_0253	61.4	20
933182	5833.PF14_0143	28.6	30
931522	5833.MAL8P1.85	488	46
931519	5833.MAL8P1.82	31.0	24
931520	5833.MAL8P1.83	460	46
931518	5833.MAL8P1.81	79.5	8
934282	5833.PFC0350c	952	248
935954	5833.PFL1200c	45.1	4
933917	5833.PFA0480w	199	60
934770	5833.PFE0385w	50.0	34
935189	5833.PFF0865w	10319	150
933018	5833.PF13_0339	38.9	20
933016	5833.PF13_0337	11.9	2
933014	5833.PF13_0335	80.0	42
933012	5833.PF13_0333	33.4	18
933010	5833.PF13_0330	287	86
935209	5833.PFF0970w	28.2	4
933080	5833.PF14_0038	663	60
932819	5833.PF13_0133	17.4	4
933075	5833.PF14_0033	35.5	4
933076	5833.PF14_0034	33.1	6
935180	5833.PFF0825c	130	26
933562	5833.PF14_0527	408	96
933559	5833.PF14_0523	79.9	20
933556	5833.PF14_0520	908	174
933564	5833.PF14_0529	168	84
930935	5833.MAL13P1.214	2169	420
930933	5833.MAL13P1.212	1802	326
935554	5833.PFI1080w	8.2	2
934266	5833.PFC0280c	214	38
932718	5833.PF13_0023	17.6	2
932716	5833.PF13_0021	845	84
934123	5833.PFB0715w	42.6	24
935765	5833.PFL0280c	47.7	10
933485	5833.PF14_0452	1754	108
933487	5833.PF14_0453	45.7	10
933483	5833.PF14_0450	10.1	2
935978	5833.PFL1320w	10.1	6
936136	5833.PFL2090c	174	18
932691	5833.PF11_0528	231	648
932688	5833.PF11_0524	486	24
932689	5833.PF11_0526	11.1	2
933716	5833.PF14_0676	681	94
931055	5833.MAL13P1.329	132	14
935826	5833.PFL0585w	908	384
931052	5833.MAL13P1.326	18.7	4
934622	5833.PFD0895c	89.6	10
934303	5833.PFC0440c	3.42	4
935080	5833.PFF0340c	299	40
935829	5833.PFL0600w	75.8	18
935842	5833.PFL0655w	168	54
934106	5833.PFB0635w	1210	334
933903	5833.PFA0410w	467	372
931936	5833.PF10_0124	24.3	16
931934	5833.PF10_0122	416	130
931935	5833.PF10_0123	179	55
931932	5833.PF10_0120	50.8	4
931933	5833.PF10_0121	1975	218
932380	5833.PF11_0189	370	293
932378	5833.PF11_0187	110	10
932376	5833.PF11_0185	6.36	6
932374	5833.PF11_0183	1853	338
932371	5833.PF11_0180	126	10
934602	5833.PFD0800c	97.8	20
931454	5833.MAL8P1.25a	345	22
931031	5833.MAL13P1.306.1	117	22
931160	5833.MAL13P1.79	235	26
935753	5833.PFL0210c	1621	120
934936	5833.PFE1225w	49.3	6
931156	5833.MAL13P1.75	57.5	20
931151	5833.MAL13P1.70	16.2	28
931154	5833.MAL13P1.73	47.5	28
936100	5833.PFL1920c	315	32
934952	5833.PFE1305c.1	216	62
931308	5833.MAL7P1.320	352	6
932629	5833.PF11_0454	737	38
932633	5833.PF11_0457	23.4	4
934240	5833.PFC0180c	3117	1573
932634	5833.PF11_0458	51.2	8
934775	5833.PFE0410w	83.5	14
934145	5833.PFB0835c	290	72
934513	5833.PFD0340c	44.5	42
934090	5833.PFB0555c	39.2	84
935905	5833.PFL0960w	314	20
934987	5833.PFE1500c	36.5	4
935783	5833.PFL0370w	3235	784
932087	5833.PF10_0276	30.0	4
932083	5833.PF10_0272	723	126
935429	5833.PFI0455w	25.0	16
934590	5833.PFD0740w	14.7	6
935818	5833.PFL0545w	988	764
934817	5833.PFE0625w	1012	156
935746	5833.PFL0175c	154	36
936146	5833.PFL2140c	3401	410
934729	5833.PFE0175c	31.6	14
935434	5833.PFI0480w	31.0	22
935524	5833.PFI0930c	1913	308
935531	5833.PFI0965w	22.0	4
932453	5833.PF11_0266a	97.1	6
934848	5833.PFE0790c	347	10
934744	5833.PFE0255w	463	104
934704	5833.PFE0055c	10.7	6
935596	5833.PFI1281w	132	6
934246	5833.PFC0205c	680	32
936025	5833.PFL1545c	586	210
931833	5833.PF10_0028.1	495	38
933714	5833.PF14_0674	23.5	6
936084	5833.PFL1840w	722	68
932866	5833.PF13_0180	475	58
934741	5833.PFE0240w	34.2	2
935971	5833.PFL1285c	307	40
936113	5833.PFL1980c	34.3	42
933646	5833.PF14_0607	286	142
933642	5833.PF14_0604	1686	252
932927	5833.PF13_0242	531	146
933639	5833.PF14_0601	44.9	6
936043	5833.PFL1635w	34.9	20
936121	5833.PFL2020c	135	50
935175	5833.PFF0800w	185	96
934435	5833.PFC1060c	51.9	16
933236	5833.PF14_0198	314	144
931484	5833.MAL8P1.51	661	44
933234	5833.PF14_0196	39.5	30
931486	5833.MAL8P1.53	72.7	18
933232	5833.PF14_0194	95.6	6
933230	5833.PF14_0192	652	188
933229	5833.PF14_0191	194	30
933228	5833.PF14_0190	51.6	14
935246	5833.PFF1150w	51.0	8
935488	5833.PFI0755c	450	398
932984	5833.PF13_0301	127	14
932983	5833.PF13_0300	176	8
932988	5833.PF13_0305	4570	2180
932987	5833.PF13_0304	4570	2180
935857	5833.PFL0725w	1013	126
933554	5833.PF14_0518	198	16
933085	5833.PF14_0044	262	44
933547	5833.PF14_0511	367	198
933087	5833.PF14_0046	137	26
933553	5833.PF14_0517	167	78
934657	5833.PFD1055w	1220	146
933326	5833.PF14_0288	340	14
936050	5833.PFL1670c	98.7	40
935963	5833.PFL1245w	363	200
933319	5833.PF14_0281	12.6	4
933318	5833.PF14_0280	119	26
933324	5833.PF14_0286	429	168
936059	5833.PFL1715w	28.1	8
935501	5833.PFI0820c	514	106
933851	5833.PFA0145c	163	68
930929	5833.MAL13P1.209	796	16
934223	5833.PFC0110w	2.33	2
930916	5833.MAL13P1.194	21.7	8
932711	5833.PF13_0016	14.3	2
932709	5833.PF13_0014	1101	88
930912	5833.MAL13P1.190	310	102
936217	5833.PFL2505c	757	1022
935313	5833.PFF1485w	107	50
931947	5833.PF10_0135	133	30
933500	5833.PF14_0468	4.95	2
933499	5833.PF14_0467	6922	932
933496	5833.PF14_0464	160	22
933493	5833.PF14_0461	2.02	4
934158	5833.PFB0888w.1	345	10
931844	5833.PF10_0038	1070	30
931942	5833.PF10_0130	232	72
935066	5833.PFF0270c	10.3	12
934270	5833.PFC0290w	1382	32
931058	5833.MAL13P1.331	259	12
931060	5833.MAL13P1.333	26.8	48
931061	5833.MAL13P1.334	16.0	4
931063	5833.MAL13P1.336	326	68
931064	5833.MAL13P1.337	209	18
935400	5833.PFI0320w	30.4	6
934531	5833.PFD0430c	3459	1502
934017	5833.PFB0220w	146	26
931924	5833.PF10_0112	5931	234
931923	5833.PF10_0111	490	46
931927	5833.PF10_0115	604	311
935264	5833.PFF1245c	452	22
935284	5833.PFF1345w	107	64
931931	5833.PF10_0119	264	42
936134	5833.PFL2080c	1075	26
932381	5833.PF11_0190	91.3	14
932382	5833.PF11_0191	156	56
932384	5833.PF11_0193	6.79	2
932387	5833.PF11_0197	29.4	8
935123	5833.PFF0555w	602	112
935277	5833.PFF1310c	208	12
935591	5833.PFI1260c	45.0	8
931143	5833.MAL13P1.63	93.0	52
933132	5833.PF14_0092	1514	146
934879	5833.PFE0950c	2038	248
931146	5833.MAL13P1.66	1.11	2
931144	5833.MAL13P1.64	331	12
931149	5833.MAL13P1.69	113	20
931306	5833.MAL7P1.310	21.1	2
935070	5833.PFF0290w	187	18
932623	5833.PF11_0447	499	34
934534	5833.PFD0445c	2.72	4
931871	5833.PF10_0063	2008	156
932617	5833.PF11_0440	346	74
933913	5833.PFA0460c	795	76
931877	5833.PF10_0068	775	82
931259	5833.MAL7P1.19	116	222
931235	5833.MAL7P1.16	10.2	18
931179	5833.MAL7P1.10	156	14
931197	5833.MAL7P1.12	308	340
936196	5833.PFL2390c	25.2	40
934983	5833.PFE1470w	199	26
934609	5833.PFD0830w	287	88
934142	5833.PFB0820c	42.2	28
935298	5833.PFF1410c	111	33
932056	5833.PF10_0242	4.92	2
935305	5833.PFF1445c	72.9	40
932059	5833.PF10_0245	74.3	38
932058	5833.PF10_0244	146	50
935045	5833.PFF0165c	4.54	2
934482	5833.PFD0180c	11.8	6
932758	5833.PF13_0065	367	141
932979	5833.PF13_0296	112	10
934337	5833.PFC0582c.1	193	24
934884	5833.PFE0975c	795	36
934742	5833.PFE0245c	13.7	18
935215	5833.PFF1000w	36.6	12
935885	5833.PFL0865w	145	32
934365	5833.PFC0735w	1190	54
933425	5833.PF14_0390	666	11
934574	5833.PFD0669c	97.6	6
933428	5833.PF14_0393	359	122
935896	5833.PFL0925w	15.2	20
935598	5833.PFI1295c	310	56
933883	5833.PFA0310c	756	307
933019	5833.PF13_0340	8.94	2
935384	5833.PFI0240c	14.2	18
934592	5833.PFD0750w	147	24
931956	5833.PF10_0144	418	64
932172	5833.PF10_0361.1	66.8	42
934355	5833.PFC0690c	9.36	2
933762	5833.PF14_0724	45.5	12
933028	5833.PF13_0349	2753	234
933760	5833.PF14_0722	1.23	4
935101	5833.PFF0445w	47.8	132
935792	5833.PFL0415w	62.0	6
935114	5833.PFF0510w	7585	134
936148	5833.PFL2150c	122	20
935483	5833.PFI0730w	73.1	28
935251	5833.PFF1175c	21.8	8
935222	5833.PFF1035w	2374	494
934095	5833.PFB0585w	29.2	8
933658	5833.PF14_0618	4.11	2
932957	5833.PF13_0273	79.8	100
932956	5833.PF13_0272	3559	252
932954	5833.PF13_0270	458	28
933653	5833.PF14_0614	117	94
933654	5833.PF14_0615	873	210
933656	5833.PF14_0616	68.1	15
932958	5833.PF13_0274	9.27	6
935997	5833.PFL1415w	198	88
936167	5833.PFL2245w	211	24
932601	5833.PF11_0423	817	12
935389	5833.PFI0265c	36.6	20
934820	5833.PFE0640w	10.8	2
932602	5833.PF11_0424	18.3	8
934066	5833.PFB0445c	1303	322
934059	5833.PFB0410c	48.7	16
933609	5833.PF14_0574	223	20
933218	5833.PF14_0180	358	18
931481	5833.MAL8P1.48	47.3	4
933224	5833.PF14_0186	223	86
933225	5833.PF14_0187	125	14
933226	5833.PF14_0188	4.43	4
931477	5833.MAL8P1.43	79.1	16
931474	5833.MAL8P1.40	679	58
932605	5833.PF11_0427	37.1	6
934053	5833.PFB0385w	21.4	2
931478	5833.MAL8P1.45	36.0	14
932997	5833.PF13_0315	316	56
932998	5833.PF13_0316	815	68
932999	5833.PF13_0317	311	26
935982	5833.PFL1340c	98.6	44
935478	5833.PFI0705w	107	16
934743	5833.PFE0250w	12.7	20
933100	5833.PF14_0059	30.3	36
933098	5833.PF14_0057	92.1	6
933534	5833.PF14_0500	12.2	2
933094	5833.PF14_0053	76.0	16
933336	5833.PF14_0298	848	206
933333	5833.PF14_0295	801	214
933334	5833.PF14_0296	637	50
933331	5833.PF14_0293	10.2	2
935190	5833.PFF0870w	5.43	2
930953	5833.MAL13P1.231	232	26
930952	5833.MAL13P1.230	239	100
930955	5833.MAL13P1.233	1720	180
930956	5833.MAL13P1.234	37.4	115
930959	5833.MAL13P1.237	2775	414
930958	5833.MAL13P1.236	310	8
934507	5833.PFD0310w	85.7	4
933504	5833.PF14_0471	41.1	14
934965	5833.PFE1370w	430	62
933510	5833.PF14_0477	65.7	20
933513	5833.PF14_0479	32.0	34
932252	5833.PF11_0051	191	72
932254	5833.PF11_0053	190	174
932253	5833.PF11_0052	69.2	12
932256	5833.PF11_0055	1193	290
931166	5833.MAL13P1.85	64.4	6
931034	5833.MAL13P1.309	283	56
931033	5833.MAL13P1.308	1895	2294
935646	5833.PFI1525w	92.6	12
934857	5833.PFE0835w	107	70
934618	5833.PFD0875c	44.0	24
930967	5833.MAL13P1.243	13.3	10
934107	5833.PFB0640c	618	254
934221	5833.PFC0100c	18.6	4
935950	5833.PFL1180w	30.8	4
933987	5833.PFB0090c	15.9	12
936061	5833.PFL1725w	4404	1641
933215	5833.PF14_0177b	486	28
931919	5833.PF10_0107	1713	158
931912	5833.PF10_0100	969	40
931915	5833.PF10_0103	440	52
931921	5833.PF10_0109	182	4
935572	5833.PFI1170c	52.9	16
934305	5833.PFC0445w	59.0	10
931131	5833.MAL13P1.540	702	362
934809	5833.PFE0585c	1455	514
935550	5833.PFI1060w	4.18	4
932479	5833.PF11_0293	464	30
932478	5833.PF11_0292	403	60
932477	5833.PF11_0291	2.46	2
930868	5833.MAL13P1.15	799	40
932483	5833.PF11_0297	4.77	2
930847	5833.MAL13P1.13	2.76	4
932481	5833.PF11_0295	159	38
934634	5833.PFD0955w	447	84
934623	5833.PFD0900w	5.14	4
930901	5833.MAL13P1.18	61.8	47
934529	5833.PFD0420c	96.4	26
931890	5833.PF10_0079	21.5	42
931304	5833.MAL7P1.300	472	8
931879	5833.PF10_0070	60.8	6
931881	5833.PF10_0071	389	110
932653	5833.PF11_0477	17.1	8
932652	5833.PF11_0476	67.7	8
931887	5833.PF10_0076	30.6	16
932651	5833.PF11_0474	2084	150
931759	5833.PF08_0092	18.5	10
931758	5833.PF08_0091	2.72	2
935275	5833.PFF1300w	1644	508
931763	5833.PF08_0096	898	462
931762	5833.PF08_0095	94.7	40
931761	5833.PF08_0094	74.4	38
936083	5833.PFL1835w	18.7	18
932457	5833.PF11_0270	325	236
931766	5833.PF08_0099	314	18
932459	5833.PF11_0272	1152	78
932462	5833.PF11_0275	11.3	6
933652	5833.PF14_0613	5.91	10
933861	5833.PFA0195w	335	108
934368	5833.PFC0750w	490	290
933657	5833.PF14_0617	195	32
935415	5833.PFI0385c	137	24
932067	5833.PF10_0254	52.7	32
934774	5833.PFE0405c	362	56
935613	5833.PFI1370c	173	44
935109	5833.PFF0485c	24.9	2
933873	5833.PFA0260c	296	18
935763	5833.PFL0270c	3.83	2
934948	5833.PFE1285w	4224	384
934197	5833.PFB1035w	32.6	2
936005	5833.PFL1450c	1091	316
934256	5833.PFC0245c	7.05	14
932455	5833.PF11_0268	830	188
934822	5833.PFE0650c	73.2	8
935468	5833.PFI0655c	238	20
935654	5833.PFI1565w	1776	158
932155	5833.PF10_0341	10.3	5
934899	5833.PFE1050w	2628	394
931746	5833.PF08_0079	137	14
936015	5833.PFL1500w	375	74
931738	5833.PF08_0071	953	74
931740	5833.PF08_0073	4446	906
931739	5833.PF08_0072	629	88
931742	5833.PF08_0075	1321	138
931741	5833.PF08_0074	2460	212
931744	5833.PF08_0077	50.9	10
931743	5833.PF08_0076	802	62
933881	5833.PFA0300c	126	28
934801	5833.PFE0545c	594	14
936035	5833.PFL1590c	29.6	12
935539	5833.PFI1005w	281	34
934794	5833.PFE0505w	19.6	6
935032	5833.PFF0100w	15.1	12
935563	5833.PFI1125c	630	116
935386	5833.PFI0250c	157	96
931798	5833.PF08_0131	805	78
934336	5833.PFC0581w	152	22
934269	5833.PFC0285c	770	302
932952	5833.PF13_0268	176	14
933708	5833.PF14_0668	4.04	6
933704	5833.PF14_0665	42.6	6
933703	5833.PF14_0664	17.4	32
935404	5833.PFI0335w	56.1	8
933699	5833.PF14_0660	99.8	14
932946	5833.PF13_0262	413	124
934502	5833.PFD0285c	196	216
934875	5833.PFE0925c	78.1	44
931701	5833.PF08_0034	45.8	28
935803	5833.PFL0470w	318	80
935435	5833.PFI0485c	407	242
936092	5833.PFL1880w	735	250
931475	5833.MAL8P1.41	78.4	12
931515	5833.MAL8P1.79	180	24
931514	5833.MAL8P1.78	6828	603
931513	5833.MAL8P1.77	36.1	2
931508	5833.MAL8P1.73	1290	570
931507	5833.MAL8P1.72	4268	129
931505	5833.MAL8P1.70	21.2	8
935535	5833.PFI0985c	40.5	6
933106	5833.PF14_0065	7250	500
933105	5833.PF14_0064	445	44
933110	5833.PF14_0069	51.7	7
933109	5833.PF14_0068	211	36
933300	5833.PF14_0261	997	162
933305	5833.PF14_0267	138	36
930949	5833.MAL13P1.228	167	42
933124	5833.PF14_0083	1174	108
930946	5833.MAL13P1.225	97.8	10
933125	5833.PF14_0084	40.6	146
936088	5833.PFL1860c	172	20
930943	5833.MAL13P1.221	616	146
935436	5833.PFI0490c	459	246
932764	5833.PF13_0070	1395	308
932766	5833.PF13_0072	71.8	86
933439	5833.PF14_0404	37.3	72
933442	5833.PF14_0407	67.0	112
933436	5833.PF14_0401	523	132
933438	5833.PF14_0403	10.2	4
936128	5833.PFL2055w	1714	152
933443	5833.PF14_0408	88.9	70
931620	5833.PF07_0088	853	70
932679	5833.PF11_0515	37.7	2
935161	5833.PFF0730c	317	84
932248	5833.PF11_0047	8.88	2
932246	5833.PF11_0044	7.81	6
932249	5833.PF11_0048	461	34
932250	5833.PF11_0049	224	331
935845	5833.PFL0670c	368	212
934322	5833.PFC0525c	204	50
935182	5833.PFF0835w	380	62
932454	5833.PF11_0267	288	110
934769	5833.PFE0380c	195	65
935188	5833.PFF0860c	6800	232
935806	5833.PFL0485w	23.5	2
932793	5833.PF13_0101	280	222
932794	5833.PF13_0102	354	122
932799	5833.PF13_0109	47.5	20
935517	5833.PFI0895c	239	32
935383	5833.PFI0235w	462	136
933540	5833.PF14_0505	5.16	2
933350	5833.PF14_0315	12.6	34
934959	5833.PFE1340w	213	20
933351	5833.PF14_0316	130	84
935828	5833.PFL0595c	119	20
933535	5833.PF14_0501	10.1	16
933867	5833.PFA0230c	255	36
934970	5833.PFE1405c	70.7	24
934347	5833.PFC0635c	815	82
935494	5833.PFI0785c	88.3	45
932472	5833.PF11_0286	19.8	4
932473	5833.PF11_0287	349	73
932466	5833.PF11_0280	349	24
932468	5833.PF11_0282	502	48
932469	5833.PF11_0283	408	4
935948	5833.PFL1170w	1630	556
934785	5833.PFE0460c	235	16
932642	5833.PF11_0465	688	324
936137	5833.PFL2095w	838	36
932638	5833.PF11_0462	80.5	26
932639	5833.PF11_0463	294	164
931751	5833.PF08_0084	74.0	12
931752	5833.PF08_0085	2849	46
931753	5833.PF08_0086	223	92
931754	5833.PF08_0087	368	50
931747	5833.PF08_0080	157	56
931748	5833.PF08_0081	316	76
931749	5833.PF08_0082	6.48	2
931750	5833.PF08_0083	82.7	28
932448	5833.PF11_0262	247	64
932449	5833.PF11_0263	71.4	6
932446	5833.PF11_0260	395	2
934316	5833.PFC0500w	210	74
931755	5833.PF08_0088	1293	279
935081	5833.PFF0345w	430	188
935769	5833.PFL0300c	187	32
936187	5833.PFL2345c	676	224
934263	5833.PFC0270w	196	34
931968	5833.PF10_0155	2317	570
931965	5833.PF10_0153	930	328
935396	5833.PFI0300w	399	34
935034	5833.PFF0110w	15.7	4
931271	5833.MAL7P1.208	243	68
931272	5833.MAL7P1.209	12.0	6
931270	5833.MAL7P1.207	33.8	34
931267	5833.MAL7P1.204	123	86
935108	5833.PFF0480w	26.5	24
931263	5833.MAL7P1.202	165	102
931264	5833.MAL7P1.203	4.61	4
935677	5833.PFI1670c	369	36
932442	5833.PF11_0256	43.3	12
935289	5833.PFF1370w	4.39	6
934488	5833.PFD0207c	19.7	4
931394	5833.MAL8P1.135	475	203
935607	5833.PFI1340w	417	186
931926	5833.PF10_0114	49.2	10
934489	5833.PFD0210c	968	168
934405	5833.PFC0915w	794	250
935848	5833.PFL0685w	29.3	14
935636	5833.PFI1475w	2.2	2
935820	5833.PFL0555c	8.19	8
934089	5833.PFB0550w	354	120
931735	5833.PF08_0068	3.37	4
931736	5833.PF08_0069	162	68
931730	5833.PF08_0063	207	98
936007	5833.PFL1460c	1721	208
931733	5833.PF08_0066	49.3	18
931731	5833.PF08_0064	403	30
934727	5833.PFE0165w	8451	632
934803	5833.PFE0555w	20.5	6
934824	5833.PFE0660c	4814	536
934750	5833.PFE0285c	2520	72
935147	5833.PFF0665c	107	40
935044	5833.PFF0160c	41.6	16
935993	5833.PFL1395c	3.3	4
934413	5833.PFC0955w	14.0	6
935902	5833.PFL0950c	176	143
935113	5833.PFF0505c	48.9	16
933413	5833.PF14_0378	811	122
933719	5833.PF14_0679	41.9	12
932982	5833.PF13_0299	353	145
935577	5833.PFI1195c	156	36
933711	5833.PF14_0671	81.8	6
934076	5833.PFB0490c	275	14
935366	5833.PFI0150c	73.0	6
932619	5833.PF11_0441a	6.9	2
931496	5833.MAL8P1.62	2352	426
931498	5833.MAL8P1.64	4.4	2
931500	5833.MAL8P1.66	2392	426
931503	5833.MAL8P1.69	5594	898
934961	5833.PFE1350c	1937	78
933115	5833.PF14_0074	6951	1541
936040	5833.PFL1620w	76.3	204
933118	5833.PF14_0077	25.2	6
933113	5833.PF14_0072	454	50
933114	5833.PF14_0073	207	196
934160	5833.PFB0895c	53.8	24
933119	5833.PF14_0078	68.3	18
933311	5833.PF14_0273	1.72	2
933315	5833.PF14_0277	515	374
935801	5833.PFL0460w	617	30
935118	5833.PFF0530w	1385	480
933138	5833.PF14_0098	266	42
935486	5833.PFI0745w	7.71	2
933131	5833.PF14_0090	284	26
933136	5833.PF14_0096	961	218
934360	5833.PFC0710w.2	92.2	24
930861	5833.MAL13P1.142	59.5	6
930860	5833.MAL13P1.141	337	20
935466	5833.PFI0645w	1292	132
930864	5833.MAL13P1.146	150	44
930862	5833.MAL13P1.144	10.2	2
932759	5833.PF13_0066	75.4	12
930866	5833.MAL13P1.148	425	444
932755	5833.PF13_0062	25.8	6
932756	5833.PF13_0063	449	178
932754	5833.PF13_0061	303	58
934811	5833.PFE0595w	308	30
933452	5833.PF14_0417	21.5	6
933612	5833.PF14_0576	386	30
935453	5833.PFI0575c	117	14
932272	5833.PF11_0071	303	84
935632	5833.PFI1463w	71.6	8
932279	5833.PF11_0078	60.1	26
935655	5833.PFI1570c	429	110
931085	5833.MAL13P1.360	19.4	6
934635	5833.PFD0960c	159	12
935267	5833.PFF1260c	25.2	20
935581	5833.PFI1215w	13.0	4
935425	5833.PFI0435c	32.9	14
934610	5833.PFD0835c	210	106
932802	5833.PF13_0116	74.4	46
931431	5833.MAL8P1.203	2.21	2
935930	5833.PFL1080c	401	38
932805	5833.PF13_0119	879	123
934264	5833.PFC0271c	710	54
933344	5833.PF14_0309	19.0	2
933561	5833.PF14_0526.2	494	74
933340	5833.PF14_0304	46.7	42
935869	5833.PFL0780w	118	16
934782	5833.PFE0445c	35.5	6
934261	5833.PFC0262c	95.2	4
935131	5833.PFF0590c	199	54
935843	5833.PFL0660w	868	46
931092	5833.MAL13P1.39	0.761	2
931079	5833.MAL13P1.35	73.6	14
931084	5833.MAL13P1.36	40.2	6
931087	5833.MAL13P1.37	3.24	2
931621	5833.PF07_0089	1073	246
934790	5833.PFE0485w	3.14	2
931617	5833.PF07_0085	424	160
931619	5833.PF07_0087	32.1	4
931618	5833.PF07_0086	2.28	4
932073	5833.PF10_0261a	398	12
931612	5833.PF07_0080	567	38
931614	5833.PF07_0082	6.64	10
931978	5833.PF10_0164	210	4
933884	5833.PFA0315w	299	18
936020	5833.PFL1525c	3.48	2
935499	5833.PFI0810c	26.3	8
935560	5833.PFI1110w	69.0	28
936181	5833.PFL2315c	40.5	2
932444	5833.PF11_0258	329	58
932443	5833.PF11_0257	911	162
935446	5833.PFI0540w	20.6	10
932440	5833.PF11_0254	34.9	12
931032	5833.MAL13P1.307	33.7	2
932436	5833.PF11_0250	687	66
931979	5833.PF10_0165	3.07	2
934577	5833.PFD0680c	437	202
932568	5833.PF11_0385	128	26
932567	5833.PF11_0384	243	64
932564	5833.PF11_0381	5.72	2
935660	5833.PFI1590c	390	269
934597	5833.PFD0775c	52.4	18
935433	5833.PFI0475w	997	58
935771	5833.PFL0310c	334	142
933926	5833.PFA0525w	76.1	16
