#id: 388
#name: P.falciparum - Whole organism, SC (GPM,Aug,2014)
#score: 13.55
#weight: 100%
#description: abundance based on Spectral counting, from<a href="http://www.thegpm.org/" target="_blank">GPM,Aug,2014</a><br/><b>Interaction consistency score</b>: 13.55&nbsp<b>Coverage</b>: 47
#organ: WHOLE_ORGANISM
#integrated: false
#coverage: 47
#publication_year: 2014
#filename: 5833-GPM_201408.txt
#
#internal_id	string_external_id	abundance	raw_spectral_count
930843	5833.MAL13P1.126	1.18	5
935139	5833.PFF0625w	11.0	24
933736	5833.PF14_0697	18.5	27
935523	5833.PFI0925w	271	885
935161	5833.PFF0730c	7.51	12
934449	5833.PFD0015c	10.5	34
932017	5833.PF10_0203	1042	754
931624	5833.PF07_0091	20.2	10
935659	5833.PFI1587c	0.432	10
931721	5833.PF08_0054	10333	23668
932047	5833.PF10_0232	36.4	444
932456	5833.PF11_0269	8.39	3
932917	5833.PF13_0232	89.4	238
935949	5833.PFL1175w	1.94	5
936060	5833.PFL1720w	966	1652
934467	5833.PFD0095c	153	325
936081	5833.PFL1825w	1457	1396
933382	5833.PF14_0346	48.7	191
934240	5833.PFC0180c	3.49	13
931215	5833.MAL7P1.141	13.3	7
936120	5833.PFL2015w	40.2	74
931479	5833.MAL8P1.46	22.0	15
931422	5833.MAL8P1.163	17.4	26
932837	5833.PF13_0151	6.78	8
934560	5833.PFD0595w	8.05	27
933704	5833.PF14_0665	19.3	17
932633	5833.PF11_0457	24.1	70
930996	5833.MAL13P1.271	7.01	17
933890	5833.PFA0345w.1	198	90
931980	5833.PF10_0166	137	166
932890	5833.PF13_0204	150	188
934119	5833.PFB0695c	48.3	175
935204	5833.PFF0940c	1040	3586
932040	5833.PF10_0225	53.9	67
935960	5833.PFL1230w	4.33	7
934769	5833.PFE0380c	87.8	156
934644	5833.PFD1000c	0.348	148
931167	5833.MAL13P1.86	88.4	349
935400	5833.PFI0320w	8.86	35
934674	5833.PFD1145c	2.66	4
932987	5833.PF13_0304	11474	32662
936189	5833.PFL2355w	302	313
931693	5833.PF08_0026	0.855	3
931675	5833.PF08_0008	54.0	155
932379	5833.PF11_0188	247	921
934706	5833.PFE0065w	56136	16296
931335	5833.MAL7P1.68	4.3	17
933024	5833.PF13_0345	38.6	70
934309	5833.PFC0465c	1.38	3
935328	5833.PFF1560c	17.8	323
933754	5833.PF14_0716	804	939
935336	5833.PFI0005w	0.253	148
931499	5833.MAL8P1.65	2.07	6
931747	5833.PF08_0080	14.0	22
934170	5833.PFB0930w	115	94
931706	5833.PF08_0039	2301	404
934192	5833.PFB1010w	23.6	1269
936203	5833.PFL2425w	53.6	17
932616	5833.PF11_0439	9.28	43
933025	5833.PF13_0346	16620	10739
932966	5833.PF13_0282	273	413
933823	5833.PFA0005w	0.316	148
934256	5833.PFC0245c	9.62	131
931271	5833.MAL7P1.208	106	203
936183	5833.PFL2325c	12.3	26
935993	5833.PFL1395c	35.5	359
933411	5833.PF14_0376	31.8	39
935397	5833.PFI0305c	2.8	7
935812	5833.PFL0515w	71.8	63
931089	5833.MAL13P1.38	4.61	12
933809	5833.PF14_0774	16.4	33
932810	5833.PF13_0124	3.52	6
934540	5833.PFD0470c	28.1	343
935918	5833.PFL1020w	27.6	13
935889	5833.PFL0885w	4.48	9
932567	5833.PF11_0384	65.3	186
935186	5833.PFF0850c	14.0	12
935841	5833.PFL0650c	17.1	48
933428	5833.PF14_0393	324	602
934067	5833.PFB0450w	39.1	9
934392	5833.PFC0865w	2.98	4
934005	5833.PFB0175c	51.7	44
934960	5833.PFE1345c	143	493
935475	5833.PFI0690c	0.048	22
932035	5833.PF10_0220	264	343
931843	5833.PF10_0037	0.943	6
934959	5833.PFE1340w	62.9	49
933205	5833.PF14_0167	643	286
933378	5833.PF14_0343	1.6	10
933101	5833.PF14_0060	353	748
932383	5833.PF11_0192	9.2	18
933084	5833.PF14_0042	1.75	3
934751	5833.PFE0290c	28.2	13
932518	5833.PF11_0332	169	221
934583	5833.PFD0705c	2.1	3
935574	5833.PFI1180w	0.627	4
935509	5833.PFI0855w	2.62	5
936085	5833.PFL1845c	345	184
933896	5833.PFA0375c	47.8	221
932847	5833.PF13_0161	47.4	156
932517	5833.PF11_0331	769	1708
935702	5833.PFI1790w	42.3	208
930936	5833.MAL13P1.215	3.28	5
931462	5833.MAL8P1.31	14.7	5
932773	5833.PF13_0080	1.07	6
935766	5833.PFL0285w	43.3	65
935748	5833.PFL0185c	762	633
935017	5833.PFF0025w	7.19	1171
932501	5833.PF11_0316	1.15	5
933953	5833.PFA0680c	545	2092
931798	5833.PF08_0131	1120	902
934965	5833.PFE1370w	822	819
935885	5833.PFL0865w	46.0	79
930839	5833.MAL13P1.121	18.3	57
935289	5833.PFF1370w	15.9	178
934711	5833.PFE0090w	42.6	100
936214	5833.PFL2480w	7.18	13
934846	5833.PFE0780w	34.4	154
933671	5833.PF14_0633	44.0	145
934379	5833.PFC0805w	45.2	354
935044	5833.PFF0160c	30.2	70
936196	5833.PFL2390c	4.01	70
931308	5833.MAL7P1.320	53.6	3
931748	5833.PF08_0081	547	674
933535	5833.PF14_0501	20.4	171
935802	5833.PFL0465c	2.27	10
934961	5833.PFE1350c	349	138
933278	5833.PF14_0241	1226	472
931605	5833.PF07_0073	544	1072
933622	5833.PF14_0586	99.6	111
933292	5833.PF14_0254	27.9	111
932559	5833.PF11_0375	35.8	136
933752	5833.PF14_0714	134	176
932776	5833.PF13_0083	2.97	6
933976	5833.PFB0040c	5.5	1171
934729	5833.PFE0175c	1.0	3
931589	5833.PF07_0057	60.0	73
934305	5833.PFC0445w	3.54	3
931206	5833.MAL7P1.13	5.62	3
931519	5833.MAL8P1.82	10.2	74
934233	5833.PFC0155c	9.42	3
933061	5833.PF14_0022	3.07	4
933176	5833.PF14_0137	50.6	128
931414	5833.MAL8P1.153	1.01	8
934469	5833.PFD0110w	0.468	9
933466	5833.PF14_0431	11.4	45
935070	5833.PFF0290w	6.13	10
931415	5833.MAL8P1.154	0.24	5
932416	5833.PF11_0227	9.97	24
935153	5833.PFF0690c	266	809
933419	5833.PF14_0384	10.7	23
934398	5833.PFC0890w	40.0	46
933145	5833.PF14_0105	227	337
935243	5833.PFF1135w	10.1	17
933878	5833.PFA0285c	220	410
933151	5833.PF14_0112	0.599	7
931259	5833.MAL7P1.19	1.23	15
931793	5833.PF08_0126	2.45	12
934776	5833.PFE0415w	5.07	6
935030	5833.PFF0090w	559	312
933573	5833.PF14_0538	11.9	91
931522	5833.MAL8P1.85	3.65	3
933674	5833.PF14_0635	26.1	13
932494	5833.PF11_0309	2.54	3
932414	5833.PF11_0225	32.1	84
931570	5833.PF07_0038	2.76	10
935087	5833.PFF0375c	1.33	4
931488	5833.MAL8P1.55	0.07	22
935222	5833.PFF1035w	1.83	4
934060	5833.PFB0415c	4.91	7
935464	5833.PFI0635c	8.18	3
934030	5833.PFB0275w	3.5	6
934637	5833.PFD0970c	2.93	35
934641	5833.PFD0990w	10.1	9
930911	5833.MAL13P1.19	2.85	102
933830	5833.PFA0040w	2.32	276
933276	5833.PF14_0239	6.04	9
932557	5833.PF11_0373	41.1	64
935399	5833.PFI0315c	0.824	3
932505	5833.PF11_0320	4.29	3
933880	5833.PFA0295c	1.09	4
932953	5833.PF13_0269	12.4	33
933005	5833.PF13_0324	69.7	259
935527	5833.PFI0945w	5.23	5
935891	5833.PFL0895c	145	608
934978	5833.PFE1445c	25.0	114
933578	5833.PF14_0543	183	377
935947	5833.PFL1165w	1.34	5
935476	5833.PFI0695c	11.7	22
935896	5833.PFL0925w	3.5	32
932428	5833.PF11_0242	13.3	96
934638	5833.PFD0975w	1.64	3
934707	5833.PFE0070w	112	183
932515	5833.PF11_0329	1303	2377
933316	5833.PF14_0278	0.82	27
936191	5833.PFL2365w	1.71	6
932709	5833.PF13_0014	1530	606
936211	5833.PFL2465c	152	133
933598	5833.PF14_0563	174	481
935713	5833.PFL0010c	4.58	1171
934738	5833.PFE0225w	214	261
935313	5833.PFF1485w	5.22	19
934897	5833.PFE1040c	0.739	5
935962	5833.PFL1240c	14.8	83
931534	5833.PF07_0002	3.0	36
932529	5833.PF11_0344	263	568
933654	5833.PF14_0615	140	391
932884	5833.PF13_0198	15.8	291
935372	5833.PFI0180w	2191	7259
933855	5833.PFA0165c	0.043	5
935760	5833.PFL0255c	7.65	15
932794	5833.PF13_0102	483	1357
933064	5833.PF14_0025	167	291
932666	5833.PF11_0487	67.1	39
934722	5833.PFE0140c	14.7	4
931508	5833.MAL8P1.73	176	644
932396	5833.PF11_0206	3.8	34
932506	5833.PF11_0321	7.55	18
932196	5833.PF10_0388	1.43	18
933401	5833.PF14_0366	33.5	61
931940	5833.PF10_0128	1.86	8
934504	5833.PFD0295c	28.2	73
934705	5833.PFE0060w	299	333
934200	5833.PFB1050w	8.42	1171
932764	5833.PF13_0070	182	282
934383	5833.PFC0825c	1.44	12
931931	5833.PF10_0119	138	111
933917	5833.PFA0480w	72.6	191
935382	5833.PFI0230c	106	64
932117	5833.PF10_0306	7.45	13
934570	5833.PFD0645w	1.08	276
931598	5833.PF07_0066	35.2	104
931889	5833.PF10_0078	3.11	28
934577	5833.PFD0680c	185	531
935844	5833.PFL0665c	10.3	9
931464	5833.MAL8P1.32	534	1156
935066	5833.PFF0270c	1.32	5
934848	5833.PFE0790c	80.2	24
934914	5833.PFE1120w	0.003	5
931008	5833.MAL13P1.284	298	354
934408	5833.PFC0930c	20.6	155
935176	5833.PFF0805c	14.7	26
931497	5833.MAL8P1.63	3.44	9
935179	5833.PFF0820w	1.21	7
931923	5833.PF10_0111	245	343
935792	5833.PFL0415w	10.5	4
934160	5833.PFB0895c	207	456
932835	5833.PF13_0149	7.29	20
933676	5833.PF14_0637	1.37	7
933111	5833.PF14_0070	7.45	11
935514	5833.PFI0880c	682	1339
932877	5833.PF13_0191	27.2	26
935920	5833.PFL1030w	28.9	59
933385	5833.PF14_0349	58.4	30
933755	5833.PF14_0717	338	501
932353	5833.PF11_0164	761	700
932495	5833.PF11_0310	49.9	255
935320	5833.PFF1520w	3.0	36
932743	5833.PF13_0049	2774	472
931824	5833.PF10_0019	38.1	19
934631	5833.PFD0940w	1.03	18
933692	5833.PF14_0653.1	16.1	16
931012	5833.MAL13P1.288	86.2	72
933721	5833.PF14_0681	101	214
931642	5833.PF07_0109	8.89	5
933234	5833.PF14_0196	5.96	28
933357	5833.PF14_0322	14.0	30
934298	5833.PFC0416w	4.59	3
931384	5833.MAL8P1.125	384	571
932452	5833.PF11_0266	122	43
935907	5833.PFL0970w	26.2	59
932359	5833.PF11_0169	81.0	50
933138	5833.PF14_0098	142	155
933242	5833.PF14_0205	1347	330
936200	5833.PFL2410w	10.7	25
932155	5833.PF10_0341	2.64	6
935271	5833.PFF1280w	10.3	22
934211	5833.PFC0050c	0.431	3
932818	5833.PF13_0132	3900	985
932421	5833.PF11_0232	5.54	14
932992	5833.PF13_0309	0.469	4
930979	5833.MAL13P1.254	11.3	10
933421	5833.PF14_0386	6.69	34
934494	5833.PFD0240c	429	593
932347	5833.PF11_0158	0.208	3
935826	5833.PFL0585w	4865	10608
935824	5833.PFL0575w	0.373	26
932596	5833.PF11_0418	0.771	8
935740	5833.PFL0145c	5125	220
933449	5833.PF14_0414	1.03	15
932134	5833.PF10_0320a	86.3	94
933115	5833.PF14_0074	46.5	80
934229	5833.PFC0135c	176	962
930912	5833.MAL13P1.190	226	424
936090	5833.PFL1870c	31.9	46
932200	5833.PF10_0393	5.89	393
932279	5833.PF11_0078	2.59	10
934120	5833.PFB0700c	2.51	15
930884	5833.MAL13P1.164	44.5	78
930864	5833.MAL13P1.146	1.07	3
932549	5833.PF11_0364	249	181
932190	5833.PF10_0379	2.92	6
934864	5833.PFE0870w	221	1027
935173	5833.PFF0790c	25.6	11
934047	5833.PFB0355c	105	810
934975	5833.PFE1430c	41.4	67
933049	5833.PF14_0008	3.1	276
931539	5833.PF07_0007	2286	953
936065	5833.PFL1745c	42.5	50
933051	5833.PF14_0010	4.8	20
934763	5833.PFE0350c	5503	5916
935982	5833.PFL1340c	22.3	69
936185	5833.PFL2335w	1955	3384
933223	5833.PF14_0185	2.22	8
935694	5833.PFI1750c	4.15	3
933267	5833.PF14_0230	2158	1887
932740	5833.PF13_0045	205	281
935137	5833.PFF0615c	114	224
932171	5833.PF10_0360	1.23	3
931370	5833.MAL8P1.107	5.78	4
933328	5833.PF14_0290	320	373
934023	5833.PFB0245c	10.4	10
934137	5833.PFB0795w	137	302
933705	5833.PF14_0666	3.98	3
932612	5833.PF11_0435	3.68	20
932637	5833.PF11_0461	475	332
931821	5833.PF10_0016	387	124
933595	5833.PF14_0560	5.65	7
932395	5833.PF11_0205	95.2	37
933487	5833.PF14_0453	52.6	96
932533	5833.PF11_0348	13.0	31
933040	5833.PF13_0361	1.25	3
932676	5833.PF11_0512	4.62	25
933699	5833.PF14_0660	12.5	20
931084	5833.MAL13P1.36	8.24	10
932954	5833.PF13_0270	25.1	42
932671	5833.PF11_0506	49.8	1191
934275	5833.PFC0315c	4.15	4
935746	5833.PFL0175c	20.8	43
935407	5833.PFI0345w	5.03	18
934899	5833.PFE1050w	1788	2702
931085	5833.MAL13P1.360	1.56	3
932995	5833.PF13_0313	44.8	92
934247	5833.PFC0210c	115	128
930879	5833.MAL13P1.16	120	134
932221	5833.PF11_0009	69.4	1356
931787	5833.PF08_0120	71.3	127
933739	5833.PF14_0700	1982	1575
931223	5833.MAL7P1.150	5.72	14
933713	5833.PF14_0673	6.82	19
932957	5833.PF13_0273	15.6	89
933901	5833.PFA0400c	283	319
931173	5833.MAL13P1.92	814	269
935045	5833.PFF0165c	21.2	72
933778	5833.PF14_0741	43.3	56
930901	5833.MAL13P1.18	0.729	25
932321	5833.PF11_0125	22.5	23
934736	5833.PFE0215w	2.33	9
933117	5833.PF14_0076	260	732
935459	5833.PFI0610w	59.6	48
932931	5833.PF13_0247	207	333
934013	5833.PFB0200c	64.8	113
931272	5833.MAL7P1.209	72.2	205
932445	5833.PF11_0259	23.4	16
934887	5833.PFE0990w	205	46
931550	5833.PF07_0018	3.81	17
931197	5833.MAL7P1.12	311	1804
931571	5833.PF07_0039	3.7	4
936079	5833.PFL1815c	29.6	145
932702	5833.PF13_0005	4.21	276
935376	5833.PFI0200c	1.74	8
934271	5833.PFC0295c	1020	730
931341	5833.MAL7P1.76	1.99	7
932689	5833.PF11_0526	10.5	7
932864	5833.PF13_0178	63.6	59
932197	5833.PF10_0390	599	2226
933660	5833.PF14_0620	0.942	5
935375	5833.PFI0195c	73.0	85
933659	5833.PF14_0619	18.8	30
932657	5833.PF11_0480	0.779	30
931322	5833.MAL7P1.50	0.306	148
933951	5833.PFA0670c	50.1	62
935178	5833.PFF0815w	90.7	237
933261	5833.PF14_0224	37.6	115
935566	5833.PFI1140w	13.2	17
932558	5833.PF11_0374	163	551
933394	5833.PF14_0358	6.66	3
936121	5833.PFL2020c	1.16	3
935290	5833.PFF1375c.1	23.3	69
935113	5833.PFF0505c	20.0	29
933015	5833.PF13_0336	3.67	10
931220	5833.MAL7P1.147	73.4	614
933580	5833.PF14_0545	1337	500
932691	5833.PF11_0528	0.11	3
934640	5833.PFD0985w	0.335	4
934595	5833.PFD0765w	3.56	12
932840	5833.PF13_0154	87.4	207
933372	5833.PF14_0337	2.88	14
933626	5833.PF14_0589	333	794
933400	5833.PF14_0365	10.1	14
934258	5833.PFC0255c	202	204
936171	5833.PFL2265c	0.287	5
933867	5833.PFA0230c	92.1	84
935189	5833.PFF0865w	3171	1413
934969	5833.PFE1400c	31.6	89
936096	5833.PFL1900w	152	920
935346	5833.PFI0055c	2.46	276
932209	5833.PF10_0402	4.29	60
933576	5833.PF14_0541	539	1323
933410	5833.PF14_0375	23.7	14
931436	5833.MAL8P1.208	10.5	34
935932	5833.PFL1090w	546	448
933696	5833.PF14_0657	60.0	202
932016	5833.PF10_0200	0.76	4
933884	5833.PFA0315w	20.1	38
936108	5833.PFL1955w	0.335	148
935119	5833.PFF0535c	8.67	33
935263	5833.PFF1240w	0.939	6
932253	5833.PF11_0052	187	305
932583	5833.PF11_0404	0.389	5
933826	5833.PFA0020w	2.41	276
935533	5833.PFI0975c	8.14	90
935529	5833.PFI0955w	4.47	18
933838	5833.PFA0080c	2.75	276
931368	5833.MAL8P1.105	48.2	191
934658	5833.PFD1060w	14.4	140
935793	5833.PFL0420w	1.42	10
933733	5833.PF14_0694	5.15	15
936137	5833.PFL2095w	54.8	30
933218	5833.PF14_0180	8.81	4
931932	5833.PF10_0120	55.2	68
931105	5833.MAL13P1.45	13.4	12
933783	5833.PF14_0746	13.7	24
934730	5833.PFE0185c	1051	188
934355	5833.PFC0690c	2.29	3
931327	5833.MAL7P1.58	11.7	6
932157	5833.PF10_0343	286	495
934910	5833.PFE1100w	39.5	4
935613	5833.PFI1370c	141	177
934857	5833.PFE0835w	8.42	55
933851	5833.PFA0145c	194	432
934744	5833.PFE0255w	38.5	71
932916	5833.PF13_0231	3.56	4
933966	5833.PFA0750w	74.8	40
932589	5833.PF11_0411	1.41	4
935971	5833.PFL1285c	306	367
934393	5833.PFC0870w	386	245
931123	5833.MAL13P1.515	1.05	276
931189	5833.MAL7P1.111	24.9	14
931403	5833.MAL8P1.142	310	673
935688	5833.PFI1720w	14.2	8
933160	5833.PF14_0122	31.0	22
934145	5833.PFB0835c	42.8	154
931794	5833.PF08_0127	5.42	15
931690	5833.PF08_0023	19.1	49
935301	5833.PFF1425w	7.45	19
932548	5833.PF11_0363	4.02	11
935339	5833.PFI0020w	12.7	1213
932266	5833.PF11_0065	890	583
934386	5833.PFC0835c	57.4	105
931556	5833.PF07_0024	0.237	4
932300	5833.PF11_0101	8.38	11
931630	5833.PF07_0097	5.28	30
933029	5833.PF13_0350	16.8	33
934123	5833.PFB0715w	17.1	91
931245	5833.MAL7P1.172	16.3	60
931011	5833.MAL13P1.287	83.3	71
932617	5833.PF11_0440	36.9	35
933583	5833.PF14_0548	29.0	50
930854	5833.MAL13P1.137	3.71	41
932285	5833.PF11_0087	52.6	65
931544	5833.PF07_0012	2.55	8
934801	5833.PFE0545c	1178	437
932726	5833.PF13_0031	20.5	29
934245	5833.PFC0200w.1	18752	195
936111	5833.PFL1970w	0.359	148
932819	5833.PF13_0133	133	259
935963	5833.PFL1245w	380	1579
934620	5833.PFD0885c	7.32	22
931290	5833.MAL7P1.228	804	4619
935667	5833.PFI1620c	4.03	26
933230	5833.PF14_0192	262	603
931879	5833.PF10_0070	5.86	7
932340	5833.PF11_0149.1	16.8	16
934559	5833.PFD0590c	2545	6513
933924	5833.PFA0515w	2.49	15
932104	5833.PF10_0292	7.24	29
932459	5833.PF11_0272	2613	1033
931152	5833.MAL13P1.71	1.62	3
935837	5833.PFL0635c	42.7	99
933425	5833.PF14_0390	10628	1953
934772	5833.PFE0395c	125	154
931154	5833.MAL13P1.73	6.87	27
932753	5833.PF13_0060	28.1	13
930935	5833.MAL13P1.214	5613	7126
932648	5833.PF11_0471	30.0	74
931897	5833.PF10_0085	140	235
931802	5833.PF08_0136	107	16
934704	5833.PFE0055c	41.8	271
932978	5833.PF13_0295	2.2	7
933037	5833.PF13_0358	38.3	17
933861	5833.PFA0195w	143	331
935875	5833.PFL0815w	49.2	202
932121	5833.PF10_0310	6.62	23
936188	5833.PFL2350c	2.33	4
932422	5833.PF11_0233	6.78	61
935101	5833.PFF0445w	3.14	75
934803	5833.PFE0555w	4.08	23
935463	5833.PFI0630w	116	185
934643	5833.PFD0995c	0.343	148
932156	5833.PF10_0342	4.23	20
933822	5833.PF14_0815	26.6	9
932092	5833.PF10_0281	7.42	13
931407	5833.MAL8P1.146	31.4	94
935950	5833.PFL1180w	171	159
933096	5833.PF14_0055	11.6	39
932207	5833.PF10_0400	2.14	276
930946	5833.MAL13P1.225	61.2	41
934750	5833.PFE0285c	9554	2165
931912	5833.PF10_0100	164	103
935628	5833.PFI1445w	1169	6228
935180	5833.PFF0825c	202	314
932736	5833.PF13_0041	2.57	18
934761	5833.PFE0340c	292	778
931730	5833.PF08_0063	119	431
933873	5833.PFA0260c	125	60
935525	5833.PFI0935w	319	804
932697	5833.PF11_0545	130	72
934523	5833.PFD0390c	0.196	4
931888	5833.PF10_0077	270	525
936146	5833.PFL2140c	303	333
930866	5833.MAL13P1.148	26.4	205
930943	5833.MAL13P1.221	475	761
931434	5833.MAL8P1.206	120	258
933683	5833.PF14_0644	97.4	348
935311	5833.PFF1475c	2.31	4
931061	5833.MAL13P1.334	1.88	5
934900	5833.PFE1055c	21.7	25
931853	5833.PF10_0047	530	862
932001	5833.PF10_0185	1.36	16
933965	5833.PFA0745w	2.64	60
935522	5833.PFI0920c	1.6	3
933804	5833.PF14_0769	6.72	1171
934446	5833.PFC1115w	19.4	1303
930975	5833.MAL13P1.250	7.37	6
931161	5833.MAL13P1.8	2.48	276
934916	5833.PFE1130w	58.1	116
932816	5833.PF13_0130	471	157
933933	5833.PFA0560c	6.1	6
934551	5833.PFD0540c	45.5	110
935458	5833.PFI0605c	516	842
931979	5833.PF10_0165	23.7	95
932413	5833.PF11_0224	4947	869
933238	5833.PF14_0200	5.5	13
930910	5833.MAL13P1.189	1.69	5
934058	5833.PFB0405w	529	6177
935218	5833.PFF1015w	0.038	5
935132	5833.PFF0595c	7.52	35
931007	5833.MAL13P1.283	414	778
933237	5833.PF14_0199	0.212	16
933481	5833.PF14_0448	2167	1583
931352	5833.MAL7P1.89	0.004	5
930992	5833.MAL13P1.267	1.21	6
932204	5833.PF10_0397	3.9	60
935454	5833.PFI0580c	173	320
932034	5833.PF10_0219	12.6	55
932962	5833.PF13_0278	3.49	15
934502	5833.PFD0285c	1.83	21
934266	5833.PFC0280c	13.3	15
934495	5833.PFD0245c	5.16	12
935668	5833.PFI1625c	118	198
931762	5833.PF08_0095	111	327
934790	5833.PFE0485w	3.84	29
932031	5833.PF10_0216	3.32	3
932473	5833.PF11_0287	182	211
935770	5833.PFL0305c	19.8	33
930887	5833.MAL13P1.167	44.4	92
933359	5833.PF14_0324	1127	1373
935114	5833.PFF0510w	5418	1945
933454	5833.PF14_0419	0.012	10
934166	5833.PFB0921c	245	102
932477	5833.PF11_0291	0.818	8
932162	5833.PF10_0348	64.3	125
931720	5833.PF08_0053	122	128
931238	5833.MAL7P1.162	2.72	58
934052	5833.PFB0380c	22.9	92
932826	5833.PF13_0140	17.1	55
933500	5833.PF14_0468	0.802	3
932336	5833.PF11_0145	123	191
935722	5833.PFL0055c	29.9	97
934858	5833.PFE0840c	4.19	38
931620	5833.PF07_0088	1269	879
935939	5833.PFL1125w	78.0	446
935700	5833.PFI1780w	356	378
934221	5833.PFC0100c	8.03	21
934110	5833.PFB0655c	6.39	16
936049	5833.PFL1665c	0.856	3
934649	5833.PFD1015c	0.313	148
935623	5833.PFI1420w	30.0	21
930908	5833.MAL13P1.186	1.89	8
932132	5833.PF10_0319	8.3	17
931243	5833.MAL7P1.170	111	177
932523	5833.PF11_0338	169	458
933324	5833.PF14_0286	26.3	82
934190	5833.PFB1000w	5.2	393
935181	5833.PFF0830w	1.23	5
931205	5833.MAL7P1.129	34.8	76
930907	5833.MAL13P1.185	4.41	6
932708	5833.PF13_0013	5.0	9
936076	5833.PFL1800w	17.2	129
935025	5833.PFF0065c	3.0	36
934048	5833.PFB0360c	6.24	76
931023	5833.MAL13P1.299	41.8	50
930904	5833.MAL13P1.182	38.7	43
931698	5833.PF08_0031	134	157
932101	5833.PF10_0289	1461	2316
934873	5833.PFE0915c	156	277
933646	5833.PF14_0607	24.1	107
932615	5833.PF11_0438	1439	234
934090	5833.PFB0555c	1.46	41
936240	5833.PFL2625w	5.46	1171
935431	5833.PFI0465c	31.6	67
933832	5833.PFA0050c	9.95	1288
931535	5833.PF07_0003	1.96	276
934607	5833.PFD0820w	8.51	23
931103	5833.MAL13P1.43	2.54	3
934027	5833.PFB0260w	96.7	383
934450	5833.PFD0020c	0.252	148
931164	5833.MAL13P1.83	291	946
931707	5833.PF08_0040	1.28	5
935555	5833.PFI1085w	98.5	458
935642	5833.PFI1505c	3.51	12
932304	5833.PF11_0108	35.9	117
932824	5833.PF13_0138	3.17	3
931442	5833.MAL8P1.213	37.4	74
931082	5833.MAL13P1.352	15.2	60
935187	5833.PFF0855c	1.72	276
932924	5833.PF13_0239	0.995	4
931967	5833.PF10_0154	145	217
934516	5833.PFD0355c	82.9	49
935358	5833.PFI0110c	218	467
930967	5833.MAL13P1.243	2.48	15
932812	5833.PF13_0126	10.2	38
934277	5833.PFC0325c	46.4	214
932997	5833.PF13_0315	1043	1128
933872	5833.PFA0255c	73.4	173
933957	5833.PFA0700c	50.7	24
935384	5833.PFI0240c	16.6	170
935275	5833.PFF1300w	3838	7273
933396	5833.PF14_0360	89.7	204
932248	5833.PF11_0047	29.9	74
932838	5833.PF13_0152	3.43	5
933363	5833.PF14_0328	55.6	48
932587	5833.PF11_0408	5.17	39
933349	5833.PF14_0314	8.69	7
935991	5833.PFL1385c	2367	5086
933277	5833.PF14_0240	1684	537
932556	5833.PF11_0372	2.28	10
934406	5833.PFC0920w	2864	2035
933858	5833.PFA0180w	0.019	5
933141	5833.PF14_0101	18.0	278
932355	5833.PF11_0166	138	115
934689	5833.PFD1225w	7.27	294
932538	5833.PF11_0354	0.997	15
932432	5833.PF11_0246	53.4	341
931572	5833.PF07_0040	98.9	132
932799	5833.PF13_0109	107	250
931072	5833.MAL13P1.343	382	398
936050	5833.PFL1670c	11.9	36
934201	5833.PFB1055c	0.353	148
931886	5833.PF10_0075	133	640
932024	5833.PF10_0210	872	851
933389	5833.PF14_0353	19.5	11
932401	5833.PF11_0211	38.2	65
933520	5833.PF14_0486	2725	8077
932797	5833.PF13_0106	1.36	6
934926	5833.PFE1175w	9.77	7
935559	5833.PFI1105w	5774	8482
933480	5833.PF14_0447	3.58	13
933213	5833.PF14_0176.1	39.0	34
935080	5833.PFF0340c	211	213
931186	5833.MAL7P1.108	2.94	37
933923	5833.PFA0510w	4.77	25
935348	5833.PFI0065w	8.59	1171
933881	5833.PFA0300c	190	251
930878	5833.MAL13P1.159	123	100
933811	5833.PF14_0778.1	7.34	18
935335	5833.PFF1595c	0.396	148
934324	5833.PFC0535w	3363	541
933081	5833.PF14_0039	271	105
931983	5833.PF10_0169	13.9	12
935897	5833.PFL0930w	646	3328
933963	5833.PFA0735w	17.4	26
934679	5833.PFD1170c	326	490
935047	5833.PFF0175c	0.088	3
933478	5833.PF14_0444	7.29	16
930856	5833.MAL13P1.139	73.8	48
935129	5833.PFF0580w	3.09	4
935371	5833.PFI0175w.1	50.8	92
931317	5833.MAL7P1.38	15.0	51
934832	5833.PFE0705c	0.801	4
935691	5833.PFI1735c	1120	1532
931854	5833.PF10_0048	101	74
936041	5833.PFL1625w	1.03	3
932622	5833.PF11_0445	28.6	47
931742	5833.PF08_0075	4348	1820
932281	5833.PF11_0080	7.83	3
933330	5833.PF14_0292	1.86	4
934035	5833.PFB0295w	33.2	60
931614	5833.PF07_0082	4.33	39
933059	5833.PF14_0020	125	198
932907	5833.PF13_0222	59.0	182
931797	5833.PF08_0130	3.21	52
933941	5833.PFA0615w	3.29	4
935485	5833.PFI0740c	57.5	14
935287	5833.PFF1360w	1.5	3
935430	5833.PFI0460w	9.87	15
932839	5833.PF13_0153	3098	3215
935483	5833.PFI0730w	8.52	25
931650	5833.PF07_0116	1.94	13
935288	5833.PFF1365c	2.23	87
934323	5833.PFC0530w	16.3	24
934268	5833.PFC0282w	15.8	12
935011	5833.PFE1635w	3.26	276
935302	5833.PFF1430c	156	120
932605	5833.PF11_0427	5.01	6
934370	5833.PFC0760c	6.91	63
933362	5833.PF14_0327	249	437
930973	5833.MAL13P1.249	1.24	12
931588	5833.PF07_0056	9.03	52
934084	5833.PFB0525w	688	1395
936213	5833.PFL2475w	26.3	47
935281	5833.PFF1330c	7.9	8
931297	5833.MAL7P1.26	32.0	27
934477	5833.PFD0150w	16.0	23
932350	5833.PF11_0161	72.4	348
933507	5833.PF14_0474	42.3	18
931723	5833.PF08_0056	45.2	24
934785	5833.PFE0460c	8.68	3
935321	5833.PFF1525c	589	2226
933476	5833.PF14_0442	9.68	114
935058	5833.PFF0230c	16.8	18
931156	5833.MAL13P1.75	257	234
933116	5833.PF14_0075	841	1235
932486	5833.PF11_0301	352	892
932430	5833.PF11_0244	28.7	51
934378	5833.PFC0800w	18.2	32
935573	5833.PFI1175c	1224	634
931699	5833.PF08_0032	754	1667
931202	5833.MAL7P1.125	39.9	60
933925	5833.PFA0520c	358	779
931740	5833.PF08_0073	6.4	9
932573	5833.PF11_0392	9.68	93
936138	5833.PFL2100w	0.461	4
934438	5833.PFC1075w	3.0	36
935825	5833.PFL0580w	91.9	275
932859	5833.PF13_0173	7.04	24
935776	5833.PFL0335c	84.3	247
931955	5833.PF10_0143	200	875
935677	5833.PFI1670c	417	289
932261	5833.PF11_0060	0.397	4
931399	5833.MAL8P1.139	6.21	164
932943	5833.PF13_0259	0.246	22
932703	5833.PF13_0006	4.01	60
934836	5833.PFE0730c	0.215	22
932881	5833.PF13_0196	9.45	14
933805	5833.PF14_0770	4.06	60
935604	5833.PFI1325w	13.6	6
933225	5833.PF14_0187	243	223
932351	5833.PF11_0162	154	285
932929	5833.PF13_0245	4.51	5
934955	5833.PFE1320w	4.39	26
933593	5833.PF14_0558	15.9	72
934041	5833.PFB0325c	7.22	19
933907	5833.PFA0430c	71.3	240
935610	5833.PFI1355w	80.4	140
932000	5833.PF10_0184	0.837	8
935708	5833.PFI1820w	0.562	148
930916	5833.MAL13P1.194	34.3	39
935595	5833.PFI1280c	7.46	83
932829	5833.PF13_0143	809	1458
935937	5833.PFL1115w	56.2	71
931576	5833.PF07_0044	224	86
934840	5833.PFE0750c	12.2	19
934107	5833.PFB0640c	52.3	312
933393	5833.PF14_0357	25.0	90
935042	5833.PFF0150c	60.3	67
933093	5833.PF14_0052	1.67	5
933224	5833.PF14_0186	59.6	163
932576	5833.PF11_0395	1.51	24
936025	5833.PFL1545c	450	1299
933325	5833.PF14_0287	390	260
934941	5833.PFE1250w	252	998
932563	5833.PF11_0380	40.2	58
935836	5833.PFL0630w	38.8	42
932380	5833.PF11_0189	332	1573
932927	5833.PF13_0242	305	428
931864	5833.PF10_0057	6.9	51
931477	5833.MAL8P1.43	11.0	17
934253	5833.PFC0235w	56.9	129
933371	5833.PF14_0336	1948	982
934508	5833.PFD0311w	76.3	81
935892	5833.PFL0900c	192	403
936153	5833.PFL2175w	6.91	5
933553	5833.PF14_0517	723	3346
934818	5833.PFE0630c	243	204
935195	5833.PFF0895w	371	447
935671	5833.PFI1640c	6.83	7
935411	5833.PFI0365w	15.0	49
932763	5833.PF13_0069a	19.4	7
932713	5833.PF13_0018	5.71	24
930959	5833.MAL13P1.237	2942	3320
930972	5833.MAL13P1.248	169	102
934290	5833.PFC0381c	61.3	59
933688	5833.PF14_0649	372	2519
931716	5833.PF08_0049	28.6	11
935383	5833.PFI0235w	294	576
935601	5833.PFI1310w	66.6	272
933604	5833.PF14_0569	11.9	47
933691	5833.PF14_0652	3.46	10
934605	5833.PFD0810w	883	708
935278	5833.PFF1315w	1.82	12
930853	5833.MAL13P1.135	139	120
932118	5833.PF10_0307	3.73	9
933653	5833.PF14_0614	39.4	226
930823	5833.MAL13P1.103	10.6	32
931604	5833.PF07_0072	165	232
932848	5833.PF13_0162	24.6	184
935948	5833.PFL1170w	1602	4593
935752	5833.PFL0205w	0.543	5
934820	5833.PFE0640w	2.71	3
934967	5833.PFE1390w	5.3	12
935324	5833.PFF1540w	4.42	393
935118	5833.PFF0530w	202	857
931270	5833.MAL7P1.207	0.41	3
935835	5833.PFL0625c	6410	6781
932820	5833.PF13_0134	35.3	54
933426	5833.PF14_0391	854	642
934155	5833.PFB0880w	10.8	22
934968	5833.PFE1395c	49.5	20
932130	5833.PF10_0317	46.7	83
935033	5833.PFF0105w	157	115
935327	5833.PFF1555w	7.09	1171
935870	5833.PFL0785c	174	92
932946	5833.PF13_0262	497	1041
933866	5833.PFA0225w	12.0	34
933158	5833.PF14_0120	37.5	152
932205	5833.PF10_0398	9.17	1171
933097	5833.PF14_0056	8.35	24
931725	5833.PF08_0058	3.06	12
935848	5833.PFL0685w	2.34	16
934225	5833.PFC0120w	445	6241
935618	5833.PFI1395w	3.11	7
932805	5833.PF13_0119	785	732
934940	5833.PFE1245w	19.7	42
933185	5833.PF14_0146	76.9	85
931498	5833.MAL8P1.64	8.11	31
934633	5833.PFD0950w	1620	742
933019	5833.PF13_0340	0.974	3
933429	5833.PF14_0394	9.48	15
933358	5833.PF14_0323	308	293
934850	5833.PFE0800w	0.026	5
935069	5833.PFF0285c	1.04	8
933485	5833.PF14_0452	8.15	6
933085	5833.PF14_0044	3.31	14
933863	5833.PFA0205w	39.5	158
934775	5833.PFE0410w	10.4	19
935981	5833.PFL1335w	6.63	37
931064	5833.MAL13P1.337	17.4	15
935556	5833.PFI1090w	2388	6576
932408	5833.PF11_0218	7.38	36
933053	5833.PF14_0014	154	105
931100	5833.MAL13P1.413	468	224
931279	5833.MAL7P1.217	44.5	1249
931091	5833.MAL13P1.385	3.24	5
934976	5833.PFE1435c	31.6	36
931532	5833.MAL8P1.97	0.012	5
932145	5833.PF10_0331	6.23	18
932106	5833.PF10_0294	7.1	32
935501	5833.PFI0820c	1588	1079
932436	5833.PF11_0250	243	162
931871	5833.PF10_0063	4622	1392
934808	5833.PFE0580w	8.75	5
934456	5833.PFD0045c	2.65	60
933299	5833.PF14_0260	2.08	7
930834	5833.MAL13P1.117	4.69	6
935016	5833.PFF0020c	0.543	148
931777	5833.PF08_0110	264	192
936129	5833.PFL2060c	479	1028
933212	5833.PF14_0175	1.38	16
932468	5833.PF11_0282	451	293
931639	5833.PF07_0106	3.17	12
932094	5833.PF10_0283	2.1	4
935974	5833.PFL1300c	81.8	151
932715	5833.PF13_0020	3.22	7
934743	5833.PFE0250w	1.01	15
931275	5833.MAL7P1.213	11.9	1171
930955	5833.MAL13P1.233	2994	1662
931934	5833.PF10_0122	128	443
932845	5833.PF13_0159	3.11	3
934768	5833.PFE0375w	64.6	120
936248	5833.PFL2665c	0.292	148
932210	5833.PF10_0403	6.17	393
935143	5833.PFF0645c	4.82	19
932960	5833.PF13_0276	513	211
935200	5833.PFF0920c.2	0.979	3
934666	5833.PFD1100c	9.45	13
934650	5833.PFD1020c	3.28	276
935188	5833.PFF0860c	5879	2415
931809	5833.PF08_0142	0.305	148
936230	5833.PFL2570w	10.5	62
930848	5833.MAL13P1.130	450	329
935448	5833.PFI0550w	0.282	3
931033	5833.MAL13P1.308	199	2174
931962	5833.PF10_0150	8.37	16
931242	5833.MAL7P1.17	0.16	3
934360	5833.PFC0710w.2	607	773
933666	5833.PF14_0627	3996	2635
935102	5833.PFF0450c	10.4	29
933895	5833.PFA0370w	33.2	26
936082	5833.PFL1830w	16.1	4
934274	5833.PFC0310c	6.88	7
934473	5833.PFD0135c	2.89	276
934924	5833.PFE1170w	97.6	201
932360	5833.PF11_0170	31.9	28
936162	5833.PFL2220w	13.1	48
931597	5833.PF07_0065	172	365
934656	5833.PFD1050w	2517	6970
931916	5833.PF10_0104	137	152
933383	5833.PF14_0347	0.066	22
935116	5833.PFF0520w	3.85	13
934223	5833.PFC0110w	468	6363
932296	5833.PF11_0097	60.2	85
933952	5833.PFA0675w	0.825	36
932866	5833.PF13_0180	239	266
933415	5833.PF14_0380	19.0	77
933128	5833.PF14_0087	3.92	6
933109	5833.PF14_0068	306	234
932263	5833.PF11_0062	18306	4218
932788	5833.PF13_0096	29.7	84
935166	5833.PFF0755c	1.39	15
935481	5833.PFI0720w	214	908
933329	5833.PF14_0291	1.05	11
934428	5833.PFC1025w	244	26
932402	5833.PF11_0212	21.0	56
934115	5833.PFB0680w	44.0	93
932475	5833.PF11_0289	7.8	45
930920	5833.MAL13P1.2	8.0	1171
934294	5833.PFC0400w	1716	735
934178	5833.PFB0960c	1.6	13
933994	5833.PFB0120w	346	131
935542	5833.PFI1020c	398	674
934727	5833.PFE0165w	1075	549
932755	5833.PF13_0062	19.5	39
934427	5833.PFC1020c	3585	2354
935983	5833.PFL1345c	6.95	26
934417	5833.PFC0975c	1159	1683
934693	5833.PFD1245c	0.318	148
935388	5833.PFI0260c	2.08	62
935735	5833.PFL0120c	2.56	4
930998	5833.MAL13P1.274	71.2	261
934558	5833.PFD0585c	0.415	4
932900	5833.PF13_0216	4.36	3
931591	5833.PF07_0059	36.2	46
935593	5833.PFI1270w	1317	908
934530	5833.PFD0425w	16.5	67
933134	5833.PF14_0094	27.5	68
933296	5833.PF14_0257	785	1237
935869	5833.PFL0780w	263	229
936132	5833.PFL2075c	60.6	32
932970	5833.PF13_0286	78.1	186
933922	5833.PFA0505c	74.8	76
934144	5833.PFB0830w	1019	218
932269	5833.PF11_0068	35.6	68
932872	5833.PF13_0186	47.8	50
933489	5833.PF14_0455	93.3	587
935872	5833.PFL0795c	367	289
933613	5833.PF14_0577	35.1	142
935679	5833.PFI1680w	23.7	34
936112	5833.PFL1975c	18.7	30
931416	5833.MAL8P1.156	297	1008
933606	5833.PF14_0571	53.3	87
934863	5833.PFE0865c	301	162
935197	5833.PFF0905w	34.5	33
933761	5833.PF14_0723	157	1261
935624	5833.PFI1425w	3.29	5
932806	5833.PF13_0120	16.7	82
932822	5833.PF13_0136	12.7	22
931387	5833.MAL8P1.128	214	420
933320	5833.PF14_0282	7.43	57
936052	5833.PFL1680w	20.2	140
934264	5833.PFC0271c	482	164
933824	5833.PFA0010c	9.41	1171
935922	5833.PFL1040w	1.75	4
932914	5833.PF13_0229	54.4	294
932313	5833.PF11_0117	70.0	80
930986	5833.MAL13P1.260	84.2	224
931574	5833.PF07_0042	8.69	89
934529	5833.PFD0420c	44.9	74
932455	5833.PF11_0268	28.8	53
931830	5833.PF10_0025	126	447
932828	5833.PF13_0142	162	28
934697	5833.PFE0020c	6.5	1175
934152	5833.PFB0870w	0.368	4
935828	5833.PFL0595c	407	324
932297	5833.PF11_0098	2299	2071
932999	5833.PF13_0317	63.1	40
931267	5833.MAL7P1.204	10.1	88
931151	5833.MAL13P1.70	0.199	3
932111	5833.PF10_0299	22.5	47
931496	5833.MAL8P1.62	606	529
933239	5833.PF14_0201	277	1583
936056	5833.PFL1700c	3.85	20
931381	5833.MAL8P1.122	123	83
933003	5833.PF13_0322	751	3125
932487	5833.PF11_0302	410	888
935013	5833.PFF0005c	3.17	148
933263	5833.PF14_0226	9.08	25
934572	5833.PFD0660w	166	120
934397	5833.PFC0886w	9.71	5
931652	5833.PF07_0118	0.111	4
933269	5833.PF14_0232	15.6	22
933689	5833.PF14_0650	5.17	3
935636	5833.PFI1475w	3584	17084
936040	5833.PFL1620w	13.2	148
933122	5833.PF14_0081	1.93	9
932959	5833.PF13_0275	1133	1149
932990	5833.PF13_0307	2.55	10
932843	5833.PF13_0157	35.0	83
931673	5833.PF08_0006	167	178
934657	5833.PFD1055w	4120	2431
935905	5833.PFL0960w	36.0	70
936005	5833.PFL1450c	3.88	7
933020	5833.PF13_0341	227	86
931703	5833.PF08_0036	111	401
932700	5833.PF13_0003	0.255	148
936027	5833.PFL1555w	101	64
932381	5833.PF11_0190	15.3	17
934670	5833.PFD1120c	379	203
931028	5833.MAL13P1.303.1	139	204
931774	5833.PF08_0107	0.271	148
932590	5833.PF11_0412	8.3	4
934289	5833.PFC0380w	15.6	34
934092	5833.PFB0570w	2.88	3
935380	5833.PFI0220w	72.8	37
930861	5833.MAL13P1.142	11.4	17
936053	5833.PFL1685w	143	79
935764	5833.PFL0275w	7.43	29
934347	5833.PFC0635c	424	377
934779	5833.PFE0430w	7.78	36
931881	5833.PF10_0071	8.01	23
932302	5833.PF11_0106	132	19
935660	5833.PFI1590c	44.8	294
931140	5833.MAL13P1.60	1.61	3
931521	5833.MAL8P1.84	133	354
934062	5833.PFB0423c	31.9	87
932655	5833.PF11_0479	0.022	10
935473	5833.PFI0680c	0.062	22
936020	5833.PFL1525c	2.85	19
931558	5833.PF07_0026	7.5	37
933864	5833.PFA0210c	112	274
933903	5833.PFA0410w	663	3129
934843	5833.PFE0765w	2.43	20
935822	5833.PFL0565w	1000	593
930849	5833.MAL13P1.131	1.96	5
934313	5833.PFC0486c	5.91	5
931389	5833.MAL8P1.130	4.34	8
931833	5833.PF10_0028.1	2713	801
931806	5833.PF08_0139	16.1	1310
935510	5833.PFI0860c	24.9	97
933521	5833.PF14_0487	3.83	23
932998	5833.PF13_0316	2290	956
933313	5833.PF14_0275	136	174
934476	5833.PFD0145c	0.777	3
931751	5833.PF08_0084	38.7	27
935020	5833.PFF0040c	5.3	60
932362	5833.PF11_0172	43.5	129
933990	5833.PFB0105c	19.2	14
933094	5833.PF14_0053	325	547
932076	5833.PF10_0265	0.397	4
934471	5833.PFD0120w	1.14	276
932462	5833.PF11_0275	3.2	17
931780	5833.PF08_0113	125	636
932339	5833.PF11_0148	3.17	3
933656	5833.PF14_0616	47.8	123
934367	5833.PFC0745c	556	639
931924	5833.PF10_0112	40.2	27
932230	5833.PF11_0022	4.48	393
934433	5833.PFC1050w	33.9	32
932937	5833.PF13_0253	93.8	225
933974	5833.PFB0030c	10.9	1171
930883	5833.MAL13P1.163.1	99.1	121
931557	5833.PF07_0025	10.3	15
933846	5833.PFA0120c	1.22	6
935690	5833.PFI1730w	49.9	374
932201	5833.PF10_0394	2.78	60
934375	5833.PFC0785c	87.8	72
932913	5833.PF13_0228	4848	2926
934875	5833.PFE0925c	2.44	9
932481	5833.PF11_0295	17.5	33
935071	5833.PFF0295c	34.9	146
932546	5833.PF11_0362	97.1	247
933216	5833.PF14_0178	41.1	44
935577	5833.PFI1195c	1.79	3
933524	5833.PF14_0490	118	46
931632	5833.PF07_0099	35.2	29
934538	5833.PFD0462w	33.5	127
933513	5833.PF14_0479	0.783	7
934287	5833.PFC0371w	118	28
934389	5833.PFC0850c	3.0	10
933131	5833.PF14_0090	87.4	79
932485	5833.PF11_0300	10.9	17
933504	5833.PF14_0471	33.4	71
934888	5833.PFE0995c	62.7	132
931735	5833.PF08_0068	0.046	22
931255	5833.MAL7P1.184	3.5	276
935966	5833.PFL1260w	5.04	7
934158	5833.PFB0888w.1	82.6	25
931749	5833.PF08_0082	2.02	6
934770	5833.PFE0385w	25.9	69
935517	5833.PFI0895c	79.0	132
936199	5833.PFL2405c	374	4528
932728	5833.PF13_0033	816	1378
935223	5833.PFF1040w	8.14	8
932382	5833.PF11_0191	70.9	157
933614	5833.PF14_0578	392	300
934316	5833.PFC0500w	18.8	49
935037	5833.PFF0125c	3.2	11
933187	5833.PF14_0148	18.7	29
935098	5833.PFF0430w	544	1328
932223	5833.PF11_0011	6.88	294
932862	5833.PF13_0176	47.6	103
934251	5833.PFC0225c	2.48	5
934270	5833.PFC0290w	2712	519
934894	5833.PFE1025c	74.1	164
932105	5833.PF10_0293	6.43	4
932461	5833.PF11_0274	4.02	4
935541	5833.PFI1015w	33.2	70
931345	5833.MAL7P1.81	550	687
934581	5833.PFD0695w	3.29	3
934805	5833.PFE0565w	5.22	9
932758	5833.PF13_0065	923	2659
933078	5833.PF14_0036	15.3	18
932932	5833.PF13_0248	89.5	140
933344	5833.PF14_0309	7.45	5
934962	5833.PFE1355c	395	697
932834	5833.PF13_0148	0.006	5
933831	5833.PFA0045c	7.49	1171
932876	5833.PF13_0190	102	204
935650	5833.PFI1545c	447	539
932620	5833.PF11_0442	5.62	29
935491	5833.PFI0770c	150	64
931503	5833.MAL8P1.69	3909	3808
935305	5833.PFF1445c	10.0	88
932126	5833.PF10_0314	21.1	72
931334	5833.MAL7P1.67	55.0	78
932407	5833.PF11_0217	15.7	16
933913	5833.PFA0460c	715	340
933214	5833.PF14_0177	169	601
933668	5833.PF14_0630	2.24	10
932779	5833.PF13_0086	34.4	70
935769	5833.PFL0300c	26.7	38
933388	5833.PF14_0352	353	1009
932338	5833.PF11_0147	2.35	5
934602	5833.PFD0800c	2.85	6
936173	5833.PFL2275c	347	371
934546	5833.PFD0515w	2.61	3
934782	5833.PFE0445c	68.5	82
931372	5833.MAL8P1.109	74.5	89
934010	5833.PFB0194w	106	125
932754	5833.PF13_0061	53.3	74
935899	5833.PFL0935c	0.353	148
932857	5833.PF13_0171	1053	684
935726	5833.PFL0075w	284	274
934867	5833.PFE0885w	123	451
931490	5833.MAL8P1.57	5.99	30
933718	5833.PF14_0678	1745	1830
931667	5833.PF07_0138	5.33	1171
934590	5833.PFD0740w	1.3	4
934829	5833.PFE0690c	369	588
934488	5833.PFD0207c	56.8	59
934146	5833.PFB0840w	130	207
932705	5833.PF13_0011	3782	2552
931942	5833.PF10_0130	52.5	204
932827	5833.PF13_0141	6341	8138
932377	5833.PF11_0186	50.9	41
935839	5833.PFL0640w	21.9	20
936217	5833.PFL2505c	264	2100
931564	5833.PF07_0032	10.9	10
931065	5833.MAL13P1.338	17.4	14
931845	5833.PF10_0039	2335	1480
933810	5833.PF14_0775	27.6	15
934884	5833.PFE0975c	1986	423
935820	5833.PFL0555c	1.67	12
934872	5833.PFE0910w	83.0	26
931984	5833.PF10_0170	90.2	72
934860	5833.PFE0850c	1138	648
934503	5833.PFD0290w	7.76	3
933942	5833.PFA0620c	104	153
931988	5833.PF10_0174	264	422
934334	5833.PFC0575w	1.82	6
933338	5833.PF14_0301.1	628	648
930840	5833.MAL13P1.122	71.7	678
934404	5833.PFC0912w	328	241
935298	5833.PFF1410c	70.7	160
932136	5833.PF10_0322	33.6	137
932942	5833.PF13_0258	1.27	8
935447	5833.PFI0545w	13.6	13
934241	5833.PFC0185w	56.2	136
933105	5833.PF14_0064	50.8	42
933602	5833.PF14_0567	359	618
932059	5833.PF10_0245	1.07	5
936011	5833.PFL1480w	19028	27371
934337	5833.PFC0582c.1	7.43	6
931941	5833.PF10_0129	7.73	36
935961	5833.PFL1235c	7.1	18
934920	5833.PFE1150w	1880	5046
934284	5833.PFC0360w	59.8	47
931758	5833.PF08_0091	180	795
934176	5833.PFB0953w	40.6	26
930956	5833.MAL13P1.234	0.544	14
933408	5833.PF14_0373	86.0	167
934311	5833.PFC0475c	13.6	50
934655	5833.PFD1045c	0.127	4
932621	5833.PF11_0443	75.4	83
933268	5833.PF14_0231	573	335
934783	5833.PFE0450w	13.5	60
932139	5833.PF10_0325	409	551
933390	5833.PF14_0354	10.4	26
931713	5833.PF08_0046	1.55	3
931829	5833.PF10_0024	2.81	6
931701	5833.PF08_0034	3.41	15
934752	5833.PFE0295w	3.52	3
934286	5833.PFC0370w	3.87	7
932629	5833.PF11_0454	771	223
932250	5833.PF11_0049	15.5	152
932036	5833.PF10_0221	2.84	7
933510	5833.PF14_0477	153	284
934439	5833.PFC1080c	746	2246
932861	5833.PF13_0175	2.23	6
931475	5833.MAL8P1.41	6.96	7
935504	5833.PFI0830c	8.14	47
936210	5833.PFL2460w	159	380
931188	5833.MAL7P1.110	112	78
933647	5833.PF14_0608	2.19	4
935768	5833.PFL0295c	21.0	59
934492	5833.PFD0230c	11.5	40
933499	5833.PF14_0467	133	118
934575	5833.PFD0670c	642	567
935652	5833.PFI1555w	309	10
934896	5833.PFE1035c	7.03	4
934130	5833.PFB0750w	0.941	3
936163	5833.PFL2225w	312	231
933984	5833.PFB0075c	68.9	33
934550	5833.PFD0535w	4.78	26
935856	5833.PFL0720w	126	121
931617	5833.PF07_0085	76.1	179
934806	5833.PFE0570w	6.85	247
932975	5833.PF13_0291	111	466
936131	5833.PFL2070w	2.64	4
935578	5833.PFI1200w	1.95	6
931451	5833.MAL8P1.23	3.01	85
933451	5833.PF14_0416	30.5	27
931018	5833.MAL13P1.294	48.9	59
934903	5833.PFE1070c	0.492	4
932268	5833.PF11_0067	101	262
933971	5833.PFB0015c	23.0	1322
931893	5833.PF10_0081	334	586
934301	5833.PFC0430w	9.3	39
934448	5833.PFD0005w	0.245	148
935829	5833.PFL0600w	13.1	26
933862	5833.PFA0200w	24.0	13
933066	5833.PF14_0027	469	196
933386	5833.PF14_0350	139	281
934402	5833.PFC0910w	101	131
934265	5833.PFC0275w	667	1049
930985	5833.MAL13P1.26	0.877	13
931985	5833.PF10_0171	24.5	45
934285	5833.PFC0365w	79.8	147
935799	5833.PFL0450c	34.1	19
934591	5833.PFD0745c	21.2	8
936061	5833.PFL1725w	336	987
934839	5833.PFE0745w	8.17	14
934343	5833.PFC0610c	5.85	23
932739	5833.PF13_0044	84.7	792
933027	5833.PF13_0348	25.0	86
935538	5833.PFI1000w	3.3	33
933307	5833.PF14_0269	35.0	25
933762	5833.PF14_0724	0.847	5
934774	5833.PFE0405c	1.66	3
935453	5833.PFI0575c	35.8	21
934531	5833.PFD0430c	11.4	42
935259	5833.PFF1220w	1.9	3
934811	5833.PFE0595w	77.1	29
933080	5833.PF14_0038	156	56
931823	5833.PF10_0018	17.8	55
932357	5833.PF11_0168	65.8	270
934632	5833.PFD0945c	1.56	5
933430	5833.PF14_0395	3.88	12
935274	5833.PFF1295w	414	571
934302	5833.PFC0435w	180	819
933098	5833.PF14_0057	11.0	7
931612	5833.PF07_0080	282	125
931373	5833.MAL8P1.11	1.08	9
932467	5833.PF11_0281	216	282
933568	5833.PF14_0533	4.05	9
934610	5833.PFD0835c	3.2	7
934434	5833.PFC1055w	0.086	22
932154	5833.PF10_0340	381	1371
932775	5833.PF13_0082	128	123
934562	5833.PFD0605c	13.7	18
933228	5833.PF14_0190	15.6	17
934702	5833.PFE0045c	5.42	18
934958	5833.PFE1335c	103	90
931649	5833.PF07_0115	19.3	199
932214	5833.PF10_0407	1.25	3
935131	5833.PFF0590c	75.2	165
934593	5833.PFD0755c	3.55	4
935196	5833.PFF0900c	7.51	4
933675	5833.PF14_0636	219	505
935998	5833.PFL1420w	421	873
931687	5833.PF08_0020	23.5	115
935015	5833.PFF0015c	14.1	1178
934412	5833.PFC0950c	29.2	143
932176	5833.PF10_0366	1289	1315
932458	5833.PF11_0271	0.472	11
931192	5833.MAL7P1.114	125	103
933351	5833.PF14_0316	90.9	448
933547	5833.PF14_0511	130	512
932060	5833.PF10_0246	34.5	90
933444	5833.PF14_0409	12.5	42
932067	5833.PF10_0254	25.3	152
931315	5833.MAL7P1.36	45.7	9
933104	5833.PF14_0063	4.03	16
931175	5833.MAL13P1.94	2.51	4
932274	5833.PF11_0073	2.98	16
935396	5833.PFI0300w	49.2	30
931092	5833.MAL13P1.39	0.244	6
931119	5833.MAL13P1.500	7.83	1288
936102	5833.PFL1930w	4.5	87
935710	5833.PFI1830c	0.344	148
932388	5833.PF11_0198	3.01	5
933464	5833.PF14_0429	15.1	38
931674	5833.PF08_0007	258	53
933509	5833.PF14_0476	10.6	13
935079	5833.PFF0335c	20.3	34
932303	5833.PF11_0107	1.32	3
934321	5833.PFC0520w	151	166
934921	5833.PFE1155c	124	245
935367	5833.PFI0155c	1033	879
931851	5833.PF10_0045	1.13	23
934056	5833.PFB0395w	69.9	86
935229	5833.PFF1070c	2.36	8
935511	5833.PFI0865w	1.46	3
933364	5833.PF14_0329	330	223
931484	5833.MAL8P1.51	23.0	12
934254	5833.PFC0240c	18.2	79
931938	5833.PF10_0126	328	608
931849	5833.PF10_0043	2458	795
934854	5833.PFE0820c	106	132
931234	5833.MAL7P1.159	4.64	6
932361	5833.PF11_0171	7.39	14
935253	5833.PFF1185w	390	2378
931732	5833.PF08_0065	1.08	4
931754	5833.PF08_0087	1050	1566
934283	5833.PFC0355c	5.62	10
935976	5833.PFL1310c	32.5	132
933110	5833.PF14_0069	149	111
935265	5833.PFF1250w	2.42	4
935349	5833.PFI0070w	1.73	276
934678	5833.PFD1165w	161	383
933556	5833.PF14_0520	620	1054
932079	5833.PF10_0268	3182	2160
932159	5833.PF10_0345	87.1	154
934660	5833.PFD1070w	86.3	141
934365	5833.PFC0735w	1687	588
932868	5833.PF13_0182	0.03	22
934068	5833.PFB0455w.1	1029	161
931323	5833.MAL7P1.52	0.986	276
934601	5833.PFD0795w	14.9	84
933450	5833.PF14_0415	2.87	4
933716	5833.PF14_0676	207	189
933274	5833.PF14_0237	24.3	26
931029	5833.MAL13P1.304	0.56	4
931702	5833.PF08_0035	131	476
932830	5833.PF13_0144	408	597
934304	5833.PFC0441c.1	114	132
931776	5833.PF08_0109	268	484
933140	5833.PF14_0100	101	317
933399	5833.PF14_0364	3.79	21
934669	5833.PFD1115c	11.5	69
931896	5833.PF10_0084	4536	8333
935312	5833.PFF1480w	2.53	6
931359	5833.MAL7P1.98	55.1	25
931247	5833.MAL7P1.174	1076	544
934934	5833.PFE1215c	89.7	132
931945	5833.PF10_0133	8.08	65
931380	5833.MAL8P1.121	22.9	31
933989	5833.PFB0100c	80167	26896
931182	5833.MAL7P1.104	8.23	6
935783	5833.PFL0370w	22.1	38
933087	5833.PF14_0046	227	197
931298	5833.MAL7P1.27	498	1083
934877	5833.PFE0935c	1.94	11
935393	5833.PFI0285w	2.23	11
934983	5833.PFE1470w	106	86
931549	5833.PF07_0017	20.5	97
933781	5833.PF14_0744	3.45	9
934004	5833.PFB0170w	1.06	4
932961	5833.PF13_0277	6.4	40
933010	5833.PF13_0330	211	451
931581	5833.PF07_0049	0.305	148
936089	5833.PFL1865w	11.1	86
934597	5833.PFD0775c	6.73	11
934634	5833.PFD0955w	7.26	10
930897	5833.MAL13P1.176	13.6	286
934793	5833.PFE0500c	226	1072
932309	5833.PF11_0114	98.6	167
932554	5833.PF11_0370	20.7	23
933493	5833.PF14_0461	30.8	85
931423	5833.MAL8P1.17	1135	2490
934374	5833.PFC0780w	3.65	52
935749	5833.PFL0190w	80.0	100
935488	5833.PFI0755c	758	4531
932793	5833.PF13_0101	1.49	8
934470	5833.PFD0115c	219	137
931844	5833.PF10_0038	1283	348
932891	5833.PF13_0205	64.2	168
934948	5833.PFE1285w	2042	1217
931486	5833.MAL8P1.53	172	355
935682	5833.PFI1695c	35.1	29
933993	5833.PFB0115w	38.2	130
934907	5833.PFE1085w	21.3	59
934892	5833.PFE1015c	13.2	40
932178	5833.PF10_0368	44.5	118
933318	5833.PF14_0280	18.7	32
930893	5833.MAL13P1.172	70.6	67
935572	5833.PFI1170c	128	250
931926	5833.PF10_0114	148	152
935669	5833.PFI1630c	2.81	3
932451	5833.PF11_0265	8.81	17
931201	5833.MAL7P1.124	10.7	15
935151	5833.PFF0683c	0.043	5
934242	5833.PFC0190c	47.1	91
933057	5833.PF14_0018	114	225
934435	5833.PFC1060c	41.3	82
932464	5833.PF11_0277	1.57	4
931473	5833.MAL8P1.4	22.2	17
935443	5833.PFI0525w	26.8	53
933836	5833.PFA0070c	1.28	18
936070	5833.PFL1770c	15.5	6
931660	5833.PF07_0126	0.503	3
931455	5833.MAL8P1.26	82.3	6
935531	5833.PFI0965w	120	132
931671	5833.PF08_0004	71.3	29
935810	5833.PFL0505c	1.74	3
933211	5833.PF14_0174	71.2	115
933575	5833.PF14_0540	46.8	184
931304	5833.MAL7P1.300	465	26
931877	5833.PF10_0068	1907	1240
933719	5833.PF14_0679	97.6	256
931956	5833.PF10_0144	140	136
936247	5833.PFL2660w	11.5	1177
931569	5833.PF07_0037	0.754	5
934218	5833.PFC0085c	496	554
931507	5833.MAL8P1.72	1419	200
933136	5833.PF14_0096	248	348
935553	5833.PFI1075w	335	159
932480	5833.PF11_0294	56.9	450
934097	5833.PFB0595w	404	386
934203	5833.PFC0010c	6.05	1171
933797	5833.PF14_0761	2.41	7
933585	5833.PF14_0550	8.5	36
931826	5833.PF10_0021	21.9	18
932568	5833.PF11_0385	75.7	122
930953	5833.MAL13P1.231	355	530
934151	5833.PFB0865w	111	32
932039	5833.PF10_0224	1.87	50
932498	5833.PF11_0313	1305	2921
932718	5833.PF13_0023	135	53
931738	5833.PF08_0071	912	610
932482	5833.PF11_0296	0.607	4
932088	5833.PF10_0277	106	63
933300	5833.PF14_0261	538	552
932056	5833.PF10_0242	11.8	54
931325	5833.MAL7P1.56	0.303	148
932099	5833.PF10_0287	1.7	4
933477	5833.PF14_0443	414	253
935780	5833.PFL0355c	6.04	10
935073	5833.PFF0305c	67.2	57
935149	5833.PFF0675c	7.35	80
935408	5833.PFI0350c	55.8	41
931131	5833.MAL13P1.540	545	1446
933055	5833.PF14_0016	219	107
934042	5833.PFB0330c	211	534
934186	5833.PFB0980w	3.0	36
932222	5833.PF11_0010	21.9	319
931952	5833.PF10_0140	0.711	4
933928	5833.PFA0535c	2.25	12
931966	5833.PF10_0153a.1	3.62	3
933376	5833.PF14_0341	535	1127
931214	5833.MAL7P1.14	24.7	17
931445	5833.MAL8P1.216	2.35	276
935032	5833.PFF0100w	11.9	51
934501	5833.PFD0275w	30.7	40
931963	5833.PF10_0151	2.02	5
931129	5833.MAL13P1.535	11.0	1288
934451	5833.PFD0025w	19.0	1228
933370	5833.PF14_0335	86.8	56
935528	5833.PFI0950w	35.1	126
935646	5833.PFI1525w	72.9	61
935560	5833.PFI1110w	215	618
930889	5833.MAL13P1.169	48.2	57
935643	5833.PFI1510w	3.95	12
931246	5833.MAL7P1.173	0.092	5
931594	5833.PF07_0062	0.037	5
933045	5833.PF14_0004	19.5	1257
935806	5833.PFL0485w	5.13	4
931961	5833.PF10_0149	53.3	162
931032	5833.MAL13P1.307	12.4	11
935588	5833.PFI1245c	1.8	3
933090	5833.PF14_0049	39.9	15
933918	5833.PFA0485w.1	1.96	7
931097	5833.MAL13P1.405	2.79	18
932731	5833.PF13_0036	3.98	3
931487	5833.MAL8P1.54	4.41	42
931973	5833.PF10_0160	33.5	95
932765	5833.PF13_0071	24.2	54
932577	5833.PF11_0396	247	625
933932	5833.PFA0555c	124	335
931468	5833.MAL8P1.35	4.47	8
931836	5833.PF10_0031	17.4	54
931378	5833.MAL8P1.114	21.4	5
933680	5833.PF14_0641	1.02	3
931825	5833.PF10_0020	112	366
932988	5833.PF13_0305	11474	32662
932478	5833.PF11_0292	426	361
933567	5833.PF14_0532	181	1243
935205	5833.PFF0945c	51.3	309
934340	5833.PFC0595c	4.41	5
932675	5833.PF11_0511	10.1	8
933639	5833.PF14_0601	136	208
935718	5833.PFL0035c	34.4	139
933356	5833.PF14_0321	5.47	6
934732	5833.PFE0195w	4.54	43
932239	5833.PF11_0037	8.4	18
932444	5833.PF11_0258	297	229
931646	5833.PF07_0112	642	699
936142	5833.PFL2120w	52.0	258
932871	5833.PF13_0185	11.9	5
932262	5833.PF11_0061	18459	3100
933729	5833.PF14_0690	0.276	3
933714	5833.PF14_0674	3.65	8
935099	5833.PFF0435w	4550	8947
931813	5833.PF10_0004	9.63	1171
932440	5833.PF11_0254	74.1	93
931055	5833.MAL13P1.329	16.2	55
934882	5833.PFE0965c	121	49
936083	5833.PFL1835w	56.0	252
933496	5833.PF14_0464	48.5	44
933245	5833.PF14_0208	25.3	7
933744	5833.PF14_0706	15.5	95
932152	5833.PF10_0337	14.5	9
931555	5833.PF07_0023	144	474
934586	5833.PFD0720w	327	254
935369	5833.PFI0165c	39.7	317
935543	5833.PFI1025w	15.7	21
932500	5833.PF11_0315	3.97	8
935994	5833.PFL1400c	0.126	10
931531	5833.MAL8P1.96	67.5	48
931890	5833.PF10_0079	10.6	120
932613	5833.PF11_0436	5.74	9
935733	5833.PFL0110c	49.2	119
933621	5833.PF14_0585	794	136
933581	5833.PF14_0546	404	878
934033	5833.PFB0285c	0.822	4
932110	5833.PF10_0298	69.2	181
933367	5833.PF14_0332	50.3	38
934280	5833.PFC0340w	28.9	67
934342	5833.PFC0605w	11.3	6
935333	5833.PFF1585w	0.971	4
933769	5833.PF14_0732	54.9	98
935147	5833.PFF0665c	17.6	65
934282	5833.PFC0350c	655	1455
933149	5833.PF14_0110	0.98	4
931847	5833.PF10_0041	28.0	154
932015	5833.PF10_0199	0.219	8
932354	5833.PF11_0165	77.9	364
934208	5833.PFC0035w	4.99	327
934066	5833.PFB0445c	1617	2586
932378	5833.PF11_0187	15.6	10
932087	5833.PF10_0276	1.8	3
934654	5833.PFD1037w	126	132
933350	5833.PF14_0315	0.01	22
932688	5833.PF11_0524	70.3	21
935486	5833.PFI0745w	40.1	39
934210	5833.PFC0045w	8.54	5
935415	5833.PFI0385c	14.4	22
931431	5833.MAL8P1.203	0.48	3
931447	5833.MAL8P1.218	6.96	294
933631	5833.PF14_0594	0.315	4
934288	5833.PFC0375c	32.8	176
933835	5833.PFA0065w	533	2057
932390	5833.PF11_0200	6.4	4
935056	5833.PFF0220w	203	1357
932115	5833.PF10_0303	125	120
933630	5833.PF14_0593	138	688
935002	5833.PFE1590w	3105	918
931743	5833.PF08_0076	2881	965
936244	5833.PFL2645c	6.07	324
935085	5833.PFF0365c	1.58	10
933395	5833.PF14_0359	1511	2104
935112	5833.PFF0500c	1.93	3
932009	5833.PF10_0194	12.9	10
933670	5833.PF14_0632	258	1307
932543	5833.PF11_0359	21.5	75
930968	5833.MAL13P1.244	10.8	14
934231	5833.PFC0145c	2.68	17
934124	5833.PFB0720c	0.713	3
930950	5833.MAL13P1.229	9.67	8
933279	5833.PF14_0242	48.7	70
931343	5833.MAL7P1.78	27.4	9
931076	5833.MAL13P1.347	96.1	99
932490	5833.PF11_0305	25.5	39
931791	5833.PF08_0124	12.2	23
935552	5833.PFI1070c	4.18	4
933146	5833.PF14_0106	3.91	4
935342	5833.PFI0035c	10.4	1288
934936	5833.PFE1225w	7.71	6
934088	5833.PFB0545c	6.58	4
935235	5833.PFF1095w	207	1042
932083	5833.PF10_0272	2959	2383
932560	5833.PF11_0377.1	217	283
932769	5833.PF13_0076	3329	1340
935190	5833.PFF0870w	274	685
934364	5833.PFC0730w	111	213
931575	5833.PF07_0043	5129	238
934653	5833.PFD1035w	5.35	6
931628	5833.PF07_0095	3.0	3
935466	5833.PFI0645w	1128	1181
934496	5833.PFD0250c	0.506	3
932003	5833.PF10_0187	878	392
933910	5833.PFA0445w	115	667
931249	5833.MAL7P1.176	69.3	287
934045	5833.PFB0345c	624	2479
931695	5833.PF08_0028	3.94	20
933679	5833.PF14_0640	1.45	3
935284	5833.PFF1345w	103	468
935148	5833.PFF0670w	0.015	22
935499	5833.PFI0810c	10.9	13
934612	5833.PFD0850c	39.8	60
931753	5833.PF08_0086	231	383
932964	5833.PF13_0280	3.74	8
934263	5833.PFC0270w	158	180
934362	5833.PFC0720w	20.7	26
936238	5833.PFL2615w	4.98	1171
935123	5833.PFF0555w	56.6	53
932766	5833.PF13_0072	4.07	25
935401	5833.PFI0325c	0.744	3
932219	5833.PF11_0007	0.342	148
935238	5833.PFF1110c	16.6	92
931244	5833.MAL7P1.171	888	4024
932875	5833.PF13_0189	25.0	120
932878	5833.PF13_0192	488	547
932288	5833.PF11_0090	3.85	6
934455	5833.PFD0040c	13.1	1179
933290	5833.PF14_0252	5.3	48
931746	5833.PF08_0079	58.5	51
934622	5833.PFD0895c	71.2	70
935916	5833.PFL1010c	7.86	67
935209	5833.PFF0970w	11.9	9
934076	5833.PFB0490c	852	281
934988	5833.PFE1505w	7.33	4
934668	5833.PFD1110w	344	534
935010	5833.PFE1630w	3.56	117
934009	5833.PFB0190c	11.2	65
935306	5833.PFF1450w	37.1	34
933063	5833.PF14_0024	6.45	6
933379	5833.PF14_0344	390	1350
931274	5833.MAL7P1.212	0.314	148
933047	5833.PF14_0006	8.36	350
931083	5833.MAL13P1.356	0.33	148
932980	5833.PF13_0297	3.34	5
931134	5833.MAL13P1.56	1478	6078
935936	5833.PFL1110c	842	1412
931141	5833.MAL13P1.61	39.6	43
934236	5833.PFC0166w	2.75	3
931621	5833.PF07_0089	99.1	381
931670	5833.PF08_0003	89.9	122
931546	5833.PF07_0014	11.0	23
932448	5833.PF11_0262	22.6	32
932574	5833.PF11_0393	33.9	20
934031	5833.PFB0279w	1.67	4
932628	5833.PF11_0453	3.37	8
932245	5833.PF11_0043	949	496
932807	5833.PF13_0121	142	220
932756	5833.PF13_0063	396	956
932685	5833.PF11_0521	0.008	5
934089	5833.PFB0550w	159	300
931009	5833.MAL13P1.285	2.99	17
935927	5833.PFL1065c	19.9	44
932745	5833.PF13_0051	23.5	9
931326	5833.MAL7P1.57	2.92	276
934046	5833.PFB0350c	77.2	345
935815	5833.PFL0530c	68.2	286
931792	5833.PF08_0125	91.7	239
936008	5833.PFL1465c	38.5	88
932431	5833.PF11_0245	218	397
934485	5833.PFD0195c	9.9	6
931679	5833.PF08_0012	6.23	53
935564	5833.PFI1130c	28.4	65
933108	5833.PF14_0067	154	893
931263	5833.MAL7P1.202	85.2	372
934103	5833.PFB0620w	88.6	41
932936	5833.PF13_0252	471	832
932930	5833.PF13_0246	4.31	4
935041	5833.PFF0145w	0.063	5
931562	5833.PF07_0030	9.29	15
932602	5833.PF11_0424	13.1	63
931767	5833.PF08_0100	7.06	14
931365	5833.MAL8P1.102	0.125	22
934387	5833.PFC0840w	3.7	16
931450	5833.MAL8P1.220	0.299	148
932922	5833.PF13_0237	31.1	110
930924	5833.MAL13P1.202	7.37	37
931096	5833.MAL13P1.40	5.35	6
936080	5833.PFL1820w	9.42	23
935737	5833.PFL0130c	115	616
935843	5833.PFL0660w	24.4	7
931968	5833.PF10_0155	7650	12686
934049	5833.PFB0365w	0.372	3
935081	5833.PFF0345w	152	458
936209	5833.PFL2455w	29.6	52
935004	5833.PFE1600w	260	828
934725	5833.PFE0155w	1.3	4
932427	5833.PF11_0241	2.02	20
932701	5833.PF13_0004	6.65	1180
934578	5833.PFD0685c	32.4	126
931947	5833.PF10_0135	1.47	3
931069	5833.MAL13P1.341	62.9	53
934827	5833.PFE0675c	79.5	206
932311	5833.PF11_0115	45.2	80
934040	5833.PFB0320c	7.18	4
935743	5833.PFL0160w	27.8	8
931915	5833.PF10_0103	684	315
932164	5833.PF10_0351	280	689
932254	5833.PF11_0053	39.7	222
935182	5833.PFF0835w	1042	911
933208	5833.PF14_0170	13.2	170
933594	5833.PF14_0559	0.901	5
932642	5833.PF11_0465	698	1878
932315	5833.PF11_0119	3.52	3
935103	5833.PFF0455w	1.51	3
933413	5833.PF14_0378	1694	1818
932729	5833.PF13_0034	14.4	49
932802	5833.PF13_0116	33.8	229
932716	5833.PF13_0021	1209	626
933437	5833.PF14_0402	8.12	63
930941	5833.MAL13P1.22	43.9	147
933252	5833.PF14_0214	5.17	31
935225	5833.PFF1050w	1263	870
931241	5833.MAL7P1.167	2.47	24
933909	5833.PFA0440w	580	324
934966	5833.PFE1375c	11.6	14
935539	5833.PFI1005w	11.7	7
932918	5833.PF13_0233	381	987
931727	5833.PF08_0060	107	403
933000	5833.PF13_0318	12.3	5
934063	5833.PFB0425c	28.5	49
934396	5833.PFC0885c	28.2	36
932811	5833.PF13_0125	27.7	27
934609	5833.PFD0830w	217	390
935062	5833.PFF0250w	162	409
935337	5833.PFI0010c	10.3	1171
934542	5833.PFD0485w	48.9	75
934982	5833.PFE1465w.1	2.46	12
931876	5833.PF10_0067	10.6	15
933939	5833.PFA0590w	29.5	304
931530	5833.MAL8P1.95	297	547
933181	5833.PF14_0142	281	460
932714	5833.PF13_0019	3.51	34
932295	5833.PF11_0096	556	707
931514	5833.MAL8P1.78	72.3	54
932206	5833.PF10_0399	2.83	60
934747	5833.PFE0270c	37.2	200
933125	5833.PF14_0084	0.098	3
934821	5833.PFE0645w	24.0	31
932749	5833.PF13_0055	6.36	8
933315	5833.PF14_0277	18.2	105
935247	5833.PFF1155w	906	2066
931094	5833.MAL13P1.395	4.41	18
931121	5833.MAL13P1.51	189	170
935136	5833.PFF0610c	2.11	4
933694	5833.PF14_0655	2746	4446
931842	5833.PF10_0036	21.3	17
930937	5833.MAL13P1.216	0.985	6
933615	5833.PF14_0579	1662	507
933979	5833.PFB0055c	4.58	60
934823	5833.PFE0655w	14.9	186
933888	5833.PFA0335w	233	202
933284	5833.PF14_0246	68.1	311
932880	5833.PF13_0194	51.6	36
934272	5833.PFC0300c	4331	2234
934322	5833.PFC0525c	123	176
931819	5833.PF10_0013	18.8	19
933968	5833.PFA0760w	17.8	1189
932203	5833.PF10_0396	16.2	63
931810	5833.PF10_0001	0.388	148
935798	5833.PFL0445w	8.97	55
935478	5833.PFI0705w	209	214
935474	5833.PFI0685w	1.35	8
935721	5833.PFL0050c	158	244
934824	5833.PFE0660c	2039	2302
933526	5833.PF14_0492	4.52	3
931814	5833.PF10_0005	17.8	1183
932983	5833.PF13_0300	12.2	13
934109	5833.PFB0650w	0.338	3
930862	5833.MAL13P1.144	5.22	5
933026	5833.PF13_0347	37.9	16
935771	5833.PFL0310c	105	646
936100	5833.PFL1920c	121	124
935495	5833.PFI0790w	15.7	8
936045	5833.PFL1645w	6.38	111
932008	5833.PF10_0193	171	111
931566	5833.PF07_0034	8.24	10
932499	5833.PF11_0314	807	1263
931610	5833.PF07_0078	6.49	12
932457	5833.PF11_0270	202	823
931448	5833.MAL8P1.219	6.53	282
933527	5833.PF14_0493	290	1024
932921	5833.PF13_0236	1.44	3
935269	5833.PFF1270c	14.1	16
935444	5833.PFI0530c	13.8	24
933991	5833.PFB0106c	268	251
936128	5833.PFL2055w	1903	785
935172	5833.PFF0785w	16.1	54
934436	5833.PFC1065w	22.5	84
935155	5833.PFF0700c	940	215
930926	5833.MAL13P1.204	3.25	4
930928	5833.MAL13P1.206	42.4	131
931316	5833.MAL7P1.37	9.68	17
934400	5833.PFC0900w	663	1316
933391	5833.PF14_0355	67.1	13
935942	5833.PFL1140w	274	302
931761	5833.PF08_0094	2.13	7
932226	5833.PF11_0014	236	362
932283	5833.PF11_0084	3.11	7
935871	5833.PFL0790w	0.915	3
934611	5833.PFD0840w	0.009	22
932727	5833.PF13_0032	83.4	138
933446	5833.PF14_0411	8.46	4
932535	5833.PF11_0351	2407	5920
930994	5833.MAL13P1.269	3.42	7
934521	5833.PFD0380c	1.04	5
931712	5833.PF08_0045	25.8	104
931898	5833.PF10_0086	1017	822
931485	5833.MAL8P1.52	238	33
933443	5833.PF14_0408	2.46	18
934589	5833.PFD0735c	6.35	58
931788	5833.PF08_0121	12.6	7
935801	5833.PFL0460w	118	50
933405	5833.PF14_0370	5.24	28
931782	5833.PF08_0115	8.9	35
931393	5833.MAL8P1.134	0.506	3
930895	5833.MAL13P1.174	50.9	58
933635	5833.PF14_0598	16894	22644
934859	5833.PFE0845c	1331	967
935438	5833.PFI0500w	16.2	25
933640	5833.PF14_0602	5.36	11
934022	5833.PFB0240w	6.01	11
934232	5833.PFC0150w	74.4	234
933665	5833.PF14_0626	0.012	10
932668	5833.PF11_0503	46.2	75
934114	5833.PFB0675w	1.22	7
934545	5833.PFD0505c	1.38	5
931004	5833.MAL13P1.28	3.02	8
935779	5833.PFL0350c	19.8	118
933106	5833.PF14_0065	154	173
933562	5833.PF14_0527	151	338
930982	5833.MAL13P1.257	32.5	65
933519	5833.PF14_0485	0.865	4
934394	5833.PFC0875w	4.67	60
936136	5833.PFL2090c	11.3	9
934817	5833.PFE0625w	1353	978
934413	5833.PFC0955w	1.96	3
931162	5833.MAL13P1.81	112	88
932945	5833.PF13_0261	19.3	33
935561	5833.PFI1115c	8.02	34
931261	5833.MAL7P1.200	1.84	117
936002	5833.PFL1435c	0.092	4
931324	5833.MAL7P1.55	0.332	148
934760	5833.PFE0335w	0.991	7
935607	5833.PFI1340w	57.6	150
935487	5833.PFI0750c	2.62	17
932909	5833.PF13_0224	1781	815
935412	5833.PFI0370c	510	396
936015	5833.PFL1500w	1027	1050
935861	5833.PFL0745c	10.5	21
930838	5833.MAL13P1.120	51.7	100
932289	5833.PF11_0091	15.5	100
935919	5833.PFL1025c	10.7	24
933199	5833.PF14_0160	1.09	9
935968	5833.PFL1270w	1051	1041
934458	5833.PFD0050w	2.88	276
932298	5833.PF11_0099	94.4	337
931958	5833.PF10_0146	45.5	284
933561	5833.PF14_0526.2	2.77	3
933546	5833.PF14_0510	358	236
935867	5833.PFL0770w	3.64	20
932507	5833.PF11_0322	0.272	10
933017	5833.PF13_0338	116	481
935334	5833.PFF1590w	16.0	1186
931194	5833.MAL7P1.117	892	9
935434	5833.PFI0480w	2.73	17
931547	5833.PF07_0015	14.2	48
935386	5833.PFI0250c	1.08	14
931991	5833.PF10_0177a	1.25	9
932368	5833.PF11_0177	110	241
931573	5833.PF07_0041	1.25	4
933162	5833.PF14_0124	921	2613
935751	5833.PFL0200c	0.1	3
934028	5833.PFB0265c	0.58	5
931805	5833.PF08_0138	9.73	1171
932683	5833.PF11_0519	5.57	1171
933033	5833.PF13_0354	115	516
930899	5833.MAL13P1.178	1.44	5
934141	5833.PFB0815w	483	903
934078	5833.PFB0500c	56.7	56
930958	5833.MAL13P1.236	5.61	3
932502	5833.PF11_0317	16.2	88
935436	5833.PFI0490c	46.3	201
935381	5833.PFI0225w	10.6	42
933014	5833.PF13_0335	10.8	44
934680	5833.PFD1175w	7.39	20
931586	5833.PF07_0054	5279	1380
931163	5833.MAL13P1.82	103	96
934369	5833.PFC0755c	26.3	131
935385	5833.PFI0245c	32.5	24
933305	5833.PF14_0267	31.1	53
932180	5833.PF10_0370	22.8	15
932991	5833.PF13_0308	6.94	23
935860	5833.PFL0740c	10.7	3
934933	5833.PFE1210c	5.57	9
933035	5833.PF13_0356	6.17	6
935827	5833.PFL0590c	778	2494
933447	5833.PF14_0412	1.05	4
936201	5833.PFL2415w	29.1	37
935332	5833.PFF1580c	0.165	148
935626	5833.PFI1435w	90.4	95
931579	5833.PF07_0047	90.8	556
931965	5833.PF10_0153	1292	2784
931342	5833.MAL7P1.77	120	223
934765	5833.PFE0360c	2.46	5
933241	5833.PF14_0204	2.28	7
935612	5833.PFI1365w	48.1	33
934483	5833.PFD0185c	6.56	13
936006	5833.PFL1455w	1.62	5
934336	5833.PFC0581w	34.9	31
934036	5833.PFB0300c	464	257
934015	5833.PFB0210c	265	634
933265	5833.PF14_0228	100	556
933369	5833.PF14_0334	2.5	40
931553	5833.PF07_0021	2.52	10
931073	5833.MAL13P1.344	91.4	191
932971	5833.PF13_0287	201	564
931731	5833.PF08_0064	137	66
936216	5833.PFL2490c	1.95	6
932521	5833.PF11_0336	7.18	7
932981	5833.PF13_0298	0.05	22
934314	5833.PFC0490w	4.26	10
932639	5833.PF11_0463	56.9	242
934411	5833.PFC0945w	34.4	39
934303	5833.PFC0440c	4.73	36
935550	5833.PFI1060w	0.759	5
934197	5833.PFB1035w	25.5	1185
935124	5833.PFF0560c	64.9	172
933471	5833.PF14_0437	87.1	164
931752	5833.PF08_0085	30.7	43
933937	5833.PFA0580c	60.7	91
935052	5833.PFF0200c	131	532
931540	5833.PF07_0008	9431	6403
934701	5833.PFE0040c	4637	12345
935145	5833.PFF0655c	8.51	43
935996	5833.PFL1410c	1.23	11
934970	5833.PFE1405c	75.9	278
936161	5833.PFL2215w	5373	9990
933652	5833.PF14_0613	2.9	37
932326	5833.PF11_0130	5.29	28
934522	5833.PFD0385w	115	509
935581	5833.PFI1215w	13.2	27
934781	5833.PFE0440w	2.88	29
933169	5833.PF14_0131	28.9	9
936166	5833.PFL2240w	3.92	7
932364	5833.PF11_0174	190	673
932923	5833.PF13_0238	174	435
933113	5833.PF14_0072	24.0	17
933853	5833.PFA0155c	1.32	4
935094	5833.PFF0410w	21.2	196
932982	5833.PF13_0299	38.3	96
933404	5833.PF14_0369	15.7	16
933177	5833.PF14_0138	33.9	26
933202	5833.PF14_0164	451	959
931199	5833.MAL7P1.122	713	1125
933222	5833.PF14_0184	5.4	26
931561	5833.PF07_0029	6078	17902
935803	5833.PFL0470w	1.53	6
935219	5833.PFF1020c	6.79	32
934717	5833.PFE0120c	7.44	13
932719	5833.PF13_0024	13.4	93
931356	5833.MAL7P1.94	213	126
936160	5833.PFL2210w	0.23	6
935054	5833.PFF0210w	6.47	14
936026	5833.PFL1550w	29.3	57
932815	5833.PF13_0129	1759	914
935215	5833.PFF1000w	1.52	5
935192	5833.PFF0880c	27.3	14
933011	5833.PF13_0331	22.2	23
932374	5833.PF11_0183	4043	3592
933165	5833.PF14_0127	70.7	91
931766	5833.PF08_0099	193	66
932349	5833.PF11_0160	1.96	4
936158	5833.PFL2200w	2.44	3
934499	5833.PFD0265w	38.4	373
933905	5833.PFA0420w	1870	200
934453	5833.PFD0030c	7.71	1171
933236	5833.PF14_0198	136	350
932234	5833.PF11_0026	3.0	36
933452	5833.PF14_0417	98.9	292
933926	5833.PFA0525w	6.22	11
933870	5833.PFA0245w	952	1295
932089	5833.PF10_0278	3.27	3
934279	5833.PFC0335c	1.31	13
931677	5833.PF08_0010	11.8	43
934890	5833.PFE1005w	2427	627
933528	5833.PF14_0494	1.04	7
933052	5833.PF14_0013	5.69	9
932053	5833.PF10_0238	22.1	19
934749	5833.PFE0280c	2.94	6
936174	5833.PFL2280w	1.13	4
935021	5833.PFF0045c	1.84	117
935039	5833.PFF0135w	2.12	4
933883	5833.PFA0310c	311	1660
931366	5833.MAL8P1.103	97.9	176
934876	5833.PFE0930w	3.11	15
933531	5833.PF14_0497	5.56	19
935513	5833.PFI0875w	8566	17147
932306	5833.PF11_0111	4669	9023
935280	5833.PFF1325c	3.88	8
931903	5833.PF10_0091	1.49	6
934363	5833.PFC0725c	98.3	322
930995	5833.MAL13P1.270	646	557
931999	5833.PF10_0183	15.7	152
931734	5833.PF08_0067	2.17	4
932933	5833.PF13_0249	2.44	8
932161	5833.PF10_0347	2.93	5
932851	5833.PF13_0165	803	996
932842	5833.PF13_0156	344	224
932684	5833.PF11_0520	11.7	1202
932137	5833.PF10_0323	1178	1258
933345	5833.PF14_0310	6.73	17
932772	5833.PF13_0079	0.268	3
933163	5833.PF14_0125	13.8	40
935808	5833.PFL0495c	0.583	3
934237	5833.PFC0170c	136	267
933438	5833.PF14_0403	2.31	28
932664	5833.PF11_0485	9.22	6
935237	5833.PFF1105c	1.95	5
932032	5833.PF10_0217	157	181
932027	5833.PF10_0213	219	784
931773	5833.PF08_0106	1.36	153
933229	5833.PF14_0191	187	441
935821	5833.PFL0560c	0.561	14
932058	5833.PF10_0244	58.2	203
933206	5833.PF14_0168	6.42	8
931710	5833.PF08_0043	23.8	15
935109	5833.PFF0485c	7.16	21
933137	5833.PF14_0097	87.2	183
932780	5833.PF13_0087	3.45	5
932366	5833.PF11_0175a	4.18	7
934091	5833.PFB0560w	10.0	156
931736	5833.PF08_0069	143	506
933118	5833.PF14_0077	575	1192
931772	5833.PF08_0105	1.76	276
933775	5833.PF14_0738	2.34	4
935866	5833.PFL0765w	8.14	20
934898	5833.PFE1045c	0.3	3
934262	5833.PFC0265c	29.9	81
936099	5833.PFL1915w	2.18	8
933460	5833.PF14_0425	4707	7227
931603	5833.PF07_0071	20.2	55
935692	5833.PFI1740c.1	46.6	20
934507	5833.PFD0310w	1034	1205
935108	5833.PFF0480w	0.948	6
931807	5833.PF08_0140	0.226	148
935591	5833.PFI1260c	30.8	37
934703	5833.PFE0050w	387	386
932446	5833.PF11_0260	418	3
934648	5833.PFD1010w	0.542	4
935637	5833.PFI1480w	11.3	32
933927	5833.PFA0530c	14.4	12
932897	5833.PF13_0213	2139	1014
931796	5833.PF08_0129	25.6	87
934592	5833.PFD0750w	41.4	40
934061	5833.PFB0420w	5.36	5
933592	5833.PF14_0557	59.8	81
935268	5833.PFF1265w	29.4	46
931291	5833.MAL7P1.229	16.5	541
931252	5833.MAL7P1.179	2.07	60
935350	5833.PFI0075w	1.27	276
934600	5833.PFD0790c	0.818	5
934257	5833.PFC0250c	61.0	140
936148	5833.PFL2150c	77.9	58
933985	5833.PFB0080c	3.42	7
932317	5833.PF11_0121	18.7	9
933986	5833.PFB0085c	5.57	21
934164	5833.PFB0915w	108	425
931087	5833.MAL13P1.37	12.5	44
933436	5833.PF14_0401	485	750
931662	5833.PF07_0129	433	1047
934709	5833.PFE0080c	704	1382
931616	5833.PF07_0084	34.9	18
931625	5833.PF07_0092	45.5	85
930978	5833.MAL13P1.253	14.1	5
936116	5833.PFL1995c	17.9	21
932249	5833.PF11_0048	181	156
934944	5833.PFE1265w	19.0	42
936205	5833.PFL2435w	51.0	27
932782	5833.PF13_0089	1.09	9
931755	5833.PF08_0088	2.61	4
935432	5833.PFI0470w	2.08	11
932911	5833.PF13_0226	8.42	16
936022	5833.PFL1530w	7.61	40
935664	5833.PFI1610c	6.63	3
931125	5833.MAL13P1.520	1.6	276
932619	5833.PF11_0441a	1.74	3
933191	5833.PF14_0152	17.5	51
935818	5833.PFL0545w	5.09	27
934780	5833.PFE0435c	16.5	19
932742	5833.PF13_0048	47.3	148
931222	5833.MAL7P1.15	2.22	33
936064	5833.PFL1740w	42.6	38
931320	5833.MAL7P1.47	1.14	276
933794	5833.PF14_0758	14.9	64
934952	5833.PFE1305c.1	11.2	18
932256	5833.PF11_0055	601	1083
936078	5833.PFL1810w	43.8	89
932488	5833.PF11_0303	185	252
935446	5833.PFI0540w	1.03	3
935455	5833.PFI0585c	0.954	5
931520	5833.MAL8P1.83	664	496
934307	5833.PFC0455w	3.61	17
931548	5833.PF07_0016	39.6	278
935220	5833.PFF1025c	2152	2164
933333	5833.PF14_0295	116	184
935468	5833.PFI0655c	2.97	3
930929	5833.MAL13P1.209	336	70
935374	5833.PFI0190w	3062	949
935479	5833.PFI0710c	5.1	37
931003	5833.MAL13P1.279	2.09	3
930835	5833.MAL13P1.118	7.57	28
932307	5833.PF11_0112	18.1	81
934726	5833.PFE0160c	144	78
931686	5833.PF08_0019	1863	2371
932272	5833.PF11_0071	99.0	204
934460	5833.PFD0060w	2.08	276
935928	5833.PFL1070c	2442	7444
932497	5833.PF11_0312	4172	486
932397	5833.PF11_0207	164	459
931875	5833.PF10_0066	41.5	14
933473	5833.PF14_0439	744	2072
935978	5833.PFL1320w	2.17	9
933124	5833.PF14_0083	2511	1589
932767	5833.PF13_0073	16.9	19
933587	5833.PF14_0552	8.28	90
935777	5833.PFL0340w	19.4	82
936187	5833.PFL2345c	708	1409
934989	5833.PFE1510c	3.32	3
932904	5833.PF13_0219	1.81	6
935441	5833.PFI0515w	30.1	17
933813	5833.PF14_0783	31.5	16
933302	5833.PF14_0264	10.9	30
932472	5833.PF11_0286	32.5	60
931118	5833.MAL13P1.50	149	122
933483	5833.PF14_0450	6.52	11
932479	5833.PF11_0293	594	108
932895	5833.PF13_0211	2.91	7
932080	5833.PF10_0269	11.7	11
933686	5833.PF14_0647	1.84	23
932898	5833.PF13_0214	754	881
936059	5833.PFL1715w	29.1	39
932899	5833.PF13_0215	6.08	5
932212	5833.PF10_0405	7.21	1171
934234	5833.PFC0160w	16.0	82
932747	5833.PF13_0053	0.797	7
931644	5833.PF07_0110	1.95	6
935096	5833.PFF0420c	437	722
932160	5833.PF10_0346	163	209
932365	5833.PF11_0175	641	2077
932064	5833.PF10_0252	97.4	9
935719	5833.PFL0040c	0.443	3
935429	5833.PFI0455w	9.41	48
932387	5833.PF11_0197	553	504
934292	5833.PFC0390w	7.83	32
935926	5833.PFL1060c	1.4	3
932140	5833.PF10_0326	7.23	18
935857	5833.PFL0725w	234	247
933860	5833.PFA0190c	18.2	25
934548	5833.PFD0525w	104	118
934116	5833.PFB0685c	33.3	141
934698	5833.PFE0025c	1.91	276
933343	5833.PF14_0308	0.08	10
934464	5833.PFD0080c	812	1349
932370	5833.PF11_0179	230	155
932191	5833.PF10_0380	26.0	79
932158	5833.PF10_0344	227	1194
935645	5833.PFI1520w	2.09	3
932019	5833.PF10_0205	0.841	6
932536	5833.PF11_0352	135	421
931852	5833.PF10_0046	48.9	168
932785	5833.PF13_0091	5.63	10
933086	5833.PF14_0045	5.22	24
934985	5833.PFE1485w	7.64	61
931049	5833.MAL13P1.323	26.3	155
932887	5833.PF13_0201	48.1	117
933043	5833.PF14_0002	9.64	1171
933442	5833.PF14_0407	18.1	196
935370	5833.PFI0170w	22.9	119
931425	5833.MAL8P1.19	26.4	92
931036	5833.MAL13P1.310	1.64	14
933468	5833.PF14_0433	4.06	10
932398	5833.PF11_0208	2876	2043
931763	5833.PF08_0096	11433	11123
932332	5833.PF11_0141	15.3	38
931600	5833.PF07_0068	2.34	4
932974	5833.PF13_0290	2.06	6
935753	5833.PFL0210c	14510	6797
933147	5833.PF14_0107	0.994	3
933100	5833.PF14_0059	2.1	22
934930	5833.PFE1195w	1134	5549
933157	5833.PF14_0119	20.8	32
933172	5833.PF14_0133	0.108	5
934373	5833.PFC0775w	2540	970
934569	5833.PFD0640c	1.44	276
931593	5833.PF07_0061	2.52	23
932591	5833.PF11_0413	41.8	41
933488	5833.PF14_0454	5.68	31
932588	5833.PF11_0409	34.7	32
933293	5833.PF14_0255	22.8	35
932791	5833.PF13_0099	49.4	25
933456	5833.PF14_0421	99.0	139
931726	5833.PF08_0059	12.1	7
935169	5833.PFF0770c	0.544	4
935730	5833.PFL0095c	67.8	28
935712	5833.PFL0005w	0.304	148
936069	5833.PFL1765c	1.57	3
933275	5833.PF14_0238	14.1	51
933848	5833.PFA0130c	3.09	8
935242	5833.PFF1130c	21.1	24
931607	5833.PF07_0075	2.29	9
933517	5833.PF14_0483	0.123	22
935695	5833.PFI1755c	16.6	27
935707	5833.PFI1815c	17.5	66
932606	5833.PF11_0428	4.35	6
934429	5833.PFC1030w	1.78	11
934044	5833.PFB0340c	3037	9102
932919	5833.PF13_0234	66.9	180
935833	5833.PFL0620c	98.4	235
934074	5833.PFB0480w	9.79	17
934826	5833.PFE0670w	14.7	7
933180	5833.PF14_0141	1746	755
934366	5833.PFC0740c	11.8	28
935563	5833.PFI1125c	12.2	11
932650	5833.PF11_0473	46.3	28
933189	5833.PF14_0150	17.5	5
934553	5833.PFD0550c	40.0	25
933634	5833.PF14_0597	68.1	164
933144	5833.PF14_0104	536	764
935568	5833.PFI1150w	23.4	68
931109	5833.MAL13P1.47	31.6	28
932667	5833.PF11_0488	7.42	29
934106	5833.PFB0635w	208	469
934624	5833.PFD0905w	54.9	56
931258	5833.MAL7P1.187	0.273	148
932984	5833.PF13_0301	101	75
931386	5833.MAL8P1.127	3.51	12
933164	5833.PF14_0126	0.053	22
931063	5833.MAL13P1.336	1391	1994
934895	5833.PFE1030c	27.4	38
934563	5833.PFD0610w	0.563	3
932229	5833.PF11_0021	10.7	1295
932358	5833.PF11_0168a	0.638	21
931114	5833.MAL13P1.485	18.4	84
935394	5833.PFI0290c	500	1350
932182	5833.PF10_0372.2	24.7	6
934043	5833.PFB0335c	532	1779
936243	5833.PFL2640c	9.95	1190
932833	5833.PF13_0147	2.76	4
933624	5833.PF14_0587	11.8	27
935329	5833.PFF1565c	3.17	279
934791	5833.PFE0490w	4.41	4
932174	5833.PF10_0363	66.0	226
932935	5833.PF13_0251	6.4	10
933844	5833.PFA0110w	255	1346
933529	5833.PF14_0495	263	1728
933397	5833.PF14_0361	170	406
931619	5833.PF07_0087	290	527
935246	5833.PFF1150w	29.5	36
934442	5833.PFC1095w	5.65	1171
932141	5833.PF10_0327	2.76	8
931143	5833.MAL13P1.63	46.5	250
931278	5833.MAL7P1.216	8.31	1219
936092	5833.PFL1880w	183	653
935285	5833.PFF1350c	140	461
931060	5833.MAL13P1.333	20.4	200
934684	5833.PFD1200c	10.5	9
933007	5833.PF13_0327	8.64	5
934209	5833.PFC0040w	19.1	323
934708	5833.PFE0075c	174	440
934053	5833.PFB0385w	14.0	7
932821	5833.PF13_0135	1.11	5
934911	5833.PFE1105c	4.22	18
933563	5833.PF14_0528	15.3	51
934415	5833.PFC0965w	6.82	68
935598	5833.PFI1295c	5.34	10
932941	5833.PF13_0257	273	1154
932673	5833.PF11_0509	166	927
933006	5833.PF13_0326	5.55	4
933463	5833.PF14_0428	72.8	286
932561	5833.PF11_0378	1.82	6
931474	5833.MAL8P1.40	675	391
932681	5833.PF11_0517	1.48	276
933609	5833.PF14_0574	248	140
933969	5833.PFA0765c	0.301	148
931321	5833.MAL7P1.5	1076	827
936113	5833.PFL1980c	17.8	201
933008	5833.PF13_0328	1114	1252
934087	5833.PFB0540w	17.8	85
935997	5833.PFL1415w	553	1294
933981	5833.PFB0060w	1.8	276
934032	5833.PFB0280w	6.93	83
935163	5833.PFF0740c	0.117	10
932751	5833.PF13_0058	344	250
934615	5833.PFD0865c	5.03	16
932240	5833.PF11_0038	8.08	10
932172	5833.PF10_0361.1	727	3390
935903	5833.PFL0955c	3.66	3
934847	5833.PFE0785c	256	391
932259	5833.PF11_0058.1	6.5	4
931756	5833.PF08_0089	27.7	301
930892	5833.MAL13P1.171	56.3	46
934573	5833.PFD0665c	631	906
934794	5833.PFE0505w	1.02	4
933605	5833.PF14_0570	9.57	12
931022	5833.MAL13P1.298	0.374	3
935005	5833.PFE1605w	357	929
932952	5833.PF13_0268	2471	816
931158	5833.MAL13P1.77	10.2	13
933975	5833.PFB0035c	11.5	1288
934797	5833.PFE0520c	6.2	11
935097	5833.PFF0425w	95.8	84
933854	5833.PFA0160c	525	933
936167	5833.PFL2245w	227	291
932144	5833.PF10_0330	49.1	29
933412	5833.PF14_0377	492	495
935845	5833.PFL0670c	230	724
931634	5833.PF07_0101	12.4	97
934767	5833.PFE0370c	2.44	15
931799	5833.PF08_0132	39.7	263
933326	5833.PF14_0288	2.45	3
935128	5833.PFF0575c	3.48	39
935988	5833.PFL1370w	16.5	33
935014	5833.PFF0010w	0.255	148
934326	5833.PFC0545c	25.5	37
935765	5833.PFL0280c	671	771
933988	5833.PFB0095c	229	1579
931256	5833.MAL7P1.185	16.4	1238
934187	5833.PFB0985c	562	2184
933642	5833.PF14_0604	75.4	75
936012	5833.PFL1485w	2.03	4
934918	5833.PFE1140c	20.3	10
936074	5833.PFL1790w	16.1	68
931651	5833.PF07_0117	283	407
933054	5833.PF14_0015	19.5	37
935945	5833.PFL1155w	493	508
931828	5833.PF10_0023	61.3	64
932928	5833.PF13_0243	10.3	31
934459	5833.PFD0055w	4.59	324
932672	5833.PF11_0508	489	651
933589	5833.PF14_0554	83.5	19
935846	5833.PFL0675c	6.82	30
931538	5833.PF07_0006	68.7	74
932593	5833.PF11_0415	571	158
932856	5833.PF13_0170	202	568
932679	5833.PF11_0515	3.38	60
933899	5833.PFA0390w	0.035	5
935379	5833.PFI0215c	172	94
935078	5833.PFF0330w	7.65	60
933028	5833.PF13_0349	702	339
932956	5833.PF13_0272	3147	1571
936101	5833.PFL1925w	115	271
931661	5833.PF07_0127	123	56
931804	5833.PF08_0137	155	502
933657	5833.PF14_0617	56.1	51
931838	5833.PF10_0033	65.3	46
936118	5833.PFL2005w	203	311
933198	5833.PF14_0159	47.0	156
935544	5833.PFI1030c.1	50.9	67
934482	5833.PFD0180c	1.19	3
932610	5833.PF11_0433	9.54	85
935126	5833.PFF0570c	170	224
934017	5833.PFB0220w	10.5	17
935345	5833.PFI0050c	2.19	276
931019	5833.MAL13P1.295	2.75	29
933132	5833.PF14_0092	283	353
933175	5833.PF14_0136	2.17	7
932246	5833.PF11_0044	0.458	3
934527	5833.PFD0405c	147	47
932437	5833.PF11_0251	31.8	72
930949	5833.MAL13P1.228	76.7	119
932443	5833.PF11_0257	973	1363
933403	5833.PF14_0368	1790	1633
933807	5833.PF14_0772	11.5	1171
933142	5833.PF14_0102	1195	4873
935193	5833.PFF0885w	3116	553
935183	5833.PFF0840w	6.05	4
932252	5833.PF11_0051	168	414
935532	5833.PFI0970c	8.27	41
932075	5833.PF10_0264	2128	1737
933002	5833.PF13_0321	3.78	6
932692	5833.PF11_0529	33.2	1202
936057	5833.PFL1705w	20.4	133
933244	5833.PF14_0207	2.17	3
931031	5833.MAL13P1.306.1	9.52	22
931565	5833.PF07_0033	2195	6614
931596	5833.PF07_0064	28.9	50
932426	5833.PF11_0240	1.56	56
935909	5833.PFL0975w	0.417	8
935389	5833.PFI0265c	1580	4661
932033	5833.PF10_0218	20.6	49
934623	5833.PFD0900w	5.09	39
933004	5833.PF13_0323	3.28	11
934269	5833.PFC0285c	1186	2769
931144	5833.MAL13P1.64	71.0	16
934579	5833.PFD0690c	0.031	5
931977	5833.PF10_0163	9.52	8
933311	5833.PF14_0273	0.636	6
931518	5833.MAL8P1.81	42.5	37
933190	5833.PF14_0151	49.1	73
931491	5833.MAL8P1.58	52.9	81
931927	5833.PF10_0115	2891	7432
931971	5833.PF10_0158	7.17	21
934987	5833.PFE1500c	1938	498
934222	5833.PFC0105w	52.7	258
934388	5833.PFC0845c	28.6	19
931676	5833.PF08_0009	40.8	55
934587	5833.PFD0725c	83.0	145
932660	5833.PF11_0482	9.16	53
934432	5833.PFC1045c	0.798	3
935895	5833.PFL0920c	0.834	4
932527	5833.PF11_0342	23.8	167
932912	5833.PF13_0227	189	184
934172	5833.PFB0935w	32.9	953
933911	5833.PFA0450c	28.4	22
932623	5833.PF11_0447	60.7	89
932330	5833.PF11_0139	51.7	50
932233	5833.PF11_0025	637	2284
934235	5833.PFC0165w	0.149	3
934239	5833.PFC0176c	72.4	71
931203	5833.MAL7P1.126	2.35	7
934555	5833.PFD0560w	1.91	8
935832	5833.PFL0615w	114	53
933041	5833.PF13_0362	49.3	30
934059	5833.PFB0410c	637	714
934086	5833.PFB0535w	0.169	22
933908	5833.PFA0435w	6.04	7
932022	5833.PF10_0208	4.65	14
935353	5833.PFI0086w	64.8	55
932787	5833.PF13_0095	180	791
936029	5833.PFL1565c	0.081	22
935297	5833.PFF1405c	6.52	10
932091	5833.PF10_0280	88.2	52
934095	5833.PFB0585w	70.1	118
931982	5833.PF10_0168.2	13.5	32
935925	5833.PFL1055c	12.9	20
932738	5833.PF13_0043	36.2	19
935999	5833.PFL1425w	960	1966
934466	5833.PFD0090c	516	503
933334	5833.PF14_0296	1168	420
934852	5833.PFE0810c	2611	1448
933119	5833.PF14_0078	555	1112
932882	5833.PF13_0197	320	499
935437	5833.PFI0495w	6.14	60
931933	5833.PF10_0121	3720	3326
933588	5833.PF14_0553	23.0	48
934994	5833.PFE1535w	6.76	25
933516	5833.PF14_0482	2.36	3
935226	5833.PFF1055c	50.7	138
934293	5833.PFC0395w	173	553
933847	5833.PFA0125c	15.2	81
935299	5833.PFF1415c	372	443
934885	5833.PFE0980c	0.427	4
933636	5833.PF14_0599	1.03	3
934822	5833.PFE0650c	46.8	40
932614	5833.PF11_0437	913	319
932284	5833.PF11_0086	698	3807
931936	5833.PF10_0124	21.3	95
936223	5833.PFL2535w	3.12	3
932420	5833.PF11_0231	6.18	8
932865	5833.PF13_0179	540	2154
935409	5833.PFI0355c	64.9	166
935946	5833.PFL1160c	211	191
935282	5833.PFF1335c	1184	1209
932393	5833.PF11_0203	1.21	7
935024	5833.PFF0060w	695	2221
933009	5833.PF13_0329	20.3	20
935732	5833.PFL0105w	293	350
930999	5833.MAL13P1.275	0.91	3
932149	5833.PF10_0334	51.0	95
935524	5833.PFI0930c	1708	1500
935363	5833.PFI0135c	139	497
930860	5833.MAL13P1.141	150	63
934809	5833.PFE0585c	1690	3839
935012	5833.PFE1640w	0.282	148
930991	5833.MAL13P1.266	0.32	3
934069	5833.PFB0460c	0.237	3
935655	5833.PFI1570c	231	453
935878	5833.PFL0830w	4.71	13
932270	5833.PF11_0069	213	249
931694	5833.PF08_0027	5.36	21
934596	5833.PFD0770c	514	175
932333	5833.PF11_0142	387	416
933566	5833.PF14_0531	0.023	5
932165	5833.PF10_0352	2.29	4
935214	5833.PFF0995c	50.9	74
934690	5833.PFD1230c	29.7	300
935709	5833.PFI1825w	16.1	1310
931911	5833.PF10_0099	0.962	27
935973	5833.PFL1295w	17.3	21
935858	5833.PFL0730w	1.1	3
934671	5833.PFD1130w	3.99	6
931176	5833.MAL13P1.95	10.4	6
933469	5833.PF14_0434	256	233
934405	5833.PFC0915w	274	584
933032	5833.PF13_0353	10.9	12
935654	5833.PFI1565w	529	492
934619	5833.PFD0880w	42.8	75
931972	5833.PF10_0159	9177	24960
931196	5833.MAL7P1.119	237	448
933282	5833.PF14_0244	41.6	206
931869	5833.PF10_0061	8.35	11
933534	5833.PF14_0500	94.2	76
931611	5833.PF07_0079	820	394
934692	5833.PFD1240w	23.6	1261
933564	5833.PF14_0529	34.9	146
933987	5833.PFB0090c	48.3	231
934594	5833.PFD0760c	3.73	5
933751	5833.PF14_0713	2.14	6
931177	5833.MAL13P1.96	14.7	53
931919	5833.PF10_0107	20.5	19
935605	5833.PFI1330c	50.4	38
932142	5833.PF10_0328	235	365
931741	5833.PF08_0074	8842	4060
935680	5833.PFI1685w	221	299
933943	5833.PFA0625w	0.177	6
935915	5833.PFL1005c	381	334
934535	5833.PFD0450c	5.1	7
931371	5833.MAL8P1.108	33.3	45
931935	5833.PF10_0123	315	733
935902	5833.PFL0950c	21.0	176
934813	5833.PFE0605c	61.7	112
931950	5833.PF10_0138	4.52	25
934230	5833.PFC0140c	72.3	233
932634	5833.PF11_0458	8.72	9
932958	5833.PF13_0274	20.1	66
934506	5833.PFD0305c	712	1763
