#name: H.salinarum(NRC-1) - Whole organism, SC (GPM,Aug,2014)
#score: 7.45
#weight: 50%
#description: abundance based on Spectral counting, from<a href="http://www.thegpm.org/" target="_blank">GPM,Aug,2014</a><br/><b>Interaction consistency score</b>: 7.45&nbsp<b>Coverage</b>: 59
#organ: WHOLE_ORGANISM
#integrated: false
#coverage: 59
#publication_year: 2014
#filename: 64091_GPM_201408.txt
#
#internal_id	string_external_id	abundance	raw_spectral_count
2905026	64091.VNG2295G	65.3	8
2905194	64091.VNG2513G	1971	733
2904085	64091.VNG1073G	95.4	32
2905122	64091.VNG2416G	116	24
2903660	64091.VNG0525C	1075	467
2905013	64091.VNG2281C	456	205
2904862	64091.VNG2100G	898	273
2903511	64091.VNG0330G	1430	831
2904917	64091.VNG2163H	658	112
2904742	64091.VNG1942H	129	15
2904363	64091.VNG1442G	215	68
2904454	64091.VNG1561Cm	93.9	38
2904250	64091.VNG1291H	106	23
2904963	64091.VNG2218G	3482	968
2904127	64091.VNG1132G	3454	509
2903353	64091.VNG0127C	34.5	6
2904220	64091.VNG1250H	1397	210
2904105	64091.VNG1099C	411	104
2904762	64091.VNG1967G	909	331
2903303	64091.VNG0061C	34.0	13
2904247	64091.VNG1285G	286	71
2903332	64091.VNG0099G	1661	158
2903915	64091.VNG0862G	58.1	12
2905092	64091.VNG2378G	738	171
2903361	64091.VNG0137G	15.8	6
2904006	64091.VNG0976G	944	242
2903733	64091.VNG0620G	2964	494
2903435	64091.VNG0227H	95.5	6
2904045	64091.VNG1023C	13.4	3
2903441	64091.VNG0237H	3631	48
2903937	64091.VNG0889G	645	399
2903330	64091.VNG0097G	146	25
2903549	64091.VNG0384G	13.7	7
2905097	64091.VNG2384G	31.3	26
2904875	64091.VNG2117C	728	132
2904342	64091.VNG1412H	1561	311
2904605	64091.VNG1767G	64.0	16
2905278	64091.VNG2622H	226	51
2903943	64091.VNG0896G	458	37
2904461	64091.VNG1570H	16.3	3
2903907	64091.VNG0851C	308	58
2904765	64091.VNG1972G	15.7	8
2904725	64091.VNG1920H	70.6	9
2904778	64091.VNG1988G	219	28
2904533	64091.VNG1668G	5359	578
2903989	64091.VNG0954C	300	50
2903903	64091.VNG0845C	82.8	19
2903672	64091.VNG0541G	433	118
2904349	64091.VNG1422H	223	70
2905274	64091.VNG2616G	2565	1093
2905071	64091.VNG2349G	5970	3173
2904010	64091.VNG0982C	1911	151
2903814	64091.VNG0727C	188	57
2905130	64091.VNG2424G	936	407
2903892	64091.VNG0829G	38.7	32
2903372	64091.VNG0149G	27.5	16
2905266	64091.VNG2608C	127	44
2903631	64091.VNG0487H	393	73
2903839	64091.VNG0757G	441	71
2903449	64091.VNG0247C	155	28
2903930	64091.VNG0880G	2156	366
2904227	64091.VNG1259G	165	36
2904969	64091.VNG2226G	9725	4041
2904276	64091.VNG1325C	706	253
2903573	64091.VNG0415G	204	119
2903986	64091.VNG0950Gm	36.9	13
2904192	64091.VNG1213C	139	37
2904799	64091.VNG2015C	528	52
2904260	64091.VNG1303C	9.75	3
2905190	64091.VNG2509H	127	23
2904613	64091.VNG1775C	153	23
2903767	64091.VNG0665G	266	21
2904448	64091.VNG1553G	1336	231
2904887	64091.VNG2130G	152	30
2905041	64091.VNG2312C	140	29
2905175	64091.VNG2486G	395	115
2903397	64091.VNG0178H	195	60
2903443	64091.VNG0239C	1268	142
2903536	64091.VNG0365G	161	48
2903590	64091.VNG0437C	411	144
2904806	64091.VNG2025G	79.3	21
2904644	64091.VNG1818G	747	161
2903922	64091.VNG0870G	152	19
2904850	64091.VNG2085G	202	46
2904062	64091.VNG1046H	151	17
2904335	64091.VNG1404G	24.6	4
2904025	64091.VNG0998G	958	284
2904160	64091.VNG1173a	1005	73
2903720	64091.VNG0601H	2259	196
2904416	64091.VNG1510C	19.8	9
2904943	64091.VNG2191H	97.5	17
2903813	64091.VNG0726C	76.0	20
2903865	64091.VNG0793G	150	143
2904288	64091.VNG1342Gm	8.78	6
2904287	64091.VNG1341G	133	35
2905185	64091.VNG2502C	42.2	21
2905007	64091.VNG2273H	25702	560
2904952	64091.VNG2204H	402	65
2904388	64091.VNG1472G	1251	964
2904757	64091.VNG1962C	234	40
2904666	64091.VNG1845C	250	97
2904707	64091.VNG1898C	1961	140
2905091	64091.VNG2377G	247	40
2904178	64091.VNG1194H	563	47
2905231	64091.VNG2562H	418	109
2905214	64091.VNG2536C	16.7	4
2903540	64091.VNG0371G	184	82
2905070	64091.VNG2347G	139	34
2904677	64091.VNG1859G	75.7	26
2904745	64091.VNG1945G	194	33
2904652	64091.VNG1829G	1351	291
2904259	64091.VNG1302H	222	13
2905300	64091.VNG2646C	768	150
2903481	64091.VNG0291H	77.4	10
2904584	64091.VNG1735C	75.4	28
2904418	64091.VNG1513H	147	3
2905115	64091.VNG2408C	241	21
2904196	64091.VNG1218C	61.4	11
2905082	64091.VNG2367G	4137	608
2904558	64091.VNG1699C	28.2	4
2904268	64091.VNG1314H	246	11
2904244	64091.VNG1282G	90.2	21
2903252	64091.VNG0005H	34.0	22
2905133	64091.VNG2430G	52.0	18
2903468	64091.VNG0271C	73.7	33
2903738	64091.VNG0627G	443	116
2904897	64091.VNG2141G	917	182
2903463	64091.VNG0265G	550	159
2904037	64091.VNG1012H	97.2	5
2905216	64091.VNG2539H	929	345
2905009	64091.VNG2276G	233	103
2904161	64091.VNG1174G	324	72
2904343	64091.VNG1413H	2.9	3
2903499	64091.VNG0315G	280	73
2904412	64091.VNG1503C	57.2	11
2904569	64091.VNG1714G	10709	578
2903994	64091.VNG0961G	3303	2566
2904334	64091.VNG1403H	54.7	6
2903747	64091.VNG0637G	1164	665
2903673	64091.VNG0542C	74.9	25
2904155	64091.VNG1168C	1542	279
2905110	64091.VNG2400H	746	136
2905259	64091.VNG2599H	63.2	7
2903934	64091.VNG0884G	382	142
2904498	64091.VNG1624G	1522	872
2903327	64091.VNG0094C	533	67
2904769	64091.VNG1977H	121	35
2904368	64091.VNG1450G	27.1	11
2905027	64091.VNG2296C	513	73
2903249	64091.VNG0001H	390	135
2904577	64091.VNG1724G	1465	355
2904716	64091.VNG1907H	19.4	4
2903786	64091.VNG0686C	15.6	3
2904169	64091.VNG1183H	72.6	4
2904399	64091.VNG1484H	37.3	15
2904365	64091.VNG1446H	31.3	4
2903358	64091.VNG0133G	211	44
2904839	64091.VNG2073C	293	64
2904306	64091.VNG1366H	345	20
2904705	64091.VNG1895H	136	19
2904331	64091.VNG1398C	67.2	9
2903607	64091.VNG0459G	1778	314
2904915	64091.VNG2160C	632	178
2903933	64091.VNG0883H	9.89	4
2905291	64091.VNG2638G	116	30
2903592	64091.VNG0439C	431	178
2904130	64091.VNG1136G	814	199
2903942	64091.VNG0893G	440	112
2903696	64091.VNG0573C	312	43
2903714	64091.VNG0595H	169	37
2903350	64091.VNG0123G	141	74
2905033	64091.VNG2302G	223	111
2904312	64091.VNG1374G	15.0	6
2904553	64091.VNG1692G	4491	546
2905150	64091.VNG2452C	168	39
2904317	64091.VNG1380H	174	35
2903605	64091.VNG0457G	902	151
2904884	64091.VNG2126C	596	153
2904170	64091.VNG1184Gm	485	234
2904638	64091.VNG1807H	624	70
2904091	64091.VNG1083G	74.4	21
2903824	64091.VNG0738H	107	15
2904481	64091.VNG1603G	367	113
2904355	64091.VNG1429C	73.3	19
2904100	64091.VNG1093C	824	170
2904843	64091.VNG2078G	79.0	9
2905102	64091.VNG2392H	744	83
2904954	64091.VNG2206G	478	234
2903929	64091.VNG0879C	1078	112
2904464	64091.VNG1574G	12.1	3
2904785	64091.VNG1997G	360	226
2904761	64091.VNG1965H	84.7	15
2903867	64091.VNG0795G	1309	56
2905184	64091.VNG2501C	120	21
2903680	64091.VNG0551G	3747	56
2903541	64091.VNG0373H	273	22
2903624	64091.VNG0479G	86.6	18
2905060	64091.VNG2335H	56.7	13
2904821	64091.VNG2045G	85.4	29
2904237	64091.VNG1272C	306	102
2904299	64091.VNG1356G	2252	794
2903513	64091.VNG0332C	97.7	10
2903780	64091.VNG0679G	2175	570
2904848	64091.VNG2082G	108	23
2904951	64091.VNG2203G	395	110
2905048	64091.VNG2321G	1238	120
2904352	64091.VNG1426H	1109	184
2903902	64091.VNG0841G	431	106
2905039	64091.VNG2310H	573	48
2904861	64091.VNG2099C	1011	106
2904113	64091.VNG1111G	122	39
2903600	64091.VNG0450C	208	22
2905270	64091.VNG2612G	326	202
2904601	64091.VNG1762G	332	76
2904485	64091.VNG1608C	212	43
2904556	64091.VNG1697G	2452	420
2904138	64091.VNG1144H	242	46
2903565	64091.VNG0405C	359	125
2904959	64091.VNG2213G	18.8	15
2904232	64091.VNG1264C	552	50
2905201	64091.VNG2521H	255	33
2904739	64091.VNG1939G	123	50
2904609	64091.VNG1771C	668	58
2904965	64091.VNG2220G	1790	480
2905199	64091.VNG2519H	638	230
2903928	64091.VNG0878Gm	533	58
2905087	64091.VNG2372G	2194	270
2905148	64091.VNG2449G	1039	413
2903704	64091.VNG0583G	22.4	4
2903727	64091.VNG0611H	23.2	9
2903559	64091.VNG0398G	121	34
2905294	64091.VNG2641H	44.2	3
2904775	64091.VNG1985C	65.8	17
2904133	64091.VNG1139Gm	4556	395
2904913	64091.VNG2158G	179	44
2904266	64091.VNG1311G	63.8	14
2904688	64091.VNG1873G	3461	1202
2904901	64091.VNG2146H	1070	115
2904132	64091.VNG1138G	3371	458
2905180	64091.VNG2496G	194	10
2903260	64091.VNG0016H	16.8	3
2904028	64091.VNG1001G	1113	542
2904565	64091.VNG1707G	6616	721
2904414	64091.VNG1506G	217	61
2905145	64091.VNG2445C	21.9	4
2903881	64091.VNG0815G	761	221
2905172	64091.VNG2482G	5.54	5
2903810	64091.VNG0723G	115	52
2905182	64091.VNG2498H	24.5	3
2903869	64091.VNG0798H	57.6	19
2904058	64091.VNG1038C	5762	158
2903802	64091.VNG0711C	654	121
2904061	64091.VNG1042H	400	37
2904649	64091.VNG1823C	158	24
2904945	64091.VNG2195G	1430	133
2904406	64091.VNG1494G	581	18
2904614	64091.VNG1776G	420	111
2904854	64091.VNG2089H	477	24
2904733	64091.VNG1932G	280	63
2903495	64091.VNG0310C	871	268
2904547	64091.VNG1686G	536	111
2904339	64091.VNG1408G	1030	497
2903711	64091.VNG0592G	9.19	3
2905067	64091.VNG2343G	888	333
2904507	64091.VNG1637G	22.1	4
2903789	64091.VNG0690C	9.81	6
2904741	64091.VNG1941C	78.9	29
2903688	64091.VNG0563G	22.5	8
2903686	64091.VNG0560C	42.6	18
2904827	64091.VNG2054H	69.4	4
2903999	64091.VNG0966G	489	124
2904262	64091.VNG1306G	1397	944
2905255	64091.VNG2595G	184	45
2903473	64091.VNG0281G	35.5	11
2904840	64091.VNG2074H	169	20
2904345	64091.VNG1416G	162	55
2904252	64091.VNG1294G	1361	147
2904175	64091.VNG1190G	6951	740
2905128	64091.VNG2422G	188	85
2903255	64091.VNG0009G	163	55
2904674	64091.VNG1853G	483	186
2904089	64091.VNG1079G	356	85
2904046	64091.VNG1024C	175	29
2903375	64091.VNG0152G	436	91
2903538	64091.VNG0368C	162	28
2905285	64091.VNG2631H	89.5	13
2905280	64091.VNG2625C	6.7	4
2905006	64091.VNG2272G	246	32
2903689	64091.VNG0564H	46.2	3
2903744	64091.VNG0633G	211	30
2904912	64091.VNG2157C	334	31
2903542	64091.VNG0374G	136	23
2905230	64091.VNG2560G	27.4	5
2903652	64091.VNG0512G	33.9	12
2903776	64091.VNG0675C	511	111
2903735	64091.VNG0623G	162	68
2905166	64091.VNG2473G	2233	668
2903440	64091.VNG0234C	2952	308
2904874	64091.VNG2116C	16.7	3
2903400	64091.VNG0181G	171	51
2903658	64091.VNG0523G	507	141
2903976	64091.VNG0937G	41.3	11
2904134	64091.VNG1140G	762	79
2903820	64091.VNG0734G	18.6	12
2903555	64091.VNG0391C	55.6	11
2904604	64091.VNG1766C	1035	205
2905103	64091.VNG2393G	1891	333
2905052	64091.VNG2326G	674	239
2905073	64091.VNG2352G	500	245
2905062	64091.VNG2338G	37.6	37
2904393	64091.VNG1478G	1107	72
2903700	64091.VNG0578H	266	21
2903676	64091.VNG0546C	1322	315
2904011	64091.VNG0983C	89.8	45
2905265	64091.VNG2607C	914	204
2903289	64091.VNG0046G	165	67
2904274	64091.VNG1323C	5.52	4
2903636	64091.VNG0494G	1450	190
2903777	64091.VNG0676C	384	15
2904229	64091.VNG1261H	104	7
2904926	64091.VNG2173G	6.21	3
2904372	64091.VNG1454C	281	132
2904099	64091.VNG1092C	512	164
2903936	64091.VNG0887G	375	234
2904144	64091.VNG1153G	669	315
2903387	64091.VNG0166G	2699	754
2903401	64091.VNG0183G	572	55
2904495	64091.VNG1621H	223	33
2905275	64091.VNG2617G	707	194
2904727	64091.VNG1922G	1165	63
2904140	64091.VNG1148G	85.0	8
2904104	64091.VNG1097G	272	84
2904392	64091.VNG1476C	22.6	6
2903875	64091.VNG0808G	183	70
2905010	64091.VNG2277H	57.1	6
2903619	64091.VNG0473G	1414	271
2904038	64091.VNG1013G	180	68
2904587	64091.VNG1740C	60.8	13
2904453	64091.VNG1559H	668	114
2904397	64091.VNG1482G	1937	451
2904195	64091.VNG1216G	316	114
2904458	64091.VNG1566G	1284	1093
2904523	64091.VNG1656H	23.7	4
2903969	64091.VNG0930G	53.4	11
2904512	64091.VNG1644G	1532	1274
2904970	64091.VNG2227C	522	112
2904449	64091.VNG1554G	1584	375
2904814	64091.VNG2036G	191	55
2904095	64091.VNG1087C	369	134
2904222	64091.VNG1252G	31.0	4
2903722	64091.VNG0604H	865	63
2904977	64091.VNG2237G	290	90
2905056	64091.VNG2331G	245	71
2905188	64091.VNG2507G	326	146
2903519	64091.VNG0340C	94.5	20
2904845	64091.VNG2080C	71.7	3
2904053	64091.VNG1033G	162	56
2903757	64091.VNG0651G	384	146
2903807	64091.VNG0718C	40.0	11
2904126	64091.VNG1131G	745	168
2904962	64091.VNG2217G	1643	432
2904636	64091.VNG1804G	1590	478
2904955	64091.VNG2207H	183	63
2904296	64091.VNG1352G	701	338
2903825	64091.VNG0740C	8.04	4
2903753	64091.VNG0646G	73.4	17
2905242	64091.VNG2577C	573	53
2903572	64091.VNG0414G	566	341
2903868	64091.VNG0796G	688	124
2904290	64091.VNG1344G	99.4	37
2904844	64091.VNG2079G	113	3
2904732	64091.VNG1929G	329	59
2904586	64091.VNG1739G	205	44
2903654	64091.VNG0516H	212	8
2904744	64091.VNG1944C	1044	146
2905068	64091.VNG2344G	523	166
2904718	64091.VNG1911G	323	116
2905209	64091.VNG2531G	151	29
2905205	64091.VNG2525H	282	19
2903893	64091.VNG0830G	38.4	14
2905090	64091.VNG2376H	493	52
2903389	64091.VNG0168H	206	46
2905320	64091.VNG2675C	27.9	7
2905249	64091.VNG2586C	86.9	23
2904641	64091.VNG1814G	1068	528
2904789	64091.VNG2001G	2550	1046
2904657	64091.VNG1834G	247	48
2905258	64091.VNG2598G	207	43
2904557	64091.VNG1698G	5309	124
2904269	64091.VNG1315H	39.8	8
2904110	64091.VNG1105G	4676	899
2903737	64091.VNG0626G	163	9
2904898	64091.VNG2142G	3177	402
2904116	64091.VNG1115H	44.8	8
2904779	64091.VNG1989H	96.3	5
2903462	64091.VNG0264H	490	139
2904050	64091.VNG1029C	655	111
2905286	64091.VNG2632G	38.7	8
2905227	64091.VNG2555C	930	123
2903498	64091.VNG0314G	155	23
2905202	64091.VNG2522C	93.4	11
2904031	64091.VNG1005H	785	64
2903995	64091.VNG0962G	2322	1835
2903741	64091.VNG0630G	759	78
2904308	64091.VNG1369G	224	57
2904421	64091.VNG1518H	339	27
2904123	64091.VNG1125G	1968	564
2904639	64091.VNG1809H	24.5	3
2903311	64091.VNG0069H	95.0	4
2903455	64091.VNG0254G	631	199
2905012	64091.VNG2280G	605	221
2905165	64091.VNG2472G	240	20
2903598	64091.VNG0447H	135	66
2903944	64091.VNG0897G	31.7	5
2904493	64091.VNG1618H	267	37
2904573	64091.VNG1719G	459	76
2904249	64091.VNG1289H	11335	42
2903663	64091.VNG0530G	273	48
2904642	64091.VNG1815G	587	135
2904371	64091.VNG1453H	68.9	4
2904723	64091.VNG1918C	22.7	4
2903514	64091.VNG0335G	227	45
2904254	64091.VNG1296C	463	50
2904672	64091.VNG1851G	97.8	20
2903887	64091.VNG0823G	20.9	13
2903948	64091.VNG0905G	258	127
2904964	64091.VNG2219G	1578	646
2903845	64091.VNG0764C	15.1	5
2903451	64091.VNG0249G	1201	388
2903458	64091.VNG0258H	939	86
2904793	64091.VNG2006C	62.4	18
2904552	64091.VNG1691G	3536	328
2904148	64091.VNG1158G	682	40
2904858	64091.VNG2096G	5057	2810
2903360	64091.VNG0136G	174	40
2904223	64091.VNG1253C	416	94
2904755	64091.VNG1959G	132	47
2903992	64091.VNG0959H	196	22
2903788	64091.VNG0689G	126	39
2903847	64091.VNG0766G	45.3	22
2904431	64091.VNG1532G	1077	591
2903329	64091.VNG0096C	915	108
2903713	64091.VNG0594H	52.8	6
2903699	64091.VNG0576C	194	14
2904425	64091.VNG1524C	3327	1350
2905160	64091.VNG2467G	6674	555
2903766	64091.VNG0664G	166	60
2904128	64091.VNG1133G	4688	719
2903938	64091.VNG0890G	2183	278
2904092	64091.VNG1084G	189	35
2903815	64091.VNG0729H	57.6	10
2903597	64091.VNG0446G	161	36
2904183	64091.VNG1201G	206	19
2904804	64091.VNG2023G	624	148
2903553	64091.VNG0389C	277	37
2904327	64091.VNG1390a	350	53
2904820	64091.VNG2044H	280	30
2904783	64091.VNG1994C	266	12
2903679	64091.VNG0550G	3559	337
2904542	64091.VNG1679H	248	36
2903972	64091.VNG0933G	627	148
2903575	64091.VNG0419C	213	22
2904878	64091.VNG2120G	952	181
2903640	64091.VNG0500G	385	82
2904024	64091.VNG0997G	1228	873
2904292	64091.VNG1347C	178	44
2903630	64091.VNG0486G	211	26
2905049	64091.VNG2322G	201	64
2903835	64091.VNG0752G	309	105
2905059	64091.VNG2334C	144	154
2904997	64091.VNG2260H	135	34
2903522	64091.VNG0345G	541	149
2905186	64091.VNG2504G	272	83
2903320	64091.VNG0081G	84.6	19
2903393	64091.VNG0174G	66.9	14
2904603	64091.VNG1765G	359	123
2903601	64091.VNG0451G	260	42
2904278	64091.VNG1327G	107	10
2904326	64091.VNG1390H	62.9	10
2905262	64091.VNG2603H	1069	106
2904204	64091.VNG1230G	30.2	11
2904634	64091.VNG1801G	1428	282
2905271	64091.VNG2613H	62.4	12
2904486	64091.VNG1609C	120	20
2903366	64091.VNG0142C	129	29
2904794	64091.VNG2008H	2945	219
2904999	64091.VNG2263G	164	29
2905053	64091.VNG2328H	141	11
2903543	64091.VNG0375G	514	58
2903334	64091.VNG0102C	156	31
2903725	64091.VNG0609C	185	42
2903748	64091.VNG0639G	397	60
2903878	64091.VNG0812G	4.42	4
2904157	64091.VNG1170G	3896	372
2904528	64091.VNG1663C	4986	1769
2903705	64091.VNG0584H	775	233
2903564	64091.VNG0404H	84.2	10
2904771	64091.VNG1980C	67.6	16
2904680	64091.VNG1864G	92.8	16
2903581	64091.VNG0426G	328	20
2904435	64091.VNG1536C	54.1	4
2904849	64091.VNG2084G	55.9	13
2904417	64091.VNG1511C	1464	784
2903918	64091.VNG0865C	94.4	21
2903719	64091.VNG0600C	14.2	9
2903459	64091.VNG0259G	4639	752
2903290	64091.VNG0047Gm	298	138
2904071	64091.VNG1057C	18.2	9
2904243	64091.VNG1281H	43.4	6
2904446	64091.VNG1550G	2650	435
2903527	64091.VNG0352H	96.7	3
2904561	64091.VNG1702G	5919	552
2903906	64091.VNG0849C	1781	403
2904197	64091.VNG1219G	23.6	5
2904939	64091.VNG2186G	225	16
2905124	64091.VNG2418G	436	144
2904401	64091.VNG1487H	258	47
2903795	64091.VNG0702H	778	18
2904408	64091.VNG1497C	58.7	12
2904974	64091.VNG2233C	83.1	12
2904057	64091.VNG1037G	64.5	15
2903489	64091.VNG0303G	857	422
2904391	64091.VNG1475C	477	188
2903955	64091.VNG0914H	17.5	4
2905024	64091.VNG2293G	2753	257
2904156	64091.VNG1169C	1114	144
2904131	64091.VNG1137G	5259	593
2903453	64091.VNG0251C	14.7	4
2904084	64091.VNG1071G	269	33
2903949	64091.VNG0906H	220	50
2905292	64091.VNG2639G	566	211
2905015	64091.VNG2283G	859	604
2904279	64091.VNG1329H	62.9	9
2905064	64091.VNG2340H	241	44
2903479	64091.VNG0287a	2063	253
2904248	64091.VNG1287C	325	41
2904979	64091.VNG2239C	125	26
2904282	64091.VNG1335G	111	49
2905108	64091.VNG2398G	288	46
2904663	64091.VNG1842H	62.5	18
2905217	64091.VNG2541Cm	280	95
2903834	64091.VNG0751C	399	54
2904607	64091.VNG1769Cm	42.5	9
2905028	64091.VNG2297H	324	13
2903712	64091.VNG0593G	563	161
2904905	64091.VNG2150G	1243	95
2903352	64091.VNG0125H	427	42
2905157	64091.VNG2462G	223	74
2904801	64091.VNG2019C	44.1	13
2903602	64091.VNG0452G	237	49
2904125	64091.VNG1130H	234	20
2904154	64091.VNG1165G	107	33
2903408	64091.VNG0192G	975	320
2904792	64091.VNG2005G	590	201
2905279	64091.VNG2624G	96.0	8
2904261	64091.VNG1305G	308	85
2904695	64091.VNG1883G	4.12	3
2903317	64091.VNG0077H	182	40
2905212	64091.VNG2534C	12.1	4
2904444	64091.VNG1547C	277	44
2904719	64091.VNG1912G	3201	1018
2904002	64091.VNG0970G	372	86
2903734	64091.VNG0622H	310	122
2904920	64091.VNG2166Cm	144	35
2904436	64091.VNG1537C	25.4	12
2903254	64091.VNG0008G	234	29
2905167	64091.VNG2474C	38.0	13
2903614	64091.VNG0468C	380	148
2903351	64091.VNG0124C	135	26
2903666	64091.VNG0534C	152	49
2903964	64091.VNG0924G	2032	435
2904147	64091.VNG1157G	8708	613
2903547	64091.VNG0382G	206	57
2905112	64091.VNG2403H	62.4	17
2903642	64091.VNG0502G	120	35
2903571	64091.VNG0412G	278	167
2904866	64091.VNG2105H	149	5
2903905	64091.VNG0847H	91.9	25
2903782	64091.VNG0681G	1863	424
2903783	64091.VNG0682C	36.1	10
2904003	64091.VNG0971G	698	281
2905016	64091.VNG2284G	55.4	7
2904384	64091.VNG1467G	48.7	9
2904337	64091.VNG1406Gm	13.5	7
2904117	64091.VNG1117C	21.6	7
2904168	64091.VNG1182H	81.1	18
2903291	64091.VNG0049H	49.3	9
2903623	64091.VNG0478C	126	11
2905195	64091.VNG2514G	5151	493
2904831	64091.VNG2062G	133	54
2903339	64091.VNG0108G	79.1	58
2904210	64091.VNG1237C	309	61
2904201	64091.VNG1227H	576	186
2903821	64091.VNG0735G	163	31
2903695	64091.VNG0572G	130	30
2905116	64091.VNG2410G	845	164
2904550	64091.VNG1689G	4489	1219
2904532	64091.VNG1667G	1239	982
2903448	64091.VNG0245G	232	31
2903665	64091.VNG0533H	819	134
2905322	64091.VNG2678H	59.6	32
2904555	64091.VNG1695G	4955	665
2903385	64091.VNG0163G	12.3	14
2904678	64091.VNG1861C	87.4	20
2904186	64091.VNG1205C	21.7	13
2903580	64091.VNG0425G	373	78
2904304	64091.VNG1364G	212	47
2903721	64091.VNG0602C	681	17
2904800	64091.VNG2017G	465	219
2904398	64091.VNG1483C	672	90
2904690	64091.VNG1875G	380	88
2903569	64091.VNG0409C	629	305
2903638	64091.VNG0498C	60.7	12
2904096	64091.VNG1088C	3104	162
2904450	64091.VNG1555G	1046	166
2904572	64091.VNG1718G	2201	130
2903586	64091.VNG0431G	637	133
2903920	64091.VNG0868H	26.1	3
2904975	64091.VNG2234G	392	27
2905055	64091.VNG2330G	287	81
2903487	64091.VNG0300C	26.9	9
2903525	64091.VNG0349Gm	171	143
2903653	64091.VNG0514C	33.1	23
2903923	64091.VNG0872G	414	99
2903806	64091.VNG0717H	158	10
2903529	64091.VNG0355G	428	176
2904496	64091.VNG1622G	207	104
2904457	64091.VNG1565G	88.5	48
2903732	64091.VNG0617H	2256	308
2904567	64091.VNG1711G	3578	532
2904562	64091.VNG1703G	3601	430
2904525	64091.VNG1658C	850	119
2903854	64091.VNG0777G	50.2	4
2903626	64091.VNG0482H	140	29
2903518	64091.VNG0339H	39.0	9
2904563	64091.VNG1705G	3961	413
2903770	64091.VNG0668C	59.4	23
2904358	64091.VNG1433G	6272	92
2903594	64091.VNG0441H	396	59
2904594	64091.VNG1752C	800	170
2905080	64091.VNG2365G	18.3	8
2904579	64091.VNG1727G	202	48
2904656	64091.VNG1833C	75.1	20
2905198	64091.VNG2518C	206	45
2903537	64091.VNG0367H	40.6	4
2904751	64091.VNG1953C	4.99	4
2904728	64091.VNG1924G	814	202
2905206	64091.VNG2526G	172	156
2905086	64091.VNG2371C	291	78
2903561	64091.VNG0401G	566	284
2903410	64091.VNG0195H	188	9
2904338	64091.VNG1407C	28.2	7
2903578	64091.VNG0422G	69.5	27
2903280	64091.VNG0037H	918	55
2905293	64091.VNG2640G	63.2	17
2903504	64091.VNG0321G	2137	661
2905162	64091.VNG2469G	3989	6
2904437	64091.VNG1538H	1616	251
2904796	64091.VNG2011G	103	35
2905200	64091.VNG2520C	609	95
2903465	64091.VNG0267H	45.8	18
2904067	64091.VNG1053G	81.8	16
2903509	64091.VNG0327G	82.7	29
2904966	64091.VNG2222G	237	56
2904455	64091.VNG1562H	1022	112
2904106	64091.VNG1100C	44.4	9
2905137	64091.VNG2436G	472	155
2904526	64091.VNG1659G	986	491
2903740	64091.VNG0629G	981	283
2904902	64091.VNG2147G	290	75
2903305	64091.VNG0063G	239	85
2903409	64091.VNG0194H	78.8	3
2904853	64091.VNG2088G	63.4	23
2905220	64091.VNG2546G	1466	518
2904734	64091.VNG1933G	2060	475
2904063	64091.VNG1047H	126	10
2904420	64091.VNG1515G	179	42
2904615	64091.VNG1777H	71.6	10
2905183	64091.VNG2499G	1887	440
2904830	64091.VNG2060G	22.6	8
2903456	64091.VNG0255C	411	83
2904864	64091.VNG2102G	1743	444
2905114	64091.VNG2406C	92.6	22
2905284	64091.VNG2629G	67.4	15
2904445	64091.VNG1548C	24.0	5
2903613	64091.VNG0467G	1054	294
2904316	64091.VNG1379G	104	27
2903354	64091.VNG0128C	89.9	31
2904671	64091.VNG1850G	1313	164
2904364	64091.VNG1444G	637	141
2903840	64091.VNG0758C	481	89
2904546	64091.VNG1684G	91.6	18
2903910	64091.VNG0854C	194	55
2904370	64091.VNG1452G	246	57
2903390	64091.VNG0170Cm	120	23
2905159	64091.VNG2466a	166	4
2904714	64091.VNG1905C	224	97
2905277	64091.VNG2620G	922	646
2904643	64091.VNG1816G	411	62
2904699	64091.VNG1887G	241	59
2905038	64091.VNG2308G	101	29
2904551	64091.VNG1690G	5283	1491
2905151	64091.VNG2454C	313	38
2904149	64091.VNG1159G	2684	149
2905311	64091.VNG2661G	38.7	5
2903838	64091.VNG0755C	94.9	23
2903476	64091.VNG0284C	44.6	23
2904118	64091.VNG1118G	270	50
2903668	64091.VNG0536G	229	35
2905101	64091.VNG2390G	10.1	8
2903980	64091.VNG0942G	642	67
2904086	64091.VNG1074G	39.0	10
2904044	64091.VNG1021C	592	121
2903381	64091.VNG0159G	13.2	9
2903698	64091.VNG0575G	665	137
2903716	64091.VNG0597H	2973	68
2904424	64091.VNG1523G	230	145
2903939	64091.VNG0891G	3093	550
2905204	64091.VNG2524H	100	23
2903512	64091.VNG0331H	253	17
2904328	64091.VNG1394H	312	53
2904137	64091.VNG1143G	1567	226
2903554	64091.VNG0390G	452	62
2903746	64091.VNG0636G	514	119
2903338	64091.VNG0107G	22.0	13
2904415	64091.VNG1508C	201	122
2904194	64091.VNG1215G	39.5	9
2904090	64091.VNG1081G	38.6	16
2904549	64091.VNG1688C	33.0	10
2903684	64091.VNG0557H	1460	136
2904895	64091.VNG2139G	1939	1025
2904380	64091.VNG1463G	15.0	3
2904873	64091.VNG2115H	988	21
2903464	64091.VNG0266H	107	8
2904787	64091.VNG1999H	643	88
2903494	64091.VNG0309C	411	95
2904564	64091.VNG1706G	785	33
2904632	64091.VNG1798H	52.5	8
2904462	64091.VNG1572C	244	49
2904172	64091.VNG1187G	1146	503
2903370	64091.VNG0147C	78.6	14
2904230	64091.VNG1262G	1171	101
2904206	64091.VNG1233G	570	121
2905264	64091.VNG2606G	184	61
2904922	64091.VNG2168C	25.5	3
2903599	64091.VNG0448G	709	255
2904593	64091.VNG1751H	119	25
2903584	64091.VNG0429H	1199	147
2903960	64091.VNG0919G	150	30
2904599	64091.VNG1759G	28.8	23
2904325	64091.VNG1389C	482	137
2903909	64091.VNG0853C	274	39
2904763	64091.VNG1969G	71.4	41
2904142	64091.VNG1150G	252	78
2905315	64091.VNG2666G	962	482
2904536	64091.VNG1673G	163	50
2905096	64091.VNG2383G	6.02	3
2905136	64091.VNG2433H	150	8
2904081	64091.VNG1068G	328	186
2903293	64091.VNG0051G	95.0	35
2903574	64091.VNG0417H	236	25
2903396	64091.VNG0177G	4739	263
2904600	64091.VNG1760G	627	456
2905309	64091.VNG2657G	4604	696
2904910	64091.VNG2155C	67.5	16
2904712	64091.VNG1903Cm	196	55
2904611	64091.VNG1773G	586	57
2903483	64091.VNG0294G	298	57
2904653	64091.VNG1830G	520	274
2904360	64091.VNG1437G	546	127
2905296	64091.VNG2643H	2095	269
2904710	64091.VNG1901C	396	128
2904989	64091.VNG2251G	2379	710
2904828	64091.VNG2056G	637	125
2903706	64091.VNG0585H	1337	63
2904066	64091.VNG1052H	656	110
2903250	64091.VNG0002G	26.9	7
2903588	64091.VNG0435H	335	30
2903894	64091.VNG0831G	12.0	8
2905119	64091.VNG2413H	46.4	5
2904658	64091.VNG1835G	828	500
2903749	64091.VNG0640G	753	120
2903445	64091.VNG0240a	167	22
2905225	64091.VNG2553G	1066	117
2903508	64091.VNG0326G	868	462
2904826	64091.VNG2053G	1106	96
2904447	64091.VNG1551G	901	217
2903855	64091.VNG0778C	91.5	14
2903583	64091.VNG0428G	616	102
2904596	64091.VNG1755G	66.9	33
2904214	64091.VNG1241G	178	25
2903968	64091.VNG0928G	11.4	5
2905313	64091.VNG2664Gm	1368	1070
2903380	64091.VNG0158G	26.5	9
2904627	64091.VNG1793C	2519	548
2903454	64091.VNG0252C	286	20
2904390	64091.VNG1474G	210	30
2905218	64091.VNG2543C	564	68
2903927	64091.VNG0876G	167	24
2904407	64091.VNG1496G	450	20
2904852	64091.VNG2087G	308	42
2903803	64091.VNG0713C	35.1	4
2904754	64091.VNG1957G	360	157
2903521	64091.VNG0343H	762	49
2904676	64091.VNG1857C	82.3	13
2904651	64091.VNG1827H	83.6	9
2903947	64091.VNG0903C	1942	566
2904005	64091.VNG0974G	598	109
2905298	64091.VNG2644a	177	51
2904072	64091.VNG1058H	16.3	8
2903648	64091.VNG0508H	79.2	11
2905084	64091.VNG2369C	30.8	3
2904823	64091.VNG2048G	4801	533
2904409	64091.VNG1498G	812	279
2905257	64091.VNG2597C	58.1	11
2904788	64091.VNG2000G	691	303
2903979	64091.VNG0941C	637	165
2903827	64091.VNG0742H	349	63
2904576	64091.VNG1723H	259	27
2904283	64091.VNG1336C	387	30
2905316	64091.VNG2668G	1354	71
2904242	64091.VNG1280C	422	39
2903778	64091.VNG0677H	658	85
2904109	64091.VNG1104G	3449	366
2904047	64091.VNG1025H	14.1	3
2904899	64091.VNG2143G	32446	1113
2905164	64091.VNG2471G	396	125
2903873	64091.VNG0804C	321	105
2904163	64091.VNG1176G	261	55
2905250	64091.VNG2587C	80.4	14
2904908	64091.VNG2153G	20.7	7
2905297	64091.VNG2644C	1152	104
2903874	64091.VNG0806G	560	258
2903858	64091.VNG0782H	1395	444
2904722	64091.VNG1917H	56.8	7
2903755	64091.VNG0648G	144	11
2903532	64091.VNG0360C	82.4	11
2903996	64091.VNG0963G	231	65
2905135	64091.VNG2432C	2316	203
2904452	64091.VNG1558H	864	65
2905203	64091.VNG2523H	39.1	4
2903650	64091.VNG0510G	1249	425
2905226	64091.VNG2554H	334	87
2904440	64091.VNG1542G	1411	327
2904004	64091.VNG0973G	386	127
2903965	64091.VNG0925C	115	29
2903671	64091.VNG0540G	1584	423
2904870	64091.VNG2110C	89.1	29
2903978	64091.VNG0940Gm	640	277
2903452	64091.VNG0250C	242	41
2905263	64091.VNG2604Gm	2463	844
2903548	64091.VNG0383H	1081	32
2905105	64091.VNG2395C	368	136
2903643	64091.VNG0503C	14.1	3
2904883	64091.VNG2125Gm	51.9	10
2903633	64091.VNG0489G	191	66
2904301	64091.VNG1359G	32.7	7
2904617	64091.VNG1781C	5.6	3
2903985	64091.VNG0949G	4.46	4
2904239	64091.VNG1275Gm	24.0	11
2904925	64091.VNG2172C	31.7	7
2904956	64091.VNG2208G	268	104
2903775	64091.VNG0674C	292	97
2904764	64091.VNG1971G	153	50
2904381	64091.VNG1464G	31.5	18
2903491	64091.VNG0306C	16.5	4
2903990	64091.VNG0955G	58.7	11
2903765	64091.VNG0662G	83.6	7
2904867	64091.VNG2106G	786	255
2904597	64091.VNG1756G	1247	122
2905273	64091.VNG2615C	506	295
2904115	64091.VNG1114G	1228	394
2904019	64091.VNG0992H	76.3	23
2904795	64091.VNG2010G	4874	803
2904919	64091.VNG2165H	189	29
2904570	64091.VNG1715G	2113	306
2904209	64091.VNG1236C	60.1	21
2904035	64091.VNG1009G	2463	2090
2903842	64091.VNG0761G	163	33
2904171	64091.VNG1185G	187	41
2904198	64091.VNG1220H	1049	120
2903841	64091.VNG0759H	274	34
2904986	64091.VNG2247G	173	32
2905323	64091.VNG2679G	37590	14884
2903991	64091.VNG0958G	497	196
2905104	64091.VNG2394G	293	81
2903678	64091.VNG0549G	587	185
2903958	64091.VNG0917G	30.2	9
2903931	64091.VNG0881G	87.0	34
2905314	64091.VNG2665G	1437	671
2904540	64091.VNG1676G	54.4	26
2905189	64091.VNG2508C	849	89
2903812	64091.VNG0725H	129	33
2904629	64091.VNG1795C	79.2	26
2904480	64091.VNG1601G	491	179
2904988	64091.VNG2249G	360	111
2904857	64091.VNG2094G	406	57
2903342	64091.VNG0113H	33.2	8
2904595	64091.VNG1754G	53.0	15
2903784	64091.VNG0683C	3038	536
2904560	64091.VNG1701G	6664	788
2904093	64091.VNG1085H	229	26
2903759	64091.VNG0653G	269	87
2905089	64091.VNG2374Gm	108	36
2905289	64091.VNG2636G	354	328
2904996	64091.VNG2259C	394	174
2904491	64091.VNG1616C	86.3	30
2903657	64091.VNG0521G	104	83
2905178	64091.VNG2493C	38.1	7
2904822	64091.VNG2047G	170	6
2903971	64091.VNG0932C	330	60
2904879	64091.VNG2121C	208	18
2904034	64091.VNG1008G	4144	2912
2903857	64091.VNG0780H	684	38
2904949	64091.VNG2201G	6.09	3
2903797	64091.VNG0704C	117	10
2904842	64091.VNG2076G	1100	6
2904217	64091.VNG1246H	19.4	3
2904592	64091.VNG1749G	7.23	3
2904784	64091.VNG1995C	739	69
2903818	64091.VNG0732G	868	123
2905187	64091.VNG2505G	514	190
2904465	64091.VNG1576G	12.3	4
2904185	64091.VNG1204G	1151	372
2905058	64091.VNG2333C	91.9	39
2904602	64091.VNG1764G	54.0	10
2903284	64091.VNG0041C	19.2	4
2903563	64091.VNG0403G	603	330
2904233	64091.VNG1266G	28.7	8
2904635	64091.VNG1802H	877	333
2904483	64091.VNG1606G	476	106
2903634	64091.VNG0491G	4002	1377
2904571	64091.VNG1716G	5700	402
2904980	64091.VNG2240G	11.6	4
2905268	64091.VNG2610C	29.8	3
2905246	64091.VNG2582H	430	32
2904506	64091.VNG1635G	103	7
2903535	64091.VNG0364G	234	70
2903804	64091.VNG0715G	317	133
2904665	64091.VNG1844G	560	153
2905207	64091.VNG2527G	2231	890
2904708	64091.VNG1899G	15.7	4
2904180	64091.VNG1197G	125	9
2903544	64091.VNG0376G	773	226
2905069	64091.VNG2346G	534	173
2903253	64091.VNG0006G	47.6	21
2905161	64091.VNG2468C	397	60
2903403	64091.VNG0186G	516	243
2904291	64091.VNG1345H	47.4	4
2904267	64091.VNG1313G	1323	623
2905081	64091.VNG2366C	507	48
2903899	64091.VNG0837H	74.2	8
2905040	64091.VNG2311H	484	37
2904578	64091.VNG1726G	241	51
2903507	64091.VNG0324G	303	173
2904405	64091.VNG1493G	7.71	6
2905138	64091.VNG2437G	1239	348
2904439	64091.VNG1541G	1769	729
2904944	64091.VNG2193Gm	373	80
2904685	64091.VNG1869C	140	44
2904896	64091.VNG2140G	297	26
2904777	64091.VNG1987G	595	269
2905035	64091.VNG2305C	927	124
2904410	64091.VNG1500H	15.3	3
2905221	64091.VNG2547G	844	676
2903644	64091.VNG0504G	310	87
2905093	64091.VNG2379H	367	14
2904251	64091.VNG1292H	438	23
2903913	64091.VNG0860G	168	24
2903325	64091.VNG0090G	72.8	13
2904735	64091.VNG1934H	1037	109
2905147	64091.VNG2447G	21.2	6
2904344	64091.VNG1414G	2479	685
2903993	64091.VNG0960G	2695	1753
2904709	64091.VNG1900C	103	20
2905025	64091.VNG2294G	32.0	12
2903785	64091.VNG0684G	334	72
2904429	64091.VNG1529G	585	272
2903466	64091.VNG0268C	116	30
2905014	64091.VNG2282C	470	133
2903694	64091.VNG0571C	419	138
2903659	64091.VNG0524G	1417	365
2904165	64091.VNG1179C	71.0	13
2905117	64091.VNG2411G	13.0	7
2904234	64091.VNG1268H	32.9	13
2904007	64091.VNG0978H	77.1	19
2903833	64091.VNG0750C	73.3	15
2904281	64091.VNG1332G	2092	393
2903475	64091.VNG0283C	405	56
2903323	64091.VNG0086Gm	58.1	42
2904916	64091.VNG2162C	701	158
2903398	64091.VNG0179C	110	21
2904836	64091.VNG2068C	204	80
2904386	64091.VNG1470G	57.7	20
2903377	64091.VNG0154G	539	197
2905044	64091.VNG2315H	225	43
2903853	64091.VNG0775G	728	236
2904427	64091.VNG1526G	10.7	3
2903951	64091.VNG0908G	52.8	15
2905155	64091.VNG2459G	435	206
2904811	64091.VNG2032Gm	55.1	11
2903998	64091.VNG0965C	150	39
2903864	64091.VNG0790G	4495	708
2904906	64091.VNG2151G	2168	398
2905215	64091.VNG2537G	141	29
2904111	64091.VNG1108G	1615	136
2904076	64091.VNG1063H	13.4	8
2904158	64091.VNG1172G	863	151
2905302	64091.VNG2648G	2191	242
2904508	64091.VNG1638H	1922	289
2903974	64091.VNG0935G	165	33
2904136	64091.VNG1142G	883	249
2904880	64091.VNG2122G	4145	1157
2904606	64091.VNG1768G	1738	77
2903335	64091.VNG0104G	569	116
2903531	64091.VNG0359C	39.8	8
2904329	64091.VNG1395G	18.5	5
2903593	64091.VNG0440C	23.2	10
2904900	64091.VNG2144G	944	231
2904810	64091.VNG2031G	158	24
2905282	64091.VNG2627C	105	54
2905001	64091.VNG2267G	19.5	4
2904624	64091.VNG1788C	106	26
2904463	64091.VNG1573G	6.64	3
2905017	64091.VNG2285C	224	14
2905222	64091.VNG2549C	876	301
2904501	64091.VNG1628G	106	38
2903760	64091.VNG0654C	221	76
2904205	64091.VNG1232G	5.99	3
2905075	64091.VNG2356G	13.6	11
2904983	64091.VNG2243G	1617	174
2903816	64091.VNG0730C	58.3	16
2903632	64091.VNG0488H	282	39
2903779	64091.VNG0678G	1263	268
2904022	64091.VNG0995H	320	21
2905307	64091.VNG2654Gm	4789	2870
2905047	64091.VNG2320G	148	58
2905237	64091.VNG2570G	495	47
2905260	64091.VNG2600G	1425	201
2903368	64091.VNG0144H	125	13
2904359	64091.VNG1435G	365	79
2903328	64091.VNG0095G	2004	534
2903685	64091.VNG0559G	858	188
2904285	64091.VNG1339C	538	238
2903395	64091.VNG0176H	25.8	7
2903566	64091.VNG0406C	36.4	9
2903595	64091.VNG0442G	170	56
2904009	64091.VNG0981C	175	51
2903577	64091.VNG0421C	282	33
2904535	64091.VNG1672H	171	24
2903579	64091.VNG0424C	1057	85
2904682	64091.VNG1866G	724	115
2903384	64091.VNG0162G	171	81
2904647	64091.VNG1821G	665	169
2904590	64091.VNG1746C	130	35
2904865	64091.VNG2104G	309	120
2903739	64091.VNG0628G	2425	570
2904036	64091.VNG1011Cm	360	63
2904097	64091.VNG1089G	1547	510
2904129	64091.VNG1134G	6253	509
2904888	64091.VNG2131G	154	91
2903876	64091.VNG0810H	9.08	3
2903917	64091.VNG0864G	396	106
2903589	64091.VNG0436G	11.2	3
2903863	64091.VNG0789C	16.9	4
2905181	64091.VNG2497H	437	65
2903639	64091.VNG0499G	35.1	16
2904000	64091.VNG0967Gm	20.4	5
2904488	64091.VNG1611C	904	178
2903924	64091.VNG0873G	89.8	11
2904456	64091.VNG1564H	50.5	26
2903723	64091.VNG0606G	1412	150
2904240	64091.VNG1276C	955	218
2904622	64091.VNG1786H	203	13
2904819	64091.VNG2043G	633	109
2904389	64091.VNG1473H	224	29
2905002	64091.VNG2268H	94.9	8
2905303	64091.VNG2649G	8800	2725
2903925	64091.VNG0874G	48.4	18
2903625	64091.VNG0481G	428	237
2903866	64091.VNG0794G	332	36
2905143	64091.VNG2443G	10578	1700
2903872	64091.VNG0801C	1071	71
2904357	64091.VNG1432G	461	115
2903794	64091.VNG0700G	4.49	3
2903730	64091.VNG0614G	7.54	18
2904052	64091.VNG1031C	117	18
2904832	64091.VNG2063G	543	184
2904675	64091.VNG1856G	444	301
2905211	64091.VNG2533G	146	58
2904746	64091.VNG1946G	351	118
2904080	64091.VNG1067G	97.5	28
2904375	64091.VNG1457C	60.1	17
2905076	64091.VNG2358G	320	142
2903321	64091.VNG0084G	42.4	10
2903856	64091.VNG0779C	1609	794
2904124	64091.VNG1128G	5364	1844
2904284	64091.VNG1337C	13.9	7
2903828	64091.VNG0743H	1055	204
2904667	64091.VNG1846C	8.65	3
2904662	64091.VNG1839H	86.8	21
2904942	64091.VNG2190G	678	629
2905129	64091.VNG2423G	194	50
2904049	64091.VNG1027G	515	29
2903707	64091.VNG0586C	1055	102
2904120	64091.VNG1120H	57.0	5
2905036	64091.VNG2306H	97.8	24
2903376	64091.VNG0153C	1321	253
2905244	64091.VNG2580C	245	67
2904730	64091.VNG1926G	1042	144
2903743	64091.VNG0632G	285	108
2903997	64091.VNG0964C	149	43
2904720	64091.VNG1914G	2728	306
2903382	64091.VNG0160G	15.6	12
2903446	64091.VNG0243Cm	14.9	7
2903307	64091.VNG0065G	124	47
2904968	64091.VNG2224G	1872	150
2904001	64091.VNG0969H	158	32
2904531	64091.VNG1666H	29.7	6
2904181	64091.VNG1198C	500	145
2903355	64091.VNG0129G	459	68
2904894	64091.VNG2138G	1826	776
2903935	64091.VNG0885G	451	268
2904476	64091.VNG1591H	167	15
2903954	64091.VNG0913H	10.7	4
2905072	64091.VNG2351C	1486	391
2904166	64091.VNG1180G	114	10
2905247	64091.VNG2584C	1393	159
2903781	64091.VNG0680G	19.4	7
2905239	64091.VNG2574G	5436	2185
2904369	64091.VNG1451C	407	134
2903661	64091.VNG0527C	1418	675
2904315	64091.VNG1377G	154	26
2904554	64091.VNG1693G	2803	476
2904193	64091.VNG1214H	28.9	12
2903383	64091.VNG0161G	4703	1120
2904838	64091.VNG2072G	952	365
2903359	64091.VNG0134G	194	39
2904224	64091.VNG1255C	457	249
2904179	64091.VNG1196H	615	18
2904307	64091.VNG1367G	161	12
2904992	64091.VNG2254C	39.3	15
2904706	64091.VNG1896C	50.1	28
2904856	64091.VNG2093G	1975	834
2903837	64091.VNG0754C	79.2	13
2903606	64091.VNG0458G	152	51
2905301	64091.VNG2647G	565	186
2905158	64091.VNG2465C	2478	122
2903697	64091.VNG0574C	29.0	3
2904490	64091.VNG1615G	482	169
2903981	64091.VNG0943C	59.2	11
2904994	64091.VNG2256G	1064	236
2903557	64091.VNG0394C	5192	976
2904150	64091.VNG1160G	2388	452
2904263	64091.VNG1308G	1048	299
2903608	64091.VNG0461G	1518	553
2903587	64091.VNG0433C	150	10
2904891	64091.VNG2135G	686	116
2904620	64091.VNG1784C	73.6	31
2904255	64091.VNG1297C	643	199
2904289	64091.VNG1343C	95.5	21
2904559	64091.VNG1700G	4398	660
2905083	64091.VNG2368G	109	60
2904803	64091.VNG2021C	1687	823
2904524	64091.VNG1657H	84.8	21
2903962	64091.VNG0921G	24.9	14
2904135	64091.VNG1141G	143	3
2904459	64091.VNG1567G	929	253
2903970	64091.VNG0931G	464	139
2904094	64091.VNG1086C	657	70
2903433	64091.VNG0223G	120	36
2904451	64091.VNG1557G	1387	178
2903620	64091.VNG0474G	1251	563
2903798	64091.VNG0705C	13.1	5
2903745	64091.VNG0635G	235	27
2904591	64091.VNG1748C	414	38
2903520	64091.VNG0342G	46.8	54
2904934	64091.VNG2181G	56.6	32
2904356	64091.VNG1431C	25.3	7
2905057	64091.VNG2332G	94.5	15
2903756	64091.VNG0650C	48.0	17
2904781	64091.VNG1992G	81.4	37
2904226	64091.VNG1257H	808	36
2904876	64091.VNG2118G	76.5	13
2905310	64091.VNG2658G	5215	352
2904648	64091.VNG1822G	240	26
2904484	64091.VNG1607G	324	12
2903861	64091.VNG0787G	5750	1255
2903343	64091.VNG0115G	490	87
2904295	64091.VNG1351G	255	14
2903591	64091.VNG0438G	254	41
2904430	64091.VNG1530H	254	9
2904568	64091.VNG1713G	5687	906
2903850	64091.VNG0769H	701	60
2903628	64091.VNG0484G	290	170
2903562	64091.VNG0402H	952	18
2904608	64091.VNG1770C	9.56	4
2905251	64091.VNG2589C	112	23
2904543	64091.VNG1680G	73.1	19
2903693	64091.VNG0570Hm	87.9	11
2903533	64091.VNG0361C	317	27
2904064	64091.VNG1048G	1217	337
2905088	64091.VNG2373G	1006	392
2904772	64091.VNG1982C	184	61
2905295	64091.VNG2642H	361	34
2904566	64091.VNG1709G	4263	467
2904967	64091.VNG2223G	616	446
2903703	64091.VNG0582C	861	194
2904402	64091.VNG1488G	23.6	8
2904957	64091.VNG2210G	128	36
2903900	64091.VNG0838G	70.5	25
2904265	64091.VNG1310G	177	28
2903752	64091.VNG0643G	356	22
2905224	64091.VNG2552G	45.5	8
2905208	64091.VNG2529G	31.6	5
2904346	64091.VNG1417H	100	32
2904069	64091.VNG1055G	499	206
2903851	64091.VNG0771G	5135	2160
2904139	64091.VNG1145G	122	39
2903496	64091.VNG0311H	75.7	12
2903880	64091.VNG0814C	347	54
2905321	64091.VNG2677H	64.4	20
2904693	64091.VNG1880C	86.6	30
2905312	64091.VNG2662G	1319	415
2904141	64091.VNG1149Cm	1836	987
2904946	64091.VNG2196G	297	27
2904851	64091.VNG2086G	2887	490
2903762	64091.VNG0657G	147	46
2904460	64091.VNG1568G	910	141
