#id: 51
#name: A.mellifera - Whole organism, SC (PeptideAtlas,March,2010)
#score: 14.47
#weight: 100%
#description: abundance based on Spectral counting, from<a href="http://www.peptideatlas.org/builds/honeybee//index.php" target="_blank">PeptideAtlas, March,2010</a><br/><b>Interaction consistency score</b>: 14.47&nbsp<b>Coverage</b>: 27
#organ: WHOLE_ORGANISM
#integrated: false
#coverage: 27
#publication_year: 2010
#filename: 7460-honeybee_atlas_build_282_new.txt
#
#internal_id	string_external_id	abundance	raw_spectral_count
1350580	7460.GB15989-PA	56.8	59
1352661	7460.GB18080-PA	40.5	36
1346582	7460.GB11979-PA	126	83
1344816	7460.GB10210-PA	0.938	1
1347518	7460.GB12919-PA	5.86	2
1350239	7460.GB15648-PA	1232	952
1349090	7460.GB14494-PA	915	4523
1353899	7460.GB19321-PA	1.96	3
1345658	7460.GB11054-PA	8.05	17
1344746	7460.GB10140-PA	72.7	157
1354228	7460.GB19651-PA	0.23	9
1349293	7460.GB14698-PA	208	180
1348070	7460.GB13472-PA	48.8	85
1347124	7460.GB12525-PA	0.529	2
1354395	7460.GB19820-PA	241	592
1348148	7460.GB13551-PA	0.489	4
1353500	7460.GB18920-PA	333	323
1345460	7460.GB10856-PA	0.715	6
1351654	7460.GB17068-PA	1.67	2
1351670	7460.GB17084-PA	53.8	58
1346100	7460.GB11496-PA	0.539	1
1352294	7460.GB17710-PA	19.0	38
1345848	7460.GB11244-PA	0.849	2
1350581	7460.GB15990-PA	6760	4601
1344680	7460.GB10073-PA	14.5	29
1349144	7460.GB14548-PA	2.49	4
1354671	7460.GB20097-PA	5.73	5
1347245	7460.GB12646-PA	28.2	25
1345380	7460.GB10776-PA	466	213
1344704	7460.GB10097-PA	1.14	2
1349876	7460.GB15283-PA	3.57	30
1345821	7460.GB11217-PA	928	1546
1344642	7460.GB10035-PA	0.678	1
1349639	7460.GB15046-PA	656	1364
1345873	7460.GB11269-PA	0.151	1
1351665	7460.GB17079-PA	2.17	5
1346924	7460.GB12323-PA	3.62	3
1353640	7460.GB19061-PA	20.1	8
1346418	7460.GB11814-PA	686	1382
1347144	7460.GB12545-PA	1.19	2
1351653	7460.GB17067-PA	0.404	3
1350091	7460.GB15500-PA	5.7	25
1347063	7460.GB12463-PA	0.286	2
1344826	7460.GB10220-PA	18.5	8
1345521	7460.GB10917-PA	4.5	14
1348176	7460.GB13579-PA	5.09	24
1351908	7460.GB17323-PA	0.605	1
1347194	7460.GB12595-PA	3.27	2
1352440	7460.GB17857-PA	25.3	17
1348328	7460.GB13731-PB	205	71
1355214	7460.GB30511-RA_3	1.05	1
1354505	7460.GB19930-PA	0.626	1
1346810	7460.GB12209-PA	408	300
1347437	7460.GB12838-PA	84.7	73
1353950	7460.GB19372-PA	5.6	11
1354611	7460.GB20036-PA	20.0	45
1350873	7460.GB16284-PA	12.3	8
1348286	7460.GB13689-PA	14.6	20
1351026	7460.GB16438-PA	2.04	1
1344917	7460.GB10311-PA	5.41	11
1346329	7460.GB11725-PA	5.28	11
1348628	7460.GB14031-PA	5.37	9
1346331	7460.GB11727-PA	0.477	3
1349847	7460.GB15254-PA	7.68	11
1354732	7460.GB30000-PA	12.9	14
1347421	7460.GB12822-PA	8.64	9
1352690	7460.GB18109-PA	2990	4623
1346342	7460.GB11738-PA	34.6	305
1347274	7460.GB12675-PA	2.82	42
1348207	7460.GB13610-PA	130	360
1351943	7460.GB17358-PA	354	2070
1345696	7460.GB11092-PA	998	689
1345609	7460.GB11005-PA	78.0	45
1352028	7460.GB17444-PA	84.1	111
1349563	7460.GB14970-PA	0.634	21
1350465	7460.GB15874-PA	58.1	26
1349660	7460.GB15067-PA	0.761	1
1350507	7460.GB15916-PA	9.48	5
1353584	7460.GB19004-PA	1026	1804
1352352	7460.GB17768-PA	21.2	18
1345339	7460.GB10735-PA	2.43	2
1345314	7460.GB10710-PA	46.9	251
1346464	7460.GB11860-PA	9.77	9
1346693	7460.GB12091-PA	3.41	16
1354460	7460.GB19885-PA	499	2326
1348517	7460.GB13920-PA	58.0	12
1346242	7460.GB11638-PA	37.1	47
1354157	7460.GB19580-PA	6.8	5
1351534	7460.GB16948-PA	65.6	347
1344739	7460.GB10133-PA	6418	4076
1346177	7460.GB11573-PA	115	234
1345654	7460.GB11050-PA	8.09	14
1350438	7460.GB15847-PA	0.05	1
1348424	7460.GB13827-PA	358	179
1348214	7460.GB13617-PA	0.895	14
1350172	7460.GB15581-PA	9.26	72
1351056	7460.GB16469-PA	172	2676
1345273	7460.GB10669-PA	725	433
1344781	7460.GB10175-PA	0.026	1
1350752	7460.GB16162-PA	5171	1230
1347456	7460.GB12857-PA	1.05	1
1349979	7460.GB15388-PA	3.35	3
1346578	7460.GB11975-PA	0.962	1
1347808	7460.GB13210-PA	653	506
1347834	7460.GB13236-PA	19.6	18
1352777	7460.GB18196-PA	0.374	1
1353740	7460.GB19161-PA	0.296	1
1353925	7460.GB19347-PA	3.8	15
1347376	7460.GB12777-PA	1.96	3
1348614	7460.GB14017-PA	9.26	33
1353167	7460.GB18587-PA	8.35	8
1345434	7460.GB10830-PA	7.01	6
1350850	7460.GB16261-PA	34.9	66
1345299	7460.GB10695-PA	3062	7230
1352670	7460.GB18089-PA	1.36	3
1345799	7460.GB11195-PA	4.98	7
1351343	7460.GB16757-PA	27.5	29
1345262	7460.GB10658-PA	150	72
1349218	7460.GB14623-PA	92.3	150
1349534	7460.GB14941-PA	5.17	6
1354375	7460.GB19800-PA	87.8	342
1351008	7460.GB16420-PA	34.2	40
1349747	7460.GB15154-PA	1.05	1
1354352	7460.GB19777-PA	466	390
1345215	7460.GB10610-PA	26.4	28
1351467	7460.GB16881-PA	1517	1573
1348462	7460.GB13865-PA	97.1	206
1351675	7460.GB17089-PA	1.78	3
1345973	7460.GB11369-PA	7.66	10
1347545	7460.GB12946-PA	4.37	4
1347521	7460.GB12922-PA	243	294
1345082	7460.GB10477-PA	1052	1659
1347243	7460.GB12644-PA	30.1	293
1352225	7460.GB17641-PA	867	1884
1347995	7460.GB13397-PA	2.34	3
1349406	7460.GB14813-PA	4300	752
1347877	7460.GB13279-PA	18.9	102
1351979	7460.GB17394-PA	0.222	3
1353337	7460.GB18757-PA	44.7	80
1355199	7460.GB30492-RA_2	883	393
1353767	7460.GB19188-PA	5.53	6
1353284	7460.GB18704-PA	10.7	12
1349918	7460.GB15326-PA	32.7	8
1350071	7460.GB15480-PA	0.83	1
1350025	7460.GB15434-PA	0.136	2
1353787	7460.GB19208-PA	602	486
1345318	7460.GB10714-PA	42.5	18
1351053	7460.GB16466-PA	121	28
1351866	7460.GB17281-PA	12.7	12
1351595	7460.GB17009-PA	10.6	17
1348524	7460.GB13927-PA	0.298	2
1352763	7460.GB18182-PA	0.215	1
1352937	7460.GB18357-PA	108	440
1345362	7460.GB10758-PA	75.4	124
1344731	7460.GB10124-PA	4.32	15
1351497	7460.GB16911-PA	18.5	27
1350210	7460.GB15619-PA	3034	6638
1351812	7460.GB17227-PA	1.27	12
1345961	7460.GB11357-PA	0.221	1
1354886	7460.GB30162-PA	175	40
1349780	7460.GB15187-PA	0.6	1
1346207	7460.GB11603-PA	6.04	10
1346613	7460.GB12011-PA	13.3	6
1354831	7460.GB30104-PB	112	183
1351578	7460.GB16992-PA	3.84	7
1344958	7460.GB10352-PA	0.541	1
1351550	7460.GB16964-PA	4.7	3
1346470	7460.GB11866-PA	6.45	19
1351402	7460.GB16816-PA	2.9	12
1348178	7460.GB13581-PA	1.17	1
1345864	7460.GB11260-PA	76.7	143
1351475	7460.GB16889-PA	209	330
1353292	7460.GB18712-PA	0.509	4
1352034	7460.GB17450-PA	386	334
1351032	7460.GB16445-PA	61.7	29
1345732	7460.GB11128-PA	22.7	12
1352895	7460.GB18314-PA	2.39	4
1348488	7460.GB13891-PA	673	166
1352510	7460.GB17929-PA	1.55	1
1349442	7460.GB14849-PA	539	532
1347952	7460.GB13354-PA	9.77	6
1354647	7460.GB20072-PA	1.12	1
1353729	7460.GB19150-PA	3.01	5
1346477	7460.GB11873-PA	2.61	8
1345059	7460.GB10453-PA	1.3	6
1352473	7460.GB17890-PA	2.48	3
1348368	7460.GB13771-PA	6.69	15
1351509	7460.GB16923-PA	8.24	26
1344710	7460.GB10103-PA	1.68	4
1354418	7460.GB19843-PA	0.525	1
1350622	7460.GB16031-PA	14.2	64
1351329	7460.GB16742-PA	262	396
1354605	7460.GB20030-PA	3.56	6
1354407	7460.GB19832-PA	555	1081
1345963	7460.GB11359-PA	1.94	6
1349215	7460.GB14620-PA	2.06	1
1352196	7460.GB17612-PA	2.23	8
1348357	7460.GB13760-PA	0.726	1
1350725	7460.GB16134-PA	36.8	23
1348858	7460.GB14261-PA	6251	3234
1348103	7460.GB13505-PA	106	191
1344610	7460.GB10003-PA	647	268
1349216	7460.GB14621-PA	755	251
1352045	7460.GB17461-PA	9.97	41
1352660	7460.GB18079-PA	0.309	2
1349272	7460.GB14677-PA	49.3	125
1347022	7460.GB12422-PA	1.1	2
1353608	7460.GB19028-PA	132	106
1350109	7460.GB15518-PA	466	1693
1352601	7460.GB18020-PA	33.0	46
1355113	7460.GB30393-PA	230	230
1354592	7460.GB20017-PA	1030	3267
1348623	7460.GB14026-PA	43.0	72
1352776	7460.GB18195-PA	0.644	2
1350701	7460.GB16110-PA	0.428	1
1348818	7460.GB14221-PA	0.68	3
1353649	7460.GB19070-PA	6.54	7
1345486	7460.GB10882-PA	19.5	18
1349115	7460.GB14519-PA	11.6	28
1349402	7460.GB14809-PA	20.8	22
1349231	7460.GB14636-PA	53.7	54
1351326	7460.GB16739-PA	0.886	1
1346589	7460.GB11987-PA	1.8	1
1349885	7460.GB15292-PA	1.48	1
1352064	7460.GB17480-PA	376	807
1347297	7460.GB12698-PA	118	154
1344754	7460.GB10148-PA	3.46	11
1354234	7460.GB19657-PA	4.38	3
1354516	7460.GB19941-PA	6.28	26
1346310	7460.GB11706-PA	0.188	2
1351035	7460.GB16448-PA	2891	3622
1349793	7460.GB15200-PA	2.32	5
1347586	7460.GB12988-PA	7.72	7
1345801	7460.GB11197-PA	0.058	2
1347060	7460.GB12460-PA	22.5	29
1352051	7460.GB17467-PA	0.955	1
1345369	7460.GB10765-PA	2.44	1
1354954	7460.GB30232-PA	0.041	1
1348315	7460.GB13718-PA	1.25	1
1345976	7460.GB11372-PA	191	128
1350348	7460.GB15757-PA	20.2	13
1348579	7460.GB13982-PA	333	497
1353039	7460.GB18459-PA	4.89	5
1347539	7460.GB12940-PA	0.231	1
1349678	7460.GB15085-PA	134	241
1349411	7460.GB14818-PA	49.8	294
1344661	7460.GB10054-PA	0.976	1
1345538	7460.GB10934-PA	4.8	5
1345766	7460.GB11162-PA	2.9	5
1347110	7460.GB12510-PA	473	474
1345122	7460.GB10517-PA	57.6	67
1353116	7460.GB18536-PA	84.5	80
1354011	7460.GB19433-PA	26.0	14
1347192	7460.GB12593-PA	1.2	1
1349383	7460.GB14789-PA	644	439
1353343	7460.GB18763-PA	0.478	1
1354588	7460.GB20013-PA	232	344
1347440	7460.GB12841-PA	1658	341
1349483	7460.GB14890-PA	55.9	18
1348118	7460.GB13521-PA	0.705	1
1352751	7460.GB18170-PA	2.35	3
1353199	7460.GB18619-PA	141	109
1353437	7460.GB18857-PB	1.37	2
1353741	7460.GB19162-PA	0.239	1
1347446	7460.GB12847-PA	5.54	11
1350450	7460.GB15859-PA	1.21	2
1348316	7460.GB13719-PA	26.9	9
1348153	7460.GB13556-PA	78.8	84
1345479	7460.GB10875-PA	0.9	3
1344987	7460.GB10381-PA	12.5	4
1348159	7460.GB13562-PA	0.83	1
1345140	7460.GB10535-PA	19.3	27
1344946	7460.GB10340-PA	13.9	74
1345621	7460.GB11017-PA	2.75	10
1351519	7460.GB16933-PA	1.53	1
1350398	7460.GB15807-PA	154	296
1345303	7460.GB10699-PA	385	866
1350807	7460.GB16218-PA	118	165
1347462	7460.GB12863-PA	7.96	3
1350116	7460.GB15525-PA	33.6	44
1353210	7460.GB18630-PA	27.8	26
1349103	7460.GB14507-PA	3.98	21
1351098	7460.GB16511-PA	23.2	76
1347414	7460.GB12815-PA	51.4	31
1353249	7460.GB18669-PA	2.46	4
1353820	7460.GB19242-PA	7.44	3
1354554	7460.GB19979-PA	29.1	47
1344888	7460.GB10282-PA	721	739
1351139	7460.GB16552-PA	243	324
1345576	7460.GB10972-PA	1583	1777
1345261	7460.GB10657-PA	210	426
1353138	7460.GB18558-PA	14.2	17
1351564	7460.GB16978-PA	25.7	46
1346264	7460.GB11660-PA	3.71	23
1351503	7460.GB16917-PA	80.7	48
1353482	7460.GB18902-PA	26.3	33
1349324	7460.GB14730-PA	2.15	3
1347893	7460.GB13295-PA	2.01	1
1351412	7460.GB16826-PA	1556	726
1348360	7460.GB13763-PA	56.7	17
1350900	7460.GB16312-PA	198	303
1348018	7460.GB13420-PA	3.96	2
1347053	7460.GB12453-PA	1915	13303
1354164	7460.GB19587-PA	3.03	15
1345232	7460.GB10628-PA	12678	1449
1353231	7460.GB18651-PA	136	225
1344774	7460.GB10168-PA	2.72	1
1354958	7460.GB30236-PA	0.067	1
1354613	7460.GB20038-PA	59.9	83
1350267	7460.GB15676-PA	4.77	11
1348551	7460.GB13954-PA	27.7	122
1350732	7460.GB16141-PA	10.7	25
1348412	7460.GB13815-PA	0.179	1
1354001	7460.GB19423-PA	1.63	4
1354394	7460.GB19819-PA	6.65	18
1345715	7460.GB11111-PA	0.938	1
1351732	7460.GB17146-PA	0.73	1
1352376	7460.GB17793-PA	183	406
1352956	7460.GB18376-PA	19.6	35
1353034	7460.GB18454-PA	13.4	14
1353043	7460.GB18463-PA	49.2	57
1347820	7460.GB13222-PA	34.8	54
1348416	7460.GB13819-PA	117	257
1352700	7460.GB18119-PA	125	257
1351136	7460.GB16549-PA	8.58	3
1349900	7460.GB15307-PA	232	294
1350642	7460.GB16051-PA	5.72	4
1346185	7460.GB11581-PA	7.47	14
1345353	7460.GB10749-PA	0.779	1
1350841	7460.GB16252-PA	1.62	3
1352381	7460.GB17798-PA	11.0	12
1351626	7460.GB17040-PA	2.16	3
1355132	7460.GB30417-PA	9.9	4
1350258	7460.GB15667-PA	138	76
1345048	7460.GB10442-PA	4.56	2
1347499	7460.GB12900-PA	3.15	9
1354577	7460.GB20002-PA	859	794
1348452	7460.GB13855-PA	12.9	20
1353985	7460.GB19407-PA	0.326	1
1349501	7460.GB14908-PA	127	90
1346542	7460.GB11939-PA	1.72	1
1346616	7460.GB12014-PA	47.3	66
1348479	7460.GB13882-PA	259	355
1350516	7460.GB15925-PA	8.92	26
1348036	7460.GB13438-PA	35.5	239
1347199	7460.GB12600-PA	1288	823
1350283	7460.GB15692-PA	891	355
1347793	7460.GB13195-PA	2.0	2
1348561	7460.GB13964-PA	5.68	25
1345686	7460.GB11082-PA	13.5	36
1352542	7460.GB17961-PA	18.0	17
1347454	7460.GB12855-PA	601	2093
1349469	7460.GB14876-PA	38.8	34
1354668	7460.GB20094-PA	76.7	50
1351410	7460.GB16824-PA	0.977	1
1352283	7460.GB17699-PA	164	105
1345631	7460.GB11027-PA	5.45	26
1347716	7460.GB13118-PA	0.515	1
1353724	7460.GB19145-PA	326	102
1344899	7460.GB10293-PA	17.4	48
1353571	7460.GB18991-PA	8.86	2
1344843	7460.GB10237-PA	0.472	4
1345759	7460.GB11155-PA	0.234	1
1346919	7460.GB12318-PA	24.9	118
1346182	7460.GB11578-PA	0.997	3
1349506	7460.GB14913-PA	13.4	20
1346831	7460.GB12230-PA	3662	2013
1354696	7460.GB20122-PA	0.739	9
1350834	7460.GB16245-PA	31.8	109
1352137	7460.GB17553-PA	20.4	15
1354066	7460.GB19488-PA	1.04	1
1345110	7460.GB10505-PA	0.307	1
1351602	7460.GB17016-PA	8.18	9
1354379	7460.GB19804-PA	2.63	1
1347332	7460.GB12733-PA	9.17	30
1350795	7460.GB16205-PA	0.357	1
1351337	7460.GB16751-PA	971	370
1349860	7460.GB15267-PA	3.75	3
1352798	7460.GB18217-PA	252	86
1352584	7460.GB18003-PA	4.47	2
1346738	7460.GB12137-PA	9.45	11
1353906	7460.GB19328-PA	123	47
1346740	7460.GB12139-PA	0.434	4
1346247	7460.GB11643-PA	402	343
1352570	7460.GB17989-PA	1.15	6
1353501	7460.GB18921-PA	0.616	3
1345042	7460.GB10436-PA	100	125
1346927	7460.GB12326-PA	1295	1791
1346847	7460.GB12246-PA	1.49	3
1344717	7460.GB10110-PA	44.6	132
1351046	7460.GB16459-PA	16004	42200
1348702	7460.GB14105-PA	0.974	2
1349896	7460.GB15303-PA	0.691	2
1346725	7460.GB12124-PA	4.58	6
1346985	7460.GB12384-PA	29.5	37
1353054	7460.GB18474-PA	17.7	5
1351349	7460.GB16763-PA	6.0	4
1349967	7460.GB15376-PA	0.236	1
1348191	7460.GB13594-PA	769	302
1352027	7460.GB17443-PA	68.0	55
1347503	7460.GB12904-PA	19.5	82
1354498	7460.GB19923-PA	125	87
1348577	7460.GB13980-PA	23.0	29
1349756	7460.GB15163-PA	62.6	93
1354571	7460.GB19996-PA	303	283
1351708	7460.GB17122-PA	154	354
1354641	7460.GB20066-PA	3.85	2
1349379	7460.GB14785-PA	172	85
1353118	7460.GB18538-PA	153	494
1352904	7460.GB18323-PA	7.35	1
1347338	7460.GB12739-PA	16.6	11
1348688	7460.GB14091-PA	289	162
1353534	7460.GB18954-PA	316	212
1353597	7460.GB19017-PA	923	1795
1346262	7460.GB11658-PA	1108	402
1351338	7460.GB16752-PA	0.503	1
1348694	7460.GB14097-PA	1.1	3
1346546	7460.GB11943-PA	3.03	6
1344633	7460.GB10026-PA	181	118
1346865	7460.GB12264-PA	0.861	1
1349092	7460.GB14496-PA	37.0	84
1353050	7460.GB18470-PA	1.91	2
1350213	7460.GB15622-PA	1.77	2
1345454	7460.GB10850-PA	1.84	3
1345381	7460.GB10777-PA	6.24	13
1351386	7460.GB16800-PA	0.786	1
1350468	7460.GB15877-PA	123	28
1345750	7460.GB11146-PA	17.4	29
1348899	7460.GB14302-PA	154	46
1345738	7460.GB11134-PA	186	62
1353152	7460.GB18572-PA	0.382	1
1349811	7460.GB15218-PA	167	282
1344866	7460.GB10260-PA	0.889	11
1349108	7460.GB14512-PA	1.91	2
1350734	7460.GB16143-PA	34.9	40
1352997	7460.GB18417-PA	856	345
1349926	7460.GB15334-PA	0.343	1
1348590	7460.GB13993-PA	151	35
1353114	7460.GB18534-PA	115	260
1345754	7460.GB11150-PA	782	348
1351621	7460.GB17035-PA	17.7	321
1351231	7460.GB16644-PA	0.409	1
1350033	7460.GB15442-PA	1.05	3
1349189	7460.GB14594-PA	135	201
1345758	7460.GB11154-PA	2.13	3
1347458	7460.GB12859-PA	14.9	28
1352174	7460.GB17590-PA	0.499	2
1350454	7460.GB15863-PA	8.09	7
1351202	7460.GB16615-PA	15.9	16
1351933	7460.GB17348-PA	3.16	5
1350857	7460.GB16268-PA	9.39	4
1350390	7460.GB15799-PA	4.97	4
1347922	7460.GB13324-PA	2.22	6
1348747	7460.GB14150-PA	5.36	9
1352237	7460.GB17653-PA	68.9	221
1350639	7460.GB16048-PA	75.2	53
1349810	7460.GB15217-PA	1.1	3
1352889	7460.GB18308-PA	5.34	3
1351229	7460.GB16642-PA	38.0	102
1354448	7460.GB19873-PA	1.48	26
1347287	7460.GB12688-PA	0.489	3
1348198	7460.GB13601-PA	331	72
1350709	7460.GB16118-PA	3.47	6
1348218	7460.GB13621-PA	3.31	2
1354565	7460.GB19990-PA	9.38	4
1350827	7460.GB16238-PA	0.587	3
1354657	7460.GB20082-PA	0.935	1
1355021	7460.GB30300-PA	218	804
1345607	7460.GB11003-PA	18.4	67
1352182	7460.GB17598-PA	0.964	4
1349036	7460.GB14439-PA	4.75	9
1350700	7460.GB16109-PA	6.35	4
1353107	7460.GB18527-PA	3580	18695
1351093	7460.GB16506-PA	0.19	1
1354328	7460.GB19753-PA	1.38	5
1350965	7460.GB16377-PA	42.3	66
1347668	7460.GB13070-PA	3.05	42
1347909	7460.GB13311-PA	1.21	2
1353185	7460.GB18605-PA	166	48
1355215	7460.GB30512-PC	896	1354
1346307	7460.GB11703-PA	3237	4773
1347331	7460.GB12732-PA	500	629
1349352	7460.GB14758-PA	2790	10530
1346894	7460.GB12293-PA	0.495	2
1345593	7460.GB10989-PA	2865	8159
1348327	7460.GB13730-PA	800	1338
1347811	7460.GB13213-PA	27.3	148
1347895	7460.GB13297-PA	34.3	32
1354542	7460.GB19967-PA	3.53	8
1350649	7460.GB16058-PA	3.9	12
1350002	7460.GB15411-PA	1046	680
1349966	7460.GB15375-PA	206	334
1351316	7460.GB16729-PA	3.24	5
1351489	7460.GB16903-PA	4714	4737
1354032	7460.GB19454-PA	49.9	121
1344926	7460.GB10320-PA	2.22	18
1346741	7460.GB12140-PA	1267	839
1346348	7460.GB11744-PA	111	297
1354661	7460.GB20087-PA	46.5	12
1353745	7460.GB19166-PA	973	1077
1355086	7460.GB30365-PA	5861	5546
1353623	7460.GB19044-PA	49.9	34
1349500	7460.GB14907-PA	49.7	43
1347299	7460.GB12700-PA	609	871
1351666	7460.GB17080-PB	5.73	11
1352459	7460.GB17876-PA	3561	9989
1351219	7460.GB16632-PA	1.51	4
1354102	7460.GB19525-PA	3.2	16
1346330	7460.GB11726-PA	67.5	75
1348199	7460.GB13602-PA	1149	1880
1351627	7460.GB17041-PA	1.03	1
1345173	7460.GB10568-PA	5.57	5
1348692	7460.GB14095-PA	0.332	1
1346154	7460.GB11550-PA	764	286
1353612	7460.GB19032-PA	7.25	16
1354406	7460.GB19831-PA	5.45	10
1349016	7460.GB14419-PA	17.8	8
1352689	7460.GB18108-PA	1497	2676
1347735	7460.GB13137-PA	36.7	26
1346225	7460.GB11621-PA	11.6	20
1349672	7460.GB15079-PA	522	1321
1351871	7460.GB17286-PA	608	442
1349729	7460.GB15136-PA	1.35	1
1352404	7460.GB17821-PA	1.77	1
1347637	7460.GB13039-PA	0.135	2
1348116	7460.GB13519-PA	10.6	15
1348705	7460.GB14108-PA	6.51	24
1348639	7460.GB14042-PA	8.5	17
1345203	7460.GB10598-PA	276	123
1346178	7460.GB11574-PA	0.459	2
1353549	7460.GB18969-PA	10409	18942
1350228	7460.GB15637-PA	507	517
1348648	7460.GB14051-PA	21.3	35
1352828	7460.GB18247-PA	4.02	49
1347827	7460.GB13229-PA	54.9	407
1346972	7460.GB12371-PA	576	490
1353750	7460.GB19171-PA	3016	5914
1349479	7460.GB14886-PA	30.0	70
1348591	7460.GB13994-PA	0.346	1
1347090	7460.GB12490-PA	37.2	93
1349113	7460.GB14517-PA	1899	4051
1345240	7460.GB10636-PA	0.998	1
1345736	7460.GB11132-PA	55.8	39
1354220	7460.GB19643-PA	2.14	9
1348258	7460.GB13661-PA	3.79	8
1348993	7460.GB14396-PA	1.48	3
1354792	7460.GB30064-PA	0.419	5
1352111	7460.GB17527-PA	1.9	4
1349999	7460.GB15408-PA	60.8	188
1350711	7460.GB16120-PA	63.5	141
1346922	7460.GB12321-PA	10.7	10
1348525	7460.GB13928-PA	339	207
1353133	7460.GB18553-PA	1.78	4
1351011	7460.GB16423-PA	67.7	201
1355232	7460.GB30529-PA	12.3	63
1345459	7460.GB10855-PA	215	601
1354039	7460.GB19461-PA	5.75	6
1352409	7460.GB17826-PA	216	419
1347320	7460.GB12721-PA	140	43
1344910	7460.GB10304-PA	2.2	3
1355083	7460.GB30362-PA	2150	6765
1350743	7460.GB16153-PA	2.69	26
1347292	7460.GB12693-PA	24.8	67
1347470	7460.GB12871-PA	110	209
1351087	7460.GB16500-PA	568	600
1351808	7460.GB17223-PA	211	437
1347854	7460.GB13256-PA	7.69	15
1347349	7460.GB12750-PA	4.76	16
1351644	7460.GB17058-PA	12.1	7
1349198	7460.GB14603-PA	2101	4668
1348715	7460.GB14118-PA	0.744	2
1352310	7460.GB17726-PA	0.538	1
1346944	7460.GB12343-PA	13.2	4
1346131	7460.GB11527-PA	2.15	5
1353268	7460.GB18688-PA	2.22	2
1352277	7460.GB17693-PA	6.54	12
1345503	7460.GB10899-PA	706	550
1346194	7460.GB11590-PA	1.26	2
1354350	7460.GB19775-PA	13.4	35
1354320	7460.GB19745-PA	2435	5863
1346781	7460.GB12180-PA	158	761
1345668	7460.GB11064-PA	722	1069
1351236	7460.GB16649-PA	37.9	35
1353075	7460.GB18495-PA	10.3	7
1349284	7460.GB14689-PA	103	789
1349685	7460.GB15092-PA	104	36
1346414	7460.GB11810-PA	27.2	120
1347643	7460.GB13045-PA	431	958
1354441	7460.GB19866-PA	121	327
1353879	7460.GB19301-PA	9.18	9
1355049	7460.GB30329-PA	151	2596
1353180	7460.GB18600-PA	0.779	1
1354253	7460.GB19678-PA	14.3	11
1351694	7460.GB17108-PA	2169	105
1345400	7460.GB10796-PA	104	114
1352623	7460.GB18042-PA	333	393
1346651	7460.GB12049-PA	250	669
1352214	7460.GB17630-PA	575	296
1354510	7460.GB19935-PA	143	251
1352400	7460.GB17817-PA	9.03	12
1351301	7460.GB16714-PA	155	94
1345795	7460.GB11191-PA	3.45	2
1353619	7460.GB19040-PA	3.02	1
1348731	7460.GB14134-PA	0.123	1
1352562	7460.GB17981-PA	0.521	2
1352916	7460.GB18335-PA	50.6	355
1345832	7460.GB11228-PA	2.06	1
1353408	7460.GB18828-PA	8.85	8
1350791	7460.GB16201-PA	152	126
1353223	7460.GB18643-PA	0.554	2
1349232	7460.GB14637-PA	504	799
1345500	7460.GB10896-PA	19.8	15
1347204	7460.GB12605-PA	17.3	99
1353647	7460.GB19068-PA	23.5	37
1345940	7460.GB11336-PA	85.2	106
1347137	7460.GB12538-PA	0.906	7
1345827	7460.GB11223-PA	2.06	1
1349431	7460.GB14838-PA	0.247	2
1347522	7460.GB12923-PA	0.348	1
1351505	7460.GB16919-PA	2.81	2
1352000	7460.GB17415-PA	4.29	43
1345361	7460.GB10757-PA	139	128
1344616	7460.GB10009-PB	643	4374
1345079	7460.GB10474-PA	12.7	7
1351958	7460.GB17373-PA	30.5	10
1350844	7460.GB16255-PA	4.98	4
1348344	7460.GB13747-PA	45.3	33
1352918	7460.GB18337-PA	15.0	24
1345429	7460.GB10825-PA	115	25
1344996	7460.GB10390-PA	403	413
1351569	7460.GB16983-PA	4.66	2
1351390	7460.GB16804-PA	0.58	1
1350914	7460.GB16326-PA	23.4	50
1351334	7460.GB16747-PA	19.2	35
1345944	7460.GB11340-PA	50.7	53
1346345	7460.GB11741-PA	9.3	5
1345861	7460.GB11257-PA	204	9
1344802	7460.GB10196-PA	44.8	51
1355056	7460.GB30336-PA	1780	394
1345887	7460.GB11283-PA	1196	1591
1345644	7460.GB11040-PA	235	872
1351504	7460.GB16918-PA	24.6	93
1348608	7460.GB14011-PA	0.29	1
1349794	7460.GB15201-PA	10.1	9
1349879	7460.GB15286-PA	0.635	1
1346510	7460.GB11906-PA	80.2	56
1345663	7460.GB11059-PA	3220	40947
1352787	7460.GB18206-PA	58.6	15
1353791	7460.GB19212-PA	154	29
1354483	7460.GB19908-PA	18.0	6
1345219	7460.GB10614-PA	13.5	17
1352043	7460.GB17459-PA	0.804	2
1348780	7460.GB14183-PA	1.58	22
1346202	7460.GB11598-PA	50.4	50
1351051	7460.GB16464-PA	8567	11104
1352386	7460.GB17803-PA	3.91	12
1345019	7460.GB10413-PA	19.9	91
1347658	7460.GB13060-PA	212	210
1348209	7460.GB13612-PA	1.02	2
1354578	7460.GB20003-PA	225	235
1346041	7460.GB11437-PA	6.31	7
1347439	7460.GB12840-PA	363	193
1346322	7460.GB11718-PA	2.84	6
1355227	7460.GB30523-PA	0.288	1
1354957	7460.GB30235-PA	1.3	6
1354497	7460.GB19922-PA	15.6	23
1350127	7460.GB15536-PA	0.273	1
1349813	7460.GB15220-PA	1403	358
1345984	7460.GB11380-PA	283	582
1344768	7460.GB10162-PA	0.824	1
1351799	7460.GB17214-PA	221	184
1348829	7460.GB14232-PA	0.471	2
1354736	7460.GB30004-PB	16.4	67
1345591	7460.GB10987-PA	3.43	8
1348216	7460.GB13619-PA	77.9	83
1349143	7460.GB14547-PA	4.27	2
1349461	7460.GB14868-PA	148	90
1345748	7460.GB11144-PA	9.33	4
1349417	7460.GB14824-PA	5.12	6
1350345	7460.GB15754-PA	137	93
1355028	7460.GB30307-PA	0.211	1
1352071	7460.GB17487-PA	8.98	11
1345804	7460.GB11200-PA	0.954	1
1348881	7460.GB14284-PA	1439	2179
1345741	7460.GB11137-PA	6.92	9
1345103	7460.GB10498-PA	2518	1952
1352654	7460.GB18073-PA	4.5	5
1353892	7460.GB19314-PA	107	118
1346016	7460.GB11412-PA	7.29	18
1347812	7460.GB13214-PA	60.6	103
1351124	7460.GB16537-PB	1.37	25
1344988	7460.GB10382-PA	327	376
1352303	7460.GB17719-PA	257	168
1347392	7460.GB12793-PA	2.61	4
1350000	7460.GB15409-PA	258	558
1353447	7460.GB18867-PA	0.28	1
1347054	7460.GB12454-PA	28.5	123
1348255	7460.GB13658-PA	534	849
1348979	7460.GB14382-PA	64.5	309
1353184	7460.GB18604-PA	0.892	2
1345017	7460.GB10411-PA	1077	854
1345401	7460.GB10797-PA	6.26	5
1349385	7460.GB14791-PA	7720	14855
1350226	7460.GB15635-PA	0.029	1
1354726	7460.GB20152-PA	9.02	20
1345639	7460.GB11035-PA	139	130
1352427	7460.GB17844-PA	14.9	26
1347229	7460.GB12630-PA	25.5	89
1352836	7460.GB18255-PA	16.5	11
1344973	7460.GB10367-PA	175	352
1348927	7460.GB14330-PA	4.03	22
1355065	7460.GB30343-PA	0.742	1
1351951	7460.GB17366-PA	29.2	16
1353602	7460.GB19022-PA	302	179
1351542	7460.GB16956-PA	9.65	20
1353444	7460.GB18864-PA	0.578	3
1346587	7460.GB11984-PA	91.5	28
1350871	7460.GB16282-PA	51.4	43
1345278	7460.GB10674-PA	3.88	1
1352593	7460.GB18012-PA	1.4	2
1345139	7460.GB10534-PA	7.47	43
1346201	7460.GB11597-PA	0.369	1
1348751	7460.GB14154-PA	12.2	45
1353805	7460.GB19226-PA	1.22	1
1345003	7460.GB10397-PA	322	233
1353657	7460.GB19078-PA	342	457
1347326	7460.GB12727-PA	63.6	28
1350031	7460.GB15440-PA	232	97
1346456	7460.GB11852-PA	1.51	25
1350051	7460.GB15460-PA	3168	2004
1347020	7460.GB12420-PA	148	173
1345078	7460.GB10473-PA	2.7	2
1346101	7460.GB11497-PA	0.324	1
1348193	7460.GB13596-PA	10658	21190
1354964	7460.GB30242-PA	236	186
1348188	7460.GB13591-PA	0.621	11
1352778	7460.GB18197-PA	0.26	2
1345530	7460.GB10926-PA	6.04	1
1352210	7460.GB17626-PA	1651	2460
1351134	7460.GB16547-PA	33.1	115
1348704	7460.GB14107-PA	227	293
1345737	7460.GB11133-PA	5.82	4
1348212	7460.GB13615-PA	47.7	28
1354141	7460.GB19564-PA	0.83	1
1349637	7460.GB15044-PA	5382	2982
1353309	7460.GB18729-PA	366	173
1350015	7460.GB15424-PA	2.02	5
1354080	7460.GB19503-PA	2335	11919
1346107	7460.GB11503-PA	404	671
1349795	7460.GB15202-PA	1464	1433
1344703	7460.GB10096-PA	0.811	2
1348841	7460.GB14244-PA	1.52	2
1349446	7460.GB14853-PA	85.8	111
1349202	7460.GB14607-PA	1981	1968
1350211	7460.GB15620-PA	1.92	8
1353810	7460.GB19232-PA	2.55	4
1349941	7460.GB15349-PA	45.4	53
1349553	7460.GB14960-PA	3.63	15
1351761	7460.GB17175-PA	48.0	56
1354949	7460.GB30227-PA	978	2258
1350166	7460.GB15575-PA	295	181
1345158	7460.GB10553-PA	5.48	44
1350737	7460.GB16146-PA	7.06	8
1347680	7460.GB13082-PA	205	243
1345886	7460.GB11282-PA	923	1422
1348741	7460.GB14144-PA	1.75	2
1349032	7460.GB14435-PA	40.4	29
1347708	7460.GB13110-PA	24.9	7
1352055	7460.GB17471-PA	4.74	5
1347976	7460.GB13378-PA	4.56	3
1353668	7460.GB19089-PA	0.955	1
1348718	7460.GB14121-PA	147	100
1352657	7460.GB18076-PA	141	154
1347340	7460.GB12741-PA	2888	6405
1352819	7460.GB18238-PA	13.6	11
1351271	7460.GB16684-PA	1571	2544
1353705	7460.GB19126-PA	0.675	1
1354589	7460.GB20014-PA	732	1150
1355128	7460.GB30412-PA	33.5	7
1354425	7460.GB19850-PA	99.7	21
1353070	7460.GB18490-PA	55.0	92
1345623	7460.GB11019-PA	14.1	77
1347552	7460.GB12953-PA	298	317
1345903	7460.GB11299-PA	264	132
1353991	7460.GB19413-PA	0.503	1
1345427	7460.GB10823-PA	44.6	13
1352456	7460.GB17873-PA	4.61	34
1350571	7460.GB15980-PA	0.314	2
1352558	7460.GB17977-PA	21.4	7
1347626	7460.GB13028-PA	0.606	1
1348874	7460.GB14277-PA	152	286
1353452	7460.GB18872-PA	0.334	2
1355108	7460.GB30388-PA	1285	265
1352945	7460.GB18365-PA	3580	18695
1347640	7460.GB13042-PA	22.6	35
1347948	7460.GB13350-PA	1.94	2
1347610	7460.GB13012-PA	467	613
1344865	7460.GB10259-PA	2.76	7
1353117	7460.GB18537-PA	3.17	1
1352539	7460.GB17958-PA	9.15	58
1352688	7460.GB18107-PA	837	530
1353565	7460.GB18985-PA	1.21	6
1345375	7460.GB10771-PA	961	1596
1349942	7460.GB15350-PA	1.96	7
1344949	7460.GB10343-PA	8.79	5
1348024	7460.GB13426-PA	1.6	3
1354718	7460.GB20144-PA	11.6	20
1351646	7460.GB17060-PA	1.47	1
1347601	7460.GB13003-PA	23.9	13
1354022	7460.GB19444-PA	342	979
1350139	7460.GB15548-PA	1.23	2
1354239	7460.GB19663-PA	0.322	2
1354432	7460.GB19857-PA	2139	8735
1350272	7460.GB15681-PA	1.74	11
1353129	7460.GB18549-PA	28.9	56
1350479	7460.GB15888-PA	45.8	55
1350282	7460.GB15691-PA	4.51	7
1348348	7460.GB13751-PA	1.37	3
1348884	7460.GB14287-PA	11.7	16
1347797	7460.GB13199-PA	3.5	6
1348738	7460.GB14141-PA	182	1346
1353937	7460.GB19359-PA	80.4	536
1344792	7460.GB10186-PA	0.213	1
1346424	7460.GB11820-PA	4.41	6
1353736	7460.GB19157-PA	48.5	16
1352204	7460.GB17620-PA	1.94	6
1346910	7460.GB12309-PA	0.635	4
1353627	7460.GB19048-PA	381	429
1354947	7460.GB30225-PA	0.205	1
1345094	7460.GB10489-PA	91.2	19
1347407	7460.GB12808-PA	14.8	56
1348911	7460.GB14314-PA	4.33	9
1347697	7460.GB13099-PA	48.8	69
1350404	7460.GB15813-PA	95.9	56
1350193	7460.GB15602-PA	2.77	3
1353812	7460.GB19234-PA	5.26	2
1348256	7460.GB13659-PA	0.84	1
1352772	7460.GB18191-PA	258	134
1349551	7460.GB14958-PA	485	389
1353658	7460.GB19079-PA	42.6	10
1344734	7460.GB10127-PA	32.3	55
1349568	7460.GB14975-PA	7.82	6
1347088	7460.GB12488-PA	2930	7068
1348534	7460.GB13937-PA	3.12	1
1347796	7460.GB13198-PA	0.456	1
1348437	7460.GB13840-PA	0.313	1
1353299	7460.GB18719-PA	493	386
1344772	7460.GB10166-PA	0.758	1
1347598	7460.GB13000-PA	2.31	2
1348139	7460.GB13542-PA	1.32	2
1353786	7460.GB19207-PA	668	946
1344782	7460.GB10176-PA	870	1385
1351478	7460.GB16892-PA	1.82	5
1351430	7460.GB16844-PA	3573	7234
1348299	7460.GB13702-PA	1.16	4
1345287	7460.GB10683-PA	2.11	1
1345388	7460.GB10784-PA	7.68	15
1353533	7460.GB18953-PA	276	214
1345121	7460.GB10516-PA	55.2	16
1350609	7460.GB16018-PA	597	602
1346256	7460.GB11652-PA	26.7	52
1347973	7460.GB13375-PA	22.0	21
1355088	7460.GB30367-PA	12.6	4
1352795	7460.GB18214-PA	26.7	36
1353329	7460.GB18749-PA	15.9	3
1352518	7460.GB17937-PA	0.208	1
1353476	7460.GB18896-PA	98.2	198
1353838	7460.GB19260-PA	0.465	1
1353685	7460.GB19106-PA	14.2	13
1348939	7460.GB14342-PA	0.635	1
1349006	7460.GB14409-PA	226	208
1347882	7460.GB13284-PA	7.93	9
1354944	7460.GB30222-PA	116	745
1344993	7460.GB10387-PA	26.2	29
1349601	7460.GB15008-PA	0.427	2
1349268	7460.GB14673-PA	75.5	139
1355081	7460.GB30360-PA	8.18	22
1352524	7460.GB17943-PA	210	95
1345632	7460.GB11028-PA	341	1516
1350103	7460.GB15512-PA	55.4	15
1352132	7460.GB17548-PA	439	575
1349519	7460.GB14926-PA	2.44	5
1345271	7460.GB10667-PA	1.17	4
1352802	7460.GB18221-PA	102	55
1348572	7460.GB13975-PA	199	65
1346708	7460.GB12107-PA	31.3	37
1347615	7460.GB13017-PA	5.78	5
1349300	7460.GB14705-PA	77.6	154
1349051	7460.GB14454-PA	0.332	1
1345440	7460.GB10836-PA	875	2844
1352512	7460.GB17931-PA	52.9	113
1350009	7460.GB15418-PA	1.9	1
1351206	7460.GB16619-PA	74.5	194
1353864	7460.GB19286-PA	51.9	105
1354047	7460.GB19469-PA	79.4	306
1352800	7460.GB18219-PA	8.72	14
1351221	7460.GB16634-PA	6377	15935
1351867	7460.GB17282-PA	2429	2877
1352940	7460.GB18360-PA	132	236
1348289	7460.GB13692-PA	930	273
1347754	7460.GB13156-PA	1.0	3
1353844	7460.GB19266-PA	3.6	6
1349759	7460.GB15166-PA	1.7	2
1345517	7460.GB10913-PA	98.2	24
1348798	7460.GB14201-PA	1.49	1
1348510	7460.GB13913-PA	0.638	2
1352348	7460.GB17764-PA	399	378
1355090	7460.GB30370-PA	13.1	13
1351699	7460.GB17113-PA	54.0	156
1354852	7460.GB30125-PA	2.03	2
1350222	7460.GB15631-PA	0.634	1
1351135	7460.GB16548-PA	18.2	32
1349645	7460.GB15052-PA	2535	3732
1351415	7460.GB16829-PA	24.2	164
1346954	7460.GB12353-PA	113	240
1349583	7460.GB14990-PA	2.48	4
1351631	7460.GB17045-PA	0.268	2
1351312	7460.GB16725-PA	183	127
1347826	7460.GB13228-PA	1.75	4
1354548	7460.GB19973-PA	14.1	4
1351187	7460.GB16600-PA	3.28	7
1348788	7460.GB14191-PA	802	823
1353703	7460.GB19124-PA	1.74	1
1346975	7460.GB12374-PA	250	223
1344795	7460.GB10189-PA	6.79	21
1352853	7460.GB18272-PA	1.01	4
1346880	7460.GB12279-PA	0.111	1
1353290	7460.GB18710-PA	69.1	110
1345298	7460.GB10694-PA	1.78	1
1348630	7460.GB14033-PA	35.0	30
1346126	7460.GB11522-PA	3.49	4
1351875	7460.GB17290-PA	17.8	18
1348851	7460.GB14254-PA	19.6	23
1346713	7460.GB12112-PA	0.577	1
1351939	7460.GB17354-PA	59.5	54
1354950	7460.GB30227-RA_2	255	358
1353406	7460.GB18826-PA	2.73	11
1354550	7460.GB19975-PA	177	261
1349714	7460.GB15121-PA	66.0	88
1345432	7460.GB10828-PA	0.484	1
1345465	7460.GB10861-PA	612	720
1350384	7460.GB15793-PA	10.2	28
1349355	7460.GB14761-PA	17.5	22
1347220	7460.GB12621-PA	2.32	4
1353434	7460.GB18854-PA	1.94	6
1346991	7460.GB12390-PA	5.19	13
1344872	7460.GB10266-PA	1.99	1
1348115	7460.GB13518-PA	44.0	37
1346799	7460.GB12198-PA	724	5532
1347464	7460.GB12865-PA	18.8	15
1348465	7460.GB13868-PA	22.2	11
1346267	7460.GB11663-PA	0.522	1
1351392	7460.GB16806-PA	301	1414
1353988	7460.GB19410-PA	6.19	5
1347145	7460.GB12546-PA	995	1365
1354238	7460.GB19662-PA	21.3	17
1350970	7460.GB16382-PA	1692	1170
1353947	7460.GB19369-PA	4.95	4
1353307	7460.GB18727-PA	2829	3678
1347172	7460.GB12573-PA	3220	5317
1344728	7460.GB10121-PA	86.0	162
1354435	7460.GB19860-PA	2848	8204
1345983	7460.GB11379-PA	3.14	7
1354086	7460.GB19509-PA	560	461
1348338	7460.GB13741-PA	880	692
1347241	7460.GB12642-PA	0.175	1
1346086	7460.GB11482-PA	308	337
1344788	7460.GB10182-PA	1.27	2
1349273	7460.GB14678-PA	171	303
1354366	7460.GB19791-PA	3.76	2
1346104	7460.GB11500-PA	4.59	8
1349531	7460.GB14938-PA	0.136	1
1346036	7460.GB11432-PA	8.55	13
1350238	7460.GB15647-PA	0.842	2
1347717	7460.GB13119-PA	4.66	16
1344624	7460.GB10017-PA	17.8	4
1347814	7460.GB13216-PA	0.699	1
1349836	7460.GB15243-PA	10.5	3
1355019	7460.GB30298-PA	0.132	2
1354443	7460.GB19868-PA	74.1	36
1352362	7460.GB17778-PA	0.574	2
1348340	7460.GB13743-PA	34.1	76
1347656	7460.GB13058-PA	187	341
1352065	7460.GB17481-PA	47.6	70
1344833	7460.GB10227-PA	0.203	1
1355251	7460.GB30548-PA	0.344	1
1352873	7460.GB18292-PA	111	206
1344750	7460.GB10144-PA	96.7	76
1347951	7460.GB13353-PA	0.297	5
1350141	7460.GB15550-PA	417	2004
1348890	7460.GB14293-PA	11.8	42
1350852	7460.GB16263-PA	135	131
1347766	7460.GB13168-PA	8.4	8
1350006	7460.GB15415-PA	1.03	2
1344740	7460.GB10134-PA	19.6	4
1346819	7460.GB12218-PA	4.55	2
1350247	7460.GB15656-PA	12.1	23
1347461	7460.GB12862-PA	0.324	1
1352485	7460.GB17902-PA	0.459	1
1346733	7460.GB12132-PA	6.13	6
1354310	7460.GB19735-PA	67.0	39
1344859	7460.GB10253-PA	485	260
1349286	7460.GB14691-PA	1.18	1
1351479	7460.GB16893-PA	3.77	6
1344902	7460.GB10296-PA	1.81	8
1352722	7460.GB18141-PA	1.62	4
1353610	7460.GB19030-PA	2135	3020
1347459	7460.GB12860-PA	371	1301
1354621	7460.GB20046-PA	0.343	1
1352198	7460.GB17614-PA	264	29
1349240	7460.GB14645-PA	10.1	135
1346373	7460.GB11769-PA	938	1015
1347933	7460.GB13335-PA	1.67	7
1348937	7460.GB14340-PA	1.61	2
1349458	7460.GB14865-PA	422	272
1353110	7460.GB18530-PA	0.728	1
1345882	7460.GB11278-PA	116	153
1352307	7460.GB17723-PA	70.5	294
1349031	7460.GB14434-PA	155	194
1353365	7460.GB18785-PA	10.6	14
1351286	7460.GB16699-PA	11.0	5
1347163	7460.GB12564-PA	21.9	45
1348686	7460.GB14089-PA	478	428
1347715	7460.GB13117-PA	24.3	12
1346273	7460.GB11669-PA	5.52	2
1345074	7460.GB10469-PA	23.4	33
1353525	7460.GB18945-PA	47.8	55
1347139	7460.GB12540-PA	11.2	31
1350887	7460.GB16298-PA	11.7	20
1351025	7460.GB16437-PA	4.76	35
1346454	7460.GB11850-PA	1.81	1
1354783	7460.GB30053-PA	16.2	57
1351873	7460.GB17288-PA	0.605	3
1347185	7460.GB12586-PA	3419	4024
1347346	7460.GB12747-PA	40.8	143
1354978	7460.GB30257-PA	0.517	4
1352468	7460.GB17885-PA	366	395
1354321	7460.GB19746-PA	2.29	2
1350720	7460.GB16129-PB	10.7	3
1353853	7460.GB19275-PA	16.3	14
1353083	7460.GB18503-PA	6.55	8
1346378	7460.GB11774-PA	2.55	3
1346535	7460.GB11931-PA	0.896	1
1350115	7460.GB15524-PA	3.38	17
1347759	7460.GB13161-PA	21.3	193
1349854	7460.GB15261-PA	193	170
1348533	7460.GB13936-PA	50.6	28
1351205	7460.GB16618-PA	7.57	16
1352988	7460.GB18408-PA	0.467	1
1347738	7460.GB13140-PA	15.7	26
1353600	7460.GB19020-PA	522	667
1354630	7460.GB20055-PA	1706	5822
1353454	7460.GB18874-PA	778	509
1349929	7460.GB15337-PA	78.9	131
1346962	7460.GB12361-PA	732	189
1349390	7460.GB14797-PA	7.31	7
1347236	7460.GB12637-PA	323	155
1353659	7460.GB19080-PA	1.52	2
1349554	7460.GB14961-PA	21.7	12
1355202	7460.GB30494-PA	152	129
1344626	7460.GB10019-PA	1.07	1
1354301	7460.GB19726-PA	2959	2445
1344778	7460.GB10172-PA	9.09	10
1349396	7460.GB14803-PA	31.5	74
1348769	7460.GB14172-PA	8.66	29
1346312	7460.GB11708-PA	0.278	1
1345599	7460.GB10995-PA	13.8	11
1349897	7460.GB15304-PA	35.2	31
1355192	7460.GB30489-PA	6.41	12
1347486	7460.GB12887-PA	7.69	17
1348786	7460.GB14189-PA	134	144
1348313	7460.GB13716-PA	0.513	1
1344701	7460.GB10094-PA	211	184
1352702	7460.GB18121-PA	10.1	8
1350765	7460.GB16175-PA	59.2	51
1347647	7460.GB13049-PA	1789	8302
1352117	7460.GB17533-PA	5.77	9
1348918	7460.GB14321-PA	1018	1254
1346070	7460.GB11466-PA	90.7	87
1346885	7460.GB12284-PA	267	151
1344970	7460.GB10364-PA	0.506	1
1347564	7460.GB12965-PA	32.9	11
1349459	7460.GB14866-PA	54.8	42
1352084	7460.GB17500-PA	1150	1166
1345088	7460.GB10483-PA	5.81	9
1345974	7460.GB11370-PA	1.91	5
1354456	7460.GB19881-PA	30.5	42
1344798	7460.GB10192-PA	111	111
1354283	7460.GB19708-PA	2.28	8
1353656	7460.GB19077-PA	33.8	81
1346659	7460.GB12057-PA	172	19
1348356	7460.GB13759-PA	365	118
1346218	7460.GB11614-PA	1.87	4
1348251	7460.GB13654-PA	0.823	6
1351790	7460.GB17205-PA	2.82	2
1344957	7460.GB10351-PA	322	259
1351624	7460.GB17038-PA	256	261
1354181	7460.GB19604-PA	0.95	1
1353929	7460.GB19351-PA	774	519
1354043	7460.GB19465-PA	465	298
1353915	7460.GB19337-PA	6.4	9
1346496	7460.GB11892-PA	490	1684
1353795	7460.GB19216-PA	217	660
1354708	7460.GB20134-PA	1678	1141
1353883	7460.GB19305-PA	425	397
1346161	7460.GB11557-PA	38.9	90
1347031	7460.GB12431-PA	3.41	7
1348735	7460.GB14138-PA	3188	2567
1350663	7460.GB16072-PA	92.8	252
1354617	7460.GB20042-PA	4759	2318
1348742	7460.GB14145-PA	33.1	71
1345806	7460.GB11202-PA	5.47	49
1348582	7460.GB13985-PA	7.5	12
1350087	7460.GB15496-PA	47.2	38
1346450	7460.GB11846-PA	96.7	414
1346896	7460.GB12295-PA	2.86	5
1345646	7460.GB11042-PA	3.92	4
1346007	7460.GB11403-PA	292	686
1355187	7460.GB30483-PA	810	502
1345665	7460.GB11061-PA	1.96	4
1354081	7460.GB19504-PA	1.65	2
1350066	7460.GB15475-PA	0.694	1
1353794	7460.GB19215-PA	0.86	7
1354556	7460.GB19981-PA	16.7	44
1353961	7460.GB19383-PA	0.773	2
1344714	7460.GB10107-PA	2195	1807
1350554	7460.GB15963-PA	315	261
1352832	7460.GB18251-PA	111	113
1346789	7460.GB12188-PA	1.4	4
1354099	7460.GB19522-PA	3.43	8
1346804	7460.GB12203-PA	2121	3717
1349828	7460.GB15235-PA	0.494	1
1349261	7460.GB14666-PA	0.63	2
1354864	7460.GB30138-PB	3.46	16
1350480	7460.GB15889-PA	0.863	1
1350729	7460.GB16138-PA	117	91
1350378	7460.GB15787-PA	18.0	37
1350192	7460.GB15601-PA	15.3	16
1354675	7460.GB20101-PA	325	217
1354453	7460.GB19878-PA	110	150
1347001	7460.GB12400-PA	18.4	12
1348210	7460.GB13613-PA	4214	12221
1351059	7460.GB16472-PA	134	186
1351308	7460.GB16721-PA	53.7	45
1351687	7460.GB17101-PA	45.5	25
1351934	7460.GB17349-PA	105	64
1349845	7460.GB15252-PA	117	57
1346370	7460.GB11766-PA	106	110
1345982	7460.GB11378-PA	0.359	1
1349110	7460.GB14514-PA	1.91	1
1346167	7460.GB11563-PA	13.0	21
1351910	7460.GB17325-PA	353	114
1347657	7460.GB13059-PA	2.3	5
1354506	7460.GB19931-PA	2.37	5
1349164	7460.GB14569-PA	90.1	169
1354472	7460.GB19897-PA	8.32	30
1350814	7460.GB16225-PA	3.21	7
1354329	7460.GB19754-PA	25.8	50
1351642	7460.GB17056-PA	4162	3054
1348140	7460.GB13543-PA	0.39	2
1352077	7460.GB17493-PA	4.42	11
1350001	7460.GB15410-PA	1155	545
1351589	7460.GB17003-PA	2.45	2
1345680	7460.GB11076-PA	462	616
1349095	7460.GB14499-PA	13.1	9
1351584	7460.GB16998-PA	15.9	42
1350338	7460.GB15747-PA	0.401	1
1353603	7460.GB19023-PA	0.597	3
1350981	7460.GB16393-PA	0.506	1
1345279	7460.GB10675-PA	681	641
1346689	7460.GB12087-PA	0.595	1
1347817	7460.GB13219-PA	9.7	25
1345031	7460.GB10425-PA	3.39	22
1350842	7460.GB16253-PA	40.2	34
1351166	7460.GB16579-PA	937	1152
1354633	7460.GB20058-PA	1.93	2
1351081	7460.GB16494-PA	754	385
1351904	7460.GB17319-PA	103	86
1346897	7460.GB12296-PA	3.18	1
1348936	7460.GB14339-PA	254	250
1348634	7460.GB14037-PA	4.43	8
1354317	7460.GB19742-PA	69.7	19
1346765	7460.GB12164-PA	24.8	3
1345290	7460.GB10686-PA	56.9	17
1353547	7460.GB18967-PA	117	106
1351661	7460.GB17075-PA	269	143
1348438	7460.GB13841-PA	5.66	7
1344875	7460.GB10269-PA	36.2	52
1351066	7460.GB16479-PA	2.58	9
1351964	7460.GB17379-PA	51.6	160
1351274	7460.GB16687-PA	1.76	9
1348373	7460.GB13776-PA	12.0	11
1346655	7460.GB12053-PA	387	2079
1352578	7460.GB17997-PA	75.3	42
1348022	7460.GB13424-PA	1.8	4
1347907	7460.GB13309-PA	16.4	9
1346055	7460.GB11451-PA	34.1	28
1348467	7460.GB13870-PA	0.806	1
1354276	7460.GB19701-PA	63.3	96
1346806	7460.GB12205-PA	99.8	148
1346860	7460.GB12259-PA	76.4	136
1349602	7460.GB15009-PA	216	211
1346524	7460.GB11920-PA	1385	5708
1344698	7460.GB10091-PA	1.04	2
1347691	7460.GB13093-PA	0.103	1
1353386	7460.GB18806-PA	358	212
1353779	7460.GB19200-PA	194	307
1353382	7460.GB18802-PA	8.1	12
1345300	7460.GB10696-PA	0.844	3
1352612	7460.GB18031-PA	1.62	11
1353318	7460.GB18738-PA	66.9	32
1354511	7460.GB19936-PA	3.5	4
1353599	7460.GB19019-PA	0.361	2
1346112	7460.GB11508-PA	49.6	53
1347246	7460.GB12647-PA	9.77	27
1347166	7460.GB12567-PA	318	791
1352581	7460.GB18000-PA	6.22	6
1353020	7460.GB18440-PA	43.2	79
1352667	7460.GB18086-PA	37.2	16
1350758	7460.GB16168-PA	241	98
1347381	7460.GB12782-PA	1.44	2
1352023	7460.GB17439-PA	568	1383
1345888	7460.GB11284-PA	253	299
1347525	7460.GB12926-PA	1.45	3
1346622	7460.GB12020-PA	2.37	1
1349614	7460.GB15021-PA	135	106
1345393	7460.GB10789-PA	199	440
1345165	7460.GB10560-PA	1569	5299
1349178	7460.GB14583-PA	16.0	24
1350287	7460.GB15696-PA	11.0	10
1345691	7460.GB11087-PA	102	114
1346739	7460.GB12138-PA	15.6	6
1352953	7460.GB18373-PA	9.48	2
1352060	7460.GB17476-PA	157	75
1348203	7460.GB13606-PA	256	173
1345192	7460.GB10587-PA	296	497
1352720	7460.GB18139-PA	19.4	126
1344921	7460.GB10315-PA	12.9	19
1348943	7460.GB14346-PA	1628	1476
1346568	7460.GB11965-PA	147	1858
1353952	7460.GB19374-PA	16.2	102
1351868	7460.GB17283-PA	5.38	3
1350249	7460.GB15658-PA	5.72	23
1354935	7460.GB30211-PB	0.133	1
1346001	7460.GB11397-PA	116	15
1345757	7460.GB11153-PA	1376	1108
1355036	7460.GB30316-PA	57.0	71
1350894	7460.GB16305-PA	94.1	43
1350715	7460.GB16124-PA	7.61	10
1350445	7460.GB15854-PA	326	1366
1351387	7460.GB16801-PA	38.1	17
1350444	7460.GB15853-PA	7.76	12
1347475	7460.GB12876-PA	11.6	11
1347046	7460.GB12446-PA	3.57	2
1344923	7460.GB10317-PA	0.495	3
1351079	7460.GB16492-PA	473	2670
1351169	7460.GB16582-PA	13.7	8
1346722	7460.GB12121-PA	35.9	85
1352943	7460.GB18363-PA	619	344
1353596	7460.GB19016-PA	0.44	5
1352268	7460.GB17684-PA	30.9	281
1350723	7460.GB16132-PA	1381	1398
1354370	7460.GB19795-PA	1.01	2
1348789	7460.GB14192-PA	19.3	27
1350307	7460.GB15716-PA	454	551
1347773	7460.GB13175-PA	24.2	49
1350819	7460.GB16230-PA	49.3	110
1353821	7460.GB19243-PA	19.9	8
1354421	7460.GB19846-PA	3213	3390
1344844	7460.GB10238-PA	2490	6123
1353283	7460.GB18703-PA	2.32	2
1346501	7460.GB11897-PA	5.95	5
1344834	7460.GB10228-PA	14.9	8
1346963	7460.GB12362-PA	5.36	4
1349804	7460.GB15211-PA	665	2775
1347005	7460.GB12404-PA	0.545	1
1351667	7460.GB17081-PA	3.26	15
1345034	7460.GB10428-PA	1223	416
1345596	7460.GB10992-PA	550	2652
1351147	7460.GB16560-PA	21.8	30
1346669	7460.GB12067-PA	577	637
1350077	7460.GB15486-PA	10.5	6
1349456	7460.GB14863-PA	33.9	52
1353371	7460.GB18791-PA	8.72	2
1346662	7460.GB12060-PA	141	25
1349135	7460.GB14539-PA	71.0	57
1351787	7460.GB17201-PA	8.5	1
1345430	7460.GB10826-PA	9.91	9
1349463	7460.GB14870-PA	27.3	22
1353875	7460.GB19297-PA	52.1	18
1353023	7460.GB18443-PA	1.24	2
1354963	7460.GB30241-PA	1.79	5
1350615	7460.GB16024-PA	15.0	33
1345556	7460.GB10952-PA	22.5	44
1349425	7460.GB14832-PA	604	660
1355055	7460.GB30335-PA	1628	512
1349086	7460.GB14490-PA	1561	870
1354942	7460.GB30218-PA	1.38	4
1349679	7460.GB15086-PA	8.08	2
1351174	7460.GB16587-PA	101	43
1348636	7460.GB14039-PA	48.7	21
1348647	7460.GB14050-PA	2.35	1
1353013	7460.GB18433-PA	8.04	6
1349527	7460.GB14934-PA	19.7	37
1347103	7460.GB12503-PA	24.4	26
1347206	7460.GB12607-PA	2698	7322
1354691	7460.GB20117-PA	9713	4812
1346537	7460.GB11933-PA	12.2	40
1349838	7460.GB15245-PA	179	227
1348418	7460.GB13821-PA	842	933
1346113	7460.GB11509-PA	17.8	378
1351378	7460.GB16792-PA	42.7	99
1352458	7460.GB17875-PA	1440	675
1346145	7460.GB11541-PA	20.9	24
1348184	7460.GB13587-PA	141	139
1352129	7460.GB17545-PA	0.221	1
1353271	7460.GB18691-PA	1.83	5
1354030	7460.GB19452-PA	7.29	9
1345119	7460.GB10514-PA	2137	8735
1350122	7460.GB15531-PA	0.273	2
1348281	7460.GB13684-PA	38.0	28
1350196	7460.GB15605-PA	502	248
1345581	7460.GB10977-PA	14.5	21
1345526	7460.GB10922-PA	5.98	14
1348196	7460.GB13599-PA	216	243
1354065	7460.GB19487-PA	457	159
1347671	7460.GB13073-PA	887	1408
1346335	7460.GB11731-PA	0.581	16
1349611	7460.GB15018-PA	137	35
1349116	7460.GB14520-PA	40.1	140
1346949	7460.GB12348-PA	0.575	1
1346653	7460.GB12051-PA	0.389	1
1350219	7460.GB15628-PA	40.9	29
1348651	7460.GB14054-PA	3.68	4
1345877	7460.GB11273-PA	74.3	74
1345883	7460.GB11279-PA	0.227	1
1353632	7460.GB19053-PA	5.5	16
1353229	7460.GB18649-PA	53.8	51
1348095	7460.GB13497-PA	8.07	24
1351158	7460.GB16571-PA	1.41	6
1345636	7460.GB11032-PA	37.9	8
1347000	7460.GB12399-PA	13.0	24
1348900	7460.GB14303-PA	17.0	8
1350337	7460.GB15746-PA	2.37	4
1347733	7460.GB13135-PA	85.4	71
1354700	7460.GB20126-PA	0.568	1
1353400	7460.GB18820-PA	99.3	66
1348374	7460.GB13777-PA	5.07	9
1353970	7460.GB19392-PA	87.4	21
1353577	7460.GB18997-PA	1.61	4
1352272	7460.GB17688-PA	29.2	35
1350510	7460.GB15919-PA	15.4	28
1353256	7460.GB18676-PA	6.76	7
1347702	7460.GB13104-PB	1.9	3
1346982	7460.GB12381-PA	95.2	99
1346774	7460.GB12173-PA	14.8	40
1352816	7460.GB18235-PA	253	2676
1351920	7460.GB17335-PA	16.0	39
1345058	7460.GB10452-PA	27.2	27
1345449	7460.GB10845-PA	34.1	18
1349021	7460.GB14424-PA	285	1322
1346278	7460.GB11674-PA	2.03	2
1351936	7460.GB17351-PB	7.38	12
1352252	7460.GB17668-PA	512	178
1354541	7460.GB19966-PA	0.681	1
1351601	7460.GB17015-PA	1002	1466
1345437	7460.GB10833-PA	412	297
1344625	7460.GB10018-PA	528	416
1346353	7460.GB11749-PA	31.2	84
1351999	7460.GB17414-PA	1.8	5
1353100	7460.GB18520-PA	0.239	1
1347602	7460.GB13004-PA	80.7	283
1350738	7460.GB16147-PA	6.02	9
1345399	7460.GB10795-PA	50.5	98
1347576	7460.GB12977-PA	61.0	33
1349278	7460.GB14683-PA	0.819	5
1354405	7460.GB19830-PA	11.5	30
1347821	7460.GB13223-PA	524	413
1347399	7460.GB12800-PA	7.27	23
1350759	7460.GB16169-PA	19.4	21
1353056	7460.GB18476-PA	3.77	13
1344730	7460.GB10123-PA	17.6	56
1352826	7460.GB18245-PA	64.1	62
1345728	7460.GB11124-PA	7.86	9
1349070	7460.GB14473-PA	0.443	2
1348300	7460.GB13703-PA	25.5	16
1354686	7460.GB20112-PA	18.3	13
1349343	7460.GB14749-PA	0.236	1
1348249	7460.GB13652-PA	2.1	3
1353012	7460.GB18432-PA	6.8	14
1353081	7460.GB18501-PA	1168	1564
1352230	7460.GB17646-PA	2.23	4
1345143	7460.GB10538-PA	0.591	1
1348527	7460.GB13930-PA	1.5	2
1352951	7460.GB18371-PA	4.32	4
1353594	7460.GB19014-PA	8.58	4
1345690	7460.GB11086-PA	2.55	13
1347413	7460.GB12814-PA	57.8	256
1346386	7460.GB11782-PA	0.386	1
1347235	7460.GB12636-PA	632	150
1352668	7460.GB18087-PA	674	387
1352719	7460.GB18138-PA	1.94	3
1345955	7460.GB11351-PA	290	557
1354000	7460.GB19422-PA	1655	2123
1351060	7460.GB16473-PA	93.2	230
1351771	7460.GB17185-PA	4.12	6
1352073	7460.GB17489-PA	121	213
1352236	7460.GB17652-PA	32.8	31
1353346	7460.GB18766-PA	2.24	4
1352072	7460.GB17488-PA	409	162
1347350	7460.GB12751-PA	5.16	6
1351869	7460.GB17284-PA	53.5	24
1350326	7460.GB15735-PA	2.83	6
1350969	7460.GB16381-PA	1.27	2
1350260	7460.GB15669-PA	2.28	6
1348670	7460.GB14073-PA	46.2	14
1352273	7460.GB17689-PA	1.39	3
1349033	7460.GB14436-PA	808	315
1352098	7460.GB17514-PA	0.435	1
1352126	7460.GB17542-PA	0.713	1
1350372	7460.GB15781-PA	120	193
1347512	7460.GB12913-PA	1992	1587
1354655	7460.GB20080-PA	394	876
1351360	7460.GB16774-PA	1.82	1
1351762	7460.GB17176-PA	483	469
1348388	7460.GB13791-PA	1229	1213
1350505	7460.GB15914-PA	4.15	6
1349709	7460.GB15116-PA	13.4	29
1349219	7460.GB14624-PA	0.929	2
1348234	7460.GB13637-PA	0.651	1
1348175	7460.GB13578-PA	17.6	20
1353711	7460.GB19132-PA	118	204
1351070	7460.GB16483-PA	1.08	2
1350054	7460.GB15463-PA	41.5	65
1347426	7460.GB12827-PA	27.0	63
1349765	7460.GB15172-PA	1583	2032
1347725	7460.GB13127-PA	16.8	28
1344924	7460.GB10318-PA	1.11	1
1354333	7460.GB19758-PA	1.16	2
1352982	7460.GB18402-PA	163	130
1345707	7460.GB11103-PA	57.6	13
1352044	7460.GB17460-PA	12.3	63
1346984	7460.GB12383-PA	152	243
1349455	7460.GB14862-PA	1.57	2
1354279	7460.GB19704-PA	102	137
1346125	7460.GB11521-PA	4.25	42
1347003	7460.GB12402-PA	275	223
1351818	7460.GB17233-PA	22.7	15
1352881	7460.GB18300-PA	507	904
1351439	7460.GB16853-PA	1.41	5
1345395	7460.GB10791-PA	1.07	2
1352866	7460.GB18285-PA	15.4	8
1347239	7460.GB12640-PA	0.604	2
1352645	7460.GB18064-PA	2.7	6
1345225	7460.GB10621-PA	13.1	44
1350432	7460.GB15841-PA	7.01	11
1353399	7460.GB18819-PA	3421	1357
1352083	7460.GB17499-PA	3581	6306
1350229	7460.GB15638-PA	3.25	4
1353813	7460.GB19235-PA	0.687	2
1346219	7460.GB11615-PA	8.29	12
1351279	7460.GB16692-PA	33.7	35
1350915	7460.GB16327-PA	9.47	5
1347676	7460.GB13078-PA	371	195
1348111	7460.GB13514-PA	77.5	77
1351003	7460.GB16415-PA	2.34	4
1352952	7460.GB18372-PA	318	1708
1348106	7460.GB13508-PA	782	697
1347493	7460.GB12894-PA	9.38	20
1350089	7460.GB15498-PA	2.18	2
1352087	7460.GB17503-PA	352	141
1348265	7460.GB13668-PA	487	302
1352748	7460.GB18167-PA	12.3	19
1346909	7460.GB12308-PA	32.6	18
1352890	7460.GB18309-PA	149	79
1351599	7460.GB17013-PA	0.747	1
1348564	7460.GB13967-PA	378	281
1348397	7460.GB13800-PA	358	212
1352248	7460.GB17664-PA	5.97	9
1351339	7460.GB16753-PA	51.7	55
1349892	7460.GB15299-PA	4302	1642
1349750	7460.GB15157-PA	0.295	2
1352609	7460.GB18028-PA	488	171
1348228	7460.GB13631-PA	6.85	9
1346759	7460.GB12158-PA	22.4	81
1347663	7460.GB13065-PA	79.8	130
1350117	7460.GB15526-PA	0.276	1
1345507	7460.GB10903-PA	252	102
1351039	7460.GB16452-PA	352	596
1348361	7460.GB13764-PA	1.04	1
1347240	7460.GB12641-PA	465	732
1349599	7460.GB15006-PA	35.8	25
1346141	7460.GB11537-PA	55.2	81
1344716	7460.GB10109-PA	11.4	15
1354570	7460.GB19995-PA	70.6	34
1345047	7460.GB10441-PA	840	4332
1347963	7460.GB13365-PA	10.4	2
1346997	7460.GB12396-PA	49.9	24
1351961	7460.GB17376-PA	4.88	7
1346526	7460.GB11922-PA	310	963
1349609	7460.GB15016-PA	4363	13070
1346026	7460.GB11422-PA	1.71	3
1346279	7460.GB11675-PA	0.365	2
1344953	7460.GB10347-PA	4387	4914
1348489	7460.GB13892-PA	2.05	16
1348277	7460.GB13680-PA	4526	4367
1348240	7460.GB13643-PA	284	236
1347861	7460.GB13263-PA	214	664
1344685	7460.GB10078-PA	0.15	1
1345404	7460.GB10800-PA	138	333
1347280	7460.GB12681-PA	206	458
1347707	7460.GB13109-PA	101	1551
1351803	7460.GB17218-PA	137	302
1345196	7460.GB10591-PA	65.3	49
1346434	7460.GB11830-PA	5.1	20
1349865	7460.GB15272-PA	92.3	135
1346069	7460.GB11465-PA	121	558
1349622	7460.GB15029-PA	0.868	1
1348147	7460.GB13550-PA	3.9	10
1349204	7460.GB14609-PA	18.4	9
1353969	7460.GB19391-PA	12.0	6
1350383	7460.GB15792-PA	91.6	68
1352305	7460.GB17721-PA	0.443	1
1346702	7460.GB12100-PA	4.25	15
1350138	7460.GB15547-PA	4.05	4
1345149	7460.GB10544-PA	1.16	2
1348067	7460.GB13469-PA	29.9	89
1345407	7460.GB10803-PA	632	347
1351224	7460.GB16637-PA	0.206	1
1351393	7460.GB16807-PA	270	483
1344718	7460.GB10111-PA	51.6	57
1351874	7460.GB17289-PA	725	964
1348620	7460.GB14023-PA	6.82	14
1350551	7460.GB15960-PA	1.5	1
1352637	7460.GB18056-PA	88.3	81
1351962	7460.GB17377-PA	875	1087
1353369	7460.GB18789-PA	36.1	253
1346018	7460.GB11414-PA	359	513
1349207	7460.GB14612-PA	354	654
1345989	7460.GB11385-PA	1362	1586
1347631	7460.GB13033-PA	414	778
1346283	7460.GB11679-PA	21.2	18
1346180	7460.GB11576-PA	63.2	20
1349808	7460.GB15215-PA	3.4	8
1348946	7460.GB14349-PA	8.59	2
1353016	7460.GB18436-PA	0.504	1
1354159	7460.GB19582-PA	110	188
1348802	7460.GB14205-PA	8435	3041
1353208	7460.GB18628-PA	1.87	2
1350085	7460.GB15494-PA	5768	1013
1354959	7460.GB30237-PA	0.065	1
1354118	7460.GB19541-PA	0.859	3
1348195	7460.GB13598-PA	2.77	14
1354147	7460.GB19570-PA	45.9	82
1348609	7460.GB14012-PA	1107	1905
1350959	7460.GB16371-PA	221	120
1353669	7460.GB19090-PA	2.84	5
1348142	7460.GB13545-PA	9.36	8
1350044	7460.GB15453-PA	79.4	93
1348090	7460.GB13492-PA	5.29	6
1349540	7460.GB14947-PA	399	910
1353654	7460.GB19075-PA	168	51
1353869	7460.GB19291-PA	560	130
1352868	7460.GB18287-PA	220	191
1346494	7460.GB11890-PA	58.0	133
1352148	7460.GB17564-PA	154	92
1350584	7460.GB15993-PA	0.406	1
1348123	7460.GB13526-PA	26.0	10
1347290	7460.GB12691-PA	408	100
1352435	7460.GB17852-PA	100.0	178
1354051	7460.GB19473-PA	1.22	2
1351779	7460.GB17193-PA	59.4	62
1347242	7460.GB12643-PA	10.0	9
1345552	7460.GB10948-PA	9.54	23
1353583	7460.GB19003-PA	238	152
1345902	7460.GB11298-PA	69.7	78
1348711	7460.GB14114-PA	818	85
1354439	7460.GB19864-PA	53.6	98
1350849	7460.GB16260-PA	0.681	1
1353317	7460.GB18737-PA	190	180
1346122	7460.GB11518-PA	255	358
1347093	7460.GB12493-PA	0.362	1
1352355	7460.GB17771-PA	4.13	17
1348367	7460.GB13770-PA	395	475
1344943	7460.GB10337-PA	30.7	238
1346502	7460.GB11898-PA	16.3	14
1344729	7460.GB10122-PA	1089	5346
1349133	7460.GB14537-PA	1026	215
1352850	7460.GB18269-PA	3.9	2
1349347	7460.GB14753-PA	4.88	3
1346939	7460.GB12338-PA	1439	1275
1353825	7460.GB19247-PA	1443	5040
1350140	7460.GB15549-PA	90.6	243
1344783	7460.GB10177-PA	3.01	7
1348112	7460.GB13515-PA	0.561	2
1348595	7460.GB13998-PA	0.82	4
1352257	7460.GB17673-PA	5.49	53
1346460	7460.GB11856-PA	20.9	5
1347453	7460.GB12854-PA	53.1	124
1352115	7460.GB17531-PA	902	1005
1350309	7460.GB15718-PA	6252	2127
1346691	7460.GB12089-PA	1259	1049
1349487	7460.GB14894-PA	3.1	2
1353567	7460.GB18987-PA	13.0	5
1350194	7460.GB15603-PA	34.8	88
1345050	7460.GB10444-PA	16.2	2
1347822	7460.GB13224-PA	67.0	299
1353144	7460.GB18564-PA	686	321
1347135	7460.GB12536-PA	182	214
1346649	7460.GB12047-PA	3.26	4
1350327	7460.GB15736-PA	206	302
1346419	7460.GB11815-PA	39.1	69
1350633	7460.GB16042-PA	34.5	16
1350005	7460.GB15414-PA	0.332	1
1350757	7460.GB16167-PA	5.49	7
1349076	7460.GB14479-PA	2.21	4
1347520	7460.GB12921-PA	1.69	3
1352446	7460.GB17863-PA	0.563	1
1347661	7460.GB13063-PA	19.0	24
1346011	7460.GB11407-PA	70.3	676
1349467	7460.GB14874-PA	12.2	15
1349222	7460.GB14627-PA	1.07	2
1345805	7460.GB11201-PA	16.7	33
1352563	7460.GB17982-PA	2.41	4
1347306	7460.GB12707-PA	0.444	2
1351470	7460.GB16884-PA	77.6	37
1347838	7460.GB13240-PA	1.64	5
1353084	7460.GB18504-PA	1.58	4
1353411	7460.GB18831-PA	0.678	4
1350251	7460.GB15660-PA	65.5	28
1350803	7460.GB16213-PA	36.9	47
1346957	7460.GB12356-PA	0.437	1
1351545	7460.GB16959-PA	3899	2060
1354536	7460.GB19961-PA	4.35	8
1344787	7460.GB10181-PA	10.3	7
1351438	7460.GB16852-PA	11.9	14
1354927	7460.GB30203-PA	4987	158
1344864	7460.GB10258-PA	31.5	46
1350772	7460.GB16182-PA	402	199
1348458	7460.GB13861-PA	4.17	10
1351085	7460.GB16498-PA	0.333	4
1350476	7460.GB15885-PA	26.9	7
1346579	7460.GB11976-PA	12.0	3
1350224	7460.GB15633-PA	2379	1626
1345030	7460.GB10424-PA	58.0	39
1346375	7460.GB11771-PA	108	170
1347156	7460.GB12557-PA	0.56	1
1347276	7460.GB12677-PA	45.1	77
1355087	7460.GB30366-PA	145	150
1347869	7460.GB13271-PA	11.0	16
1347315	7460.GB12716-PA	586	627
1347787	7460.GB13189-PA	1.58	10
1344612	7460.GB10005-PA	7.71	12
1350407	7460.GB15816-PA	489	387
1350944	7460.GB16356-PA	1.16	2
1349251	7460.GB14656-PA	44.7	51
1345543	7460.GB10939-PA	1762	1806
1346994	7460.GB12393-PA	0.303	3
1347125	7460.GB12526-PA	634	1642
1346986	7460.GB12385-PA	93.6	127
1347095	7460.GB12495-PA	497	217
1353709	7460.GB19130-PA	17.9	20
1347174	7460.GB12575-PA	36.6	30
1346871	7460.GB12270-PA	2.09	10
1344766	7460.GB10160-PA	0.878	2
1348065	7460.GB13467-PA	80.3	200
1344815	7460.GB10209-PA	0.617	1
1347757	7460.GB13159-PA	0.352	2
1350279	7460.GB15688-PA	32.1	28
1345473	7460.GB10869-PA	15922	41058
1348071	7460.GB13473-PB	22.2	54
1346586	7460.GB11983-PA	313	653
1351398	7460.GB16812-PA	934	228
1347593	7460.GB12995-PA	23.3	24
1345512	7460.GB10908-PA	1.1	1
1347121	7460.GB12522-PA	290	557
1345072	7460.GB10467-PA	1392	2558
1353672	7460.GB19093-PA	157	106
1347818	7460.GB13220-PA	1.28	3
1352134	7460.GB17550-PA	14.5	71
1350387	7460.GB15796-PA	916	763
1345569	7460.GB10965-PA	0.72	3
1351388	7460.GB16802-PA	240	108
1349058	7460.GB14461-PA	52.3	27
1352032	7460.GB17448-PA	3.38	11
1347047	7460.GB12447-PA	126	804
1352538	7460.GB17957-PA	100	153
1353381	7460.GB18801-PA	2.58	2
1353803	7460.GB19224-PA	313	140
1352203	7460.GB17619-PA	38.8	77
1352995	7460.GB18415-PA	3.54	6
1349150	7460.GB14554-PA	1.06	1
1351643	7460.GB17057-PA	0.679	1
1349919	7460.GB15327-PA	717	1486
1349642	7460.GB15049-PA	308	919
1352370	7460.GB17787-PA	35.8	10
1349237	7460.GB14642-PA	7.07	518
1346832	7460.GB12231-PA	293	259
1354722	7460.GB20148-PA	208	143
1350648	7460.GB16057-PA	118	132
1354659	7460.GB20084-PA	139	32
1351047	7460.GB16460-PA	34.4	51
1348292	7460.GB13695-PA	0.552	1
1351425	7460.GB16839-PA	0.995	1
1350993	7460.GB16405-PA	343	44
1352419	7460.GB17836-PA	11.9	4
1348901	7460.GB14304-PA	2.32	2
1345711	7460.GB11107-PA	9.72	42
1354034	7460.GB19456-PA	275	147
1347635	7460.GB13037-PA	7.79	17
1353871	7460.GB19293-PA	5285	3475
1346136	7460.GB11532-PA	2.91	4
1354386	7460.GB19811-PA	474	381
1351681	7460.GB17095-PA	48.6	103
1347433	7460.GB12834-PA	1.92	3
1354258	7460.GB19683-PB	257	385
1351133	7460.GB16546-PA	217	471
1349329	7460.GB14735-PA	4.6	4
1344831	7460.GB10225-PA	25.3	24
1353124	7460.GB18544-PA	7.52	26
1345667	7460.GB11063-PA	43.5	31
1349910	7460.GB15317-PA	0.817	2
1351094	7460.GB16507-PA	6.33	9
1345455	7460.GB10851-PA	10.1	19
1352374	7460.GB17791-PA	18.1	13
1350156	7460.GB15565-PA	385	626
1348472	7460.GB13875-PA	6.86	6
1349255	7460.GB14660-PA	12.5	13
1353345	7460.GB18765-PA	7.14	18
1353019	7460.GB18439-PA	89.4	119
1348888	7460.GB14291-PA	0.469	1
1346802	7460.GB12201-PA	97.1	45
1354723	7460.GB20149-PA	2.08	1
1350808	7460.GB16219-PA	1.85	1
1355131	7460.GB30416-PA	242	95
1344959	7460.GB10353-PA	216	70
1350059	7460.GB15468-PA	4.08	14
1352775	7460.GB18194-PA	3.92	7
1347918	7460.GB13320-PA	515	283
1353503	7460.GB18923-PA	0.278	1
1349242	7460.GB14647-PA	5.39	3
1354138	7460.GB19561-PA	30.1	18
1353973	7460.GB19395-PA	0.509	1
1345015	7460.GB10409-PA	2.04	1
1345550	7460.GB10946-PA	88.0	274
1345884	7460.GB11280-PA	662	57
1349518	7460.GB14925-PA	1.24	1
1354609	7460.GB20034-PA	3.6	7
1348859	7460.GB14262-PA	22.0	34
1347699	7460.GB13101-PA	130	55
1352489	7460.GB17906-PA	674	606
1350413	7460.GB15822-PA	31.5	105
1350528	7460.GB15937-PA	156	149
1354214	7460.GB19637-PA	1.52	1
1352451	7460.GB17868-PA	68.0	156
1349868	7460.GB15275-PA	13.1	5
1349091	7460.GB14495-PA	8.54	23
1351313	7460.GB16726-PA	0.693	2
1344676	7460.GB10069-PA	14.4	2
1349181	7460.GB14586-PA	0.315	1
1351031	7460.GB16443-PA	1094	1765
1353263	7460.GB18683-PA	392	180
1345181	7460.GB10576-PA	2.19	46
1347348	7460.GB12749-PA	101	71
1352122	7460.GB17538-PA	354	135
1353266	7460.GB18686-PA	2.73	3
1348192	7460.GB13595-PA	9.18	27
1352058	7460.GB17474-PA	4.55	3
1345213	7460.GB10608-PA	19.2	24
1346269	7460.GB11665-PA	3004	4685
1350607	7460.GB16016-PA	5.25	12
1346752	7460.GB12151-PA	3.24	8
1346302	7460.GB11698-PA	22.4	33
1345258	7460.GB10654-PA	0.301	4
1346884	7460.GB12283-PA	57.5	65
1353322	7460.GB18742-PA	0.399	2
1353280	7460.GB18700-PA	55.0	24
1353158	7460.GB18578-PA	391	228
1348386	7460.GB13789-PA	425	2721
1353984	7460.GB19406-PA	90.9	159
1348768	7460.GB14171-PA	1.92	6
1352208	7460.GB17624-PA	3.64	6
1353851	7460.GB19273-PA	23.9	24
1351113	7460.GB16526-PA	792	1011
1355092	7460.GB30372-PA	0.195	1
1351500	7460.GB16914-PA	1601	764
1346518	7460.GB11914-PA	18.5	27
1349706	7460.GB15113-PB	64.2	103
1345746	7460.GB11142-PA	2.91	42
1345548	7460.GB10944-PA	5.93	5
1348921	7460.GB14324-PA	321	385
1352221	7460.GB17637-PA	1.17	1
1348180	7460.GB13583-PA	59.1	123
1350097	7460.GB15506-PA	3074	2385
1346697	7460.GB12095-PA	29.7	23
1351155	7460.GB16568-PA	1932	889
1351469	7460.GB16883-PA	126	1027
1353095	7460.GB18515-PA	174	40
1347782	7460.GB13184-PA	216	466
1352541	7460.GB17960-PA	2.63	1
1345890	7460.GB11286-PA	71.1	144
1347670	7460.GB13072-PA	138	58
1345120	7460.GB10515-PA	102	92
1353069	7460.GB18489-PA	0.709	1
1345338	7460.GB10734-PA	101	33
1349533	7460.GB14940-PA	3.3	4
1352133	7460.GB17549-PA	148	323
1353311	7460.GB18731-PA	12.0	23
1346527	7460.GB11923-PA	273	306
1353686	7460.GB19107-PA	0.567	1
1346790	7460.GB12189-PA	2.96	3
1353962	7460.GB19384-PA	0.954	1
1348955	7460.GB14358-PA	53.8	46
1345492	7460.GB10888-PA	8.04	20
1347501	7460.GB12902-PA	4.63	8
1348189	7460.GB13592-PA	1.04	3
1347500	7460.GB12901-PA	217	316
1347128	7460.GB12529-PA	5.8	9
1348126	7460.GB13529-PA	421	141
1354800	7460.GB30071-PA	0.151	2
1346726	7460.GB12125-PA	240	415
1347587	7460.GB12989-PA	0.601	1
1351265	7460.GB16678-PA	413	461
1352057	7460.GB17473-PA	4116	4500
1353873	7460.GB19295-PA	1.33	3
1352179	7460.GB17595-PA	29.7	31
1352894	7460.GB18313-PA	280	787
1347993	7460.GB13395-PA	3.64	8
1352366	7460.GB17782-PA	47.7	59
1345535	7460.GB10931-PA	0.919	1
1347731	7460.GB13133-PA	20.1	33
1354194	7460.GB19617-PA	2.21	4
1348253	7460.GB13656-PA	4.17	9
1347300	7460.GB12701-PA	3.03	28
1353314	7460.GB18734-PA	0.926	2
1345943	7460.GB11339-PA	2.39	3
1346631	7460.GB12029-PA	898	1061
1349569	7460.GB14976-PA	36.2	36
1351836	7460.GB17251-PA	3808	2371
1349288	7460.GB14693-PA	2.08	4
1345815	7460.GB11211-PA	0.305	1
1347789	7460.GB13191-PA	9.31	19
1353545	7460.GB18965-PA	2.09	13
1351238	7460.GB16651-PA	16.4	17
1352865	7460.GB18284-PA	6.69	7
1345097	7460.GB10492-PA	7.0	4
1350912	7460.GB16324-PA	124	679
1351938	7460.GB17353-PA	191	362
1349522	7460.GB14929-PA	1.04	2
1355124	7460.GB30407-PA	423	48
1349010	7460.GB14413-PA	6.15	9
1350583	7460.GB15992-PA	0.576	1
1345865	7460.GB11261-PA	2.97	6
1352983	7460.GB18403-PA	30.0	23
1352420	7460.GB17837-PA	0.49	2
1351038	7460.GB16451-PA	13.4	31
1346959	7460.GB12358-PA	8.57	3
1347213	7460.GB12614-PA	3284	17518
1345627	7460.GB11023-PA	483	689
1352184	7460.GB17600-PA	1.97	1
1345739	7460.GB11135-PA	154	42
1346387	7460.GB11783-PA	0.672	4
1351072	7460.GB16485-PA	4013	2559
1353889	7460.GB19311-PA	261	130
1345458	7460.GB10854-PA	11.2	75
1348436	7460.GB13839-PA	8.33	3
1348155	7460.GB13558-PA	0.053	1
1353024	7460.GB18444-PA	3.02	5
1351755	7460.GB17169-PA	42.7	146
1349081	7460.GB14485-PA	16.3	32
1349445	7460.GB14852-PA	5550	18568
1347374	7460.GB12775-PA	1.61	27
1350050	7460.GB15459-PA	1.32	1
1347294	7460.GB12695-PA	1.02	1
1350799	7460.GB16209-PA	1.42	3
1347758	7460.GB13160-PA	101	379
1349023	7460.GB14426-PA	1956	2441
1348724	7460.GB14127-PA	386	1071
1350370	7460.GB15779-PA	228	481
1353242	7460.GB18662-PA	26.2	18
1349734	7460.GB15141-PA	3.76	26
1349530	7460.GB14937-PA	69.7	30
1345987	7460.GB11383-PA	67.1	62
1349066	7460.GB14469-PA	492	447
1346932	7460.GB12331-PA	39.5	92
1350875	7460.GB16286-PA	69.0	38
1345634	7460.GB11030-PA	2.55	2
1350835	7460.GB16246-PA	17230	43534
1350544	7460.GB15953-PA	1.11	1
1348838	7460.GB14241-PA	7.99	25
1345411	7460.GB10807-PA	7.76	4
1347548	7460.GB12949-PA	1053	1923
1352387	7460.GB17804-PA	320	117
1353319	7460.GB18739-PA	27.4	15
1354336	7460.GB19761-PA	40.1	43
1346372	7460.GB11768-PA	618	2145
1345237	7460.GB10633-PA	4.31	3
1345967	7460.GB11363-PA	86.1	98
1345417	7460.GB10813-PA	0.647	1
1350987	7460.GB16399-PA	27.7	18
1349935	7460.GB15343-PA	1.49	1
1346204	7460.GB11600-PA	0.928	1
1353965	7460.GB19387-PA	342	833
1344945	7460.GB10339-PA	194	114
1354189	7460.GB19612-PA	6.95	20
1348953	7460.GB14356-PA	30.1	42
1346176	7460.GB11572-PA	250	401
1351630	7460.GB17044-PA	2.96	8
1346246	7460.GB11642-PA	58.4	72
1344878	7460.GB10272-PA	2.98	1
1349549	7460.GB14956-PA	12.5	11
1350112	7460.GB15521-PA	16.0	35
1347469	7460.GB12870-PA	282	248
1347234	7460.GB12635-PA	0.391	1
1354563	7460.GB19988-PA	81.1	41
1347547	7460.GB12948-PA	2.06	1
1348068	7460.GB13470-PA	10.4	8
1349381	7460.GB14787-PA	4.7	8
1350837	7460.GB16248-PA	11.6	4
1349769	7460.GB15176-PA	4.57	9
1353216	7460.GB18636-PA	19.0	28
1348631	7460.GB14034-PA	166	135
1345571	7460.GB10967-PA	30.7	27
1345611	7460.GB11007-PA	5.81	38
1347786	7460.GB13188-PA	3.15	3
1350220	7460.GB15629-PA	2123	2418
1355053	7460.GB30333-PA	2.33	2
1346447	7460.GB11843-PA	6.15	9
1347283	7460.GB12684-PA	3.75	2
1347589	7460.GB12991-PA	91.5	158
1352553	7460.GB17972-PA	1.59	2
1348485	7460.GB13888-PA	39.3	78
1353850	7460.GB19272-PA	0.52	1
1354595	7460.GB20020-PA	0.276	2
1351485	7460.GB16899-PA	2.1	14
1347873	7460.GB13275-PA	0.888	2
1347549	7460.GB12950-PA	0.324	1
1350446	7460.GB15855-PA	2771	1214
1346033	7460.GB11429-PA	0.503	3
1352254	7460.GB17670-PA	16.3	11
1349499	7460.GB14906-PA	2.4	3
1353351	7460.GB18771-PA	256	70
1354451	7460.GB19876-PA	14.7	27
1348461	7460.GB13864-PA	133	39
1353861	7460.GB19283-PA	32.0	27
1351389	7460.GB16803-PA	273	625
1346027	7460.GB11423-PA	15.8	24
1350232	7460.GB15641-PA	3.75	9
1348962	7460.GB14365-PA	78.7	23
1355198	7460.GB30492-PA	564	934
1349138	7460.GB14542-PA	5.82	3
1348782	7460.GB14185-PA	20.1	39
1345357	7460.GB10753-PA	11.2	15
1353586	7460.GB19006-PA	180	108
1350319	7460.GB15728-PA	13.3	45
1347305	7460.GB12706-PA	2.17	5
1348363	7460.GB13766-PA	28.2	17
1346729	7460.GB12128-PA	22.9	50
1350774	7460.GB16184-PA	111	295
1350300	7460.GB15709-PA	230	334
1350530	7460.GB15939-PA	1.21	1
1348746	7460.GB14149-PA	75.6	57
1353951	7460.GB19373-PA	197	748
1352048	7460.GB17464-PA	0.352	1
1345104	7460.GB10499-PA	16.6	24
1353179	7460.GB18599-PA	153	313
1351061	7460.GB16474-PA	1.8	4
1347813	7460.GB13215-PA	0.881	3
1345328	7460.GB10724-PA	10.3	7
1346058	7460.GB11454-PA	3.34	4
1344767	7460.GB10161-PA	36.9	45
1352840	7460.GB18259-PA	13.7	15
1351028	7460.GB16440-PA	0.876	2
1346783	7460.GB12182-PA	369	741
1347195	7460.GB12596-PA	0.998	1
1349665	7460.GB15072-PA	107	60
1352536	7460.GB17955-PA	11.0	59
1346289	7460.GB11685-PA	13.9	14
1350263	7460.GB15672-PA	3.37	3
1346585	7460.GB11982-PA	0.865	1
1354401	7460.GB19826-PA	0.367	1
1346287	7460.GB11683-PA	399	171
1351220	7460.GB16633-PA	0.496	6
1347580	7460.GB12982-PA	697	882
1348466	7460.GB13869-PA	451	381
1351317	7460.GB16730-PA	0.379	1
1352515	7460.GB17934-PA	0.626	1
1350664	7460.GB16073-PA	7.56	6
1346060	7460.GB11456-PA	26.2	28
1349560	7460.GB14967-PA	5.61	20
1346442	7460.GB11838-PA	2.7	6
1350996	7460.GB16408-PA	11.1	26
1352453	7460.GB17870-PA	6.02	7
1352244	7460.GB17660-PA	67.9	141
1352483	7460.GB17900-PA	29.4	71
1350876	7460.GB16287-PA	0.415	3
1349565	7460.GB14972-PA	1758	2320
1349677	7460.GB15084-PA	5.41	4
1355287	7460.GB30580-PA	3.46	11
1345995	7460.GB11391-PA	12.2	28
1349345	7460.GB14751-PA	5.52	3
1349978	7460.GB15387-PA	532	293
1348049	7460.GB13451-PA	3.06	42
1350923	7460.GB16335-PA	1868	1222
1351513	7460.GB16927-PA	9.22	15
1351711	7460.GB17125-PA	1436	1456
1352582	7460.GB18001-PA	83.7	153
1344745	7460.GB10139-PA	1242	1794
1345360	7460.GB10756-PA	3.73	7
1349444	7460.GB14851-PA	184	177
1354245	7460.GB19670-PA	25.3	19
1348387	7460.GB13790-PA	2.88	3
1352256	7460.GB17672-PA	28.9	13
1345952	7460.GB11348-PA	0.841	2
1352882	7460.GB18301-PA	39.9	28
1350134	7460.GB15543-PA	6.9	9
1350690	7460.GB16099-PA	423	49
1354059	7460.GB19481-PA	527	1062
1344937	7460.GB10331-PA	0.098	2
1348680	7460.GB14083-PA	66.7	107
1347270	7460.GB12671-PA	63.7	23
1354304	7460.GB19729-PA	12.1	7
1353057	7460.GB18477-PA	3.95	1
1354989	7460.GB30268-PA	13737	7466
1350950	7460.GB16362-PA	131	169
1353137	7460.GB18557-PA	201	2238
1353123	7460.GB18543-PA	12.5	19
1353497	7460.GB18917-PA	4934	3570
1353518	7460.GB18938-PA	3.3	8
1349380	7460.GB14786-PA	6.1	16
1345186	7460.GB10581-PA	2.5	4
1354024	7460.GB19446-PA	74.6	113
1352626	7460.GB18045-PA	3500	3691
1347649	7460.GB13051-PA	2.39	18
1352211	7460.GB17627-PA	4.52	8
1351106	7460.GB16519-PA	34.4	44
1347152	7460.GB12553-PA	0.426	1
1346920	7460.GB12319-PA	143	126
1353332	7460.GB18752-PA	179	75
1346786	7460.GB12185-PA	24.6	91
1351190	7460.GB16603-PA	504	476
1350048	7460.GB15457-PA	160	174
1352232	7460.GB17648-PA	0.146	1
1354832	7460.GB30105-PA	0.145	2
1349832	7460.GB15239-PA	1.75	9
1354079	7460.GB19502-PA	0.277	1
1354372	7460.GB19797-PA	46.9	106
1349925	7460.GB15333-PA	221	214
1345601	7460.GB10997-PA	24.3	6
1353485	7460.GB18905-PA	281	222
1354003	7460.GB19425-PA	1209	2138
1349805	7460.GB15212-PA	2.17	1
1346435	7460.GB11831-PA	15.9	28
1348262	7460.GB13665-PA	9.44	17
1348567	7460.GB13970-PA	28.9	42
1355275	7460.GB30569-PA	1.23	4
1349905	7460.GB15312-PA	26.9	67
1345216	7460.GB10611-PA	1.01	1
1348002	7460.GB13404-PA	1.06	1
1352790	7460.GB18209-PA	0.885	2
1354778	7460.GB30047-PC	0.401	1
1350927	7460.GB16339-PA	5.44	2
1345563	7460.GB10959-PA	42.6	66
1347126	7460.GB12527-PA	4214	5301
1346084	7460.GB11480-PA	32.2	55
1346787	7460.GB12186-PA	6.14	5
1351391	7460.GB16805-PA	0.424	1
1345505	7460.GB10901-PA	19.0	21
1350883	7460.GB16294-PA	30.3	43
1346147	7460.GB11543-PA	5.13	2
1348025	7460.GB13427-PA	1496	3596
1353650	7460.GB19071-PB	27.6	68
1346928	7460.GB12327-PA	189	700
1349990	7460.GB15399-PA	227	161
1348434	7460.GB13837-PA	0.319	1
1352466	7460.GB17883-PA	204	69
1346996	7460.GB12395-PA	3.13	3
1346003	7460.GB11399-PA	14.8	6
1354731	7460.GB20157-PB	1.78	9
1353348	7460.GB18768-PA	3.06	3
1348994	7460.GB14397-PA	373	57
1354180	7460.GB19603-PA	1.46	2
1348866	7460.GB14269-PA	86.4	208
1345446	7460.GB10842-PA	3.84	4
1345889	7460.GB11285-PA	0.28	1
1346736	7460.GB12135-PA	44.6	38
1352213	7460.GB17629-PA	483	334
1350425	7460.GB15834-PA	395	265
1348541	7460.GB13944-PA	108	98
1347408	7460.GB12809-PA	2095	3570
1349916	7460.GB15324-PA	2.81	7
1345167	7460.GB10562-PA	8.97	3
1345336	7460.GB10732-PA	376	1276
1353136	7460.GB18556-PA	7.67	3
1345787	7460.GB11183-PA	41.3	42
1346217	7460.GB11613-PA	1280	371
1347370	7460.GB12771-PA	97.4	96
1345753	7460.GB11149-PA	42.5	219
1354142	7460.GB19565-PA	103	70
1346199	7460.GB11595-PA	0.379	4
1353074	7460.GB18494-PA	28.3	66
1348807	7460.GB14210-PA	7.54	5
1349165	7460.GB14570-PA	3.76	7
1345532	7460.GB10928-PA	5.98	2
1347675	7460.GB13077-PA	0.73	1
1344747	7460.GB10141-PA	22.3	17
1351052	7460.GB16465-PA	139	225
1348958	7460.GB14361-PA	15735	34036
1349546	7460.GB14953-PA	3.97	2
1354289	7460.GB19714-PA	0.352	1
1345841	7460.GB11237-PA	27.2	41
1352548	7460.GB17967-PA	1.99	4
1354045	7460.GB19467-PA	0.259	1
1348280	7460.GB13683-PA	0.57	1
1351107	7460.GB16520-PA	16.3	15
1349234	7460.GB14639-PA	19.5	34
1353884	7460.GB19306-PA	31.8	93
1352062	7460.GB17478-PA	77.0	36
1348137	7460.GB13540-PA	28.8	15
1348402	7460.GB13805-PA	0.418	1
1353958	7460.GB19380-PA	10234	10090
1346684	7460.GB12082-PA	0.898	1
1348047	7460.GB13449-PA	0.677	2
1345966	7460.GB11362-PA	229	307
1347836	7460.GB13238-PA	0.981	7
1348296	7460.GB13699-PA	0.853	1
1346827	7460.GB12226-PA	416	763
1352337	7460.GB17753-PA	171	1858
1345926	7460.GB11322-PA	101	108
1347127	7460.GB12528-PA	4.97	4
1346081	7460.GB11477-PA	10.9	5
1347555	7460.GB12956-PA	6398	7153
1346305	7460.GB11701-PA	0.779	1
1345998	7460.GB11394-PA	0.609	1
1349884	7460.GB15291-PA	1593	1821
1348562	7460.GB13965-PA	56.9	80
1346271	7460.GB11667-PA	365	223
1348772	7460.GB14175-PA	25.9	13
1345721	7460.GB11117-PA	204	226
1346626	7460.GB12024-PA	6.06	6
1352782	7460.GB18201-PA	45.8	57
1347278	7460.GB12679-PA	43.0	39
1349881	7460.GB15288-PA	91.2	51
1350023	7460.GB15432-PA	2.64	4
1345626	7460.GB11022-PA	3336	7620
1353247	7460.GB18667-PA	83.7	186
1348082	7460.GB13484-PA	2.13	1
1352753	7460.GB18172-PA	30.1	68
1352092	7460.GB17508-PA	45.7	74
1350359	7460.GB15768-PA	2.26	4
1347538	7460.GB12939-PA	23.3	22
1347835	7460.GB13237-PA	539	1095
1355057	7460.GB30337-PA	199	283
1350801	7460.GB16211-PA	569	673
1346714	7460.GB12113-PA	4380	5004
1347227	7460.GB12628-PA	190	276
1349725	7460.GB15132-PA	6.7	12
1349818	7460.GB15225-PB	786	321
1352448	7460.GB17865-PA	9.94	1
1348895	7460.GB14298-PB	40.4	92
1345835	7460.GB11231-PA	2.2	4
1350555	7460.GB15964-PA	0.517	2
1345397	7460.GB10793-PA	19.5	27
1352773	7460.GB18192-PA	268	494
1347837	7460.GB13239-PA	64.1	46
1354383	7460.GB19808-PA	321	261
1345807	7460.GB11203-PA	5.29	5
1350934	7460.GB16346-PA	72.6	126
1348800	7460.GB14203-PA	32.9	16
1351566	7460.GB16980-PA	25.6	30
1354612	7460.GB20037-PA	216	209
1353776	7460.GB19197-PA	10.4	25
1347189	7460.GB12590-PA	14.0	12
1346692	7460.GB12090-PA	143	48
1346171	7460.GB11567-PA	17.3	34
1351017	7460.GB16429-PA	1012	2136
1347039	7460.GB12439-PA	120	51
1346192	7460.GB11588-PA	414	570
1354381	7460.GB19806-PA	13.1	18
1353206	7460.GB18626-PA	958	1080
1349338	7460.GB14744-PA	5.14	8
1349562	7460.GB14969-PA	16.8	7
1347265	7460.GB12666-PA	0.445	1
1354575	7460.GB20000-PA	133	200
1351551	7460.GB16965-PA	1389	835
1354695	7460.GB20121-PA	2.56	7
1349848	7460.GB15255-PA	31.0	50
1345633	7460.GB11029-PA	580	250
1352588	7460.GB18007-PA	2.34	4
1346965	7460.GB12364-PA	1367	2069
1353295	7460.GB18715-PA	378	140
1345493	7460.GB10889-PA	250	134
1352320	7460.GB17736-PA	3210	3214
1347012	7460.GB12411-PA	12.4	94
1353621	7460.GB19042-PA	2.72	3
1353226	7460.GB18646-PA	3.55	5
1346547	7460.GB11944-PA	36.1	154
1346746	7460.GB12145-PA	1.07	1
1353880	7460.GB19302-PA	14.1	17
1349690	7460.GB15097-PA	183	156
1349981	7460.GB15390-PA	16021	30041
1348156	7460.GB13559-PA	79.9	155
1352594	7460.GB18013-PA	30.5	23
1349777	7460.GB15184-PA	142	80
1350255	7460.GB15664-PA	3.96	81
1348094	7460.GB13496-PA	12.9	34
1345577	7460.GB10973-PA	11967	17052
1353772	7460.GB19193-PA	227	100
1354211	7460.GB19634-PA	0.997	15
1353471	7460.GB18891-PA	5.41	19
1350612	7460.GB16021-PA	118	110
1346395	7460.GB11791-PA	11.1	17
1346723	7460.GB12122-PA	398	384
1345855	7460.GB11251-PA	90.3	142
1352733	7460.GB18152-PA	32.5	33
1345235	7460.GB10631-PA	12.6	11
1349296	7460.GB14701-PA	1.96	2
1346362	7460.GB11758-PA	25.5	24
1350984	7460.GB16396-PA	0.404	2
1344809	7460.GB10203-PA	5.58	3
1348846	7460.GB14249-PA	11.7	2
1353938	7460.GB19360-PA	0.475	1
1353340	7460.GB18760-PA	345	263
1351482	7460.GB16896-PA	16.8	16
1351912	7460.GB17327-PA	75.9	111
1345800	7460.GB11196-PA	98.2	132
1353693	7460.GB19114-PA	1.4	1
1353532	7460.GB18952-PA	49.7	113
1349695	7460.GB15102-PA	748	427
1347070	7460.GB12470-PA	36.0	59
1347578	7460.GB12980-PA	8.05	24
1352401	7460.GB17818-PA	0.456	1
1352372	7460.GB17789-PA	227	293
1345660	7460.GB11056-PA	2484	4201
1348592	7460.GB13995-PA	8.99	21
1347889	7460.GB13291-PA	36.4	7
1348566	7460.GB13969-PA	4.18	14
1352880	7460.GB18299-PA	90.5	79
1350202	7460.GB15611-PA	163	248
1348507	7460.GB13910-PA	23.9	29
1347108	7460.GB12508-PA	252	122
1348935	7460.GB14338-PA	0.199	1
1350818	7460.GB16229-PA	436	485
1347705	7460.GB13107-PA	2.75	4
1350861	7460.GB16272-PA	1307	2104
1346931	7460.GB12330-PA	147	313
1350958	7460.GB16370-PA	0.614	1
1348443	7460.GB13846-PA	356	181
1351450	7460.GB16864-PA	404	1321
1351833	7460.GB17248-PA	13.6	11
1351262	7460.GB16675-PA	2.16	7
1353418	7460.GB18838-PA	6.54	12
1346645	7460.GB12043-PA	0.247	1
1345166	7460.GB10561-PA	309	796
1346816	7460.GB12215-PA	105	109
1353664	7460.GB19085-PA	138	428
1348589	7460.GB13992-PA	440	111
1350610	7460.GB16019-PA	16.0	15
1348105	7460.GB13507-PA	10.7	10
1354078	7460.GB19501-PA	1547	1206
1350137	7460.GB15546-PA	0.698	1
1345383	7460.GB10779-PA	1.02	5
1346942	7460.GB12341-PA	0.864	2
1347396	7460.GB12797-PA	102	283
1350577	7460.GB15986-PA	96.9	19
1350886	7460.GB16297-PA	6.49	30
1345464	7460.GB10860-PA	10.7	53
1352006	7460.GB17421-PA	51.2	73
1346301	7460.GB11697-PA	16.8	15
1349466	7460.GB14873-PA	4.86	10
1345928	7460.GB11324-PA	3.35	5
1353528	7460.GB18948-PA	121	29
1351004	7460.GB16416-PA	21.2	2
1347248	7460.GB12649-PA	0.924	2
1347941	7460.GB13343-PA	9.9	9
1352476	7460.GB17893-PA	1.54	2
1349969	7460.GB15378-PA	3.1	6
1347226	7460.GB12627-PA	6.08	3
1352972	7460.GB18392-PA	2.96	2
1345710	7460.GB11106-PA	34.3	30
1351462	7460.GB16876-PA	350	720
1345330	7460.GB10726-PA	2.13	27
1351817	7460.GB17232-PA	152	1994
1350397	7460.GB15806-PA	1.75	3
1352046	7460.GB17462-PA	1.56	1
1351679	7460.GB17093-PA	15.7	24
1346358	7460.GB11754-PA	49.7	89
1345918	7460.GB11314-PA	0.862	4
1346637	7460.GB12035-PA	1507	928
1351547	7460.GB16961-PA	4.4	4
1348737	7460.GB14140-PA	288	134
1352176	7460.GB17592-PA	46.5	27
1348319	7460.GB13722-PA	173	291
1352345	7460.GB17761-PA	4.88	28
1353364	7460.GB18784-PA	1.89	1
1349330	7460.GB14736-PA	0.867	1
1353087	7460.GB18507-PA	211	264
1352568	7460.GB17987-PA	2.5	14
1351721	7460.GB17135-PA	60.9	145
1348223	7460.GB13626-PA	183	620
1353983	7460.GB19405-PA	341	46
1353692	7460.GB19113-PA	5.39	9
1352779	7460.GB18198-PA	62.5	310
1345431	7460.GB10827-PA	29.7	125
1347092	7460.GB12492-PA	107	124
1353119	7460.GB18539-PA	0.851	2
1354020	7460.GB19442-PA	582	323
1345490	7460.GB10886-PA	7.43	8
1351606	7460.GB17020-PA	19.7	6
1345436	7460.GB10832-PA	0.906	1
1350410	7460.GB15819-PA	16.2	12
1346321	7460.GB11717-PA	147	142
1346820	7460.GB12219-PA	2.31	3
1344762	7460.GB10156-PA	5.14	4
1350941	7460.GB16353-PA	154	143
1353801	7460.GB19222-PA	1.84	2
1355054	7460.GB30334-PA	7.92	1
1352265	7460.GB17681-PA	3750	19068
1346014	7460.GB11410-PA	978	458
1354376	7460.GB19801-PA	5.05	10
1354130	7460.GB19553-PA	439	500
1351215	7460.GB16628-PA	340	273
1347851	7460.GB13253-PA	0.777	2
1352462	7460.GB17879-PA	269	167
1348035	7460.GB13437-PA	15.3	16
1354713	7460.GB20139-PA	638	1030
1353344	7460.GB18764-PA	1337	2215
1350904	7460.GB16316-PA	15.6	33
1350396	7460.GB15805-PA	16.1	12
1354216	7460.GB19639-PA	71.4	74
1349085	7460.GB14489-PA	1.71	1
1345096	7460.GB10491-PA	18.2	65
1351640	7460.GB17054-PA	15.2	25
1353661	7460.GB19082-PA	226	217
1345245	7460.GB10641-PA	24.8	22
1354752	7460.GB30019-PA	0.199	1
1355129	7460.GB30413-PA	62.0	333
1354688	7460.GB20114-PA	540	446
1353424	7460.GB18844-PA	1457	1275
1349762	7460.GB15169-PA	1.84	38
1352785	7460.GB18204-PA	79.6	143
1349764	7460.GB15171-PA	95.8	136
1348449	7460.GB13852-PA	20.0	38
1348511	7460.GB13914-PA	626	4169
1353542	7460.GB18962-PA	161	61
1347232	7460.GB12633-PA	372	237
1351965	7460.GB17380-PA	306	479
1354776	7460.GB30045-PA	3.69	10
1351603	7460.GB17017-PA	0.268	1
1348641	7460.GB14044-PA	0.73	1
1346572	7460.GB11969-PA	4.42	7
1349646	7460.GB15053-PA	218	441
1351112	7460.GB16525-PA	50.9	51
1351858	7460.GB17273-PA	18.5	12
1353849	7460.GB19271-PA	0.204	1
1348487	7460.GB13890-PA	36.5	38
1348653	7460.GB14056-PA	16.9	22
1352799	7460.GB18218-PA	6.03	10
1345990	7460.GB11386-PA	75.3	44
1348701	7460.GB14104-PA	3.69	20
1353690	7460.GB19111-PA	0.787	3
1346156	7460.GB11552-PA	132	240
1347494	7460.GB12895-PA	138	147
1353941	7460.GB19363-PA	0.636	1
1352901	7460.GB18320-PA	1.72	7
1344950	7460.GB10344-PA	588	175
1349155	7460.GB14559-PA	14.3	6
1352531	7460.GB17950-PA	35.9	22
1345781	7460.GB11177-PA	960	768
1348601	7460.GB14004-PA	2399	806
1347890	7460.GB13292-PA	36.8	63
1347302	7460.GB12703-PA	819	5602
1347042	7460.GB12442-PA	6.47	2
1345874	7460.GB11270-PA	3.59	3
1349761	7460.GB15168-PA	460	341
1349648	7460.GB15055-PA	898	5638
1354699	7460.GB20125-PA	12.9	22
1348014	7460.GB13416-PA	71.4	122
1352958	7460.GB18378-PA	72.2	162
1347917	7460.GB13319-PA	3.37	2
1345770	7460.GB11166-PA	60.6	188
1351623	7460.GB17037-PA	0.722	1
1349011	7460.GB14414-PA	1.11	2
1346444	7460.GB11840-PA	20.2	67
1350708	7460.GB16117-PA	112	212
1354183	7460.GB19606-PA	121	286
1344889	7460.GB10283-PA	859	1137
1351157	7460.GB16570-PA	0.385	1
1347252	7460.GB12653-PA	31.9	44
1354438	7460.GB19863-PA	24.2	84
1352186	7460.GB17602-PA	24.5	80
1350346	7460.GB15755-PA	176	98
1354374	7460.GB19799-PA	198	410
1354517	7460.GB19942-PA	10.3	12
1353976	7460.GB19398-PA	6.43	11
1355100	7460.GB30380-PA	8.19	62
1345230	7460.GB10626-PA	37.4	34
1351628	7460.GB17042-PA	28.9	38
1354108	7460.GB19531-PA	23.8	74
1344631	7460.GB10024-PA	16.2	14
1348285	7460.GB13688-PA	85.1	74
1354280	7460.GB19705-PA	2.18	1
1353304	7460.GB18724-PA	2.79	1
1347978	7460.GB13380-PA	6146	2309
1347417	7460.GB12818-PA	358	212
1350353	7460.GB15762-PA	71.3	92
1351896	7460.GB17311-PA	100	96
1346745	7460.GB12144-PA	38.4	364
1347106	7460.GB12506-PA	42.7	89
1351164	7460.GB16577-PA	1.2	2
1347967	7460.GB13369-PA	13.6	2
1345520	7460.GB10916-PA	330	125
1345438	7460.GB10834-PA	0.553	2
1349906	7460.GB15313-PA	6.56	4
1345820	7460.GB11216-PA	64.3	82
1344967	7460.GB10361-PA	8.06	7
1346216	7460.GB11612-PA	1.14	4
1350524	7460.GB15933-PA	17.7	30
1346892	7460.GB12291-PA	3.96	6
1345067	7460.GB10461-PA	13.3	22
1345867	7460.GB11263-PA	4.42	6
1350336	7460.GB15745-PA	22.6	35
1345439	7460.GB10835-PA	43.6	25
1344699	7460.GB10092-PA	5.62	18
1346191	7460.GB11587-PA	107	349
1350488	7460.GB15897-PA	1.02	2
1349624	7460.GB15031-PA	0.938	1
1347839	7460.GB13241-PA	66.9	84
1349951	7460.GB15359-PA	26.9	63
1351189	7460.GB16602-PA	25.3	82
1350291	7460.GB15700-PA	91.5	286
1355301	7460.GB30599-PA	0.523	1
1349997	7460.GB15406-PA	18.9	23
1354210	7460.GB19633-PA	3.99	11
1345683	7460.GB11079-PA	3.44	2
1347209	7460.GB12610-PA	66.3	64
1354491	7460.GB19916-PB	9.67	18
1351558	7460.GB16972-PA	55.5	74
1353944	7460.GB19366-PA	156	310
1352049	7460.GB17465-PA	11.4	5
1350786	7460.GB16196-PA	23.4	69
1350418	7460.GB15827-PA	1.07	3
1350208	7460.GB15617-PA	0.699	1
1351428	7460.GB16842-PA	3090	154
1349441	7460.GB14848-PA	37.6	68
1351751	7460.GB17165-PA	5.45	14
1346840	7460.GB12239-PA	23.2	23
1355213	7460.GB30511-RA_2	2.03	2
1346663	7460.GB12061-PA	6.55	16
1349190	7460.GB14595-PA	70.3	36
1352414	7460.GB17831-PA	98.0	152
1353874	7460.GB19296-PA	361	442
1352364	7460.GB17780-PA	199	202
1353264	7460.GB18684-PA	0.597	1
1344963	7460.GB10357-PA	2.44	2
1350702	7460.GB16111-PA	544	235
1351805	7460.GB17220-PA	7.79	56
1347377	7460.GB12778-PA	108	458
1350776	7460.GB16186-PA	44.9	149
1355263	7460.GB30557-PA	11.6	2
1349632	7460.GB15039-PA	12534	11487
1352163	7460.GB17579-PA	2.39	1
1353135	7460.GB18555-PA	12.3	24
1349883	7460.GB15290-PA	43.4	48
1349305	7460.GB14710-PA	123	217
1350845	7460.GB16256-PA	4.63	12
1350866	7460.GB16277-PA	1.87	1
1347806	7460.GB13208-PA	28.7	40
1351137	7460.GB16550-PA	61.4	39
1354804	7460.GB30075-PA	70.4	447
1350470	7460.GB15879-PA	2.83	7
1353077	7460.GB18497-PA	357	776
1354835	7460.GB30108-PA	8.33	1
1348535	7460.GB13938-PA	3.14	1
1351538	7460.GB16952-PA	298	128
1344890	7460.GB10284-PA	452	308
1345818	7460.GB11214-PA	1.69	3
1353564	7460.GB18984-PA	11.7	3
1349623	7460.GB15030-PA	231	547
1350400	7460.GB15809-PA	5.34	7
1354672	7460.GB20098-PA	10.5	49
1348133	7460.GB13536-PA	582	754
1348039	7460.GB13441-PA	0.399	1
1349904	7460.GB15311-PA	2.59	6
1351411	7460.GB16825-PA	23.3	9
1346105	7460.GB11501-PA	534	872
1351289	7460.GB16702-PA	6.24	11
1351527	7460.GB16941-PA	39.6	59
1350597	7460.GB16006-PA	17.6	24
1345195	7460.GB10590-PA	1132	1114
1354373	7460.GB19798-PA	2.67	5
1346231	7460.GB11627-PA	775	280
1350640	7460.GB16049-PA	202	45
1352112	7460.GB17528-PA	1.18	2
1348483	7460.GB13886-PA	4.27	2
1352139	7460.GB17555-PA	86.1	294
1352194	7460.GB17610-PA	1.02	5
1350939	7460.GB16351-PA	60.7	96
1350539	7460.GB15948-PA	67.6	34
1351651	7460.GB17065-PA	17.1	7
1345321	7460.GB10717-PA	3099	3090
1353508	7460.GB18928-PA	0.396	2
1348031	7460.GB13433-PA	74.1	10
1346052	7460.GB11448-PA	5.09	8
1355122	7460.GB30405-PA	337	951
1350942	7460.GB16354-PA	5.43	2
1346882	7460.GB12281-PA	0.798	1
1348734	7460.GB14137-PA	17.9	33
1353225	7460.GB18645-PA	0.335	2
1354038	7460.GB19460-PA	6114	9950
1352807	7460.GB18226-PA	3.69	11
1346327	7460.GB11723-PA	193	173
1348329	7460.GB13732-PA	7.16	9
1353757	7460.GB19178-PA	23.7	49
1350946	7460.GB16358-PB	1.0	1
1344883	7460.GB10277-PA	457	364
1345002	7460.GB10396-PA	0.458	1
1346259	7460.GB11655-PA	764	714
1350147	7460.GB15556-PA	2.39	5
1346913	7460.GB12312-PA	27.5	69
1351889	7460.GB17304-PA	0.641	1
1354110	7460.GB19533-PA	1.8	10
1353957	7460.GB19379-PA	449	205
1353032	7460.GB18452-PA	2.7	2
1345390	7460.GB10786-PA	106	114
1345026	7460.GB10420-PA	38.4	2
1346700	7460.GB12098-PA	48.3	86
1351952	7460.GB17367-PA	29.8	16
1352893	7460.GB18312-PA	191	396
1347999	7460.GB13401-PA	199	306
1347938	7460.GB13340-PA	0.331	1
1351932	7460.GB17347-PA	139	23
1347645	7460.GB13047-PA	27.3	31
1352278	7460.GB17694-PA	404	64
1347474	7460.GB12875-PA	2.14	1
1350214	7460.GB15623-PA	2.5	2
1349796	7460.GB15203-PA	7.89	3
1348056	7460.GB13458-PA	19.9	29
1344667	7460.GB10060-PA	322	248
1353768	7460.GB19189-PA	135	47
1350657	7460.GB16066-PA	42.8	69
1345264	7460.GB10660-PA	0.172	1
1354945	7460.GB30223-PA	0.377	2
1350599	7460.GB16008-PA	20.1	8
1352128	7460.GB17544-PA	93.8	78
1345622	7460.GB11018-PA	3.06	42
1349160	7460.GB14564-PB	0.868	7
1348231	7460.GB13634-PA	0.125	1
1345959	7460.GB11355-PA	564	504
1353395	7460.GB18815-PA	19.8	38
1345570	7460.GB10966-PA	30.0	153
1346065	7460.GB11461-PA	522	1254
1348514	7460.GB13917-PA	6.14	43
1345551	7460.GB10947-PA	8.09	12
1347942	7460.GB13344-PA	23.4	46
1348844	7460.GB14247-PA	42.8	60
1344646	7460.GB10039-PA	46.4	19
1354786	7460.GB30056-PA	4.8	25
1344779	7460.GB10173-PA	34.9	24
1344623	7460.GB10016-PA	2.31	4
1347423	7460.GB12824-PA	0.526	1
1352333	7460.GB17749-PA	1.58	2
1353472	7460.GB18892-PA	279	298
1353540	7460.GB18960-PA	176	190
1345341	7460.GB10737-PA	4033	1421
1345312	7460.GB10708-PA	623	345
1354203	7460.GB19626-PA	4.67	5
1345975	7460.GB11371-PA	5.64	7
1346493	7460.GB11889-PA	467	613
1349532	7460.GB14939-PA	107	59
1347097	7460.GB12497-PA	43.0	57
1349603	7460.GB15010-PA	0.826	10
1345226	7460.GB10622-PA	1074	4820
1349304	7460.GB14709-PA	14.8	9
1344761	7460.GB10155-PA	10.4	13
1346724	7460.GB12123-PA	8.9	64
1352075	7460.GB17491-PA	5.38	1
1347155	7460.GB12556-PA	67.9	133
1348597	7460.GB14000-PA	12.0	24
1353349	7460.GB18769-PA	242	60
1350268	7460.GB15677-PA	1.12	2
1350094	7460.GB15503-PA	473	558
1345659	7460.GB11055-PA	204	540
1352814	7460.GB18233-PA	79.0	151
1352550	7460.GB17969-PA	1.15	1
1354161	7460.GB19584-PA	1.3	1
1352687	7460.GB18106-PA	0.368	2
1345549	7460.GB10945-PA	21.4	88
1352189	7460.GB17605-PA	6.68	4
1351567	7460.GB16981-PA	0.595	1
1347536	7460.GB12937-PA	142	566
1351429	7460.GB16843-PA	1.62	2
1351275	7460.GB16688-PA	7.9	16
1348016	7460.GB13418-PA	6.19	4
1346621	7460.GB12019-PA	43.4	39
1346212	7460.GB11608-PA	2.94	5
1349030	7460.GB14433-PA	3.32	5
1349252	7460.GB14657-PA	1.27	1
1350779	7460.GB16189-PA	186	151
1351544	7460.GB16958-PA	8.88	8
1349826	7460.GB15233-PA	32.4	49
1352497	7460.GB17914-PA	1.15	3
1354256	7460.GB19681-PA	5.17	2
1345716	7460.GB11112-PA	0.269	1
1349378	7460.GB14784-PA	3032	10154
1350472	7460.GB15881-PA	244	328
1352022	7460.GB17438-PA	8.24	4
1346130	7460.GB11526-PA	8.18	3
1349689	7460.GB15096-PA	50.1	63
1346390	7460.GB11786-PA	808	958
1354600	7460.GB20025-PA	0.463	1
1351218	7460.GB16631-PA	31.3	100
1351150	7460.GB16563-PA	425	1314
1351499	7460.GB16913-PA	19.6	35
1344918	7460.GB10312-PA	290	665
1344961	7460.GB10355-PA	453	64
1347330	7460.GB12731-PA	9.24	9
1352822	7460.GB18241-PA	0.226	1
1347887	7460.GB13289-PA	99.6	247
1349618	7460.GB15025-PA	46.0	25
1350173	7460.GB15582-PA	1507	2553
1345824	7460.GB11220-PA	138	348
1349326	7460.GB14732-PA	0.727	1
1355066	7460.GB30343-RA_2	1.87	3
1352984	7460.GB18404-PA	1297	704
1350296	7460.GB15705-PA	9.85	15
1351741	7460.GB17155-PA	16.3	24
1351040	7460.GB16453-PA	0.299	1
1350317	7460.GB15726-PA	18.4	16
1346232	7460.GB11628-PA	0.718	1
1352447	7460.GB17864-PA	1037	1923
1345141	7460.GB10536-PA	3339	5562
1354007	7460.GB19429-PA	209	508
1347632	7460.GB13034-PA	178	102
1354761	7460.GB30029-PA	0.845	1
1349946	7460.GB15354-PA	3.49	2
1345012	7460.GB10406-PA	105	122
1349481	7460.GB14888-PA	17307	44784
1347646	7460.GB13048-PA	5.54	8
1347161	7460.GB12562-PA	2757	4319
1349405	7460.GB14812-PA	4.86	2
1351344	7460.GB16758-PA	0.475	2
1354561	7460.GB19986-PA	2.26	1
1351840	7460.GB17255-PA	3946	1980
1351539	7460.GB16953-PA	0.944	1
1346633	7460.GB12031-PA	14.1	40
1354219	7460.GB19642-PA	917	402
1353078	7460.GB18498-PA	3977	4988
1349106	7460.GB14510-PA	0.534	1
1353026	7460.GB18446-PA	86.6	64
1351103	7460.GB16516-PA	1.08	2
1350302	7460.GB15711-PA	258	144
1354114	7460.GB19537-PA	0.133	1
1349055	7460.GB14458-PA	0.675	2
1353535	7460.GB18955-PA	965	938
1348954	7460.GB14357-PA	189	115
1348130	7460.GB13533-PA	8.66	12
1349852	7460.GB15259-PA	470	1294
1354135	7460.GB19558-PA	209	158
1346976	7460.GB12375-PA	572	458
1352656	7460.GB18075-PA	8.43	8
1353149	7460.GB18569-PA	10.1	29
1350022	7460.GB15431-PA	121	172
1351281	7460.GB16694-PA	8.99	5
1352082	7460.GB17498-PA	187	59
1348521	7460.GB13924-PA	4.6	1
1350543	7460.GB15952-PA	8.9	14
1354587	7460.GB20012-PA	1320	1272
1346565	7460.GB11962-PA	0.929	3
1345081	7460.GB10476-PA	2.41	4
1353891	7460.GB19313-PA	4.64	3
1351829	7460.GB17244-PA	28.4	57
1354924	7460.GB30200-PA	9.25	9
1349654	7460.GB15061-PA	0.641	3
1347380	7460.GB12781-PA	23.5	89
1346089	7460.GB11485-PA	12.3	28
1346044	7460.GB11440-PA	13962	14176
1352505	7460.GB17924-PA	8.13	24
1346164	7460.GB11560-PA	7.74	5
1352315	7460.GB17731-PA	0.34	1
1345272	7460.GB10668-PA	4.8	17
1346712	7460.GB12111-PA	4.25	6
1351486	7460.GB16900-PA	0.71	1
1345087	7460.GB10482-PA	3.04	6
1344881	7460.GB10275-PA	3622	12258
1352053	7460.GB17469-PA	0.264	5
1345638	7460.GB11034-PA	0.294	1
1353088	7460.GB18508-PA	13.3	8
1350619	7460.GB16028-PA	86.7	603
1348596	7460.GB13999-PA	1958	10830
1347930	7460.GB13332-PA	107	162
1353698	7460.GB19119-PA	7.33	6
1353213	7460.GB18633-PA	129	160
1348097	7460.GB13499-PA	1181	446
1352858	7460.GB18277-PA	5.57	4
1352224	7460.GB17640-PA	1.79	7
1354678	7460.GB20104-PA	227	293
1350870	7460.GB16281-PA	4.03	2
1351890	7460.GB17305-PA	195	260
1350253	7460.GB15662-PA	4460	3458
1350570	7460.GB15979-PA	1.01	3
1353956	7460.GB19378-PA	1.84	2
1348563	7460.GB13966-PA	1355	3117
1347914	7460.GB13316-PA	66.8	35
1345909	7460.GB11305-PA	1.51	4
1348615	7460.GB14018-PA	36.8	49
1355212	7460.GB30511-PA	12.7	13
1349912	7460.GB15320-PA	59.6	65
1354299	7460.GB19724-PA	795	1036
1351465	7460.GB16879-PA	5.22	3
1346451	7460.GB11847-PA	3.94	3
1351749	7460.GB17163-PA	105	136
1345769	7460.GB11165-PA	8.92	5
1353626	7460.GB19047-PA	7.53	6
1350143	7460.GB15552-PA	638	5134
1349064	7460.GB14467-PA	4.88	17
1352323	7460.GB17739-PA	33.8	158
1349819	7460.GB15226-PA	603	440
1345463	7460.GB10859-PA	56.2	55
1352754	7460.GB18173-PA	3.97	8
1350074	7460.GB15483-PA	478	428
1349101	7460.GB14505-PA	1696	616
1346661	7460.GB12059-PA	30.5	22
1347931	7460.GB13333-PA	1.05	1
1353492	7460.GB18912-PA	124	159
1353943	7460.GB19365-PA	386	2676
1344900	7460.GB10294-PA	113	118
1354463	7460.GB19888-PA	145	305
1354325	7460.GB19750-PA	3.97	6
1348157	7460.GB13560-PA	307	235
1349443	7460.GB14850-PA	32.6	9
1348656	7460.GB14059-PA	483	413
1346803	7460.GB12202-PA	1.46	1
1350885	7460.GB16296-PA	10.8	16
1350998	7460.GB16410-PA	1.59	1
1353217	7460.GB18637-PA	90.5	94
1349663	7460.GB15070-PA	10.1	67
1345531	7460.GB10927-PA	1.24	5
1345962	7460.GB11358-PA	15.0	486
1348969	7460.GB14372-PA	120	96
1352961	7460.GB18381-PA	363	227
1354075	7460.GB19498-PA	405	146
1351572	7460.GB16986-PA	1.99	3
1352874	7460.GB18293-PA	31.5	68
1353227	7460.GB18647-PA	1463	1739
1346252	7460.GB11648-PA	978	2258
1352974	7460.GB18394-PA	1.88	5
1354357	7460.GB19782-PA	0.66	1
1352096	7460.GB17512-PA	5.59	3
1353727	7460.GB19148-PA	5.67	9
1354766	7460.GB30033-PA	0.349	1
1353442	7460.GB18862-PA	55.9	98
1350024	7460.GB15433-PA	6.75	4
1352603	7460.GB18022-PA	2.3	2
1350673	7460.GB16082-PA	138	524
1345150	7460.GB10545-PA	855	619
1353996	7460.GB19418-PB	491	983
1354338	7460.GB19763-PA	2.19	1
1350308	7460.GB15717-PA	6.23	7
1349229	7460.GB14634-PA	309	1831
1353202	7460.GB18622-PA	203	227
1349823	7460.GB15230-PA	3.78	67
1353939	7460.GB19361-PA	7.7	20
1349772	7460.GB15179-PA	6.73	71
1353682	7460.GB19103-PA	12.7	55
1344688	7460.GB10081-PA	2.29	2
1345506	7460.GB10902-PA	1.06	1
1347218	7460.GB12619-PA	13.5	17
1353509	7460.GB18929-PA	1644	512
1353890	7460.GB19312-PA	14.3	2
1348839	7460.GB14242-PA	5.15	2
1347041	7460.GB12441-PA	57.8	17
1346480	7460.GB11876-PA	2.2	5
1351468	7460.GB16882-PA	1783	2332
1346983	7460.GB12382-PA	0.694	5
1352491	7460.GB17908-PA	0.222	1
1354782	7460.GB30052-PA	3.75	16
1347267	7460.GB12668-PA	2.94	1
1344639	7460.GB10032-PA	19.6	74
1353765	7460.GB19186-PA	36.6	52
1352640	7460.GB18059-PA	0.943	1
1348186	7460.GB13589-PA	11.9	6
1351736	7460.GB17150-PA	1.51	6
1345977	7460.GB11373-PA	128	83
1353037	7460.GB18457-PA	64.0	36
1349334	7460.GB14740-PA	56.9	22
1354642	7460.GB20067-PA	12.3	18
1347849	7460.GB13251-PA	114	165
1346530	7460.GB11926-PA	0.83	1
1347394	7460.GB12795-PA	422	153
1347550	7460.GB12951-PA	4895	6880
1352705	7460.GB18124-PA	46.9	44
1350496	7460.GB15905-PA	1.04	4
1349947	7460.GB15355-PA	66.7	86
1351067	7460.GB16480-PA	37.6	82
1353854	7460.GB19276-PA	83.1	122
1348238	7460.GB13641-PA	3.11	2
1351969	7460.GB17384-PA	121	149
1345189	7460.GB10584-PA	753	1187
1348273	7460.GB13676-PA	2.06	1
1347261	7460.GB12662-PA	36.7	48
1346224	7460.GB11620-PA	4.08	16
1346468	7460.GB11864-PA	53.2	27
1349014	7460.GB14417-PA	805	170
1347896	7460.GB13298-PA	84.0	145
1353282	7460.GB18702-PA	53.8	108
1351143	7460.GB16556-PA	0.255	2
1352731	7460.GB18150-PA	51.6	782
1350029	7460.GB15438-PA	177	51
1345108	7460.GB10503-PA	206	164
1353574	7460.GB18994-PA	4.77	2
1354068	7460.GB19490-PA	2.27	4
1351956	7460.GB17371-PA	0.128	3
1353478	7460.GB18898-PA	7.31	8
1354645	7460.GB20070-PA	1915	3998
1352543	7460.GB17962-PA	9.59	4
1346576	7460.GB11973-PA	49.1	100
1346763	7460.GB12162-PA	74.3	48
1346093	7460.GB11489-PA	262	543
1351537	7460.GB16951-PA	715	1708
1353350	7460.GB18770-PA	156	98
1351311	7460.GB16724-PA	10.2	70
1347870	7460.GB13272-PA	75.5	87
1352658	7460.GB18077-PA	109	630
1352540	7460.GB17959-PA	66.0	33
1352743	7460.GB18162-PA	262	978
1350775	7460.GB16185-PA	13.4	10
1351876	7460.GB17291-PB	98.7	288
1351674	7460.GB17088-PA	3.04	5
1350457	7460.GB15866-PA	8.72	3
1354167	7460.GB19590-PA	0.976	4
1352957	7460.GB18377-PA	5.19	6
1351793	7460.GB17208-PA	5.53	9
1347082	7460.GB12482-PA	27.8	153
1346359	7460.GB11755-PA	1.83	9
1351823	7460.GB17238-PA	2526	3391
1354330	7460.GB19755-PA	21.8	12
1348224	7460.GB13627-PA	9.24	12
1354951	7460.GB30228-PA	87.4	21
1346717	7460.GB12116-PA	49.0	41
1347997	7460.GB13399-PA	751	525
1346102	7460.GB11498-PA	10.3	4
1352192	7460.GB17608-PA	635	836
1352452	7460.GB17869-PA	189	502
1351571	7460.GB16985-PA	4.28	3
1348681	7460.GB14084-PA	3.73	2
1352585	7460.GB18004-PC	1495	2411
1345831	7460.GB11227-PA	1127	2565
1348369	7460.GB13772-PA	450	1656
1351201	7460.GB16614-PA	65.7	124
1345410	7460.GB10806-PA	1.96	2
1347966	7460.GB13368-PA	2926	5538
1350145	7460.GB15554-PA	2.24	4
1351148	7460.GB16561-PA	24.9	99
1352369	7460.GB17786-PA	17.9	18
1355205	7460.GB30506-PA	819	5602
1351270	7460.GB16683-PA	57.6	110
1354733	7460.GB30001-PA	22.2	18
1349167	7460.GB14572-PA	38.7	22
1352219	7460.GB17635-PA	2.37	4
1347365	7460.GB12766-PA	63.0	125
1350456	7460.GB15865-PA	5.42	6
1349020	7460.GB14423-PA	0.861	1
1354261	7460.GB19686-PA	5.5	6
1347949	7460.GB13351-PA	66.1	62
1347595	7460.GB12997-PA	0.238	1
1345423	7460.GB10819-PA	69.4	52
1349391	7460.GB14798-PA	8443	8670
1354237	7460.GB19661-PA	2.13	1
1350034	7460.GB15443-PA	223	168
1349710	7460.GB15117-PA	2.88	9
1353580	7460.GB19000-PA	396	27
1347075	7460.GB12475-PA	20.2	74
1352842	7460.GB18261-PA	927	1141
1351000	7460.GB16412-PA	3900	2587
1348999	7460.GB14402-PA	5.17	17
1353967	7460.GB19389-PA	0.335	1
1352830	7460.GB18249-PA	267	91
