#id: 445
#name: D.rerio - Spleen, SC (Kelkar,MCP,2014)
#score: 13.7
#weight: 100%
#description: abundance based on Spectral counting, from<a href="http://www.ncbi.nlm.nih.gov/pubmed/25060758" target="_blank">Kelkar,MCP,2014</a><br/><b>Interaction consistency score</b>: 13.7&nbsp<b>Coverage</b>: 9
#organ: SPLEEN
#integrated: false
#coverage: 9
#publication_year: 2014
#filename: 7955-ZF_Spleen_Kelkar_2014_SEQUEST.txt
#
#internal_id	string_external_id	abundance	raw_spectral_count
1488853	7955.ENSDARP00000068111	86.9	5
1505315	7955.ENSDARP00000121065	10.2	1
1487522	7955.ENSDARP00000060362	978	38
1496597	7955.ENSDARP00000102588	0.039	1
1504438	7955.ENSDARP00000118753	34.5	1
1501874	7955.ENSDARP00000112247	6513	120
1495187	7955.ENSDARP00000099251	95.9	17
1483297	7955.ENSDARP00000020358	4232	49
1506360	7955.ENSDARP00000123754	1.92	1
1497271	7955.ENSDARP00000104161	1179	43
1482050	7955.ENSDARP00000008690	140	42
1486376	7955.ENSDARP00000053431	186	6
1483439	7955.ENSDARP00000021916	120	4
1483412	7955.ENSDARP00000021652	31.2	2
1507131	7955.ENSDARP00000125815	156	14
1482983	7955.ENSDARP00000017326	1915	313
1487491	7955.ENSDARP00000060202	3.97	1
1493735	7955.ENSDARP00000094586	11.8	1
1500639	7955.ENSDARP00000110138	0.201	3
1485027	7955.ENSDARP00000040396	5305	116
1485862	7955.ENSDARP00000049424	584	30
1499068	7955.ENSDARP00000107390	5.28	3
1506186	7955.ENSDARP00000123299	1427	289
1485708	7955.ENSDARP00000047715	10.8	1
1498335	7955.ENSDARP00000106083	0.186	3
1483925	7955.ENSDARP00000026327	47.9	4
1482346	7955.ENSDARP00000011420	59.4	2
1506145	7955.ENSDARP00000123183	2400	61
1488803	7955.ENSDARP00000067895	1305	181
1483952	7955.ENSDARP00000026575	126	1
1482235	7955.ENSDARP00000010482	179	5
1504820	7955.ENSDARP00000119791	0.141	3
1494094	7955.ENSDARP00000096118	67.4	6
1482641	7955.ENSDARP00000014065	12.8	5
1495293	7955.ENSDARP00000099498	4.59	5
1484013	7955.ENSDARP00000027115	967	38
1486256	7955.ENSDARP00000052687	156	38
1483463	7955.ENSDARP00000022120	87.4	9
1504839	7955.ENSDARP00000119844	0.045	1
1497987	7955.ENSDARP00000105492	113	1
1507353	7955.ENSDARP00000126372	0.032	1
1489054	7955.ENSDARP00000069096	415	10
1489278	7955.ENSDARP00000070277	10.3	1
1498111	7955.ENSDARP00000105696	20.1	2
1494824	7955.ENSDARP00000098436	4.33	1
1483334	7955.ENSDARP00000020775	4106	308
1492856	7955.ENSDARP00000090833	554	21
1483298	7955.ENSDARP00000020361	127	8
1501866	7955.ENSDARP00000112231	1.55	1
1488567	7955.ENSDARP00000066773	798	25
1485845	7955.ENSDARP00000049263	136	5
1488562	7955.ENSDARP00000066758	11.2	1
1493861	7955.ENSDARP00000095111	3.07	1
1482334	7955.ENSDARP00000011311	12.5	2
1481636	7955.ENSDARP00000004866	173	10
1492422	7955.ENSDARP00000088891	107	1
1496152	7955.ENSDARP00000101525	775	313
1500894	7955.ENSDARP00000110558	660	74
1501849	7955.ENSDARP00000112199	7982	236
1481782	7955.ENSDARP00000006207	1506	74
1489447	7955.ENSDARP00000071305	24.3	2
1493307	7955.ENSDARP00000092760	1051	36
1502811	7955.ENSDARP00000114555	35.3	2
1505159	7955.ENSDARP00000120625	0.216	3
1496634	7955.ENSDARP00000102682	1305	181
1488693	7955.ENSDARP00000067373	63.1	3
1486190	7955.ENSDARP00000052354	157	26
1495313	7955.ENSDARP00000099550	598	313
1482474	7955.ENSDARP00000012454	2305	152
1503045	7955.ENSDARP00000115194	0.149	3
1487302	7955.ENSDARP00000059062	106	8
1492926	7955.ENSDARP00000091115	1.79	1
1490115	7955.ENSDARP00000074464	674	33
1481295	7955.ENSDARP00000000952	15.4	1
1481822	7955.ENSDARP00000006549	6.22	1
1504051	7955.ENSDARP00000117813	8.96	1
1501757	7955.ENSDARP00000112050	263	5
1485681	7955.ENSDARP00000047408	94.2	86
1492577	7955.ENSDARP00000089635	85.7	3
1484805	7955.ENSDARP00000037758	722	18
1493936	7955.ENSDARP00000095384	40.6	9
1503932	7955.ENSDARP00000117497	286	14
1502798	7955.ENSDARP00000114517	0.038	1
1482090	7955.ENSDARP00000009149	11.3	2
1498277	7955.ENSDARP00000105982	1.32	1
1484412	7955.ENSDARP00000032575	380	55
1499155	7955.ENSDARP00000107547	1465	525
1507377	7955.ENSDARP00000126432	0.127	2
1489173	7955.ENSDARP00000069745	202	12
1504266	7955.ENSDARP00000118334	0.044	1
1500247	7955.ENSDARP00000109449	25.9	1
1485677	7955.ENSDARP00000047376	31.7	2
1490312	7955.ENSDARP00000075482	35.1	2
1486922	7955.ENSDARP00000056852	1.52	8
1505693	7955.ENSDARP00000122009	775	313
1495289	7955.ENSDARP00000099489	6.61	1
1503589	7955.ENSDARP00000116598	77.0	4
1503170	7955.ENSDARP00000115509	6.1	2
1487416	7955.ENSDARP00000059795	6.73	1
1505743	7955.ENSDARP00000122141	577	10
1488176	7955.ENSDARP00000064306	0.038	1
1493871	7955.ENSDARP00000095139	209	3
1490829	7955.ENSDARP00000078114	4.58	3
1482375	7955.ENSDARP00000011656	327	27
1487538	7955.ENSDARP00000060465	45.9	2
1489900	7955.ENSDARP00000073437	124	9
1498667	7955.ENSDARP00000106653	0.101	1
1483937	7955.ENSDARP00000026454	177	7
1490762	7955.ENSDARP00000077706	879	22
1500967	7955.ENSDARP00000110687	12.8	1
1501565	7955.ENSDARP00000111715	8.89	1
1505081	7955.ENSDARP00000120420	47.5	1
1503030	7955.ENSDARP00000115147	1159	22
1504782	7955.ENSDARP00000119693	79.7	2
1505492	7955.ENSDARP00000121507	0.039	1
1502545	7955.ENSDARP00000113889	46.8	1
1501009	7955.ENSDARP00000110759	1001	181
1483562	7955.ENSDARP00000022929	95.9	17
1499147	7955.ENSDARP00000107534	0.038	1
1505597	7955.ENSDARP00000121783	0.031	1
1482909	7955.ENSDARP00000016680	444	6
1494459	7955.ENSDARP00000097572	1077	34
1491244	7955.ENSDARP00000081180	311	21
1485317	7955.ENSDARP00000043498	43.5	2
1502782	7955.ENSDARP00000114472	28.7	1
1492412	7955.ENSDARP00000088840	14.8	33
1503054	7955.ENSDARP00000115222	0.192	3
1491562	7955.ENSDARP00000083454	276	15
1484470	7955.ENSDARP00000033328	84.1	9
1483313	7955.ENSDARP00000020522	2.79	1
1500721	7955.ENSDARP00000110282	453	15
1482476	7955.ENSDARP00000012488	155	9
1486465	7955.ENSDARP00000054025	19.5	1
1500167	7955.ENSDARP00000109300	3.29	1
1489846	7955.ENSDARP00000073164	3.0	1
1483985	7955.ENSDARP00000026878	168	5
1495369	7955.ENSDARP00000099664	159	6
1486815	7955.ENSDARP00000056187	38.3	1
1493067	7955.ENSDARP00000091816	1516	138
1499532	7955.ENSDARP00000108197	623	10
1485319	7955.ENSDARP00000043515	7.58	1
1504977	7955.ENSDARP00000120160	51.4	1
1494268	7955.ENSDARP00000096770	0.039	1
1490180	7955.ENSDARP00000074827	17.5	6
1504411	7955.ENSDARP00000118683	0.037	1
1502157	7955.ENSDARP00000112873	59.7	2
1493356	7955.ENSDARP00000093033	415	32
1486468	7955.ENSDARP00000054056	109	1
1483819	7955.ENSDARP00000025342	72.7	4
1495316	7955.ENSDARP00000099554	220	15
1506267	7955.ENSDARP00000123509	0.032	1
1499417	7955.ENSDARP00000107998	1465	525
1487843	7955.ENSDARP00000062517	1780	53
1486325	7955.ENSDARP00000053151	152	10
1499364	7955.ENSDARP00000107891	0.041	1
1492852	7955.ENSDARP00000090804	131	14
1506197	7955.ENSDARP00000123323	775	313
1482692	7955.ENSDARP00000014655	6.08	1
1482575	7955.ENSDARP00000013329	1686	88
1498430	7955.ENSDARP00000106245	1465	525
1482348	7955.ENSDARP00000011428	15.5	1
1481503	7955.ENSDARP00000003525	7.45	1
1494601	7955.ENSDARP00000097928	0.18	3
1499720	7955.ENSDARP00000108502	1442	513
1482139	7955.ENSDARP00000009605	183	10
1487507	7955.ENSDARP00000060303	23.4	1
1494889	7955.ENSDARP00000098595	119	19
1498855	7955.ENSDARP00000107004	138	8
1482027	7955.ENSDARP00000008455	109	6
1483276	7955.ENSDARP00000020154	2.92	1
1499841	7955.ENSDARP00000108727	290	130
1503060	7955.ENSDARP00000115236	75.3	2
1493546	7955.ENSDARP00000093822	1194	47
1483609	7955.ENSDARP00000023443	139	2
1488187	7955.ENSDARP00000064375	1968	32
1487584	7955.ENSDARP00000060765	216	23
1488220	7955.ENSDARP00000064557	21.8	3
1490426	7955.ENSDARP00000075954	23.2	6
1489401	7955.ENSDARP00000070953	11.4	1
1505340	7955.ENSDARP00000121142	0.033	1
1504772	7955.ENSDARP00000119655	0.035	1
1489218	7955.ENSDARP00000070001	1192	77
1495070	7955.ENSDARP00000098989	23.0	6
1485661	7955.ENSDARP00000047158	3966	63
1490090	7955.ENSDARP00000074275	22.5	1
1486916	7955.ENSDARP00000056812	3.62	1
1482699	7955.ENSDARP00000014740	10.1	1
1483752	7955.ENSDARP00000024643	3404	184
1481687	7955.ENSDARP00000005284	178	10
1505065	7955.ENSDARP00000120377	0.029	1
1494148	7955.ENSDARP00000096352	165	93
1503625	7955.ENSDARP00000116689	0.133	3
1492556	7955.ENSDARP00000089482	75.1	3
1497861	7955.ENSDARP00000105266	132	3
1498854	7955.ENSDARP00000107003	0.178	3
1500166	7955.ENSDARP00000109299	1465	525
1484469	7955.ENSDARP00000033318	584	30
1498827	7955.ENSDARP00000106959	0.039	1
1502058	7955.ENSDARP00000112576	151	37
1496541	7955.ENSDARP00000102443	8.45	2
1506889	7955.ENSDARP00000125309	0.037	1
1486181	7955.ENSDARP00000052330	1314	14
1506459	7955.ENSDARP00000124085	554	1
1493554	7955.ENSDARP00000093850	19.6	1
1496347	7955.ENSDARP00000102004	11.2	1
1484341	7955.ENSDARP00000031658	1.69	2
1484235	7955.ENSDARP00000029935	95.3	7
1485693	7955.ENSDARP00000047527	6.69	2
1490314	7955.ENSDARP00000075490	206	35
1500693	7955.ENSDARP00000110238	2513	186
1484062	7955.ENSDARP00000027654	777	10
1481733	7955.ENSDARP00000005719	2895	49
1483496	7955.ENSDARP00000022426	28.4	2
1505521	7955.ENSDARP00000121591	606	15
1492241	7955.ENSDARP00000088086	0.094	1
1506129	7955.ENSDARP00000123142	0.181	3
1494020	7955.ENSDARP00000095720	8.26	5
1483604	7955.ENSDARP00000023354	237	13
1490477	7955.ENSDARP00000076180	11.3	4
1499268	7955.ENSDARP00000107729	30.3	2
1485965	7955.ENSDARP00000050643	9.31	4
1505454	7955.ENSDARP00000121430	4.36	4
1496833	7955.ENSDARP00000103154	0.281	2
1488801	7955.ENSDARP00000067893	1305	181
1502625	7955.ENSDARP00000114081	0.14	3
1490211	7955.ENSDARP00000074936	498	20
1504598	7955.ENSDARP00000119179	268	112
1485115	7955.ENSDARP00000041384	1077	34
1501337	7955.ENSDARP00000111298	775	313
1488542	7955.ENSDARP00000066589	15.1	2
1490522	7955.ENSDARP00000076350	10.9	2
1489783	7955.ENSDARP00000072903	125	11
1481818	7955.ENSDARP00000006510	306	23
1504263	7955.ENSDARP00000118326	161	93
1504624	7955.ENSDARP00000119246	0.172	3
1488536	7955.ENSDARP00000066567	18.1	2
1491292	7955.ENSDARP00000081514	13.8	3
1507338	7955.ENSDARP00000126346	46.5	1
1484014	7955.ENSDARP00000027118	1134	83
1498404	7955.ENSDARP00000106202	35.4	2
1506398	7955.ENSDARP00000123883	345	25
1499360	7955.ENSDARP00000107881	0.201	3
1489579	7955.ENSDARP00000072076	23.6	3
1501591	7955.ENSDARP00000111762	287	34
1494032	7955.ENSDARP00000095774	52.7	20
1482132	7955.ENSDARP00000009555	39.5	2
1505364	7955.ENSDARP00000121190	1136	8
1483552	7955.ENSDARP00000022858	37.3	4
1498524	7955.ENSDARP00000106400	284	7
1481483	7955.ENSDARP00000003389	1260	39
1502930	7955.ENSDARP00000114868	0.19	3
1497532	7955.ENSDARP00000104674	1.35	2
1498085	7955.ENSDARP00000105649	656	4
1491736	7955.ENSDARP00000084725	1.52	1
1493288	7955.ENSDARP00000092675	0.052	1
1494133	7955.ENSDARP00000096295	365	25
1494159	7955.ENSDARP00000096384	11.3	2
1496628	7955.ENSDARP00000102672	1145	78
1498549	7955.ENSDARP00000106441	9.5	23
1486749	7955.ENSDARP00000055770	239	32
1507373	7955.ENSDARP00000126422	0.185	3
1487974	7955.ENSDARP00000063127	1.32	1
1497834	7955.ENSDARP00000105213	90.6	5
1485589	7955.ENSDARP00000046453	0.829	2
1484583	7955.ENSDARP00000034822	46.8	7
1484682	7955.ENSDARP00000036164	26.3	2
1503983	7955.ENSDARP00000117628	1371	60
1498408	7955.ENSDARP00000106208	141	19
1501091	7955.ENSDARP00000110895	183	21
1486642	7955.ENSDARP00000055185	421	3
1503494	7955.ENSDARP00000116336	471	4
1499585	7955.ENSDARP00000108286	0.17	3
1506302	7955.ENSDARP00000123601	900	449
1494279	7955.ENSDARP00000096826	3.91	1
1495457	7955.ENSDARP00000099909	29.2	3
1487169	7955.ENSDARP00000058383	2759	91
1494950	7955.ENSDARP00000098726	1305	181
1483074	7955.ENSDARP00000018027	16.5	1
1494168	7955.ENSDARP00000096411	17.9	2
1504850	7955.ENSDARP00000119862	0.036	1
1505006	7955.ENSDARP00000120230	120	6
1481348	7955.ENSDARP00000002260	1.22	1
1493336	7955.ENSDARP00000092898	274	4
1497300	7955.ENSDARP00000104211	1139	48
1507124	7955.ENSDARP00000125799	452	3
1498187	7955.ENSDARP00000105825	103	9
1502041	7955.ENSDARP00000112527	756	313
1507361	7955.ENSDARP00000126393	0.035	1
1495958	7955.ENSDARP00000101062	54.5	4
1499830	7955.ENSDARP00000108711	2140	346
1501078	7955.ENSDARP00000110880	39.8	2
1483577	7955.ENSDARP00000023121	2814	96
1487278	7955.ENSDARP00000058955	1113	65
1507429	7955.ENSDARP00000126558	0.133	3
1486970	7955.ENSDARP00000057178	29.2	17
1500865	7955.ENSDARP00000110511	775	313
1494076	7955.ENSDARP00000096043	95.9	17
1499789	7955.ENSDARP00000108629	735	21
1502726	7955.ENSDARP00000114344	0.116	1
1502319	7955.ENSDARP00000113278	655	13
1501760	7955.ENSDARP00000112054	27.9	1
1501608	7955.ENSDARP00000111786	1465	525
1504465	7955.ENSDARP00000118825	15.6	1
1492850	7955.ENSDARP00000090794	1305	181
1496287	7955.ENSDARP00000101862	1465	525
1486483	7955.ENSDARP00000054142	897	52
1485029	7955.ENSDARP00000040408	187	7
1502756	7955.ENSDARP00000114418	176	7
1500424	7955.ENSDARP00000109758	0.039	1
1484205	7955.ENSDARP00000029607	211	90
1482373	7955.ENSDARP00000011642	42.9	3
1486000	7955.ENSDARP00000050970	18.1	2
1493909	7955.ENSDARP00000095293	15.3	1
1504517	7955.ENSDARP00000118953	0.175	3
1506144	7955.ENSDARP00000123181	4.74	1
1488009	7955.ENSDARP00000063383	181	12
1499047	7955.ENSDARP00000107355	27.8	5
1496017	7955.ENSDARP00000101193	3037	151
1494755	7955.ENSDARP00000098279	481	43
1503606	7955.ENSDARP00000116646	6.6	2
1502402	7955.ENSDARP00000113485	0.164	3
1495492	7955.ENSDARP00000099976	70.2	7
1494277	7955.ENSDARP00000096822	0.18	1
1485063	7955.ENSDARP00000040770	591	5
1502940	7955.ENSDARP00000114894	0.032	1
1507020	7955.ENSDARP00000125554	0.043	1
1488544	7955.ENSDARP00000066619	137	94
1500379	7955.ENSDARP00000109682	64.7	6
1482469	7955.ENSDARP00000012436	107	7
1484604	7955.ENSDARP00000035090	26.7	2
1489114	7955.ENSDARP00000069405	28.2	1
1502512	7955.ENSDARP00000113805	1.97	1
1488726	7955.ENSDARP00000067534	9.36	2
1486696	7955.ENSDARP00000055491	9.38	2
1488351	7955.ENSDARP00000065372	251	4
1488775	7955.ENSDARP00000067775	440	13
1500692	7955.ENSDARP00000110237	300	22
1492728	7955.ENSDARP00000090275	21.9	1
1497274	7955.ENSDARP00000104168	86.1	5
1504749	7955.ENSDARP00000119591	0.039	1
1484402	7955.ENSDARP00000032422	99.8	8
1502351	7955.ENSDARP00000113362	5.8	2
1483599	7955.ENSDARP00000023322	19.2	1
1498732	7955.ENSDARP00000106781	687	313
1481905	7955.ENSDARP00000007384	26.7	1
1504816	7955.ENSDARP00000119785	29.2	1
1481520	7955.ENSDARP00000003666	3.54	1
1501511	7955.ENSDARP00000111623	0.227	3
1484134	7955.ENSDARP00000028571	195	16
1503171	7955.ENSDARP00000115511	177	5
1497378	7955.ENSDARP00000104399	1305	181
1486019	7955.ENSDARP00000051183	40.8	4
1488804	7955.ENSDARP00000067896	2647	151
1484960	7955.ENSDARP00000039656	219	34
1492627	7955.ENSDARP00000089814	1.16	2
1494714	7955.ENSDARP00000098182	1170	78
1499750	7955.ENSDARP00000108556	110	7
1490194	7955.ENSDARP00000074872	349	14
1483445	7955.ENSDARP00000021993	85.7	3
1483772	7955.ENSDARP00000024817	5.68	2
1482917	7955.ENSDARP00000016755	67.8	2
1497114	7955.ENSDARP00000103794	2129	250
1488163	7955.ENSDARP00000064203	123	8
1483061	7955.ENSDARP00000017908	26.8	2
1486352	7955.ENSDARP00000053303	1514	448
1500847	7955.ENSDARP00000110484	164	9
1494007	7955.ENSDARP00000095652	112	62
1484609	7955.ENSDARP00000035109	28.4	2
1504448	7955.ENSDARP00000118774	1069	207
1495591	7955.ENSDARP00000100208	77.5	13
1496857	7955.ENSDARP00000103201	102	3
1485889	7955.ENSDARP00000049792	1100	69
1484198	7955.ENSDARP00000029477	4.01	3
1481674	7955.ENSDARP00000005224	127	82
1481433	7955.ENSDARP00000003038	117	17
1504780	7955.ENSDARP00000119683	373	2
1486179	7955.ENSDARP00000052324	103	7
1500139	7955.ENSDARP00000109253	0.05	1
1489903	7955.ENSDARP00000073455	95.8	5
1499185	7955.ENSDARP00000107585	1465	525
1482999	7955.ENSDARP00000017456	2409	207
1485277	7955.ENSDARP00000043111	1.21	1
1488177	7955.ENSDARP00000064310	488	7
1482352	7955.ENSDARP00000011459	4.02	1
1496867	7955.ENSDARP00000103236	1503	5
1501744	7955.ENSDARP00000112030	4.64	1
1485989	7955.ENSDARP00000050915	8.56	2
1496473	7955.ENSDARP00000102304	17.3	1
1491405	7955.ENSDARP00000082327	1465	525
1496484	7955.ENSDARP00000102325	0.049	1
1485967	7955.ENSDARP00000050670	415	29
1485937	7955.ENSDARP00000050331	111	11
1488194	7955.ENSDARP00000064399	680	70
1483873	7955.ENSDARP00000025779	95.8	7
1498074	7955.ENSDARP00000105632	205	29
1500141	7955.ENSDARP00000109257	1465	525
1488762	7955.ENSDARP00000067688	0.45	1
1484518	7955.ENSDARP00000033828	80.6	4
1496165	7955.ENSDARP00000101565	332	19
1487120	7955.ENSDARP00000058066	1984	33
1495119	7955.ENSDARP00000099084	61.9	9
1507313	7955.ENSDARP00000126276	5.55	1
1496585	7955.ENSDARP00000102557	39.7	2
1491491	7955.ENSDARP00000082917	26.4	22
1483829	7955.ENSDARP00000025466	264	16
1494071	7955.ENSDARP00000095998	1485	20
1487243	7955.ENSDARP00000058736	752	15
1481495	7955.ENSDARP00000003468	120	12
1487173	7955.ENSDARP00000058402	181	13
1505722	7955.ENSDARP00000122094	62.9	5
1487475	7955.ENSDARP00000060156	233	18
1481347	7955.ENSDARP00000002234	111	11
1484305	7955.ENSDARP00000031042	47.9	56
1498325	7955.ENSDARP00000106067	1151	75
1485031	7955.ENSDARP00000040421	7880	260
1503458	7955.ENSDARP00000116247	0.175	3
1486792	7955.ENSDARP00000056045	29.4	2
1503905	7955.ENSDARP00000117422	108	3
1499394	7955.ENSDARP00000107946	1465	525
1483666	7955.ENSDARP00000023829	97.7	4
1498977	7955.ENSDARP00000107234	1305	181
1506381	7955.ENSDARP00000123814	8.73	2
1506979	7955.ENSDARP00000125473	0.035	1
1506324	7955.ENSDARP00000123652	161	12
1489708	7955.ENSDARP00000072597	444	128
1500153	7955.ENSDARP00000109278	33.0	4
1492228	7955.ENSDARP00000088025	61.9	3
1482824	7955.ENSDARP00000015884	140	2
1506946	7955.ENSDARP00000125410	0.036	1
1485934	7955.ENSDARP00000050295	71.9	1
1484067	7955.ENSDARP00000027695	37.9	2
1485195	7955.ENSDARP00000042199	321	37
1504996	7955.ENSDARP00000120213	113	19
1489219	7955.ENSDARP00000070002	78.0	6
1495618	7955.ENSDARP00000100272	25.8	1
1504939	7955.ENSDARP00000120086	0.036	1
1485933	7955.ENSDARP00000050270	296	22
1503677	7955.ENSDARP00000116832	0.191	3
1499876	7955.ENSDARP00000108798	81.8	4
1489234	7955.ENSDARP00000070066	124	4
1498626	7955.ENSDARP00000106579	9.44	1
1486026	7955.ENSDARP00000051230	32.1	7
1484026	7955.ENSDARP00000027276	170	10
1502547	7955.ENSDARP00000113895	0.033	1
1497089	7955.ENSDARP00000103730	1.02	1
1493049	7955.ENSDARP00000091733	20.9	5
1489416	7955.ENSDARP00000071046	157	16
1497178	7955.ENSDARP00000103937	687	313
1501416	7955.ENSDARP00000111451	93.8	10
1487227	7955.ENSDARP00000058679	157	8
1502450	7955.ENSDARP00000113622	9.53	1
1491702	7955.ENSDARP00000084443	8.22	1
1486122	7955.ENSDARP00000051889	95.3	8
1497750	7955.ENSDARP00000105055	0.041	1
1503601	7955.ENSDARP00000116630	4.98	1
1502421	7955.ENSDARP00000113541	775	313
1502821	7955.ENSDARP00000114580	0.093	1
1493901	7955.ENSDARP00000095265	53.2	7
1501748	7955.ENSDARP00000112034	1465	525
1486429	7955.ENSDARP00000053793	248	3
1493987	7955.ENSDARP00000095570	77.4	2
1504482	7955.ENSDARP00000118870	318	8
1484171	7955.ENSDARP00000029090	23.2	7
1481767	7955.ENSDARP00000006047	82.1	8
1483292	7955.ENSDARP00000020280	512	11
1481529	7955.ENSDARP00000003744	186	16
1498891	7955.ENSDARP00000107078	22.7	2
1502070	7955.ENSDARP00000112604	0.216	3
1486139	7955.ENSDARP00000052053	3.81	2
1492366	7955.ENSDARP00000088599	10.8	1
1496481	7955.ENSDARP00000102321	7.25	1
1505513	7955.ENSDARP00000121565	0.034	1
1494171	7955.ENSDARP00000096421	149	5
1497214	7955.ENSDARP00000104033	0.807	2
1485307	7955.ENSDARP00000043402	29.0	1
1485028	7955.ENSDARP00000040404	280	35
1506693	7955.ENSDARP00000124868	24.8	4
1504357	7955.ENSDARP00000118564	0.083	1
1494722	7955.ENSDARP00000098194	172	5
1484546	7955.ENSDARP00000034252	1630	50
1483525	7955.ENSDARP00000022595	85.2	3
1493667	7955.ENSDARP00000094283	7.79	1
1484892	7955.ENSDARP00000038799	467	8
1498863	7955.ENSDARP00000107028	1465	525
1482298	7955.ENSDARP00000011083	97.4	7
1495626	7955.ENSDARP00000100290	2.97	2
1498924	7955.ENSDARP00000107144	294	5
1492891	7955.ENSDARP00000090968	6.64	1
1482976	7955.ENSDARP00000017246	1444	109
1501715	7955.ENSDARP00000111973	775	313
1492683	7955.ENSDARP00000090100	108	3
1502238	7955.ENSDARP00000113059	0.185	3
1484595	7955.ENSDARP00000034945	15.1	1
1501476	7955.ENSDARP00000111561	55.2	6
1501783	7955.ENSDARP00000112092	775	313
1494922	7955.ENSDARP00000098664	50.1	2
1504002	7955.ENSDARP00000117673	966	37
1498381	7955.ENSDARP00000106164	170	69
1488283	7955.ENSDARP00000064973	2032	79
1504281	7955.ENSDARP00000118370	78.9	2
1504340	7955.ENSDARP00000118519	0.031	1
1495900	7955.ENSDARP00000100954	74.5	5
1500429	7955.ENSDARP00000109765	119	3
1504029	7955.ENSDARP00000117752	2.8	1
1497414	7955.ENSDARP00000104468	1069	207
1482567	7955.ENSDARP00000013280	10.4	1
1490075	7955.ENSDARP00000074169	1786	35
1493339	7955.ENSDARP00000092924	1.1	1
1500729	7955.ENSDARP00000110296	62.2	2
1488718	7955.ENSDARP00000067511	154	5
1485917	7955.ENSDARP00000050129	18.7	1
1507155	7955.ENSDARP00000125872	6.61	2
1481949	7955.ENSDARP00000007735	49.5	4
1497667	7955.ENSDARP00000104918	1305	181
1503316	7955.ENSDARP00000115888	612	34
1486312	7955.ENSDARP00000053076	21603	397
1483280	7955.ENSDARP00000020181	14.8	2
1488711	7955.ENSDARP00000067447	101	4
1486251	7955.ENSDARP00000052655	20.5	1
1495356	7955.ENSDARP00000099639	291	44
1501200	7955.ENSDARP00000111083	39.8	3
1495916	7955.ENSDARP00000100979	160	70
1489246	7955.ENSDARP00000070114	53.7	2
1500560	7955.ENSDARP00000109993	12.6	3
1496068	7955.ENSDARP00000101311	1465	525
1492125	7955.ENSDARP00000087500	391	10
1487075	7955.ENSDARP00000057787	570	313
1505344	7955.ENSDARP00000121147	287	33
1482896	7955.ENSDARP00000016540	112	21
1498021	7955.ENSDARP00000105545	0.185	3
1493321	7955.ENSDARP00000092817	0.213	3
1503461	7955.ENSDARP00000116252	0.029	1
1502981	7955.ENSDARP00000115012	1848	1202
1487088	7955.ENSDARP00000057866	46.0	2
1505674	7955.ENSDARP00000121973	242	7
1482477	7955.ENSDARP00000012500	11.2	1
1488244	7955.ENSDARP00000064708	160	9
1482419	7955.ENSDARP00000012048	541	63
1482357	7955.ENSDARP00000011510	2.14	1
1486677	7955.ENSDARP00000055379	806	342
1503413	7955.ENSDARP00000116138	438	33
1493262	7955.ENSDARP00000092565	118	14
1503822	7955.ENSDARP00000117208	15.6	3
1492442	7955.ENSDARP00000089001	233	7
1483364	7955.ENSDARP00000021064	69.8	9
1487275	7955.ENSDARP00000058944	1064	31
1498102	7955.ENSDARP00000105678	2101	258
1502832	7955.ENSDARP00000114613	0.18	3
1494425	7955.ENSDARP00000097494	265	7
1488779	7955.ENSDARP00000067802	2460	97
1498333	7955.ENSDARP00000106080	179	8
1482977	7955.ENSDARP00000017257	283	16
1505053	7955.ENSDARP00000120344	2491	149
1485533	7955.ENSDARP00000045815	124	16
1500501	7955.ENSDARP00000109894	527	11
1486553	7955.ENSDARP00000054618	112	7
1487936	7955.ENSDARP00000062982	687	19
1497222	7955.ENSDARP00000104051	14.2	1
1482512	7955.ENSDARP00000012767	482	99
1495497	7955.ENSDARP00000099985	8.62	2
1486345	7955.ENSDARP00000053266	33.0	1
1485137	7955.ENSDARP00000041589	45.5	2
1505231	7955.ENSDARP00000120827	1.55	1
1484745	7955.ENSDARP00000037025	640	27
1499478	7955.ENSDARP00000108108	198	8
1487478	7955.ENSDARP00000060165	497	33
1484618	7955.ENSDARP00000035273	376	5
1494820	7955.ENSDARP00000098432	775	313
1496128	7955.ENSDARP00000101467	1465	525
1482568	7955.ENSDARP00000013286	46.9	10
1491307	7955.ENSDARP00000081582	4.41	1
1493065	7955.ENSDARP00000091811	50.1	1
1485789	7955.ENSDARP00000048675	33.8	2
1492374	7955.ENSDARP00000088646	613	51
1488473	7955.ENSDARP00000066176	945	278
1485832	7955.ENSDARP00000049134	842	60
1490831	7955.ENSDARP00000078125	75.4	3
1494491	7955.ENSDARP00000097640	17.7	1
1481292	7955.ENSDARP00000000803	129	84
1489822	7955.ENSDARP00000073057	1051	54
1496262	7955.ENSDARP00000101802	35.0	3
1492762	7955.ENSDARP00000090434	2705	160
1484163	7955.ENSDARP00000028970	761	60
1489801	7955.ENSDARP00000072971	493	23
1488816	7955.ENSDARP00000067943	680	70
1507343	7955.ENSDARP00000126357	0.037	1
1485619	7955.ENSDARP00000046791	0.371	1
1488625	7955.ENSDARP00000067039	545	26
1490230	7955.ENSDARP00000075074	650	13
1481706	7955.ENSDARP00000005448	302	23
1481525	7955.ENSDARP00000003705	313	12
1484335	7955.ENSDARP00000031559	44.1	1
1488358	7955.ENSDARP00000065396	40.9	1
1483861	7955.ENSDARP00000025702	2711	294
1489917	7955.ENSDARP00000073498	11.9	2
1487997	7955.ENSDARP00000063256	16.3	2
1482948	7955.ENSDARP00000016957	930	8
1486770	7955.ENSDARP00000055912	775	313
1504446	7955.ENSDARP00000118762	0.275	2
1490412	7955.ENSDARP00000075883	18.4	1
1500179	7955.ENSDARP00000109323	0.036	1
1497293	7955.ENSDARP00000104196	67.4	6
1489727	7955.ENSDARP00000072678	1536	1027
1482344	7955.ENSDARP00000011398	212	11
1489339	7955.ENSDARP00000070561	555	37
1481826	7955.ENSDARP00000006624	1322	16
1503898	7955.ENSDARP00000117403	0.152	3
1483265	7955.ENSDARP00000020027	333	12
1501074	7955.ENSDARP00000110873	7.93	1
1486838	7955.ENSDARP00000056318	1167	12
1505894	7955.ENSDARP00000122502	1.7	9
1490660	7955.ENSDARP00000076902	910	34
1501892	7955.ENSDARP00000112276	0.183	3
1496724	7955.ENSDARP00000102905	4.94	1
1507218	7955.ENSDARP00000126028	277	4
1483956	7955.ENSDARP00000026625	176	12
1502550	7955.ENSDARP00000113905	274	35
1507056	7955.ENSDARP00000125625	126	7
1493702	7955.ENSDARP00000094415	24.2	1
1507046	7955.ENSDARP00000125611	0.036	1
1490291	7955.ENSDARP00000075348	58.2	7
1498841	7955.ENSDARP00000106981	70.1	27
1503247	7955.ENSDARP00000115706	132	4
1482489	7955.ENSDARP00000012585	318	21
1484821	7955.ENSDARP00000037906	21.5	1
1489085	7955.ENSDARP00000069260	0.394	1
1484636	7955.ENSDARP00000035494	11.4	1
1483899	7955.ENSDARP00000026065	268	59
1503532	7955.ENSDARP00000116441	85.3	5
1502206	7955.ENSDARP00000112983	41.9	4
1487971	7955.ENSDARP00000063107	4.93	2
1493216	7955.ENSDARP00000092389	0.035	1
1481725	7955.ENSDARP00000005640	1.87	1
1489378	7955.ENSDARP00000070803	209	3
1482223	7955.ENSDARP00000010413	155	91
1502919	7955.ENSDARP00000114843	0.031	1
1499258	7955.ENSDARP00000107713	19.8	2
1487312	7955.ENSDARP00000059181	1.39	1
1484367	7955.ENSDARP00000032005	6.39	2
1488617	7955.ENSDARP00000067004	8.28	1
1505117	7955.ENSDARP00000120506	150	7
1499837	7955.ENSDARP00000108718	5.29	1
1501909	7955.ENSDARP00000112301	1305	181
1487807	7955.ENSDARP00000062323	1418	160
1489938	7955.ENSDARP00000073610	33.9	1
1486590	7955.ENSDARP00000054848	375	41
1494335	7955.ENSDARP00000097050	159	62
1498733	7955.ENSDARP00000106783	0.802	1
1501794	7955.ENSDARP00000112105	0.035	1
1485804	7955.ENSDARP00000048827	29.9	9
1493653	7955.ENSDARP00000094243	238	37
1502985	7955.ENSDARP00000115020	0.147	2
1505360	7955.ENSDARP00000121180	37.8	4
1498170	7955.ENSDARP00000105799	82.9	13
1481359	7955.ENSDARP00000002360	14.4	2
1482617	7955.ENSDARP00000013803	300	20
1490585	7955.ENSDARP00000076580	98.5	15
1489730	7955.ENSDARP00000072687	1677	1203
1507050	7955.ENSDARP00000125615	0.204	3
1495710	7955.ENSDARP00000100467	0.158	1
1482121	7955.ENSDARP00000009432	175	4
1500575	7955.ENSDARP00000110020	0.113	2
1500248	7955.ENSDARP00000109451	1.48	2
1498431	7955.ENSDARP00000106246	26.2	1
1482563	7955.ENSDARP00000013244	98.5	15
1481379	7955.ENSDARP00000002532	85.2	3
1483512	7955.ENSDARP00000022528	77.1	1
1501845	7955.ENSDARP00000112194	147	6
1481335	7955.ENSDARP00000002122	392	18
1489321	7955.ENSDARP00000070488	102	8
1489489	7955.ENSDARP00000071587	108	4
1482308	7955.ENSDARP00000011148	1904	34
1488985	7955.ENSDARP00000068783	48.5	4
1484531	7955.ENSDARP00000034077	1243	178
1482678	7955.ENSDARP00000014456	608	21
1495144	7955.ENSDARP00000099156	218	4
1493851	7955.ENSDARP00000095074	405	29
1500089	7955.ENSDARP00000109185	775	13
1502534	7955.ENSDARP00000113864	0.148	3
1483287	7955.ENSDARP00000020214	17.8	4
1490676	7955.ENSDARP00000076957	14.6	1
1503059	7955.ENSDARP00000115235	0.033	1
1486294	7955.ENSDARP00000052921	57.6	3
1495701	7955.ENSDARP00000100443	248	10
1499522	7955.ENSDARP00000108182	22.3	1
1497474	7955.ENSDARP00000104575	166	14
1503614	7955.ENSDARP00000116663	0.214	3
1495770	7955.ENSDARP00000100627	46.2	4
1482063	7955.ENSDARP00000008834	14.5	2
1503953	7955.ENSDARP00000117551	3.04	1
1485886	7955.ENSDARP00000049719	0.862	1
1493538	7955.ENSDARP00000093801	577	313
1483171	7955.ENSDARP00000019087	26.7	3
1486369	7955.ENSDARP00000053398	100.0	3
1497929	7955.ENSDARP00000105375	10.8	3
1497876	7955.ENSDARP00000105290	1305	181
1487629	7955.ENSDARP00000061057	95.9	50
1495068	7955.ENSDARP00000098985	0.152	2
1506528	7955.ENSDARP00000124283	10.2	4
1485177	7955.ENSDARP00000041959	679	58
1492804	7955.ENSDARP00000090576	567	18
1489777	7955.ENSDARP00000072874	1923	64
1485269	7955.ENSDARP00000043001	162	10
1490011	7955.ENSDARP00000073908	205	4
1492789	7955.ENSDARP00000090533	0.258	3
1506401	7955.ENSDARP00000123888	0.555	1
1506769	7955.ENSDARP00000125089	1.7	9
1483585	7955.ENSDARP00000023177	2210	46
1506054	7955.ENSDARP00000122934	204	6
1505883	7955.ENSDARP00000122475	39.0	5
1484600	7955.ENSDARP00000035027	82.8	10
1501354	7955.ENSDARP00000111326	15.6	34
1497682	7955.ENSDARP00000104943	0.04	1
1481283	7955.ENSDARP00000000382	0.8	1
1484545	7955.ENSDARP00000034228	7.65	3
1506959	7955.ENSDARP00000125435	0.041	1
1495214	7955.ENSDARP00000099321	2647	151
1488594	7955.ENSDARP00000066929	662	19
1493559	7955.ENSDARP00000093898	1714	84
1490257	7955.ENSDARP00000075204	519	34
1499775	7955.ENSDARP00000108601	140	7
1503738	7955.ENSDARP00000116988	0.17	3
1492578	7955.ENSDARP00000089645	392	48
1487219	7955.ENSDARP00000058628	1141	528
1493245	7955.ENSDARP00000092488	51370	1757
1498177	7955.ENSDARP00000105809	165	16
1484355	7955.ENSDARP00000031794	64.8	1
1482185	7955.ENSDARP00000010055	2511	52
1494498	7955.ENSDARP00000097665	2101	258
1486800	7955.ENSDARP00000056094	2231	37
1483371	7955.ENSDARP00000021124	18.1	5
1491162	7955.ENSDARP00000080576	4.78	1
1502622	7955.ENSDARP00000114072	756	3
1500446	7955.ENSDARP00000109800	3.18	2
1505233	7955.ENSDARP00000120830	0.039	1
1494226	7955.ENSDARP00000096596	110	2
1491153	7955.ENSDARP00000080453	23.2	2
1483725	7955.ENSDARP00000024354	11.3	1
1500558	7955.ENSDARP00000109989	0.031	1
1484529	7955.ENSDARP00000034052	27.1	1
1502643	7955.ENSDARP00000114134	19.0	1
1483974	7955.ENSDARP00000026816	4.94	7
1493196	7955.ENSDARP00000092307	82.8	10
1485374	7955.ENSDARP00000044084	2.69	2
1481657	7955.ENSDARP00000005085	4.95	1
1483505	7955.ENSDARP00000022486	277	10
1506274	7955.ENSDARP00000123530	257	15
1490651	7955.ENSDARP00000076883	102	4
1483783	7955.ENSDARP00000024981	2296	100
1497081	7955.ENSDARP00000103712	0.697	2
1500174	7955.ENSDARP00000109315	720	313
1488863	7955.ENSDARP00000068144	49.0	14
1504592	7955.ENSDARP00000119169	13.4	1
1503644	7955.ENSDARP00000116739	775	313
1502354	7955.ENSDARP00000113371	29.2	1
1505251	7955.ENSDARP00000120878	36.3	1
1496631	7955.ENSDARP00000102675	3.2	1
1490056	7955.ENSDARP00000074107	42.7	5
1481894	7955.ENSDARP00000007240	85.2	9
1502024	7955.ENSDARP00000112496	783	52
1494104	7955.ENSDARP00000096178	357	7
1492758	7955.ENSDARP00000090402	27.8	2
1502325	7955.ENSDARP00000113290	0.109	1
1483236	7955.ENSDARP00000019813	125	3
1504607	7955.ENSDARP00000119201	66.7	8
1494265	7955.ENSDARP00000096763	0.663	2
1497897	7955.ENSDARP00000105328	359	7
1481754	7955.ENSDARP00000005930	76.5	4
1483761	7955.ENSDARP00000024694	19.5	2
1505014	7955.ENSDARP00000120260	631	11
1485045	7955.ENSDARP00000040554	0.529	1
1482615	7955.ENSDARP00000013777	892	24
1493536	7955.ENSDARP00000093791	775	313
1486197	7955.ENSDARP00000052382	739	20
1506664	7955.ENSDARP00000124757	0.034	1
1500107	7955.ENSDARP00000109208	0.038	1
1498719	7955.ENSDARP00000106753	0.036	1
1489851	7955.ENSDARP00000073195	120	62
1484727	7955.ENSDARP00000036825	10.1	1
1497842	7955.ENSDARP00000105230	279	25
1503263	7955.ENSDARP00000115752	0.145	3
1485551	7955.ENSDARP00000045990	14.3	1
1499046	7955.ENSDARP00000107353	9.67	1
1504132	7955.ENSDARP00000117985	1644	76
1481407	7955.ENSDARP00000002825	91.2	14
1503773	7955.ENSDARP00000117066	90.8	11
1491769	7955.ENSDARP00000084961	151	11
1489228	7955.ENSDARP00000070035	56.5	2
1486610	7955.ENSDARP00000054986	7493	965
1503339	7955.ENSDARP00000115939	0.162	3
1506330	7955.ENSDARP00000123666	0.195	3
1482083	7955.ENSDARP00000009096	2635	52
1503376	7955.ENSDARP00000116043	3.47	1
1499178	7955.ENSDARP00000107576	649	29
1483017	7955.ENSDARP00000017597	47.1	1
1494124	7955.ENSDARP00000096262	290	15
1483145	7955.ENSDARP00000018819	172	11
1483390	7955.ENSDARP00000021338	34.1	2
1486503	7955.ENSDARP00000054289	230	13
1505930	7955.ENSDARP00000122587	0.038	1
1483712	7955.ENSDARP00000024272	6.57	4
1503260	7955.ENSDARP00000115747	0.032	1
1506009	7955.ENSDARP00000122822	0.157	3
1506281	7955.ENSDARP00000123538	72.7	4
1485065	7955.ENSDARP00000040787	49.8	6
1485087	7955.ENSDARP00000041087	198	8
1503927	7955.ENSDARP00000117486	0.035	1
1497990	7955.ENSDARP00000105496	1465	525
1490237	7955.ENSDARP00000075110	1196	534
1482739	7955.ENSDARP00000015065	173	9
1484017	7955.ENSDARP00000027139	393	18
1487956	7955.ENSDARP00000063057	1.19	1
1484291	7955.ENSDARP00000030881	636	81
1483987	7955.ENSDARP00000026895	18.7	1
1485394	7955.ENSDARP00000044313	6.94	1
1505477	7955.ENSDARP00000121484	1.69	9
1486104	7955.ENSDARP00000051762	1768	49
1486041	7955.ENSDARP00000051359	15.1	28
1492916	7955.ENSDARP00000091083	18.5	1
1498163	7955.ENSDARP00000105782	131	9
1506097	7955.ENSDARP00000123049	0.033	1
1498751	7955.ENSDARP00000106813	48.0	1
1501061	7955.ENSDARP00000110851	633	310
1482107	7955.ENSDARP00000009285	18.2	1
1498819	7955.ENSDARP00000106947	373	17
1503893	7955.ENSDARP00000117394	17.7	8
1504967	7955.ENSDARP00000120142	43.1	1
1486371	7955.ENSDARP00000053404	57.5	1
1494959	7955.ENSDARP00000098745	14.5	2
1488531	7955.ENSDARP00000066500	5.63	1
1499852	7955.ENSDARP00000108749	0.052	1
1507003	7955.ENSDARP00000125526	0.031	1
1504074	7955.ENSDARP00000117864	747	7
1493229	7955.ENSDARP00000092429	25.2	3
1485966	7955.ENSDARP00000050657	194	13
1501124	7955.ENSDARP00000110951	7.23	3
1499937	7955.ENSDARP00000108912	233	7
1481983	7955.ENSDARP00000008048	7.73	1
1484316	7955.ENSDARP00000031210	7.07	1
1484314	7955.ENSDARP00000031181	140	2
1483327	7955.ENSDARP00000020667	62.9	3
1493898	7955.ENSDARP00000095260	16.6	1
1503265	7955.ENSDARP00000115754	18.4	1
1506917	7955.ENSDARP00000125358	0.039	1
1497192	7955.ENSDARP00000103977	7.01	1
1493583	7955.ENSDARP00000093966	130	22
1499191	7955.ENSDARP00000107596	29.7	1
1500012	7955.ENSDARP00000109044	1465	525
1491975	7955.ENSDARP00000086515	209	5
1483429	7955.ENSDARP00000021850	212	6
1486140	7955.ENSDARP00000052060	113	5
1487718	7955.ENSDARP00000061692	359	22
1505456	7955.ENSDARP00000121437	510	18
1483013	7955.ENSDARP00000017569	2642	128
1483669	7955.ENSDARP00000023867	43.2	1
1485426	7955.ENSDARP00000044682	133	8
1482900	7955.ENSDARP00000016602	99.9	3
1485371	7955.ENSDARP00000044056	10.6	2
1490192	7955.ENSDARP00000074862	213	10
1488800	7955.ENSDARP00000067891	1305	181
1484270	7955.ENSDARP00000030555	112	12
1484369	7955.ENSDARP00000032037	97.2	2
1503491	7955.ENSDARP00000116332	661	15
1506819	7955.ENSDARP00000125177	0.034	1
1482034	7955.ENSDARP00000008513	366	37
1498937	7955.ENSDARP00000107173	127	3
1486742	7955.ENSDARP00000055741	18.1	5
1497543	7955.ENSDARP00000104687	19.5	1
1494179	7955.ENSDARP00000096443	107	9
1492756	7955.ENSDARP00000090396	12.9	3
1483851	7955.ENSDARP00000025613	1745	63
1487458	7955.ENSDARP00000060055	800	39
1482985	7955.ENSDARP00000017331	331	2
1500238	7955.ENSDARP00000109429	3.89	1
1497480	7955.ENSDARP00000104583	0.036	1
1505166	7955.ENSDARP00000120649	97.4	11
1494918	7955.ENSDARP00000098660	5.48	2
1497963	7955.ENSDARP00000105444	4.95	2
1484060	7955.ENSDARP00000027643	183	14
1498828	7955.ENSDARP00000106960	4.78	1
1486459	7955.ENSDARP00000053962	107	8
1498714	7955.ENSDARP00000106738	44.2	2
1495400	7955.ENSDARP00000099737	136	2
1505484	7955.ENSDARP00000121495	113	4
1481544	7955.ENSDARP00000003850	87.9	3
1494890	7955.ENSDARP00000098596	1.32	1
1487229	7955.ENSDARP00000058691	57.4	1
1496685	7955.ENSDARP00000102802	293	21
1481987	7955.ENSDARP00000008085	261	9
1506217	7955.ENSDARP00000123388	0.146	3
1505425	7955.ENSDARP00000121344	0.607	1
1498658	7955.ENSDARP00000106634	1465	525
1486830	7955.ENSDARP00000056279	6.09	4
1499233	7955.ENSDARP00000107677	350	7
1500773	7955.ENSDARP00000110363	6.04	1
1506574	7955.ENSDARP00000124424	3556	155
1482879	7955.ENSDARP00000016314	111	4
1504857	7955.ENSDARP00000119878	7.2	1
1489546	7955.ENSDARP00000071885	133	5
1500476	7955.ENSDARP00000109853	1.9	1
1486333	7955.ENSDARP00000053188	153	3
1487856	7955.ENSDARP00000062555	358	6
1485042	7955.ENSDARP00000040537	11.4	2
1488498	7955.ENSDARP00000066358	6.8	1
1492723	7955.ENSDARP00000090249	184	32
1502495	7955.ENSDARP00000113739	51.4	4
1495169	7955.ENSDARP00000099216	200	22
1498815	7955.ENSDARP00000106941	6.57	1
1506004	7955.ENSDARP00000122802	1640	186
1498911	7955.ENSDARP00000107122	852	365
1497657	7955.ENSDARP00000104899	1.13	2
1505485	7955.ENSDARP00000121497	61.3	4
1482952	7955.ENSDARP00000016984	58.8	6
1494493	7955.ENSDARP00000097644	782	24
1498905	7955.ENSDARP00000107110	2067	150
1502191	7955.ENSDARP00000112949	0.037	1
1483904	7955.ENSDARP00000026092	122	4
1507023	7955.ENSDARP00000125563	0.04	1
1504260	7955.ENSDARP00000118312	0.082	1
1503884	7955.ENSDARP00000117380	0.27	3
1487980	7955.ENSDARP00000063146	6.19	4
1498782	7955.ENSDARP00000106877	1305	181
1490142	7955.ENSDARP00000074570	15.8	2
1504919	7955.ENSDARP00000120039	0.539	1
1481524	7955.ENSDARP00000003700	645	16
1489641	7955.ENSDARP00000072337	10.3	6
1484139	7955.ENSDARP00000028641	20.6	1
1497925	7955.ENSDARP00000105368	98.5	15
1483583	7955.ENSDARP00000023158	14.3	2
1482901	7955.ENSDARP00000016622	17.8	5
1505141	7955.ENSDARP00000120580	139	2
1497438	7955.ENSDARP00000104505	0.037	1
1490454	7955.ENSDARP00000076087	189	2
1499184	7955.ENSDARP00000107584	17.0	1
1498986	7955.ENSDARP00000107250	16.1	3
1496963	7955.ENSDARP00000103447	0.189	3
1482774	7955.ENSDARP00000015404	21.4	2
1485287	7955.ENSDARP00000043172	6433	72
1504169	7955.ENSDARP00000118068	15.0	11
1495034	7955.ENSDARP00000098912	0.159	3
1496821	7955.ENSDARP00000103118	115	9
1499049	7955.ENSDARP00000107359	153	7
1498142	7955.ENSDARP00000105746	775	313
1481929	7955.ENSDARP00000007588	316	13
1488079	7955.ENSDARP00000063778	82.6	7
1503551	7955.ENSDARP00000116496	2983	151
1497879	7955.ENSDARP00000105296	852	34
1484867	7955.ENSDARP00000038550	7.92	1
1501718	7955.ENSDARP00000111977	55.2	2
1493508	7955.ENSDARP00000093667	16.0	2
1488054	7955.ENSDARP00000063641	14.2	2
1490111	7955.ENSDARP00000074422	361	20
1483990	7955.ENSDARP00000026919	14.0	1
1494752	7955.ENSDARP00000098276	0.212	3
1485586	7955.ENSDARP00000046430	105	8
1501533	7955.ENSDARP00000111661	2.61	1
1495955	7955.ENSDARP00000101055	270	17
1502129	7955.ENSDARP00000112803	0.221	3
1482221	7955.ENSDARP00000010393	82.8	10
1495324	7955.ENSDARP00000099570	115	16
1484910	7955.ENSDARP00000038975	30.0	1
1493355	7955.ENSDARP00000093027	309	102
1483592	7955.ENSDARP00000023241	6.02	1
1504261	7955.ENSDARP00000118321	0.355	2
1500451	7955.ENSDARP00000109807	990	384
1485301	7955.ENSDARP00000043311	399	11
1492687	7955.ENSDARP00000090113	10.8	1
1485420	7955.ENSDARP00000044625	148	3
1504613	7955.ENSDARP00000119219	0.031	1
1496624	7955.ENSDARP00000102663	7.95	1
1495585	7955.ENSDARP00000100195	2283	601
1506468	7955.ENSDARP00000124107	58.3	5
1483156	7955.ENSDARP00000018923	175	24
1503612	7955.ENSDARP00000116659	42.5	1
1492507	7955.ENSDARP00000089271	30.7	3
1496830	7955.ENSDARP00000103150	24.6	2
1492416	7955.ENSDARP00000088868	1.71	1
1496102	7955.ENSDARP00000101406	97.0	3
1498770	7955.ENSDARP00000106853	23.4	3
1488503	7955.ENSDARP00000066372	223	9
1495706	7955.ENSDARP00000100461	563	21
1485929	7955.ENSDARP00000050237	2592	1491
1484607	7955.ENSDARP00000035106	16.2	2
1485478	7955.ENSDARP00000045252	225	12
1483841	7955.ENSDARP00000025539	103	9
1482971	7955.ENSDARP00000017217	214	9
1503504	7955.ENSDARP00000116372	1.69	9
1496186	7955.ENSDARP00000101616	7.08	1
1488310	7955.ENSDARP00000065135	48.9	3
1483065	7955.ENSDARP00000017950	96.7	1
1502379	7955.ENSDARP00000113434	0.194	3
1506867	7955.ENSDARP00000125260	0.034	1
1488894	7955.ENSDARP00000068317	3.22	2
1500403	7955.ENSDARP00000109720	105	10
1502766	7955.ENSDARP00000114437	1293	414
1487913	7955.ENSDARP00000062851	211	6
1482942	7955.ENSDARP00000016922	2.68	1
1494718	7955.ENSDARP00000098188	19.9	6
1486752	7955.ENSDARP00000055793	343	5
1489651	7955.ENSDARP00000072376	2176	40
1486712	7955.ENSDARP00000055576	997	54
1483241	7955.ENSDARP00000019826	105	8
1484454	7955.ENSDARP00000033180	125	62
1484065	7955.ENSDARP00000027672	251	6
1499446	7955.ENSDARP00000108050	2.73	1
1485090	7955.ENSDARP00000041141	2732	799
1503195	7955.ENSDARP00000115570	0.05	1
1507133	7955.ENSDARP00000125818	22.7	3
1485142	7955.ENSDARP00000041626	104	5
1505124	7955.ENSDARP00000120526	22.5	2
1503205	7955.ENSDARP00000115589	122	6
1497753	7955.ENSDARP00000105059	1465	525
1499818	7955.ENSDARP00000108688	1.72	1
1489715	7955.ENSDARP00000072618	125	4
1483671	7955.ENSDARP00000023877	69.5	5
1503593	7955.ENSDARP00000116604	1727	106
1481596	7955.ENSDARP00000004394	112	66
1497161	7955.ENSDARP00000103895	125	3
1485102	7955.ENSDARP00000041278	1319	419
1493186	7955.ENSDARP00000092253	1.19	1
1486668	7955.ENSDARP00000055323	1198	26
1489105	7955.ENSDARP00000069336	4.51	1
1489128	7955.ENSDARP00000069494	19.1	1
1483354	7955.ENSDARP00000020942	21.4	3
1494304	7955.ENSDARP00000096898	98.1	41
1497017	7955.ENSDARP00000103576	1305	181
1493402	7955.ENSDARP00000093249	179	16
1485542	7955.ENSDARP00000045900	3704	56
1482367	7955.ENSDARP00000011595	43.4	2
1506489	7955.ENSDARP00000124165	54.9	2
1505636	7955.ENSDARP00000121889	2.89	1
1506449	7955.ENSDARP00000124049	0.034	1
1481463	7955.ENSDARP00000003276	24.6	3
1486620	7955.ENSDARP00000055063	28.4	2
1486225	7955.ENSDARP00000052510	131	4
1483902	7955.ENSDARP00000026086	37.9	6
1495936	7955.ENSDARP00000101021	60.0	2
1493857	7955.ENSDARP00000095097	66.4	1
1490634	7955.ENSDARP00000076814	290	1
1481857	7955.ENSDARP00000006888	338	111
1492900	7955.ENSDARP00000091014	160	9
1487642	7955.ENSDARP00000061142	8.69	1
1493274	7955.ENSDARP00000092617	173	9
1499686	7955.ENSDARP00000108448	0.048	1
1500818	7955.ENSDARP00000110437	36.1	1
1485672	7955.ENSDARP00000047268	2491	149
1503586	7955.ENSDARP00000116589	671	26
1504050	7955.ENSDARP00000117812	0.138	3
1506374	7955.ENSDARP00000123794	15.5	1
1499879	7955.ENSDARP00000108805	853	17
1505149	7955.ENSDARP00000120603	0.171	3
1484864	7955.ENSDARP00000038520	212	8
1507428	7955.ENSDARP00000126557	0.035	1
1501877	7955.ENSDARP00000112253	0.042	1
1504986	7955.ENSDARP00000120183	332	9
1485858	7955.ENSDARP00000049374	9.89	3
1494042	7955.ENSDARP00000095870	3.48	2
1481501	7955.ENSDARP00000003519	419	12
1484408	7955.ENSDARP00000032505	103	5
1506127	7955.ENSDARP00000123136	721	16
1496890	7955.ENSDARP00000103300	6740	157
1488902	7955.ENSDARP00000068371	65.0	4
1495964	7955.ENSDARP00000101076	13.9	2
1481670	7955.ENSDARP00000005206	12.9	3
1502614	7955.ENSDARP00000114052	6.16	1
1496439	7955.ENSDARP00000102234	57.6	3
1483321	7955.ENSDARP00000020578	591	36
1482747	7955.ENSDARP00000015132	91.4	4
1481440	7955.ENSDARP00000003107	85.6	6
1503717	7955.ENSDARP00000116933	0.04	1
1493376	7955.ENSDARP00000093124	0.261	1
1497047	7955.ENSDARP00000103634	120	4
1486433	7955.ENSDARP00000053833	174	8
1490360	7955.ENSDARP00000075688	6.4	1
1484527	7955.ENSDARP00000034038	39.0	3
1500032	7955.ENSDARP00000109071	1465	525
1502966	7955.ENSDARP00000114965	0.032	1
1497246	7955.ENSDARP00000104110	266	7
1481318	7955.ENSDARP00000001575	476	62
1491257	7955.ENSDARP00000081295	6.69	2
1482266	7955.ENSDARP00000010862	26.9	6
1502938	7955.ENSDARP00000114891	22.3	2
1502356	7955.ENSDARP00000113373	15.4	11
1484628	7955.ENSDARP00000035387	128	11
1484497	7955.ENSDARP00000033554	8.48	2
1484064	7955.ENSDARP00000027662	864	34
1494528	7955.ENSDARP00000097735	178	2
1482840	7955.ENSDARP00000015985	20.7	6
1494272	7955.ENSDARP00000096798	0.033	1
1482766	7955.ENSDARP00000015328	9214	272
1489095	7955.ENSDARP00000069300	2139	46
1493393	7955.ENSDARP00000093211	68.2	6
1485219	7955.ENSDARP00000042420	22.7	3
1486831	7955.ENSDARP00000056285	242	3
1481928	7955.ENSDARP00000007584	921	25
1505271	7955.ENSDARP00000120922	222	10
1502689	7955.ENSDARP00000114262	0.139	3
1502337	7955.ENSDARP00000113322	0.083	2
1506932	7955.ENSDARP00000125383	0.57	1
1499494	7955.ENSDARP00000108139	39.8	3
1482415	7955.ENSDARP00000012018	26.5	1
1486753	7955.ENSDARP00000055809	326	12
1502961	7955.ENSDARP00000114958	0.031	1
1487353	7955.ENSDARP00000059365	310	31
1485961	7955.ENSDARP00000050602	46.2	1
1488551	7955.ENSDARP00000066664	1.29	1
1493397	7955.ENSDARP00000093236	469	7
1485018	7955.ENSDARP00000040327	738	181
1482543	7955.ENSDARP00000013042	0.576	1
1492188	7955.ENSDARP00000087872	274	2
1489372	7955.ENSDARP00000070780	159	4
1490574	7955.ENSDARP00000076519	107	10
1499323	7955.ENSDARP00000107826	45.6	7
1495314	7955.ENSDARP00000099551	126	3
1490463	7955.ENSDARP00000076104	833	35
1502463	7955.ENSDARP00000113657	237	5
1506689	7955.ENSDARP00000124846	2.5	1
1484759	7955.ENSDARP00000037198	0.583	1
1504786	7955.ENSDARP00000119707	109	7
1492470	7955.ENSDARP00000089105	0.234	3
1486158	7955.ENSDARP00000052125	52.1	3
1484241	7955.ENSDARP00000030050	155	91
1497170	7955.ENSDARP00000103912	445	7
1483766	7955.ENSDARP00000024748	15.0	1
1483722	7955.ENSDARP00000024338	7.39	1
1483743	7955.ENSDARP00000024560	232	19
1484419	7955.ENSDARP00000032688	39.7	5
1487803	7955.ENSDARP00000062277	29.7	1
1499587	7955.ENSDARP00000108289	8.79	5
1482726	7955.ENSDARP00000014978	1313	146
1486497	7955.ENSDARP00000054229	2058	113
1484423	7955.ENSDARP00000032730	42.5	5
1493840	7955.ENSDARP00000095029	183	26
1490774	7955.ENSDARP00000077773	0.04	1
1486396	7955.ENSDARP00000053541	543	11
1496164	7955.ENSDARP00000101564	57.5	3
1495051	7955.ENSDARP00000098953	0.516	2
1483827	7955.ENSDARP00000025441	19.6	1
1481594	7955.ENSDARP00000004352	232	36
1488557	7955.ENSDARP00000066711	41.7	1
1484501	7955.ENSDARP00000033622	121	12
1504259	7955.ENSDARP00000118311	0.173	3
1492288	7955.ENSDARP00000088283	0.212	3
1506982	7955.ENSDARP00000125481	0.036	1
1503611	7955.ENSDARP00000116658	0.034	1
1498542	7955.ENSDARP00000106429	162	3
1493145	7955.ENSDARP00000092066	312	4
1489615	7955.ENSDARP00000072253	125	14
1484169	7955.ENSDARP00000029074	300	26
1489379	7955.ENSDARP00000070807	745	43
1506809	7955.ENSDARP00000125167	0.034	1
1483738	7955.ENSDARP00000024492	169	9
1482688	7955.ENSDARP00000014578	18.8	4
1494967	7955.ENSDARP00000098757	52.9	2
1504326	7955.ENSDARP00000118495	0.041	1
1494858	7955.ENSDARP00000098524	49.1	2
1497907	7955.ENSDARP00000105344	1012	50
1501555	7955.ENSDARP00000111693	0.163	1
1506379	7955.ENSDARP00000123810	0.415	1
1487970	7955.ENSDARP00000063106	3.67	1
1485132	7955.ENSDARP00000041532	211	84
1483802	7955.ENSDARP00000025160	94.6	4
1496859	7955.ENSDARP00000103208	647	313
1486981	7955.ENSDARP00000057261	134	4
1490985	7955.ENSDARP00000079306	35.8	1
1482125	7955.ENSDARP00000009474	28.8	4
1499719	7955.ENSDARP00000108501	0.041	1
1485722	7955.ENSDARP00000047864	0.784	2
1500723	7955.ENSDARP00000110287	0.474	1
1496955	7955.ENSDARP00000103429	0.204	3
1485928	7955.ENSDARP00000050236	775	313
1505464	7955.ENSDARP00000121453	136	2
1493908	7955.ENSDARP00000095292	10.6	1
1484345	7955.ENSDARP00000031690	412	10
1493535	7955.ENSDARP00000093790	2647	151
1488112	7955.ENSDARP00000063949	112	12
1481938	7955.ENSDARP00000007646	36.9	7
1500592	7955.ENSDARP00000110047	23.6	2
1504168	7955.ENSDARP00000118067	0.028	1
1486776	7955.ENSDARP00000055964	35.3	4
1493784	7955.ENSDARP00000094800	217	16
1499928	7955.ENSDARP00000108896	74.6	25
1487850	7955.ENSDARP00000062535	87.0	1
1482763	7955.ENSDARP00000015318	22.7	1
1503647	7955.ENSDARP00000116757	0.033	1
1483634	7955.ENSDARP00000023637	68.3	3
1487323	7955.ENSDARP00000059226	164	5
1499966	7955.ENSDARP00000108965	2046	35
1500101	7955.ENSDARP00000109199	155	91
1484942	7955.ENSDARP00000039324	752	178
1493094	7955.ENSDARP00000091902	284	4
1487089	7955.ENSDARP00000057868	1415	43
1488706	7955.ENSDARP00000067432	214	10
1495726	7955.ENSDARP00000100503	189	11
1492909	7955.ENSDARP00000091059	0.359	1
1485724	7955.ENSDARP00000047901	10.7	2
1503003	7955.ENSDARP00000115072	1.69	9
1490352	7955.ENSDARP00000075658	6181	628
1494289	7955.ENSDARP00000096860	202	14
1506680	7955.ENSDARP00000124804	781	10
1490464	7955.ENSDARP00000076115	3.03	1
1486946	7955.ENSDARP00000056986	49.8	1
1486338	7955.ENSDARP00000053207	1271	17
1482533	7955.ENSDARP00000012950	79.6	2
1483524	7955.ENSDARP00000022592	7460	194
1490632	7955.ENSDARP00000076810	405	23
1486198	7955.ENSDARP00000052384	6.94	2
1483175	7955.ENSDARP00000019103	14.9	4
1499009	7955.ENSDARP00000107286	0.23	3
1482719	7955.ENSDARP00000014921	228	47
1497622	7955.ENSDARP00000104832	0.038	1
1488158	7955.ENSDARP00000064186	51.8	2
1482710	7955.ENSDARP00000014849	3273	86
1506756	7955.ENSDARP00000125059	181	3
1485678	7955.ENSDARP00000047390	1537	34
1488077	7955.ENSDARP00000063773	20.7	6
1497080	7955.ENSDARP00000103705	15.4	2
1495887	7955.ENSDARP00000100903	14.2	2
1505958	7955.ENSDARP00000122669	48.8	7
1501661	7955.ENSDARP00000111877	13.9	2
1485468	7955.ENSDARP00000045149	17.8	2
1485558	7955.ENSDARP00000046065	3.65	2
1482825	7955.ENSDARP00000015887	165	3
1503055	7955.ENSDARP00000115224	87.9	11
1483453	7955.ENSDARP00000022064	132	22
1498155	7955.ENSDARP00000105768	20.0	2
1487508	7955.ENSDARP00000060309	4060	272
1492709	7955.ENSDARP00000090198	5464	128
1489039	7955.ENSDARP00000069043	43.8	1
1481580	7955.ENSDARP00000004202	40.5	1
1495273	7955.ENSDARP00000099464	410	11
1503748	7955.ENSDARP00000117011	0.083	1
1505583	7955.ENSDARP00000121735	10.6	2
1490631	7955.ENSDARP00000076803	16.2	3
1493777	7955.ENSDARP00000094762	88.2	4
1503252	7955.ENSDARP00000115723	64.1	5
1503979	7955.ENSDARP00000117616	0.198	3
1492314	7955.ENSDARP00000088399	13.3	4
1482861	7955.ENSDARP00000016160	5.54	1
1488818	7955.ENSDARP00000067948	775	313
1487132	7955.ENSDARP00000058161	279	25
1499151	7955.ENSDARP00000107538	160	3
1502389	7955.ENSDARP00000113453	26.9	1
1483194	7955.ENSDARP00000019311	22.8	1
1484634	7955.ENSDARP00000035453	160	24
1496951	7955.ENSDARP00000103419	0.041	1
1487148	7955.ENSDARP00000058288	310	7
1487429	7955.ENSDARP00000059885	454	35
1505557	7955.ENSDARP00000121688	186	9
1496342	7955.ENSDARP00000101995	11.6	1
1505266	7955.ENSDARP00000120909	1672	22
1488814	7955.ENSDARP00000067933	960	303
1489208	7955.ENSDARP00000069977	306	4
1501333	7955.ENSDARP00000111292	0.153	3
1483248	7955.ENSDARP00000019888	1392	434
1500250	7955.ENSDARP00000109455	0.038	1
1507274	7955.ENSDARP00000126183	117	3
1482182	7955.ENSDARP00000010013	133	9
1497752	7955.ENSDARP00000105058	475	32
1485900	7955.ENSDARP00000049899	760	23
1496588	7955.ENSDARP00000102562	0.047	1
1501803	7955.ENSDARP00000112123	105	4
1507358	7955.ENSDARP00000126385	0.032	1
1498580	7955.ENSDARP00000106501	24.9	1
1488802	7955.ENSDARP00000067894	680	70
1499250	7955.ENSDARP00000107702	775	313
1504354	7955.ENSDARP00000118555	0.164	3
1501709	7955.ENSDARP00000111963	82.1	12
1490337	7955.ENSDARP00000075601	301	6
1485771	7955.ENSDARP00000048468	7.99	1
1496549	7955.ENSDARP00000102463	27.7	2
1490771	7955.ENSDARP00000077752	3.25	1
1481374	7955.ENSDARP00000002483	213	35
1485637	7955.ENSDARP00000046972	589	25
1487921	7955.ENSDARP00000062897	25.6	2
1496810	7955.ENSDARP00000103087	299	6
1491249	7955.ENSDARP00000081202	0.399	1
1497301	7955.ENSDARP00000104215	7.92	1
1506644	7955.ENSDARP00000124672	269	12
1484357	7955.ENSDARP00000031822	31.1	9
1507303	7955.ENSDARP00000126252	328	16
1506779	7955.ENSDARP00000125117	0.075	1
1502343	7955.ENSDARP00000113335	461	12
1494403	7955.ENSDARP00000097435	104	3
1481409	7955.ENSDARP00000002844	1975	107
1482103	7955.ENSDARP00000009258	1056	63
1481448	7955.ENSDARP00000003163	82.9	3
1482519	7955.ENSDARP00000012808	180	9
1485676	7955.ENSDARP00000047361	47.8	1
1502763	7955.ENSDARP00000114433	0.035	1
1499854	7955.ENSDARP00000108753	0.027	1
1482916	7955.ENSDARP00000016749	64.7	6
1501568	7955.ENSDARP00000111723	118	17
1496483	7955.ENSDARP00000102324	0.059	1
1482855	7955.ENSDARP00000016115	1834	66
1485043	7955.ENSDARP00000040541	9.54	1
1498529	7955.ENSDARP00000106408	4.9	1
1494940	7955.ENSDARP00000098704	60.4	11
1484800	7955.ENSDARP00000037689	25.9	1
1500533	7955.ENSDARP00000109944	27.0	3
1485926	7955.ENSDARP00000050220	31.7	1
1491285	7955.ENSDARP00000081474	73.0	4
1490217	7955.ENSDARP00000074972	18.5	4
1505950	7955.ENSDARP00000122643	1.73	1
1501604	7955.ENSDARP00000111782	370	7
1483619	7955.ENSDARP00000023524	58.4	5
1484685	7955.ENSDARP00000036193	470	33
1503966	7955.ENSDARP00000117582	3.21	4
1503498	7955.ENSDARP00000116346	0.032	1
1484969	7955.ENSDARP00000039795	49.9	3
1481915	7955.ENSDARP00000007446	53.2	2
1499781	7955.ENSDARP00000108614	57.1	85
1503880	7955.ENSDARP00000117370	414	30
1498300	7955.ENSDARP00000106024	109	4
1503277	7955.ENSDARP00000115796	986	9
1507036	7955.ENSDARP00000125585	0.034	1
1488751	7955.ENSDARP00000067634	523	20
1487658	7955.ENSDARP00000061273	3371	31
1482868	7955.ENSDARP00000016228	628	41
1481761	7955.ENSDARP00000006001	15.0	1
1493101	7955.ENSDARP00000091921	88.5	41
1485763	7955.ENSDARP00000048394	84.7	9
1500066	7955.ENSDARP00000109127	0.041	1
1498915	7955.ENSDARP00000107128	0.036	1
1493019	7955.ENSDARP00000091586	1166	14
1483153	7955.ENSDARP00000018877	10.8	1
1486910	7955.ENSDARP00000056766	129	5
1502097	7955.ENSDARP00000112695	58.3	1
1496197	7955.ENSDARP00000101647	0.228	1
1487632	7955.ENSDARP00000061097	60.4	51
1502187	7955.ENSDARP00000112940	12.0	5
1485447	7955.ENSDARP00000045014	46.9	7
1499040	7955.ENSDARP00000107339	1013	32
1493522	7955.ENSDARP00000093734	790	317
1499676	7955.ENSDARP00000108433	84.9	5
1487782	7955.ENSDARP00000062142	238	37
1493303	7955.ENSDARP00000092736	0.191	3
1485867	7955.ENSDARP00000049463	43.5	3
1483128	7955.ENSDARP00000018627	9.94	2
1483886	7955.ENSDARP00000025885	41.1	10
1507026	7955.ENSDARP00000125566	0.032	1
1505202	7955.ENSDARP00000120742	1623	82
1498675	7955.ENSDARP00000106669	775	313
1485588	7955.ENSDARP00000046442	101	58
1488251	7955.ENSDARP00000064738	1040	22
1500809	7955.ENSDARP00000110426	86.0	4
1485367	7955.ENSDARP00000043960	17.2	2
1505091	7955.ENSDARP00000120445	0.191	3
1481947	7955.ENSDARP00000007716	395	7
1488252	7955.ENSDARP00000064746	98.7	2
1485504	7955.ENSDARP00000045554	4.07	1
1485385	7955.ENSDARP00000044183	8.68	3
1485665	7955.ENSDARP00000047200	74.5	7
1496968	7955.ENSDARP00000103461	26.0	6
1493722	7955.ENSDARP00000094521	8.78	1
1499245	7955.ENSDARP00000107694	2.74	1
1506143	7955.ENSDARP00000123179	0.039	1
1489187	7955.ENSDARP00000069820	13.1	1
1492788	7955.ENSDARP00000090532	0.04	1
1499859	7955.ENSDARP00000108765	78.7	1
1498926	7955.ENSDARP00000107148	1465	525
1501361	7955.ENSDARP00000111337	1632	80
1492844	7955.ENSDARP00000090756	262	5
1495425	7955.ENSDARP00000099801	0.139	2
1502339	7955.ENSDARP00000113325	0.035	1
1503942	7955.ENSDARP00000117528	0.17	3
1492190	7955.ENSDARP00000087874	462	4
1483702	7955.ENSDARP00000024189	1257	17
1487123	7955.ENSDARP00000058094	51.2	4
1488465	7955.ENSDARP00000066106	60.7	1
1486778	7955.ENSDARP00000055970	9.01	1
1493746	7955.ENSDARP00000094626	2.24	2
1497678	7955.ENSDARP00000104937	0.208	3
1502747	7955.ENSDARP00000114396	175	10
1488518	7955.ENSDARP00000066429	1177	492
1490499	7955.ENSDARP00000076249	409	18
1506615	7955.ENSDARP00000124587	97.3	7
1493802	7955.ENSDARP00000094849	337	163
1489301	7955.ENSDARP00000070408	54.8	5
1487352	7955.ENSDARP00000059359	23.9	3
1487078	7955.ENSDARP00000057822	5.47	1
1500437	7955.ENSDARP00000109780	881	64
1485047	7955.ENSDARP00000040597	3293	159
1488590	7955.ENSDARP00000066897	930	21
1489359	7955.ENSDARP00000070677	1646	19
1505977	7955.ENSDARP00000122737	3.16	1
1495973	7955.ENSDARP00000101100	1161	84
1482624	7955.ENSDARP00000013902	151	5
1488791	7955.ENSDARP00000067865	2391	24
1502334	7955.ENSDARP00000113314	0.032	1
1482978	7955.ENSDARP00000017258	147	7
1491133	7955.ENSDARP00000080329	73.1	6
1482363	7955.ENSDARP00000011549	4.19	4
1498434	7955.ENSDARP00000106249	0.041	1
1501970	7955.ENSDARP00000112409	0.131	3
1483950	7955.ENSDARP00000026560	7.66	1
1490778	7955.ENSDARP00000077786	2.71	2
1485936	7955.ENSDARP00000050307	82.8	10
1485866	7955.ENSDARP00000049461	435	12
1497433	7955.ENSDARP00000104495	631	4
1485435	7955.ENSDARP00000044837	216	8
1502331	7955.ENSDARP00000113307	3037	151
1506881	7955.ENSDARP00000125288	0.032	1
1504176	7955.ENSDARP00000118088	0.032	1
1497294	7955.ENSDARP00000104198	83.1	4
1499030	7955.ENSDARP00000107320	0.172	3
1503325	7955.ENSDARP00000115909	0.53	1
1487581	7955.ENSDARP00000060744	2480	149
1502049	7955.ENSDARP00000112551	0.136	3
1503580	7955.ENSDARP00000116574	1305	181
1505044	7955.ENSDARP00000120324	7.23	3
1484768	7955.ENSDARP00000037326	87.7	5
1486119	7955.ENSDARP00000051848	142	6
1482831	7955.ENSDARP00000015937	6.83	2
1487477	7955.ENSDARP00000060161	109	2
1485338	7955.ENSDARP00000043714	189	20
1504750	7955.ENSDARP00000119598	24.9	1
1491330	7955.ENSDARP00000081732	89.8	3
1493531	7955.ENSDARP00000093780	1305	181
1488226	7955.ENSDARP00000064608	17.8	5
1494144	7955.ENSDARP00000096339	40.9	2
1483774	7955.ENSDARP00000024860	115	18
1506138	7955.ENSDARP00000123163	9.85	1
1482882	7955.ENSDARP00000016334	64.3	5
1506412	7955.ENSDARP00000123920	3167	154
1501438	7955.ENSDARP00000111487	656	8
1503172	7955.ENSDARP00000115512	720	76
1493663	7955.ENSDARP00000094269	113	5
1502335	7955.ENSDARP00000113317	0.193	3
1494038	7955.ENSDARP00000095811	153	87
1502233	7955.ENSDARP00000113049	39.7	4
1494691	7955.ENSDARP00000098122	4.96	2
1506310	7955.ENSDARP00000123619	1305	181
1481807	7955.ENSDARP00000006424	5.88	2
1497811	7955.ENSDARP00000105168	1465	525
1495537	7955.ENSDARP00000100082	83.1	2
1482862	7955.ENSDARP00000016165	16.1	2
1503757	7955.ENSDARP00000117024	279	14
1482936	7955.ENSDARP00000016879	1340	55
1494197	7955.ENSDARP00000096509	418	57
1484813	7955.ENSDARP00000037812	108	3
1503184	7955.ENSDARP00000115544	32.2	2
1487016	7955.ENSDARP00000057457	92.4	2
1482325	7955.ENSDARP00000011243	2526	111
1504188	7955.ENSDARP00000118117	0.161	3
1498082	7955.ENSDARP00000105646	598	313
1484658	7955.ENSDARP00000035859	14.9	4
1486847	7955.ENSDARP00000056404	98.4	2
1499697	7955.ENSDARP00000108469	31.2	5
1487567	7955.ENSDARP00000060684	520	13
1483106	7955.ENSDARP00000018348	34.4	1
1500275	7955.ENSDARP00000109497	3009	42
1484108	7955.ENSDARP00000028134	31.1	3
1481460	7955.ENSDARP00000003250	20.2	1
1495573	7955.ENSDARP00000100169	358	7
1484590	7955.ENSDARP00000034885	700	47
1502543	7955.ENSDARP00000113885	24.1	2
1482604	7955.ENSDARP00000013624	522	13
1482645	7955.ENSDARP00000014106	50.5	3
1502327	7955.ENSDARP00000113293	0.18	3
1483123	7955.ENSDARP00000018594	2047	10
1495257	7955.ENSDARP00000099423	59.4	3
1482990	7955.ENSDARP00000017354	45.8	1
1482707	7955.ENSDARP00000014821	354	15
1483691	7955.ENSDARP00000024085	148	2
1503857	7955.ENSDARP00000117293	46.6	3
1505801	7955.ENSDARP00000122284	340	13
1485642	7955.ENSDARP00000047007	236	14
1483407	7955.ENSDARP00000021569	44.1	13
1481634	7955.ENSDARP00000004843	20.9	2
1481375	7955.ENSDARP00000002502	6.07	1
1488655	7955.ENSDARP00000067158	7.13	2
1487845	7955.ENSDARP00000062521	5.07	1
1490871	7955.ENSDARP00000078382	0.597	1
1494511	7955.ENSDARP00000097698	0.037	1
1505510	7955.ENSDARP00000121554	0.032	1
1490041	7955.ENSDARP00000074035	7.3	1
1503386	7955.ENSDARP00000116075	12.7	31
1488744	7955.ENSDARP00000067603	183	29
1504898	7955.ENSDARP00000119981	0.127	3
1487821	7955.ENSDARP00000062382	364	49
1482773	7955.ENSDARP00000015397	840	13
1499833	7955.ENSDARP00000108714	0.04	1
1506993	7955.ENSDARP00000125504	0.028	1
1496564	7955.ENSDARP00000102498	295	32
1482596	7955.ENSDARP00000013512	3.48	1
1494015	7955.ENSDARP00000095691	0.036	1
1494782	7955.ENSDARP00000098342	520	313
1484606	7955.ENSDARP00000035103	169	3
1484199	7955.ENSDARP00000029491	1319	114
1486518	7955.ENSDARP00000054366	59.4	2
1490096	7955.ENSDARP00000074315	10.1	4
1497261	7955.ENSDARP00000104140	0.047	1
1497837	7955.ENSDARP00000105220	2647	151
1501273	7955.ENSDARP00000111199	283	30
1494170	7955.ENSDARP00000096416	83.1	2
1501708	7955.ENSDARP00000111961	29.6	1
1487944	7955.ENSDARP00000063009	21.2	2
1484204	7955.ENSDARP00000029601	2.49	1
1481849	7955.ENSDARP00000006845	91.6	2
1481781	7955.ENSDARP00000006201	54.4	5
1486564	7955.ENSDARP00000054690	39.1	6
1494795	7955.ENSDARP00000098365	0.206	3
1492893	7955.ENSDARP00000090972	4.9	1
1490794	7955.ENSDARP00000077878	11.5	3
1504187	7955.ENSDARP00000118111	56.0	1
1496289	7955.ENSDARP00000101866	298	45
1486857	7955.ENSDARP00000056459	117	9
1482587	7955.ENSDARP00000013441	1236	107
1487188	7955.ENSDARP00000058483	19.6	2
1503729	7955.ENSDARP00000116967	4.22	4
1499357	7955.ENSDARP00000107877	134	7
1484838	7955.ENSDARP00000038205	14.7	1
1482327	7955.ENSDARP00000011269	6.54	19
1500017	7955.ENSDARP00000109050	2437	34
1488215	7955.ENSDARP00000064522	678	23
1489588	7955.ENSDARP00000072101	5129	84
1489077	7955.ENSDARP00000069226	753	35
1486662	7955.ENSDARP00000055286	119	19
1500494	7955.ENSDARP00000109883	61.9	24
1505048	7955.ENSDARP00000120334	12.3	1
1493429	7955.ENSDARP00000093331	48.8	4
1493164	7955.ENSDARP00000092179	51.5	2
1505346	7955.ENSDARP00000121149	0.152	3
1502371	7955.ENSDARP00000113417	91.2	2
1504082	7955.ENSDARP00000117879	2491	149
1482275	7955.ENSDARP00000010921	760	161
1490050	7955.ENSDARP00000074081	3.47	1
1486425	7955.ENSDARP00000053774	289	43
1505498	7955.ENSDARP00000121523	0.16	3
1481749	7955.ENSDARP00000005856	60.2	3
1503808	7955.ENSDARP00000117151	13.5	1
1484857	7955.ENSDARP00000038400	99.6	3
1485519	7955.ENSDARP00000045668	122	55
1493372	7955.ENSDARP00000093111	4.22	1
1485248	7955.ENSDARP00000042765	1231	104
1492119	7955.ENSDARP00000087462	2440	146
1502745	7955.ENSDARP00000114387	647	34
1498316	7955.ENSDARP00000106050	184	8
1505012	7955.ENSDARP00000120247	121	2
1505321	7955.ENSDARP00000121087	0.031	1
1491681	7955.ENSDARP00000084286	7.63	3
1501391	7955.ENSDARP00000111398	0.039	1
1505987	7955.ENSDARP00000122764	37.7	8
1506471	7955.ENSDARP00000124115	30.6	3
1498636	7955.ENSDARP00000106592	18.2	1
1489131	7955.ENSDARP00000069513	924	21
1492746	7955.ENSDARP00000090351	0.034	1
1492686	7955.ENSDARP00000090111	49.8	2
1499273	7955.ENSDARP00000107737	2647	151
1483019	7955.ENSDARP00000017613	38.1	4
1492345	7955.ENSDARP00000088494	4.41	3
1494086	7955.ENSDARP00000096087	16.0	1
1484896	7955.ENSDARP00000038835	413	16
1496425	7955.ENSDARP00000102203	108	8
1487793	7955.ENSDARP00000062219	816	29
1485629	7955.ENSDARP00000046902	61.1	8
1481528	7955.ENSDARP00000003738	605	50
1505855	7955.ENSDARP00000122416	24.8	2
1486042	7955.ENSDARP00000051361	18.9	36
1493884	7955.ENSDARP00000095196	213	4
1492023	7955.ENSDARP00000086821	8.43	1
1484617	7955.ENSDARP00000035261	36.1	1
1489876	7955.ENSDARP00000073345	0.598	2
1484405	7955.ENSDARP00000032456	112	11
1485049	7955.ENSDARP00000040644	130	11
1499385	7955.ENSDARP00000107930	291	44
1498975	7955.ENSDARP00000107232	1230	181
1485831	7955.ENSDARP00000049108	118	6
1482890	7955.ENSDARP00000016453	896	219
1502175	7955.ENSDARP00000112920	0.036	1
1493258	7955.ENSDARP00000092551	267	13
1498736	7955.ENSDARP00000106788	122	5
1481692	7955.ENSDARP00000005329	24.5	17
1501414	7955.ENSDARP00000111447	687	313
1493532	7955.ENSDARP00000093781	2647	151
1481623	7955.ENSDARP00000004738	297	22
1498373	7955.ENSDARP00000106154	649	46
1502150	7955.ENSDARP00000112851	82.1	12
1495082	7955.ENSDARP00000099011	1139	17
1482291	7955.ENSDARP00000011017	40.3	5
1492355	7955.ENSDARP00000088538	29.1	2
1486039	7955.ENSDARP00000051312	1084	42
1488101	7955.ENSDARP00000063869	839	15
1498489	7955.ENSDARP00000106336	0.175	3
1489640	7955.ENSDARP00000072334	370	12
1486064	7955.ENSDARP00000051541	27.4	2
1503845	7955.ENSDARP00000117264	0.168	3
1488939	7955.ENSDARP00000068572	185	9
1501382	7955.ENSDARP00000111380	6.53	2
1505017	7955.ENSDARP00000120266	19.8	2
1501819	7955.ENSDARP00000112146	0.258	3
1483455	7955.ENSDARP00000022077	372	48
1483608	7955.ENSDARP00000023429	555	111
1501576	7955.ENSDARP00000111738	61.2	3
1481464	7955.ENSDARP00000003281	125	5
1482969	7955.ENSDARP00000017204	85.9	5
1486969	7955.ENSDARP00000057173	126	2
1498331	7955.ENSDARP00000106078	18.1	2
1499469	7955.ENSDARP00000108089	1587	46
1506157	7955.ENSDARP00000123225	0.032	1
1481794	7955.ENSDARP00000006320	31.1	3
1499525	7955.ENSDARP00000108188	617	20
1497292	7955.ENSDARP00000104195	4.25	1
1491959	7955.ENSDARP00000086433	97.0	5
1503174	7955.ENSDARP00000115519	71.2	1
1482813	7955.ENSDARP00000015805	289	43
1496313	7955.ENSDARP00000101928	6.16	3
1483243	7955.ENSDARP00000019829	216	50
1483563	7955.ENSDARP00000022947	62.6	3
1502106	7955.ENSDARP00000112736	55.7	6
1482290	7955.ENSDARP00000011011	78.6	4
1482530	7955.ENSDARP00000012931	11.3	1
1502993	7955.ENSDARP00000115045	71.8	17
1482928	7955.ENSDARP00000016831	167	9
1488098	7955.ENSDARP00000063848	242	83
1485089	7955.ENSDARP00000041113	1049	17
1485483	7955.ENSDARP00000045298	155	7
1487874	7955.ENSDARP00000062670	981	265
1484947	7955.ENSDARP00000039450	71.3	5
1493670	7955.ENSDARP00000094289	25.1	2
1492903	7955.ENSDARP00000091027	150	5
1502589	7955.ENSDARP00000113988	1683	1216
1485244	7955.ENSDARP00000042700	29.8	1
1502498	7955.ENSDARP00000113756	283	42
1485882	7955.ENSDARP00000049650	43.4	4
1484110	7955.ENSDARP00000028148	137	90
1489089	7955.ENSDARP00000069275	4.62	3
1504022	7955.ENSDARP00000117730	14.7	1
1491339	7955.ENSDARP00000081816	5.05	1
1494222	7955.ENSDARP00000096581	573	157
1493534	7955.ENSDARP00000093787	1305	181
1504630	7955.ENSDARP00000119259	40.2	1
1495598	7955.ENSDARP00000100229	23.2	7
1481550	7955.ENSDARP00000003905	40.0	17
1489323	7955.ENSDARP00000070509	434	15
1485147	7955.ENSDARP00000041699	337	12
1486255	7955.ENSDARP00000052682	31.3	17
1489968	7955.ENSDARP00000073748	8.57	1
1504751	7955.ENSDARP00000119600	177	9
1485007	7955.ENSDARP00000040203	880	257
1496897	7955.ENSDARP00000103318	1305	181
1504915	7955.ENSDARP00000120032	313	18
1483481	7955.ENSDARP00000022302	184	43
1499000	7955.ENSDARP00000107272	432	22
1484352	7955.ENSDARP00000031764	132	3
1493425	7955.ENSDARP00000093324	11.7	1
1491894	7955.ENSDARP00000085962	3.57	1
1486404	7955.ENSDARP00000053608	63.9	1
1504535	7955.ENSDARP00000118999	0.121	1
1494983	7955.ENSDARP00000098796	7.08	1
1483487	7955.ENSDARP00000022320	143	3
1502271	7955.ENSDARP00000113146	35.6	2
1483694	7955.ENSDARP00000024104	389	22
1506269	7955.ENSDARP00000123511	0.094	2
1506504	7955.ENSDARP00000124217	565	14
1489592	7955.ENSDARP00000072123	3.81	1
1483768	7955.ENSDARP00000024752	1125	137
1497655	7955.ENSDARP00000104897	15.4	1
1489177	7955.ENSDARP00000069759	753	48
1487026	7955.ENSDARP00000057499	18.3	1
1494607	7955.ENSDARP00000097937	227	9
1489158	7955.ENSDARP00000069669	37.0	3
1503480	7955.ENSDARP00000116310	264	7
1498622	7955.ENSDARP00000106573	0.038	1
1504563	7955.ENSDARP00000119068	0.036	1
1484438	7955.ENSDARP00000032935	3.11	1
1483164	7955.ENSDARP00000018980	2204	54
1486442	7955.ENSDARP00000053867	35.1	10
1486152	7955.ENSDARP00000052103	24.6	1
1483996	7955.ENSDARP00000026992	16.0	3
1502134	7955.ENSDARP00000112824	3037	151
1482046	7955.ENSDARP00000008663	112	7
1484075	7955.ENSDARP00000027775	86.8	3
1488023	7955.ENSDARP00000063483	224	91
1501691	7955.ENSDARP00000111930	1465	525
1505567	7955.ENSDARP00000121708	122	5
1488085	7955.ENSDARP00000063805	13.8	2
1506898	7955.ENSDARP00000125323	0.222	1
1495388	7955.ENSDARP00000099721	7.2	2
1495429	7955.ENSDARP00000099813	775	313
1494867	7955.ENSDARP00000098544	0.191	3
1505560	7955.ENSDARP00000121692	316	29
1504806	7955.ENSDARP00000119753	0.18	3
1484928	7955.ENSDARP00000039188	84.8	2
1482328	7955.ENSDARP00000011271	355	23
1481758	7955.ENSDARP00000005968	203	8
1483655	7955.ENSDARP00000023774	187	9
1496587	7955.ENSDARP00000102561	2.53	1
1504754	7955.ENSDARP00000119608	4.11	1
1506488	7955.ENSDARP00000124162	18.5	7
1484592	7955.ENSDARP00000034904	172	9
1503814	7955.ENSDARP00000117178	0.102	2
1500877	7955.ENSDARP00000110534	49.6	2
1498359	7955.ENSDARP00000106130	8.91	2
1501647	7955.ENSDARP00000111851	2647	151
1497517	7955.ENSDARP00000104643	61.6	1
1502831	7955.ENSDARP00000114612	0.217	2
1502143	7955.ENSDARP00000112841	9.75	1
1490628	7955.ENSDARP00000076797	0.358	1
1486929	7955.ENSDARP00000056884	35.5	8
1487199	7955.ENSDARP00000058536	19.1	2
1496225	7955.ENSDARP00000101713	15.0	3
1481397	7955.ENSDARP00000002761	184	13
1490642	7955.ENSDARP00000076844	286	21
1486921	7955.ENSDARP00000056848	0.834	5
1488638	7955.ENSDARP00000067081	140	2
1485794	7955.ENSDARP00000048728	341	21
1494661	7955.ENSDARP00000098055	69.1	5
1488083	7955.ENSDARP00000063799	7165	198
1506986	7955.ENSDARP00000125493	0.036	1
1486873	7955.ENSDARP00000056582	128	4
1481770	7955.ENSDARP00000006085	182	8
1481994	7955.ENSDARP00000008118	629	53
1493523	7955.ENSDARP00000093747	1167	181
1507335	7955.ENSDARP00000126335	0.161	3
1493567	7955.ENSDARP00000093918	61.2	3
1505351	7955.ENSDARP00000121163	24.2	2
1487661	7955.ENSDARP00000061298	343	9
1500828	7955.ENSDARP00000110449	93.7	2
1495415	7955.ENSDARP00000099772	14.9	33
1504724	7955.ENSDARP00000119520	1.73	1
1505796	7955.ENSDARP00000122263	7493	965
1507416	7955.ENSDARP00000126524	0.031	1
1486895	7955.ENSDARP00000056685	6.72	1
1486737	7955.ENSDARP00000055709	181	9
1495405	7955.ENSDARP00000099755	83.4	4
1482043	7955.ENSDARP00000008646	645	80
1490081	7955.ENSDARP00000074190	190	13
1505308	7955.ENSDARP00000121035	0.158	2
1486276	7955.ENSDARP00000052837	1196	534
1501372	7955.ENSDARP00000111361	0.032	1
1505212	7955.ENSDARP00000120778	22.6	17
1500559	7955.ENSDARP00000109990	575	14
1495217	7955.ENSDARP00000099331	0.125	1
1506750	7955.ENSDARP00000125036	383	189
1500989	7955.ENSDARP00000110724	43.8	1
1486400	7955.ENSDARP00000053576	32.5	3
1481451	7955.ENSDARP00000003177	28.1	6
1491593	7955.ENSDARP00000083644	1.9	1
1485666	7955.ENSDARP00000047205	141	19
1493364	7955.ENSDARP00000093080	165	7
1487280	7955.ENSDARP00000058963	1326	22
1490732	7955.ENSDARP00000077445	29.9	4
1506598	7955.ENSDARP00000124511	430	10
1484911	7955.ENSDARP00000038993	1022	42
1497313	7955.ENSDARP00000104241	122	6
1482992	7955.ENSDARP00000017410	118	5
1485727	7955.ENSDARP00000047935	2.88	1
1481643	7955.ENSDARP00000004932	94.0	14
1500243	7955.ENSDARP00000109442	60.1	7
1484010	7955.ENSDARP00000027102	103	5
1500279	7955.ENSDARP00000109510	0.042	1
1498551	7955.ENSDARP00000106443	1465	525
1482040	7955.ENSDARP00000008601	6.39	3
1505879	7955.ENSDARP00000122470	0.043	1
1506576	7955.ENSDARP00000124433	32.2	3
1485627	7955.ENSDARP00000046890	20.1	1
1487260	7955.ENSDARP00000058875	11.3	1
1504529	7955.ENSDARP00000118986	12.3	1
1505411	7955.ENSDARP00000121323	316	29
1484940	7955.ENSDARP00000039309	44.4	2
1504003	7955.ENSDARP00000117676	72.1	8
1482406	7955.ENSDARP00000011898	0.47	1
1482276	7955.ENSDARP00000010925	304	34
1503315	7955.ENSDARP00000115884	0.037	1
1493375	7955.ENSDARP00000093122	58.3	1
1493357	7955.ENSDARP00000093036	66.1	2
1504688	7955.ENSDARP00000119415	13.1	1
1493406	7955.ENSDARP00000093261	37.0	2
1488733	7955.ENSDARP00000067559	73.3	4
1499769	7955.ENSDARP00000108591	165	16
1495979	7955.ENSDARP00000101117	94.3	19
1488275	7955.ENSDARP00000064900	70.5	9
1499840	7955.ENSDARP00000108724	93.3	28
1481854	7955.ENSDARP00000006875	194	14
1498870	7955.ENSDARP00000107042	76.5	6
1489682	7955.ENSDARP00000072492	766	9
1505303	7955.ENSDARP00000121021	11.7	1
1490421	7955.ENSDARP00000075918	157	5
1495554	7955.ENSDARP00000100117	329	18
1504223	7955.ENSDARP00000118203	0.161	3
1481941	7955.ENSDARP00000007676	203	11
1484964	7955.ENSDARP00000039699	59.9	7
1484668	7955.ENSDARP00000036006	109	11
1498462	7955.ENSDARP00000106297	0.13	2
1482170	7955.ENSDARP00000009909	448	27
1501724	7955.ENSDARP00000111991	34.6	2
1497520	7955.ENSDARP00000104653	171	24
1492093	7955.ENSDARP00000087338	28.8	5
1487537	7955.ENSDARP00000060457	31.5	2
1501358	7955.ENSDARP00000111333	1651	463
1486009	7955.ENSDARP00000051080	178	40
1482636	7955.ENSDARP00000014010	435	24
1482086	7955.ENSDARP00000009133	261	7
1492908	7955.ENSDARP00000091054	149	23
1487644	7955.ENSDARP00000061148	1367	418
1501039	7955.ENSDARP00000110807	76.6	27
1492636	7955.ENSDARP00000089879	408	149
1504506	7955.ENSDARP00000118929	0.921	3
1504174	7955.ENSDARP00000118083	0.164	3
1506823	7955.ENSDARP00000125185	0.029	1
1502116	7955.ENSDARP00000112772	25.5	1
1484089	7955.ENSDARP00000027947	4086	257
1500913	7955.ENSDARP00000110588	2421	66
1485662	7955.ENSDARP00000047174	1004	12
1494748	7955.ENSDARP00000098264	0.039	1
1499388	7955.ENSDARP00000107935	9.32	1
1481809	7955.ENSDARP00000006445	838	21
1488299	7955.ENSDARP00000065056	3.68	1
1494863	7955.ENSDARP00000098532	0.03	1
1507113	7955.ENSDARP00000125774	79.4	50
1486630	7955.ENSDARP00000055135	1141	528
1505333	7955.ENSDARP00000121112	0.179	3
1499964	7955.ENSDARP00000108963	891	93
1489264	7955.ENSDARP00000070225	5232	157
1481288	7955.ENSDARP00000000514	7.22	1
1507372	7955.ENSDARP00000126415	0.161	3
1493701	7955.ENSDARP00000094413	245	32
1485611	7955.ENSDARP00000046693	19.7	2
1491030	7955.ENSDARP00000079663	2.06	1
1506822	7955.ENSDARP00000125184	0.133	3
1488750	7955.ENSDARP00000067632	89.7	1
1493244	7955.ENSDARP00000092484	12201	279
1481317	7955.ENSDARP00000001565	119	5
1481345	7955.ENSDARP00000002223	128	6
1503096	7955.ENSDARP00000115337	446	46
1492996	7955.ENSDARP00000091498	81.1	3
1489035	7955.ENSDARP00000069034	26.8	3
1490758	7955.ENSDARP00000077691	12.3	1
1496049	7955.ENSDARP00000101267	0.117	2
1499527	7955.ENSDARP00000108190	87.1	4
1495696	7955.ENSDARP00000100434	1196	534
1495305	7955.ENSDARP00000099532	0.348	1
1502515	7955.ENSDARP00000113810	0.032	1
1501868	7955.ENSDARP00000112233	659	47
1501580	7955.ENSDARP00000111742	2129	260
1491309	7955.ENSDARP00000081585	13.7	1
1484877	7955.ENSDARP00000038658	1798	28
1486494	7955.ENSDARP00000054207	349	11
1482424	7955.ENSDARP00000012094	65.1	1
1489609	7955.ENSDARP00000072235	793	39
1490788	7955.ENSDARP00000077832	1465	525
1506581	7955.ENSDARP00000124448	243	19
1489628	7955.ENSDARP00000072300	89.7	3
1488840	7955.ENSDARP00000068070	104	11
1502758	7955.ENSDARP00000114421	0.133	3
1481621	7955.ENSDARP00000004708	35.0	1
1497372	7955.ENSDARP00000104379	1465	525
1482761	7955.ENSDARP00000015293	472	52
1496983	7955.ENSDARP00000103495	0.032	1
1494167	7955.ENSDARP00000096410	213	25
1483472	7955.ENSDARP00000022219	10.5	1
1502708	7955.ENSDARP00000114309	19.4	1
1500129	7955.ENSDARP00000109238	0.042	1
1503823	7955.ENSDARP00000117212	20.6	2
1488027	7955.ENSDARP00000063524	599	24
1488102	7955.ENSDARP00000063876	507	20
1500820	7955.ENSDARP00000110439	47.4	7
1506064	7955.ENSDARP00000122958	49.0	5
1500412	7955.ENSDARP00000109737	52.8	4
1491326	7955.ENSDARP00000081681	7.86	1
1485469	7955.ENSDARP00000045176	0.731	1
1489329	7955.ENSDARP00000070533	28.0	1
1490487	7955.ENSDARP00000076212	76.6	12
1484521	7955.ENSDARP00000033907	246	17
1494320	7955.ENSDARP00000096969	121	7
1481396	7955.ENSDARP00000002746	6.95	5
1506503	7955.ENSDARP00000124211	2.4	1
1485892	7955.ENSDARP00000049830	156	7
1493978	7955.ENSDARP00000095538	10.4	4
1507432	7955.ENSDARP00000126570	0.044	1
1485430	7955.ENSDARP00000044775	1.87	1
1482248	7955.ENSDARP00000010686	93.9	4
1482387	7955.ENSDARP00000011778	189	7
1493411	7955.ENSDARP00000093277	314	13
1502840	7955.ENSDARP00000114634	0.15	3
1486261	7955.ENSDARP00000052729	1806	29
1492551	7955.ENSDARP00000089469	22.6	2
1483187	7955.ENSDARP00000019229	8.73	2
1493169	7955.ENSDARP00000092188	162	6
1487144	7955.ENSDARP00000058259	98.7	8
1493596	7955.ENSDARP00000094017	43.3	3
1492882	7955.ENSDARP00000090943	5.93	1
1492892	7955.ENSDARP00000090970	4.9	1
1485836	7955.ENSDARP00000049166	837	22
1483706	7955.ENSDARP00000024210	0.556	1
1503128	7955.ENSDARP00000115410	0.186	3
1482228	7955.ENSDARP00000010427	70.8	4
1493794	7955.ENSDARP00000094826	194	4
1490489	7955.ENSDARP00000076216	104	4
1501115	7955.ENSDARP00000110935	1465	525
1484966	7955.ENSDARP00000039745	56.4	11
1489165	7955.ENSDARP00000069695	7.48	10
1489769	7955.ENSDARP00000072844	40.4	3
1493253	7955.ENSDARP00000092510	291	44
1489685	7955.ENSDARP00000072498	0.556	2
1492307	7955.ENSDARP00000088354	2999	149
1483518	7955.ENSDARP00000022552	1298	22
1491949	7955.ENSDARP00000086334	112	4
1489832	7955.ENSDARP00000073100	79.4	2
1498577	7955.ENSDARP00000106496	1465	525
1482711	7955.ENSDARP00000014852	25.4	1
1483397	7955.ENSDARP00000021453	5441	340
1498340	7955.ENSDARP00000106093	186	21
1487646	7955.ENSDARP00000061164	1567	545
1496586	7955.ENSDARP00000102559	1361	32
1507431	7955.ENSDARP00000126566	0.091	1
1497334	7955.ENSDARP00000104288	124	9
1506704	7955.ENSDARP00000124897	40.9	3
1483188	7955.ENSDARP00000019234	58.7	2
1487969	7955.ENSDARP00000063099	6.73	2
1485340	7955.ENSDARP00000043742	698	172
1489399	7955.ENSDARP00000070950	14.4	1
1482849	7955.ENSDARP00000016087	256	4
1482581	7955.ENSDARP00000013402	2709	191
1493868	7955.ENSDARP00000095135	261	5
1483326	7955.ENSDARP00000020656	1653	48
1499093	7955.ENSDARP00000107433	31.1	1
1483696	7955.ENSDARP00000024120	75.2	5
1507179	7955.ENSDARP00000125918	138	129
1490931	7955.ENSDARP00000078883	21.6	3
1490996	7955.ENSDARP00000079424	82.1	12
1503349	7955.ENSDARP00000115964	16.6	26
1493092	7955.ENSDARP00000091899	2134	41
1482860	7955.ENSDARP00000016158	1073	11
1507073	7955.ENSDARP00000125666	0.117	1
1491678	7955.ENSDARP00000084277	3037	151
1487818	7955.ENSDARP00000062369	1196	534
1483734	7955.ENSDARP00000024433	4.85	1
1485525	7955.ENSDARP00000045696	120	2
1482115	7955.ENSDARP00000009356	0.768	4
1506643	7955.ENSDARP00000124670	787	34
1502055	7955.ENSDARP00000112568	0.154	3
1485573	7955.ENSDARP00000046217	16.6	18
1503076	7955.ENSDARP00000115283	47.9	4
1484285	7955.ENSDARP00000030813	19.7	5
1506252	7955.ENSDARP00000123469	0.036	1
1506366	7955.ENSDARP00000123778	41.1	4
1507005	7955.ENSDARP00000125528	0.029	1
1505663	7955.ENSDARP00000121951	0.032	1
1483146	7955.ENSDARP00000018820	82.8	10
1484615	7955.ENSDARP00000035207	620	13
1499549	7955.ENSDARP00000108226	423	33
1507371	7955.ENSDARP00000126414	0.04	1
1482194	7955.ENSDARP00000010116	338	9
1503181	7955.ENSDARP00000115538	217	4
1487882	7955.ENSDARP00000062692	54.0	2
1484020	7955.ENSDARP00000027159	159	5
1490473	7955.ENSDARP00000076156	20.6	2
1489223	7955.ENSDARP00000070011	209	5
1488817	7955.ENSDARP00000067945	1305	181
1486861	7955.ENSDARP00000056493	4.75	1
1497132	7955.ENSDARP00000103825	0.164	3
1498482	7955.ENSDARP00000106325	4.13	1
1498109	7955.ENSDARP00000105693	0.155	3
1498414	7955.ENSDARP00000106218	325	5
1491191	7955.ENSDARP00000080761	128	3
1494779	7955.ENSDARP00000098331	19.5	6
1494305	7955.ENSDARP00000096904	11.5	1
1489575	7955.ENSDARP00000072059	6.01	1
1499915	7955.ENSDARP00000108873	173	9
1494435	7955.ENSDARP00000097516	0.186	3
1506224	7955.ENSDARP00000123407	0.135	3
1500631	7955.ENSDARP00000110121	1094	149
1496044	7955.ENSDARP00000101257	347	9
1503012	7955.ENSDARP00000115095	0.125	3
1494152	7955.ENSDARP00000096363	115	6
1494786	7955.ENSDARP00000098348	308	11
1498518	7955.ENSDARP00000106393	0.18	3
1504251	7955.ENSDARP00000118280	270	32
1505999	7955.ENSDARP00000122796	660	74
1494642	7955.ENSDARP00000098004	453	142
1498258	7955.ENSDARP00000105955	158	18
1506728	7955.ENSDARP00000124972	0.326	1
1503743	7955.ENSDARP00000117001	0.147	3
1504894	7955.ENSDARP00000119975	374	3
1494190	7955.ENSDARP00000096468	334	6
1496011	7955.ENSDARP00000101178	725	76
1499570	7955.ENSDARP00000108264	26.1	17
1483781	7955.ENSDARP00000024947	23.6	24
1505531	7955.ENSDARP00000121623	216	10
1482500	7955.ENSDARP00000012691	78.9	3
1506182	7955.ENSDARP00000123292	2159	60
1501439	7955.ENSDARP00000111488	8.65	3
1484579	7955.ENSDARP00000034804	69.8	2
1483092	7955.ENSDARP00000018197	6.22	1
1483311	7955.ENSDARP00000020485	95.4	5
1505478	7955.ENSDARP00000121487	0.156	2
1501887	7955.ENSDARP00000112265	298	43
1486100	7955.ENSDARP00000051749	170	8
1499736	7955.ENSDARP00000108536	0.687	4
1485202	7955.ENSDARP00000042254	3.81	1
1484925	7955.ENSDARP00000039143	1126	19
1482286	7955.ENSDARP00000010992	11.1	1
1500196	7955.ENSDARP00000109355	1465	525
1503127	7955.ENSDARP00000115408	118	2
1502234	7955.ENSDARP00000113050	1.56	1
1492699	7955.ENSDARP00000090161	17.8	1
1481719	7955.ENSDARP00000005578	152	3
1487492	7955.ENSDARP00000060204	28.9	2
1490071	7955.ENSDARP00000074163	22.1	2
1483031	7955.ENSDARP00000017693	72.4	10
1500098	7955.ENSDARP00000109194	57.0	4
1490079	7955.ENSDARP00000074184	512	17
1502641	7955.ENSDARP00000114114	3.21	1
1492681	7955.ENSDARP00000090093	17.0	1
1484170	7955.ENSDARP00000029079	89.7	3
1500323	7955.ENSDARP00000109583	21.6	3
1504578	7955.ENSDARP00000119114	0.169	3
1483778	7955.ENSDARP00000024900	402	39
1488921	7955.ENSDARP00000068470	53.6	3
1482378	7955.ENSDARP00000011673	40.7	2
1483362	7955.ENSDARP00000021016	756	317
1484059	7955.ENSDARP00000027635	16.6	1
1501443	7955.ENSDARP00000111493	775	313
1486426	7955.ENSDARP00000053775	2945	35
1492889	7955.ENSDARP00000090963	514	34
1484037	7955.ENSDARP00000027389	423	26
1505512	7955.ENSDARP00000121564	520	5
1489088	7955.ENSDARP00000069273	796	19
1507421	7955.ENSDARP00000126533	0.139	3
1497140	7955.ENSDARP00000103854	153	91
1487688	7955.ENSDARP00000061480	2928	62
1487097	7955.ENSDARP00000057943	1365	16
1500329	7955.ENSDARP00000109592	330	8
1502223	7955.ENSDARP00000113029	1.72	1
1487450	7955.ENSDARP00000060004	49.4	1
1501654	7955.ENSDARP00000111867	14.8	1
1485456	7955.ENSDARP00000045068	73.6	6
1503476	7955.ENSDARP00000116301	6.96	1
1491750	7955.ENSDARP00000084821	19.9	2
1495207	7955.ENSDARP00000099301	10.8	1
1484500	7955.ENSDARP00000033600	274	2
1504666	7955.ENSDARP00000119366	0.169	3
1488058	7955.ENSDARP00000063661	1976	83
1483517	7955.ENSDARP00000022550	724	62
1503999	7955.ENSDARP00000117665	26.6	2
1481507	7955.ENSDARP00000003571	356	14
1494196	7955.ENSDARP00000096504	2027	133
1494248	7955.ENSDARP00000096695	33.6	1
1497913	7955.ENSDARP00000105353	0.178	3
1501340	7955.ENSDARP00000111303	0.176	2
1482550	7955.ENSDARP00000013110	68.7	2
1489901	7955.ENSDARP00000073439	2213	90
1496646	7955.ENSDARP00000102718	68.6	15
1496623	7955.ENSDARP00000102662	4.75	4
1487264	7955.ENSDARP00000058889	18.7	2
1494315	7955.ENSDARP00000096950	181	21
1497609	7955.ENSDARP00000104804	12.7	1
1496862	7955.ENSDARP00000103212	29.7	1
1486227	7955.ENSDARP00000052528	1464	21
1491589	7955.ENSDARP00000083605	45.2	3
1504104	7955.ENSDARP00000117916	16.4	3
1492735	7955.ENSDARP00000090306	1.28	7
1489813	7955.ENSDARP00000073022	5.48	1
1486020	7955.ENSDARP00000051185	59.6	2
1505362	7955.ENSDARP00000121183	28.0	1
1505082	7955.ENSDARP00000120430	33.1	1
1497510	7955.ENSDARP00000104630	1305	181
1496697	7955.ENSDARP00000102837	5.12	1
1507362	7955.ENSDARP00000126394	0.043	1
1482738	7955.ENSDARP00000015055	22.2	1
1504771	7955.ENSDARP00000119651	11.3	2
1485639	7955.ENSDARP00000046982	62.5	3
1503617	7955.ENSDARP00000116667	28.7	3
1481744	7955.ENSDARP00000005837	168	1
1505754	7955.ENSDARP00000122167	0.044	1
1495359	7955.ENSDARP00000099646	39.7	2
1492553	7955.ENSDARP00000089476	3.75	2
1499695	7955.ENSDARP00000108465	1305	181
1493940	7955.ENSDARP00000095394	12.9	1
1489133	7955.ENSDARP00000069525	604	138
1492955	7955.ENSDARP00000091324	139	29
1488563	7955.ENSDARP00000066759	10.6	1
1497829	7955.ENSDARP00000105206	94.7	1
1506085	7955.ENSDARP00000123009	0.037	1
1504028	7955.ENSDARP00000117746	2.82	1
1493692	7955.ENSDARP00000094384	17.8	5
1502642	7955.ENSDARP00000114116	0.034	1
1484640	7955.ENSDARP00000035541	139	4
1497774	7955.ENSDARP00000105094	2105	411
1504845	7955.ENSDARP00000119851	0.174	3
1488665	7955.ENSDARP00000067187	1.62	2
1505652	7955.ENSDARP00000121927	0.036	1
1493419	7955.ENSDARP00000093301	4.54	1
1501424	7955.ENSDARP00000111469	265	11
1481569	7955.ENSDARP00000004139	793	62
1488888	7955.ENSDARP00000068269	2.38	1
1500971	7955.ENSDARP00000110694	2101	258
1488507	7955.ENSDARP00000066382	300	43
1504680	7955.ENSDARP00000119402	16.2	1
1483499	7955.ENSDARP00000022440	89.1	8
1481600	7955.ENSDARP00000004441	830	21
1483949	7955.ENSDARP00000026546	1311	70
1486958	7955.ENSDARP00000057089	537	12
1504335	7955.ENSDARP00000118509	20.2	3
1483104	7955.ENSDARP00000018319	48.0	1
1485130	7955.ENSDARP00000041514	34.9	3
1506872	7955.ENSDARP00000125268	0.204	1
1482264	7955.ENSDARP00000010840	7.88	3
1503883	7955.ENSDARP00000117378	7.56	2
1500756	7955.ENSDARP00000110339	391	26
1485466	7955.ENSDARP00000045125	10.4	5
1481515	7955.ENSDARP00000003641	1777	34
1493573	7955.ENSDARP00000093927	129	3
1494057	7955.ENSDARP00000095921	43.8	1
1483825	7955.ENSDARP00000025377	57.9	6
1489562	7955.ENSDARP00000071963	962	43
1488200	7955.ENSDARP00000064461	5.96	1
1483969	7955.ENSDARP00000026766	139	3
1496513	7955.ENSDARP00000102385	0.876	2
1500665	7955.ENSDARP00000110186	53.2	4
1507400	7955.ENSDARP00000126480	0.146	3
1482081	7955.ENSDARP00000009093	717	3
1492816	7955.ENSDARP00000090632	1305	181
1482644	7955.ENSDARP00000014099	22.3	1
1503899	7955.ENSDARP00000117405	0.167	3
1494728	7955.ENSDARP00000098210	52.4	3
1488676	7955.ENSDARP00000067292	112	3
1499238	7955.ENSDARP00000107686	14.2	1
1504083	7955.ENSDARP00000117880	543	46
1487864	7955.ENSDARP00000062617	541	30
1488142	7955.ENSDARP00000064110	203	3
1504016	7955.ENSDARP00000117718	0.183	3
1502970	7955.ENSDARP00000114988	4.75	1
1501515	7955.ENSDARP00000111628	10.7	1
1481632	7955.ENSDARP00000004830	1429	48
1483149	7955.ENSDARP00000018865	449	12
1496656	7955.ENSDARP00000102749	1305	181
1501259	7955.ENSDARP00000111175	1465	525
1489664	7955.ENSDARP00000072424	2.53	2
1504225	7955.ENSDARP00000118210	0.033	1
1492548	7955.ENSDARP00000089461	3.91	2
1481713	7955.ENSDARP00000005519	28.6	4
1499890	7955.ENSDARP00000108828	1305	181
1494223	7955.ENSDARP00000096586	19.9	8
1501735	7955.ENSDARP00000112016	31.2	1
1488583	7955.ENSDARP00000066858	852	365
1505022	7955.ENSDARP00000120273	0.031	1
1499063	7955.ENSDARP00000107383	29.9	3
1499665	7955.ENSDARP00000108417	1305	181
1487674	7955.ENSDARP00000061365	160	24
1483260	7955.ENSDARP00000019981	131	7
1489678	7955.ENSDARP00000072482	38.5	3
1482536	7955.ENSDARP00000012986	68.8	3
1482131	7955.ENSDARP00000009538	702	17
1487747	7955.ENSDARP00000061835	38.9	3
1499120	7955.ENSDARP00000107491	471	149
1488297	7955.ENSDARP00000065037	79.7	2
1496601	7955.ENSDARP00000102600	1552	24
1502559	7955.ENSDARP00000113928	0.225	3
1506282	7955.ENSDARP00000123539	0.176	3
1497865	7955.ENSDARP00000105275	0.185	3
1492847	7955.ENSDARP00000090766	1245	229
1493361	7955.ENSDARP00000093069	94.8	6
1492811	7955.ENSDARP00000090611	0.039	1
1491327	7955.ENSDARP00000081684	0.351	1
1502429	7955.ENSDARP00000113553	247	5
1493153	7955.ENSDARP00000092093	23.5	1
1506666	7955.ENSDARP00000124761	0.336	1
1488357	7955.ENSDARP00000065391	82.8	10
1486191	7955.ENSDARP00000052356	34.4	4
1483808	7955.ENSDARP00000025226	415	12
1487045	7955.ENSDARP00000057604	108	4
1486512	7955.ENSDARP00000054339	1190	22
1489198	7955.ENSDARP00000069904	309	11
1498616	7955.ENSDARP00000106566	528	12
1505544	7955.ENSDARP00000121660	0.188	3
1496073	7955.ENSDARP00000101326	27.7	3
1495279	7955.ENSDARP00000099474	98.4	7
1497130	7955.ENSDARP00000103823	8.59	2
1484819	7955.ENSDARP00000037871	293	31
1505468	7955.ENSDARP00000121459	775	313
1497128	7955.ENSDARP00000103819	1305	181
1504396	7955.ENSDARP00000118646	24.3	1
1506921	7955.ENSDARP00000125369	0.108	1
1496518	7955.ENSDARP00000102398	14.2	2
1486146	7955.ENSDARP00000052081	618	10
1481504	7955.ENSDARP00000003530	14.5	1
1486150	7955.ENSDARP00000052096	558	12
1500341	7955.ENSDARP00000109621	0.202	3
1487761	7955.ENSDARP00000061957	1737	29
1488277	7955.ENSDARP00000064925	80.2	5
1493714	7955.ENSDARP00000094479	31.7	3
1507391	7955.ENSDARP00000126456	0.179	3
1481542	7955.ENSDARP00000003841	51.8	6
1502820	7955.ENSDARP00000114578	128	1
1502578	7955.ENSDARP00000113965	12.0	6
1483450	7955.ENSDARP00000022030	275	6
1484566	7955.ENSDARP00000034555	149	3
1502872	7955.ENSDARP00000114741	0.041	1
1482810	7955.ENSDARP00000015781	97.0	3
1492591	7955.ENSDARP00000089694	18.1	3
1506938	7955.ENSDARP00000125399	0.034	1
1494037	7955.ENSDARP00000095806	133	89
1506553	7955.ENSDARP00000124366	300	229
1483333	7955.ENSDARP00000020770	12.5	2
1493725	7955.ENSDARP00000094530	315	68
1501176	7955.ENSDARP00000111043	8.46	1
1505483	7955.ENSDARP00000121492	7.03	2
1492225	7955.ENSDARP00000088020	660	126
1490539	7955.ENSDARP00000076404	11.2	1
1496727	7955.ENSDARP00000102911	1.31	1
1500452	7955.ENSDARP00000109811	0.037	1
1486173	7955.ENSDARP00000052292	545	4
1497560	7955.ENSDARP00000104714	2.37	1
1484131	7955.ENSDARP00000028543	22.2	2
1481679	7955.ENSDARP00000005260	38.0	2
1482110	7955.ENSDARP00000009320	1105	368
1492505	7955.ENSDARP00000089263	20.7	6
1487291	7955.ENSDARP00000059012	136	2
1494623	7955.ENSDARP00000097975	5.36	1
1488082	7955.ENSDARP00000063788	2160	44
1488024	7955.ENSDARP00000063491	3.55	1
1499580	7955.ENSDARP00000108280	57.6	1
1507198	7955.ENSDARP00000125972	2491	149
1484749	7955.ENSDARP00000037108	9.2	5
1486698	7955.ENSDARP00000055503	430	10
1501506	7955.ENSDARP00000111618	0.834	1
1481792	7955.ENSDARP00000006315	37.6	3
1492851	7955.ENSDARP00000090800	0.217	3
1501517	7955.ENSDARP00000111631	160	24
1490386	7955.ENSDARP00000075800	0.398	1
1506167	7955.ENSDARP00000123249	3.25	1
1488742	7955.ENSDARP00000067595	20.8	2
1485815	7955.ENSDARP00000048886	13.7	1
1485599	7955.ENSDARP00000046586	5.55	1
1483323	7955.ENSDARP00000020595	771	6
1491066	7955.ENSDARP00000079877	12.2	1
1481340	7955.ENSDARP00000002175	1124	317
1492907	7955.ENSDARP00000091049	179	2
1484775	7955.ENSDARP00000037410	127	19
1500209	7955.ENSDARP00000109376	3081	114
1503464	7955.ENSDARP00000116259	0.036	1
1483252	7955.ENSDARP00000019915	101	9
1487623	7955.ENSDARP00000061000	1576	62
1490365	7955.ENSDARP00000075715	2.61	1
1493154	7955.ENSDARP00000092100	1.17	1
1499386	7955.ENSDARP00000107933	58.2	4
1496672	7955.ENSDARP00000102775	775	313
1497299	7955.ENSDARP00000104209	3.44	2
1503821	7955.ENSDARP00000117207	40.4	7
1499548	7955.ENSDARP00000108224	21.3	38
1491528	7955.ENSDARP00000083123	24.1	1
1484574	7955.ENSDARP00000034733	1372	68
1487281	7955.ENSDARP00000058964	26.7	1
1507425	7955.ENSDARP00000126548	0.166	3
1503105	7955.ENSDARP00000115363	153	10
1490066	7955.ENSDARP00000074146	5.96	2
1496158	7955.ENSDARP00000101541	46063	984
1502664	7955.ENSDARP00000114204	0.035	1
1507219	7955.ENSDARP00000126029	93.5	8
1484142	7955.ENSDARP00000028689	108	11
1483984	7955.ENSDARP00000026870	664	29
1486415	7955.ENSDARP00000053699	885	13
1488508	7955.ENSDARP00000066383	806	123
1483602	7955.ENSDARP00000023337	35.9	2
1492249	7955.ENSDARP00000088110	34.0	2
1487270	7955.ENSDARP00000058912	143	22
1487037	7955.ENSDARP00000057566	205	2
1487251	7955.ENSDARP00000058788	154	3
1482697	7955.ENSDARP00000014732	52.5	5
1492046	7955.ENSDARP00000087010	5.98	1
1485427	7955.ENSDARP00000044689	118	17
1488820	7955.ENSDARP00000067953	4375	111
1481633	7955.ENSDARP00000004838	53.7	4
1484539	7955.ENSDARP00000034171	3715	141
1494665	7955.ENSDARP00000098062	0.16	3
1497617	7955.ENSDARP00000104823	26.1	2
1492660	7955.ENSDARP00000090014	1.51	4
1482828	7955.ENSDARP00000015917	873	61
1503815	7955.ENSDARP00000117185	0.033	1
1497199	7955.ENSDARP00000104001	0.122	1
1491294	7955.ENSDARP00000081527	5.61	1
1489044	7955.ENSDARP00000069063	312	37
1504686	7955.ENSDARP00000119413	334	39
1481864	7955.ENSDARP00000006973	30.1	2
1492487	7955.ENSDARP00000089179	1137	20
1489445	7955.ENSDARP00000071301	445	15
1500344	7955.ENSDARP00000109625	1064	389
1489894	7955.ENSDARP00000073415	1.14	6
1485333	7955.ENSDARP00000043687	95.5	3
1485329	7955.ENSDARP00000043659	36.1	5
1487121	7955.ENSDARP00000058083	31.1	1
1489565	7955.ENSDARP00000072006	1115	343
1504178	7955.ENSDARP00000118091	548	74
1489476	7955.ENSDARP00000071527	791	23
1490387	7955.ENSDARP00000075802	1147	60
1505383	7955.ENSDARP00000121255	436	11
1499605	7955.ENSDARP00000108316	1367	95
1503190	7955.ENSDARP00000115556	27.2	1
1487783	7955.ENSDARP00000062145	22.7	3
1482146	7955.ENSDARP00000009659	0.595	1
1486114	7955.ENSDARP00000051806	49.4	1
1488156	7955.ENSDARP00000064171	6.46	1
1485824	7955.ENSDARP00000049002	13.5	2
1485584	7955.ENSDARP00000046419	32.4	5
1495209	7955.ENSDARP00000099306	1435	81
1501072	7955.ENSDARP00000110869	1305	181
1490150	7955.ENSDARP00000074623	153	6
1501633	7955.ENSDARP00000111827	19.5	1
1484965	7955.ENSDARP00000039716	133	5
1487760	7955.ENSDARP00000061954	5.98	1
1487165	7955.ENSDARP00000058363	1305	19
1490210	7955.ENSDARP00000074935	98.1	41
1481307	7955.ENSDARP00000001263	27.5	3
1486619	7955.ENSDARP00000055061	77.0	1
1486716	7955.ENSDARP00000055592	3.59	5
1501464	7955.ENSDARP00000111526	1465	525
1486377	7955.ENSDARP00000053439	0.135	1
1495902	7955.ENSDARP00000100956	0.129	1
1487406	7955.ENSDARP00000059711	303	10
