#id: 469
#name: D.rerio - Whole organism, Pepxml, SC (Kelkar,MCP,2014)
#score: 10.96
#weight: 30%
#description: abundance based on Spectral counting, pepxml, from<a href="http://www.ncbi.nlm.nih.gov/pubmed/25060758" target="_blank">Kelkar,MCP,2014</a><br/><b>Interaction consistency score</b>: 10.96&nbsp<b>Coverage</b>: 5
#organ: WHOLE_ORGANISM
#integrated: false
#coverage: 5
#publication_year: 2014
#filename: 7955-ZF_GrossBody_Kelkar_2014_SEQUEST.txt
#
#internal_id	string_external_id	abundance	raw_spectral_count
1483484	7955.ENSDARP00000022310	61.8	1
1484423	7955.ENSDARP00000032730	49.0	3
1493840	7955.ENSDARP00000095029	859	65
1485932	7955.ENSDARP00000050257	115	5
1505315	7955.ENSDARP00000121065	233	74
1501414	7955.ENSDARP00000111447	480	135
1492663	7955.ENSDARP00000090024	178	3
1481594	7955.ENSDARP00000004352	1473	82
1501874	7955.ENSDARP00000112247	149	2
1496634	7955.ENSDARP00000102682	357	57
1490111	7955.ENSDARP00000074422	311	12
1496207	7955.ENSDARP00000101667	12.0	2
1487660	7955.ENSDARP00000061292	49.5	22
1485656	7955.ENSDARP00000047100	1187	182
1486376	7955.ENSDARP00000053431	28.2	1
1492613	7955.ENSDARP00000089772	2231	30
1483439	7955.ENSDARP00000021916	601	15
1505077	7955.ENSDARP00000120407	817	5
1494223	7955.ENSDARP00000096586	214	18
1482983	7955.ENSDARP00000017326	407	106
1483738	7955.ENSDARP00000024492	85.6	3
1482688	7955.ENSDARP00000014578	111	5
1499781	7955.ENSDARP00000108614	1.22	2
1484539	7955.ENSDARP00000034171	213	8
1494531	7955.ENSDARP00000097745	0.789	1
1485027	7955.ENSDARP00000040396	2197	36
1485862	7955.ENSDARP00000049424	31.1	1
1496869	7955.ENSDARP00000103251	149	11
1506186	7955.ENSDARP00000123299	501	219
1493659	7955.ENSDARP00000094262	5.95	1
1482575	7955.ENSDARP00000013329	1162	44
1485132	7955.ENSDARP00000041532	2.3	2
1486396	7955.ENSDARP00000053541	116	2
1483802	7955.ENSDARP00000025160	24.4	1
1498142	7955.ENSDARP00000105746	525	135
1499841	7955.ENSDARP00000108727	166	38
1485102	7955.ENSDARP00000041278	664	131
1482513	7955.ENSDARP00000012776	24.4	1
1506145	7955.ENSDARP00000123183	105	3
1494148	7955.ENSDARP00000096352	152	50
1493718	7955.ENSDARP00000094505	33.6	1
1482235	7955.ENSDARP00000010482	250	5
1485928	7955.ENSDARP00000050236	525	135
1494094	7955.ENSDARP00000096118	73.7	4
1489905	7955.ENSDARP00000073460	510	21
1484013	7955.ENSDARP00000027115	97.0	3
1486929	7955.ENSDARP00000056884	2.92	2
1494190	7955.ENSDARP00000096468	639	9
1496697	7955.ENSDARP00000102837	142	19
1497552	7955.ENSDARP00000104702	150	11
1490277	7955.ENSDARP00000075289	43.3	1
1483334	7955.ENSDARP00000020775	110	30
1492856	7955.ENSDARP00000090833	253	8
1484755	7955.ENSDARP00000037150	452	8
1484618	7955.ENSDARP00000035273	637	4
1483694	7955.ENSDARP00000024104	17.0	1
1500101	7955.ENSDARP00000109199	21.1	8
1498779	7955.ENSDARP00000106871	23.4	1
1493861	7955.ENSDARP00000095111	809	11
1486949	7955.ENSDARP00000057020	197	9
1493094	7955.ENSDARP00000091902	1624	16
1496152	7955.ENSDARP00000101525	525	135
1495492	7955.ENSDARP00000099976	1.9	1
1500894	7955.ENSDARP00000110558	77.1	6
1501849	7955.ENSDARP00000112199	8618	144
1481782	7955.ENSDARP00000006207	299	14
1500780	7955.ENSDARP00000110377	6863	209
1503615	7955.ENSDARP00000116665	80.3	1
1489641	7955.ENSDARP00000072337	1114	115
1490352	7955.ENSDARP00000075658	2111	161
1483297	7955.ENSDARP00000020358	2463	18
1506680	7955.ENSDARP00000124804	1122	7
1485889	7955.ENSDARP00000049792	620	24
1486338	7955.ENSDARP00000053207	615	6
1490221	7955.ENSDARP00000074998	86.4	1
1482533	7955.ENSDARP00000012950	101	2
1483524	7955.ENSDARP00000022592	405	6
1484469	7955.ENSDARP00000033318	31.1	1
1504002	7955.ENSDARP00000117673	317	7
1485832	7955.ENSDARP00000049134	79.6	6
1499394	7955.ENSDARP00000107946	760	131
1495894	7955.ENSDARP00000100931	130	5
1490115	7955.ENSDARP00000074464	252	9
1482674	7955.ENSDARP00000014422	4.26	3
1506828	7955.ENSDARP00000125193	316	18
1486266	7955.ENSDARP00000052760	4107	1
1506756	7955.ENSDARP00000125059	295	4
1486146	7955.ENSDARP00000052081	865	10
1485678	7955.ENSDARP00000047390	421	6
1488077	7955.ENSDARP00000063773	16.7	3
1485681	7955.ENSDARP00000047408	3.85	25
1499915	7955.ENSDARP00000108873	1191	37
1484805	7955.ENSDARP00000037758	329	5
1495315	7955.ENSDARP00000099552	0.584	3
1485558	7955.ENSDARP00000046065	2.63	1
1483453	7955.ENSDARP00000022064	27.8	4
1493253	7955.ENSDARP00000092510	98.1	9
1487508	7955.ENSDARP00000060309	4483	198
1484412	7955.ENSDARP00000032575	342	39
1499155	7955.ENSDARP00000107547	760	131
1485131	7955.ENSDARP00000041530	446	8
1489039	7955.ENSDARP00000069043	314	4
1492125	7955.ENSDARP00000087500	473	7
1486922	7955.ENSDARP00000056852	494	1108
1488712	7955.ENSDARP00000067454	5.33	1
1505693	7955.ENSDARP00000122009	525	135
1500689	7955.ENSDARP00000110234	13.0	1
1505208	7955.ENSDARP00000120763	6.56	1
1488940	7955.ENSDARP00000068574	1349	181
1483382	7955.ENSDARP00000021241	460	2
1505743	7955.ENSDARP00000122141	992	8
1488818	7955.ENSDARP00000067948	525	135
1498763	7955.ENSDARP00000106833	30.5	2
1500425	7955.ENSDARP00000109759	27.5	1
1499195	7955.ENSDARP00000107611	95.3	9
1488083	7955.ENSDARP00000063799	17107	386
1502389	7955.ENSDARP00000113453	74.1	2
1486010	7955.ENSDARP00000051081	46.9	1
1493653	7955.ENSDARP00000094243	270	28
1489607	7955.ENSDARP00000072211	43.9	2
1501686	7955.ENSDARP00000111924	1013	37
1483092	7955.ENSDARP00000018197	6888	129
1505266	7955.ENSDARP00000120909	248	2
1488814	7955.ENSDARP00000067933	7.94	2
1491693	7955.ENSDARP00000084389	3.85	3
1497897	7955.ENSDARP00000105328	731	9
1483248	7955.ENSDARP00000019888	768	184
1503504	7955.ENSDARP00000116372	349	1036
1501634	7955.ENSDARP00000111828	489	4
1495214	7955.ENSDARP00000099321	990	31
1481686	7955.ENSDARP00000005281	40.0	1
1483204	7955.ENSDARP00000019407	100	2
1488816	7955.ENSDARP00000067943	79.6	6
1487701	7955.ENSDARP00000061576	12.4	1
1485164	7955.ENSDARP00000041841	800	11
1484470	7955.ENSDARP00000033328	63.0	5
1488802	7955.ENSDARP00000067894	79.6	6
1499250	7955.ENSDARP00000107702	525	135
1501709	7955.ENSDARP00000111963	56.3	5
1504943	7955.ENSDARP00000120094	17.9	1
1481374	7955.ENSDARP00000002483	1046	64
1491711	7955.ENSDARP00000084514	55.3	3
1497907	7955.ENSDARP00000105344	843	74
1496810	7955.ENSDARP00000103087	281	3
1499532	7955.ENSDARP00000108197	1106	11
1500692	7955.ENSDARP00000110237	141	10
1506644	7955.ENSDARP00000124672	46.5	1
1486173	7955.ENSDARP00000052292	552	3
1484514	7955.ENSDARP00000033785	24.1	5
1490180	7955.ENSDARP00000074827	27.8	1
1504411	7955.ENSDARP00000118683	2.74	2
1482418	7955.ENSDARP00000012040	1.17	1
1482103	7955.ENSDARP00000009258	357	19
1492624	7955.ENSDARP00000089804	795	19
1499854	7955.ENSDARP00000108753	1.01	1
1501568	7955.ENSDARP00000111723	53.7	7
1502011	7955.ENSDARP00000112476	94.4	9
1487843	7955.ENSDARP00000062517	522	14
1481632	7955.ENSDARP00000004830	563	17
1502727	7955.ENSDARP00000114345	13.5	1
1506197	7955.ENSDARP00000123323	525	135
1482055	7955.ENSDARP00000008736	6.83	9
1498430	7955.ENSDARP00000106245	760	131
1481984	7955.ENSDARP00000008063	18.0	1
1486352	7955.ENSDARP00000053303	761	181
1500869	7955.ENSDARP00000110519	134	10
1484860	7955.ENSDARP00000038446	211	2
1499548	7955.ENSDARP00000108224	6006	6412
1506854	7955.ENSDARP00000125238	316	18
1501604	7955.ENSDARP00000111782	755	9
1486799	7955.ENSDARP00000056088	1365	181
1492578	7955.ENSDARP00000089645	234	24
1499720	7955.ENSDARP00000108502	752	129
1483639	7955.ENSDARP00000023671	499	15
1482139	7955.ENSDARP00000009605	114	4
1489565	7955.ENSDARP00000072006	879	186
1485090	7955.ENSDARP00000041141	7.52	30
1481915	7955.ENSDARP00000007446	2300	38
1497753	7955.ENSDARP00000105059	760	131
1503880	7955.ENSDARP00000117370	89.4	5
1486225	7955.ENSDARP00000052510	12.8	1
1494782	7955.ENSDARP00000098342	341	135
1487658	7955.ENSDARP00000061273	3892	17
1488187	7955.ENSDARP00000064375	1725	17
1482868	7955.ENSDARP00000016228	35.3	2
1500789	7955.ENSDARP00000110392	520	3
1487584	7955.ENSDARP00000060765	72.1	6
1501464	7955.ENSDARP00000111526	760	131
1492197	7955.ENSDARP00000087881	146	2
1489876	7955.ENSDARP00000073345	79.5	30
1493019	7955.ENSDARP00000091586	1568	11
1506689	7955.ENSDARP00000124846	3.74	2
1492250	7955.ENSDARP00000088115	46.6	1
1494085	7955.ENSDARP00000096079	336	12
1483752	7955.ENSDARP00000024643	21.8	1
1492189	7955.ENSDARP00000087873	578	4
1489615	7955.ENSDARP00000072253	31.7	3
1505065	7955.ENSDARP00000120377	1.06	1
1485447	7955.ENSDARP00000045014	17.6	1
1487899	7955.ENSDARP00000062786	681	5
1505407	7955.ENSDARP00000121314	438	6
1496293	7955.ENSDARP00000101872	133	9
1494084	7955.ENSDARP00000096076	279	10
1493522	7955.ENSDARP00000093734	461	136
1497861	7955.ENSDARP00000105266	117	1
1499676	7955.ENSDARP00000108433	24.3	1
1500166	7955.ENSDARP00000109299	760	131
1487734	7955.ENSDARP00000061755	488	4
1488805	7955.ENSDARP00000067901	12.9	3
1487782	7955.ENSDARP00000062142	270	28
1507326	7955.ENSDARP00000126314	4975	62
1486181	7955.ENSDARP00000052330	1684	11
1505202	7955.ENSDARP00000120742	4951	152
1485588	7955.ENSDARP00000046442	2.35	5
1488251	7955.ENSDARP00000064738	547	6
1496821	7955.ENSDARP00000103118	29.4	2
1500478	7955.ENSDARP00000109857	190	12
1485176	7955.ENSDARP00000041941	90.2	1
1487730	7955.ENSDARP00000061743	171	11
1497962	7955.ENSDARP00000105443	21596	310
1481947	7955.ENSDARP00000007716	3191	35
1487491	7955.ENSDARP00000060202	17.9	1
1485504	7955.ENSDARP00000045554	11.7	1
1490314	7955.ENSDARP00000075490	135	29
1485665	7955.ENSDARP00000047200	429	124
1503277	7955.ENSDARP00000115796	1021	4
1484062	7955.ENSDARP00000027654	85.8	1
1489357	7955.ENSDARP00000070667	393	12
1481733	7955.ENSDARP00000005719	2520	21
1502232	7955.ENSDARP00000113048	639	15
1487632	7955.ENSDARP00000061097	2.11	5
1492241	7955.ENSDARP00000088086	789	328
1492788	7955.ENSDARP00000090532	1.51	1
1499859	7955.ENSDARP00000108765	55.3	1
1498926	7955.ENSDARP00000107148	760	131
1501361	7955.ENSDARP00000111337	498	16
1492844	7955.ENSDARP00000090756	278	5
1489172	7955.ENSDARP00000069744	17.2	1
1488741	7955.ENSDARP00000067593	465	3
1485793	7955.ENSDARP00000048721	11.3	4
1483702	7955.ENSDARP00000024189	1506	10
1497751	7955.ENSDARP00000105057	154	10
1487173	7955.ENSDARP00000058402	1479	90
1504598	7955.ENSDARP00000119179	421	123
1501337	7955.ENSDARP00000111298	525	135
1494038	7955.ENSDARP00000095811	216	59
1489783	7955.ENSDARP00000072903	33.4	3
1492389	7955.ENSDARP00000088722	60.2	2
1481818	7955.ENSDARP00000006510	51.1	4
1501298	7955.ENSDARP00000111239	0.703	1
1503446	7955.ENSDARP00000116226	247	6
1501606	7955.ENSDARP00000111784	324	18
1493802	7955.ENSDARP00000094849	243	67
1492190	7955.ENSDARP00000087874	2200	12
1506398	7955.ENSDARP00000123883	22.1	2
1487078	7955.ENSDARP00000057822	29.2	1
1500437	7955.ENSDARP00000109780	1266	115
1501591	7955.ENSDARP00000111762	62.3	6
1494032	7955.ENSDARP00000095774	218	41
1481826	7955.ENSDARP00000006624	1086	9
1501911	7955.ENSDARP00000112306	34.7	1
1495973	7955.ENSDARP00000101100	477	37
1501574	7955.ENSDARP00000111734	188	11
1488791	7955.ENSDARP00000067865	1580	7
1489822	7955.ENSDARP00000073057	152	5
1481483	7955.ENSDARP00000003389	1913	35
1497532	7955.ENSDARP00000104674	8.18	8
1482363	7955.ENSDARP00000011549	1.92	1
1484896	7955.ENSDARP00000038835	20.6	1
1494133	7955.ENSDARP00000096295	22.2	1
1499185	7955.ENSDARP00000107585	760	131
1490778	7955.ENSDARP00000077786	1.76	1
1484668	7955.ENSDARP00000036006	41.8	3
1498736	7955.ENSDARP00000106788	35.1	1
1496628	7955.ENSDARP00000102672	67.2	6
1491769	7955.ENSDARP00000084961	34.2	3
1498794	7955.ENSDARP00000106897	968	14
1502331	7955.ENSDARP00000113307	1609	32
1499469	7955.ENSDARP00000108089	890	13
1499385	7955.ENSDARP00000107930	98.1	9
1487581	7955.ENSDARP00000060744	1056	49
1485589	7955.ENSDARP00000046453	260	65
1503775	7955.ENSDARP00000117068	65.5	3
1498616	7955.ENSDARP00000106566	882	6
1492816	7955.ENSDARP00000090632	357	57
1495964	7955.ENSDARP00000101076	8.02	1
1482131	7955.ENSDARP00000009538	163	3
1501091	7955.ENSDARP00000110895	2.84	2
1486642	7955.ENSDARP00000055185	2276	10
1481448	7955.ENSDARP00000003163	35.5	1
1496897	7955.ENSDARP00000103318	357	57
1495457	7955.ENSDARP00000099909	67.3	1
1493531	7955.ENSDARP00000093780	357	57
1487169	7955.ENSDARP00000058383	1768	44
1494950	7955.ENSDARP00000098726	357	57
1486921	7955.ENSDARP00000056848	482	944
1483074	7955.ENSDARP00000018027	22.4	1
1483900	7955.ENSDARP00000026070	184	4
1486902	7955.ENSDARP00000056744	18.7	1
1504035	7955.ENSDARP00000117773	42.7	2
1503172	7955.ENSDARP00000115512	67.2	6
1500559	7955.ENSDARP00000109990	306	6
1506598	7955.ENSDARP00000124511	147	3
1484960	7955.ENSDARP00000039656	2250	95
1483841	7955.ENSDARP00000025539	34.0	2
1507124	7955.ENSDARP00000125799	514	2
1487323	7955.ENSDARP00000059226	347	7
1502041	7955.ENSDARP00000112527	510	135
1487826	7955.ENSDARP00000062405	4.56	3
1498217	7955.ENSDARP00000105884	750	19
1499830	7955.ENSDARP00000108711	4673	253
1483951	7955.ENSDARP00000026566	64.0	1
1483577	7955.ENSDARP00000023121	2251	41
1493731	7955.ENSDARP00000094561	216	2
1492636	7955.ENSDARP00000089879	164	49
1502550	7955.ENSDARP00000113905	370	43
1494197	7955.ENSDARP00000096509	1349	107
1484942	7955.ENSDARP00000039324	178	22
1503184	7955.ENSDARP00000115544	6.01	3
1482325	7955.ENSDARP00000011243	1314	41
1487968	7955.ENSDARP00000063095	238	3
1501608	7955.ENSDARP00000111786	760	131
1498082	7955.ENSDARP00000105646	428	135
1500243	7955.ENSDARP00000109442	11.4	1
1491862	7955.ENSDARP00000085685	16.1	1
1492850	7955.ENSDARP00000090794	357	57
1496287	7955.ENSDARP00000101862	760	131
1486483	7955.ENSDARP00000054142	409	17
1503158	7955.ENSDARP00000115483	753	15
1484108	7955.ENSDARP00000028134	18.2	1
1484074	7955.ENSDARP00000027770	540	3
1504683	7955.ENSDARP00000119407	1.21	1
1487008	7955.ENSDARP00000057420	5.44	3
1488009	7955.ENSDARP00000063383	94.4	5
1488258	7955.ENSDARP00000064800	143	2
1496017	7955.ENSDARP00000101193	1609	32
1483123	7955.ENSDARP00000018594	3226	8
1500884	7955.ENSDARP00000110546	59.7	3
1486424	7955.ENSDARP00000053772	946	5
1499736	7955.ENSDARP00000108536	391	847
1483691	7955.ENSDARP00000024085	712	7
1505801	7955.ENSDARP00000122284	1516	39
1485063	7955.ENSDARP00000040770	887	4
1484170	7955.ENSDARP00000029079	356	5
1483407	7955.ENSDARP00000021569	196	37
1505512	7955.ENSDARP00000121564	1447	9
1501451	7955.ENSDARP00000111507	726	28
1482469	7955.ENSDARP00000012436	4.21	3
1481728	7955.ENSDARP00000005680	13.8	2
1500174	7955.ENSDARP00000109315	482	135
1489704	7955.ENSDARP00000072581	104	12
1499083	7955.ENSDARP00000107419	53.2	3
1483499	7955.ENSDARP00000022440	64.2	4
1488726	7955.ENSDARP00000067534	6.83	1
1482383	7955.ENSDARP00000011707	272	8
1487821	7955.ENSDARP00000062382	284	31
1488775	7955.ENSDARP00000067775	390	6
1493307	7955.ENSDARP00000092760	280	7
1497274	7955.ENSDARP00000104168	227	11
1503003	7955.ENSDARP00000115072	349	1036
1496564	7955.ENSDARP00000102498	314	28
1485934	7955.ENSDARP00000050295	474	4
1494015	7955.ENSDARP00000095691	1.34	1
1498732	7955.ENSDARP00000106781	480	135
1483258	7955.ENSDARP00000019957	226	563
1487201	7955.ENSDARP00000058547	89.4	2
1499521	7955.ENSDARP00000108181	30.0	1
1484199	7955.ENSDARP00000029491	84.3	26
1495005	7955.ENSDARP00000098846	23.0	3
1501438	7955.ENSDARP00000111487	881	9
1495495	7955.ENSDARP00000099983	102	2
1482658	7955.ENSDARP00000014260	16.5	1
1497378	7955.ENSDARP00000104399	357	57
1494037	7955.ENSDARP00000095806	251	65
1488804	7955.ENSDARP00000067896	990	31
1486747	7955.ENSDARP00000055756	11.2	3
1483604	7955.ENSDARP00000023354	45.3	2
1494714	7955.ENSDARP00000098182	69.1	6
1486276	7955.ENSDARP00000052837	7245	1971
1499308	7955.ENSDARP00000107798	395	94
1483973	7955.ENSDARP00000026810	97.7	2
1487733	7955.ENSDARP00000061750	592	26
1481781	7955.ENSDARP00000006201	41.2	1
1487270	7955.ENSDARP00000058912	14.4	2
1485247	7955.ENSDARP00000042754	44.8	6
1504686	7955.ENSDARP00000119413	3132	191
1485333	7955.ENSDARP00000043687	1779	29
1494251	7955.ENSDARP00000096703	123	3
1490237	7955.ENSDARP00000075110	7126	1963
1506295	7955.ENSDARP00000123565	23.4	1
1490162	7955.ENSDARP00000074719	471	9
1492187	7955.ENSDARP00000087871	306	2
1482587	7955.ENSDARP00000013441	135	10
1483559	7955.ENSDARP00000022906	88.2	1
1485360	7955.ENSDARP00000043931	3797	496
1504448	7955.ENSDARP00000118774	881	123
1495313	7955.ENSDARP00000099550	428	135
1482327	7955.ENSDARP00000011269	2328	3040
1481433	7955.ENSDARP00000003038	96.1	10
1502529	7955.ENSDARP00000113858	800	166
1488215	7955.ENSDARP00000064522	184	6
1489588	7955.ENSDARP00000072101	123	1
1504780	7955.ENSDARP00000119683	272	1
1495451	7955.ENSDARP00000099884	267	23
1489903	7955.ENSDARP00000073455	1471	46
1494042	7955.ENSDARP00000095870	2.37	1
1482999	7955.ENSDARP00000017456	267	14
1483572	7955.ENSDARP00000023063	8021	308
1482474	7955.ENSDARP00000012454	197	44
1494242	7955.ENSDARP00000096673	4.94	3
1505048	7955.ENSDARP00000120334	222	13
1485981	7955.ENSDARP00000050864	68.2	2
1481983	7955.ENSDARP00000008048	26.7	2
1491405	7955.ENSDARP00000082327	760	131
1485967	7955.ENSDARP00000050670	248	14
1504082	7955.ENSDARP00000117879	1392	32
1485937	7955.ENSDARP00000050331	45.7	3
1484291	7955.ENSDARP00000030881	5164	239
1482275	7955.ENSDARP00000010921	469	84
1487674	7955.ENSDARP00000061365	63.8	6
1500141	7955.ENSDARP00000109257	760	131
1486425	7955.ENSDARP00000053774	396	36
1505221	7955.ENSDARP00000120798	7.36	6
1506859	7955.ENSDARP00000125244	316	18
1495429	7955.ENSDARP00000099813	525	135
1487142	7955.ENSDARP00000058255	201	8
1485519	7955.ENSDARP00000045668	80.9	26
1487539	7955.ENSDARP00000060468	15.1	1
1485248	7955.ENSDARP00000042765	18.9	1
1504529	7955.ENSDARP00000118986	1813	191
1502745	7955.ENSDARP00000114387	314	15
1487243	7955.ENSDARP00000058736	371	4
1498182	7955.ENSDARP00000105815	941	75
1490188	7955.ENSDARP00000074848	2.01	1
1504263	7955.ENSDARP00000118326	148	50
1503141	7955.ENSDARP00000115443	972	4
1505987	7955.ENSDARP00000122764	1079	52
1495203	7955.ENSDARP00000099291	2.31	1
1498325	7955.ENSDARP00000106067	244	20
1485031	7955.ENSDARP00000040421	25.2	1
1489131	7955.ENSDARP00000069513	997	13
1488963	7955.ENSDARP00000068662	1190	83
1499273	7955.ENSDARP00000107737	990	31
1498373	7955.ENSDARP00000106154	174	6
1498977	7955.ENSDARP00000107234	357	57
1484003	7955.ENSDARP00000027046	740	14
1499789	7955.ENSDARP00000108629	259	5
1499110	7955.ENSDARP00000107468	39.7	1
1492071	7955.ENSDARP00000087157	1.3	1
1506514	7955.ENSDARP00000124248	382	6
1493419	7955.ENSDARP00000093301	5.62	1
1481528	7955.ENSDARP00000003738	1050	59
1486042	7955.ENSDARP00000051361	10353	7078
1485142	7955.ENSDARP00000041626	36.8	1
1485195	7955.ENSDARP00000042199	3118	166
1484405	7955.ENSDARP00000032456	144	14
1485049	7955.ENSDARP00000040644	34.2	3
1500061	7955.ENSDARP00000109119	822	67
1496944	7955.ENSDARP00000103408	11.9	1
1500989	7955.ENSDARP00000110724	314	4
1499876	7955.ENSDARP00000108798	55.2	3
1491491	7955.ENSDARP00000082917	3.2	2
1492072	7955.ENSDARP00000087158	1.42	1
1494312	7955.ENSDARP00000096934	53.3	2
1488027	7955.ENSDARP00000063524	13.0	1
1499120	7955.ENSDARP00000107491	190	49
1493049	7955.ENSDARP00000091733	19.7	3
1504996	7955.ENSDARP00000120213	57.9	8
1497178	7955.ENSDARP00000103937	480	135
1501416	7955.ENSDARP00000111451	173	11
1493532	7955.ENSDARP00000093781	990	31
1502150	7955.ENSDARP00000112851	56.3	5
1489379	7955.ENSDARP00000070807	841	29
1497750	7955.ENSDARP00000105055	3.23	2
1488101	7955.ENSDARP00000063869	824	10
1489651	7955.ENSDARP00000072376	3437	42
1502821	7955.ENSDARP00000114580	183	270
1502820	7955.ENSDARP00000114578	292	1
1501748	7955.ENSDARP00000112034	760	131
1484500	7955.ENSDARP00000033600	154	1
1488518	7955.ENSDARP00000066429	6680	1768
1483455	7955.ENSDARP00000022077	2210	134
1489801	7955.ENSDARP00000072971	170	7
1491959	7955.ENSDARP00000086433	114	4
1500451	7955.ENSDARP00000109807	501	153
1481529	7955.ENSDARP00000003744	21.3	1
1500121	7955.ENSDARP00000109226	324	18
1499818	7955.ENSDARP00000108688	10.3	1
1492692	7955.ENSDARP00000090133	1260	182
1481525	7955.ENSDARP00000003705	119	4
1504059	7955.ENSDARP00000117827	14.3	1
1486770	7955.ENSDARP00000055912	525	135
1497214	7955.ENSDARP00000104033	259	68
1496313	7955.ENSDARP00000101928	2.91	1
1490012	7955.ENSDARP00000073910	120	2
1507185	7955.ENSDARP00000125930	4.6	1
1482530	7955.ENSDARP00000012931	20.1	1
1501909	7955.ENSDARP00000112301	357	57
1484892	7955.ENSDARP00000038799	771	10
1498863	7955.ENSDARP00000107028	760	131
1493424	7955.ENSDARP00000093318	153	7
1503456	7955.ENSDARP00000116242	29.0	4
1493538	7955.ENSDARP00000093801	358	135
1485089	7955.ENSDARP00000041113	336	4
1485483	7955.ENSDARP00000045298	94.0	2
1487874	7955.ENSDARP00000062670	430	99
1500089	7955.ENSDARP00000109185	628	7
1498975	7955.ENSDARP00000107232	343	57
1505907	7955.ENSDARP00000122542	1269	18
1501715	7955.ENSDARP00000111973	525	135
1490532	7955.ENSDARP00000076384	4.95	3
1502498	7955.ENSDARP00000113756	396	36
1498750	7955.ENSDARP00000106807	77.4	1
1493559	7955.ENSDARP00000093898	443	18
1484110	7955.ENSDARP00000028148	264	67
1501783	7955.ENSDARP00000112092	525	135
1502421	7955.ENSDARP00000113541	525	135
1491339	7955.ENSDARP00000081816	1087	64
1494222	7955.ENSDARP00000096581	1610	194
1483783	7955.ENSDARP00000024981	28.0	4
1488688	7955.ENSDARP00000067349	72.3	1
1502024	7955.ENSDARP00000112496	85.6	12
1500429	7955.ENSDARP00000109765	2019	29
1489323	7955.ENSDARP00000070509	97.2	2
1497414	7955.ENSDARP00000104468	881	123
1490075	7955.ENSDARP00000074169	26440	292
1488082	7955.ENSDARP00000063788	1525	22
1485007	7955.ENSDARP00000040203	638	136
1506553	7955.ENSDARP00000124366	7.23	30
1492194	7955.ENSDARP00000087878	95.2	2
1488718	7955.ENSDARP00000067511	31.7	1
1500386	7955.ENSDARP00000109696	5.34	3
1507155	7955.ENSDARP00000125872	19.6	5
1481949	7955.ENSDARP00000007735	52.9	2
1501061	7955.ENSDARP00000110851	373	103
1503580	7955.ENSDARP00000116574	357	57
1489201	7955.ENSDARP00000069948	15165	433
1503316	7955.ENSDARP00000115888	299	13
1499417	7955.ENSDARP00000107998	760	131
1485147	7955.ENSDARP00000041699	1120	26
1483487	7955.ENSDARP00000022320	90.3	2
1488634	7955.ENSDARP00000067065	14.3	1
1491390	7955.ENSDARP00000082159	46.5	4
1501382	7955.ENSDARP00000111380	113	3
1485219	7955.ENSDARP00000042420	9.88	1
1497364	7955.ENSDARP00000104359	18.3	2
1496068	7955.ENSDARP00000101311	760	131
1486119	7955.ENSDARP00000051848	1891	44
1498905	7955.ENSDARP00000107110	915	49
1491786	7955.ENSDARP00000085108	4.28	1
1505344	7955.ENSDARP00000121147	38.3	4
1482896	7955.ENSDARP00000016540	65.0	6
1487277	7955.ENSDARP00000058954	2978	8
1498819	7955.ENSDARP00000106947	198	8
1500715	7955.ENSDARP00000110274	72.0	3
1503461	7955.ENSDARP00000116252	1.08	1
1481516	7955.ENSDARP00000003646	188	11
1484348	7955.ENSDARP00000031737	173	2
1487088	7955.ENSDARP00000057866	84.8	2
1483164	7955.ENSDARP00000018980	894	10
1482477	7955.ENSDARP00000012500	206	8
1482357	7955.ENSDARP00000011510	118	3
1486677	7955.ENSDARP00000055379	525	114
1483996	7955.ENSDARP00000026992	8.57	1
1502134	7955.ENSDARP00000112824	1609	32
1482046	7955.ENSDARP00000008663	64.4	2
1484030	7955.ENSDARP00000027342	6801	59
1500151	7955.ENSDARP00000109275	5.22	2
1503658	7955.ENSDARP00000116781	236	13
1484975	7955.ENSDARP00000039864	177	2
1498102	7955.ENSDARP00000105678	200	19
1501691	7955.ENSDARP00000111930	760	131
1497017	7955.ENSDARP00000103576	357	57
1491616	7955.ENSDARP00000083835	215	5
1488779	7955.ENSDARP00000067802	782	21
1498333	7955.ENSDARP00000106080	57.2	2
1505053	7955.ENSDARP00000120344	1392	32
1504986	7955.ENSDARP00000120183	1000	17
1493777	7955.ENSDARP00000094762	38.0	1
1484404	7955.ENSDARP00000032453	6315	74
1486553	7955.ENSDARP00000054618	25.4	1
1487936	7955.ENSDARP00000062982	274	5
1482089	7955.ENSDARP00000009148	8.17	6
1482328	7955.ENSDARP00000011271	705	54
1491015	7955.ENSDARP00000079577	0.4	1
1506488	7955.ENSDARP00000124162	253	58
1499478	7955.ENSDARP00000108108	1039	23
1484552	7955.ENSDARP00000034317	108	1
1486497	7955.ENSDARP00000054229	397	14
1482726	7955.ENSDARP00000014978	127	10
1496128	7955.ENSDARP00000101467	760	131
1482568	7955.ENSDARP00000013286	66.5	30
1501647	7955.ENSDARP00000111851	990	31
1502143	7955.ENSDARP00000112841	25.3	2
1493535	7955.ENSDARP00000093790	990	31
1492374	7955.ENSDARP00000088646	315	24
1488473	7955.ENSDARP00000066176	947	153
1481397	7955.ENSDARP00000002761	34.2	3
1490642	7955.ENSDARP00000076844	22.8	1
1494910	7955.ENSDARP00000098631	12.0	2
1491381	7955.ENSDARP00000082104	10.7	1
1481292	7955.ENSDARP00000000803	2533	548
1485899	7955.ENSDARP00000049894	1589	12
1492762	7955.ENSDARP00000090434	743	48
1484163	7955.ENSDARP00000028970	166	8
1504477	7955.ENSDARP00000118861	24.3	1
1481770	7955.ENSDARP00000006085	66.8	2
1493523	7955.ENSDARP00000093747	331	57
1506649	7955.ENSDARP00000124697	167	4
1485560	7955.ENSDARP00000046076	114	5
1503705	7955.ENSDARP00000116905	5.5	1
1482110	7955.ENSDARP00000009320	519	149
1495415	7955.ENSDARP00000099772	4093	5187
1506412	7955.ENSDARP00000123920	137	6
1483861	7955.ENSDARP00000025702	908	63
1500196	7955.ENSDARP00000109355	760	131
1507416	7955.ENSDARP00000126524	1.1	1
1496132	7955.ENSDARP00000101478	2946	46
1493871	7955.ENSDARP00000095139	210	2
1482813	7955.ENSDARP00000015805	396	36
1503539	7955.ENSDARP00000116459	681	11
1489727	7955.ENSDARP00000072678	9581	3914
1502747	7955.ENSDARP00000114396	776	31
1482850	7955.ENSDARP00000016098	20.3	3
1489339	7955.ENSDARP00000070561	29.4	2
1506750	7955.ENSDARP00000125036	3.51	25
1483265	7955.ENSDARP00000020027	8780	136
1481451	7955.ENSDARP00000003177	17.8	2
1486838	7955.ENSDARP00000056318	2629	18
1490006	7955.ENSDARP00000073887	285	4
1505894	7955.ENSDARP00000122502	322	1009
1505044	7955.ENSDARP00000120324	3.8	1
1506459	7955.ENSDARP00000124085	2450	3
1487856	7955.ENSDARP00000062555	1151	16
1485666	7955.ENSDARP00000047205	77.5	8
1487280	7955.ENSDARP00000058963	1547	19
1507056	7955.ENSDARP00000125625	19.1	1
1488367	7955.ENSDARP00000065447	50.4	1
1504249	7955.ENSDARP00000118276	574	11
1489900	7955.ENSDARP00000073437	43.1	2
1500012	7955.ENSDARP00000109044	760	131
1488023	7955.ENSDARP00000063483	163	36
1482470	7955.ENSDARP00000012437	66.8	3
1497261	7955.ENSDARP00000104140	1.83	1
1483371	7955.ENSDARP00000021124	17.8	3
1483899	7955.ENSDARP00000026065	23.6	4
1484521	7955.ENSDARP00000033907	1163	59
1487429	7955.ENSDARP00000059885	2092	70
1498551	7955.ENSDARP00000106443	760	131
1482223	7955.ENSDARP00000010413	21.1	8
1481596	7955.ENSDARP00000004394	13.2	5
1481372	7955.ENSDARP00000002475	218	4
1483834	7955.ENSDARP00000025501	56.2	2
1483040	7955.ENSDARP00000017776	25.0	17
1494051	7955.ENSDARP00000095894	430	14
1483525	7955.ENSDARP00000022595	100	2
1499563	7955.ENSDARP00000108249	429	5
1488590	7955.ENSDARP00000066897	2404	31
1487807	7955.ENSDARP00000062323	407	48
1498577	7955.ENSDARP00000106496	760	131
1503897	7955.ENSDARP00000117401	18.3	2
1490582	7955.ENSDARP00000076561	28.5	1
1499966	7955.ENSDARP00000108965	1692	16
1485804	7955.ENSDARP00000048827	41.4	20
1482632	7955.ENSDARP00000013967	38.3	6
1485722	7955.ENSDARP00000047864	338	67
1499769	7955.ENSDARP00000108591	861	61
1485672	7955.ENSDARP00000047268	1392	32
1497811	7955.ENSDARP00000105168	760	131
1482678	7955.ENSDARP00000014456	1302	32
1502602	7955.ENSDARP00000114025	99.5	2
1481381	7955.ENSDARP00000002544	1293	182
1500213	7955.ENSDARP00000109385	1296	182
1490585	7955.ENSDARP00000076580	57.5	6
1489730	7955.ENSDARP00000072687	13817	4944
1504050	7955.ENSDARP00000117812	2.35	2
1505187	7955.ENSDARP00000120702	324	18
1495465	7955.ENSDARP00000099928	272	8
1491291	7955.ENSDARP00000081505	53.7	2
1490975	7955.ENSDARP00000079254	4.01	1
1507198	7955.ENSDARP00000125972	1392	32
1482170	7955.ENSDARP00000009909	29.0	2
1505796	7955.ENSDARP00000122263	5194	1015
1503620	7955.ENSDARP00000116678	27.5	13
1497520	7955.ENSDARP00000104653	15.9	2
1492093	7955.ENSDARP00000087338	11.7	1
1487537	7955.ENSDARP00000060457	228	12
1499816	7955.ENSDARP00000108686	236	13
1481335	7955.ENSDARP00000002122	61.7	3
1488226	7955.ENSDARP00000064608	16.2	3
1482308	7955.ENSDARP00000011148	495	5
1493877	7955.ENSDARP00000095167	302	1
1492631	7955.ENSDARP00000089834	379	12
1484531	7955.ENSDARP00000034077	812	49
1487644	7955.ENSDARP00000061148	662	126
1481941	7955.ENSDARP00000007676	87.2	3
1498770	7955.ENSDARP00000106853	23.2	2
1495144	7955.ENSDARP00000099156	133	2
1493851	7955.ENSDARP00000095074	95.2	5
1489168	7955.ENSDARP00000069708	741	5
1484806	7955.ENSDARP00000037759	42.7	1
1498782	7955.ENSDARP00000106877	357	57
1491297	7955.ENSDARP00000081533	126	29
1484947	7955.ENSDARP00000039450	94.2	4
1489628	7955.ENSDARP00000072300	218	4
1483031	7955.ENSDARP00000017693	21.8	2
1499964	7955.ENSDARP00000108963	36.7	2
1484205	7955.ENSDARP00000029607	158	32
1493701	7955.ENSDARP00000094413	314	28
1484089	7955.ENSDARP00000027947	3909	156
1483706	7955.ENSDARP00000024210	26.1	14
1495273	7955.ENSDARP00000099464	87.6	1
1497929	7955.ENSDARP00000105375	4.51	1
1497876	7955.ENSDARP00000105290	357	57
1487629	7955.ENSDARP00000061057	2.49	5
1507179	7955.ENSDARP00000125918	7.39	30
1493244	7955.ENSDARP00000092484	3214	48
1492907	7955.ENSDARP00000091049	178	2
1481345	7955.ENSDARP00000002223	97.8	3
1485177	7955.ENSDARP00000041959	672	41
1496601	7955.ENSDARP00000102600	104	1
1489777	7955.ENSDARP00000072874	698	16
1487458	7955.ENSDARP00000060055	2832	105
1486205	7955.ENSDARP00000052417	11.2	1
1493010	7955.ENSDARP00000091555	10.4	1
1490431	7955.ENSDARP00000075994	277	11
1504862	7955.ENSDARP00000119887	384	4
1501580	7955.ENSDARP00000111742	1036	127
1502257	7955.ENSDARP00000113118	776	9
1483013	7955.ENSDARP00000017569	72.0	2
1506769	7955.ENSDARP00000125089	325	1011
1481794	7955.ENSDARP00000006320	18.2	1
1501507	7955.ENSDARP00000111619	25.2	1
1481841	7955.ENSDARP00000006783	186	3
1489609	7955.ENSDARP00000072235	357	11
1501354	7955.ENSDARP00000111326	4453	5796
1498324	7955.ENSDARP00000106065	48.7	1
1490788	7955.ENSDARP00000077832	760	131
1506581	7955.ENSDARP00000124448	125	6
1484037	7955.ENSDARP00000027389	2921	125
1488840	7955.ENSDARP00000068070	13.9	1
1492968	7955.ENSDARP00000091393	135	13
1490257	7955.ENSDARP00000075204	21.6	1
1481674	7955.ENSDARP00000005224	1656	445
1483481	7955.ENSDARP00000022302	23.5	4
1497372	7955.ENSDARP00000104379	760	131
1487219	7955.ENSDARP00000058628	7670	1996
1493245	7955.ENSDARP00000092488	17576	366
1498177	7955.ENSDARP00000105809	861	61
1498914	7955.ENSDARP00000107127	136	9
1490167	7955.ENSDARP00000074756	875	4
1481679	7955.ENSDARP00000005260	353	12
1484382	7955.ENSDARP00000032193	2.12	3
1487086	7955.ENSDARP00000057864	144	1
1484928	7955.ENSDARP00000039188	70.8	1
1486150	7955.ENSDARP00000052096	255	3
1488177	7955.ENSDARP00000064310	79.8	1
1505454	7955.ENSDARP00000121430	1.64	1
1499357	7955.ENSDARP00000107877	21.3	1
1495708	7955.ENSDARP00000100463	83.3	21
1497508	7955.ENSDARP00000104628	6.92	1
1491298	7955.ENSDARP00000081539	909	123
1490487	7955.ENSDARP00000076212	10.0	1
1500322	7955.ENSDARP00000109579	7.41	1
1484307	7955.ENSDARP00000031098	271	4
1494007	7955.ENSDARP00000095652	1090	323
1489073	7955.ENSDARP00000069198	118	3
1494020	7955.ENSDARP00000095720	163	42
1495642	7955.ENSDARP00000100331	1284	5
1485564	7955.ENSDARP00000046121	34.1	4
1485374	7955.ENSDARP00000044084	1.85	1
1482890	7955.ENSDARP00000016453	2658	176
1492416	7955.ENSDARP00000088868	3.0	2
1493878	7955.ENSDARP00000095170	96.0	1
1506274	7955.ENSDARP00000123530	319	9
1493534	7955.ENSDARP00000093787	357	57
1502316	7955.ENSDARP00000113274	307	13
1485836	7955.ENSDARP00000049166	180	3
1484436	7955.ENSDARP00000032856	8.69	4
1503644	7955.ENSDARP00000116739	525	135
1483463	7955.ENSDARP00000022120	27.7	2
1485866	7955.ENSDARP00000049461	350	6
1501115	7955.ENSDARP00000110935	760	131
1489165	7955.ENSDARP00000069695	3266	2358
1500275	7955.ENSDARP00000109497	4997	30
1481894	7955.ENSDARP00000007240	112	6
1491456	7955.ENSDARP00000082673	46.2	1
1502480	7955.ENSDARP00000113693	97.5	8
1492307	7955.ENSDARP00000088354	1202	49
1494104	7955.ENSDARP00000096178	79.2	1
1494179	7955.ENSDARP00000096443	137	8
1502325	7955.ENSDARP00000113290	216	270
1483236	7955.ENSDARP00000019813	161	3
1487538	7955.ENSDARP00000060465	1806	15
1503903	7955.ENSDARP00000117418	471	59
1501009	7955.ENSDARP00000110759	318	57
1503815	7955.ENSDARP00000117185	1.17	1
1496624	7955.ENSDARP00000102663	12.3	1
1487646	7955.ENSDARP00000061164	15128	2955
1496586	7955.ENSDARP00000102559	22.1	1
1488142	7955.ENSDARP00000064110	445	3
1482615	7955.ENSDARP00000013777	8320	155
1493543	7955.ENSDARP00000093817	10.6	1
1493536	7955.ENSDARP00000093791	525	135
1486197	7955.ENSDARP00000052382	637	11
1481359	7955.ENSDARP00000002360	11.5	1
1485924	7955.ENSDARP00000050204	98.0	2
1505461	7955.ENSDARP00000121444	346	4
1489851	7955.ENSDARP00000073195	2.29	5
1498408	7955.ENSDARP00000106208	77.5	8
1490996	7955.ENSDARP00000079424	56.3	5
1503349	7955.ENSDARP00000115964	4240	4292
1493092	7955.ENSDARP00000091899	562	7
1496158	7955.ENSDARP00000101541	20623	236
1495383	7955.ENSDARP00000099712	59.4	4
1501139	7955.ENSDARP00000110972	28.1	1
1491678	7955.ENSDARP00000084277	1609	32
1487818	7955.ENSDARP00000062369	7438	1986
1485525	7955.ENSDARP00000045696	82.6	1
1485637	7955.ENSDARP00000046972	51.6	4
1481407	7955.ENSDARP00000002825	57.1	6
1503773	7955.ENSDARP00000117066	21.8	2
1484516	7955.ENSDARP00000033806	571	16
1501316	7955.ENSDARP00000111268	181	2
1486610	7955.ENSDARP00000054986	5194	1015
1506302	7955.ENSDARP00000123601	171	63
1489827	7955.ENSDARP00000073086	137	3
1482083	7955.ENSDARP00000009096	973	18
1500865	7955.ENSDARP00000110511	525	135
1482605	7955.ENSDARP00000013627	13.3	1
1499549	7955.ENSDARP00000108226	104	12
1503181	7955.ENSDARP00000115538	162	2
1503526	7955.ENSDARP00000116425	3.62	3
1483712	7955.ENSDARP00000024272	62.1	22
1490215	7955.ENSDARP00000074959	629	6
1495959	7955.ENSDARP00000101063	64.0	7
1498482	7955.ENSDARP00000106325	12.7	1
1493062	7955.ENSDARP00000091804	14.4	1
1485087	7955.ENSDARP00000041087	1039	23
1488544	7955.ENSDARP00000066619	49.0	11
1501096	7955.ENSDARP00000110906	101	2
1494243	7955.ENSDARP00000096674	13832	1118
1497297	7955.ENSDARP00000104203	147	3
1482739	7955.ENSDARP00000015065	1191	37
1483530	7955.ENSDARP00000022641	205	5
1485858	7955.ENSDARP00000049374	4.45	1
1492825	7955.ENSDARP00000090664	372	2
1488194	7955.ENSDARP00000064399	79.6	6
1500631	7955.ENSDARP00000110121	88.8	9
1484501	7955.ENSDARP00000033622	625	28
1494755	7955.ENSDARP00000098279	264	13
1505477	7955.ENSDARP00000121484	317	1008
1490519	7955.ENSDARP00000076340	53.3	2
1486041	7955.ENSDARP00000051359	4067	4493
1483243	7955.ENSDARP00000019829	395	39
1501358	7955.ENSDARP00000111333	748	181
1506753	7955.ENSDARP00000125046	233	8
1489416	7955.ENSDARP00000071046	101	8
1505999	7955.ENSDARP00000122796	77.1	6
1486113	7955.ENSDARP00000051803	87.5	1
1497667	7955.ENSDARP00000104918	357	57
1496011	7955.ENSDARP00000101178	77.1	6
1503893	7955.ENSDARP00000117394	55.1	12
1498924	7955.ENSDARP00000107144	356	5
1505531	7955.ENSDARP00000121623	60.0	2
1492495	7955.ENSDARP00000089201	42.1	1
1485300	7955.ENSDARP00000043297	102	1
1493101	7955.ENSDARP00000091921	86.2	26
1485269	7955.ENSDARP00000043001	33.0	1
1488102	7955.ENSDARP00000063876	218	5
1486312	7955.ENSDARP00000053076	3213	37
1484579	7955.ENSDARP00000034804	150	2
1486061	7955.ENSDARP00000051532	102	2
1504074	7955.ENSDARP00000117864	742	5
1493229	7955.ENSDARP00000092429	30.2	1
1485134	7955.ENSDARP00000041563	1.46	1
1494318	7955.ENSDARP00000096964	3.85	1
1501887	7955.ENSDARP00000112265	89.1	9
1482512	7955.ENSDARP00000012767	13.8	2
1490539	7955.ENSDARP00000076404	861	18
1484925	7955.ENSDARP00000039143	878	11
1490753	7955.ENSDARP00000077647	15.2	2
1498937	7955.ENSDARP00000107173	2130	29
1505560	7955.ENSDARP00000121692	136	7
1486973	7955.ENSDARP00000057215	0.633	1
1482563	7955.ENSDARP00000013244	57.5	6
1493898	7955.ENSDARP00000095260	222	8
1486467	7955.ENSDARP00000054055	76.2	1
1502234	7955.ENSDARP00000113050	4.04	5
1493583	7955.ENSDARP00000093966	26.9	4
1484877	7955.ENSDARP00000038658	1445	17
1489594	7955.ENSDARP00000072130	9.15	2
1497170	7955.ENSDARP00000103912	181	2
1484064	7955.ENSDARP00000027662	173	4
1505456	7955.ENSDARP00000121437	495	12
1491158	7955.ENSDARP00000080499	0.65	1
1483608	7955.ENSDARP00000023429	13.9	2
1482900	7955.ENSDARP00000016602	39.9	1
1500987	7955.ENSDARP00000110721	33.7	1
1483362	7955.ENSDARP00000021016	499	107
1502030	7955.ENSDARP00000112506	63.4	3
1501443	7955.ENSDARP00000111493	525	135
1488800	7955.ENSDARP00000067891	357	57
1505809	7955.ENSDARP00000122305	61.4	2
1494335	7955.ENSDARP00000097050	7752	279
1497140	7955.ENSDARP00000103854	21.0	8
1487688	7955.ENSDARP00000061480	174	3
1487097	7955.ENSDARP00000057943	820	6
1499000	7955.ENSDARP00000107272	292	9
1486912	7955.ENSDARP00000056789	180	1
1486742	7955.ENSDARP00000055741	17.7	3
1493173	7955.ENSDARP00000092223	5104	235
1482948	7955.ENSDARP00000016957	742	3
1494405	7955.ENSDARP00000097447	112	3
1501182	7955.ENSDARP00000111051	57.4	5
1504939	7955.ENSDARP00000120086	2.55	2
1483851	7955.ENSDARP00000025613	769	16
1495356	7955.ENSDARP00000099639	98.1	9
1482264	7955.ENSDARP00000010840	3.62	1
1482269	7955.ENSDARP00000010878	374	17
1507408	7955.ENSDARP00000126512	3.49	1
1503983	7955.ENSDARP00000117628	436	13
1492412	7955.ENSDARP00000088840	4613	5418
1483156	7955.ENSDARP00000018923	15.1	2
1486104	7955.ENSDARP00000051762	155	3
1506525	7955.ENSDARP00000124278	62.8	3
1505042	7955.ENSDARP00000120317	87.4	6
1488134	7955.ENSDARP00000064079	22.8	1
1481507	7955.ENSDARP00000003571	202	6
1501124	7955.ENSDARP00000110951	3.8	1
1505181	7955.ENSDARP00000120686	221	3
1495955	7955.ENSDARP00000101055	206	9
1489901	7955.ENSDARP00000073439	344	11
1485171	7955.ENSDARP00000041896	16.4	1
1493037	7955.ENSDARP00000091691	249	4
1494315	7955.ENSDARP00000096950	77.5	8
1506310	7955.ENSDARP00000123619	357	57
1486261	7955.ENSDARP00000052729	2594	24
1486227	7955.ENSDARP00000052528	2006	14
1506574	7955.ENSDARP00000124424	143	6
1492735	7955.ENSDARP00000090306	428	1067
1485178	7955.ENSDARP00000041991	19.3	2
1486020	7955.ENSDARP00000051185	49.9	1
1497510	7955.ENSDARP00000104630	357	57
1504465	7955.ENSDARP00000118825	21.3	1
1483112	7955.ENSDARP00000018458	11.7	1
1483517	7955.ENSDARP00000022550	210	29
1485340	7955.ENSDARP00000043742	126	19
1481537	7955.ENSDARP00000003814	61.0	2
1502495	7955.ENSDARP00000113739	86.4	3
1491796	7955.ENSDARP00000085166	18.4	1
1485202	7955.ENSDARP00000042254	10.7	1
1506004	7955.ENSDARP00000122802	48.8	5
1498911	7955.ENSDARP00000107122	524	122
1488744	7955.ENSDARP00000067603	167	22
1499695	7955.ENSDARP00000108465	357	57
1503595	7955.ENSDARP00000116609	20.4	1
1483904	7955.ENSDARP00000026092	230	6
1487075	7955.ENSDARP00000057787	363	135
1489894	7955.ENSDARP00000073415	391	1039
1486630	7955.ENSDARP00000055135	13305	2199
1493692	7955.ENSDARP00000094384	16.2	3
1506241	7955.ENSDARP00000123447	16.7	1
1497774	7955.ENSDARP00000105094	1380	216
1486958	7955.ENSDARP00000057089	207	4
1483321	7955.ENSDARP00000020578	27.7	2
1497925	7955.ENSDARP00000105368	57.5	6
1503640	7955.ENSDARP00000116723	753	15
1498595	7955.ENSDARP00000106530	65.1	1
1482901	7955.ENSDARP00000016622	16.2	3
1500971	7955.ENSDARP00000110694	200	19
1486796	7955.ENSDARP00000056071	23.0	3
1499722	7955.ENSDARP00000108507	585	12
1492442	7955.ENSDARP00000089001	99.9	2
1481621	7955.ENSDARP00000004708	149	3
1500907	7955.ENSDARP00000110577	1004	36
1485287	7955.ENSDARP00000043172	1612	14
1506989	7955.ENSDARP00000125496	316	18
1494766	7955.ENSDARP00000098301	128	2
1499164	7955.ENSDARP00000107557	420	5
1494196	7955.ENSDARP00000096504	6356	258
1496859	7955.ENSDARP00000103208	454	135
1500756	7955.ENSDARP00000110339	79.6	4
1482367	7955.ENSDARP00000011595	84.4	2
1481515	7955.ENSDARP00000003641	2839	34
1497879	7955.ENSDARP00000105296	475	13
1503890	7955.ENSDARP00000117390	307	13
1484302	7955.ENSDARP00000031014	892	12
1489562	7955.ENSDARP00000071963	32.2	1
1501408	7955.ENSDARP00000111434	324	18
1494122	7955.ENSDARP00000096258	580	5
1496513	7955.ENSDARP00000102385	483	59
1502981	7955.ENSDARP00000115012	12453	4551
1504581	7955.ENSDARP00000119118	56.8	5
1484305	7955.ENSDARP00000031042	2.72	2
1489208	7955.ENSDARP00000069977	1370	13
1485900	7955.ENSDARP00000049899	268	4
1498549	7955.ENSDARP00000106441	3326	3648
1504602	7955.ENSDARP00000119184	4.61	5
1483149	7955.ENSDARP00000018865	1388	18
1496656	7955.ENSDARP00000102749	357	57
1501259	7955.ENSDARP00000111175	760	131
1504492	7955.ENSDARP00000118893	4.88	1
1500344	7955.ENSDARP00000109625	619	122
1489664	7955.ENSDARP00000072424	1.9	1
1488706	7955.ENSDARP00000067432	119	4
1489095	7955.ENSDARP00000069300	1254	22
1495585	7955.ENSDARP00000100195	11598	1607
1498658	7955.ENSDARP00000106634	760	131
1483886	7955.ENSDARP00000025885	221	53
1493481	7955.ENSDARP00000093555	53.6	7
1498726	7955.ENSDARP00000106769	95.7	1
1502589	7955.ENSDARP00000113988	11486	4416
1502815	7955.ENSDARP00000114570	3.27	1
1499063	7955.ENSDARP00000107383	19.5	1
1488803	7955.ENSDARP00000067895	357	57
1499040	7955.ENSDARP00000107339	374	9
1496830	7955.ENSDARP00000103150	7.49	2
1482054	7955.ENSDARP00000008722	5.99	1
1487278	7955.ENSDARP00000058955	150	28
1496912	7955.ENSDARP00000103347	25.8	3
1482185	7955.ENSDARP00000010055	792	11
1497226	7955.ENSDARP00000104060	2.07	3
1483585	7955.ENSDARP00000023177	1344	17
1488503	7955.ENSDARP00000066372	322	8
1495706	7955.ENSDARP00000100461	192	5
1481409	7955.ENSDARP00000002844	132	5
1485929	7955.ENSDARP00000050237	20501	6029
1495253	7955.ENSDARP00000099418	306	3
1485639	7955.ENSDARP00000046982	85.3	2
1497224	7955.ENSDARP00000104054	5.38	1
1502367	7955.ENSDARP00000113408	31.5	3
1492847	7955.ENSDARP00000090766	193	26
1496834	7955.ENSDARP00000103155	7.43	1
1489873	7955.ENSDARP00000073325	98.1	2
1499697	7955.ENSDARP00000108469	12.8	1
1493032	7955.ENSDARP00000091666	331	6
1502429	7955.ENSDARP00000113553	628	8
1500403	7955.ENSDARP00000109720	34.7	3
1481340	7955.ENSDARP00000002175	709	100
1502766	7955.ENSDARP00000114437	8.33	30
1481744	7955.ENSDARP00000005837	2636	8
1482860	7955.ENSDARP00000016158	1762	12
1486512	7955.ENSDARP00000054339	1061	10
1486753	7955.ENSDARP00000055809	200	3
1486752	7955.ENSDARP00000055793	208	2
1499665	7955.ENSDARP00000108417	357	57
1484819	7955.ENSDARP00000037871	21365	786
1499180	7955.ENSDARP00000107578	324	18
1505468	7955.ENSDARP00000121459	525	135
1497128	7955.ENSDARP00000103819	357	57
1502371	7955.ENSDARP00000113417	92.1	1
1484454	7955.ENSDARP00000033180	2.06	5
1487353	7955.ENSDARP00000059365	18560	757
1507133	7955.ENSDARP00000125818	9.88	1
1488507	7955.ENSDARP00000066382	100	9
1487761	7955.ENSDARP00000061957	2479	28
1492119	7955.ENSDARP00000087462	1392	32
1489133	7955.ENSDARP00000069525	184	30
1490717	7955.ENSDARP00000077331	30.5	5
1500635	7955.ENSDARP00000110129	3.74	1
1492935	7955.ENSDARP00000091193	6.89	3
1481464	7955.ENSDARP00000003281	83.2	2
1506840	7955.ENSDARP00000125214	452	11
1484634	7955.ENSDARP00000035453	63.8	6
1489301	7955.ENSDARP00000070408	90.4	6
1489105	7955.ENSDARP00000069336	6.75	1
1497837	7955.ENSDARP00000105220	990	31
1492192	7955.ENSDARP00000087876	392	1
1497200	7955.ENSDARP00000104002	163	4
1494304	7955.ENSDARP00000096898	200	28
1483778	7955.ENSDARP00000024900	3416	321
1485542	7955.ENSDARP00000045900	2374	28
1492225	7955.ENSDARP00000088020	27.2	3
1492195	7955.ENSDARP00000087879	81.6	3
1505533	7955.ENSDARP00000121632	35.0	3
1488801	7955.ENSDARP00000067893	357	57
1497090	7955.ENSDARP00000103731	26.6	3
1481463	7955.ENSDARP00000003276	24.1	2
1486620	7955.ENSDARP00000055063	307	15
1494425	7955.ENSDARP00000097494	53.2	1
1483643	7955.ENSDARP00000023685	1012	25
1488751	7955.ENSDARP00000067634	318	7
1492505	7955.ENSDARP00000089263	6.77	1
1488058	7955.ENSDARP00000063661	6799	184
1505521	7955.ENSDARP00000121591	274	5
1497114	7955.ENSDARP00000103794	349	33
1484564	7955.ENSDARP00000034536	688	10
1481857	7955.ENSDARP00000006888	45.5	5
1493956	7955.ENSDARP00000095458	472	5
1497568	7955.ENSDARP00000104730	3.89	1
1490405	7955.ENSDARP00000075869	11.1	5
1486698	7955.ENSDARP00000055503	1141	22
1483189	7955.ENSDARP00000019235	43.7	6
1503586	7955.ENSDARP00000116589	815	26
1484340	7955.ENSDARP00000031650	90.2	6
1501517	7955.ENSDARP00000111631	63.8	6
1499879	7955.ENSDARP00000108805	152	3
1484014	7955.ENSDARP00000027118	705	43
1487783	7955.ENSDARP00000062145	9.88	1
1485824	7955.ENSDARP00000049002	7.91	1
1485427	7955.ENSDARP00000044689	143	8
1489569	7955.ENSDARP00000072017	5.89	1
1503386	7955.ENSDARP00000116075	7146	6393
1485130	7955.ENSDARP00000041514	35.7	2
1497990	7955.ENSDARP00000105496	760	131
1500209	7955.ENSDARP00000109376	298	9
1495305	7955.ENSDARP00000099532	275	726
1484125	7955.ENSDARP00000028465	50.4	1
1505813	7955.ENSDARP00000122314	0.741	1
1486493	7955.ENSDARP00000054204	794	8
1506127	7955.ENSDARP00000123136	457	7
1487623	7955.ENSDARP00000061000	494	15
1496890	7955.ENSDARP00000103300	137	2
1488450	7955.ENSDARP00000065997	5.32	1
1497041	7955.ENSDARP00000103621	382	12
1496672	7955.ENSDARP00000102775	525	135
1493274	7955.ENSDARP00000092617	1096	35
1502614	7955.ENSDARP00000114052	244	14
1499890	7955.ENSDARP00000108828	357	57
1484574	7955.ENSDARP00000034733	279	24
1481643	7955.ENSDARP00000004932	4898	101
1488352	7955.ENSDARP00000065374	6.51	3
1507350	7955.ENSDARP00000126369	22.5	1
1497047	7955.ENSDARP00000103634	601	15
1488817	7955.ENSDARP00000067945	357	57
1484345	7955.ENSDARP00000031690	5342	68
1484241	7955.ENSDARP00000030050	21.1	8
1500032	7955.ENSDARP00000109071	760	131
1485355	7955.ENSDARP00000043898	80.8	5
1484142	7955.ENSDARP00000028689	111	7
1481318	7955.ENSDARP00000001575	19.1	1
1494642	7955.ENSDARP00000098004	403	69
1490230	7955.ENSDARP00000075074	508	7
1488508	7955.ENSDARP00000066383	184	17
1503842	7955.ENSDARP00000117259	79.5	5
1498065	7955.ENSDARP00000105615	5.22	2
1501868	7955.ENSDARP00000112233	171	6
1494528	7955.ENSDARP00000097735	1455	13
1487760	7955.ENSDARP00000061954	141	3
1482840	7955.ENSDARP00000015985	16.7	3
1482766	7955.ENSDARP00000015328	391	9
1488820	7955.ENSDARP00000067953	1115	17
1487478	7955.ENSDARP00000060165	1173	48
1500167	7955.ENSDARP00000109300	8.47	1
1497617	7955.ENSDARP00000104823	822	43
1489266	7955.ENSDARP00000070231	58.6	4
1482828	7955.ENSDARP00000015917	3271	298
1485779	7955.ENSDARP00000048549	35.8	1
1484640	7955.ENSDARP00000035541	110	1
1503480	7955.ENSDARP00000116310	146	2
1507071	7955.ENSDARP00000125663	7.67	1
1485018	7955.ENSDARP00000040327	268	57
1506516	7955.ENSDARP00000124254	327	8
1487803	7955.ENSDARP00000062277	451	9
1504847	7955.ENSDARP00000119857	274	10
1504441	7955.ENSDARP00000118756	23.8	1
1486026	7955.ENSDARP00000051230	30.0	3
1506519	7955.ENSDARP00000124263	9.17	4
1493746	7955.ENSDARP00000094626	15.9	11
1488583	7955.ENSDARP00000066858	524	122
1494182	7955.ENSDARP00000096449	1086	155
1483323	7955.ENSDARP00000020595	2217	12
1493397	7955.ENSDARP00000093236	721	6
1486619	7955.ENSDARP00000055061	5018	60
1482543	7955.ENSDARP00000013042	13.0	10
1492188	7955.ENSDARP00000087872	3563	25
1482926	7955.ENSDARP00000016818	4.37	3
1504178	7955.ENSDARP00000118091	265	24
1486868	7955.ENSDARP00000056539	1858	34
1498675	7955.ENSDARP00000106669	525	135
1490387	7955.ENSDARP00000075802	109	6
1483583	7955.ENSDARP00000023158	955	106
1499587	7955.ENSDARP00000108289	151	40
1490463	7955.ENSDARP00000076104	287	9
1491244	7955.ENSDARP00000081180	13.2	1
1488156	7955.ENSDARP00000064171	16.0	2
1484566	7955.ENSDARP00000034555	1364	14
1490829	7955.ENSDARP00000078114	2.33	1
1498379	7955.ENSDARP00000106162	120	6
1501072	7955.ENSDARP00000110869	357	57
1482050	7955.ENSDARP00000008690	281	29
1488010	7955.ENSDARP00000063391	226	4
1489504	7955.ENSDARP00000071656	518	7
1502682	7955.ENSDARP00000114245	6.72	2
1493706	7955.ENSDARP00000094422	16.6	2
1503353	7955.ENSDARP00000115968	4.93	1
1494498	7955.ENSDARP00000097665	200	19
1483743	7955.ENSDARP00000024560	341	20
1484419	7955.ENSDARP00000032688	129	11
1495696	7955.ENSDARP00000100434	7438	1986
1492033	7955.ENSDARP00000086897	354	5
1494820	7955.ENSDARP00000098432	525	135
1489044	7955.ENSDARP00000069063	9.25	1
1483949	7955.ENSDARP00000026546	225	10
1488594	7955.ENSDARP00000066929	702	16
1490210	7955.ENSDARP00000074935	200	28
