#id: 295
#name: D.rerio - Pancreas, SC (Kelkar,MCP,2014)
#score: 10.87
#weight: 100%
#description: abundance based on Spectral counting, from<a href="http://www.ncbi.nlm.nih.gov/pubmed/25060758" target="_blank">Kelkar,MCP,2014</a><br/><b>Interaction consistency score</b>: 10.87&nbsp<b>Coverage</b>: 8
#organ: PANCREAS
#integrated: false
#coverage: 8
#publication_year: 2014
#filename: 7955-ZF_IntPanc_Kelkar_2014_SEQUEST.txt
#
#internal_id	string_external_id	abundance	raw_spectral_count
1483760	7955.ENSDARP00000024693	36.6	2
1505315	7955.ENSDARP00000121065	10.7	6
1487522	7955.ENSDARP00000060362	148	7
1496597	7955.ENSDARP00000102588	0.026	1
1501874	7955.ENSDARP00000112247	4389	141
1483013	7955.ENSDARP00000017569	695	56
1495187	7955.ENSDARP00000099251	37.4	8
1483297	7955.ENSDARP00000020358	1033	11
1490111	7955.ENSDARP00000074422	677	53
1484563	7955.ENSDARP00000034534	670	18
1497750	7955.ENSDARP00000105055	0.029	1
1488853	7955.ENSDARP00000068111	80.8	6
1486376	7955.ENSDARP00000053431	13.3	1
1490961	7955.ENSDARP00000079165	8.53	2
1496837	7955.ENSDARP00000103160	8.59	1
1483439	7955.ENSDARP00000021916	730	27
1482983	7955.ENSDARP00000017326	470	254
1487491	7955.ENSDARP00000060202	9.23	1
1500639	7955.ENSDARP00000110138	0.029	1
1485027	7955.ENSDARP00000040396	1240	34
1485862	7955.ENSDARP00000049424	291	24
1506186	7955.ENSDARP00000123299	49.6	34
1482575	7955.ENSDARP00000013329	1482	94
1498335	7955.ENSDARP00000106083	0.024	1
1499841	7955.ENSDARP00000108727	149	93
1506145	7955.ENSDARP00000123183	422	17
1488803	7955.ENSDARP00000067895	237	60
1501414	7955.ENSDARP00000111447	324	154
1482327	7955.ENSDARP00000011269	27.7	88
1494094	7955.ENSDARP00000096118	30.9	4
1484929	7955.ENSDARP00000039201	22.1	2
1484013	7955.ENSDARP00000027115	1027	61
1487314	7955.ENSDARP00000059193	439	6
1482228	7955.ENSDARP00000010427	41.5	6
1504839	7955.ENSDARP00000119844	0.036	1
1503878	7955.ENSDARP00000117366	151	37
1502335	7955.ENSDARP00000113317	0.029	1
1507353	7955.ENSDARP00000126372	0.021	1
1489054	7955.ENSDARP00000069096	262	9
1483334	7955.ENSDARP00000020775	347	33
1492856	7955.ENSDARP00000090833	2404	117
1503883	7955.ENSDARP00000117378	2.86	1
1484618	7955.ENSDARP00000035273	1627	23
1485845	7955.ENSDARP00000049263	202	14
1500699	7955.ENSDARP00000110252	0.091	1
1492955	7955.ENSDARP00000091324	28.1	8
1481636	7955.ENSDARP00000004866	116	10
1492422	7955.ENSDARP00000088891	62.0	1
1496152	7955.ENSDARP00000101525	351	154
1500894	7955.ENSDARP00000110558	210	24
1501849	7955.ENSDARP00000112199	14080	387
1481782	7955.ENSDARP00000006207	896	60
1493307	7955.ENSDARP00000092760	147	7
1485539	7955.ENSDARP00000045887	2096	142
1505159	7955.ENSDARP00000120625	0.031	1
1496634	7955.ENSDARP00000102682	237	60
1488693	7955.ENSDARP00000067373	21.5	1
1486190	7955.ENSDARP00000052354	68.5	17
1495313	7955.ENSDARP00000099550	284	154
1498489	7955.ENSDARP00000106336	0.024	1
1482474	7955.ENSDARP00000012454	818	40
1503045	7955.ENSDARP00000115194	0.019	1
1493701	7955.ENSDARP00000094413	314	59
1505272	7955.ENSDARP00000120927	63.8	4
1492926	7955.ENSDARP00000091115	6.16	5
1500494	7955.ENSDARP00000109883	11.6	7
1495069	7955.ENSDARP00000098986	3.25	1
1481855	7955.ENSDARP00000006882	219	16
1482674	7955.ENSDARP00000014422	9.26	2
1491071	7955.ENSDARP00000079911	7.6	1
1501757	7955.ENSDARP00000112050	87.9	3
1485681	7955.ENSDARP00000047408	1.25	2
1499915	7955.ENSDARP00000108873	73.7	3
1484805	7955.ENSDARP00000037758	739	19
1503932	7955.ENSDARP00000117497	163	10
1502798	7955.ENSDARP00000114517	0.026	1
1481854	7955.ENSDARP00000006875	49.5	6
1505351	7955.ENSDARP00000121163	25.5	3
1484412	7955.ENSDARP00000032575	622	78
1499155	7955.ENSDARP00000107547	542	191
1489173	7955.ENSDARP00000069745	256	19
1488177	7955.ENSDARP00000064310	39.4	1
1492125	7955.ENSDARP00000087500	351	10
1485677	7955.ENSDARP00000047376	13.7	1
1490312	7955.ENSDARP00000075482	10.9	1
1486922	7955.ENSDARP00000056852	12.8	37
1499467	7955.ENSDARP00000108086	17.8	14
1505693	7955.ENSDARP00000122009	351	154
1503589	7955.ENSDARP00000116598	44.9	4
1485899	7955.ENSDARP00000049894	1488	35
1505743	7955.ENSDARP00000122141	971	15
1493871	7955.ENSDARP00000095139	200	3
1493832	7955.ENSDARP00000094991	29.5	3
1489900	7955.ENSDARP00000073437	42.6	3
1498667	7955.ENSDARP00000106653	0.054	1
1503532	7955.ENSDARP00000116441	75.5	5
1502919	7955.ENSDARP00000114843	0.022	1
1506809	7955.ENSDARP00000125167	0.022	1
1506271	7955.ENSDARP00000123522	119	8
1504782	7955.ENSDARP00000119693	23.7	1
1505492	7955.ENSDARP00000121507	0.027	1
1505182	7955.ENSDARP00000120690	73.9	9
1501009	7955.ENSDARP00000110759	215	60
1483029	7955.ENSDARP00000017670	102	6
1483562	7955.ENSDARP00000022929	37.4	8
1499147	7955.ENSDARP00000107534	0.026	1
1505597	7955.ENSDARP00000121783	0.02	1
1504060	7955.ENSDARP00000117834	20.4	2
1482909	7955.ENSDARP00000016680	1875	29
1491244	7955.ENSDARP00000081180	129	17
1485317	7955.ENSDARP00000043498	6.81	1
1492412	7955.ENSDARP00000088840	106	214
1503054	7955.ENSDARP00000115222	0.022	1
1484470	7955.ENSDARP00000033328	33.0	5
1481972	7955.ENSDARP00000007921	10.1	1
1491227	7955.ENSDARP00000081054	23.2	3
1491754	7955.ENSDARP00000084839	4.48	1
1488196	7955.ENSDARP00000064418	305	6
1493067	7955.ENSDARP00000091816	638	55
1499532	7955.ENSDARP00000108197	6705	99
1499751	7955.ENSDARP00000108560	44.9	2
1490180	7955.ENSDARP00000074827	30.7	8
1504411	7955.ENSDARP00000118683	0.025	1
1506670	7955.ENSDARP00000124776	72.1	3
1488896	7955.ENSDARP00000068336	1787	72
1502157	7955.ENSDARP00000112873	71.9	2
1483819	7955.ENSDARP00000025342	45.0	3
1503442	7955.ENSDARP00000116215	174	5
1506267	7955.ENSDARP00000123509	0.02	1
1500053	7955.ENSDARP00000109106	27.0	2
1481430	7955.ENSDARP00000003030	95.5	6
1487843	7955.ENSDARP00000062517	360	14
1498185	7955.ENSDARP00000105821	10.8	2
1499364	7955.ENSDARP00000107891	0.028	1
1486039	7955.ENSDARP00000051312	114	11
1489399	7955.ENSDARP00000070950	57.0	3
1482208	7955.ENSDARP00000010256	1.28	1
1496963	7955.ENSDARP00000103447	0.028	1
1499164	7955.ENSDARP00000107557	158	5
1488079	7955.ENSDARP00000063778	22.5	3
1484860	7955.ENSDARP00000038446	160	3
1487727	7955.ENSDARP00000061735	15.6	1
1499548	7955.ENSDARP00000108224	70.7	183
1494601	7955.ENSDARP00000097928	0.024	1
1495070	7955.ENSDARP00000098989	1.09	3
1495200	7955.ENSDARP00000099283	9.19	3
1499720	7955.ENSDARP00000108502	542	191
1483639	7955.ENSDARP00000023671	200	13
1494889	7955.ENSDARP00000098595	37.4	8
1487353	7955.ENSDARP00000059365	942	109
1495936	7955.ENSDARP00000101021	60.2	2
1489315	7955.ENSDARP00000070471	2524	130
1496830	7955.ENSDARP00000103150	1.63	1
1486225	7955.ENSDARP00000052510	101	4
1495429	7955.ENSDARP00000099813	351	154
1488187	7955.ENSDARP00000064375	8398	199
1487584	7955.ENSDARP00000060765	56.7	9
1492140	7955.ENSDARP00000087584	11.9	2
1486185	7955.ENSDARP00000052345	97.9	9
1500107	7955.ENSDARP00000109208	0.026	1
1489919	7955.ENSDARP00000073505	833	82
1505461	7955.ENSDARP00000121444	129	3
1488058	7955.ENSDARP00000063661	2021	116
1492033	7955.ENSDARP00000086897	125	4
1483752	7955.ENSDARP00000024643	898	103
1491544	7955.ENSDARP00000083337	25.1	1
1483529	7955.ENSDARP00000022618	14.2	1
1494148	7955.ENSDARP00000096352	142	34
1503625	7955.ENSDARP00000116689	0.018	1
1492880	7955.ENSDARP00000090936	4.19	2
1498854	7955.ENSDARP00000107003	0.024	1
1486779	7955.ENSDARP00000055971	247	41
1503099	7955.ENSDARP00000115345	25.6	3
1484469	7955.ENSDARP00000033318	291	24
1496541	7955.ENSDARP00000102443	3.01	1
1506889	7955.ENSDARP00000125309	0.024	1
1486181	7955.ENSDARP00000052330	1026	16
1485928	7955.ENSDARP00000050236	351	154
1503138	7955.ENSDARP00000115436	366	8
1484341	7955.ENSDARP00000031658	1.2	2
1484235	7955.ENSDARP00000029935	68.2	6
1481617	7955.ENSDARP00000004687	173	14
1485693	7955.ENSDARP00000047527	20.7	11
1500093	7955.ENSDARP00000109189	6.41	6
1482364	7955.ENSDARP00000011562	6304	241
1490314	7955.ENSDARP00000075490	227	108
1500693	7955.ENSDARP00000110238	50.4	4
1486499	7955.ENSDARP00000054237	774	13
1484062	7955.ENSDARP00000027654	800	22
1482127	7955.ENSDARP00000009507	22.2	2
1481733	7955.ENSDARP00000005719	1154	18
1487632	7955.ENSDARP00000061097	30.8	27
1492241	7955.ENSDARP00000088086	42.0	22
1482720	7955.ENSDARP00000014929	11.0	2
1500756	7955.ENSDARP00000110339	661	54
1485848	7955.ENSDARP00000049290	8.54	2
1494020	7955.ENSDARP00000095720	226	120
1483604	7955.ENSDARP00000023354	341	27
1488775	7955.ENSDARP00000067775	171	8
1490603	7955.ENSDARP00000076687	12.9	1
1502625	7955.ENSDARP00000114081	0.018	1
1486256	7955.ENSDARP00000052687	87.1	29
1490211	7955.ENSDARP00000074936	55.6	2
1504598	7955.ENSDARP00000119179	402	258
1482604	7955.ENSDARP00000013624	172	6
1494198	7955.ENSDARP00000096512	2860	162
1489783	7955.ENSDARP00000072903	36.5	7
1492389	7955.ENSDARP00000088722	46.0	3
1481818	7955.ENSDARP00000006510	194	20
1485584	7955.ENSDARP00000046419	231	50
1504624	7955.ENSDARP00000119246	0.027	1
1498126	7955.ENSDARP00000105718	3.06	1
1481695	7955.ENSDARP00000005361	401	8
1506398	7955.ENSDARP00000123883	482	54
1494155	7955.ENSDARP00000096373	3739	137
1489579	7955.ENSDARP00000072076	5.31	1
1505012	7955.ENSDARP00000120247	32.0	1
1482888	7955.ENSDARP00000016395	2.86	1
1494795	7955.ENSDARP00000098365	0.028	1
1502055	7955.ENSDARP00000112568	0.02	1
1498524	7955.ENSDARP00000106400	35.5	2
1481483	7955.ENSDARP00000003389	1699	55
1502930	7955.ENSDARP00000114868	0.029	1
1503773	7955.ENSDARP00000117066	108	19
1498085	7955.ENSDARP00000105649	582	4
1484305	7955.ENSDARP00000031042	7.62	11
1494133	7955.ENSDARP00000096295	21.7	2
1489476	7955.ENSDARP00000071527	190	8
1496628	7955.ENSDARP00000102672	196	20
1488894	7955.ENSDARP00000068317	18.4	7
1486749	7955.ENSDARP00000055770	90.5	18
1484337	7955.ENSDARP00000031608	57.7	6
1486296	7955.ENSDARP00000052929	142	9
1485568	7955.ENSDARP00000046171	9894	270
1507102	7955.ENSDARP00000125746	312	26
1498616	7955.ENSDARP00000106566	258	10
1503983	7955.ENSDARP00000117628	3165	155
1501091	7955.ENSDARP00000110895	115	23
1486642	7955.ENSDARP00000055185	464	5
1506898	7955.ENSDARP00000125323	0.118	1
1499585	7955.ENSDARP00000108286	0.022	1
1503339	7955.ENSDARP00000115939	0.023	1
1484564	7955.ENSDARP00000034536	37.2	1
1487169	7955.ENSDARP00000058383	6016	314
1494950	7955.ENSDARP00000098726	237	60
1483074	7955.ENSDARP00000018027	20.5	2
1504850	7955.ENSDARP00000119862	0.025	1
1493629	7955.ENSDARP00000094134	26.9	1
1495696	7955.ENSDARP00000100434	392	239
1484960	7955.ENSDARP00000039656	63.3	11
1502036	7955.ENSDARP00000112517	1096	27
1507124	7955.ENSDARP00000125799	217	2
1487323	7955.ENSDARP00000059226	217	8
1502041	7955.ENSDARP00000112527	346	154
1507361	7955.ENSDARP00000126393	0.025	1
1499830	7955.ENSDARP00000108711	2135	217
1489017	7955.ENSDARP00000068957	39.1	6
1483577	7955.ENSDARP00000023121	1484	78
1492573	7955.ENSDARP00000089612	143	4
1489867	7955.ENSDARP00000073298	48.2	5
1507429	7955.ENSDARP00000126558	0.018	1
1486970	7955.ENSDARP00000057178	32.7	27
1494076	7955.ENSDARP00000096043	37.4	8
1506381	7955.ENSDARP00000123814	2.77	1
1502726	7955.ENSDARP00000114344	0.065	1
1495192	7955.ENSDARP00000099263	1.01	1
1501608	7955.ENSDARP00000111786	542	191
1492850	7955.ENSDARP00000090794	237	60
1496287	7955.ENSDARP00000101862	542	191
1486483	7955.ENSDARP00000054142	222	20
1485029	7955.ENSDARP00000040408	186	10
1492551	7955.ENSDARP00000089469	5.8	1
1500424	7955.ENSDARP00000109758	0.025	1
1484205	7955.ENSDARP00000029607	301	45
1484074	7955.ENSDARP00000027770	318	6
1504517	7955.ENSDARP00000118953	0.028	1
1488009	7955.ENSDARP00000063383	178	12
1496017	7955.ENSDARP00000101193	1689	32
1501987	7955.ENSDARP00000112435	60.2	3
1504251	7955.ENSDARP00000118280	144	21
1500884	7955.ENSDARP00000110546	36.8	4
1488000	7955.ENSDARP00000063284	1798	50
1494277	7955.ENSDARP00000096822	0.133	1
1489594	7955.ENSDARP00000072130	9.9	6
1484170	7955.ENSDARP00000029079	370	5
1507020	7955.ENSDARP00000125554	0.03	1
1488544	7955.ENSDARP00000066619	73.0	26
1500379	7955.ENSDARP00000109682	22.0	4
1492189	7955.ENSDARP00000087873	388	5
1493657	7955.ENSDARP00000094251	22.9	1
1490430	7955.ENSDARP00000075987	7.4	1
1506644	7955.ENSDARP00000124672	62.6	5
1490215	7955.ENSDARP00000074959	296	6
1503995	7955.ENSDARP00000117657	45.3	4
1497274	7955.ENSDARP00000104168	341	18
1504749	7955.ENSDARP00000119591	0.028	1
1502970	7955.ENSDARP00000114988	73.0	15
1502351	7955.ENSDARP00000113362	1.75	2
1498732	7955.ENSDARP00000106781	324	154
1490352	7955.ENSDARP00000075658	843	116
1489068	7955.ENSDARP00000069178	15.8	2
1501511	7955.ENSDARP00000111623	0.032	1
1484134	7955.ENSDARP00000028571	179	19
1503171	7955.ENSDARP00000115511	48.3	2
1497378	7955.ENSDARP00000104399	237	60
1494037	7955.ENSDARP00000095806	126	65
1488804	7955.ENSDARP00000067896	868	30
1487518	7955.ENSDARP00000060346	11480	331
1494714	7955.ENSDARP00000098182	199	20
1487038	7955.ENSDARP00000057576	51.9	10
1499750	7955.ENSDARP00000108556	522	38
1490194	7955.ENSDARP00000074872	192	12
1496672	7955.ENSDARP00000102775	351	154
1487856	7955.ENSDARP00000062555	3731	97
1506680	7955.ENSDARP00000124804	835	9
1497114	7955.ENSDARP00000103794	2583	460
1501076	7955.ENSDARP00000110875	37.2	3
1488163	7955.ENSDARP00000064203	959	61
1483062	7955.ENSDARP00000017916	12.5	4
1506083	7955.ENSDARP00000123005	106	5
1490237	7955.ENSDARP00000075110	392	239
1500847	7955.ENSDARP00000110484	649	48
1493092	7955.ENSDARP00000091899	3048	60
1482050	7955.ENSDARP00000008690	264	50
1504448	7955.ENSDARP00000118774	913	204
1490493	7955.ENSDARP00000076230	4.21	5
1485889	7955.ENSDARP00000049792	363	24
1493300	7955.ENSDARP00000092727	2035	104
1486551	7955.ENSDARP00000054598	1.44	1
1481674	7955.ENSDARP00000005224	37.7	28
1481433	7955.ENSDARP00000003038	66.9	16
1504939	7955.ENSDARP00000120086	0.023	1
1486179	7955.ENSDARP00000052324	29.2	3
1482999	7955.ENSDARP00000017456	191	31
1483572	7955.ENSDARP00000023063	337	29
1482398	7955.ENSDARP00000011837	443	22
1485981	7955.ENSDARP00000050864	53.0	3
1485989	7955.ENSDARP00000050915	58.5	8
1491405	7955.ENSDARP00000082327	542	191
1496484	7955.ENSDARP00000102325	0.034	1
1485967	7955.ENSDARP00000050670	281	27
1494631	7955.ENSDARP00000097989	944	52
1493894	7955.ENSDARP00000095248	1634	5
1485937	7955.ENSDARP00000050331	181	22
1494435	7955.ENSDARP00000097516	0.025	1
1483873	7955.ENSDARP00000025779	9.15	1
1498074	7955.ENSDARP00000105632	130	16
1498530	7955.ENSDARP00000106409	12.8	1
1500141	7955.ENSDARP00000109257	542	191
1484518	7955.ENSDARP00000033828	38.3	6
1486859	7955.ENSDARP00000056465	16.7	5
1487120	7955.ENSDARP00000058066	909	28
1495119	7955.ENSDARP00000099084	5.85	1
1501620	7955.ENSDARP00000111803	4.11	1
1506217	7955.ENSDARP00000123388	0.02	1
1483829	7955.ENSDARP00000025466	140	11
1491750	7955.ENSDARP00000084821	39.5	3
1487243	7955.ENSDARP00000058736	484	10
1487173	7955.ENSDARP00000058402	2156	224
1504263	7955.ENSDARP00000118326	138	34
1485512	7955.ENSDARP00000045608	87.7	4
1481347	7955.ENSDARP00000002234	52.9	3
1490124	7955.ENSDARP00000074504	7395	192
1485885	7955.ENSDARP00000049686	2681	50
1498325	7955.ENSDARP00000106067	406	44
1485031	7955.ENSDARP00000040421	3465	174
1503458	7955.ENSDARP00000116247	0.026	1
1489133	7955.ENSDARP00000069525	255	81
1501622	7955.ENSDARP00000111808	104	8
1503916	7955.ENSDARP00000117456	1340	78
1488425	7955.ENSDARP00000065840	0.37	1
1498977	7955.ENSDARP00000107234	237	60
1499789	7955.ENSDARP00000108629	68.9	3
1506979	7955.ENSDARP00000125473	0.024	1
1500153	7955.ENSDARP00000109278	7.84	2
1502402	7955.ENSDARP00000113485	0.024	1
1482824	7955.ENSDARP00000015884	487	12
1485934	7955.ENSDARP00000050295	59.2	1
1488126	7955.ENSDARP00000064030	2.78	2
1481310	7955.ENSDARP00000001291	641	59
1485195	7955.ENSDARP00000042199	466	50
1499305	7955.ENSDARP00000107792	152	8
1494786	7955.ENSDARP00000098348	196	11
1497178	7955.ENSDARP00000103937	324	154
1486829	7955.ENSDARP00000056277	73.4	4
1503677	7955.ENSDARP00000116832	0.026	1
1499876	7955.ENSDARP00000108798	259	16
1491491	7955.ENSDARP00000082917	4.05	4
1498626	7955.ENSDARP00000106579	22.0	2
1487520	7955.ENSDARP00000060360	335	9
1502547	7955.ENSDARP00000113895	0.02	1
1502320	7955.ENSDARP00000113279	3.77	5
1493049	7955.ENSDARP00000091733	8.47	3
1498163	7955.ENSDARP00000105782	24.4	4
1485933	7955.ENSDARP00000050270	3790	377
1501416	7955.ENSDARP00000111451	167	27
1487227	7955.ENSDARP00000058679	13.6	1
1498171	7955.ENSDARP00000105800	14.4	1
1487402	7955.ENSDARP00000059692	3216	80
1493987	7955.ENSDARP00000095570	893	33
1506921	7955.ENSDARP00000125369	0.055	1
1502421	7955.ENSDARP00000113541	351	154
1492915	7955.ENSDARP00000091082	6272	300
1502821	7955.ENSDARP00000114580	1.63	5
1493901	7955.ENSDARP00000095265	357	62
1501748	7955.ENSDARP00000112034	542	191
1484500	7955.ENSDARP00000033600	157	2
1493267	7955.ENSDARP00000092578	173	11
1507158	7955.ENSDARP00000125876	48.3	3
1484171	7955.ENSDARP00000029090	56.3	6
1481767	7955.ENSDARP00000006047	27.3	3
1497225	7955.ENSDARP00000104056	8.93	1
1491785	7955.ENSDARP00000085102	0.871	1
1481529	7955.ENSDARP00000003744	119	14
1502070	7955.ENSDARP00000112604	0.029	1
1505513	7955.ENSDARP00000121565	0.024	1
1486961	7955.ENSDARP00000057100	310	47
1485028	7955.ENSDARP00000040404	87.5	12
1485622	7955.ENSDARP00000046840	6.59	1
1504357	7955.ENSDARP00000118564	0.049	1
1494722	7955.ENSDARP00000098194	474	14
1494115	7955.ENSDARP00000096234	199	5
1501909	7955.ENSDARP00000112301	237	60
1484892	7955.ENSDARP00000038799	1265	29
1498863	7955.ENSDARP00000107028	542	191
1507050	7955.ENSDARP00000125615	0.028	1
1501261	7955.ENSDARP00000111179	12.1	2
1500089	7955.ENSDARP00000109185	433	7
1489177	7955.ENSDARP00000069759	47.9	5
1501715	7955.ENSDARP00000111973	351	154
1502238	7955.ENSDARP00000113059	0.029	1
1492495	7955.ENSDARP00000089201	1778	124
1488665	7955.ENSDARP00000067187	1.57	3
1501783	7955.ENSDARP00000112092	351	154
1494498	7955.ENSDARP00000097665	91.9	16
1498768	7955.ENSDARP00000106848	2102	480
1483211	7955.ENSDARP00000019477	545	17
1504002	7955.ENSDARP00000117673	603	29
1483783	7955.ENSDARP00000024981	10310	496
1488283	7955.ENSDARP00000064973	31.8	1
1489134	7955.ENSDARP00000069533	4.72	4
1504281	7955.ENSDARP00000118370	64.8	4
1484416	7955.ENSDARP00000032643	329	11
1504340	7955.ENSDARP00000118519	0.022	1
1497414	7955.ENSDARP00000104468	927	205
1482567	7955.ENSDARP00000013280	10.1	1
1490075	7955.ENSDARP00000074169	1298	36
1488718	7955.ENSDARP00000067511	139	7
1481949	7955.ENSDARP00000007735	157	12
1503845	7955.ENSDARP00000117264	0.023	1
1501061	7955.ENSDARP00000110851	593	337
1503316	7955.ENSDARP00000115888	203	17
1488782	7955.ENSDARP00000067816	1064	83
1488711	7955.ENSDARP00000067447	316	16
1485131	7955.ENSDARP00000041530	279	5
1487458	7955.ENSDARP00000060055	1140	78
1493244	7955.ENSDARP00000092484	1159	33
1501333	7955.ENSDARP00000111292	0.021	1
1481317	7955.ENSDARP00000001565	127	5
1500560	7955.ENSDARP00000109993	43.3	4
1496068	7955.ENSDARP00000101311	542	191
1498905	7955.ENSDARP00000107110	2142	201
1502173	7955.ENSDARP00000112917	6759	217
1482896	7955.ENSDARP00000016540	49.4	8
1498021	7955.ENSDARP00000105545	0.023	1
1493328	7955.ENSDARP00000092867	8.77	4
1503461	7955.ENSDARP00000116252	0.02	1
1502981	7955.ENSDARP00000115012	763	659
1492912	7955.ENSDARP00000091066	465	24
1482477	7955.ENSDARP00000012500	59.8	14
1482419	7955.ENSDARP00000012048	102	19
1485447	7955.ENSDARP00000045014	95.8	14
1502339	7955.ENSDARP00000113325	0.022	1
1493866	7955.ENSDARP00000095128	10.9	6
1487275	7955.ENSDARP00000058944	402	18
1498102	7955.ENSDARP00000105678	91.9	16
1502832	7955.ENSDARP00000114613	0.025	1
1494425	7955.ENSDARP00000097494	155	8
1494149	7955.ENSDARP00000096357	5.06	1
1488779	7955.ENSDARP00000067802	1123	52
1498333	7955.ENSDARP00000106080	24.7	2
1505053	7955.ENSDARP00000120344	1070	30
1504986	7955.ENSDARP00000120183	910	25
1504666	7955.ENSDARP00000119366	0.023	1
1481624	7955.ENSDARP00000004741	10.2	1
1487064	7955.ENSDARP00000057698	72.5	19
1484634	7955.ENSDARP00000035453	51.5	9
1487936	7955.ENSDARP00000062982	586	20
1499937	7955.ENSDARP00000108912	311	11
1482925	7955.ENSDARP00000016814	5877	159
1482086	7955.ENSDARP00000009133	227	11
1481957	7955.ENSDARP00000007799	8.52	1
1484745	7955.ENSDARP00000037025	68.9	4
1483368	7955.ENSDARP00000021095	125	1
1499478	7955.ENSDARP00000108108	463	26
1494820	7955.ENSDARP00000098432	351	154
1496128	7955.ENSDARP00000101467	542	191
1482568	7955.ENSDARP00000013286	26.8	15
1501239	7955.ENSDARP00000111142	13.6	3
1492374	7955.ENSDARP00000088646	67.7	10
1488473	7955.ENSDARP00000066176	738	302
1485832	7955.ENSDARP00000049134	170	18
1492709	7955.ENSDARP00000090198	108	4
1489822	7955.ENSDARP00000073057	297	19
1483757	7955.ENSDARP00000024670	1.44	1
1506157	7955.ENSDARP00000123225	0.021	1
1492762	7955.ENSDARP00000090434	1417	47
1484163	7955.ENSDARP00000028970	310	22
1483755	7955.ENSDARP00000024660	19.9	2
1481409	7955.ENSDARP00000002844	873	61
1485219	7955.ENSDARP00000042420	22.3	4
1490478	7955.ENSDARP00000076182	233	26
1488625	7955.ENSDARP00000067039	32.2	2
1481706	7955.ENSDARP00000005448	225	35
1487996	7955.ENSDARP00000063250	119	6
1499990	7955.ENSDARP00000109007	23.0	1
1500066	7955.ENSDARP00000109127	0.025	1
1489917	7955.ENSDARP00000073498	143	30
1490336	7955.ENSDARP00000075599	217	4
1486770	7955.ENSDARP00000055912	351	154
1490412	7955.ENSDARP00000075883	44.7	3
1500179	7955.ENSDARP00000109323	0.023	1
1497293	7955.ENSDARP00000104196	41.4	6
1489727	7955.ENSDARP00000072678	644	537
1502747	7955.ENSDARP00000114396	70.1	7
1489339	7955.ENSDARP00000070561	367	44
1503898	7955.ENSDARP00000117403	0.02	1
1483265	7955.ENSDARP00000020027	13.9	1
1493583	7955.ENSDARP00000093966	19.2	4
1486838	7955.ENSDARP00000056318	625	8
1505894	7955.ENSDARP00000122502	4.81	34
1505044	7955.ENSDARP00000120324	4.72	3
1501892	7955.ENSDARP00000112276	0.024	1
1493806	7955.ENSDARP00000094885	14.7	2
1502550	7955.ENSDARP00000113905	1256	142
1507056	7955.ENSDARP00000125625	103	10
1488347	7955.ENSDARP00000065355	15.4	14
1488367	7955.ENSDARP00000065447	854	23
1507046	7955.ENSDARP00000125611	0.024	1
1490291	7955.ENSDARP00000075348	10.9	2
1498642	7955.ENSDARP00000106602	58.0	2
1497261	7955.ENSDARP00000104140	0.035	1
1483899	7955.ENSDARP00000026065	145	36
1488656	7955.ENSDARP00000067159	1039	45
1494967	7955.ENSDARP00000098757	55.0	3
1493216	7955.ENSDARP00000092389	0.023	1
1481725	7955.ENSDARP00000005640	17.4	1
1499491	7955.ENSDARP00000108133	5.42	2
1489378	7955.ENSDARP00000070803	327	6
1482223	7955.ENSDARP00000010413	58.5	44
1502773	7955.ENSDARP00000114456	6.08	13
1488617	7955.ENSDARP00000067004	10.2	2
1503003	7955.ENSDARP00000115072	4.81	34
1489398	7955.ENSDARP00000070941	56.7	10
1483522	7955.ENSDARP00000022579	51.3	3
1488590	7955.ENSDARP00000066897	1564	34
1487807	7955.ENSDARP00000062323	786	47
1489938	7955.ENSDARP00000073610	342	17
1486590	7955.ENSDARP00000054848	9.84	1
1494335	7955.ENSDARP00000097050	72.7	27
1502106	7955.ENSDARP00000112736	23.5	3
1487052	7955.ENSDARP00000057637	31.6	6
1485804	7955.ENSDARP00000048827	176	90
1492910	7955.ENSDARP00000091060	262	19
1497060	7955.ENSDARP00000103660	50.1	6
1487476	7955.ENSDARP00000060159	56.7	3
1502602	7955.ENSDARP00000114025	587	22
1481359	7955.ENSDARP00000002360	25.7	5
1482617	7955.ENSDARP00000013803	17.6	2
1490585	7955.ENSDARP00000076580	41.0	9
1489730	7955.ENSDARP00000072687	863	687
1483825	7955.ENSDARP00000025377	316	22
1495710	7955.ENSDARP00000100467	0.071	1
1490721	7955.ENSDARP00000077369	31.7	1
1500248	7955.ENSDARP00000109451	1.52	3
1506986	7955.ENSDARP00000125493	0.023	1
1503386	7955.ENSDARP00000116075	93.1	201
1505796	7955.ENSDARP00000122263	2048	367
1481992	7955.ENSDARP00000008099	6.7	1
1482324	7955.ENSDARP00000011226	57.9	3
1481335	7955.ENSDARP00000002122	485	33
1489489	7955.ENSDARP00000071587	180	9
1489162	7955.ENSDARP00000069676	3.95	10
1488570	7955.ENSDARP00000066780	353	11
1482308	7955.ENSDARP00000011148	1258	32
1484531	7955.ENSDARP00000034077	617	76
1482678	7955.ENSDARP00000014456	1127	52
1482266	7955.ENSDARP00000010862	59.7	14
1495144	7955.ENSDARP00000099156	115	3
1482710	7955.ENSDARP00000014849	878	32
1489168	7955.ENSDARP00000069708	844	10
1502534	7955.ENSDARP00000113864	0.022	1
1485828	7955.ENSDARP00000049044	529	47
1490676	7955.ENSDARP00000076957	9.62	1
1506344	7955.ENSDARP00000123705	14.3	2
1503059	7955.ENSDARP00000115235	0.023	1
1495701	7955.ENSDARP00000100443	52.4	3
1497474	7955.ENSDARP00000104575	50.7	6
1499357	7955.ENSDARP00000107877	41.6	4
1492470	7955.ENSDARP00000089105	0.031	1
1494536	7955.ENSDARP00000097753	201	8
1483706	7955.ENSDARP00000024210	59.2	46
1495273	7955.ENSDARP00000099464	79.1	5
1497929	7955.ENSDARP00000105375	7.16	3
1497876	7955.ENSDARP00000105290	237	60
1487629	7955.ENSDARP00000061057	29.7	22
1483248	7955.ENSDARP00000019888	905	444
1506528	7955.ENSDARP00000124283	419	66
1485177	7955.ENSDARP00000041959	1032	85
1507179	7955.ENSDARP00000125918	2.6	4
1489777	7955.ENSDARP00000072874	415	18
1485269	7955.ENSDARP00000043001	45.0	3
1496275	7955.ENSDARP00000101838	34.5	5
1492789	7955.ENSDARP00000090533	0.034	1
1502510	7955.ENSDARP00000113791	33.1	8
1507421	7955.ENSDARP00000126533	0.018	1
1506769	7955.ENSDARP00000125089	4.82	34
1483585	7955.ENSDARP00000023177	932	25
1489220	7955.ENSDARP00000070003	8.33	1
1498933	7955.ENSDARP00000107164	2.93	1
1501354	7955.ENSDARP00000111326	78.7	193
1482040	7955.ENSDARP00000008601	4.64	3
1484545	7955.ENSDARP00000034228	5.72	3
1484037	7955.ENSDARP00000027389	1474	128
1506959	7955.ENSDARP00000125435	0.028	1
1488594	7955.ENSDARP00000066929	713	30
1493559	7955.ENSDARP00000093898	944	68
1490257	7955.ENSDARP00000075204	134	11
1499775	7955.ENSDARP00000108601	274	17
1503738	7955.ENSDARP00000116988	0.027	1
1492578	7955.ENSDARP00000089645	52.9	10
1487219	7955.ENSDARP00000058628	421	240
1493245	7955.ENSDARP00000092488	7014	263
1498177	7955.ENSDARP00000105809	570	63
1492452	7955.ENSDARP00000089045	875	8
1482185	7955.ENSDARP00000010055	607	19
1484875	7955.ENSDARP00000038651	38.0	6
1483371	7955.ENSDARP00000021124	7.75	3
1488259	7955.ENSDARP00000064802	5.77	1
1505719	7955.ENSDARP00000122087	5.86	1
1502622	7955.ENSDARP00000114072	4645	23
1500446	7955.ENSDARP00000109800	2.77	3
1505233	7955.ENSDARP00000120830	0.025	1
1497568	7955.ENSDARP00000104730	39.3	4
1500558	7955.ENSDARP00000109989	0.02	1
1502643	7955.ENSDARP00000114134	8.99	1
1483974	7955.ENSDARP00000026816	0.088	3
1485789	7955.ENSDARP00000048675	29.7	2
1484089	7955.ENSDARP00000027947	4263	334
1483505	7955.ENSDARP00000022486	119	10
1506274	7955.ENSDARP00000123530	11.2	1
1490651	7955.ENSDARP00000076883	112	6
1498381	7955.ENSDARP00000106164	49.5	29
1500174	7955.ENSDARP00000109315	332	154
1501424	7955.ENSDARP00000111469	54.9	4
1486742	7955.ENSDARP00000055741	7.49	3
1503644	7955.ENSDARP00000116739	351	154
1490954	7955.ENSDARP00000079110	6.52	1
1481894	7955.ENSDARP00000007240	157	19
1491456	7955.ENSDARP00000082673	54.1	2
1493362	7955.ENSDARP00000093074	1822	443
1494104	7955.ENSDARP00000096178	969	18
1481322	7955.ENSDARP00000001845	19.3	1
1499964	7955.ENSDARP00000108963	72.3	14
1502325	7955.ENSDARP00000113290	1.95	5
1488176	7955.ENSDARP00000064306	0.026	1
1490932	7955.ENSDARP00000078889	491	19
1502840	7955.ENSDARP00000114634	0.02	1
1497897	7955.ENSDARP00000105328	366	9
1495598	7955.ENSDARP00000100229	56.3	6
1483761	7955.ENSDARP00000024694	125	15
1483743	7955.ENSDARP00000024560	649	64
1505014	7955.ENSDARP00000120260	116	3
1490996	7955.ENSDARP00000079424	1296	126
1482615	7955.ENSDARP00000013777	1110	34
1494110	7955.ENSDARP00000096226	14.2	1
1506197	7955.ENSDARP00000123323	351	154
1483972	7955.ENSDARP00000026805	1041	75
1506664	7955.ENSDARP00000124757	0.023	1
1492197	7955.ENSDARP00000087881	141	4
1498719	7955.ENSDARP00000106753	0.025	1
1489851	7955.ENSDARP00000073195	45.1	28
1484727	7955.ENSDARP00000036825	7.93	1
1497842	7955.ENSDARP00000105230	160	21
1503263	7955.ENSDARP00000115752	0.019	1
1497730	7955.ENSDARP00000105024	8.21	2
1501139	7955.ENSDARP00000110972	34.3	5
1486191	7955.ENSDARP00000052356	102	6
1504132	7955.ENSDARP00000117985	20.2	2
1485058	7955.ENSDARP00000040743	4031	86
1500955	7955.ENSDARP00000110670	57.3	3
1493746	7955.ENSDARP00000094626	35.0	29
1481407	7955.ENSDARP00000002825	40.9	9
1481697	7955.ENSDARP00000005382	27.8	2
1491769	7955.ENSDARP00000084961	40.5	7
1486610	7955.ENSDARP00000054986	2048	367
1496897	7955.ENSDARP00000103318	237	60
1506330	7955.ENSDARP00000123666	0.029	1
1482083	7955.ENSDARP00000009096	886	26
1500865	7955.ENSDARP00000110511	351	154
1483017	7955.ENSDARP00000017597	260	12
1485007	7955.ENSDARP00000040203	487	256
1483145	7955.ENSDARP00000018819	34.4	2
1490262	7955.ENSDARP00000075217	15.8	1
1486503	7955.ENSDARP00000054289	25.0	2
1505930	7955.ENSDARP00000122587	0.023	1
1483712	7955.ENSDARP00000024272	75.1	61
1503260	7955.ENSDARP00000115747	0.022	1
1496289	7955.ENSDARP00000101866	10.3	2
1506281	7955.ENSDARP00000123538	45.0	3
1485065	7955.ENSDARP00000040787	4.94	1
1485087	7955.ENSDARP00000041087	463	26
1503927	7955.ENSDARP00000117486	0.024	1
1497990	7955.ENSDARP00000105496	542	191
1485101	7955.ENSDARP00000041268	4650	251
1482739	7955.ENSDARP00000015065	73.7	3
1484017	7955.ENSDARP00000027139	34.1	2
1485858	7955.ENSDARP00000049374	7.35	3
1484291	7955.ENSDARP00000030881	991	161
1482063	7955.ENSDARP00000008834	158	21
1481301	7955.ENSDARP00000001158	144	10
1505477	7955.ENSDARP00000121484	4.81	34
1496915	7955.ENSDARP00000103352	13.4	2
1486041	7955.ENSDARP00000051359	38.6	108
1484026	7955.ENSDARP00000027276	9.15	2
1489416	7955.ENSDARP00000071046	160	23
1506097	7955.ENSDARP00000123049	0.025	1
1505521	7955.ENSDARP00000121591	660	29
1497667	7955.ENSDARP00000104918	237	60
1485018	7955.ENSDARP00000040327	182	60
1503893	7955.ENSDARP00000117394	109	26
1504967	7955.ENSDARP00000120142	444	19
1486389	7955.ENSDARP00000053510	1.1	1
1500341	7955.ENSDARP00000109621	0.028	1
1486312	7955.ENSDARP00000053076	1310	34
1481539	7955.ENSDARP00000003828	54.9	4
1499852	7955.ENSDARP00000108749	0.036	1
1507003	7955.ENSDARP00000125526	0.022	1
1504074	7955.ENSDARP00000117864	513	7
1506009	7955.ENSDARP00000122822	0.021	1
1485966	7955.ENSDARP00000050657	30.4	3
1482512	7955.ENSDARP00000012767	37.7	15
1489824	7955.ENSDARP00000073072	152	39
1484316	7955.ENSDARP00000031210	17.2	4
1507185	7955.ENSDARP00000125930	2.27	1
1506102	7955.ENSDARP00000123071	11.4	1
1493898	7955.ENSDARP00000095260	39.6	2
1506917	7955.ENSDARP00000125358	0.026	1
1505404	7955.ENSDARP00000121308	14.7	1
1496132	7955.ENSDARP00000101478	926	26
1500012	7955.ENSDARP00000109044	542	191
1497170	7955.ENSDARP00000103912	2086	38
1492847	7955.ENSDARP00000090766	578	116
1484367	7955.ENSDARP00000032005	2.31	1
1482043	7955.ENSDARP00000008646	177	22
1505456	7955.ENSDARP00000121437	477	24
1487095	7955.ENSDARP00000057912	5.72	12
1506302	7955.ENSDARP00000123601	682	458
1485426	7955.ENSDARP00000044682	77.7	7
1493881	7955.ENSDARP00000095187	1239	88
1500830	7955.ENSDARP00000110454	268	15
1500507	7955.ENSDARP00000109902	18.5	1
1488800	7955.ENSDARP00000067891	237	60
1489901	7955.ENSDARP00000073439	1320	80
1489806	7955.ENSDARP00000072987	17.9	3
1506819	7955.ENSDARP00000125177	0.024	1
1482034	7955.ENSDARP00000008513	127	22
1489595	7955.ENSDARP00000072136	7.52	1
1481597	7955.ENSDARP00000004404	7.94	1
1494179	7955.ENSDARP00000096443	53.1	7
1486574	7955.ENSDARP00000054780	12.0	4
1483851	7955.ENSDARP00000025613	970	37
1495356	7955.ENSDARP00000099639	22.6	5
1505166	7955.ENSDARP00000120649	9.09	2
1486104	7955.ENSDARP00000051762	445	17
1498828	7955.ENSDARP00000106960	19.6	3
1486459	7955.ENSDARP00000053962	27.0	4
1501124	7955.ENSDARP00000110951	4.72	3
1505181	7955.ENSDARP00000120686	45.5	1
1499713	7955.ENSDARP00000108490	23.3	1
1496685	7955.ENSDARP00000102802	1775	172
1481987	7955.ENSDARP00000008085	35.3	3
1503491	7955.ENSDARP00000116332	33.8	1
1483765	7955.ENSDARP00000024741	176	9
1486830	7955.ENSDARP00000056279	1.86	2
1485178	7955.ENSDARP00000041991	14.3	3
1500773	7955.ENSDARP00000110363	31.6	3
1506574	7955.ENSDARP00000124424	5088	332
1499755	7955.ENSDARP00000108568	387	40
1499262	7955.ENSDARP00000107718	28.7	1
1489546	7955.ENSDARP00000071885	34.7	2
1493289	7955.ENSDARP00000092677	30.6	4
1503606	7955.ENSDARP00000116646	6.32	3
1501242	7955.ENSDARP00000111147	1367	113
1486325	7955.ENSDARP00000053151	72.1	8
1502495	7955.ENSDARP00000113739	192	16
1495169	7955.ENSDARP00000099216	35.9	8
1498815	7955.ENSDARP00000106941	4.64	1
1506004	7955.ENSDARP00000122802	121	22
1498911	7955.ENSDARP00000107122	741	377
1497657	7955.ENSDARP00000104899	1.08	3
1482952	7955.ENSDARP00000016984	15.4	2
1494493	7955.ENSDARP00000097644	103	2
1497022	7955.ENSDARP00000103592	13.6	1
1483904	7955.ENSDARP00000026092	66.3	2
1507023	7955.ENSDARP00000125563	0.027	1
1487075	7955.ENSDARP00000057787	255	154
1483643	7955.ENSDARP00000023685	13.9	1
1503884	7955.ENSDARP00000117380	0.042	1
1489099	7955.ENSDARP00000069316	446	10
1498782	7955.ENSDARP00000106877	237	60
1484139	7955.ENSDARP00000028641	37.3	2
1494642	7955.ENSDARP00000098004	221	131
1497925	7955.ENSDARP00000105368	41.0	9
1484628	7955.ENSDARP00000035387	38.0	5
1482901	7955.ENSDARP00000016622	6.99	3
1486780	7955.ENSDARP00000055972	246	51
1490454	7955.ENSDARP00000076087	61.6	1
1485943	7955.ENSDARP00000050398	298	6
1485721	7955.ENSDARP00000047843	3.94	2
1498430	7955.ENSDARP00000106245	542	191
1488358	7955.ENSDARP00000065396	57.6	2
1485287	7955.ENSDARP00000043172	767	12
1504169	7955.ENSDARP00000118068	2.47	2
1495747	7955.ENSDARP00000100563	35.1	1
1495034	7955.ENSDARP00000098912	0.024	1
1500539	7955.ENSDARP00000109958	5.29	6
1496821	7955.ENSDARP00000103118	22.4	3
1499049	7955.ENSDARP00000107359	152	11
1498142	7955.ENSDARP00000105746	351	154
1481929	7955.ENSDARP00000007588	317	28
1499417	7955.ENSDARP00000107998	542	191
1503551	7955.ENSDARP00000116496	202	20
1497879	7955.ENSDARP00000105296	269	17
1494914	7955.ENSDARP00000098653	0.182	1
1486687	7955.ENSDARP00000055429	647	7
1507362	7955.ENSDARP00000126394	0.028	1
1494752	7955.ENSDARP00000098276	0.03	1
1483910	7955.ENSDARP00000026156	5515	130
1485586	7955.ENSDARP00000046430	16.8	1
1487088	7955.ENSDARP00000057866	153	9
1502129	7955.ENSDARP00000112803	0.031	1
1488194	7955.ENSDARP00000064399	178	21
1482900	7955.ENSDARP00000016602	78.8	3
1483164	7955.ENSDARP00000018980	1325	40
1495324	7955.ENSDARP00000099570	10.9	2
1484910	7955.ENSDARP00000038975	11.9	1
1493355	7955.ENSDARP00000093027	60.7	22
1498549	7955.ENSDARP00000106441	39.9	108
1503629	7955.ENSDARP00000116699	354	17
1500451	7955.ENSDARP00000109807	558	374
1500129	7955.ENSDARP00000109238	0.025	1
1494604	7955.ENSDARP00000097932	12.4	2
1487481	7955.ENSDARP00000060174	38.6	2
1481324	7955.ENSDARP00000001943	141	7
1487326	7955.ENSDARP00000059230	97.6	11
1495585	7955.ENSDARP00000100195	691	250
1483156	7955.ENSDARP00000018923	40.8	9
1486442	7955.ENSDARP00000053867	4.14	1
1501049	7955.ENSDARP00000110818	125	5
1487846	7955.ENSDARP00000062522	12183	251
1500964	7955.ENSDARP00000110682	5.29	6
1499833	7955.ENSDARP00000108714	0.027	1
1490098	7955.ENSDARP00000074330	49.6	4
1484186	7955.ENSDARP00000029343	9.21	1
1494108	7955.ENSDARP00000096200	358	9
1492416	7955.ENSDARP00000088868	4.93	2
1504771	7955.ENSDARP00000119651	217	26
1485929	7955.ENSDARP00000050237	1169	832
1490535	7955.ENSDARP00000076389	323	16
1488226	7955.ENSDARP00000064608	6.99	3
1499970	7955.ENSDARP00000108972	39.9	1
1483841	7955.ENSDARP00000025539	38.5	4
1482971	7955.ENSDARP00000017217	176	13
1503504	7955.ENSDARP00000116372	4.81	34
1489873	7955.ENSDARP00000073325	113	5
1502379	7955.ENSDARP00000113434	0.029	1
1506867	7955.ENSDARP00000125260	0.023	1
1485642	7955.ENSDARP00000047007	45.3	4
1500403	7955.ENSDARP00000109720	40.7	7
1498718	7955.ENSDARP00000106752	5.69	1
1502766	7955.ENSDARP00000114437	39.1	17
1482860	7955.ENSDARP00000016158	1205	16
1486753	7955.ENSDARP00000055809	92.7	3
1496320	7955.ENSDARP00000101952	9.54	1
1502612	7955.ENSDARP00000114046	13.2	1
1489651	7955.ENSDARP00000072376	13933	388
1496736	7955.ENSDARP00000102928	43.3	4
1502371	7955.ENSDARP00000113417	602	11
1484454	7955.ENSDARP00000033180	38.6	32
1482722	7955.ENSDARP00000014955	24.5	3
1503195	7955.ENSDARP00000115570	0.033	1
1483019	7955.ENSDARP00000017613	142	16
1488507	7955.ENSDARP00000066382	23.4	5
1497753	7955.ENSDARP00000105059	542	191
1487278	7955.ENSDARP00000058955	1279	86
1489228	7955.ENSDARP00000070035	16889	747
1503593	7955.ENSDARP00000116604	2212	191
1482936	7955.ENSDARP00000016879	384	25
1490515	7955.ENSDARP00000076333	19.5	1
1497161	7955.ENSDARP00000103895	218	10
1485102	7955.ENSDARP00000041278	1079	429
1486668	7955.ENSDARP00000055323	106	4
1494304	7955.ENSDARP00000096898	376	63
1497017	7955.ENSDARP00000103576	237	60
1485542	7955.ENSDARP00000045900	1782	42
1504260	7955.ENSDARP00000118312	0.048	1
1497081	7955.ENSDARP00000103712	0.682	3
1506449	7955.ENSDARP00000124049	0.021	1
1486620	7955.ENSDARP00000055063	9.51	1
1495367	7955.ENSDARP00000099662	54.8	6
1491253	7955.ENSDARP00000081244	24.7	5
1481867	7955.ENSDARP00000007032	43.6	5
1486400	7955.ENSDARP00000053576	9.69	1
1481857	7955.ENSDARP00000006888	26.4	15
1493956	7955.ENSDARP00000095458	292	5
1499686	7955.ENSDARP00000108448	0.034	1
1485672	7955.ENSDARP00000047268	1070	30
1503586	7955.ENSDARP00000116589	115	10
1504050	7955.ENSDARP00000117812	0.02	1
1484964	7955.ENSDARP00000039699	11.0	2
1499879	7955.ENSDARP00000108805	790	25
1506332	7955.ENSDARP00000123671	222	6
1505149	7955.ENSDARP00000120603	0.026	1
1507428	7955.ENSDARP00000126557	0.023	1
1501877	7955.ENSDARP00000112253	0.028	1
1485533	7955.ENSDARP00000045815	14.4	2
1498827	7955.ENSDARP00000106959	0.026	1
1490487	7955.ENSDARP00000076212	4.7	1
1488571	7955.ENSDARP00000066781	4.79	4
1495902	7955.ENSDARP00000100956	0.065	1
1486493	7955.ENSDARP00000054204	1006	12
1506127	7955.ENSDARP00000123136	181	6
1507161	7955.ENSDARP00000125879	9.89	4
1490159	7955.ENSDARP00000074706	4.02	11
1496890	7955.ENSDARP00000103300	8384	318
1488902	7955.ENSDARP00000068371	59.0	5
1507005	7955.ENSDARP00000125528	0.02	1
1502614	7955.ENSDARP00000114052	9.94	2
1499890	7955.ENSDARP00000108828	237	60
1483321	7955.ENSDARP00000020578	474	37
1499582	7955.ENSDARP00000108282	67.5	6
1482747	7955.ENSDARP00000015132	426	25
1481440	7955.ENSDARP00000003107	60.5	4
1503717	7955.ENSDARP00000116933	0.028	1
1497047	7955.ENSDARP00000103634	730	27
1486433	7955.ENSDARP00000053833	87.8	5
1490360	7955.ENSDARP00000075688	46.6	6
1505663	7955.ENSDARP00000121951	0.024	1
1500032	7955.ENSDARP00000109071	542	191
1502966	7955.ENSDARP00000114965	0.022	1
1496947	7955.ENSDARP00000103413	4.73	1
1494364	7955.ENSDARP00000097248	520	6
1498518	7955.ENSDARP00000106393	0.024	1
1505340	7955.ENSDARP00000121142	0.021	1
1502938	7955.ENSDARP00000114891	5.89	1
1502356	7955.ENSDARP00000113373	2.58	2
1484497	7955.ENSDARP00000033554	3.0	1
1484064	7955.ENSDARP00000027662	142	9
1494528	7955.ENSDARP00000097735	578	11
1494272	7955.ENSDARP00000096798	0.023	1
1482766	7955.ENSDARP00000015328	10533	422
1489095	7955.ENSDARP00000069300	628	25
1487478	7955.ENSDARP00000060165	1313	113
1504104	7955.ENSDARP00000117916	35.3	11
1489860	7955.ENSDARP00000073256	16.3	3
1505271	7955.ENSDARP00000120922	749	44
1502689	7955.ENSDARP00000114262	0.018	1
1506932	7955.ENSDARP00000125383	0.22	1
1499494	7955.ENSDARP00000108139	701	54
1485439	7955.ENSDARP00000044895	10.1	4
1502961	7955.ENSDARP00000114958	0.02	1
1499238	7955.ENSDARP00000107686	11.9	1
1501531	7955.ENSDARP00000111658	116	10
1493397	7955.ENSDARP00000093236	4133	71
1482543	7955.ENSDARP00000013042	28.3	28
1485396	7955.ENSDARP00000044330	5.54	1
1481754	7955.ENSDARP00000005930	313	23
1483778	7955.ENSDARP00000024900	4850	352
1485375	7955.ENSDARP00000044088	275	15
1490463	7955.ENSDARP00000076104	299	20
1506689	7955.ENSDARP00000124846	20.5	3
1484241	7955.ENSDARP00000030050	58.5	44
1483766	7955.ENSDARP00000024748	17.3	2
1484108	7955.ENSDARP00000028134	75.6	10
1497986	7955.ENSDARP00000105491	2729	66
1485488	7955.ENSDARP00000045373	5.02	1
1484419	7955.ENSDARP00000032688	421	30
1487803	7955.ENSDARP00000062277	170	7
1485290	7955.ENSDARP00000043192	350	10
1499587	7955.ENSDARP00000108289	252	121
1482726	7955.ENSDARP00000014978	194	37
1502724	7955.ENSDARP00000114342	83.3	1
1483484	7955.ENSDARP00000022310	54.3	5
1493297	7955.ENSDARP00000092719	361	8
1484423	7955.ENSDARP00000032730	306	43
1493840	7955.ENSDARP00000095029	928	79
1490774	7955.ENSDARP00000077773	0.025	1
1486396	7955.ENSDARP00000053541	318	8
1496164	7955.ENSDARP00000101564	504	47
1488208	7955.ENSDARP00000064511	9.95	1
1481594	7955.ENSDARP00000004352	55.2	11
1504259	7955.ENSDARP00000118311	0.024	1
1492288	7955.ENSDARP00000088283	0.029	1
1506982	7955.ENSDARP00000125481	0.024	1
1503611	7955.ENSDARP00000116658	0.023	1
1490233	7955.ENSDARP00000075079	6.11	10
1485261	7955.ENSDARP00000042900	7.27	1
1484584	7955.ENSDARP00000034827	36.4	3
1484169	7955.ENSDARP00000029074	359	34
1489379	7955.ENSDARP00000070807	1260	92
1485385	7955.ENSDARP00000044183	1.85	1
1483738	7955.ENSDARP00000024492	1146	64
1482688	7955.ENSDARP00000014578	6.01	2
1501647	7955.ENSDARP00000111851	868	30
1504326	7955.ENSDARP00000118495	0.029	1
1494858	7955.ENSDARP00000098524	21.8	1
1505827	7955.ENSDARP00000122354	2.83	3
1501555	7955.ENSDARP00000111693	0.084	1
1494268	7955.ENSDARP00000096770	0.025	1
1485132	7955.ENSDARP00000041532	6.43	11
1482139	7955.ENSDARP00000009605	42.9	3
1494755	7955.ENSDARP00000098279	148	11
1482513	7955.ENSDARP00000012776	562	58
1503459	7955.ENSDARP00000116248	9.24	1
1499719	7955.ENSDARP00000108501	0.027	1
1496955	7955.ENSDARP00000103429	0.028	1
1489062	7955.ENSDARP00000069157	1.34	1
1489570	7955.ENSDARP00000072020	39.8	5
1504168	7955.ENSDARP00000118067	0.018	1
1503940	7955.ENSDARP00000117524	194	6
1507388	7955.ENSDARP00000126450	36.0	3
1503647	7955.ENSDARP00000116757	0.021	1
1483694	7955.ENSDARP00000024104	275	21
1499966	7955.ENSDARP00000108965	346	6
1500101	7955.ENSDARP00000109199	58.5	44
1484942	7955.ENSDARP00000039324	269	79
1487968	7955.ENSDARP00000063095	457	13
1493094	7955.ENSDARP00000091902	846	15
1487089	7955.ENSDARP00000057868	171	10
1488706	7955.ENSDARP00000067432	297	15
1501072	7955.ENSDARP00000110869	237	60
1500692	7955.ENSDARP00000110237	165	19
1489641	7955.ENSDARP00000072337	51.9	21
1500166	7955.ENSDARP00000109299	542	191
1494289	7955.ENSDARP00000096860	39.6	5
1483918	7955.ENSDARP00000026241	32.2	7
1487297	7955.ENSDARP00000059038	0.71	1
1482491	7955.ENSDARP00000012595	21.9	3
1486338	7955.ENSDARP00000053207	801	13
1488200	7955.ENSDARP00000064461	8.8	2
1482533	7955.ENSDARP00000012950	167	7
1483524	7955.ENSDARP00000022592	2664	88
1482870	7955.ENSDARP00000016261	709	64
1481284	7955.ENSDARP00000000392	90.0	19
1499009	7955.ENSDARP00000107286	0.031	1
1502642	7955.ENSDARP00000114116	0.023	1
1497622	7955.ENSDARP00000104832	0.026	1
1506946	7955.ENSDARP00000125410	0.026	1
1485678	7955.ENSDARP00000047390	201	4
1503488	7955.ENSDARP00000116328	13.6	2
1485351	7955.ENSDARP00000043854	2.75	1
1495263	7955.ENSDARP00000099444	5.46	1
1483453	7955.ENSDARP00000022064	18.9	4
1491817	7955.ENSDARP00000085295	599	95
1487508	7955.ENSDARP00000060309	3254	298
1506603	7955.ENSDARP00000124531	9681	182
1481292	7955.ENSDARP00000000803	36.9	28
1489039	7955.ENSDARP00000069043	310	9
1481580	7955.ENSDARP00000004202	579	26
1503748	7955.ENSDARP00000117011	0.042	1
1493777	7955.ENSDARP00000094762	252	13
1506161	7955.ENSDARP00000123235	3.99	1
1503979	7955.ENSDARP00000117616	0.03	1
1487810	7955.ENSDARP00000062341	21.5	4
1494945	7955.ENSDARP00000098714	5.01	1
1503360	7955.ENSDARP00000115981	11.5	4
1483382	7955.ENSDARP00000021241	1589	19
1483850	7955.ENSDARP00000025611	845	32
1488818	7955.ENSDARP00000067948	351	154
1507218	7955.ENSDARP00000126028	178	2
1499151	7955.ENSDARP00000107538	88.6	2
1502389	7955.ENSDARP00000113453	44.9	3
1503092	7955.ENSDARP00000115333	3.02	1
1482230	7955.ENSDARP00000010437	13.2	1
1496951	7955.ENSDARP00000103419	0.027	1
1497520	7955.ENSDARP00000104653	39.3	9
1505266	7955.ENSDARP00000120909	252	4
1488814	7955.ENSDARP00000067933	36.8	18
1502191	7955.ENSDARP00000112949	0.024	1
1504477	7955.ENSDARP00000118861	109	9
1500250	7955.ENSDARP00000109455	0.025	1
1506054	7955.ENSDARP00000122934	55.4	3
1497682	7955.ENSDARP00000104943	0.025	1
1495214	7955.ENSDARP00000099321	868	30
1481686	7955.ENSDARP00000005281	29.8	2
1500432	7955.ENSDARP00000109771	3.06	1
1496588	7955.ENSDARP00000102562	0.031	1
1488816	7955.ENSDARP00000067943	178	21
1485164	7955.ENSDARP00000041841	114	3
1507358	7955.ENSDARP00000126385	0.021	1
1488802	7955.ENSDARP00000067894	178	21
1499250	7955.ENSDARP00000107702	351	154
1504772	7955.ENSDARP00000119655	0.023	1
1501709	7955.ENSDARP00000111963	1526	125
1507343	7955.ENSDARP00000126357	0.024	1
1501085	7955.ENSDARP00000110889	5.47	1
1481374	7955.ENSDARP00000002483	112	13
1502890	7955.ENSDARP00000114781	18814	475
1485637	7955.ENSDARP00000046972	35.1	4
1487921	7955.ENSDARP00000062897	61.9	5
1496810	7955.ENSDARP00000103087	262	4
1502033	7955.ENSDARP00000112511	13.0	1
1493523	7955.ENSDARP00000093747	225	60
1504261	7955.ENSDARP00000118321	0.41	3
1507303	7955.ENSDARP00000126252	2503	141
1506779	7955.ENSDARP00000125117	0.046	1
1491975	7955.ENSDARP00000086515	70.6	2
1494403	7955.ENSDARP00000097435	26.3	1
1489831	7955.ENSDARP00000073095	75.8	2
1482103	7955.ENSDARP00000009258	913	92
1497480	7955.ENSDARP00000104583	0.023	1
1502763	7955.ENSDARP00000114433	0.023	1
1499854	7955.ENSDARP00000108753	0.018	1
1482916	7955.ENSDARP00000016749	22.0	4
1496483	7955.ENSDARP00000102324	0.034	1
1482855	7955.ENSDARP00000016115	264	13
1481632	7955.ENSDARP00000004830	2160	106
1494607	7955.ENSDARP00000097937	17.2	1
1485926	7955.ENSDARP00000050220	500	19
1491285	7955.ENSDARP00000081474	63.3	8
1494370	7955.ENSDARP00000097279	109	21
1501604	7955.ENSDARP00000111782	371	9
1483619	7955.ENSDARP00000023524	41.1	6
1501259	7955.ENSDARP00000111175	542	191
1503966	7955.ENSDARP00000117582	0.862	1
1493653	7955.ENSDARP00000094243	238	51
1503498	7955.ENSDARP00000116346	0.022	1
1485090	7955.ENSDARP00000041141	120	61
1481915	7955.ENSDARP00000007446	481	15
1499781	7955.ENSDARP00000108614	4.08	12
1481596	7955.ENSDARP00000004394	29.5	23
1507036	7955.ENSDARP00000125585	0.024	1
1487658	7955.ENSDARP00000061273	4824	36
1492813	7955.ENSDARP00000090619	46.9	5
1482868	7955.ENSDARP00000016228	241	23
1483722	7955.ENSDARP00000024338	95.4	6
1481761	7955.ENSDARP00000006001	17.3	2
1493101	7955.ENSDARP00000091921	98.8	19
1483861	7955.ENSDARP00000025702	1882	270
1498915	7955.ENSDARP00000107128	0.022	1
1493019	7955.ENSDARP00000091586	1289	20
1486910	7955.ENSDARP00000056766	12.3	1
1484954	7955.ENSDARP00000039570	10.0	4
1504613	7955.ENSDARP00000119219	0.021	1
1489615	7955.ENSDARP00000072253	451	55
1502187	7955.ENSDARP00000112940	0.901	1
1499040	7955.ENSDARP00000107339	880	37
1502118	7955.ENSDARP00000112777	9.54	1
1499363	7955.ENSDARP00000107886	5.54	5
1493522	7955.ENSDARP00000093734	419	157
1506129	7955.ENSDARP00000123142	0.026	1
1487782	7955.ENSDARP00000062142	238	51
1507326	7955.ENSDARP00000126314	4010	79
1493303	7955.ENSDARP00000092736	0.026	1
1483410	7955.ENSDARP00000021632	2609	95
1504135	7955.ENSDARP00000117990	86.0	2
1483886	7955.ENSDARP00000025885	35.1	18
1491410	7955.ENSDARP00000082359	1.03	1
1507026	7955.ENSDARP00000125566	0.02	1
1505202	7955.ENSDARP00000120742	2536	208
1485588	7955.ENSDARP00000046442	36.0	27
1488251	7955.ENSDARP00000064738	1279	23
1481540	7955.ENSDARP00000003829	17.2	1
1505091	7955.ENSDARP00000120445	0.027	1
1497962	7955.ENSDARP00000105443	174	4
1481947	7955.ENSDARP00000007716	1268	29
1488252	7955.ENSDARP00000064746	29.7	1
1497199	7955.ENSDARP00000104001	0.053	1
1503277	7955.ENSDARP00000115796	230	2
1506143	7955.ENSDARP00000123179	0.027	1
1492788	7955.ENSDARP00000090532	0.028	1
1498926	7955.ENSDARP00000107148	542	191
1501361	7955.ENSDARP00000111337	1321	109
1492844	7955.ENSDARP00000090756	786	18
1502506	7955.ENSDARP00000113777	3.12	2
1501591	7955.ENSDARP00000111762	50.5	7
1503942	7955.ENSDARP00000117528	0.024	1
1488741	7955.ENSDARP00000067593	706	12
1483702	7955.ENSDARP00000024189	406	5
1487123	7955.ENSDARP00000058094	73.0	8
1488465	7955.ENSDARP00000066106	26.8	1
1486778	7955.ENSDARP00000055970	12.4	3
1496806	7955.ENSDARP00000103080	2442	116
1485288	7955.ENSDARP00000043179	1.34	1
1497678	7955.ENSDARP00000104937	0.026	1
1482344	7955.ENSDARP00000011398	2084	42
1488518	7955.ENSDARP00000066429	358	211
1489172	7955.ENSDARP00000069744	476	63
1489083	7955.ENSDARP00000069254	32.3	1
1493802	7955.ENSDARP00000094849	57.3	32
1492190	7955.ENSDARP00000087874	1900	23
1500437	7955.ENSDARP00000109780	102	16
1485047	7955.ENSDARP00000040597	271	24
1489359	7955.ENSDARP00000070677	136	2
1495973	7955.ENSDARP00000101100	1094	101
1494141	7955.ENSDARP00000096322	46.5	2
1482624	7955.ENSDARP00000013902	257	11
1488791	7955.ENSDARP00000067865	1421	22
1502334	7955.ENSDARP00000113314	0.02	1
1498316	7955.ENSDARP00000106050	44.8	12
1498434	7955.ENSDARP00000106249	0.03	1
1501970	7955.ENSDARP00000112409	0.02	1
1499185	7955.ENSDARP00000107585	542	191
1485049	7955.ENSDARP00000040644	40.5	7
1481451	7955.ENSDARP00000003177	17.6	5
1498736	7955.ENSDARP00000106788	1918	92
1492460	7955.ENSDARP00000089067	113	3
1487310	7955.ENSDARP00000059173	4.07	1
1497433	7955.ENSDARP00000104495	480	5
1485435	7955.ENSDARP00000044837	603	35
1502331	7955.ENSDARP00000113307	1689	32
1499469	7955.ENSDARP00000108089	1683	54
1504176	7955.ENSDARP00000118088	0.021	1
1497294	7955.ENSDARP00000104198	71.3	9
1499030	7955.ENSDARP00000107320	0.025	1
1486808	7955.ENSDARP00000056150	293	33
1487581	7955.ENSDARP00000060744	3283	200
1496601	7955.ENSDARP00000102600	463	9
1502049	7955.ENSDARP00000112551	0.02	1
1503580	7955.ENSDARP00000116574	237	60
1482446	7955.ENSDARP00000012295	94.3	4
1484768	7955.ENSDARP00000037326	21.4	11
1495964	7955.ENSDARP00000101076	171	37
1482831	7955.ENSDARP00000015937	2.3	1
1487477	7955.ENSDARP00000060161	264	7
1506426	7955.ENSDARP00000123973	838	40
1485338	7955.ENSDARP00000043714	121	18
1493531	7955.ENSDARP00000093780	237	60
1487039	7955.ENSDARP00000057580	232	10
1501337	7955.ENSDARP00000111298	351	154
1506412	7955.ENSDARP00000123920	4563	336
1494939	7955.ENSDARP00000098701	280	35
1503172	7955.ENSDARP00000115512	204	24
1500559	7955.ENSDARP00000109990	778	32
1492246	7955.ENSDARP00000088098	7.62	2
1494038	7955.ENSDARP00000095811	146	61
1502233	7955.ENSDARP00000113049	18.0	2
1482956	7955.ENSDARP00000017029	16.0	13
1492664	7955.ENSDARP00000090030	66.9	17
1506310	7955.ENSDARP00000123619	237	60
1497811	7955.ENSDARP00000105168	542	191
1485692	7955.ENSDARP00000047524	3175	155
1503757	7955.ENSDARP00000117024	165	11
1499174	7955.ENSDARP00000107572	7.26	3
1489788	7955.ENSDARP00000072922	19.9	2
1494197	7955.ENSDARP00000096509	846	146
1488726	7955.ENSDARP00000067534	11.2	3
1503184	7955.ENSDARP00000115544	10.4	1
1501982	7955.ENSDARP00000112428	11.0	1
1482325	7955.ENSDARP00000011243	1952	93
1504188	7955.ENSDARP00000118117	0.022	1
1498082	7955.ENSDARP00000105646	284	154
1492811	7955.ENSDARP00000090611	0.024	1
1495918	7955.ENSDARP00000100984	9.19	3
1494131	7955.ENSDARP00000096291	72.0	9
1500275	7955.ENSDARP00000109497	2259	46
1487061	7955.ENSDARP00000057688	31.5	2
1487429	7955.ENSDARP00000059885	1120	65
1495573	7955.ENSDARP00000100169	342	11
1484448	7955.ENSDARP00000033069	174	4
1505754	7955.ENSDARP00000122167	0.027	1
1502327	7955.ENSDARP00000113293	0.028	1
1483123	7955.ENSDARP00000018594	3781	15
1495257	7955.ENSDARP00000099423	15.6	1
1482707	7955.ENSDARP00000014821	138	7
1483691	7955.ENSDARP00000024085	1812	35
1503857	7955.ENSDARP00000117293	566	48
1505801	7955.ENSDARP00000122284	490	27
1483407	7955.ENSDARP00000021569	225	113
1505512	7955.ENSDARP00000121564	69.2	1
1488801	7955.ENSDARP00000067893	237	60
1496463	7955.ENSDARP00000102286	45.3	16
1494511	7955.ENSDARP00000097698	0.025	1
1505510	7955.ENSDARP00000121554	0.021	1
1483499	7955.ENSDARP00000022440	27.0	4
1488744	7955.ENSDARP00000067603	238	56
1504898	7955.ENSDARP00000119981	0.017	1
1487821	7955.ENSDARP00000062382	658	69
1482773	7955.ENSDARP00000015397	105	3
1506347	7955.ENSDARP00000123715	38.2	4
1501439	7955.ENSDARP00000111488	1.17	1
1506993	7955.ENSDARP00000125504	0.019	1
1499872	7955.ENSDARP00000108791	11.4	2
1496564	7955.ENSDARP00000102498	314	59
1482596	7955.ENSDARP00000013512	9.68	4
1494015	7955.ENSDARP00000095691	0.025	1
1483258	7955.ENSDARP00000019957	0.555	2
1497059	7955.ENSDARP00000103658	352	10
1484199	7955.ENSDARP00000029491	67.3	9
1490096	7955.ENSDARP00000074315	183	44
1505734	7955.ENSDARP00000122114	101	7
1502578	7955.ENSDARP00000113965	0.153	1
1497837	7955.ENSDARP00000105220	868	30
1494032	7955.ENSDARP00000095774	178	51
1486747	7955.ENSDARP00000055756	0.464	1
1487230	7955.ENSDARP00000058694	72.5	1
1500209	7955.ENSDARP00000109376	11974	526
1486494	7955.ENSDARP00000054207	597	35
1481781	7955.ENSDARP00000006201	230	23
1487270	7955.ENSDARP00000058912	35.9	9
1504686	7955.ENSDARP00000119413	356	46
1491407	7955.ENSDARP00000082332	10.8	2
1486752	7955.ENSDARP00000055793	545	10
1497629	7955.ENSDARP00000104851	202	9
1490162	7955.ENSDARP00000074719	73.3	6
1492187	7955.ENSDARP00000087871	420	6
1486377	7955.ENSDARP00000053439	0.073	1
1485360	7955.ENSDARP00000043931	274	49
1495890	7955.ENSDARP00000100908	69.8	27
1487816	7955.ENSDARP00000062362	1592	96
1488513	7955.ENSDARP00000066392	131	3
1504820	7955.ENSDARP00000119791	0.02	1
1504230	7955.ENSDARP00000118221	0.131	1
1487324	7955.ENSDARP00000059227	53.1	10
1502529	7955.ENSDARP00000113858	48.0	13
1488215	7955.ENSDARP00000064522	188	11
1489077	7955.ENSDARP00000069226	230	14
1486662	7955.ENSDARP00000055286	37.4	8
1502086	7955.ENSDARP00000112646	68.6	2
1492201	7955.ENSDARP00000087919	3.15	1
1497128	7955.ENSDARP00000103819	237	60
1490829	7955.ENSDARP00000078114	3.04	3
1493164	7955.ENSDARP00000092179	197	6
1505346	7955.ENSDARP00000121149	0.019	1
1505141	7955.ENSDARP00000120580	182	5
1483186	7955.ENSDARP00000019206	15.0	1
1504082	7955.ENSDARP00000117879	1070	30
1482275	7955.ENSDARP00000010921	164	55
1488840	7955.ENSDARP00000068070	43.2	7
1486425	7955.ENSDARP00000053774	385	69
1505498	7955.ENSDARP00000121523	0.022	1
1494782	7955.ENSDARP00000098342	241	154
1486221	7955.ENSDARP00000052476	67.0	7
1485661	7955.ENSDARP00000047158	684	12
1485519	7955.ENSDARP00000045668	24.1	15
1499087	7955.ENSDARP00000107424	85.0	3
1485248	7955.ENSDARP00000042765	2928	191
1502745	7955.ENSDARP00000114387	310	28
1505321	7955.ENSDARP00000121087	0.02	1
1501391	7955.ENSDARP00000111398	0.028	1
1505987	7955.ENSDARP00000122764	59.2	16
1497907	7955.ENSDARP00000105344	161	17
1493288	7955.ENSDARP00000092675	0.032	1
1500765	7955.ENSDARP00000110352	39.9	1
1489131	7955.ENSDARP00000069513	404	5
1502551	7955.ENSDARP00000113908	2.18	1
1492746	7955.ENSDARP00000090351	0.021	1
1499273	7955.ENSDARP00000107737	868	30
1488817	7955.ENSDARP00000067945	237	60
1498373	7955.ENSDARP00000106154	1639	171
1492345	7955.ENSDARP00000088494	6.56	5
1484896	7955.ENSDARP00000038835	125	8
1506514	7955.ENSDARP00000124248	3170	92
1481528	7955.ENSDARP00000003738	2519	219
1500524	7955.ENSDARP00000109930	1.2	1
1486042	7955.ENSDARP00000051361	91.2	197
1488417	7955.ENSDARP00000065771	867	17
1484405	7955.ENSDARP00000032456	1347	99
1490732	7955.ENSDARP00000077445	8.2	1
1498981	7955.ENSDARP00000107238	6.25	3
1499563	7955.ENSDARP00000108249	116	1
1498975	7955.ENSDARP00000107232	233	60
1485831	7955.ENSDARP00000049108	35.3	3
1498090	7955.ENSDARP00000105660	1924	107
1492072	7955.ENSDARP00000087158	7.51	5
1503001	7955.ENSDARP00000115067	192	7
1488027	7955.ENSDARP00000063524	411	31
1502175	7955.ENSDARP00000112920	0.025	1
1493258	7955.ENSDARP00000092551	118	8
1485866	7955.ENSDARP00000049461	478	19
1481692	7955.ENSDARP00000005329	26.1	27
1493532	7955.ENSDARP00000093781	868	30
1484434	7955.ENSDARP00000032834	268	31
1502150	7955.ENSDARP00000112851	1296	126
1500255	7955.ENSDARP00000109464	1455	44
1493458	7955.ENSDARP00000093465	256	31
1495626	7955.ENSDARP00000100290	3.98	4
1490292	7955.ENSDARP00000075363	188	1
1488101	7955.ENSDARP00000063869	198	5
1482356	7955.ENSDARP00000011506	216	10
1489640	7955.ENSDARP00000072334	326	13
1492419	7955.ENSDARP00000088880	17.9	15
1482434	7955.ENSDARP00000012186	5.11	1
1501382	7955.ENSDARP00000111380	341	28
1505017	7955.ENSDARP00000120266	6.47	1
1501819	7955.ENSDARP00000112146	0.034	1
1484693	7955.ENSDARP00000036317	57.0	2
1489801	7955.ENSDARP00000072971	17.3	3
1501576	7955.ENSDARP00000111738	331	18
1481464	7955.ENSDARP00000003281	1137	55
1482276	7955.ENSDARP00000010925	143	23
1499818	7955.ENSDARP00000108688	239	33
1506881	7955.ENSDARP00000125288	0.022	1
1487809	7955.ENSDARP00000062337	23.0	4
1481794	7955.ENSDARP00000006320	75.6	10
1506366	7955.ENSDARP00000123778	19.5	2
1481525	7955.ENSDARP00000003705	328	16
1491959	7955.ENSDARP00000086433	13.3	1
1499385	7955.ENSDARP00000107930	22.6	5
1482813	7955.ENSDARP00000015805	385	69
1483063	7955.ENSDARP00000017923	11.3	1
1490012	7955.ENSDARP00000073910	651	22
1496729	7955.ENSDARP00000102914	1363	121
1502993	7955.ENSDARP00000115045	74.4	27
1501794	7955.ENSDARP00000112105	0.023	1
1488098	7955.ENSDARP00000063848	60.6	34
1481745	7955.ENSDARP00000005843	2111	71
1485089	7955.ENSDARP00000041113	326	10
1485483	7955.ENSDARP00000045298	60.1	3
1487874	7955.ENSDARP00000062670	397	218
1484947	7955.ENSDARP00000039450	10.0	1
1493877	7955.ENSDARP00000095167	245	3
1492903	7955.ENSDARP00000091027	180	8
1488099	7955.ENSDARP00000063856	66.8	4
1502498	7955.ENSDARP00000113756	385	69
1483455	7955.ENSDARP00000022077	849	116
1485882	7955.ENSDARP00000049650	5.31	1
1484110	7955.ENSDARP00000028148	135	68
1498170	7955.ENSDARP00000105799	24.7	6
1494222	7955.ENSDARP00000096581	908	213
1493534	7955.ENSDARP00000093787	237	60
1500791	7955.ENSDARP00000110394	11.9	4
1489381	7955.ENSDARP00000070818	0.16	1
1481550	7955.ENSDARP00000003905	42.6	27
1485147	7955.ENSDARP00000041699	459	19
1486255	7955.ENSDARP00000052682	19.8	14
1486265	7955.ENSDARP00000052749	2.49	1
1485110	7955.ENSDARP00000041348	2005	70
1491291	7955.ENSDARP00000081505	389	42
1496206	7955.ENSDARP00000101665	223	12
1493293	7955.ENSDARP00000092698	9.19	3
1499000	7955.ENSDARP00000107272	6000	396
1484352	7955.ENSDARP00000031764	165	2
1489201	7955.ENSDARP00000069948	400	32
1504535	7955.ENSDARP00000118999	0.066	1
1483487	7955.ENSDARP00000022320	140	4
1486912	7955.ENSDARP00000056789	4086	34
1497364	7955.ENSDARP00000104359	22.5	4
1494158	7955.ENSDARP00000096381	14.8	1
1483768	7955.ENSDARP00000024752	303	61
1486119	7955.ENSDARP00000051848	1018	45
1483198	7955.ENSDARP00000019373	0.523	1
1487919	7955.ENSDARP00000062873	53.2	2
1487026	7955.ENSDARP00000057499	19.0	2
1482541	7955.ENSDARP00000013026	105	4
1489158	7955.ENSDARP00000069669	13.4	2
1503480	7955.ENSDARP00000116310	201	6
1498622	7955.ENSDARP00000106573	0.023	1
1504563	7955.ENSDARP00000119068	0.024	1
1482131	7955.ENSDARP00000009538	39.7	2
1490345	7955.ENSDARP00000075639	147	63
1481600	7955.ENSDARP00000004441	1079	42
1505983	7955.ENSDARP00000122750	11695	612
1502589	7955.ENSDARP00000113988	660	641
1483996	7955.ENSDARP00000026992	7.29	2
1502134	7955.ENSDARP00000112824	1689	32
1491343	7955.ENSDARP00000081856	44.0	7
1484075	7955.ENSDARP00000027775	56.1	3
1488023	7955.ENSDARP00000063483	48.7	19
1501691	7955.ENSDARP00000111930	542	191
1500452	7955.ENSDARP00000109811	0.024	1
1488085	7955.ENSDARP00000063805	79.0	13
1491616	7955.ENSDARP00000083835	455	23
1493635	7955.ENSDARP00000094162	10.6	2
1481668	7955.ENSDARP00000005183	205	28
1484408	7955.ENSDARP00000032505	41.5	6
1494867	7955.ENSDARP00000098544	0.025	1
1505560	7955.ENSDARP00000121692	73.1	7
1504806	7955.ENSDARP00000119753	0.025	1
1486896	7955.ENSDARP00000056711	11.1	1
1481758	7955.ENSDARP00000005968	232	11
1483655	7955.ENSDARP00000023774	403	28
1492185	7955.ENSDARP00000087869	129	3
1506488	7955.ENSDARP00000124162	143	35
1486497	7955.ENSDARP00000054229	808	54
1501625	7955.ENSDARP00000111811	2701	75
1488941	7955.ENSDARP00000068586	2746	175
1493535	7955.ENSDARP00000093790	868	30
1486929	7955.ENSDARP00000056884	179	29
1481397	7955.ENSDARP00000002761	40.5	7
1490642	7955.ENSDARP00000076844	192	20
1486921	7955.ENSDARP00000056848	1.3	11
1501995	7955.ENSDARP00000112447	6.2	1
1485256	7955.ENSDARP00000042866	0.837	1
1488083	7955.ENSDARP00000063799	28193	1344
1486873	7955.ENSDARP00000056582	60.3	2
1481770	7955.ENSDARP00000006085	28.9	2
1481994	7955.ENSDARP00000008118	801	102
1482563	7955.ENSDARP00000013244	41.0	9
1507335	7955.ENSDARP00000126335	0.021	1
1482719	7955.ENSDARP00000014921	144	52
1493174	7955.ENSDARP00000092224	11.5	12
1485026	7955.ENSDARP00000040389	17.0	1
1495415	7955.ENSDARP00000099772	80.8	194
1481864	7955.ENSDARP00000006973	192	9
1493269	7955.ENSDARP00000092585	45.3	16
1501438	7955.ENSDARP00000111487	700	12
1507416	7955.ENSDARP00000126524	0.019	1
1486737	7955.ENSDARP00000055709	93.1	6
1492232	7955.ENSDARP00000088034	120	5
1488567	7955.ENSDARP00000066773	533	20
1500809	7955.ENSDARP00000110426	1343	73
1492093	7955.ENSDARP00000087338	25.8	5
1490115	7955.ENSDARP00000074464	160	10
1501372	7955.ENSDARP00000111361	0.021	1
1505212	7955.ENSDARP00000120778	23.5	27
1493663	7955.ENSDARP00000094269	30.1	2
1495217	7955.ENSDARP00000099331	0.067	1
1506750	7955.ENSDARP00000125036	49.6	33
1500989	7955.ENSDARP00000110724	310	9
1488239	7955.ENSDARP00000064671	101	8
1487864	7955.ENSDARP00000062617	354	34
1484668	7955.ENSDARP00000036006	148	22
1500384	7955.ENSDARP00000109694	17.6	1
1493364	7955.ENSDARP00000093080	13.8	1
1487280	7955.ENSDARP00000058963	1872	47
1492898	7955.ENSDARP00000091007	6.19	3
1482992	7955.ENSDARP00000017410	135	5
1482470	7955.ENSDARP00000012437	619	67
1500243	7955.ENSDARP00000109442	15.0	4
1488104	7955.ENSDARP00000063891	36.5	6
1504354	7955.ENSDARP00000118555	0.024	1
1500279	7955.ENSDARP00000109510	0.027	1
1498551	7955.ENSDARP00000106443	542	191
1505879	7955.ENSDARP00000122470	0.029	1
1499003	7955.ENSDARP00000107277	6.49	6
1487260	7955.ENSDARP00000058875	3.44	1
1504529	7955.ENSDARP00000118986	100	21
1493536	7955.ENSDARP00000093791	351	154
1505411	7955.ENSDARP00000121323	120	10
1491665	7955.ENSDARP00000084170	45.2	3
1493670	7955.ENSDARP00000094289	68.8	4
1498187	7955.ENSDARP00000105825	797	74
1503315	7955.ENSDARP00000115884	0.025	1
1498542	7955.ENSDARP00000106429	65.3	4
1503780	7955.ENSDARP00000117083	12.8	1
1503115	7955.ENSDARP00000115391	2.15	1
1488733	7955.ENSDARP00000067559	88.7	10
1499769	7955.ENSDARP00000108591	570	63
1495979	7955.ENSDARP00000101117	30.1	8
1489195	7955.ENSDARP00000069896	410	3
1499840	7955.ENSDARP00000108724	43.0	19
1483183	7955.ENSDARP00000019176	25.4	1
1498384	7955.ENSDARP00000106168	104	5
1485575	7955.ENSDARP00000046259	8.67	1
1483756	7955.ENSDARP00000024667	26.8	4
1484099	7955.ENSDARP00000028033	12.4	2
1496518	7955.ENSDARP00000102398	33.8	4
1481941	7955.ENSDARP00000007676	22.7	2
1482516	7955.ENSDARP00000012791	32.0	4
1500017	7955.ENSDARP00000109050	1868	27
1482170	7955.ENSDARP00000009909	163	15
1498635	7955.ENSDARP00000106591	22.2	4
1506224	7955.ENSDARP00000123407	0.018	1
1501358	7955.ENSDARP00000111333	834	421
1486009	7955.ENSDARP00000051080	153	39
1501145	7955.ENSDARP00000110984	124	5
1484014	7955.ENSDARP00000027118	1125	107
1492908	7955.ENSDARP00000091054	96.1	17
1487644	7955.ENSDARP00000061148	1073	413
1486695	7955.ENSDARP00000055490	11.8	2
1492825	7955.ENSDARP00000090664	665	9
1506823	7955.ENSDARP00000125185	0.018	1
1500913	7955.ENSDARP00000110588	2458	106
1494748	7955.ENSDARP00000098264	0.024	1
1494863	7955.ENSDARP00000098532	0.02	1
1507113	7955.ENSDARP00000125774	2.1	2
1486630	7955.ENSDARP00000055135	481	245
1505333	7955.ENSDARP00000121112	0.023	1
1500412	7955.ENSDARP00000109737	600	27
1494007	7955.ENSDARP00000095652	20.1	16
1507432	7955.ENSDARP00000126570	0.03	1
1507372	7955.ENSDARP00000126415	0.021	1
1497246	7955.ENSDARP00000104110	800	31
1502326	7955.ENSDARP00000113292	45.3	16
1485340	7955.ENSDARP00000043742	190	65
1487576	7955.ENSDARP00000060713	31.9	3
1481345	7955.ENSDARP00000002223	74.6	5
1503096	7955.ENSDARP00000115337	416	50
1497132	7955.ENSDARP00000103825	0.023	1
1499527	7955.ENSDARP00000108190	50.5	4
1485875	7955.ENSDARP00000049587	147	4
1502515	7955.ENSDARP00000113810	0.022	1
1506088	7955.ENSDARP00000123023	123	24
1501868	7955.ENSDARP00000112233	1971	193
1501580	7955.ENSDARP00000111742	2490	293
1492889	7955.ENSDARP00000090963	164	22
1482424	7955.ENSDARP00000012094	122	2
1487403	7955.ENSDARP00000059695	2286	148
1489609	7955.ENSDARP00000072235	7513	395
1490788	7955.ENSDARP00000077832	542	191
1484375	7955.ENSDARP00000032153	21.5	1
1489628	7955.ENSDARP00000072300	148	2
1493692	7955.ENSDARP00000094384	6.99	3
1498658	7955.ENSDARP00000106634	542	191
1502758	7955.ENSDARP00000114421	0.019	1
1481621	7955.ENSDARP00000004708	215	12
1497372	7955.ENSDARP00000104379	542	191
1482761	7955.ENSDARP00000015293	379	65
1496983	7955.ENSDARP00000103495	0.021	1
1493321	7955.ENSDARP00000092817	0.031	1
1487623	7955.ENSDARP00000061000	715	40
1484553	7955.ENSDARP00000034327	178	6
1490167	7955.ENSDARP00000074756	726	8
1485505	7955.ENSDARP00000045564	345	7
1487045	7955.ENSDARP00000057604	18.1	1
1488102	7955.ENSDARP00000063876	172	8
1493154	7955.ENSDARP00000092100	12.1	2
1500820	7955.ENSDARP00000110439	11.6	3
1492119	7955.ENSDARP00000087462	1070	30
1492364	7955.ENSDARP00000088594	254	14
1503614	7955.ENSDARP00000116663	0.028	1
1483944	7955.ENSDARP00000026495	24.3	1
1495634	7955.ENSDARP00000100307	68.6	4
1504266	7955.ENSDARP00000118334	0.03	1
1484521	7955.ENSDARP00000033907	461	45
1491066	7955.ENSDARP00000079877	14.7	2
1503464	7955.ENSDARP00000116259	0.026	1
1489264	7955.ENSDARP00000070225	4.44	2
1485665	7955.ENSDARP00000047200	27.2	10
1484345	7955.ENSDARP00000031690	18.6	1
1485564	7955.ENSDARP00000046121	7.28	4
1482890	7955.ENSDARP00000016453	1502	166
1498855	7955.ENSDARP00000107004	45.0	4
1493169	7955.ENSDARP00000092188	278	11
1492882	7955.ENSDARP00000090943	397	19
1485836	7955.ENSDARP00000049166	1451	38
1488119	7955.ENSDARP00000064011	142	9
1498662	7955.ENSDARP00000106639	2.62	1
1503128	7955.ENSDARP00000115410	0.03	1
1483463	7955.ENSDARP00000022120	35.6	4
1493794	7955.ENSDARP00000094826	85.0	2
1483891	7955.ENSDARP00000025940	262	17
1501115	7955.ENSDARP00000110935	542	191
1489165	7955.ENSDARP00000069695	25.3	46
1493253	7955.ENSDARP00000092510	22.6	5
1489685	7955.ENSDARP00000072498	0.559	3
1492307	7955.ENSDARP00000088354	3786	200
1500254	7955.ENSDARP00000109462	14.6	1
1483518	7955.ENSDARP00000022552	356	8
1495316	7955.ENSDARP00000099554	7.21	1
1498577	7955.ENSDARP00000106496	542	191
1482125	7955.ENSDARP00000009474	17.9	3
1482711	7955.ENSDARP00000014852	35.6	2
1483397	7955.ENSDARP00000021453	2381	274
1496624	7955.ENSDARP00000102663	21.8	4
1487646	7955.ENSDARP00000061164	393	189
1496586	7955.ENSDARP00000102559	72.7	3
1507431	7955.ENSDARP00000126566	0.046	1
1488274	7955.ENSDARP00000064895	2904	197
1493543	7955.ENSDARP00000093817	102	21
1506822	7955.ENSDARP00000125184	0.019	1
1493481	7955.ENSDARP00000093555	23.1	3
1482581	7955.ENSDARP00000013402	144	11
1493868	7955.ENSDARP00000095135	212	9
1487706	7955.ENSDARP00000061623	4.72	5
1488220	7955.ENSDARP00000064557	4.8	1
1483696	7955.ENSDARP00000024120	22.0	5
1487825	7955.ENSDARP00000062403	40.2	1
1485434	7955.ENSDARP00000044836	14.0	5
1503349	7955.ENSDARP00000115964	44.7	110
1493057	7955.ENSDARP00000091773	23.1	2
1507073	7955.ENSDARP00000125666	0.079	1
1491678	7955.ENSDARP00000084277	1689	32
1487818	7955.ENSDARP00000062369	392	239
1483734	7955.ENSDARP00000024433	73.5	5
1485525	7955.ENSDARP00000045696	218	6
1491559	7955.ENSDARP00000083447	1.01	1
1506643	7955.ENSDARP00000124670	185	11
1502615	7955.ENSDARP00000114053	4.83	2
1500487	7955.ENSDARP00000109871	85.5	5
1507373	7955.ENSDARP00000126422	0.026	1
1506252	7955.ENSDARP00000123469	0.025	1
1489226	7955.ENSDARP00000070021	19127	272
1500498	7955.ENSDARP00000109890	125	12
1492636	7955.ENSDARP00000089879	518	200
1490796	7955.ENSDARP00000077888	17.7	1
1507371	7955.ENSDARP00000126414	0.025	1
1482194	7955.ENSDARP00000010116	163	8
1503181	7955.ENSDARP00000115538	429	11
1484020	7955.ENSDARP00000027159	30.0	2
1498155	7955.ENSDARP00000105768	130	15
1497438	7955.ENSDARP00000104505	0.025	1
1498109	7955.ENSDARP00000105693	0.025	1
1484566	7955.ENSDARP00000034555	648	14
1491191	7955.ENSDARP00000080761	6.45	1
1501096	7955.ENSDARP00000110906	116	5
1494243	7955.ENSDARP00000096674	169	35
1494584	7955.ENSDARP00000097865	10.3	1
1498000	7955.ENSDARP00000105519	69.8	1
1489312	7955.ENSDARP00000070462	78.2	4
1489111	7955.ENSDARP00000069387	37.0	3
1500631	7955.ENSDARP00000110121	1179	240
1484501	7955.ENSDARP00000033622	132	17
1503012	7955.ENSDARP00000115095	0.016	1
1500742	7955.ENSDARP00000110316	20.9	2
1483243	7955.ENSDARP00000019829	421	68
1505999	7955.ENSDARP00000122796	210	24
1488961	7955.ENSDARP00000068656	202	8
1498258	7955.ENSDARP00000105955	125	14
1503743	7955.ENSDARP00000117001	0.02	1
1489076	7955.ENSDARP00000069215	3.64	1
1494190	7955.ENSDARP00000096468	158	4
1505403	7955.ENSDARP00000121299	5.16	1
1496011	7955.ENSDARP00000101178	210	24
1499570	7955.ENSDARP00000108264	28.7	27
1505531	7955.ENSDARP00000121623	505	32
1482500	7955.ENSDARP00000012691	44.4	2
1499374	7955.ENSDARP00000107913	184	24
1483311	7955.ENSDARP00000020485	115	10
1487132	7955.ENSDARP00000058161	160	21
1504044	7955.ENSDARP00000117800	3.34	1
1501887	7955.ENSDARP00000112265	19.8	5
1486100	7955.ENSDARP00000051749	15.6	1
1499736	7955.ENSDARP00000108536	1.41	11
1484925	7955.ENSDARP00000039143	639	15
1490753	7955.ENSDARP00000077647	18.2	3
1502872	7955.ENSDARP00000114741	0.027	1
1506432	7955.ENSDARP00000123999	307	34
1490431	7955.ENSDARP00000075994	90.6	21
1500196	7955.ENSDARP00000109355	542	191
1502234	7955.ENSDARP00000113050	1.71	1
1490071	7955.ENSDARP00000074163	68.6	8
1483031	7955.ENSDARP00000017693	100	18
1493482	7955.ENSDARP00000093557	1.34	1
1493538	7955.ENSDARP00000093801	229	154
1482328	7955.ENSDARP00000011271	7250	541
1487906	7955.ENSDARP00000062819	3.74	2
1492681	7955.ENSDARP00000090093	34.9	2
1502940	7955.ENSDARP00000114894	0.021	1
1488444	7955.ENSDARP00000065940	76.6	5
1500323	7955.ENSDARP00000109583	12.7	3
1483608	7955.ENSDARP00000023429	39.2	15
1486677	7955.ENSDARP00000055379	902	372
1483362	7955.ENSDARP00000021016	817	358
1501443	7955.ENSDARP00000111493	351	154
1494265	7955.ENSDARP00000096763	0.713	3
1484348	7955.ENSDARP00000031737	61.4	1
1486937	7955.ENSDARP00000056918	36.2	11
1485965	7955.ENSDARP00000050643	132	40
1497140	7955.ENSDARP00000103854	58.0	44
1493285	7955.ENSDARP00000092672	2353	151
1494712	7955.ENSDARP00000098175	71.1	6
1487097	7955.ENSDARP00000057943	434	6
1493173	7955.ENSDARP00000092223	2704	230
1502223	7955.ENSDARP00000113029	1.1	1
1488483	7955.ENSDARP00000066229	3.29	1
1489601	7955.ENSDARP00000072190	109	9
1500385	7955.ENSDARP00000109695	10.2	3
1485456	7955.ENSDARP00000045068	28.4	4
1500856	7955.ENSDARP00000110498	109	2
1482264	7955.ENSDARP00000010840	6.15	3
1504751	7955.ENSDARP00000119600	260	17
1507133	7955.ENSDARP00000125818	22.3	4
1504578	7955.ENSDARP00000119114	0.023	1
1483517	7955.ENSDARP00000022550	1071	83
1481507	7955.ENSDARP00000003571	119	6
1494196	7955.ENSDARP00000096504	3878	304
1497510	7955.ENSDARP00000104630	237	60
1489402	7955.ENSDARP00000070966	6.7	10
1493393	7955.ENSDARP00000093211	14.3	3
1497913	7955.ENSDARP00000105353	0.023	1
1495955	7955.ENSDARP00000101055	90.5	10
1495098	7955.ENSDARP00000099044	638	80
1496646	7955.ENSDARP00000102718	1302	367
1497543	7955.ENSDARP00000104687	390	28
1488508	7955.ENSDARP00000066383	53.5	11
1497609	7955.ENSDARP00000104804	27.9	4
1496862	7955.ENSDARP00000103212	1725	91
1486227	7955.ENSDARP00000052528	3051	47
1503137	7955.ENSDARP00000115433	492	3
1492735	7955.ENSDARP00000090306	7.41	41
1486020	7955.ENSDARP00000051185	206	10
1485970	7955.ENSDARP00000050752	75.2	5
1487688	7955.ENSDARP00000061480	11200	342
1503030	7955.ENSDARP00000115147	213	7
1486149	7955.ENSDARP00000052090	8.49	1
1506581	7955.ENSDARP00000124448	175	20
1493862	7955.ENSDARP00000095115	8.04	1
1482828	7955.ENSDARP00000015917	1331	169
1493291	7955.ENSDARP00000092691	9.19	3
1488503	7955.ENSDARP00000066372	978	44
1485639	7955.ENSDARP00000046982	16.1	1
1481744	7955.ENSDARP00000005837	732	4
1487203	7955.ENSDARP00000058554	51.7	5
1501483	7955.ENSDARP00000111579	137	18
1499695	7955.ENSDARP00000108465	237	60
1481809	7955.ENSDARP00000006445	574	25
1504223	7955.ENSDARP00000118203	0.02	1
1506085	7955.ENSDARP00000123009	0.027	1
1489473	7955.ENSDARP00000071510	49.7	4
1484640	7955.ENSDARP00000035541	229	4
1497774	7955.ENSDARP00000105094	1330	455
1504845	7955.ENSDARP00000119851	0.022	1
1505652	7955.ENSDARP00000121927	0.024	1
1496579	7955.ENSDARP00000102543	29.3	6
1481569	7955.ENSDARP00000004139	167	17
1500971	7955.ENSDARP00000110694	91.9	16
1486445	7955.ENSDARP00000053874	12.2	4
1492188	7955.ENSDARP00000087872	2753	43
1490341	7955.ENSDARP00000075627	369	26
1492071	7955.ENSDARP00000087157	6.77	5
1502657	7955.ENSDARP00000114189	5.94	1
1483949	7955.ENSDARP00000026546	46.6	3
1486958	7955.ENSDARP00000057089	1096	32
1494766	7955.ENSDARP00000098301	147	4
1483481	7955.ENSDARP00000022302	99.7	30
1506872	7955.ENSDARP00000125268	0.114	1
1498527	7955.ENSDARP00000106406	105	12
1496859	7955.ENSDARP00000103208	302	154
1485260	7955.ENSDARP00000042894	12.0	2
1488156	7955.ENSDARP00000064171	8.28	2
1481515	7955.ENSDARP00000003641	2216	55
1485892	7955.ENSDARP00000049830	180	12
1484302	7955.ENSDARP00000031014	33.4	1
1489562	7955.ENSDARP00000071963	281	16
1505438	7955.ENSDARP00000121373	12836	393
1481298	7955.ENSDARP00000000979	70.5	4
1483969	7955.ENSDARP00000026766	52.9	2
1507400	7955.ENSDARP00000126480	0.021	1
1492816	7955.ENSDARP00000090632	237	60
1494515	7955.ENSDARP00000097708	32.2	7
1486699	7955.ENSDARP00000055509	103	1
1503899	7955.ENSDARP00000117405	0.023	1
1494728	7955.ENSDARP00000098210	150	16
1489208	7955.ENSDARP00000069977	797	17
1485900	7955.ENSDARP00000049899	374	11
1502796	7955.ENSDARP00000114513	3.08	2
1483051	7955.ENSDARP00000017853	484	19
1495818	7955.ENSDARP00000100755	9.11	1
1483149	7955.ENSDARP00000018865	2934	72
1496656	7955.ENSDARP00000102749	237	60
1487194	7955.ENSDARP00000058502	105	4
1504225	7955.ENSDARP00000118210	0.021	1
1494223	7955.ENSDARP00000096586	409	49
1501336	7955.ENSDARP00000111296	14.1	1
1488583	7955.ENSDARP00000066858	741	377
1505022	7955.ENSDARP00000120273	0.02	1
1499063	7955.ENSDARP00000107383	14.6	2
1499665	7955.ENSDARP00000108417	237	60
1487674	7955.ENSDARP00000061365	51.5	9
1499360	7955.ENSDARP00000107881	0.028	1
1489678	7955.ENSDARP00000072482	17.4	2
1482536	7955.ENSDARP00000012986	51.3	3
1484985	7955.ENSDARP00000039916	3.37	1
1499120	7955.ENSDARP00000107491	581	200
1499406	7955.ENSDARP00000107971	24.9	1
1502559	7955.ENSDARP00000113928	0.032	1
1506282	7955.ENSDARP00000123539	0.026	1
1500046	7955.ENSDARP00000109098	33.5	5
1497865	7955.ENSDARP00000105275	0.025	1
1488443	7955.ENSDARP00000065939	397	14
1483809	7955.ENSDARP00000025234	547	63
1499697	7955.ENSDARP00000108469	10.7	2
1499394	7955.ENSDARP00000107946	542	191
1504683	7955.ENSDARP00000119407	9.9	6
1502429	7955.ENSDARP00000113553	336	6
1493153	7955.ENSDARP00000092093	19.6	1
1481340	7955.ENSDARP00000002175	1654	349
1504016	7955.ENSDARP00000117718	0.026	1
1483808	7955.ENSDARP00000025226	21.3	1
1484274	7955.ENSDARP00000030612	128	5
1490596	7955.ENSDARP00000076637	117	25
1486512	7955.ENSDARP00000054339	641	17
1489198	7955.ENSDARP00000069904	14.1	1
1502058	7955.ENSDARP00000112576	124	46
1505544	7955.ENSDARP00000121660	0.028	1
1496739	7955.ENSDARP00000102939	4.85	1
1488029	7955.ENSDARP00000063532	198	3
1484819	7955.ENSDARP00000037871	1008	114
1490760	7955.ENSDARP00000077698	4.32	1
1505468	7955.ENSDARP00000121459	351	154
1501360	7955.ENSDARP00000111335	5690	306
1490080	7955.ENSDARP00000074186	6.78	1
1494606	7955.ENSDARP00000097936	4.37	1
1486146	7955.ENSDARP00000052081	933	21
1486785	7955.ENSDARP00000056020	3.04	1
1486150	7955.ENSDARP00000052096	878	27
1485861	7955.ENSDARP00000049419	26.3	3
1487761	7955.ENSDARP00000061957	4022	70
1490687	7955.ENSDARP00000077060	656	30
1487546	7955.ENSDARP00000060534	18668	943
1507391	7955.ENSDARP00000126456	0.024	1
1502820	7955.ENSDARP00000114578	185	1
1498675	7955.ENSDARP00000106669	351	154
1482905	7955.ENSDARP00000016639	210	5
1482810	7955.ENSDARP00000015781	139	7
1506938	7955.ENSDARP00000125399	0.023	1
1485312	7955.ENSDARP00000043454	5.02	1
1506553	7955.ENSDARP00000124366	0.779	2
1483333	7955.ENSDARP00000020770	6.31	1
1500619	7955.ENSDARP00000110096	17.9	2
1493666	7955.ENSDARP00000094282	20.0	2
1505483	7955.ENSDARP00000121492	21.6	11
1492225	7955.ENSDARP00000088020	37.9	15
1492195	7955.ENSDARP00000087879	13.7	1
1490539	7955.ENSDARP00000076404	156	11
1505567	7955.ENSDARP00000121708	24.7	2
1504497	7955.ENSDARP00000118904	65.8	14
1500139	7955.ENSDARP00000109253	0.032	1
1494028	7955.ENSDARP00000095754	9.66	1
1484131	7955.ENSDARP00000028543	3.52	5
1482110	7955.ENSDARP00000009320	573	355
1492505	7955.ENSDARP00000089263	5.54	3
1487291	7955.ENSDARP00000059012	95.3	2
1488082	7955.ENSDARP00000063788	1532	45
1499580	7955.ENSDARP00000108280	95.0	2
1507198	7955.ENSDARP00000125972	1070	30
1495944	7955.ENSDARP00000101037	886	89
1484749	7955.ENSDARP00000037108	7.07	1
1486698	7955.ENSDARP00000055503	159	7
1495388	7955.ENSDARP00000099721	2.56	1
1492851	7955.ENSDARP00000090800	0.029	1
1482966	7955.ENSDARP00000017189	1466	131
1501517	7955.ENSDARP00000111631	51.5	9
1505065	7955.ENSDARP00000120377	0.019	1
1504174	7955.ENSDARP00000118083	0.021	1
1483323	7955.ENSDARP00000020595	2407	21
1484775	7955.ENSDARP00000037410	30.2	3
1486276	7955.ENSDARP00000052837	392	239
1485336	7955.ENSDARP00000043710	57.1	12
1484877	7955.ENSDARP00000038658	802	16
1500289	7955.ENSDARP00000109527	11.8	1
1493274	7955.ENSDARP00000092617	26.0	2
1497299	7955.ENSDARP00000104209	4.72	4
1486261	7955.ENSDARP00000052729	3613	60
1484574	7955.ENSDARP00000034733	60.8	10
1507425	7955.ENSDARP00000126548	0.02	1
1490607	7955.ENSDARP00000076722	443	10
1496158	7955.ENSDARP00000101541	8462	212
1483601	7955.ENSDARP00000023327	332	5
1502664	7955.ENSDARP00000114204	0.023	1
1507219	7955.ENSDARP00000126029	9.8	1
1484142	7955.ENSDARP00000028689	357	31
1485695	7955.ENSDARP00000047530	26.6	3
1502132	7955.ENSDARP00000112809	17.5	1
1483635	7955.ENSDARP00000023640	15.7	1
1486415	7955.ENSDARP00000053699	33.7	1
1488446	7955.ENSDARP00000065955	90.5	2
1485961	7955.ENSDARP00000050602	15.9	1
1483660	7955.ENSDARP00000023805	13.5	3
1506504	7955.ENSDARP00000124217	376	12
1482697	7955.ENSDARP00000014732	12.0	2
1488820	7955.ENSDARP00000067953	857	32
1484539	7955.ENSDARP00000034171	9871	464
1494665	7955.ENSDARP00000098062	0.023	1
1485646	7955.ENSDARP00000047038	14.6	2
1497617	7955.ENSDARP00000104823	149	13
1489501	7955.ENSDARP00000071646	258	42
1503815	7955.ENSDARP00000117185	0.022	1
1489044	7955.ENSDARP00000069063	52.9	11
1506681	7955.ENSDARP00000124805	13.0	2
1506516	7955.ENSDARP00000124254	104	6
1492487	7955.ENSDARP00000089179	706	17
1486026	7955.ENSDARP00000051230	87.8	23
1500344	7955.ENSDARP00000109625	1166	398
1489894	7955.ENSDARP00000073415	7.51	41
1483716	7955.ENSDARP00000024304	89.5	2
1485329	7955.ENSDARP00000043659	7.32	1
1489565	7955.ENSDARP00000072006	824	393
1504178	7955.ENSDARP00000118091	425	95
1496106	7955.ENSDARP00000101412	19.8	2
1483412	7955.ENSDARP00000021652	167	9
1490387	7955.ENSDARP00000075802	157	16
1485598	7955.ENSDARP00000046575	832	139
1487783	7955.ENSDARP00000062145	22.3	4
1486114	7955.ENSDARP00000051806	85.5	2
1486352	7955.ENSDARP00000053303	885	434
1485824	7955.ENSDARP00000049002	208	41
1502562	7955.ENSDARP00000113934	4.88	1
1495209	7955.ENSDARP00000099306	1016	81
1489838	7955.ENSDARP00000073113	138	18
1490066	7955.ENSDARP00000074146	19.2	11
1493706	7955.ENSDARP00000094422	3.74	1
1483326	7955.ENSDARP00000020656	174	7
1490210	7955.ENSDARP00000074935	376	63
1481307	7955.ENSDARP00000001263	25.7	4
1487042	7955.ENSDARP00000057598	251	5
1501464	7955.ENSDARP00000111526	542	191
1482815	7955.ENSDARP00000015815	121	6
1482587	7955.ENSDARP00000013441	285	34
