#id: 290
#name: D.rerio - Muscle, SC (Kelkar,MCP,2014)
#score: 16.85
#weight: 100%
#description: abundance based on Spectral counting, from<a href="http://www.ncbi.nlm.nih.gov/pubmed/25060758" target="_blank">Kelkar,MCP,2014</a><br/><b>Interaction consistency score</b>: 16.85&nbsp<b>Coverage</b>: 6
#organ: MUSCLE
#integrated: false
#coverage: 6
#publication_year: 2014
#filename: 7955-ZF_Muscle_Kelkar_2014_SEQUEST.txt
#
#internal_id	string_external_id	abundance	raw_spectral_count
1493038	7955.ENSDARP00000091697	28.2	1
1485932	7955.ENSDARP00000050257	287	22
1505315	7955.ENSDARP00000121065	178	85
1501414	7955.ENSDARP00000111447	321	138
1502316	7955.ENSDARP00000113274	116	10
1501874	7955.ENSDARP00000112247	56.8	1
1502419	7955.ENSDARP00000113539	92.6	4
1496634	7955.ENSDARP00000102682	319	63
1490111	7955.ENSDARP00000074422	321	19
1484716	7955.ENSDARP00000036656	22.2	2
1485360	7955.ENSDARP00000043931	2976	574
1505783	7955.ENSDARP00000122226	47.2	4
1486376	7955.ENSDARP00000053431	88.4	3
1492613	7955.ENSDARP00000089772	7869	130
1483439	7955.ENSDARP00000021916	579	21
1482983	7955.ENSDARP00000017326	175	73
1487491	7955.ENSDARP00000060202	22.3	6
1485027	7955.ENSDARP00000040396	2991	67
1483964	7955.ENSDARP00000026717	140	8
1506186	7955.ENSDARP00000123299	425	243
1482575	7955.ENSDARP00000013329	1481	85
1505395	7955.ENSDARP00000121284	41.7	3
1499841	7955.ENSDARP00000108727	87.4	41
1493300	7955.ENSDARP00000092727	21.6	7
1506145	7955.ENSDARP00000123183	65.9	3
1494084	7955.ENSDARP00000096076	169	10
1482235	7955.ENSDARP00000010482	142	4
1494094	7955.ENSDARP00000096118	424	31
1484013	7955.ENSDARP00000027115	43.0	2
1486256	7955.ENSDARP00000052687	10.5	3
1482228	7955.ENSDARP00000010427	20.8	2
1481628	7955.ENSDARP00000004795	68.9	3
1483334	7955.ENSDARP00000020775	22.0	10
1492856	7955.ENSDARP00000090833	146	9
1490377	7955.ENSDARP00000075780	77.7	4
1484618	7955.ENSDARP00000035273	948	9
1488096	7955.ENSDARP00000063836	27.1	1
1495033	7955.ENSDARP00000098911	346	2
1492955	7955.ENSDARP00000091324	10.8	2
1486949	7955.ENSDARP00000057020	27.6	2
1496152	7955.ENSDARP00000101525	349	138
1500894	7955.ENSDARP00000110558	26.4	3
1501849	7955.ENSDARP00000112199	5905	149
1481782	7955.ENSDARP00000006207	362	25
1500780	7955.ENSDARP00000110377	6652	308
1493307	7955.ENSDARP00000092760	452	18
1502811	7955.ENSDARP00000114555	42.5	2
1483297	7955.ENSDARP00000020358	1306	14
1485655	7955.ENSDARP00000047093	0.849	1
1485889	7955.ENSDARP00000049792	569	30
1482474	7955.ENSDARP00000012454	729	50
1497271	7955.ENSDARP00000104161	20.8	1
1499701	7955.ENSDARP00000108473	8.51	1
1499394	7955.ENSDARP00000107946	818	204
1495894	7955.ENSDARP00000100931	16.8	1
1490115	7955.ENSDARP00000074464	29.2	2
1481855	7955.ENSDARP00000006882	159	8
1482674	7955.ENSDARP00000014422	2.89	3
1486266	7955.ENSDARP00000052760	5408	2
1502212	7955.ENSDARP00000112997	54.1	18
1484256	7955.ENSDARP00000030294	168	3
1485681	7955.ENSDARP00000047408	2.47	25
1499915	7955.ENSDARP00000108873	434	22
1492623	7955.ENSDARP00000089803	282	4
1499155	7955.ENSDARP00000107547	818	204
1485131	7955.ENSDARP00000041530	2828	47
1492125	7955.ENSDARP00000087500	287	6
1485677	7955.ENSDARP00000047376	52.9	11
1490312	7955.ENSDARP00000075482	33.3	2
1486922	7955.ENSDARP00000056852	591	1684
1499467	7955.ENSDARP00000108086	0.988	1
1505693	7955.ENSDARP00000122009	349	138
1483570	7955.ENSDARP00000023022	343	29
1485899	7955.ENSDARP00000049894	385	7
1505743	7955.ENSDARP00000122141	371	5
1484447	7955.ENSDARP00000033056	5.25	1
1502396	7955.ENSDARP00000113472	5.98	1
1489900	7955.ENSDARP00000073437	44.2	3
1505117	7955.ENSDARP00000120506	13.4	1
1487085	7955.ENSDARP00000057862	2.33	1
1504782	7955.ENSDARP00000119693	32.3	1
1502712	7955.ENSDARP00000114317	61.8	5
1491297	7955.ENSDARP00000081533	217	76
1491693	7955.ENSDARP00000084389	1.1	1
1501634	7955.ENSDARP00000111828	455	6
1494459	7955.ENSDARP00000097572	38.1	1
1485967	7955.ENSDARP00000050670	112	11
1491298	7955.ENSDARP00000081539	1350	247
1492412	7955.ENSDARP00000088840	4078	7225
1484470	7955.ENSDARP00000033328	71.5	8
1486245	7955.ENSDARP00000052638	49.8	5
1491711	7955.ENSDARP00000084514	12.4	1
1493067	7955.ENSDARP00000091816	452	50
1499532	7955.ENSDARP00000108197	718	12
1499497	7955.ENSDARP00000108143	50.1	17
1499751	7955.ENSDARP00000108560	191	6
1490180	7955.ENSDARP00000074827	9.99	4
1502994	7955.ENSDARP00000115047	54.1	18
1483819	7955.ENSDARP00000025342	472	18
1486638	7955.ENSDARP00000055160	226	3
1485560	7955.ENSDARP00000046076	878	56
1502011	7955.ENSDARP00000112476	37.7	6
1487843	7955.ENSDARP00000062517	928	30
1486325	7955.ENSDARP00000053151	11.8	1
1500141	7955.ENSDARP00000109257	818	204
1486197	7955.ENSDARP00000052382	309	7
1482055	7955.ENSDARP00000008736	1.97	4
1498430	7955.ENSDARP00000106245	818	204
1499164	7955.ENSDARP00000107557	100.0	2
1484860	7955.ENSDARP00000038446	129	3
1484518	7955.ENSDARP00000033828	18.5	2
1506854	7955.ENSDARP00000125238	94.7	10
1486799	7955.ENSDARP00000056088	295	68
1495200	7955.ENSDARP00000099283	65.2	12
1499720	7955.ENSDARP00000108502	802	198
1483639	7955.ENSDARP00000023671	14.2	1
1483802	7955.ENSDARP00000025160	25.2	1
1487353	7955.ENSDARP00000059365	21371	1289
1506840	7955.ENSDARP00000125214	16.4	1
1489915	7955.ENSDARP00000073486	0.657	1
1486225	7955.ENSDARP00000052510	16.3	2
1495429	7955.ENSDARP00000099813	349	138
1488187	7955.ENSDARP00000064375	565	8
1487584	7955.ENSDARP00000060765	69.0	10
1486185	7955.ENSDARP00000052345	6.06	1
1505461	7955.ENSDARP00000121444	348	8
1504300	7955.ENSDARP00000118414	1.18	1
1492033	7955.ENSDARP00000086897	421	10
1505528	7955.ENSDARP00000121609	35.5	3
1494148	7955.ENSDARP00000096352	82.2	42
1505407	7955.ENSDARP00000121314	252	5
1488803	7955.ENSDARP00000067895	319	63
1500166	7955.ENSDARP00000109299	818	204
1487734	7955.ENSDARP00000061755	1290	18
1504849	7955.ENSDARP00000119861	181	6
1486181	7955.ENSDARP00000052330	267	3
1500478	7955.ENSDARP00000109857	653	47
1487730	7955.ENSDARP00000061743	101	10
1487028	7955.ENSDARP00000057506	62.5	1
1484062	7955.ENSDARP00000027654	391	7
1481733	7955.ENSDARP00000005719	1805	23
1487632	7955.ENSDARP00000061097	0.557	2
1492241	7955.ENSDARP00000088086	797	441
1494020	7955.ENSDARP00000095720	5.51	2
1490477	7955.ENSDARP00000076180	3.16	1
1487222	7955.ENSDARP00000058661	21.2	2
1485793	7955.ENSDARP00000048721	14.5	7
1504598	7955.ENSDARP00000119179	23.6	8
1485115	7955.ENSDARP00000041384	38.1	1
1501337	7955.ENSDARP00000111298	349	138
1502154	7955.ENSDARP00000112865	185	7
1489783	7955.ENSDARP00000072903	50.6	5
1492389	7955.ENSDARP00000088722	26.2	1
1481818	7955.ENSDARP00000006510	495	41
1497272	7955.ENSDARP00000104163	8.69	1
1501606	7955.ENSDARP00000111784	96.9	10
1489704	7955.ENSDARP00000072581	49.7	10
1506398	7955.ENSDARP00000123883	1010	90
1484606	7955.ENSDARP00000035103	633	23
1494032	7955.ENSDARP00000095774	23.0	8
1501574	7955.ENSDARP00000111734	44.2	4
1481483	7955.ENSDARP00000003389	6275	165
1505614	7955.ENSDARP00000121828	78.2	4
1494133	7955.ENSDARP00000096295	14.5	1
1492833	7955.ENSDARP00000090718	787	38
1496628	7955.ENSDARP00000102672	21.9	3
1501316	7955.ENSDARP00000111268	73.8	1
1498549	7955.ENSDARP00000106441	3072	4938
1499418	7955.ENSDARP00000107999	0.118	1
1501959	7955.ENSDARP00000112390	11.0	1
1486296	7955.ENSDARP00000052929	552	29
1485589	7955.ENSDARP00000046453	54.6	28
1503775	7955.ENSDARP00000117068	2994	40
1498616	7955.ENSDARP00000106566	257	5
1503983	7955.ENSDARP00000117628	269	12
1486642	7955.ENSDARP00000055185	1961	14
1496897	7955.ENSDARP00000103318	319	63
1495457	7955.ENSDARP00000099909	133	5
1486442	7955.ENSDARP00000053867	11.3	2
1487169	7955.ENSDARP00000058383	684	35
1494950	7955.ENSDARP00000098726	319	63
1483074	7955.ENSDARP00000018027	115	8
1493629	7955.ENSDARP00000094134	189	5
1486902	7955.ENSDARP00000056744	11.9	1
1484960	7955.ENSDARP00000039656	4196	213
1498582	7955.ENSDARP00000106506	0.48	1
1507124	7955.ENSDARP00000125799	1959	12
1483694	7955.ENSDARP00000024104	11.6	1
1502041	7955.ENSDARP00000112527	340	138
1485018	7955.ENSDARP00000040327	238	63
1498217	7955.ENSDARP00000105884	524	22
1483577	7955.ENSDARP00000023121	2321	80
1492636	7955.ENSDARP00000089879	91.0	36
1499428	7955.ENSDARP00000108019	27.5	1
1493861	7955.ENSDARP00000095111	3162	69
1501608	7955.ENSDARP00000111786	818	204
1492850	7955.ENSDARP00000090794	319	63
1496287	7955.ENSDARP00000101862	818	204
1486483	7955.ENSDARP00000054142	138	9
1485029	7955.ENSDARP00000040408	9.33	1
1500424	7955.ENSDARP00000109758	2.6	1
1484074	7955.ENSDARP00000027770	302	3
1506144	7955.ENSDARP00000123181	589	12
1488009	7955.ENSDARP00000063383	404	24
1496017	7955.ENSDARP00000101193	1779	41
1503606	7955.ENSDARP00000116646	12.1	4
1504251	7955.ENSDARP00000118280	116	13
1500884	7955.ENSDARP00000110546	917	66
1484170	7955.ENSDARP00000029079	317	7
1483242	7955.ENSDARP00000019827	2.13	1
1502326	7955.ENSDARP00000113292	49.7	16
1488544	7955.ENSDARP00000066619	6.58	8
1500379	7955.ENSDARP00000109682	38.1	3
1492189	7955.ENSDARP00000087873	730	10
1483712	7955.ENSDARP00000024272	20.9	3
1486630	7955.ENSDARP00000055135	7925	1993
1488351	7955.ENSDARP00000065372	241	4
1488817	7955.ENSDARP00000067945	319	63
1489417	7955.ENSDARP00000071047	2.22	1
1497274	7955.ENSDARP00000104168	547	28
1489641	7955.ENSDARP00000072337	1971	255
1495959	7955.ENSDARP00000101063	38.0	6
1498732	7955.ENSDARP00000106781	321	138
1499632	7955.ENSDARP00000108361	23.3	1
1483808	7955.ENSDARP00000025226	405	11
1496388	7955.ENSDARP00000102098	49.1	17
1490080	7955.ENSDARP00000074186	468	43
1484134	7955.ENSDARP00000028571	504	37
1482658	7955.ENSDARP00000014260	22.8	2
1494037	7955.ENSDARP00000095806	31.5	17
1485847	7955.ENSDARP00000049284	26.6	1
1488804	7955.ENSDARP00000067896	736	37
1494714	7955.ENSDARP00000098182	22.5	3
1499750	7955.ENSDARP00000108556	88.2	8
1483445	7955.ENSDARP00000021993	25.2	1
1484213	7955.ENSDARP00000029675	13.0	1
1488508	7955.ENSDARP00000066383	130	18
1485247	7955.ENSDARP00000042754	564	46
1483705	7955.ENSDARP00000024204	103	1
1490237	7955.ENSDARP00000075110	4435	1796
1501499	7955.ENSDARP00000111602	50.8	3
1482050	7955.ENSDARP00000008690	189	46
1504448	7955.ENSDARP00000118774	424	93
1495313	7955.ENSDARP00000099550	287	138
1490572	7955.ENSDARP00000076508	46.6	1
1481433	7955.ENSDARP00000003038	5.5	1
1494786	7955.ENSDARP00000098348	486	18
1486179	7955.ENSDARP00000052324	27.0	2
1489903	7955.ENSDARP00000073455	1067	52
1482999	7955.ENSDARP00000017456	221	18
1483572	7955.ENSDARP00000023063	7567	431
1485981	7955.ENSDARP00000050864	30.6	1
1482211	7955.ENSDARP00000010292	15.6	1
1491405	7955.ENSDARP00000082327	818	204
1484975	7955.ENSDARP00000039864	61.9	1
1485954	7955.ENSDARP00000050541	44.5	2
1485937	7955.ENSDARP00000050331	31.8	3
1483873	7955.ENSDARP00000025779	34.4	3
1503423	7955.ENSDARP00000116169	60.2	2
1504210	7955.ENSDARP00000118166	13.6	3
1489558	7955.ENSDARP00000071946	1.22	1
1486859	7955.ENSDARP00000056465	2.99	1
1482870	7955.ENSDARP00000016261	0.822	1
1484601	7955.ENSDARP00000035057	3.71	2
1487243	7955.ENSDARP00000058736	240	5
1498182	7955.ENSDARP00000105815	356	44
1487173	7955.ENSDARP00000058402	1868	142
1504263	7955.ENSDARP00000118326	80.0	42
1481347	7955.ENSDARP00000002234	84.9	4
1496214	7955.ENSDARP00000101688	186	3
1484305	7955.ENSDARP00000031042	6.37	7
1498325	7955.ENSDARP00000106067	262	37
1485031	7955.ENSDARP00000040421	62.9	3
1503905	7955.ENSDARP00000117422	209	5
1492926	7955.ENSDARP00000091115	1.72	1
1498977	7955.ENSDARP00000107234	319	63
1484003	7955.ENSDARP00000027046	1800	69
1499789	7955.ENSDARP00000108629	543	14
1500153	7955.ENSDARP00000109278	48.7	6
1485934	7955.ENSDARP00000050295	251	3
1494004	7955.ENSDARP00000095645	4.77	1
1485195	7955.ENSDARP00000042199	2813	206
1489219	7955.ENSDARP00000070002	262	16
1504780	7955.ENSDARP00000119683	344	2
1502370	7955.ENSDARP00000113415	0.565	1
1499876	7955.ENSDARP00000108798	1121	48
1486026	7955.ENSDARP00000051230	13.5	2
1489133	7955.ENSDARP00000069525	110	34
1493049	7955.ENSDARP00000091733	12.6	3
1497178	7955.ENSDARP00000103937	321	138
1501416	7955.ENSDARP00000111451	56.3	6
1487227	7955.ENSDARP00000058679	29.5	2
1486122	7955.ENSDARP00000051889	37.8	4
1502421	7955.ENSDARP00000113541	349	138
1502821	7955.ENSDARP00000114580	143	341
1486268	7955.ENSDARP00000052779	1137	3
1505221	7955.ENSDARP00000120798	7.94	10
1501748	7955.ENSDARP00000112034	818	204
1493267	7955.ENSDARP00000092578	37.0	3
1481767	7955.ENSDARP00000006047	364	26
1481529	7955.ENSDARP00000003744	13.4	1
1481516	7955.ENSDARP00000003646	44.2	4
1497214	7955.ENSDARP00000104033	72.4	32
1499928	7955.ENSDARP00000108896	12.1	5
1488347	7955.ENSDARP00000065355	52.8	9
1483525	7955.ENSDARP00000022595	314	9
1501909	7955.ENSDARP00000112301	319	63
1495315	7955.ENSDARP00000099552	0.389	3
1498863	7955.ENSDARP00000107028	818	204
1500089	7955.ENSDARP00000109185	251	4
1481381	7955.ENSDARP00000002544	288	68
1505907	7955.ENSDARP00000122542	748	18
1501715	7955.ENSDARP00000111973	349	138
1488665	7955.ENSDARP00000067187	3.27	4
1501476	7955.ENSDARP00000111561	11.8	2
1501783	7955.ENSDARP00000112092	349	138
1494922	7955.ENSDARP00000098664	19.8	1
1492520	7955.ENSDARP00000089338	76.3	13
1483783	7955.ENSDARP00000024981	29.3	4
1502024	7955.ENSDARP00000112496	101	20
1484416	7955.ENSDARP00000032643	49.5	1
1500429	7955.ENSDARP00000109765	1209	21
1497414	7955.ENSDARP00000104468	424	93
1490075	7955.ENSDARP00000074169	23848	428
1488718	7955.ENSDARP00000067511	43.8	2
1485917	7955.ENSDARP00000050129	118	4
1485394	7955.ENSDARP00000044313	12.4	2
1481949	7955.ENSDARP00000007735	780	44
1497667	7955.ENSDARP00000104918	319	63
1488739	7955.ENSDARP00000067585	25.2	1
1503316	7955.ENSDARP00000115888	94.6	6
1488531	7955.ENSDARP00000066500	7.49	2
1487342	7955.ENSDARP00000059311	18.9	2
1488711	7955.ENSDARP00000067447	58.6	2
1495356	7955.ENSDARP00000099639	213	25
1501382	7955.ENSDARP00000111380	6.06	1
1492726	7955.ENSDARP00000090257	27.5	1
1481317	7955.ENSDARP00000001565	600	24
1496068	7955.ENSDARP00000101311	818	204
1488279	7955.ENSDARP00000064950	2.16	1
1498905	7955.ENSDARP00000107110	597	37
1487075	7955.ENSDARP00000057787	249	138
1484198	7955.ENSDARP00000029477	4.83	2
1482896	7955.ENSDARP00000016540	58.6	9
1500715	7955.ENSDARP00000110274	460	43
1502981	7955.ENSDARP00000115012	6383	3824
1487088	7955.ENSDARP00000057866	259	10
1488645	7955.ENSDARP00000067116	98.7	4
1482419	7955.ENSDARP00000012048	12.1	2
1485447	7955.ENSDARP00000045014	12.2	1
1496102	7955.ENSDARP00000101406	55.1	1
1504309	7955.ENSDARP00000118435	44.0	2
1489801	7955.ENSDARP00000072971	684	32
1489475	7955.ENSDARP00000071521	54.2	2
1498102	7955.ENSDARP00000105678	339	34
1488042	7955.ENSDARP00000063576	2.5	5
1494425	7955.ENSDARP00000097494	1002	38
1488779	7955.ENSDARP00000067802	1018	36
1481596	7955.ENSDARP00000004394	15.8	9
1496405	7955.ENSDARP00000102154	56.3	12
1505053	7955.ENSDARP00000120344	834	37
1504986	7955.ENSDARP00000120183	485	11
1486553	7955.ENSDARP00000054618	57.6	4
1487936	7955.ENSDARP00000062982	231	6
1499478	7955.ENSDARP00000108108	1044	37
1504809	7955.ENSDARP00000119767	126	5
1494820	7955.ENSDARP00000098432	349	138
1496128	7955.ENSDARP00000101467	818	204
1482568	7955.ENSDARP00000013286	42.7	28
1494981	7955.ENSDARP00000098791	257	2
1492374	7955.ENSDARP00000088646	535	53
1488473	7955.ENSDARP00000066176	286	98
1485832	7955.ENSDARP00000049134	27.3	3
1481292	7955.ENSDARP00000000803	2965	714
1489822	7955.ENSDARP00000073057	272	14
1492762	7955.ENSDARP00000090434	1716	56
1499180	7955.ENSDARP00000107578	96.9	10
1505063	7955.ENSDARP00000120371	166	2
1488816	7955.ENSDARP00000067943	27.3	3
1485219	7955.ENSDARP00000042420	11.8	2
1484795	7955.ENSDARP00000037635	26.0	1
1488625	7955.ENSDARP00000067039	361	16
1487456	7955.ENSDARP00000060050	28.7	1
1492028	7955.ENSDARP00000086843	41.6	1
1500196	7955.ENSDARP00000109355	818	204
1489661	7955.ENSDARP00000072408	224	2
1482865	7955.ENSDARP00000016201	0.574	1
1497293	7955.ENSDARP00000104196	17.3	2
1489727	7955.ENSDARP00000072678	4857	3252
1482344	7955.ENSDARP00000011398	20.4	1
1506768	7955.ENSDARP00000125088	0.91	1
1481826	7955.ENSDARP00000006624	1047	14
1483265	7955.ENSDARP00000020027	9874	213
1493583	7955.ENSDARP00000093966	48.3	10
1486838	7955.ENSDARP00000056318	3315	34
1490006	7955.ENSDARP00000073887	254	6
1505894	7955.ENSDARP00000122502	347	1538
1506459	7955.ENSDARP00000124085	1636	3
1482639	7955.ENSDARP00000014029	2.39	2
1502550	7955.ENSDARP00000113905	744	101
1498841	7955.ENSDARP00000106981	11.5	5
1483899	7955.ENSDARP00000026065	25.6	6
1493852	7955.ENSDARP00000095078	2.53	3
1487429	7955.ENSDARP00000059885	4204	144
1482223	7955.ENSDARP00000010413	27.1	15
1502773	7955.ENSDARP00000114456	0.502	1
1481372	7955.ENSDARP00000002475	749	22
1483834	7955.ENSDARP00000025501	44.2	3
1488617	7955.ENSDARP00000067004	7.34	1
1494051	7955.ENSDARP00000095894	232	13
1499563	7955.ENSDARP00000108249	317	6
1487807	7955.ENSDARP00000062323	933	56
1498577	7955.ENSDARP00000106496	818	204
1494335	7955.ENSDARP00000097050	2685	172
1484892	7955.ENSDARP00000038799	4132	73
1495808	7955.ENSDARP00000100728	0.211	1
1487052	7955.ENSDARP00000057637	10.3	1
1488688	7955.ENSDARP00000067349	848	21
1481359	7955.ENSDARP00000002360	15.9	3
1489730	7955.ENSDARP00000072687	7048	4082
1505187	7955.ENSDARP00000120702	96.9	10
1495465	7955.ENSDARP00000099928	1304	54
1500248	7955.ENSDARP00000109451	3.43	4
1503386	7955.ENSDARP00000116075	7468	8985
1505796	7955.ENSDARP00000122263	1961	832
1503620	7955.ENSDARP00000116678	10.8	7
1481335	7955.ENSDARP00000002122	1371	76
1489321	7955.ENSDARP00000070488	427	45
1489489	7955.ENSDARP00000071587	42.4	2
1489162	7955.ENSDARP00000069676	45.6	4
1483670	7955.ENSDARP00000023871	70.2	1
1482308	7955.ENSDARP00000011148	177	4
1484531	7955.ENSDARP00000034077	107	17
1482678	7955.ENSDARP00000014456	3054	97
1503668	7955.ENSDARP00000116817	28.1	1
1495144	7955.ENSDARP00000099156	106	2
1489168	7955.ENSDARP00000069708	512	5
1484806	7955.ENSDARP00000037759	1765	32
1485066	7955.ENSDARP00000040792	13.7	1
1500328	7955.ENSDARP00000109591	2.29	1
1505901	7955.ENSDARP00000122524	2.71	1
1489628	7955.ENSDARP00000072300	317	7
1495701	7955.ENSDARP00000100443	46.4	2
1499357	7955.ENSDARP00000107877	122	8
1482976	7955.ENSDARP00000017246	29.7	6
1495273	7955.ENSDARP00000099464	56.8	1
1497876	7955.ENSDARP00000105290	319	63
1483512	7955.ENSDARP00000022528	55.2	1
1507179	7955.ENSDARP00000125918	2.2	25
1485177	7955.ENSDARP00000041959	157	44
1489777	7955.ENSDARP00000072874	233	7
1485269	7955.ENSDARP00000043001	47.3	3
1496284	7955.ENSDARP00000101855	54.1	18
1504862	7955.ENSDARP00000119887	520	7
1483013	7955.ENSDARP00000017569	93.8	6
1506769	7955.ENSDARP00000125089	377	1563
1483585	7955.ENSDARP00000023177	1115	22
1502498	7955.ENSDARP00000113756	217	31
1503077	7955.ENSDARP00000115285	503	31
1501354	7955.ENSDARP00000111326	3747	7481
1486227	7955.ENSDARP00000052528	1278	13
1488800	7955.ENSDARP00000067891	319	63
1488594	7955.ENSDARP00000066929	1869	55
1499775	7955.ENSDARP00000108601	167	6
1483481	7955.ENSDARP00000022302	54.4	8
1484640	7955.ENSDARP00000035541	126	3
1487219	7955.ENSDARP00000058628	4928	1835
1493245	7955.ENSDARP00000092488	9565	291
1498177	7955.ENSDARP00000105809	510	49
1482185	7955.ENSDARP00000010055	455	11
1494498	7955.ENSDARP00000097665	339	34
1486800	7955.ENSDARP00000056094	44.9	1
1483371	7955.ENSDARP00000021124	11.4	3
1495708	7955.ENSDARP00000100463	16.3	8
1497508	7955.ENSDARP00000104628	13.1	3
1498799	7955.ENSDARP00000106906	2264	63
1483974	7955.ENSDARP00000026816	0.165	4
1495642	7955.ENSDARP00000100331	2229	14
1484089	7955.ENSDARP00000027947	7572	447
1482926	7955.ENSDARP00000016818	2.74	3
1486349	7955.ENSDARP00000053284	357	5
1506274	7955.ENSDARP00000123530	276	13
1500174	7955.ENSDARP00000109315	322	138
1497887	7955.ENSDARP00000105313	63.6	9
1504468	7955.ENSDARP00000118830	12.6	3
1503644	7955.ENSDARP00000116739	349	138
1502714	7955.ENSDARP00000114320	9.98	4
1481894	7955.ENSDARP00000007240	496	41
1484196	7955.ENSDARP00000029462	48.6	1
1494104	7955.ENSDARP00000096178	545	8
1494179	7955.ENSDARP00000096443	130	12
1502325	7955.ENSDARP00000113290	169	341
1499195	7955.ENSDARP00000107611	38.7	6
1503903	7955.ENSDARP00000117418	598	126
1497897	7955.ENSDARP00000105328	235	4
1481754	7955.ENSDARP00000005930	400	19
1491244	7955.ENSDARP00000081180	63.2	5
1505014	7955.ENSDARP00000120260	3091	48
1490996	7955.ENSDARP00000079424	21.4	3
1482615	7955.ENSDARP00000013777	9022	241
1493536	7955.ENSDARP00000093791	349	138
1506197	7955.ENSDARP00000123323	349	138
1500869	7955.ENSDARP00000110519	76.2	9
1483851	7955.ENSDARP00000025613	1349	39
1492197	7955.ENSDARP00000087881	47.3	1
1489851	7955.ENSDARP00000073195	0.612	2
1492433	7955.ENSDARP00000088945	41.2	1
1493598	7955.ENSDARP00000094020	41.9	3
1495383	7955.ENSDARP00000099712	5.13	1
1484205	7955.ENSDARP00000029607	50.8	19
1483575	7955.ENSDARP00000023098	228	15
1497532	7955.ENSDARP00000104674	8.54	13
1491769	7955.ENSDARP00000084961	30.3	4
1486610	7955.ENSDARP00000054986	1961	832
1506302	7955.ENSDARP00000123601	3.59	2
1482083	7955.ENSDARP00000009096	808	21
1500865	7955.ENSDARP00000110511	349	138
1483017	7955.ENSDARP00000017597	338	13
1491291	7955.ENSDARP00000081505	16.9	1
1494623	7955.ENSDARP00000097975	4.86	1
1494169	7955.ENSDARP00000096413	41.3	1
1502512	7955.ENSDARP00000113805	3.42	1
1490215	7955.ENSDARP00000074959	968	15
1492996	7955.ENSDARP00000091498	45.9	2
1506281	7955.ENSDARP00000123538	472	18
1485065	7955.ENSDARP00000040787	108	12
1485087	7955.ENSDARP00000041087	1044	37
1486352	7955.ENSDARP00000053303	337	127
1482739	7955.ENSDARP00000015065	434	22
1484291	7955.ENSDARP00000030881	6908	400
1483987	7955.ENSDARP00000026895	18.6	1
1492005	7955.ENSDARP00000086717	8.73	1
1507155	7955.ENSDARP00000125872	14.7	6
1505477	7955.ENSDARP00000121484	345	1538
1486041	7955.ENSDARP00000051359	3937	5951
1489416	7955.ENSDARP00000071046	90.3	15
1505521	7955.ENSDARP00000121591	165	5
1501061	7955.ENSDARP00000110851	245	105
1498819	7955.ENSDARP00000106947	10.5	3
1493538	7955.ENSDARP00000093801	234	138
1502431	7955.ENSDARP00000113555	408	6
1484514	7955.ENSDARP00000033785	3.3	1
1486312	7955.ENSDARP00000053076	2787	44
1493275	7955.ENSDARP00000092621	49.1	17
1504074	7955.ENSDARP00000117864	385	4
1506548	7955.ENSDARP00000124348	6.08	1
1482512	7955.ENSDARP00000012767	18.4	4
1489355	7955.ENSDARP00000070658	11.5	1
1493898	7955.ENSDARP00000095260	155	9
1486467	7955.ENSDARP00000054055	99.5	2
1481766	7955.ENSDARP00000006028	3810	98
1496132	7955.ENSDARP00000101478	2042	49
1490890	7955.ENSDARP00000078549	2.27	1
1500012	7955.ENSDARP00000109044	818	204
1493380	7955.ENSDARP00000093157	26.6	1
1483429	7955.ENSDARP00000021850	31.6	1
1505456	7955.ENSDARP00000121437	1394	54
1487095	7955.ENSDARP00000057912	0.551	1
1493851	7955.ENSDARP00000095074	64.8	7
1487733	7955.ENSDARP00000061750	44.8	7
1490483	7955.ENSDARP00000076200	53.0	4
1497639	7955.ENSDARP00000104873	154	2
1486912	7955.ENSDARP00000056789	153	1
1486742	7955.ENSDARP00000055741	11.3	3
1482948	7955.ENSDARP00000016957	174	1
1494405	7955.ENSDARP00000097447	521	22
1483663	7955.ENSDARP00000023819	68.5	4
1487458	7955.ENSDARP00000060055	3789	202
1482269	7955.ENSDARP00000010878	122	9
1486104	7955.ENSDARP00000051762	566	17
1505042	7955.ENSDARP00000120317	452	25
1498828	7955.ENSDARP00000106960	4.61	1
1505181	7955.ENSDARP00000120686	54.2	1
1504994	7955.ENSDARP00000120205	337	5
1481544	7955.ENSDARP00000003850	66.0	2
1496685	7955.ENSDARP00000102802	0.466	1
1496463	7955.ENSDARP00000102286	52.0	12
1496327	7955.ENSDARP00000101964	1.41	1
1486830	7955.ENSDARP00000056279	1.45	1
1481430	7955.ENSDARP00000003030	297	18
1500773	7955.ENSDARP00000110363	77.2	9
1506574	7955.ENSDARP00000124424	96.8	6
1490683	7955.ENSDARP00000077021	51.2	6
1503424	7955.ENSDARP00000116170	103	9
1493289	7955.ENSDARP00000092677	67.8	8
1504465	7955.ENSDARP00000118825	13.7	1
1483112	7955.ENSDARP00000018458	33.3	4
1502495	7955.ENSDARP00000113739	45.8	7
1486007	7955.ENSDARP00000051054	1030	21
1498911	7955.ENSDARP00000107122	303	116
1497657	7955.ENSDARP00000104899	1.95	4
1494493	7955.ENSDARP00000097644	157	4
1502257	7955.ENSDARP00000113118	284	5
1491339	7955.ENSDARP00000081816	319	32
1483904	7955.ENSDARP00000026092	199	7
1483643	7955.ENSDARP00000023685	984	36
1506525	7955.ENSDARP00000124278	157	13
1505344	7955.ENSDARP00000121147	18.2	3
1490142	7955.ENSDARP00000074570	41.5	3
1483583	7955.ENSDARP00000023158	295	46
1491791	7955.ENSDARP00000085142	107	2
1503640	7955.ENSDARP00000116723	146	5
1499032	7955.ENSDARP00000107323	5.22	1
1482901	7955.ENSDARP00000016622	10.2	3
1486796	7955.ENSDARP00000056071	4.87	1
1499722	7955.ENSDARP00000108507	125	5
1491796	7955.ENSDARP00000085166	58.4	5
1495696	7955.ENSDARP00000100434	4670	1821
1485287	7955.ENSDARP00000043172	392	7
1506989	7955.ENSDARP00000125496	94.7	10
1504169	7955.ENSDARP00000118068	2.33	2
1495405	7955.ENSDARP00000099755	131	6
1496821	7955.ENSDARP00000103118	44.3	5
1487856	7955.ENSDARP00000062555	1291	29
1494587	7955.ENSDARP00000097880	54.1	18
1497879	7955.ENSDARP00000105296	138	6
1487890	7955.ENSDARP00000062723	18.8	1
1486687	7955.ENSDARP00000055429	1661	13
1494122	7955.ENSDARP00000096258	1278	17
1493278	7955.ENSDARP00000092644	41.3	5
1504581	7955.ENSDARP00000119118	509	36
1495730	7955.ENSDARP00000100517	22.2	1
1490771	7955.ENSDARP00000077752	2.94	1
1499548	7955.ENSDARP00000108224	5640	8675
1504261	7955.ENSDARP00000118321	0.748	4
1500451	7955.ENSDARP00000109807	260	119
1492687	7955.ENSDARP00000090113	113	11
1495216	7955.ENSDARP00000099330	8.94	1
1485420	7955.ENSDARP00000044625	44.6	1
1495585	7955.ENSDARP00000100195	6563	1457
1490371	7955.ENSDARP00000075760	3.96	1
1493291	7955.ENSDARP00000092691	30.2	6
1499040	7955.ENSDARP00000107339	224	8
1487278	7955.ENSDARP00000058955	394	49
1496912	7955.ENSDARP00000103347	114	14
1487800	7955.ENSDARP00000062263	225	9
1505377	7955.ENSDARP00000121235	0.152	1
1485202	7955.ENSDARP00000042254	6.9	1
1485929	7955.ENSDARP00000050237	10761	4981
1488226	7955.ENSDARP00000064608	10.2	3
1483841	7955.ENSDARP00000025539	50.4	5
1487826	7955.ENSDARP00000062405	1.33	1
1503757	7955.ENSDARP00000117024	49.2	3
1489873	7955.ENSDARP00000073325	32.2	1
1493032	7955.ENSDARP00000091666	206	5
1500403	7955.ENSDARP00000109720	30.7	4
1502766	7955.ENSDARP00000114437	2.5	25
1482860	7955.ENSDARP00000016158	458	5
1490551	7955.ENSDARP00000076437	5.64	1
1486753	7955.ENSDARP00000055809	4.32	1
1489651	7955.ENSDARP00000072376	2188	49
1502371	7955.ENSDARP00000113417	929	13
1484454	7955.ENSDARP00000033180	0.534	2
1507133	7955.ENSDARP00000125818	11.8	2
1488507	7955.ENSDARP00000066382	143	21
1503205	7955.ENSDARP00000115589	33.3	1
1497753	7955.ENSDARP00000105059	818	204
1499818	7955.ENSDARP00000108688	11.1	1
1488102	7955.ENSDARP00000063876	636	20
1495040	7955.ENSDARP00000098923	8.93	1
1482936	7955.ENSDARP00000016879	54.8	4
1497161	7955.ENSDARP00000103895	125	5
1485102	7955.ENSDARP00000041278	498	137
1481809	7955.ENSDARP00000006445	259	8
1492192	7955.ENSDARP00000087876	943	4
1494304	7955.ENSDARP00000096898	334	50
1485542	7955.ENSDARP00000045900	1624	31
1496672	7955.ENSDARP00000102775	349	138
1506489	7955.ENSDARP00000124165	26.2	1
1497081	7955.ENSDARP00000103712	1.27	4
1486620	7955.ENSDARP00000055063	383	29
1500828	7955.ENSDARP00000110449	20.7	1
1493857	7955.ENSDARP00000095097	60.1	3
1481857	7955.ENSDARP00000006888	19.3	9
1493956	7955.ENSDARP00000095458	271	3
1485487	7955.ENSDARP00000045360	7.88	4
1485672	7955.ENSDARP00000047268	834	37
1503586	7955.ENSDARP00000116589	849	40
1502777	7955.ENSDARP00000114467	71.9	1
1498782	7955.ENSDARP00000106877	319	63
1484014	7955.ENSDARP00000027118	704	67
1495305	7955.ENSDARP00000099532	475	1803
1484125	7955.ENSDARP00000028465	96.9	3
1481501	7955.ENSDARP00000003519	240	6
1486493	7955.ENSDARP00000054204	2104	27
1506127	7955.ENSDARP00000123136	425	10
1485134	7955.ENSDARP00000041563	0.966	1
1492449	7955.ENSDARP00000089039	8.41	1
1496890	7955.ENSDARP00000103300	248	6
1497041	7955.ENSDARP00000103621	94.1	5
1502614	7955.ENSDARP00000114052	616	52
1503759	7955.ENSDARP00000117036	1.16	1
1484968	7955.ENSDARP00000039787	2492	34
1499582	7955.ENSDARP00000108282	27.4	2
1482747	7955.ENSDARP00000015132	167	7
1507350	7955.ENSDARP00000126369	61.9	4
1497047	7955.ENSDARP00000103634	579	21
1500032	7955.ENSDARP00000109071	818	204
1494642	7955.ENSDARP00000098004	133	46
1498809	7955.ENSDARP00000106923	5.21	1
1502356	7955.ENSDARP00000113373	2.4	2
1483092	7955.ENSDARP00000018197	4802	137
1507422	7955.ENSDARP00000126534	2.77	1
1498408	7955.ENSDARP00000106208	17.7	4
1482840	7955.ENSDARP00000015985	3.89	1
1482766	7955.ENSDARP00000015328	117	4
1489095	7955.ENSDARP00000069300	784	22
1486896	7955.ENSDARP00000056711	39.5	3
1492624	7955.ENSDARP00000089804	828	27
1505271	7955.ENSDARP00000120922	319	14
1492120	7955.ENSDARP00000087463	54.4	2
1485903	7955.ENSDARP00000049927	110	2
1503480	7955.ENSDARP00000116310	283	7
1486958	7955.ENSDARP00000057089	544	13
1485439	7955.ENSDARP00000044895	2.32	1
1487553	7955.ENSDARP00000060575	2252	43
1498441	7955.ENSDARP00000106260	6.87	1
1488583	7955.ENSDARP00000066858	303	116
1506279	7955.ENSDARP00000123536	54.1	18
1493397	7955.ENSDARP00000093236	298	4
1488963	7955.ENSDARP00000068662	486	53
1483778	7955.ENSDARP00000024900	2700	476
1504497	7955.ENSDARP00000118904	58.2	4
1490463	7955.ENSDARP00000076104	232	11
1498379	7955.ENSDARP00000106162	128	9
1484241	7955.ENSDARP00000030050	27.1	15
1483722	7955.ENSDARP00000024338	266	17
1483743	7955.ENSDARP00000024560	599	42
1484419	7955.ENSDARP00000032688	637	40
1487803	7955.ENSDARP00000062277	478	11
1482089	7955.ENSDARP00000009148	8.97	10
1499587	7955.ENSDARP00000108289	5.89	2
1482726	7955.ENSDARP00000014978	23.5	5
1482328	7955.ENSDARP00000011271	243	29
1483484	7955.ENSDARP00000022310	625	23
1484423	7955.ENSDARP00000032730	20.6	5
1493840	7955.ENSDARP00000095029	33.7	4
1483498	7955.ENSDARP00000022438	0.686	1
1486396	7955.ENSDARP00000053541	343	8
1492663	7955.ENSDARP00000090024	877	27
1481594	7955.ENSDARP00000004352	2020	158
1499162	7955.ENSDARP00000107555	1.15	1
1504909	7955.ENSDARP00000120016	59.2	1
1487660	7955.ENSDARP00000061292	619	469
1490233	7955.ENSDARP00000075079	11.9	5
1505077	7955.ENSDARP00000120407	335	3
1489379	7955.ENSDARP00000070807	742	38
1483738	7955.ENSDARP00000024492	14.6	1
1482688	7955.ENSDARP00000014578	1168	70
1483412	7955.ENSDARP00000021652	111	8
1497907	7955.ENSDARP00000105344	790	103
1503455	7955.ENSDARP00000116241	40.7	4
1494267	7955.ENSDARP00000096769	1.54	1
1496869	7955.ENSDARP00000103251	100	11
1485132	7955.ENSDARP00000041532	5.29	7
1482139	7955.ENSDARP00000009605	37.9	2
1498142	7955.ENSDARP00000105746	349	138
1482125	7955.ENSDARP00000009474	217	34
1485722	7955.ENSDARP00000047864	69.1	30
1485928	7955.ENSDARP00000050236	349	138
1489905	7955.ENSDARP00000073460	327	20
1481930	7955.ENSDARP00000007590	30.0	1
1500592	7955.ENSDARP00000110047	13.8	1
1482604	7955.ENSDARP00000013624	119	4
1484412	7955.ENSDARP00000032575	1035	80
1487323	7955.ENSDARP00000059226	655	20
1500101	7955.ENSDARP00000109199	27.1	15
1484942	7955.ENSDARP00000039324	235	39
1493094	7955.ENSDARP00000091902	1283	18
1490002	7955.ENSDARP00000073858	1.02	1
1485400	7955.ENSDARP00000044377	12.9	1
1495726	7955.ENSDARP00000100503	18.9	1
1501072	7955.ENSDARP00000110869	319	63
1500692	7955.ENSDARP00000110237	112	10
1503003	7955.ENSDARP00000115072	370	1571
1490352	7955.ENSDARP00000075658	359	49
1506680	7955.ENSDARP00000124804	765	7
1482533	7955.ENSDARP00000012950	185	7
1483524	7955.ENSDARP00000022592	544	13
1490632	7955.ENSDARP00000076810	10.2	1
1504002	7955.ENSDARP00000117673	547	19
1482338	7955.ENSDARP00000011338	250	5
1506828	7955.ENSDARP00000125193	94.7	10
1506876	7955.ENSDARP00000125277	536	7
1485678	7955.ENSDARP00000047390	166	3
1488077	7955.ENSDARP00000063773	3.89	1
1499083	7955.ENSDARP00000107419	185	14
1493612	7955.ENSDARP00000094070	898	15
1483453	7955.ENSDARP00000022064	49.0	10
1492816	7955.ENSDARP00000090632	319	63
1487508	7955.ENSDARP00000060309	7605	451
1505100	7955.ENSDARP00000120463	13.4	1
1495495	7955.ENSDARP00000099983	33.7	1
1505208	7955.ENSDARP00000120763	8.64	2
1504045	7955.ENSDARP00000117803	332	8
1488940	7955.ENSDARP00000068574	286	68
1490230	7955.ENSDARP00000075074	134	3
1488818	7955.ENSDARP00000067948	349	138
1507218	7955.ENSDARP00000126028	1363	13
1493653	7955.ENSDARP00000094243	129	22
1501686	7955.ENSDARP00000111924	921	51
1505266	7955.ENSDARP00000120909	424	6
1483248	7955.ENSDARP00000019888	346	130
1489968	7955.ENSDARP00000073748	112	2
1495214	7955.ENSDARP00000099321	736	37
1484341	7955.ENSDARP00000031658	0.851	1
1485164	7955.ENSDARP00000041841	1628	35
1501981	7955.ENSDARP00000112426	53.3	2
1488802	7955.ENSDARP00000067894	27.3	3
1499250	7955.ENSDARP00000107702	349	138
1501709	7955.ENSDARP00000111963	21.4	3
1490337	7955.ENSDARP00000075601	89.4	2
1482046	7955.ENSDARP00000008663	82.2	5
1481374	7955.ENSDARP00000002483	1481	126
1485637	7955.ENSDARP00000046972	286	17
1496810	7955.ENSDARP00000103087	394	6
1482485	7955.ENSDARP00000012558	358	8
1482103	7955.ENSDARP00000009258	207	15
1505175	7955.ENSDARP00000120670	3.47	2
1495837	7955.ENSDARP00000100787	135	10
1482916	7955.ENSDARP00000016749	38.1	3
1501568	7955.ENSDARP00000111723	35.8	5
1501604	7955.ENSDARP00000111782	243	4
1485090	7955.ENSDARP00000041141	2.27	25
1481915	7955.ENSDARP00000007446	1455	40
1499781	7955.ENSDARP00000108614	4.03	8
1503880	7955.ENSDARP00000117370	114	9
1488751	7955.ENSDARP00000067634	1145	42
1487658	7955.ENSDARP00000061273	3287	21
1482868	7955.ENSDARP00000016228	38.2	3
1500789	7955.ENSDARP00000110392	2627	24
1493101	7955.ENSDARP00000091921	28.9	12
1485763	7955.ENSDARP00000048394	61.5	11
1483861	7955.ENSDARP00000025702	664	70
1489876	7955.ENSDARP00000073345	11.2	7
1493019	7955.ENSDARP00000091586	620	7
1484954	7955.ENSDARP00000039570	2.56	1
1494085	7955.ENSDARP00000096079	156	10
1489615	7955.ENSDARP00000072253	7.36	1
1487899	7955.ENSDARP00000062786	823	10
1497552	7955.ENSDARP00000104702	101	11
1493522	7955.ENSDARP00000093734	239	138
1498937	7955.ENSDARP00000107173	1288	21
1499676	7955.ENSDARP00000108433	110	7
1487782	7955.ENSDARP00000062142	129	22
1507326	7955.ENSDARP00000126314	2053	36
1490949	7955.ENSDARP00000079047	1.46	1
1505202	7955.ENSDARP00000120742	8635	449
1485588	7955.ENSDARP00000046442	0.641	2
1488251	7955.ENSDARP00000064738	455	6
1483204	7955.ENSDARP00000019407	333	11
1485764	7955.ENSDARP00000048398	19.4	1
1497962	7955.ENSDARP00000105443	39656	811
1481947	7955.ENSDARP00000007716	3230	57
1488252	7955.ENSDARP00000064746	40.8	1
1485504	7955.ENSDARP00000045554	7.07	1
1485665	7955.ENSDARP00000047200	300	139
1503277	7955.ENSDARP00000115796	698	4
1489357	7955.ENSDARP00000070667	13.3	3
1490081	7955.ENSDARP00000074190	637	39
1498926	7955.ENSDARP00000107148	818	204
1501361	7955.ENSDARP00000111337	607	33
1492844	7955.ENSDARP00000090756	808	20
1489172	7955.ENSDARP00000069744	0.897	1
1492190	7955.ENSDARP00000087874	1760	16
1483702	7955.ENSDARP00000024189	725	7
1487123	7955.ENSDARP00000058094	36.9	3
1497751	7955.ENSDARP00000105057	42.2	6
1487477	7955.ENSDARP00000060161	551	12
1494038	7955.ENSDARP00000095811	24.4	15
1502747	7955.ENSDARP00000114396	1315	79
1488518	7955.ENSDARP00000066429	4142	1614
1493802	7955.ENSDARP00000094849	53.4	26
1500437	7955.ENSDARP00000109780	827	113
1488640	7955.ENSDARP00000067092	88.8	1
1495973	7955.ENSDARP00000101100	567	61
1482624	7955.ENSDARP00000013902	1353	47
1488791	7955.ENSDARP00000067865	1616	11
1484896	7955.ENSDARP00000038835	330	15
1499185	7955.ENSDARP00000107585	818	204
1485049	7955.ENSDARP00000040644	54.1	5
1490532	7955.ENSDARP00000076384	3.21	3
1485866	7955.ENSDARP00000049461	268	7
1483839	7955.ENSDARP00000025522	6.96	1
1488101	7955.ENSDARP00000063869	730	14
1502331	7955.ENSDARP00000113307	1779	41
1499469	7955.ENSDARP00000108089	933	23
1499385	7955.ENSDARP00000107930	213	25
1487581	7955.ENSDARP00000060744	582	36
1503580	7955.ENSDARP00000116574	319	63
1486119	7955.ENSDARP00000051848	3148	107
1482831	7955.ENSDARP00000015937	43.6	15
1485386	7955.ENSDARP00000044202	13.3	2
1485338	7955.ENSDARP00000043714	47.9	6
1491330	7955.ENSDARP00000081732	17.9	1
1493531	7955.ENSDARP00000093780	319	63
1486302	7955.ENSDARP00000052988	41.2	2
1486921	7955.ENSDARP00000056848	809	1354
1483900	7955.ENSDARP00000026070	219	7
1506412	7955.ENSDARP00000123920	87.6	6
1501438	7955.ENSDARP00000111487	312	5
1503172	7955.ENSDARP00000115512	21.9	3
1500559	7955.ENSDARP00000109990	117	3
1500498	7955.ENSDARP00000109890	249	28
1506598	7955.ENSDARP00000124511	214	11
1482956	7955.ENSDARP00000017029	22.1	3
1506310	7955.ENSDARP00000123619	319	63
1502367	7955.ENSDARP00000113408	6.1	1
1497811	7955.ENSDARP00000105168	818	204
1503504	7955.ENSDARP00000116372	370	1571
1494197	7955.ENSDARP00000096509	1312	167
1503184	7955.ENSDARP00000115544	4.12	3
1482325	7955.ENSDARP00000011243	551	22
1484967	7955.ENSDARP00000039779	0.563	1
1498082	7955.ENSDARP00000105646	287	138
1503446	7955.ENSDARP00000116226	205	14
1496884	7955.ENSDARP00000103287	16.6	2
1495918	7955.ENSDARP00000100984	65.2	12
1494131	7955.ENSDARP00000096291	12.4	2
1500275	7955.ENSDARP00000109497	2071	24
1484108	7955.ENSDARP00000028134	53.0	5
1482383	7955.ENSDARP00000011707	1304	54
1502543	7955.ENSDARP00000113885	23.0	2
1483123	7955.ENSDARP00000018594	1853	7
1484579	7955.ENSDARP00000034804	40.9	1
1492186	7955.ENSDARP00000087870	133	3
1499736	7955.ENSDARP00000108536	345	1014
1506432	7955.ENSDARP00000123999	7.75	2
1505801	7955.ENSDARP00000122284	2074	82
1501443	7955.ENSDARP00000111493	349	138
1505512	7955.ENSDARP00000121564	1582	19
1481728	7955.ENSDARP00000005680	13.6	3
1497764	7955.ENSDARP00000105076	22.0	3
1483499	7955.ENSDARP00000022440	200	16
1488744	7955.ENSDARP00000067603	78.5	16
1487821	7955.ENSDARP00000062382	296	48
1496564	7955.ENSDARP00000102498	155	23
1482596	7955.ENSDARP00000013512	3.22	1
1496075	7955.ENSDARP00000101333	1.23	1
1483258	7955.ENSDARP00000019957	434	1492
1501591	7955.ENSDARP00000111762	90.2	14
1484199	7955.ENSDARP00000029491	42.6	16
1499966	7955.ENSDARP00000108965	817	14
1497837	7955.ENSDARP00000105220	736	37
1496727	7955.ENSDARP00000102911	1.14	1
1486747	7955.ENSDARP00000055756	2.4	1
1487230	7955.ENSDARP00000058694	84.5	1
1500209	7955.ENSDARP00000109376	32.5	4
1493274	7955.ENSDARP00000092617	368	21
1495558	7955.ENSDARP00000100124	242	6
1481781	7955.ENSDARP00000006201	88.2	8
1492798	7955.ENSDARP00000090560	21.5	3
1504686	7955.ENSDARP00000119413	2991	231
1485333	7955.ENSDARP00000043687	1047	21
1488352	7955.ENSDARP00000065374	1.83	1
1490162	7955.ENSDARP00000074719	5052	122
1492187	7955.ENSDARP00000087871	85.6	1
1482587	7955.ENSDARP00000013441	33.7	4
1481924	7955.ENSDARP00000007548	7.46	1
1501408	7955.ENSDARP00000111434	96.9	10
1482327	7955.ENSDARP00000011269	1808	3988
1500017	7955.ENSDARP00000109050	159	2
1502529	7955.ENSDARP00000113858	512	176
1488215	7955.ENSDARP00000064522	888	37
1489077	7955.ENSDARP00000069226	18.4	1
1494242	7955.ENSDARP00000096673	1.41	1
1505048	7955.ENSDARP00000120334	31.5	3
1499830	7955.ENSDARP00000108711	881	83
1504913	7955.ENSDARP00000120028	30.6	2
1504082	7955.ENSDARP00000117879	834	37
1482275	7955.ENSDARP00000010921	268	66
1507342	7955.ENSDARP00000126355	35.7	3
1486425	7955.ENSDARP00000053774	222	32
1498313	7955.ENSDARP00000106047	15.6	1
1506859	7955.ENSDARP00000125244	94.7	10
1494782	7955.ENSDARP00000098342	234	138
1485661	7955.ENSDARP00000047158	333	5
1485519	7955.ENSDARP00000045668	25.3	12
1484382	7955.ENSDARP00000032193	1.34	3
1502745	7955.ENSDARP00000114387	112	11
1503353	7955.ENSDARP00000115968	2.64	1
1503141	7955.ENSDARP00000115443	1020	8
1505987	7955.ENSDARP00000122764	1969	147
1489131	7955.ENSDARP00000069513	834	19
1487330	7955.ENSDARP00000059254	28.1	1
1499273	7955.ENSDARP00000107737	736	37
1498373	7955.ENSDARP00000106154	366	29
1493731	7955.ENSDARP00000094561	433	6
1490277	7955.ENSDARP00000075289	301	10
1505896	7955.ENSDARP00000122505	90.5	2
1481528	7955.ENSDARP00000003738	2074	152
1486042	7955.ENSDARP00000051361	11430	10132
1504396	7955.ENSDARP00000118646	20.3	1
1484405	7955.ENSDARP00000032456	249	38
1490732	7955.ENSDARP00000077445	136	14
1500061	7955.ENSDARP00000109119	323	42
1498975	7955.ENSDARP00000107232	306	63
1498090	7955.ENSDARP00000105660	21.0	7
1503001	7955.ENSDARP00000115067	25.8	1
1482890	7955.ENSDARP00000016453	824	81
1493258	7955.ENSDARP00000092551	13.9	2
1504996	7955.ENSDARP00000120213	14.4	4
1493532	7955.ENSDARP00000093781	736	37
1502150	7955.ENSDARP00000112851	21.4	3
1500255	7955.ENSDARP00000109464	27.8	6
1495626	7955.ENSDARP00000100290	1.4	1
1489177	7955.ENSDARP00000069759	10.7	3
1499905	7955.ENSDARP00000108859	1.38	1
1502820	7955.ENSDARP00000114578	735	4
1488939	7955.ENSDARP00000068572	4.32	1
1493244	7955.ENSDARP00000092484	2103	53
1505017	7955.ENSDARP00000120266	172	8
1483455	7955.ENSDARP00000022077	2662	233
1483608	7955.ENSDARP00000023429	18.8	4
1501576	7955.ENSDARP00000111738	61.2	3
1491959	7955.ENSDARP00000086433	33.7	2
1500121	7955.ENSDARP00000109226	96.9	10
1492692	7955.ENSDARP00000090133	279	68
1486770	7955.ENSDARP00000055912	349	138
1482813	7955.ENSDARP00000015805	222	32
1488590	7955.ENSDARP00000066897	781	13
1482361	7955.ENSDARP00000011545	182	5
1482928	7955.ENSDARP00000016831	25.6	1
1493424	7955.ENSDARP00000093318	52.3	5
1503456	7955.ENSDARP00000116242	23.4	5
1485089	7955.ENSDARP00000041113	254	5
1485483	7955.ENSDARP00000045298	59.1	2
1487874	7955.ENSDARP00000062670	189	69
1484947	7955.ENSDARP00000039450	28.8	2
1490942	7955.ENSDARP00000078992	406	9
1493877	7955.ENSDARP00000095167	186	1
1481841	7955.ENSDARP00000006783	1715	45
1495253	7955.ENSDARP00000099418	701	10
1493559	7955.ENSDARP00000093898	418	22
1484110	7955.ENSDARP00000028148	40.2	19
1487831	7955.ENSDARP00000062422	1128	19
1494222	7955.ENSDARP00000096581	215	42
1493534	7955.ENSDARP00000093787	319	63
1485147	7955.ENSDARP00000041699	1757	59
1504751	7955.ENSDARP00000119600	491	23
1485007	7955.ENSDARP00000040203	325	103
1504915	7955.ENSDARP00000120032	103	7
1493293	7955.ENSDARP00000092698	57.9	15
1499000	7955.ENSDARP00000107272	117	7
1502917	7955.ENSDARP00000114839	4.32	1
1486269	7955.ENSDARP00000052786	1.04	1
1489201	7955.ENSDARP00000069948	15198	632
1490355	7955.ENSDARP00000075668	72.6	2
1491390	7955.ENSDARP00000082159	18.0	2
1506504	7955.ENSDARP00000124217	52.8	3
1483768	7955.ENSDARP00000024752	7.89	3
1487919	7955.ENSDARP00000062873	27.9	1
1487277	7955.ENSDARP00000058954	2060	7
1494196	7955.ENSDARP00000096504	8192	438
1499417	7955.ENSDARP00000107998	818	204
1483164	7955.ENSDARP00000018980	644	14
1506561	7955.ENSDARP00000124383	514	14
1502589	7955.ENSDARP00000113988	6072	3753
1483996	7955.ENSDARP00000026992	11.4	2
1502134	7955.ENSDARP00000112824	1779	41
1484030	7955.ENSDARP00000027342	23680	241
1503658	7955.ENSDARP00000116781	171	12
1504456	7955.ENSDARP00000118803	24.9	4
1488023	7955.ENSDARP00000063483	60.7	19
1501691	7955.ENSDARP00000111930	818	204
1497017	7955.ENSDARP00000103576	319	63
1494182	7955.ENSDARP00000096449	1630	288
1484408	7955.ENSDARP00000032505	20.8	2
1505560	7955.ENSDARP00000121692	77.8	9
1487478	7955.ENSDARP00000060165	1677	98
1492185	7955.ENSDARP00000087869	182	3
1506488	7955.ENSDARP00000124162	361	96
1486497	7955.ENSDARP00000054229	169	9
1483303	7955.ENSDARP00000020399	141	3
1502738	7955.ENSDARP00000114371	3.43	1
1501647	7955.ENSDARP00000111851	736	37
1504428	7955.ENSDARP00000118732	8.12	2
1493535	7955.ENSDARP00000093790	736	37
1481397	7955.ENSDARP00000002761	30.3	4
1490642	7955.ENSDARP00000076844	29.6	2
1485656	7955.ENSDARP00000047100	272	68
1505732	7955.ENSDARP00000122110	3.93	1
1488083	7955.ENSDARP00000063799	21530	772
1481770	7955.ENSDARP00000006085	76.6	4
1493523	7955.ENSDARP00000093747	294	63
1493174	7955.ENSDARP00000092224	0.683	1
1482110	7955.ENSDARP00000009320	266	113
1495415	7955.ENSDARP00000099772	3465	6822
1493269	7955.ENSDARP00000092585	49.7	16
1486560	7955.ENSDARP00000054663	187	4
1486737	7955.ENSDARP00000055709	139	6
1482043	7955.ENSDARP00000008646	170	30
1503539	7955.ENSDARP00000116459	431	10
1506750	7955.ENSDARP00000125036	2.29	25
1505983	7955.ENSDARP00000122750	21.7	1
1484668	7955.ENSDARP00000036006	28.3	3
1501358	7955.ENSDARP00000111333	335	126
1484564	7955.ENSDARP00000034536	382	10
1485666	7955.ENSDARP00000047205	17.7	4
1487280	7955.ENSDARP00000058963	2386	51
1504249	7955.ENSDARP00000118276	299	11
1497313	7955.ENSDARP00000104241	33.3	1
1482992	7955.ENSDARP00000017410	803	21
1482470	7955.ENSDARP00000012437	1.06	1
1481643	7955.ENSDARP00000004932	5391	149
1500243	7955.ENSDARP00000109442	62.8	8
1484340	7955.ENSDARP00000031650	726	18
1498551	7955.ENSDARP00000106443	818	204
1481983	7955.ENSDARP00000008048	49.0	6
1504529	7955.ENSDARP00000118986	1361	214
1483040	7955.ENSDARP00000017776	12.2	13
1497307	7955.ENSDARP00000104230	0.912	1
1486698	7955.ENSDARP00000055503	1315	39
1487864	7955.ENSDARP00000062617	35.5	2
1492631	7955.ENSDARP00000089834	90.2	5
1498192	7955.ENSDARP00000105840	482	3
1499769	7955.ENSDARP00000108591	510	49
1489195	7955.ENSDARP00000069896	1222	9
1499840	7955.ENSDARP00000108724	3.54	2
1493662	7955.ENSDARP00000094267	147	2
1500213	7955.ENSDARP00000109385	286	68
1482170	7955.ENSDARP00000009909	37.7	6
1482262	7955.ENSDARP00000010837	166	2
1492093	7955.ENSDARP00000087338	29.9	6
1487537	7955.ENSDARP00000060457	121	8
1499816	7955.ENSDARP00000108686	171	12
1486009	7955.ENSDARP00000051080	28.1	5
1482086	7955.ENSDARP00000009133	108	3
1487967	7955.ENSDARP00000063092	75.8	4
1492908	7955.ENSDARP00000091054	50.0	7
1487644	7955.ENSDARP00000061148	465	131
1501039	7955.ENSDARP00000110807	8.47	3
1481941	7955.ENSDARP00000007676	57.5	4
1492825	7955.ENSDARP00000090664	1555	12
1485662	7955.ENSDARP00000047174	284	2
1482442	7955.ENSDARP00000012238	59.0	6
1495863	7955.ENSDARP00000100850	2.73	1
1499964	7955.ENSDARP00000108963	51.8	4
1489264	7955.ENSDARP00000070225	12.6	4
1493601	7955.ENSDARP00000094034	64.1	4
1493701	7955.ENSDARP00000094413	155	23
1486973	7955.ENSDARP00000057215	0.349	1
1485340	7955.ENSDARP00000043742	89.8	22
1493092	7955.ENSDARP00000091899	425	8
1481345	7955.ENSDARP00000002223	834	37
1505351	7955.ENSDARP00000121163	109	9
1499527	7955.ENSDARP00000108190	322	17
1484404	7955.ENSDARP00000032453	6935	121
1487551	7955.ENSDARP00000060549	1245	20
1501580	7955.ENSDARP00000111742	610	99
1492889	7955.ENSDARP00000090963	45.7	6
1481794	7955.ENSDARP00000006320	53.0	5
1499256	7955.ENSDARP00000107708	947	30
1487403	7955.ENSDARP00000059695	21.9	7
1489609	7955.ENSDARP00000072235	90.3	5
1498324	7955.ENSDARP00000106065	31.2	1
1490788	7955.ENSDARP00000077832	818	204
1506581	7955.ENSDARP00000124448	238	19
1493692	7955.ENSDARP00000094384	10.2	3
1492968	7955.ENSDARP00000091393	42.5	7
1481621	7955.ENSDARP00000004708	440	16
1497372	7955.ENSDARP00000104379	818	204
1482761	7955.ENSDARP00000015293	8.41	1
1484755	7955.ENSDARP00000037150	630	20
1498914	7955.ENSDARP00000107127	47.6	6
1503823	7955.ENSDARP00000117212	14.2	2
1487086	7955.ENSDARP00000057864	162	2
1486150	7955.ENSDARP00000052096	101	2
1492119	7955.ENSDARP00000087462	834	37
1504602	7955.ENSDARP00000119184	1.28	2
1490487	7955.ENSDARP00000076212	13.5	2
1484521	7955.ENSDARP00000033907	1247	103
1498862	7955.ENSDARP00000107021	11.1	2
1491066	7955.ENSDARP00000079877	41.6	4
1494007	7955.ENSDARP00000095652	788	323
1503842	7955.ENSDARP00000117259	29.7	3
1482387	7955.ENSDARP00000011778	92.2	4
1493878	7955.ENSDARP00000095170	95.5	2
1499890	7955.ENSDARP00000108828	319	63
1500386	7955.ENSDARP00000109696	3.56	3
1486255	7955.ENSDARP00000052682	3.82	2
1485836	7955.ENSDARP00000049166	164	5
1483463	7955.ENSDARP00000022120	43.4	5
1489054	7955.ENSDARP00000069096	1429	35
1491641	7955.ENSDARP00000083997	1.27	1
1501115	7955.ENSDARP00000110935	818	204
1489165	7955.ENSDARP00000069695	2518	2835
1503158	7955.ENSDARP00000115483	146	5
1493253	7955.ENSDARP00000092510	213	25
1489685	7955.ENSDARP00000072498	1.09	4
1502480	7955.ENSDARP00000113693	42.5	6
1492307	7955.ENSDARP00000088354	670	36
1487538	7955.ENSDARP00000060465	580	9
1501009	7955.ENSDARP00000110759	283	63
1487646	7955.ENSDARP00000061164	6718	2055
1496586	7955.ENSDARP00000102559	14.8	1
1483188	7955.ENSDARP00000019234	42.0	2
1493543	7955.ENSDARP00000093817	4.96	1
1487629	7955.ENSDARP00000061057	0.659	2
1493481	7955.ENSDARP00000093555	64.2	13
1482581	7955.ENSDARP00000013402	32.8	3
1493868	7955.ENSDARP00000095135	45.5	1
1483326	7955.ENSDARP00000020656	167	5
1485924	7955.ENSDARP00000050204	449	15
1485434	7955.ENSDARP00000044836	2.53	1
1506535	7955.ENSDARP00000124307	2.76	3
1503349	7955.ENSDARP00000115964	3858	5593
1506541	7955.ENSDARP00000124325	91.5	4
1503604	7955.ENSDARP00000116637	585	20
1491678	7955.ENSDARP00000084277	1779	41
1487818	7955.ENSDARP00000062369	4670	1821
1506762	7955.ENSDARP00000125077	3.58	1
1485525	7955.ENSDARP00000045696	383	7
1487008	7955.ENSDARP00000057420	3.65	3
1485591	7955.ENSDARP00000046497	5.13	5
1484516	7955.ENSDARP00000033806	298	13
1483948	7955.ENSDARP00000026525	3.51	2
1484285	7955.ENSDARP00000030813	27.0	1
1489827	7955.ENSDARP00000073086	31.4	1
1487302	7955.ENSDARP00000059062	14.6	1
1499698	7955.ENSDARP00000108470	213	1
1499549	7955.ENSDARP00000108226	81.8	14
1483751	7955.ENSDARP00000024635	31.6	3
1482194	7955.ENSDARP00000010116	31.3	1
1498935	7955.ENSDARP00000107168	70.2	1
1484020	7955.ENSDARP00000027159	1117	24
1488775	7955.ENSDARP00000067775	349	9
1498482	7955.ENSDARP00000106325	7.73	1
1489920	7955.ENSDARP00000073506	32.1	1
1491191	7955.ENSDARP00000080761	9.73	1
1501096	7955.ENSDARP00000110906	109	4
1494243	7955.ENSDARP00000096674	10879	1291
1483530	7955.ENSDARP00000022641	21.5	1
1488194	7955.ENSDARP00000064399	27.3	3
1484501	7955.ENSDARP00000033622	1479	90
1483243	7955.ENSDARP00000019829	521	67
1483490	7955.ENSDARP00000022331	1.28	1
1506753	7955.ENSDARP00000125046	110	6
1505999	7955.ENSDARP00000122796	26.4	3
1499858	7955.ENSDARP00000108764	54.1	18
1494190	7955.ENSDARP00000096468	1421	29
1496011	7955.ENSDARP00000101178	26.4	3
1498924	7955.ENSDARP00000107144	218	6
1505531	7955.ENSDARP00000121623	46.4	2
1493745	7955.ENSDARP00000094622	21.0	1
1485596	7955.ENSDARP00000046545	0.198	1
1501887	7955.ENSDARP00000112265	261	24
1486100	7955.ENSDARP00000051749	33.5	2
1490539	7955.ENSDARP00000076404	1084	35
1484925	7955.ENSDARP00000039143	2395	35
1483691	7955.ENSDARP00000024085	840	14
1500907	7955.ENSDARP00000110577	1616	80
1490431	7955.ENSDARP00000075994	1561	109
1482971	7955.ENSDARP00000017217	1217	58
1502234	7955.ENSDARP00000113050	1.1	2
1487492	7955.ENSDARP00000060204	14.5	1
1502892	7955.ENSDARP00000114785	5.92	2
1506078	7955.ENSDARP00000122994	1.21	1
1486669	7955.ENSDARP00000055324	13.7	1
1482900	7955.ENSDARP00000016602	336	13
1482486	7955.ENSDARP00000012565	3.19	1
1494528	7955.ENSDARP00000097735	825	12
1486677	7955.ENSDARP00000055379	298	112
1483362	7955.ENSDARP00000021016	299	107
1483407	7955.ENSDARP00000021569	1.94	1
1494265	7955.ENSDARP00000096763	1.31	4
1484037	7955.ENSDARP00000027389	2520	171
1486937	7955.ENSDARP00000056918	4.52	1
1489088	7955.ENSDARP00000069273	70.9	2
1497140	7955.ENSDARP00000103854	26.9	15
1493285	7955.ENSDARP00000092672	22.2	7
1487097	7955.ENSDARP00000057943	853	9
1482850	7955.ENSDARP00000016098	4.46	1
1493173	7955.ENSDARP00000092223	4503	278
1501182	7955.ENSDARP00000111051	213	26
1501772	7955.ENSDARP00000112076	428	10
1482469	7955.ENSDARP00000012436	2.95	3
1500385	7955.ENSDARP00000109695	8.0	2
1493495	7955.ENSDARP00000093629	59.0	5
1484010	7955.ENSDARP00000027102	40.4	2
1483517	7955.ENSDARP00000022550	162	43
1481507	7955.ENSDARP00000003571	205	9
1489402	7955.ENSDARP00000070966	166	9
1495955	7955.ENSDARP00000101055	151	11
1489901	7955.ENSDARP00000073439	199	9
1498995	7955.ENSDARP00000107263	9.84	1
1494315	7955.ENSDARP00000096950	35.8	5
1486261	7955.ENSDARP00000052729	1773	24
1492735	7955.ENSDARP00000090306	470	1629
1486020	7955.ENSDARP00000051185	30.7	1
1505082	7955.ENSDARP00000120430	48.5	2
1497510	7955.ENSDARP00000104630	319	63
1496697	7955.ENSDARP00000102837	64.0	13
1503890	7955.ENSDARP00000117390	116	10
1481537	7955.ENSDARP00000003814	62.3	3
1491070	7955.ENSDARP00000079907	0.414	1
1485632	7955.ENSDARP00000046933	412	9
1489816	7955.ENSDARP00000073037	317	14
1488503	7955.ENSDARP00000066372	314	12
1481744	7955.ENSDARP00000005837	3424	16
1495451	7955.ENSDARP00000099884	37.5	4
1501483	7955.ENSDARP00000111579	52.0	12
1499695	7955.ENSDARP00000108465	319	63
1485078	7955.ENSDARP00000040997	38.6	1
1505799	7955.ENSDARP00000122279	285	3
1497829	7955.ENSDARP00000105206	3369	34
1489473	7955.ENSDARP00000071510	2.56	1
1499879	7955.ENSDARP00000108805	349	10
1497774	7955.ENSDARP00000105094	468	135
1500971	7955.ENSDARP00000110694	339	34
1507198	7955.ENSDARP00000125972	834	37
1492188	7955.ENSDARP00000087872	2353	25
1492442	7955.ENSDARP00000089001	65.4	2
1494543	7955.ENSDARP00000097770	13.8	3
1481674	7955.ENSDARP00000005224	1690	549
1483949	7955.ENSDARP00000026546	107	5
1494766	7955.ENSDARP00000098301	747	17
1485130	7955.ENSDARP00000041514	289	13
1481864	7955.ENSDARP00000006973	543	30
1484761	7955.ENSDARP00000037227	34.3	1
1496859	7955.ENSDARP00000103208	305	138
1500756	7955.ENSDARP00000110339	185	16
1492578	7955.ENSDARP00000089645	643	60
1481515	7955.ENSDARP00000003641	1306	24
1484302	7955.ENSDARP00000031014	1372	25
1488200	7955.ENSDARP00000064461	5.73	1
1489102	7955.ENSDARP00000069325	78.4	2
1496513	7955.ENSDARP00000102385	85.8	25
1485210	7955.ENSDARP00000042310	1.36	1
1501929	7955.ENSDARP00000112333	0.15	1
1501346	7955.ENSDARP00000111314	110	5
1489208	7955.ENSDARP00000069977	722	12
1488162	7955.ENSDARP00000064201	180	23
1485900	7955.ENSDARP00000049899	83.5	2
1481632	7955.ENSDARP00000004830	947	35
1483149	7955.ENSDARP00000018865	803	17
1496656	7955.ENSDARP00000102749	319	63
1501259	7955.ENSDARP00000111175	818	204
1504492	7955.ENSDARP00000118893	2.64	1
1506519	7955.ENSDARP00000124263	13.3	7
1481713	7955.ENSDARP00000005519	4.22	1
1483886	7955.ENSDARP00000025885	223	73
1489504	7955.ENSDARP00000071656	2169	40
1498658	7955.ENSDARP00000106634	818	204
1499665	7955.ENSDARP00000108417	319	63
1487674	7955.ENSDARP00000061365	60.5	10
1484985	7955.ENSDARP00000039916	18.2	5
1490167	7955.ENSDARP00000074756	401	3
1497226	7955.ENSDARP00000104060	1.41	3
1499120	7955.ENSDARP00000107491	105	36
1505422	7955.ENSDARP00000121339	382	13
1497224	7955.ENSDARP00000104054	2.85	1
1492847	7955.ENSDARP00000090766	152	33
1499697	7955.ENSDARP00000108469	28.7	5
1502429	7955.ENSDARP00000113553	729	13
1493797	7955.ENSDARP00000094833	3.33	1
1490606	7955.ENSDARP00000076697	54.2	3
1481340	7955.ENSDARP00000002175	286	89
1486512	7955.ENSDARP00000054339	874	13
1497378	7955.ENSDARP00000104399	319	63
1484819	7955.ENSDARP00000037871	21968	1318
1495005	7955.ENSDARP00000098846	4.87	1
1505468	7955.ENSDARP00000121459	349	138
1497128	7955.ENSDARP00000103819	319	63
1496518	7955.ENSDARP00000102398	15.0	1
1486146	7955.ENSDARP00000052081	497	7
1487761	7955.ENSDARP00000061957	1217	19
1493714	7955.ENSDARP00000094479	73.0	4
1503526	7955.ENSDARP00000116425	1.07	1
1492419	7955.ENSDARP00000088880	12.8	5
1483450	7955.ENSDARP00000022030	248	6
1484634	7955.ENSDARP00000035453	60.5	10
1506938	7955.ENSDARP00000125399	2.41	1
1506553	7955.ENSDARP00000124366	2.17	25
1492225	7955.ENSDARP00000088020	34.7	6
1505533	7955.ENSDARP00000121632	6.97	1
1488801	7955.ENSDARP00000067893	319	63
1482697	7955.ENSDARP00000014732	39.9	1
1497090	7955.ENSDARP00000103731	5.17	1
1495564	7955.ENSDARP00000100142	56.8	1
1499655	7955.ENSDARP00000108397	30.9	1
1481679	7955.ENSDARP00000005260	63.0	5
1500446	7955.ENSDARP00000109800	5.55	4
1488058	7955.ENSDARP00000063661	5999	239
1497114	7955.ENSDARP00000103794	13.7	2
1488082	7955.ENSDARP00000063788	791	19
1495168	7955.ENSDARP00000099212	6.51	4
1502232	7955.ENSDARP00000113048	1219	32
1485508	7955.ENSDARP00000045587	1.33	1
1497157	7955.ENSDARP00000103889	4.84	1
1481792	7955.ENSDARP00000006315	24.4	2
1501517	7955.ENSDARP00000111631	60.5	10
1484307	7955.ENSDARP00000031098	1015	21
1483323	7955.ENSDARP00000020595	935	7
1501451	7955.ENSDARP00000111507	272	18
1497990	7955.ENSDARP00000105496	818	204
1486276	7955.ENSDARP00000052837	4538	1806
1485440	7955.ENSDARP00000044908	220	13
1495438	7955.ENSDARP00000099844	41.8	1
1483252	7955.ENSDARP00000019915	85.9	11
1487623	7955.ENSDARP00000061000	475	20
1484207	7955.ENSDARP00000029635	6.66	1
1499308	7955.ENSDARP00000107798	305	111
1497299	7955.ENSDARP00000104209	1.72	1
1503821	7955.ENSDARP00000117207	3.71	1
1503689	7955.ENSDARP00000116858	110	8
1484574	7955.ENSDARP00000034733	464	52
1481619	7955.ENSDARP00000004700	290	10
1496158	7955.ENSDARP00000101541	12768	240
1491756	7955.ENSDARP00000084847	37.4	1
1484142	7955.ENSDARP00000028689	206	20
1494755	7955.ENSDARP00000098279	180	12
1485961	7955.ENSDARP00000050602	1569	38
1484345	7955.ENSDARP00000031690	5406	100
1501868	7955.ENSDARP00000112233	359	29
1490159	7955.ENSDARP00000074706	0.433	1
1485427	7955.ENSDARP00000044689	35.8	5
1488820	7955.ENSDARP00000067953	1079	25
1484539	7955.ENSDARP00000034171	109	8
1500167	7955.ENSDARP00000109300	5.42	1
1497617	7955.ENSDARP00000104823	1042	81
1489266	7955.ENSDARP00000070231	5.15	1
1482828	7955.ENSDARP00000015917	3018	469
1491563	7955.ENSDARP00000083458	15.1	1
1491294	7955.ENSDARP00000081527	5.58	1
1507071	7955.ENSDARP00000125663	4.94	1
1482477	7955.ENSDARP00000012500	18.6	2
1492487	7955.ENSDARP00000089179	59.0	3
1492935	7955.ENSDARP00000091193	4.5	3
1504847	7955.ENSDARP00000119857	311	17
1484109	7955.ENSDARP00000028137	327	20
1500344	7955.ENSDARP00000109625	375	125
1489894	7955.ENSDARP00000073415	366	1529
1485290	7955.ENSDARP00000043192	57.8	1
1489565	7955.ENSDARP00000072006	348	123
1504178	7955.ENSDARP00000118091	125	18
1486868	7955.ENSDARP00000056539	4520	102
1498675	7955.ENSDARP00000106669	349	138
1490387	7955.ENSDARP00000075802	36.8	3
1487783	7955.ENSDARP00000062145	11.8	2
1488156	7955.ENSDARP00000064171	160	14
1484566	7955.ENSDARP00000034555	2150	32
1489838	7955.ENSDARP00000073113	11.4	2
1490835	7955.ENSDARP00000078154	11.9	1
1481306	7955.ENSDARP00000001256	10.4	1
1484148	7955.ENSDARP00000028718	104	1
1487760	7955.ENSDARP00000061954	976	37
1490210	7955.ENSDARP00000074935	223	48
1486619	7955.ENSDARP00000055061	10350	134
1501464	7955.ENSDARP00000111526	818	204
