#name: D.rerio - Liver, SC (Kelkar,MCP,2014)
#score: 8.24
#weight: 100%
#description: abundance based on Spectral counting, from<a href="http://www.ncbi.nlm.nih.gov/pubmed/25060758" target="_blank">Kelkar,MCP,2014</a><br/><b>Interaction consistency score</b>: 8.24&nbsp<b>Coverage</b>: 9
#organ: LIVER
#integrated: false
#coverage: 9
#publication_year: 2014
#filename: ZF_Liver_Kelkar_2014_SEQUEST.txt
#
#internal_id	string_external_id	abundance	raw_spectral_count
1495465	7955.ENSDARP00000099928	244	18
1500275	7955.ENSDARP00000109497	6819	160
1502634	7955.ENSDARP00000114101	516	42
1487871	7955.ENSDARP00000062655	28.9	2
1483952	7955.ENSDARP00000026575	276	6
1503252	7955.ENSDARP00000115723	15.8	3
1504636	7955.ENSDARP00000119275	225	12
1483670	7955.ENSDARP00000023871	690	33
1484875	7955.ENSDARP00000038651	169	40
1505999	7955.ENSDARP00000122796	145	16
1499425	7955.ENSDARP00000108014	170	7
1484877	7955.ENSDARP00000038658	3040	76
1488473	7955.ENSDARP00000066176	304	204
1504601	7955.ENSDARP00000119183	1169	94
1504602	7955.ENSDARP00000119184	0.404	1
1490632	7955.ENSDARP00000076810	799	80
1490634	7955.ENSDARP00000076814	2084	19
1482327	7955.ENSDARP00000011269	3.03	19
1481495	7955.ENSDARP00000003468	64.4	10
1484402	7955.ENSDARP00000032422	232	31
1481864	7955.ENSDARP00000006973	381	26
1496473	7955.ENSDARP00000102304	47.0	4
1506459	7955.ENSDARP00000124085	1531	3
1493136	7955.ENSDARP00000092020	146	6
1493714	7955.ENSDARP00000094479	55.5	7
1485110	7955.ENSDARP00000041348	324	16
1502206	7955.ENSDARP00000112983	63.3	10
1482512	7955.ENSDARP00000012767	904	282
1502356	7955.ENSDARP00000113373	64.5	50
1486779	7955.ENSDARP00000055971	105	30
1496439	7955.ENSDARP00000102234	107	13
1491507	7955.ENSDARP00000083020	6.23	1
1485426	7955.ENSDARP00000044682	1829	195
1495585	7955.ENSDARP00000100195	694	323
1487974	7955.ENSDARP00000063127	12.2	13
1491650	7955.ENSDARP00000084042	5.09	1
1499093	7955.ENSDARP00000107433	65.1	4
1482344	7955.ENSDARP00000011398	101	8
1484014	7955.ENSDARP00000027118	875	124
1486564	7955.ENSDARP00000054690	158	43
1482127	7955.ENSDARP00000009507	80.5	9
1484013	7955.ENSDARP00000027115	692	57
1486312	7955.ENSDARP00000053076	1906	58
1498684	7955.ENSDARP00000106691	0.766	2
1482373	7955.ENSDARP00000011642	42.0	6
1482678	7955.ENSDARP00000014456	773	47
1483873	7955.ENSDARP00000025779	99.2	12
1506004	7955.ENSDARP00000122802	8.21	2
1506281	7955.ENSDARP00000123538	122	11
1497372	7955.ENSDARP00000104379	507	213
1497986	7955.ENSDARP00000105491	677	30
1497988	7955.ENSDARP00000105493	103	11
1497990	7955.ENSDARP00000105496	507	213
1488733	7955.ENSDARP00000067559	373	55
1494632	7955.ENSDARP00000097992	30.1	9
1486761	7955.ENSDARP00000055854	36.5	3
1495598	7955.ENSDARP00000100229	65.1	14
1482121	7955.ENSDARP00000009432	234	9
1492926	7955.ENSDARP00000091115	6.61	8
1481706	7955.ENSDARP00000005448	4217	644
1506608	7955.ENSDARP00000124562	2.23	1
1502495	7955.ENSDARP00000113739	116	20
1504002	7955.ENSDARP00000117673	2053	122
1488820	7955.ENSDARP00000067953	5002	263
1488775	7955.ENSDARP00000067775	104	6
1485058	7955.ENSDARP00000040743	702	25
1485763	7955.ENSDARP00000048394	92.8	8
1498410	7955.ENSDARP00000106212	23.6	2
1488964	7955.ENSDARP00000068663	4.37	2
1488963	7955.ENSDARP00000068662	45.6	8
1498414	7955.ENSDARP00000106218	174	5
1488082	7955.ENSDARP00000063788	3568	141
1481317	7955.ENSDARP00000001565	811	62
1492250	7955.ENSDARP00000088115	7.32	2
1506156	7955.ENSDARP00000123222	11.0	1
1488081	7955.ENSDARP00000063785	10.3	3
1487508	7955.ENSDARP00000060309	4023	584
1506197	7955.ENSDARP00000123323	190	123
1481674	7955.ENSDARP00000005224	29.0	31
1488187	7955.ENSDARP00000064375	2425	91
1483791	7955.ENSDARP00000025069	295	20
1492758	7955.ENSDARP00000090402	53.1	10
1506704	7955.ENSDARP00000124897	27.8	5
1483326	7955.ENSDARP00000020656	2769	111
1492804	7955.ENSDARP00000090576	14.2	1
1483902	7955.ENSDARP00000026086	34.6	8
1501661	7955.ENSDARP00000111877	3.17	1
1488102	7955.ENSDARP00000063876	1649	95
1482813	7955.ENSDARP00000015805	244	71
1485329	7955.ENSDARP00000043659	77.1	23
1481827	7955.ENSDARP00000006629	40.4	9
1483839	7955.ENSDARP00000025522	55.6	8
1481826	7955.ENSDARP00000006624	3082	55
1491256	7955.ENSDARP00000081257	59.0	9
1481425	7955.ENSDARP00000002983	429	73
1495405	7955.ENSDARP00000099755	126	10
1495923	7955.ENSDARP00000100990	0.806	1
1493362	7955.ENSDARP00000093074	276	94
1481354	7955.ENSDARP00000002327	7.92	3
1502326	7955.ENSDARP00000113292	2.56	2
1482831	7955.ENSDARP00000015937	6.77	4
1492850	7955.ENSDARP00000090794	363	91
1494967	7955.ENSDARP00000098757	42.3	4
1496634	7955.ENSDARP00000102682	363	91
1494965	7955.ENSDARP00000098755	15.7	2
1494312	7955.ENSDARP00000096934	184	13
1485750	7955.ENSDARP00000048210	0.512	1
1504169	7955.ENSDARP00000118068	76.3	61
1500691	7955.ENSDARP00000110236	16.2	2
1500692	7955.ENSDARP00000110237	65.8	9
1484438	7955.ENSDARP00000032935	10.9	3
1488425	7955.ENSDARP00000065840	0.253	1
1494881	7955.ENSDARP00000098579	3.7	1
1486261	7955.ENSDARP00000052729	5395	131
1487850	7955.ENSDARP00000062535	478	11
1493393	7955.ENSDARP00000093211	548	92
1486100	7955.ENSDARP00000051749	158	17
1493554	7955.ENSDARP00000093850	52.8	3
1503983	7955.ENSDARP00000117628	1657	126
1502952	7955.ENSDARP00000114932	54.1	7
1501568	7955.ENSDARP00000111723	8.71	3
1489355	7955.ENSDARP00000070658	63.6	9
1483694	7955.ENSDARP00000024104	493	62
1502551	7955.ENSDARP00000113908	1.55	1
1502550	7955.ENSDARP00000113905	172	46
1500121	7955.ENSDARP00000109226	3.25	1
1486018	7955.ENSDARP00000051182	392	16
1486019	7955.ENSDARP00000051183	15.2	3
1488220	7955.ENSDARP00000064557	98.4	18
1488318	7955.ENSDARP00000065205	0.24	1
1484419	7955.ENSDARP00000032688	175	22
1500595	7955.ENSDARP00000110052	205	15
1483928	7955.ENSDARP00000026364	150	12
1500594	7955.ENSDARP00000110051	68.2	11
1506809	7955.ENSDARP00000125167	2.23	1
1506379	7955.ENSDARP00000123810	0.854	1
1490169	7955.ENSDARP00000074778	1.89	1
1493154	7955.ENSDARP00000092100	210	36
1490931	7955.ENSDARP00000078883	47.5	8
1493784	7955.ENSDARP00000094800	98.5	12
1483969	7955.ENSDARP00000026766	363	18
1493274	7955.ENSDARP00000092617	424	15
1483706	7955.ENSDARP00000024210	31.9	38
1491373	7955.ENSDARP00000082079	283	40
1504187	7955.ENSDARP00000118111	169	5
1486073	7955.ENSDARP00000051564	8.9	1
1486036	7955.ENSDARP00000051290	9.27	1
1485637	7955.ENSDARP00000046972	20.0	5
1493269	7955.ENSDARP00000092585	2.56	2
1485396	7955.ENSDARP00000044330	135	24
1485681	7955.ENSDARP00000047408	9.18	17
1500174	7955.ENSDARP00000109315	180	123
1485680	7955.ENSDARP00000047400	21.0	17
1506310	7955.ENSDARP00000123619	363	91
1497293	7955.ENSDARP00000104196	18.8	3
1500539	7955.ENSDARP00000109958	13.7	21
1501748	7955.ENSDARP00000112034	507	213
1495573	7955.ENSDARP00000100169	40.9	2
1489905	7955.ENSDARP00000073460	35.3	4
1482900	7955.ENSDARP00000016602	365	23
1481463	7955.ENSDARP00000003276	15.2	4
1497294	7955.ENSDARP00000104198	439	36
1503265	7955.ENSDARP00000115754	62.9	7
1505883	7955.ENSDARP00000122475	68.8	15
1506553	7955.ENSDARP00000124366	29.1	35
1493843	7955.ENSDARP00000095043	28.2	5
1484838	7955.ENSDARP00000038205	716	87
1496831	7955.ENSDARP00000103152	105	10
1496830	7955.ENSDARP00000103150	559	50
1487901	7955.ENSDARP00000062792	4.93	5
1504862	7955.ENSDARP00000119887	141	4
1494562	7955.ENSDARP00000097820	26.1	5
1485678	7955.ENSDARP00000047390	2360	57
1485504	7955.ENSDARP00000045554	6.42	2
1488367	7955.ENSDARP00000065447	70.0	4
1490637	7955.ENSDARP00000076820	94.5	2
1497299	7955.ENSDARP00000104209	3.22	4
1489570	7955.ENSDARP00000072020	555	138
1485517	7955.ENSDARP00000045638	10.2	2
1487095	7955.ENSDARP00000057912	10.7	1
1483966	7955.ENSDARP00000026731	102	5
1502058	7955.ENSDARP00000112576	7.25	4
1497443	7955.ENSDARP00000104510	185	10
1487169	7955.ENSDARP00000058383	172	14
1483190	7955.ENSDARP00000019238	7.91	1
1483188	7955.ENSDARP00000019234	79.8	6
1486723	7955.ENSDARP00000055622	17.2	1
1496806	7955.ENSDARP00000103080	124	12
1490360	7955.ENSDARP00000075688	13.2	3
1490215	7955.ENSDARP00000074959	170	5
1482785	7955.ENSDARP00000015515	41.7	15
1482131	7955.ENSDARP00000009538	409	21
1497879	7955.ENSDARP00000105296	161	16
1482734	7955.ENSDARP00000015026	39.4	4
1488570	7955.ENSDARP00000066780	328	16
1505411	7955.ENSDARP00000121323	88.4	14
1505006	7955.ENSDARP00000120230	4.66	1
1499527	7955.ENSDARP00000108190	1235	103
1499532	7955.ENSDARP00000108197	3143	61
1505827	7955.ENSDARP00000122354	0.09	1
1483445	7955.ENSDARP00000021993	21.7	2
1493901	7955.ENSDARP00000095265	1012	267
1493898	7955.ENSDARP00000095260	39.9	5
1484010	7955.ENSDARP00000027102	403	27
1498085	7955.ENSDARP00000105649	2241	25
1488941	7955.ENSDARP00000068586	76.4	10
1485677	7955.ENSDARP00000047376	71.1	13
1507113	7955.ENSDARP00000125774	36.0	46
1498082	7955.ENSDARP00000105646	159	123
1484600	7955.ENSDARP00000035027	21.7	5
1499049	7955.ENSDARP00000107359	673	57
1499047	7955.ENSDARP00000107355	172	56
1488058	7955.ENSDARP00000063661	3321	226
1481292	7955.ENSDARP00000000803	28.2	31
1498636	7955.ENSDARP00000106592	61.3	6
1486760	7955.ENSDARP00000055847	121	13
1491891	7955.ENSDARP00000085945	2.59	2
1499131	7955.ENSDARP00000107514	158	7
1483510	7955.ENSDARP00000022511	21.9	3
1485447	7955.ENSDARP00000045014	13.3	2
1498498	7955.ENSDARP00000106351	88.4	2
1492292	7955.ENSDARP00000088297	4.75	2
1483013	7955.ENSDARP00000017569	4755	527
1486961	7955.ENSDARP00000057100	21.6	5
1481668	7955.ENSDARP00000005183	9.87	2
1488817	7955.ENSDARP00000067945	363	91
1493802	7955.ENSDARP00000094849	26.4	23
1488816	7955.ENSDARP00000067943	73.7	10
1485061	7955.ENSDARP00000040755	39.2	2
1488274	7955.ENSDARP00000064895	71.2	6
1488818	7955.ENSDARP00000067948	190	123
1491330	7955.ENSDARP00000081732	8.06	1
1485221	7955.ENSDARP00000042466	9.19	1
1485307	7955.ENSDARP00000043402	31.8	2
1483602	7955.ENSDARP00000023337	39.2	5
1483067	7955.ENSDARP00000017982	79.4	14
1491769	7955.ENSDARP00000084961	11.5	3
1486902	7955.ENSDARP00000056744	98.8	19
1488098	7955.ENSDARP00000063848	195	163
1492889	7955.ENSDARP00000090963	67.6	15
1483033	7955.ENSDARP00000017742	2.66	2
1498290	7955.ENSDARP00000106007	365	25
1492695	7955.ENSDARP00000090143	420	6
1484539	7955.ENSDARP00000034171	71.7	6
1502498	7955.ENSDARP00000113756	244	71
1503966	7955.ENSDARP00000117582	0.59	2
1507122	7955.ENSDARP00000125790	6.25	1
1507124	7955.ENSDARP00000125799	1058	16
1487281	7955.ENSDARP00000058964	13.9	1
1484968	7955.ENSDARP00000039787	551	10
1485303	7955.ENSDARP00000043316	28.6	1
1487280	7955.ENSDARP00000058963	845	33
1483241	7955.ENSDARP00000019826	759	44
1492681	7955.ENSDARP00000090093	294	24
1506574	7955.ENSDARP00000124424	359	43
1506723	7955.ENSDARP00000124947	32.3	5
1483996	7955.ENSDARP00000026992	29.3	7
1489315	7955.ENSDARP00000070471	162	14
1483243	7955.ENSDARP00000019829	301	77
1493587	7955.ENSDARP00000093995	4.96	1
1488196	7955.ENSDARP00000064418	61.0	3
1493588	7955.ENSDARP00000093996	87.0	2
1491229	7955.ENSDARP00000081066	0.712	1
1503934	7955.ENSDARP00000117503	18.7	3
1489165	7955.ENSDARP00000069695	2.17	9
1484241	7955.ENSDARP00000030050	49.2	54
1485435	7955.ENSDARP00000044837	395	35
1502343	7955.ENSDARP00000113335	244	13
1493589	7955.ENSDARP00000093998	118	6
1493361	7955.ENSDARP00000093069	178	18
1486454	7955.ENSDARP00000053931	303	29
1495918	7955.ENSDARP00000100984	2.05	1
1494714	7955.ENSDARP00000098182	32.8	8
1483252	7955.ENSDARP00000019915	27.7	4
1494718	7955.ENSDARP00000098188	91.2	37
1494959	7955.ENSDARP00000098745	26.0	7
1485427	7955.ENSDARP00000044689	8.71	3
1492582	7955.ENSDARP00000089658	16.2	1
1486146	7955.ENSDARP00000052081	1566	52
1494309	7955.ENSDARP00000096921	108	19
1487312	7955.ENSDARP00000059181	4.3	7
1497763	7955.ENSDARP00000105074	0.83	1
1486000	7955.ENSDARP00000050970	4.48	1
1483297	7955.ENSDARP00000020358	4214	63
1489824	7955.ENSDARP00000073072	13.4	5
1483463	7955.ENSDARP00000022120	21.6	4
1493101	7955.ENSDARP00000091921	6.97	5
1489173	7955.ENSDARP00000069745	24.1	3
1482103	7955.ENSDARP00000009258	693	99
1490104	7955.ENSDARP00000074381	73.3	2
1481929	7955.ENSDARP00000007588	769	80
1493508	7955.ENSDARP00000093667	48.7	32
1481928	7955.ENSDARP00000007584	2388	150
1484060	7955.ENSDARP00000027643	5.97	1
1483829	7955.ENSDARP00000025466	295	38
1490802	7955.ENSDARP00000077940	238	5
1495726	7955.ENSDARP00000100503	125	12
1494122	7955.ENSDARP00000096258	392	12
1502729	7955.ENSDARP00000114349	14.1	1
1496010	7955.ENSDARP00000101177	18.1	3
1481926	7955.ENSDARP00000007566	49.3	2
1502724	7955.ENSDARP00000114342	682	13
1487719	7955.ENSDARP00000061697	37.0	2
1500592	7955.ENSDARP00000110047	6.81	1
1496011	7955.ENSDARP00000101178	145	16
1493431	7955.ENSDARP00000093333	219	85
1504346	7955.ENSDARP00000118532	189	20
1482419	7955.ENSDARP00000012048	603	133
1484108	7955.ENSDARP00000028134	84.8	16
1484139	7955.ENSDARP00000028641	186	12
1500427	7955.ENSDARP00000109762	0.639	1
1489615	7955.ENSDARP00000072253	17.0	4
1500429	7955.ENSDARP00000109765	138	3
1482581	7955.ENSDARP00000013402	7698	929
1490075	7955.ENSDARP00000074169	1963	58
1482861	7955.ENSDARP00000016160	300	31
1490071	7955.ENSDARP00000074163	71.6	11
1481343	7955.ENSDARP00000002199	553	43
1483705	7955.ENSDARP00000024204	176	4
1484830	7955.ENSDARP00000038075	225	12
1495696	7955.ENSDARP00000100434	275	244
1482472	7955.ENSDARP00000012444	22.1	3
1486691	7955.ENSDARP00000055442	9.23	1
1485256	7955.ENSDARP00000042866	0.567	1
1489917	7955.ENSDARP00000073498	124	36
1505894	7955.ENSDARP00000122502	0.8	8
1487874	7955.ENSDARP00000062670	294	201
1487345	7955.ENSDARP00000059321	0.911	1
1486698	7955.ENSDARP00000055503	632	30
1483455	7955.ENSDARP00000022077	1008	147
1490345	7955.ENSDARP00000075639	15.8	10
1503349	7955.ENSDARP00000115964	8.94	27
1484205	7955.ENSDARP00000029607	24.9	17
1500053	7955.ENSDARP00000109106	401	60
1493746	7955.ENSDARP00000094626	60.5	48
1485943	7955.ENSDARP00000050398	90.3	2
1483552	7955.ENSDARP00000022858	80.2	15
1490344	7955.ENSDARP00000075636	68.0	7
1481636	7955.ENSDARP00000004866	432	64
1493245	7955.ENSDARP00000092488	8441	440
1493244	7955.ENSDARP00000092484	1061	46
1506274	7955.ENSDARP00000123530	190	17
1504771	7955.ENSDARP00000119651	13.7	5
1505315	7955.ENSDARP00000121065	6.27	5
1502882	7955.ENSDARP00000114762	52.0	6
1494243	7955.ENSDARP00000096674	20.7	12
1483472	7955.ENSDARP00000022219	225	59
1503105	7955.ENSDARP00000115363	129	16
1482325	7955.ENSDARP00000011243	97.4	8
1492635	7955.ENSDARP00000089863	79.1	10
1493701	7955.ENSDARP00000094413	216	62
1502026	7955.ENSDARP00000112501	175	7
1499849	7955.ENSDARP00000108742	8.42	5
1499966	7955.ENSDARP00000108965	4399	112
1499542	7955.ENSDARP00000108215	1.84	2
1485824	7955.ENSDARP00000049002	5.93	2
1499632	7955.ENSDARP00000108361	112	4
1497435	7955.ENSDARP00000104502	4.51	1
1485832	7955.ENSDARP00000049134	147	10
1501200	7955.ENSDARP00000111083	22.8	2
1481515	7955.ENSDARP00000003641	2545	95
1486378	7955.ENSDARP00000053443	3.71	1
1494033	7955.ENSDARP00000095785	38.2	2
1486379	7955.ENSDARP00000053446	39.9	4
1498799	7955.ENSDARP00000106906	12.3	1
1501061	7955.ENSDARP00000110851	258	205
1481623	7955.ENSDARP00000004738	332	37
1494263	7955.ENSDARP00000096745	5.75	1
1505422	7955.ENSDARP00000121339	171	11
1492307	7955.ENSDARP00000088354	2376	211
1505418	7955.ENSDARP00000121334	62.2	5
1499525	7955.ENSDARP00000108188	657	50
1499522	7955.ENSDARP00000108182	74.9	5
1482928	7955.ENSDARP00000016831	207	19
1486799	7955.ENSDARP00000056088	42.9	23
1498102	7955.ENSDARP00000105678	87.5	18
1486864	7955.ENSDARP00000056522	52.4	10
1485845	7955.ENSDARP00000049263	997	78
1482679	7955.ENSDARP00000014473	29.4	3
1481994	7955.ENSDARP00000008118	560	103
1482896	7955.ENSDARP00000016540	27.8	7
1498933	7955.ENSDARP00000107164	1.81	1
1486078	7955.ENSDARP00000051611	42.0	8
1498935	7955.ENSDARP00000107168	690	33
1483884	7955.ENSDARP00000025865	4.86	4
1488535	7955.ENSDARP00000066557	41.6	3
1481569	7955.ENSDARP00000004139	122	17
1493652	7955.ENSDARP00000094239	19.9	2
1485889	7955.ENSDARP00000049792	945	73
1498551	7955.ENSDARP00000106443	507	213
1486597	7955.ENSDARP00000054878	67.9	3
1504482	7955.ENSDARP00000118870	366	11
1491760	7955.ENSDARP00000084880	8.62	1
1498047	7955.ENSDARP00000105583	3.35	1
1499469	7955.ENSDARP00000108089	3347	142
1498381	7955.ENSDARP00000106164	167	150
1485340	7955.ENSDARP00000043742	252	109
1498726	7955.ENSDARP00000106769	256	7
1499713	7955.ENSDARP00000108490	124	8
1488693	7955.ENSDARP00000067373	13.5	1
1493057	7955.ENSDARP00000091773	115	13
1484805	7955.ENSDARP00000037758	16.3	1
1502042	7955.ENSDARP00000112531	58.0	9
1483601	7955.ENSDARP00000023327	270	7
1502543	7955.ENSDARP00000113885	60.4	11
1503823	7955.ENSDARP00000117212	97.2	21
1502431	7955.ENSDARP00000113555	167	5
1498482	7955.ENSDARP00000106325	6.98	2
1497876	7955.ENSDARP00000105290	363	91
1484735	7955.ENSDARP00000036929	0.933	1
1488177	7955.ENSDARP00000064310	409	14
1491285	7955.ENSDARP00000081474	1913	264
1502224	7955.ENSDARP00000113032	35.1	4
1492692	7955.ENSDARP00000090133	41.4	23
1485202	7955.ENSDARP00000042254	6.31	2
1485203	7955.ENSDARP00000042258	11.3	1
1481807	7955.ENSDARP00000006424	633	317
1503433	7955.ENSDARP00000116195	14.4	1
1487277	7955.ENSDARP00000058954	431	2
1487278	7955.ENSDARP00000058955	775	87
1484969	7955.ENSDARP00000039795	7.86	1
1483886	7955.ENSDARP00000025885	39.8	40
1487045	7955.ENSDARP00000057604	579	43
1494364	7955.ENSDARP00000097248	112	3
1489504	7955.ENSDARP00000071656	139	5
1481407	7955.ENSDARP00000002825	26.6	10
1492389	7955.ENSDARP00000088722	158	11
1486150	7955.ENSDARP00000052096	2569	87
1487581	7955.ENSDARP00000060744	2117	211
1483688	7955.ENSDARP00000024051	418	53
1491901	7955.ENSDARP00000086000	0.565	1
1505633	7955.ENSDARP00000121883	91.0	25
1505635	7955.ENSDARP00000121885	2.96	1
1483834	7955.ENSDARP00000025501	244	27
1495324	7955.ENSDARP00000099570	2724	675
1483287	7955.ENSDARP00000020214	30.8	7
1483409	7955.ENSDARP00000021614	5.26	3
1490996	7955.ENSDARP00000079424	77.6	12
1503757	7955.ENSDARP00000117024	961	71
1481818	7955.ENSDARP00000006510	1011	165
1483164	7955.ENSDARP00000018980	3146	124
1494712	7955.ENSDARP00000098175	124	13
1482828	7955.ENSDARP00000015917	721	89
1485065	7955.ENSDARP00000040787	541	120
1483761	7955.ENSDARP00000024694	6.08	1
1490788	7955.ENSDARP00000077832	507	213
1486077	7955.ENSDARP00000051610	99.3	12
1496727	7955.ENSDARP00000102911	12.4	21
1486227	7955.ENSDARP00000052528	3702	74
1496729	7955.ENSDARP00000102914	26.3	3
1487314	7955.ENSDARP00000059193	203	4
1483298	7955.ENSDARP00000020361	426	47
1495736	7955.ENSDARP00000100537	3.72	1
1494981	7955.ENSDARP00000098791	170	3
1502670	7955.ENSDARP00000114220	26.8	1
1486502	7955.ENSDARP00000054273	0.886	1
1481440	7955.ENSDARP00000003107	34.9	4
1489067	7955.ENSDARP00000069175	19.7	5
1486205	7955.ENSDARP00000052417	4.1	1
1495415	7955.ENSDARP00000099772	12.6	46
1484062	7955.ENSDARP00000027654	1122	44
1500971	7955.ENSDARP00000110694	87.5	18
1486104	7955.ENSDARP00000051762	2306	113
1486430	7955.ENSDARP00000053796	6.08	1
1490142	7955.ENSDARP00000074570	144	19
1500869	7955.ENSDARP00000110519	3.95	1
1485787	7955.ENSDARP00000048656	1.15	1
1495973	7955.ENSDARP00000101100	768	119
1492078	7955.ENSDARP00000087195	8.14	1
1492149	7955.ENSDARP00000087660	92.7	7
1484104	7955.ENSDARP00000028107	817	74
1493419	7955.ENSDARP00000093301	69.2	15
1494815	7955.ENSDARP00000098422	0.788	2
1500451	7955.ENSDARP00000109807	314	274
1481537	7955.ENSDARP00000003814	106	9
1484860	7955.ENSDARP00000038446	1125	31
1481906	7955.ENSDARP00000007394	27.5	6
1483423	7955.ENSDARP00000021768	67.5	14
1482855	7955.ENSDARP00000016115	6763	396
1484166	7955.ENSDARP00000029039	115	4
1488761	7955.ENSDARP00000067677	520	27
1483712	7955.ENSDARP00000024272	39.2	50
1504683	7955.ENSDARP00000119407	2.63	3
1500209	7955.ENSDARP00000109376	103	8
1482978	7955.ENSDARP00000017258	31.6	4
1502516	7955.ENSDARP00000113812	45.6	3
1482474	7955.ENSDARP00000012454	45.6	33
1497786	7955.ENSDARP00000105116	3.31	1
1490642	7955.ENSDARP00000076844	1946	267
1483453	7955.ENSDARP00000022064	23.3	8
1482901	7955.ENSDARP00000016622	5.58	2
1494076	7955.ENSDARP00000096043	1.77	1
1500061	7955.ENSDARP00000109119	41.6	8
1490829	7955.ENSDARP00000078114	2.54	4
1482747	7955.ENSDARP00000015132	530	52
1504616	7955.ENSDARP00000119224	31.7	1
1500058	7955.ENSDARP00000109113	153	12
1490205	7955.ENSDARP00000074914	8.98	1
1481935	7955.ENSDARP00000007628	471	49
1503316	7955.ENSDARP00000115888	117	16
1482398	7955.ENSDARP00000011837	58.9	4
1486717	7955.ENSDARP00000055603	6.46	2
1500329	7955.ENSDARP00000109592	405	17
1484454	7955.ENSDARP00000033180	42.9	37
1501342	7955.ENSDARP00000111308	85.4	13
1493196	7955.ENSDARP00000092307	21.7	5
1490365	7955.ENSDARP00000075715	92.1	57
1483778	7955.ENSDARP00000024900	438	69
1499549	7955.ENSDARP00000108226	67.2	9
1484843	7955.ENSDARP00000038227	2130	21
1501205	7955.ENSDARP00000111091	68.2	11
1494179	7955.ENSDARP00000096443	33.2	6
1502820	7955.ENSDARP00000114578	1207	6
1505271	7955.ENSDARP00000120922	450	36
1505272	7955.ENSDARP00000120927	151	15
1499417	7955.ENSDARP00000107998	507	213
1483500	7955.ENSDARP00000022446	118	2
1505182	7955.ENSDARP00000120690	176	12
1486929	7955.ENSDARP00000056884	3.14	6
1483499	7955.ENSDARP00000022440	240	37
1506324	7955.ENSDARP00000123652	54.5	7
1483944	7955.ENSDARP00000026495	215	13
1481621	7955.ENSDARP00000004708	73.6	5
1484720	7955.ENSDARP00000036699	32.5	6
1497561	7955.ENSDARP00000104715	36.7	4
1499794	7955.ENSDARP00000108641	34.5	2
1485568	7955.ENSDARP00000046171	613	20
1485882	7955.ENSDARP00000049650	7.08	2
1485068	7955.ENSDARP00000040803	178	7
1484343	7955.ENSDARP00000031677	26.5	4
1489477	7955.ENSDARP00000071531	40.4	2
1483899	7955.ENSDARP00000026065	143	64
1485101	7955.ENSDARP00000041268	573	41
1484307	7955.ENSDARP00000031098	336	12
1486396	7955.ENSDARP00000053541	1038	34
1503277	7955.ENSDARP00000115796	1279	14
1505044	7955.ENSDARP00000120324	4.46	4
1488602	7955.ENSDARP00000066960	12.9	2
1500432	7955.ENSDARP00000109771	1.84	1
1498937	7955.ENSDARP00000107173	145	3
1498090	7955.ENSDARP00000105660	169	13
1488465	7955.ENSDARP00000066106	128	7
1486420	7955.ENSDARP00000053755	5.65	1
1493007	7955.ENSDARP00000091542	15.3	1
1489416	7955.ENSDARP00000071046	127	28
1505202	7955.ENSDARP00000120742	4251	410
1504996	7955.ENSDARP00000120213	7.13	3
1499180	7955.ENSDARP00000107578	3.25	1
1499178	7955.ENSDARP00000107576	2210	154
1488536	7955.ENSDARP00000066567	4.48	1
1504477	7955.ENSDARP00000118861	7.67	1
1488542	7955.ENSDARP00000066589	47.0	14
1488544	7955.ENSDARP00000066619	0.351	1
1487546	7955.ENSDARP00000060534	1528	122
1493397	7955.ENSDARP00000093236	2125	60
1482364	7955.ENSDARP00000011562	1192	72
1491143	7955.ENSDARP00000080392	7.88	2
1492735	7955.ENSDARP00000090306	1.41	11
1501742	7955.ENSDARP00000112026	11.2	4
1482042	7955.ENSDARP00000008636	41.1	9
1485360	7955.ENSDARP00000043931	42.8	16
1495169	7955.ENSDARP00000099216	1.58	1
1488029	7955.ENSDARP00000063532	225	10
1489198	7955.ENSDARP00000069904	1608	96
1482083	7955.ENSDARP00000009096	2594	133
1482971	7955.ENSDARP00000017217	405	36
1506581	7955.ENSDARP00000124448	199	26
1483121	7955.ENSDARP00000018579	160	5
1498300	7955.ENSDARP00000106024	2268	145
1487733	7955.ENSDARP00000061750	14.6	3
1487734	7955.ENSDARP00000061755	160	4
1498373	7955.ENSDARP00000106154	83.7	11
1483031	7955.ENSDARP00000017693	47.9	15
1486064	7955.ENSDARP00000051541	23.9	2
1483265	7955.ENSDARP00000020027	303	13
1489715	7955.ENSDARP00000072618	109	8
1492792	7955.ENSDARP00000090542	12.0	1
1503486	7955.ENSDARP00000116324	280	16
1493092	7955.ENSDARP00000091899	6369	201
1487276	7955.ENSDARP00000058947	13.7	3
1491817	7955.ENSDARP00000085295	12.5	5
1490292	7955.ENSDARP00000075363	236	1
1496646	7955.ENSDARP00000102718	14.7	8
1485333	7955.ENSDARP00000043687	122	3
1497963	7955.ENSDARP00000105444	30.3	36
1483323	7955.ENSDARP00000020595	962	11
1485564	7955.ENSDARP00000046121	10.2	5
1487635	7955.ENSDARP00000061116	1013	235
1486800	7955.ENSDARP00000056094	7895	260
1498736	7955.ENSDARP00000106788	22.7	2
1500828	7955.ENSDARP00000110449	120	5
1486662	7955.ENSDARP00000055286	1.77	1
1485533	7955.ENSDARP00000045815	50.2	12
1503932	7955.ENSDARP00000117497	132	14
1485804	7955.ENSDARP00000048827	63.7	71
1485341	7955.ENSDARP00000043750	25.0	1
1495958	7955.ENSDARP00000101062	6.61	1
1492762	7955.ENSDARP00000090434	902	51
1494706	7955.ENSDARP00000098162	23.8	1
1506689	7955.ENSDARP00000124846	3.9	6
1481409	7955.ENSDARP00000002844	3581	341
1482223	7955.ENSDARP00000010413	49.2	54
1497643	7955.ENSDARP00000104882	49.0	5
1482983	7955.ENSDARP00000017326	219	175
1496628	7955.ENSDARP00000102672	32.4	8
1494425	7955.ENSDARP00000097494	883	61
1485338	7955.ENSDARP00000043714	57.8	13
1497752	7955.ENSDARP00000105058	5.02	1
1497753	7955.ENSDARP00000105059	507	213
1487353	7955.ENSDARP00000059365	57.9	19
1494766	7955.ENSDARP00000098301	112	4
1500964	7955.ENSDARP00000110682	14.8	22
1484064	7955.ENSDARP00000027662	761	64
1502510	7955.ENSDARP00000113791	61.0	14
1495979	7955.ENSDARP00000101117	1.4	1
1492505	7955.ENSDARP00000089263	11.0	14
1504178	7955.ENSDARP00000118091	132	38
1490144	7955.ENSDARP00000074585	25.4	3
1500166	7955.ENSDARP00000109299	507	213
1482595	7955.ENSDARP00000013511	294	50
1482543	7955.ENSDARP00000013042	18.2	26
1486404	7955.ENSDARP00000053608	44.4	2
1487803	7955.ENSDARP00000062277	151	10
1482952	7955.ENSDARP00000016984	10.5	3
1496564	7955.ENSDARP00000102498	202	60
1504300	7955.ENSDARP00000118414	12.2	6
1504686	7955.ENSDARP00000119413	22.9	5
1503344	7955.ENSDARP00000115950	18.2	2
1487291	7955.ENSDARP00000059012	123	4
1486465	7955.ENSDARP00000054025	18.3	1
1484501	7955.ENSDARP00000033622	295	42
1487864	7955.ENSDARP00000062617	96.2	10
1494007	7955.ENSDARP00000095652	9.64	13
1481600	7955.ENSDARP00000004441	36.0	2
1500507	7955.ENSDARP00000109902	132	11
1482905	7955.ENSDARP00000016639	176	7
1506127	7955.ENSDARP00000123136	111	4
1504251	7955.ENSDARP00000118280	101	24
1481539	7955.ENSDARP00000003828	438	40
1489226	7955.ENSDARP00000070021	2688	49
1496183	7955.ENSDARP00000101609	0.219	1
1506769	7955.ENSDARP00000125089	0.8	8
1506768	7955.ENSDARP00000125088	2.74	1
1499720	7955.ENSDARP00000108502	507	213
1484992	7955.ENSDARP00000040012	420	24
1484819	7955.ENSDARP00000037871	72.4	20
1501360	7955.ENSDARP00000111335	606	46
1501361	7955.ENSDARP00000111337	356	34
1482942	7955.ENSDARP00000016922	58.7	46
1501358	7955.ENSDARP00000111333	361	276
1502890	7955.ENSDARP00000114781	2532	109
1494248	7955.ENSDARP00000096695	1406	60
1482324	7955.ENSDARP00000011226	54.3	3
1483634	7955.ENSDARP00000023637	358	44
1499840	7955.ENSDARP00000108724	76.8	28
1499841	7955.ENSDARP00000108727	61.0	39
1492632	7955.ENSDARP00000089848	60.3	16
1502041	7955.ENSDARP00000112527	188	123
1499679	7955.ENSDARP00000108439	10.9	2
1481643	7955.ENSDARP00000004932	3.74	1
1499624	7955.ENSDARP00000108349	8.45	1
1499621	7955.ENSDARP00000108344	8.52	1
1491589	7955.ENSDARP00000083605	9.56	1
1483517	7955.ENSDARP00000022550	164	63
1507338	7955.ENSDARP00000126346	518	26
1503184	7955.ENSDARP00000115544	129	11
1483604	7955.ENSDARP00000023354	988	104
1506471	7955.ENSDARP00000124115	481	109
1483481	7955.ENSDARP00000022302	97.4	47
1503060	7955.ENSDARP00000115236	264	14
1482519	7955.ENSDARP00000012808	1541	196
1485866	7955.ENSDARP00000049461	185	9
1491491	7955.ENSDARP00000082917	5.35	7
1484717	7955.ENSDARP00000036667	8.52	1
1501868	7955.ENSDARP00000112233	85.4	11
1483577	7955.ENSDARP00000023121	5981	323
1490506	7955.ENSDARP00000076274	14.1	1
1482367	7955.ENSDARP00000011595	77.8	5
1488568	7955.ENSDARP00000066777	312	39
1507294	7955.ENSDARP00000126238	3.31	1
1486737	7955.ENSDARP00000055709	819	78
1495675	7955.ENSDARP00000100398	20.3	3
1488503	7955.ENSDARP00000066372	196	13
1483198	7955.ENSDARP00000019373	0.359	1
1495673	7955.ENSDARP00000100395	25.7	14
1485102	7955.ENSDARP00000041278	438	253
1484412	7955.ENSDARP00000032575	392	84
1501909	7955.ENSDARP00000112301	363	91
1482567	7955.ENSDARP00000013280	244	39
1484668	7955.ENSDARP00000036006	23.5	5
1498924	7955.ENSDARP00000107144	906	22
1488606	7955.ENSDARP00000066972	37.5	9
1503878	7955.ENSDARP00000117366	126	45
1498061	7955.ENSDARP00000105610	109	2
1483774	7955.ENSDARP00000024860	2.61	1
1498577	7955.ENSDARP00000106496	507	213
1498926	7955.ENSDARP00000107148	507	213
1492915	7955.ENSDARP00000091082	267	24
1487956	7955.ENSDARP00000063057	4.19	7
1489641	7955.ENSDARP00000072337	38.1	39
1498616	7955.ENSDARP00000106566	1622	37
1499155	7955.ENSDARP00000107547	507	213
1482125	7955.ENSDARP00000009474	80.1	16
1491544	7955.ENSDARP00000083337	51.6	2
1483515	7955.ENSDARP00000022542	19.8	4
1496481	7955.ENSDARP00000102321	13.7	2
1490352	7955.ENSDARP00000075658	1701	186
1482387	7955.ENSDARP00000011778	163	9
1484607	7955.ENSDARP00000035106	84.8	3
1484606	7955.ENSDARP00000035103	354	17
1498512	7955.ENSDARP00000106387	16.2	3
1492548	7955.ENSDARP00000089461	68.0	30
1492551	7955.ENSDARP00000089469	50.6	11
1485147	7955.ENSDARP00000041699	760	42
1493011	7955.ENSDARP00000091556	15.9	1
1487042	7955.ENSDARP00000057598	73.0	2
1499063	7955.ENSDARP00000107383	182	29
1492314	7955.ENSDARP00000088399	3.11	2
1485885	7955.ENSDARP00000049686	268	6
1483735	7955.ENSDARP00000024463	616	82
1489208	7955.ENSDARP00000069977	2202	72
1484291	7955.ENSDARP00000030881	1214	193
1481731	7955.ENSDARP00000005715	26.9	7
1482969	7955.ENSDARP00000017204	9.0	3
1488027	7955.ENSDARP00000063524	1329	118
1487518	7955.ENSDARP00000060346	1936	91
1492878	7955.ENSDARP00000090932	290	16
1487730	7955.ENSDARP00000061743	16.0	3
1499141	7955.ENSDARP00000107527	2.16	2
1498658	7955.ENSDARP00000106634	507	213
1503491	7955.ENSDARP00000116332	1855	88
1485586	7955.ENSDARP00000046430	1005	124
1506716	7955.ENSDARP00000124923	4.0	1
1484469	7955.ENSDARP00000033318	983	85
1487584	7955.ENSDARP00000060765	28.4	7
1502331	7955.ENSDARP00000113307	994	18
1499548	7955.ENSDARP00000108224	12.0	45
1502463	7955.ENSDARP00000113657	326	9
1481719	7955.ENSDARP00000005578	62.0	3
1500843	7955.ENSDARP00000110475	6.19	1
1495313	7955.ENSDARP00000099550	159	123
1501685	7955.ENSDARP00000111923	0.527	1
1492687	7955.ENSDARP00000090113	165	30
1488940	7955.ENSDARP00000068574	42.2	23
1506615	7955.ENSDARP00000124587	28.6	5
1494493	7955.ENSDARP00000097644	780	32
1488939	7955.ENSDARP00000068572	41.3	5
1495144	7955.ENSDARP00000099156	24.9	1
1497657	7955.ENSDARP00000104899	7.09	1
1489184	7955.ENSDARP00000069804	19.6	3
1505983	7955.ENSDARP00000122750	1094	89
1502320	7955.ENSDARP00000113279	288	48
1487310	7955.ENSDARP00000059173	29.2	11
1492119	7955.ENSDARP00000087462	1042	19
1492120	7955.ENSDARP00000087463	659	21
1487674	7955.ENSDARP00000061365	31.5	8
1481632	7955.ENSDARP00000004830	3036	161
1500690	7955.ENSDARP00000110235	0.205	1
1483407	7955.ENSDARP00000021569	74.9	78
1486266	7955.ENSDARP00000052760	28189	8
1481947	7955.ENSDARP00000007716	1120	34
1492185	7955.ENSDARP00000087869	157	4
1486459	7955.ENSDARP00000053962	571	110
1488902	7955.ENSDARP00000068371	2244	244
1494779	7955.ENSDARP00000098331	124	43
1506115	7955.ENSDARP00000123109	31.2	7
1496685	7955.ENSDARP00000102802	820	90
1484065	7955.ENSDARP00000027672	101	5
1493543	7955.ENSDARP00000093817	6.93	3
1483354	7955.ENSDARP00000020942	15.3	4
1501606	7955.ENSDARP00000111784	3.25	1
1501608	7955.ENSDARP00000111786	507	213
1501604	7955.ENSDARP00000111782	372	12
1487219	7955.ENSDARP00000058628	262	241
1494108	7955.ENSDARP00000096200	547	20
1493583	7955.ENSDARP00000093966	23.0	8
1482575	7955.ENSDARP00000013329	832	90
1501531	7955.ENSDARP00000111658	100	13
1493531	7955.ENSDARP00000093780	363	91
1493532	7955.ENSDARP00000093781	687	18
1493534	7955.ENSDARP00000093787	363	91
1488226	7955.ENSDARP00000064608	5.58	2
1500196	7955.ENSDARP00000109355	507	213
1505780	7955.ENSDARP00000122218	58.9	26
1481335	7955.ENSDARP00000002122	451	43
1481912	7955.ENSDARP00000007440	7.84	2
1481915	7955.ENSDARP00000007446	571	27
1482110	7955.ENSDARP00000009320	352	265
1494198	7955.ENSDARP00000096512	72.7	7
1481524	7955.ENSDARP00000003700	2276	103
1505456	7955.ENSDARP00000121437	747	53
1481525	7955.ENSDARP00000003705	29.8	6
1486026	7955.ENSDARP00000051230	14.6	4
1501408	7955.ENSDARP00000111434	3.25	1
1506412	7955.ENSDARP00000123920	311	43
1494004	7955.ENSDARP00000095645	2.39	1
1502114	7955.ENSDARP00000112765	145	4
1503338	7955.ENSDARP00000115935	18.3	2
1493262	7955.ENSDARP00000092565	20.1	3
1489476	7955.ENSDARP00000071527	204	13
1489228	7955.ENSDARP00000070035	1920	125
1483809	7955.ENSDARP00000025234	33.5	20
1500424	7955.ENSDARP00000109758	1.29	1
1481483	7955.ENSDARP00000003389	2616	130
1490574	7955.ENSDARP00000076519	86.2	16
1489856	7955.ENSDARP00000073228	9.74	2
1505082	7955.ENSDARP00000120430	426	39
1499736	7955.ENSDARP00000108536	1.31	1
1504780	7955.ENSDARP00000119683	1913	30
1489177	7955.ENSDARP00000069759	2324	314
1482870	7955.ENSDARP00000016261	35.8	4
1505183	7955.ENSDARP00000120692	56.0	6
1505266	7955.ENSDARP00000120909	3499	55
1501354	7955.ENSDARP00000111326	12.6	46
1506504	7955.ENSDARP00000124217	200	19
1498258	7955.ENSDARP00000105955	103	21
1483564	7955.ENSDARP00000022958	1.65	1
1482430	7955.ENSDARP00000012146	248	11
1502134	7955.ENSDARP00000112824	994	18
1500344	7955.ENSDARP00000109625	386	240
1490732	7955.ENSDARP00000077445	104	18
1486642	7955.ENSDARP00000055185	1318	13
1491394	7955.ENSDARP00000082219	3.04	1
1505586	7955.ENSDARP00000121740	3.82	1
1505360	7955.ENSDARP00000121180	4.52	1
1499193	7955.ENSDARP00000107603	14.6	12
1493737	7955.ENSDARP00000094590	565	34
1501072	7955.ENSDARP00000110869	363	91
1482705	7955.ENSDARP00000014799	20.8	2
1483484	7955.ENSDARP00000022310	65.2	4
1506332	7955.ENSDARP00000123671	66.9	3
1490745	7955.ENSDARP00000077564	16.6	3
1505351	7955.ENSDARP00000121163	38.9	6
1482739	7955.ENSDARP00000015065	80.7	9
1483583	7955.ENSDARP00000023158	180	54
1499830	7955.ENSDARP00000108711	288	61
1496106	7955.ENSDARP00000101412	13.0	12
1505141	7955.ENSDARP00000120580	130	5
1499563	7955.ENSDARP00000108249	821	13
1505053	7955.ENSDARP00000120344	1042	19
1483619	7955.ENSDARP00000023524	132	25
1482006	7955.ENSDARP00000008246	20.6	2
1487780	7955.ENSDARP00000062134	19.0	2
1496968	7955.ENSDARP00000103461	96.6	37
1502086	7955.ENSDARP00000112646	20.1	1
1484670	7955.ENSDARP00000036010	11.4	1
1482307	7955.ENSDARP00000011145	67.7	6
1482308	7955.ENSDARP00000011148	2072	67
1485122	7955.ENSDARP00000041423	34.4	5
1491606	7955.ENSDARP00000083766	70.7	6
1491605	7955.ENSDARP00000083765	27.2	6
1486753	7955.ENSDARP00000055809	81.5	7
1485525	7955.ENSDARP00000045696	650	27
1490454	7955.ENSDARP00000076087	338	8
1485130	7955.ENSDARP00000041514	77.7	12
1499164	7955.ENSDARP00000107557	20.0	1
1483206	7955.ENSDARP00000019416	0.477	1
1495618	7955.ENSDARP00000100272	154	7
1496518	7955.ENSDARP00000102398	867	155
1487761	7955.ENSDARP00000061957	1887	49
1484025	7955.ENSDARP00000027268	67.9	5
1495046	7955.ENSDARP00000098935	54.5	5
1503141	7955.ENSDARP00000115443	1180	17
1483518	7955.ENSDARP00000022552	3182	78
1506186	7955.ENSDARP00000123299	109	73
1486325	7955.ENSDARP00000053151	278	33
1485666	7955.ENSDARP00000047205	8.71	3
1486937	7955.ENSDARP00000056918	14.1	5
1485665	7955.ENSDARP00000047200	93.8	29
1492554	7955.ENSDARP00000089477	4.98	2
1492553	7955.ENSDARP00000089476	39.9	23
1488547	7955.ENSDARP00000066630	706	44
1501337	7955.ENSDARP00000111298	190	123
1499073	7955.ENSDARP00000107398	12.8	1
1485471	7955.ENSDARP00000045182	37.5	8
1488706	7955.ENSDARP00000067432	29.8	6
1490257	7955.ENSDARP00000075204	47.0	6
1490117	7955.ENSDARP00000074475	486	23
1507056	7955.ENSDARP00000125625	952	109
1486369	7955.ENSDARP00000053398	307	30
1482148	7955.ENSDARP00000009670	15.1	1
1482732	7955.ENSDARP00000015008	190	4
1496586	7955.ENSDARP00000102559	72.2	5
1485049	7955.ENSDARP00000040644	11.5	3
1498313	7955.ENSDARP00000106047	7.61	2
1492877	7955.ENSDARP00000090929	12.9	1
1484369	7955.ENSDARP00000032037	66.9	2
1490291	7955.ENSDARP00000075348	201	49
1481695	7955.ENSDARP00000005361	203	6
1483321	7955.ENSDARP00000020578	20.8	1
1488863	7955.ENSDARP00000068144	664	330
1486619	7955.ENSDARP00000055061	12.5	1
1485164	7955.ENSDARP00000041841	241	7
1483334	7955.ENSDARP00000020775	1274	123
1485287	7955.ENSDARP00000043172	8177	176
1488304	7955.ENSDARP00000065102	8.84	3
1483333	7955.ENSDARP00000020770	1263	295
1486620	7955.ENSDARP00000055063	19.7	3
1495253	7955.ENSDARP00000099418	65.9	2
1502240	7955.ENSDARP00000113061	1.69	2
1483972	7955.ENSDARP00000026805	7.21	1
1483258	7955.ENSDARP00000019957	0.387	2
1498029	7955.ENSDARP00000105555	5.64	1
1483756	7955.ENSDARP00000024667	1231	193
1492573	7955.ENSDARP00000089612	1380	53
1487623	7955.ENSDARP00000061000	3565	235
1491066	7955.ENSDARP00000079877	109	18
1485269	7955.ENSDARP00000043001	40.1	6
1495355	7955.ENSDARP00000099636	4.11	1
1495356	7955.ENSDARP00000099639	82.0	5
1502938	7955.ENSDARP00000114891	51.4	11
1493355	7955.ENSDARP00000093027	235	145
1489168	7955.ENSDARP00000069708	391	6
1487688	7955.ENSDARP00000061480	196	9
1485754	7955.ENSDARP00000048280	55.6	7
1482076	7955.ENSDARP00000009052	371	40
1492190	7955.ENSDARP00000087874	877	16
1492189	7955.ENSDARP00000087873	389	8
1492188	7955.ENSDARP00000087872	4756	99
1492186	7955.ENSDARP00000087870	224	9
1481758	7955.ENSDARP00000005968	55.8	8
1493538	7955.ENSDARP00000093801	119	123
1492125	7955.ENSDARP00000087500	432	21
1485179	7955.ENSDARP00000041992	520	33
1504448	7955.ENSDARP00000118774	999	333
1485976	7955.ENSDARP00000050846	48.5	8
1489835	7955.ENSDARP00000073108	176	14
1489832	7955.ENSDARP00000073100	770	30
1490398	7955.ENSDARP00000075835	47.5	11
1490173	7955.ENSDARP00000074789	100	6
1502708	7955.ENSDARP00000114309	8.1	1
1483690	7955.ENSDARP00000024082	10.1	2
1483691	7955.ENSDARP00000024085	61.5	2
1487913	7955.ENSDARP00000062851	187	11
1493536	7955.ENSDARP00000093791	190	123
1493535	7955.ENSDARP00000093790	687	18
1504309	7955.ENSDARP00000118435	34.7	3
1491365	7955.ENSDARP00000082023	2.35	1
1505783	7955.ENSDARP00000122226	22.5	3
1484134	7955.ENSDARP00000028571	371	53
1484270	7955.ENSDARP00000030555	18.5	4
1481528	7955.ENSDARP00000003738	525	69
1501647	7955.ENSDARP00000111851	687	18
1494196	7955.ENSDARP00000096504	3844	384
1484500	7955.ENSDARP00000033600	2717	33
1500213	7955.ENSDARP00000109385	42.2	23
1499381	7955.ENSDARP00000107925	825	28
1503030	7955.ENSDARP00000115147	1022	34
1483450	7955.ENSDARP00000022030	1057	65
1494070	7955.ENSDARP00000095989	18.9	1
1481464	7955.ENSDARP00000003281	229	15
1493253	7955.ENSDARP00000092510	82.0	5
1497774	7955.ENSDARP00000105094	633	283
1493164	7955.ENSDARP00000092179	1227	59
1482485	7955.ENSDARP00000012558	158	4
1500404	7955.ENSDARP00000109722	0.137	1
1500403	7955.ENSDARP00000109720	11.6	3
1490036	7955.ENSDARP00000074011	8.33	1
1504335	7955.ENSDARP00000118509	8.62	2
1489218	7955.ENSDARP00000070001	0.399	1
1489219	7955.ENSDARP00000070002	1454	157
1489220	7955.ENSDARP00000070003	63.3	13
1491945	7955.ENSDARP00000086306	0.73	1
1505531	7955.ENSDARP00000121623	308	25
1488244	7955.ENSDARP00000064708	15.4	2
1486503	7955.ENSDARP00000054289	808	81
1499728	7955.ENSDARP00000108521	673	41
1482873	7955.ENSDARP00000016279	325	35
1488443	7955.ENSDARP00000065939	27.8	1
1499185	7955.ENSDARP00000107585	507	213
1483546	7955.ENSDARP00000022789	34.4	2
1504574	7955.ENSDARP00000119108	15.3	8
1482070	7955.ENSDARP00000008913	7.98	1
1482533	7955.ENSDARP00000012950	104	8
1493229	7955.ENSDARP00000092429	136	17
1493881	7955.ENSDARP00000095187	43.6	4
1497373	7955.ENSDARP00000104382	9.84	3
1483663	7955.ENSDARP00000023819	72.9	9
1484764	7955.ENSDARP00000037286	13.7	1
1499665	7955.ENSDARP00000108417	363	91
1506828	7955.ENSDARP00000125193	3.23	1
1490337	7955.ENSDARP00000075601	188	7
1499394	7955.ENSDARP00000107946	507	213
1502024	7955.ENSDARP00000112496	157	18
1493173	7955.ENSDARP00000092223	169	20
1498819	7955.ENSDARP00000106947	8.02	3
1498815	7955.ENSDARP00000106941	184	47
1505358	7955.ENSDARP00000121177	5.62	1
1499928	7955.ENSDARP00000108896	32.3	5
1498262	7955.ENSDARP00000105960	67.1	17
1497274	7955.ENSDARP00000104168	166	16
1482810	7955.ENSDARP00000015781	114	9
1496099	7955.ENSDARP00000101401	126	3
1496102	7955.ENSDARP00000101406	40.0	2
1507303	7955.ENSDARP00000126252	996	77
1499250	7955.ENSDARP00000107702	190	123
1487784	7955.ENSDARP00000062147	1.08	1
1483194	7955.ENSDARP00000019311	58.0	3
1484557	7955.ENSDARP00000034396	4.52	1
1493928	7955.ENSDARP00000095363	88.0	14
1486042	7955.ENSDARP00000051361	16.0	49
1482170	7955.ENSDARP00000009909	787	103
1482196	7955.ENSDARP00000010155	221	14
1492241	7955.ENSDARP00000088086	3.79	2
1498074	7955.ENSDARP00000105632	81.4	17
1498911	7955.ENSDARP00000107122	276	210
1484305	7955.ENSDARP00000031042	0.493	1
1505438	7955.ENSDARP00000121373	1017	49
1488563	7955.ENSDARP00000066759	33.5	4
1485419	7955.ENSDARP00000044598	22.2	3
1493877	7955.ENSDARP00000095167	210	4
1503143	7955.ENSDARP00000115456	12.4	2
1497378	7955.ENSDARP00000104399	363	91
1487969	7955.ENSDARP00000063099	44.9	16
1482043	7955.ENSDARP00000008646	1876	423
1486857	7955.ENSDARP00000056459	12.7	2
1498975	7955.ENSDARP00000107232	356	91
1482264	7955.ENSDARP00000010840	5.01	4
1488639	7955.ENSDARP00000067085	35.7	2
1498977	7955.ENSDARP00000107234	363	91
1498981	7955.ENSDARP00000107238	5.88	4
1504913	7955.ENSDARP00000120028	218	25
1487748	7955.ENSDARP00000061837	137	14
1499915	7955.ENSDARP00000108873	80.7	9
1481978	7955.ENSDARP00000007995	1.17	1
1501767	7955.ENSDARP00000112070	34.8	15
1482139	7955.ENSDARP00000009605	85.9	9
1489321	7955.ENSDARP00000070488	310	62
1491180	7955.ENSDARP00000080695	21.9	2
1497681	7955.ENSDARP00000104940	86.4	5
1491181	7955.ENSDARP00000080698	76.8	5
1487477	7955.ENSDARP00000060161	160	6
1489399	7955.ENSDARP00000070950	247	24
1487478	7955.ENSDARP00000060165	1621	184
1481278	7955.ENSDARP00000000070	390	9
1485192	7955.ENSDARP00000042161	287	12
1487522	7955.ENSDARP00000060362	2659	164
1492825	7955.ENSDARP00000090664	746	13
1492195	7955.ENSDARP00000087879	108	12
1496810	7955.ENSDARP00000103087	516	13
1497128	7955.ENSDARP00000103819	363	91
1491309	7955.ENSDARP00000081585	183	22
1489661	7955.ENSDARP00000072408	40.6	1
1503480	7955.ENSDARP00000116310	460	24
1493596	7955.ENSDARP00000094017	386	47
1506643	7955.ENSDARP00000124670	129	11
1506644	7955.ENSDARP00000124672	42.4	6
1506033	7955.ENSDARP00000122889	17.9	2
1486958	7955.ENSDARP00000057089	975	41
1487846	7955.ENSDARP00000062522	3272	72
1487646	7955.ENSDARP00000061164	2384	1310
1488864	7955.ENSDARP00000068153	144	46
1486173	7955.ENSDARP00000052292	334	4
1483046	7955.ENSDARP00000017792	22.9	3
1485214	7955.ENSDARP00000042367	137	4
1486742	7955.ENSDARP00000055741	6.24	2
1483984	7955.ENSDARP00000026870	1355	121
1487495	7955.ENSDARP00000060242	3.07	2
1498036	7955.ENSDARP00000105565	63.9	4
1496691	7955.ENSDARP00000102816	0.388	1
1494498	7955.ENSDARP00000097665	87.5	18
1488112	7955.ENSDARP00000063949	18.5	4
1493383	7955.ENSDARP00000093164	2.8	2
1500699	7955.ENSDARP00000110252	0.061	1
1482034	7955.ENSDARP00000008513	98.8	26
1482824	7955.ENSDARP00000015884	140	5
1503880	7955.ENSDARP00000117370	110	17
1481949	7955.ENSDARP00000007735	119	15
1490210	7955.ENSDARP00000074935	67.0	57
1490098	7955.ENSDARP00000074330	62.5	10
1488791	7955.ENSDARP00000067865	5864	105
1482334	7955.ENSDARP00000011311	48.5	8
1484640	7955.ENSDARP00000035541	470	17
1484067	7955.ENSDARP00000027695	177	13
1496692	7955.ENSDARP00000102826	21.8	2
1495701	7955.ENSDARP00000100443	23.9	2
1483371	7955.ENSDARP00000021124	6.5	2
1502529	7955.ENSDARP00000113858	36.8	16
1502712	7955.ENSDARP00000114317	10.3	2
1494922	7955.ENSDARP00000098664	90.3	9
1481433	7955.ENSDARP00000003038	26.5	8
1493307	7955.ENSDARP00000092760	210	20
1486244	7955.ENSDARP00000052637	650	78
1481430	7955.ENSDARP00000003030	19.2	2
1488358	7955.ENSDARP00000065396	227	12
1497178	7955.ENSDARP00000103937	178	123
1506253	7955.ENSDARP00000123473	9.39	1
1487030	7955.ENSDARP00000057518	10.1	1
1487243	7955.ENSDARP00000058736	716	18
1503442	7955.ENSDARP00000116215	274	7
1484531	7955.ENSDARP00000034077	57.7	9
1484423	7955.ENSDARP00000032730	49.4	10
1493523	7955.ENSDARP00000093747	340	91
1493293	7955.ENSDARP00000092698	2.05	1
1484131	7955.ENSDARP00000028543	598	125
1489651	7955.ENSDARP00000072376	464	24
1506755	7955.ENSDARP00000125056	482	32
1484171	7955.ENSDARP00000029090	65.1	14
1494207	7955.ENSDARP00000096533	73.2	12
1500238	7955.ENSDARP00000109429	39.7	15
1486499	7955.ENSDARP00000054237	203	6
1490115	7955.ENSDARP00000074464	1175	111
1500527	7955.ENSDARP00000109936	13.4	12
1500217	7955.ENSDARP00000109390	34.5	5
1500412	7955.ENSDARP00000109737	951	66
1482416	7955.ENSDARP00000012019	434	2
1482415	7955.ENSDARP00000012018	28.0	2
1504750	7955.ENSDARP00000119598	44.5	4
1487843	7955.ENSDARP00000062517	6148	318
1504135	7955.ENSDARP00000117990	135	6
1489223	7955.ENSDARP00000070011	2410	90
1485934	7955.ENSDARP00000050295	310	7
1496128	7955.ENSDARP00000101467	507	213
1493169	7955.ENSDARP00000092188	168	12
1501367	7955.ENSDARP00000111347	24.3	6
1501366	7955.ENSDARP00000111346	8.09	1
1482865	7955.ENSDARP00000016201	115	10
1485933	7955.ENSDARP00000050270	131	21
1484798	7955.ENSDARP00000037670	122	8
1504598	7955.ENSDARP00000119179	163	148
1493884	7955.ENSDARP00000095196	614	25
1505743	7955.ENSDARP00000122141	5020	103
1505855	7955.ENSDARP00000122416	161	4
1505744	7955.ENSDARP00000122142	1.58	1
1485967	7955.ENSDARP00000050670	65.8	9
1499696	7955.ENSDARP00000108467	31.4	4
1490539	7955.ENSDARP00000076404	703	39
1499695	7955.ENSDARP00000108465	363	91
1498217	7955.ENSDARP00000105884	10.6	2
1481396	7955.ENSDARP00000002746	0.566	1
1494607	7955.ENSDARP00000097937	9.98	1
1497474	7955.ENSDARP00000104575	102	18
1499697	7955.ENSDARP00000108469	5.84	2
1484910	7955.ENSDARP00000038975	241	19
1487089	7955.ENSDARP00000057868	2770	271
1483655	7955.ENSDARP00000023774	497	49
1501874	7955.ENSDARP00000112247	249	13
1483505	7955.ENSDARP00000022486	77.0	7
1493690	7955.ENSDARP00000094372	64.1	13
1494190	7955.ENSDARP00000096468	195	7
1490211	7955.ENSDARP00000074936	2609	235
1483585	7955.ENSDARP00000023177	1665	70
1493832	7955.ENSDARP00000094991	62.9	16
1506876	7955.ENSDARP00000125277	85.2	2
1487785	7955.ENSDARP00000062152	657	9
1499580	7955.ENSDARP00000108280	219	9
1499587	7955.ENSDARP00000108289	87.9	80
1490179	7955.ENSDARP00000074801	3.3	1
1498768	7955.ENSDARP00000106848	287	96
1488594	7955.ENSDARP00000066929	522	30
1488506	7955.ENSDARP00000066381	365	3
1488507	7955.ENSDARP00000066382	118	3
1488508	7955.ENSDARP00000066383	30.7	8
1482276	7955.ENSDARP00000010925	98.8	26
1482275	7955.ENSDARP00000010921	286	142
1484274	7955.ENSDARP00000030612	215	15
1485131	7955.ENSDARP00000041530	1647	37
1498855	7955.ENSDARP00000107004	95.8	15
1485132	7955.ENSDARP00000041532	0.389	1
1505187	7955.ENSDARP00000120702	3.25	1
1495626	7955.ENSDARP00000100290	2.68	4
1485087	7955.ENSDARP00000041087	319	20
1484813	7955.ENSDARP00000037812	579	33
1483642	7955.ENSDARP00000023681	35.5	2
1489558	7955.ENSDARP00000071946	12.3	6
1483608	7955.ENSDARP00000023429	788	279
1482667	7955.ENSDARP00000014351	18.1	3
1489772	7955.ENSDARP00000072849	12.0	1
1492955	7955.ENSDARP00000091324	81.0	41
1498126	7955.ENSDARP00000105718	1.84	1
1484947	7955.ENSDARP00000039450	59.1	9
1485672	7955.ENSDARP00000047268	1042	19
1505412	7955.ENSDARP00000121324	0.536	1
1486770	7955.ENSDARP00000055912	190	123
1498549	7955.ENSDARP00000106441	7.09	30
1492908	7955.ENSDARP00000091054	41.1	12
1496463	7955.ENSDARP00000102286	2.56	2
1485639	7955.ENSDARP00000046982	19.5	2
1485195	7955.ENSDARP00000042199	22.5	5
1497059	7955.ENSDARP00000103658	315	15
1494197	7955.ENSDARP00000096509	529	126
1501096	7955.ENSDARP00000110906	294	16
1489201	7955.ENSDARP00000069948	8.42	1
1489398	7955.ENSDARP00000070941	31.6	9
1483248	7955.ENSDARP00000019888	305	253
1483226	7955.ENSDARP00000019686	2.39	1
1482977	7955.ENSDARP00000017257	3259	395
1488804	7955.ENSDARP00000067896	687	18
1488803	7955.ENSDARP00000067895	363	91
1488802	7955.ENSDARP00000067894	73.7	10
1488801	7955.ENSDARP00000067893	363	91
1488800	7955.ENSDARP00000067891	363	91
1489378	7955.ENSDARP00000070803	939	33
1498675	7955.ENSDARP00000106669	190	123
1485478	7955.ENSDARP00000045252	2151	265
1493461	7955.ENSDARP00000093476	12.1	1
1495214	7955.ENSDARP00000099321	687	18
1506038	7955.ENSDARP00000122897	11.0	1
1485588	7955.ENSDARP00000046442	20.6	29
1483752	7955.ENSDARP00000024643	10661	671
1496292	7955.ENSDARP00000101871	90.0	2
1484163	7955.ENSDARP00000028970	53.9	14
1496613	7955.ENSDARP00000102632	4.22	1
1503728	7955.ENSDARP00000116965	37.7	2
1484727	7955.ENSDARP00000036825	94.9	18
1481693	7955.ENSDARP00000005344	3.47	1
1492870	7955.ENSDARP00000090877	5.35	1
1488202	7955.ENSDARP00000064470	12.5	12
1487706	7955.ENSDARP00000061623	17.3	21
1502233	7955.ENSDARP00000113049	117	17
1482050	7955.ENSDARP00000008690	171	62
1498325	7955.ENSDARP00000106067	3567	296
1486190	7955.ENSDARP00000052354	57.5	21
1486191	7955.ENSDARP00000052356	294	30
1501715	7955.ENSDARP00000111973	190	123
1506680	7955.ENSDARP00000124804	1472	22
1482027	7955.ENSDARP00000008455	367	35
1494691	7955.ENSDARP00000098122	30.2	36
1487450	7955.ENSDARP00000060004	1255	21
1503586	7955.ENSDARP00000116589	70.6	9
1486630	7955.ENSDARP00000055135	262	241
1484925	7955.ENSDARP00000039143	8186	158
1489501	7955.ENSDARP00000071646	5.29	1
1484593	7955.ENSDARP00000034918	25.4	2
1494403	7955.ENSDARP00000097435	230	12
1484490	7955.ENSDARP00000033498	74.9	9
1483123	7955.ENSDARP00000018594	983	5
1501618	7955.ENSDARP00000111801	37.6	4
1483989	7955.ENSDARP00000026915	21.5	3
1494335	7955.ENSDARP00000097050	422	96
1487064	7955.ENSDARP00000057698	40.4	21
1492033	7955.ENSDARP00000086897	57.2	2
1504529	7955.ENSDARP00000118986	81.6	21
1496697	7955.ENSDARP00000102837	2.45	1
1497811	7955.ENSDARP00000105168	507	213
1482719	7955.ENSDARP00000014921	6.86	4
1506138	7955.ENSDARP00000123163	57.9	4
1482194	7955.ENSDARP00000010116	520	32
1495890	7955.ENSDARP00000100908	4.69	3
1487326	7955.ENSDARP00000059230	17.6	3
1485981	7955.ENSDARP00000050864	118	9
1494304	7955.ENSDARP00000096898	67.0	57
1484434	7955.ENSDARP00000032834	449	63
1500756	7955.ENSDARP00000110339	58.6	6
1492416	7955.ENSDARP00000088868	2.9	6
1494755	7955.ENSDARP00000098279	268	31
1482710	7955.ENSDARP00000014849	147	7
1487629	7955.ENSDARP00000061057	30.7	31
1504219	7955.ENSDARP00000118188	35.7	4
1497925	7955.ENSDARP00000105368	26.6	10
1481744	7955.ENSDARP00000005837	4529	30
1484142	7955.ENSDARP00000028689	81.0	17
1485724	7955.ENSDARP00000047901	32.4	7
1483364	7955.ENSDARP00000021064	156	44
1501849	7955.ENSDARP00000112199	4730	187
1487921	7955.ENSDARP00000062897	446	43
1501009	7955.ENSDARP00000110759	327	91
1502766	7955.ENSDARP00000114437	359	175
1486426	7955.ENSDARP00000053775	4460	130
1486425	7955.ENSDARP00000053774	244	71
1504210	7955.ENSDARP00000118166	4.12	2
1502657	7955.ENSDARP00000114189	10.3	2
1485802	7955.ENSDARP00000048820	6.83	4
1487821	7955.ENSDARP00000062382	259	70
1481597	7955.ENSDARP00000004404	16.9	2
1481596	7955.ENSDARP00000004394	29.5	32
1501491	7955.ENSDARP00000111590	8.6	2
1483725	7955.ENSDARP00000024354	10.7	4
1500141	7955.ENSDARP00000109257	507	213
1500047	7955.ENSDARP00000109099	23.1	1
1492520	7955.ENSDARP00000089338	23.0	9
1505532	7955.ENSDARP00000121626	66.3	5
1504132	7955.ENSDARP00000117985	6867	523
1505674	7955.ENSDARP00000121973	162	9
1482064	7955.ENSDARP00000008857	905	104
1494168	7955.ENSDARP00000096411	20.3	5
1494167	7955.ENSDARP00000096410	110	27
1501483	7955.ENSDARP00000111579	2.56	2
1501691	7955.ENSDARP00000111930	507	213
1506514	7955.ENSDARP00000124248	344	14
1500032	7955.ENSDARP00000109071	507	213
1504592	7955.ENSDARP00000119169	10.1	1
1485570	7955.ENSDARP00000046208	636	9
1482405	7955.ENSDARP00000011882	6.51	1
1504263	7955.ENSDARP00000118326	67.1	35
1506618	7955.ENSDARP00000124593	14.2	1
1506583	7955.ENSDARP00000124450	9.36	1
1490541	7955.ENSDARP00000076414	4.83	1
1495986	7955.ENSDARP00000101144	2.82	1
1483171	7955.ENSDARP00000019087	36.9	7
1483021	7955.ENSDARP00000017622	1298	123
1501416	7955.ENSDARP00000111451	161	34
1482766	7955.ENSDARP00000015328	612	40
1486553	7955.ENSDARP00000054618	57.7	9
1493183	7955.ENSDARP00000092246	38.3	3
1482765	7955.ENSDARP00000015326	672	17
1486922	7955.ENSDARP00000056852	3.43	9
1485862	7955.ENSDARP00000049424	953	84
1494038	7955.ENSDARP00000095811	92.0	16
1506302	7955.ENSDARP00000123601	115	111
1499781	7955.ENSDARP00000108614	0.208	1
1503205	7955.ENSDARP00000115589	87.2	8
1490716	7955.ENSDARP00000077328	122	3
1490493	7955.ENSDARP00000076230	15.0	21
1482435	7955.ENSDARP00000012198	89.1	5
1492624	7955.ENSDARP00000089804	11.3	2
1498277	7955.ENSDARP00000105982	12.7	13
1499775	7955.ENSDARP00000108601	24.4	2
1487816	7955.ENSDARP00000062362	23.4	2
1495497	7955.ENSDARP00000099985	2.01	1
1482248	7955.ENSDARP00000010686	235	14
1489894	7955.ENSDARP00000073415	4.79	13
1487818	7955.ENSDARP00000062369	275	244
1481507	7955.ENSDARP00000003571	288	22
1492907	7955.ENSDARP00000091049	801	22
1498770	7955.ENSDARP00000106853	31.4	7
1493936	7955.ENSDARP00000095384	10.4	6
1488518	7955.ENSDARP00000066429	237	201
1482225	7955.ENSDARP00000010419	36.1	2
1491090	7955.ENSDARP00000080059	0.25	1
1486873	7955.ENSDARP00000056582	164	10
1499478	7955.ENSDARP00000108108	319	20
1497510	7955.ENSDARP00000104630	363	91
1485578	7955.ENSDARP00000046296	3.05	1
1489379	7955.ENSDARP00000070807	1210	136
1486338	7955.ENSDARP00000053207	1796	40
1499184	7955.ENSDARP00000107584	39.8	3
1483429	7955.ENSDARP00000021850	37.8	2
1486776	7955.ENSDARP00000055964	26.4	7
1482046	7955.ENSDARP00000008663	74.7	10
1499605	7955.ENSDARP00000108316	40.4	9
1498155	7955.ENSDARP00000105768	6.45	1
1485090	7955.ENSDARP00000041141	42.2	34
1486610	7955.ENSDARP00000054986	1739	449
1495642	7955.ENSDARP00000100331	484	6
1503892	7955.ENSDARP00000117392	56.0	11
1485248	7955.ENSDARP00000042765	1507	172
1498841	7955.ENSDARP00000106981	2.76	2
1488009	7955.ENSDARP00000063383	477	52
1498560	7955.ENSDARP00000106457	19.4	3
1483082	7955.ENSDARP00000018064	82.5	8
1493692	7955.ENSDARP00000094384	5.58	2
1501905	7955.ENSDARP00000112295	455	18
1499902	7955.ENSDARP00000108853	11.7	1
1481984	7955.ENSDARP00000008063	9.78	2
1481954	7955.ENSDARP00000007794	17.1	4
1506636	7955.ENSDARP00000124654	89.5	12
1502421	7955.ENSDARP00000113541	190	123
1482976	7955.ENSDARP00000017246	14.5	3
1485317	7955.ENSDARP00000043498	52.8	9
1488744	7955.ENSDARP00000067603	234	62
1487551	7955.ENSDARP00000060549	107	3
1485456	7955.ENSDARP00000045068	17.6	4
1496656	7955.ENSDARP00000102749	363	91
1486119	7955.ENSDARP00000051848	469	32
1503504	7955.ENSDARP00000116372	0.8	8
1496287	7955.ENSDARP00000101862	507	213
1497095	7955.ENSDARP00000103737	0.615	1
1496289	7955.ENSDARP00000101866	55.2	13
1496601	7955.ENSDARP00000102600	703	16
1483112	7955.ENSDARP00000018458	194	32
1491299	7955.ENSDARP00000081541	3.94	5
1492852	7955.ENSDARP00000090804	535	105
1483313	7955.ENSDARP00000020522	1.33	1
1491300	7955.ENSDARP00000081544	1.57	3
1487644	7955.ENSDARP00000061148	424	242
1488200	7955.ENSDARP00000064461	3.03	1
1503580	7955.ENSDARP00000116574	363	91
1501708	7955.ENSDARP00000111961	181	15
1501709	7955.ENSDARP00000111963	101	12
1498331	7955.ENSDARP00000106078	4.48	1
1495257	7955.ENSDARP00000099423	19.4	2
1483872	7955.ENSDARP00000025776	29.9	5
1487264	7955.ENSDARP00000058889	240	38
1489134	7955.ENSDARP00000069533	14.8	1
1483156	7955.ENSDARP00000018923	196	53
1483260	7955.ENSDARP00000019981	37.6	4
1485643	7955.ENSDARP00000047012	90.1	6
1481754	7955.ENSDARP00000005930	318	33
1483702	7955.ENSDARP00000024189	2995	42
1495833	7955.ENSDARP00000100781	80.7	3
1503589	7955.ENSDARP00000116598	69.6	8
1486433	7955.ENSDARP00000053833	161	13
1481347	7955.ENSDARP00000002234	72.9	18
1503593	7955.ENSDARP00000116604	762	89
1499872	7955.ENSDARP00000108791	1033	221
1487307	7955.ENSDARP00000059139	50.3	4
1500857	7955.ENSDARP00000110501	5.21	1
1494400	7955.ENSDARP00000097423	6.42	1
1501625	7955.ENSDARP00000111811	528	23
1488773	7955.ENSDARP00000067761	14.6	4
1495098	7955.ENSDARP00000099044	11.7	5
1483991	7955.ENSDARP00000026922	14.9	3
1503905	7955.ENSDARP00000117422	1259	45
1483245	7955.ENSDARP00000019859	517	39
1494528	7955.ENSDARP00000097735	557	16
1487260	7955.ENSDARP00000058875	62.8	21
1482992	7955.ENSDARP00000017410	898	41
1497834	7955.ENSDARP00000105213	7.93	1
1486158	7955.ENSDARP00000052125	226	27
1488194	7955.ENSDARP00000064399	73.7	10
1486805	7955.ENSDARP00000056131	139	7
1488192	7955.ENSDARP00000064392	80.4	1
1504896	7955.ENSDARP00000119977	46.1	9
1504894	7955.ENSDARP00000119975	343	4
1492093	7955.ENSDARP00000087338	5.4	2
1500665	7955.ENSDARP00000110186	37.6	6
1483819	7955.ENSDARP00000025342	122	11
1481767	7955.ENSDARP00000006047	1494	210
1487323	7955.ENSDARP00000059226	222	12
1485784	7955.ENSDARP00000048631	13.3	4
1483397	7955.ENSDARP00000021453	149	25
1490387	7955.ENSDARP00000075802	325	11
1501580	7955.ENSDARP00000111742	4781	622
1487832	7955.ENSDARP00000062428	9.24	1
1497170	7955.ENSDARP00000103912	113	3
1504438	7955.ENSDARP00000118753	150	13
1499120	7955.ENSDARP00000107491	364	211
1504441	7955.ENSDARP00000118756	13.0	2
1486007	7955.ENSDARP00000051054	421	14
1493163	7955.ENSDARP00000092178	6.42	2
1493415	7955.ENSDARP00000093291	21.3	1
1484529	7955.ENSDARP00000034052	95.7	9
1497929	7955.ENSDARP00000105375	5.87	4
1487853	7955.ENSDARP00000062550	0.587	1
1496077	7955.ENSDARP00000101336	7.0	1
1487856	7955.ENSDARP00000062555	640	29
1481529	7955.ENSDARP00000003744	466	88
1482587	7955.ENSDARP00000013441	2319	373
1501217	7955.ENSDARP00000111108	27.1	6
1487120	7955.ENSDARP00000058066	25.7	1
1489044	7955.ENSDARP00000069063	47.9	8
1482726	7955.ENSDARP00000014978	843	180
1494840	7955.ENSDARP00000098482	274	39
1486838	7955.ENSDARP00000056318	1201	24
1490042	7955.ENSDARP00000074043	41.0	2
1495964	7955.ENSDARP00000101076	6.0	2
1491949	7955.ENSDARP00000086334	44.3	3
1483937	7955.ENSDARP00000026454	27.4	2
1505485	7955.ENSDARP00000121497	8.39	1
1500494	7955.ENSDARP00000109883	46.1	43
1502795	7955.ENSDARP00000114512	84.1	3
1501479	7955.ENSDARP00000111567	8.65	1
1503001	7955.ENSDARP00000115067	118	8
1487173	7955.ENSDARP00000058402	234	36
1500496	7955.ENSDARP00000109888	49.5	15
1486287	7955.ENSDARP00000052906	7.35	1
1494032	7955.ENSDARP00000095774	7.07	4
1482868	7955.ENSDARP00000016228	106	13
1499769	7955.ENSDARP00000108591	116	20
1504281	7955.ENSDARP00000118370	167	14
1483802	7955.ENSDARP00000025160	111	9
1482500	7955.ENSDARP00000012691	52.6	4
1501802	7955.ENSDARP00000112120	4.74	1
1486747	7955.ENSDARP00000055756	1.78	2
1506989	7955.ENSDARP00000125496	3.23	1
1486276	7955.ENSDARP00000052837	275	244
1506988	7955.ENSDARP00000125495	299	41
1494037	7955.ENSDARP00000095806	10.5	8
1493794	7955.ENSDARP00000094826	182	6
1502173	7955.ENSDARP00000112917	590	27
1485836	7955.ENSDARP00000049166	247	9
1502154	7955.ENSDARP00000112865	160	9
1498284	7955.ENSDARP00000105998	25.9	1
1485811	7955.ENSDARP00000048858	16.8	2
1496217	7955.ENSDARP00000101694	69.1	16
1491405	7955.ENSDARP00000082327	507	213
1502193	7955.ENSDARP00000112952	107	4
1482434	7955.ENSDARP00000012186	276	36
1487121	7955.ENSDARP00000058083	352	16
1486716	7955.ENSDARP00000055592	0.365	1
1499273	7955.ENSDARP00000107737	687	18
1487132	7955.ENSDARP00000058161	24.8	3
1497271	7955.ENSDARP00000104161	330	20
1489594	7955.ENSDARP00000072130	2.65	3
1485557	7955.ENSDARP00000046049	440	17
1483783	7955.ENSDARP00000024981	55.0	4
1485830	7955.ENSDARP00000049098	0.572	1
1497861	7955.ENSDARP00000105266	40.7	1
1499937	7955.ENSDARP00000108912	102	5
1483524	7955.ENSDARP00000022592	753	35
1483525	7955.ENSDARP00000022595	260	12
1493940	7955.ENSDARP00000095394	123	18
1485385	7955.ENSDARP00000044183	1.31	1
1490464	7955.ENSDARP00000076115	10.7	3
1493769	7955.ENSDARP00000094733	9.47	4
1494820	7955.ENSDARP00000098432	190	123
1487990	7955.ENSDARP00000063175	7.07	1
1499494	7955.ENSDARP00000108139	230	29
1496152	7955.ENSDARP00000101525	190	123
1499787	7955.ENSDARP00000108627	4.03	1
1489640	7955.ENSDARP00000072334	248	20
1484618	7955.ENSDARP00000035273	1939	30
1482936	7955.ENSDARP00000016879	23.0	4
1484404	7955.ENSDARP00000032453	92.6	3
1498863	7955.ENSDARP00000107028	507	213
1486344	7955.ENSDARP00000053239	55.6	7
1484405	7955.ENSDARP00000032456	90.8	21
1489560	7955.ENSDARP00000071960	86.0	4
1488590	7955.ENSDARP00000066897	2349	61
1482688	7955.ENSDARP00000014578	115	20
1482185	7955.ENSDARP00000010055	3652	130
1485900	7955.ENSDARP00000049899	136	6
1498905	7955.ENSDARP00000107110	1814	220
1487782	7955.ENSDARP00000062142	386	73
1486607	7955.ENSDARP00000054976	0.253	1
1486778	7955.ENSDARP00000055970	7.51	2
1486780	7955.ENSDARP00000055972	183	56
1484821	7955.ENSDARP00000037906	33.7	4
1483145	7955.ENSDARP00000018819	1289	168
1499890	7955.ENSDARP00000108828	363	91
1482132	7955.ENSDARP00000009555	18.4	2
1496672	7955.ENSDARP00000102775	190	123
1490280	7955.ENSDARP00000075304	75.4	7
1498430	7955.ENSDARP00000106245	507	213
1483061	7955.ENSDARP00000017908	116	20
1485139	7955.ENSDARP00000041608	68.5	6
1497667	7955.ENSDARP00000104918	363	91
1498791	7955.ENSDARP00000106887	599	10
1491678	7955.ENSDARP00000084277	994	18
1493930	7955.ENSDARP00000095367	5.84	1
1487166	7955.ENSDARP00000058369	3.02	1
1493777	7955.ENSDARP00000094762	151	13
1493809	7955.ENSDARP00000094888	33.2	2
1483743	7955.ENSDARP00000024560	408	82
1496282	7955.ENSDARP00000101853	114	7
1493067	7955.ENSDARP00000091816	4154	711
1497617	7955.ENSDARP00000104823	59.1	8
1493065	7955.ENSDARP00000091811	1110	26
1493294	7955.ENSDARP00000092701	65.2	5
1496434	7955.ENSDARP00000102225	6.29	1
1487729	7955.ENSDARP00000061738	93.0	8
1492996	7955.ENSDARP00000091498	50.9	5
1498333	7955.ENSDARP00000106080	1362	132
1487727	7955.ENSDARP00000061735	124	5
1488277	7955.ENSDARP00000064925	184	28
1489133	7955.ENSDARP00000069525	12.0	14
1504082	7955.ENSDARP00000117879	1042	19
1484314	7955.ENSDARP00000031181	1560	34
1486181	7955.ENSDARP00000052330	1520	33
1489339	7955.ENSDARP00000070561	232	32
1506603	7955.ENSDARP00000124531	318	8
1485177	7955.ENSDARP00000041959	131	61
1484533	7955.ENSDARP00000034116	27.1	9
1491959	7955.ENSDARP00000086433	79.6	9
1481345	7955.ENSDARP00000002223	443	39
1495374	7955.ENSDARP00000099679	19.8	3
1501633	7955.ENSDARP00000111827	202	28
1501629	7955.ENSDARP00000111820	1.23	2
1492664	7955.ENSDARP00000090030	97.6	34
1483149	7955.ENSDARP00000018865	2020	71
1490985	7955.ENSDARP00000079306	129	9
1482982	7955.ENSDARP00000017292	1.74	1
1497829	7955.ENSDARP00000105206	707	13
1483768	7955.ENSDARP00000024752	2993	637
1485031	7955.ENSDARP00000040421	11245	814
1491249	7955.ENSDARP00000081202	1.01	2
1492556	7955.ENSDARP00000089482	109	9
1492442	7955.ENSDARP00000089001	131	8
1492355	7955.ENSDARP00000088538	679	62
1502429	7955.ENSDARP00000113553	3343	100
1489088	7955.ENSDARP00000069273	151	6
1494914	7955.ENSDARP00000098653	0.124	1
1482617	7955.ENSDARP00000013803	839	76
1482615	7955.ENSDARP00000013777	117	5
1500865	7955.ENSDARP00000110511	190	123
1481941	7955.ENSDARP00000007676	875	72
1493372	7955.ENSDARP00000093111	2.09	1
1485661	7955.ENSDARP00000047158	254	6
1487402	7955.ENSDARP00000059692	87.1	4
1487403	7955.ENSDARP00000059695	343	33
1502925	7955.ENSDARP00000114855	702	24
1484637	7955.ENSDARP00000035513	44.8	1
1492412	7955.ENSDARP00000088840	17.8	52
1496073	7955.ENSDARP00000101326	68.5	10
1497047	7955.ENSDARP00000103634	82.8	4
1490090	7955.ENSDARP00000074275	1.76	2
1497907	7955.ENSDARP00000105344	286	29
1482086	7955.ENSDARP00000009133	219	13
1499789	7955.ENSDARP00000108629	165	10
1481340	7955.ENSDARP00000002175	234	117
1493522	7955.ENSDARP00000093734	136	123
1496206	7955.ENSDARP00000101665	307	29
1481451	7955.ENSDARP00000003177	11.5	4
1482890	7955.ENSDARP00000016453	90.1	28
1482966	7955.ENSDARP00000017189	18.8	3
1489628	7955.ENSDARP00000072300	700	19
1505801	7955.ENSDARP00000122284	897	72
1482550	7955.ENSDARP00000013110	14.9	1
1501261	7955.ENSDARP00000111179	96.4	19
1500153	7955.ENSDARP00000109278	3.07	1
1506487	7955.ENSDARP00000124160	12.0	2
1487227	7955.ENSDARP00000058679	146	17
1506398	7955.ENSDARP00000123883	943	159
1484232	7955.ENSDARP00000029912	392	29
1486294	7955.ENSDARP00000052921	107	13
1489831	7955.ENSDARP00000073095	630	23
1487936	7955.ENSDARP00000062982	2386	122
1505477	7955.ENSDARP00000121484	0.797	8
1494617	7955.ENSDARP00000097962	13.3	1
1489873	7955.ENSDARP00000073325	51.3	3
1502622	7955.ENSDARP00000114072	105	2
1500255	7955.ENSDARP00000109464	171	7
1489609	7955.ENSDARP00000072235	195	16
1495770	7955.ENSDARP00000100627	6.29	1
1503003	7955.ENSDARP00000115072	0.8	8
1486039	7955.ENSDARP00000051312	6882	484
1500017	7955.ENSDARP00000109050	1387	26
1490676	7955.ENSDARP00000076957	31.2	5
1506938	7955.ENSDARP00000125399	1.17	1
1501438	7955.ENSDARP00000111487	2493	51
1483950	7955.ENSDARP00000026560	19.6	3
1496017	7955.ENSDARP00000101193	994	18
1483808	7955.ENSDARP00000025226	183	12
1485026	7955.ENSDARP00000040389	54.9	5
1487594	7955.ENSDARP00000060837	216	10
1500093	7955.ENSDARP00000109189	18.4	22
1505238	7955.ENSDARP00000120844	4.32	3
1484761	7955.ENSDARP00000037227	46.4	3
1481580	7955.ENSDARP00000004202	84.5	5
1485936	7955.ENSDARP00000050307	21.7	5
1483098	7955.ENSDARP00000018261	8.11	3
1490314	7955.ENSDARP00000075490	351	146
1504549	7955.ENSDARP00000119035	45.5	2
1505337	7955.ENSDARP00000121132	2.57	1
1489263	7955.ENSDARP00000070224	32.7	12
1489264	7955.ENSDARP00000070225	9573	559
1481617	7955.ENSDARP00000004687	456	47
1485027	7955.ENSDARP00000040396	5017	138
1501472	7955.ENSDARP00000111548	4.72	1
1502150	7955.ENSDARP00000112851	77.6	12
1502589	7955.ENSDARP00000113988	1870	2295
1489359	7955.ENSDARP00000070677	302	6
1489900	7955.ENSDARP00000073437	18.1	2
1487810	7955.ENSDARP00000062341	7.32	2
1489901	7955.ENSDARP00000073439	129	13
1506859	7955.ENSDARP00000125244	3.23	1
1487097	7955.ENSDARP00000057943	892	17
1496862	7955.ENSDARP00000103212	251	18
1484896	7955.ENSDARP00000038835	226	16
1498782	7955.ENSDARP00000106877	363	91
1482346	7955.ENSDARP00000011420	55.8	5
1482645	7955.ENSDARP00000014106	20.7	2
1490194	7955.ENSDARP00000074872	69.4	7
1490462	7955.ENSDARP00000076102	43.7	2
1497520	7955.ENSDARP00000104653	190	51
1490463	7955.ENSDARP00000076104	169	17
1490487	7955.ENSDARP00000076212	9.37	3
1481280	7955.ENSDARP00000000192	2.3	1
1485519	7955.ENSDARP00000045668	5.84	5
1493866	7955.ENSDARP00000095128	2.86	3
1482761	7955.ENSDARP00000015293	322	71
1498580	7955.ENSDARP00000106501	44.5	4
1485858	7955.ENSDARP00000049374	5.77	4
1482357	7955.ENSDARP00000011510	51.3	4
1505014	7955.ENSDARP00000120260	2620	64
1505017	7955.ENSDARP00000120266	115	14
1499003	7955.ENSDARP00000107277	18.8	22
1499000	7955.ENSDARP00000107272	136	15
1488741	7955.ENSDARP00000067593	155	4
1498142	7955.ENSDARP00000105746	190	123
1506145	7955.ENSDARP00000123183	3025	149
1491339	7955.ENSDARP00000081816	2.23	1
1484020	7955.ENSDARP00000027159	894	32
1488711	7955.ENSDARP00000067447	937	59
1489672	7955.ENSDARP00000072446	282	22
1484603	7955.ENSDARP00000035079	5.77	1
1482220	7955.ENSDARP00000010384	19.1	2
1481293	7955.ENSDARP00000000854	2.29	1
1483877	7955.ENSDARP00000025807	8.2	1
1503737	7955.ENSDARP00000116987	7.87	2
1487078	7955.ENSDARP00000057822	247	26
1484658	7955.ENSDARP00000035859	9.56	4
1485453	7955.ENSDARP00000045048	2.45	2
1489730	7955.ENSDARP00000072687	1814	2221
1483593	7955.ENSDARP00000023255	10.7	3
1492225	7955.ENSDARP00000088020	746	304
1491191	7955.ENSDARP00000080761	20.1	1
1482235	7955.ENSDARP00000010482	1049	62
1493062	7955.ENSDARP00000091804	3.94	1
1485917	7955.ENSDARP00000050129	8.34	1
1481725	7955.ENSDARP00000005640	10.9	1
1481809	7955.ENSDARP00000006445	486	30
1496342	7955.ENSDARP00000101995	219	40
1489708	7955.ENSDARP00000072597	14.5	9
1495200	7955.ENSDARP00000099283	2.05	1
1485539	7955.ENSDARP00000045887	164	17
1489769	7955.ENSDARP00000072844	50.1	6
1486179	7955.ENSDARP00000052324	79.8	13
1483017	7955.ENSDARP00000017597	271	19
1489131	7955.ENSDARP00000069513	3388	61
1484634	7955.ENSDARP00000035453	31.5	8
1493105	7955.ENSDARP00000091935	31.0	9
1486808	7955.ENSDARP00000056150	21.5	3
1492487	7955.ENSDARP00000089179	445	25
1487458	7955.ENSDARP00000060055	1783	174
1487661	7955.ENSDARP00000061298	116	6
1481781	7955.ENSDARP00000006201	140	14
1503599	7955.ENSDARP00000116628	7.1	3
1481782	7955.ENSDARP00000006207	103	13
1492844	7955.ENSDARP00000090756	148	6
1495369	7955.ENSDARP00000099664	119	9
1495367	7955.ENSDARP00000099662	124	19
1485961	7955.ENSDARP00000050602	661	33
1486169	7955.ENSDARP00000052255	44.8	1
1494642	7955.ENSDARP00000098004	131	104
1497842	7955.ENSDARP00000105230	24.8	3
1488450	7955.ENSDARP00000065997	3.79	2
1503893	7955.ENSDARP00000117394	2.15	2
1481829	7955.ENSDARP00000006665	46.3	20
1490081	7955.ENSDARP00000074190	739	78
1495900	7955.ENSDARP00000100954	7.37	3
1488142	7955.ENSDARP00000064110	284	9
1481359	7955.ENSDARP00000002360	3.32	1
1491975	7955.ENSDARP00000086515	264	8
1486518	7955.ENSDARP00000054366	55.8	5
1486677	7955.ENSDARP00000055379	299	207
1487826	7955.ENSDARP00000062405	0.508	1
1502549	7955.ENSDARP00000113898	15.4	2
1486091	7955.ENSDARP00000051678	1.67	1
1485656	7955.ENSDARP00000047100	39.0	23
1481938	7955.ENSDARP00000007646	1693	398
1496075	7955.ENSDARP00000101333	12.3	6
1484527	7955.ENSDARP00000034038	122	16
1482821	7955.ENSDARP00000015866	35.2	17
1488351	7955.ENSDARP00000065372	1147	25
1499357	7955.ENSDARP00000107877	61.0	7
1494155	7955.ENSDARP00000096373	596	40
1481448	7955.ENSDARP00000003163	108	8
1483362	7955.ENSDARP00000021016	322	214
1481553	7955.ENSDARP00000003949	38.8	8
1482624	7955.ENSDARP00000013902	391	25
1493517	7955.ENSDARP00000093707	2.36	1
1490111	7955.ENSDARP00000074422	409	45
1489172	7955.ENSDARP00000069744	42.6	7
1492345	7955.ENSDARP00000088494	117	80
1501591	7955.ENSDARP00000111762	116	20
1493300	7955.ENSDARP00000092727	173	13
1492343	7955.ENSDARP00000088490	8.89	2
1497140	7955.ENSDARP00000103854	48.9	54
1487491	7955.ENSDARP00000060202	1.94	1
1505829	7955.ENSDARP00000122360	167	4
1495410	7955.ENSDARP00000099767	33.2	2
1505831	7955.ENSDARP00000122365	13.1	3
1488104	7955.ENSDARP00000063891	167	40
1483832	7955.ENSDARP00000025493	6.45	1
1489047	7955.ENSDARP00000069085	264	13
1490905	7955.ENSDARP00000078684	5.66	1
1495956	7955.ENSDARP00000101059	440	30
1495955	7955.ENSDARP00000101055	51.0	8
1491953	7955.ENSDARP00000086357	20.7	1
1494315	7955.ENSDARP00000096950	8.71	3
1500485	7955.ENSDARP00000109869	8.74	1
1485744	7955.ENSDARP00000048163	33.6	5
1499374	7955.ENSDARP00000107913	20.7	4
1495438	7955.ENSDARP00000099844	671	30
1482563	7955.ENSDARP00000013244	26.6	10
1493834	7955.ENSDARP00000094997	0.5	1
1484749	7955.ENSDARP00000037108	82.2	8
1486296	7955.ENSDARP00000052929	83.6	7
1505931	7955.ENSDARP00000122588	40.4	3
1485929	7955.ENSDARP00000050237	3105	2852
1485928	7955.ENSDARP00000050236	190	123
1501385	7955.ENSDARP00000111387	78.7	13
1500012	7955.ENSDARP00000109044	507	213
1486055	7955.ENSDARP00000051523	66.4	9
1485632	7955.ENSDARP00000046933	25.0	1
1488625	7955.ENSDARP00000067039	3.42	1
1501443	7955.ENSDARP00000111493	190	123
1493153	7955.ENSDARP00000092093	256	23
1482470	7955.ENSDARP00000012437	54.9	7
1482469	7955.ENSDARP00000012436	678	67
1481381	7955.ENSDARP00000002544	39.4	23
1500098	7955.ENSDARP00000109194	465	69
1500099	7955.ENSDARP00000109196	13.3	4
1504074	7955.ENSDARP00000117864	2034	26
1486483	7955.ENSDARP00000054142	816	99
1500101	7955.ENSDARP00000109199	49.2	54
1484285	7955.ENSDARP00000030813	10.0	4
1484787	7955.ENSDARP00000037582	9.9	3
1482939	7955.ENSDARP00000016888	63.6	7
1481854	7955.ENSDARP00000006875	170	27
1486749	7955.ENSDARP00000055770	3018	805
1484198	7955.ENSDARP00000029477	18.5	19
1498187	7955.ENSDARP00000105825	937	83
1482702	7955.ENSDARP00000014779	238	48
1485861	7955.ENSDARP00000049419	24.7	4
1498188	7955.ENSDARP00000105829	17.3	2
1484909	7955.ENSDARP00000038939	120	8
1496821	7955.ENSDARP00000103118	13.1	3
1490312	7955.ENSDARP00000075482	58.1	8
1504751	7955.ENSDARP00000119600	35.0	4
1507218	7955.ENSDARP00000126028	440	6
1507219	7955.ENSDARP00000126029	25.8	4
1488215	7955.ENSDARP00000064522	868	69
1497313	7955.ENSDARP00000104241	87.2	8
1482740	7955.ENSDARP00000015072	263	17
1490525	7955.ENSDARP00000076356	58.2	6
1506854	7955.ENSDARP00000125238	3.23	1
1481318	7955.ENSDARP00000001575	3466	934
1500559	7955.ENSDARP00000109990	100	6
1500560	7955.ENSDARP00000109993	2.85	1
1489801	7955.ENSDARP00000072971	64.5	9
1486974	7955.ENSDARP00000057222	135	4
1485018	7955.ENSDARP00000040327	276	91
1482808	7955.ENSDARP00000015775	219	28
1496859	7955.ENSDARP00000103208	169	123
1493670	7955.ENSDARP00000094289	70.7	9
1497414	7955.ENSDARP00000104468	1024	334
1482352	7955.ENSDARP00000011459	14.0	1
1499238	7955.ENSDARP00000107686	16.2	2
1505465	7955.ENSDARP00000121455	28.7	4
1505468	7955.ENSDARP00000121459	190	123
1484416	7955.ENSDARP00000032643	29.4	2
1506908	7955.ENSDARP00000125342	32.5	1
1493871	7955.ENSDARP00000095139	651	14
1482948	7955.ENSDARP00000016957	1101	10
1498870	7955.ENSDARP00000107042	5.03	1
1493868	7955.ENSDARP00000095135	872	49
1482246	7955.ENSDARP00000010639	151	10
1490651	7955.ENSDARP00000076883	56.5	4
1499879	7955.ENSDARP00000108805	783	41
1491562	7955.ENSDARP00000083454	522	60
1482635	7955.ENSDARP00000014003	75.0	12
1484345	7955.ENSDARP00000031690	199	8
1488738	7955.ENSDARP00000067582	1.16	1
1486752	7955.ENSDARP00000055793	555	14
1499109	7955.ENSDARP00000107467	12.6	1
1485089	7955.ENSDARP00000041113	451	19
1499107	7955.ENSDARP00000107465	0.448	1
1504986	7955.ENSDARP00000120183	1720	59
1492900	7955.ENSDARP00000091014	1284	124
1490221	7955.ENSDARP00000074998	28.5	1
1503181	7955.ENSDARP00000115538	2493	99
1483072	7955.ENSDARP00000018013	12.5	1
1482999	7955.ENSDARP00000017456	2415	379
1485142	7955.ENSDARP00000041626	220	20
1496158	7955.ENSDARP00000101541	9030	302
1490124	7955.ENSDARP00000074504	1338	52
1501124	7955.ENSDARP00000110951	4.46	4
1483051	7955.ENSDARP00000017853	35.2	2
1485483	7955.ENSDARP00000045298	188	16
1493663	7955.ENSDARP00000094269	365	29
1497609	7955.ENSDARP00000104804	10.3	2
1491327	7955.ENSDARP00000081684	0.721	1
1482090	7955.ENSDARP00000009149	28.4	10
1487075	7955.ENSDARP00000057787	142	123
1503510	7955.ENSDARP00000116386	6.36	1
1491292	7955.ENSDARP00000081514	23.6	10
1492856	7955.ENSDARP00000090833	1398	93
1484521	7955.ENSDARP00000033907	502	84
1488751	7955.ENSDARP00000067634	44.8	3
1484583	7955.ENSDARP00000034822	113	37
1492816	7955.ENSDARP00000090632	363	91
1488275	7955.ENSDARP00000064900	21.4	6
1490899	7955.ENSDARP00000078619	20.3	2
1489323	7955.ENSDARP00000070509	1882	89
1482383	7955.ENSDARP00000011707	244	18
1482925	7955.ENSDARP00000016814	1407	53
1495279	7955.ENSDARP00000099474	789	114
1506598	7955.ENSDARP00000124511	926	34
1483861	7955.ENSDARP00000025702	1150	237
1485028	7955.ENSDARP00000040404	1847	377
1493094	7955.ENSDARP00000091902	789	17
1500134	7955.ENSDARP00000109245	137	27
1485029	7955.ENSDARP00000040408	198	17
1484928	7955.ENSDARP00000039188	318	24
1495293	7955.ENSDARP00000099498	0.508	1
1505796	7955.ENSDARP00000122263	1739	449
1488222	7955.ENSDARP00000064585	127	23
1490762	7955.ENSDARP00000077706	4354	131
1507179	7955.ENSDARP00000125918	147	87
1488921	7955.ENSDARP00000068470	52.8	6
1483993	7955.ENSDARP00000026957	43.2	3
1485290	7955.ENSDARP00000043192	70.2	3
1488251	7955.ENSDARP00000064738	3794	80
1487026	7955.ENSDARP00000057499	29.7	3
1497837	7955.ENSDARP00000105220	687	18
1486912	7955.ENSDARP00000056789	1238	17
1490079	7955.ENSDARP00000074184	3217	270
1490080	7955.ENSDARP00000074186	216	41
1488243	7955.ENSDARP00000064699	24.3	3
1484566	7955.ENSDARP00000034555	915	31
1497897	7955.ENSDARP00000105328	367	12
1486215	7955.ENSDARP00000052440	150	25
1494911	7955.ENSDARP00000098635	12.8	1
1482568	7955.ENSDARP00000013286	1801	408
1495394	7955.ENSDARP00000099728	6.42	1
1504003	7955.ENSDARP00000117676	97.7	21
1496719	7955.ENSDARP00000102893	11.6	1
1489083	7955.ENSDARP00000069254	147	6
1481841	7955.ENSDARP00000006783	47.2	2
1496751	7955.ENSDARP00000102961	94.6	23
1484075	7955.ENSDARP00000027775	379	20
1484074	7955.ENSDARP00000027770	53.4	1
1490083	7955.ENSDARP00000074210	4.44	1
1494320	7955.ENSDARP00000096969	129	12
1501476	7955.ENSDARP00000111561	111	8
1486497	7955.ENSDARP00000054229	269	28
1487251	7955.ENSDARP00000058788	962	46
1481397	7955.ENSDARP00000002761	11.5	3
1494151	7955.ENSDARP00000096361	93.9	6
1494154	7955.ENSDARP00000096367	19.3	2
1486010	7955.ENSDARP00000051081	120	10
1486009	7955.ENSDARP00000051080	506	220
1494858	7955.ENSDARP00000098524	852	52
1493402	7955.ENSDARP00000093249	167	24
1487144	7955.ENSDARP00000058259	872	50
1501247	7955.ENSDARP00000111156	0.571	1
1499385	7955.ENSDARP00000107930	82.0	5
1490399	7955.ENSDARP00000075852	1.94	1
1501565	7955.ENSDARP00000111715	83.2	12
1486255	7955.ENSDARP00000052682	16.8	14
1486256	7955.ENSDARP00000052687	140	56
1501566	7955.ENSDARP00000111718	109	3
1489054	7955.ENSDARP00000069096	5250	190
1488532	7955.ENSDARP00000066505	430	6
1485692	7955.ENSDARP00000047524	253	20
1485542	7955.ENSDARP00000045900	4762	151
1487793	7955.ENSDARP00000062219	2487	195
1494104	7955.ENSDARP00000096178	1882	54
1495448	7955.ENSDARP00000099877	4.64	1
1500476	7955.ENSDARP00000109853	2.74	3
1483146	7955.ENSDARP00000018820	21.7	5
1489607	7955.ENSDARP00000072211	10.4	1
1481542	7955.ENSDARP00000003841	425	69
1500291	7955.ENSDARP00000109529	16.5	4
1502981	7955.ENSDARP00000115012	2020	2369
1494020	7955.ENSDARP00000095720	66.4	76
1484090	7955.ENSDARP00000027956	4.41	1
1482604	7955.ENSDARP00000013624	214	12
1484745	7955.ENSDARP00000037025	161	14
1485937	7955.ENSDARP00000050331	30.6	5
1490689	7955.ENSDARP00000077082	19.6	1
1500791	7955.ENSDARP00000110394	27.5	16
1494133	7955.ENSDARP00000096295	36.3	4
1502745	7955.ENSDARP00000114387	65.8	9
1505583	7955.ENSDARP00000121735	25.4	14
1486910	7955.ENSDARP00000056766	1404	108
1505521	7955.ENSDARP00000121591	151	11
1501414	7955.ENSDARP00000111447	178	123
1489588	7955.ENSDARP00000072101	95.8	2
1493841	7955.ENSDARP00000095031	8.84	3
1498182	7955.ENSDARP00000105815	20.0	4
1501987	7955.ENSDARP00000112435	232	13
1491627	7955.ENSDARP00000083913	75.0	9
1505950	7955.ENSDARP00000122643	6.94	6
1484357	7955.ENSDARP00000031822	3.98	2
1490585	7955.ENSDARP00000076580	26.6	10
1493851	7955.ENSDARP00000095074	99.7	16
1500533	7955.ENSDARP00000109944	14.9	4
1483789	7955.ENSDARP00000025042	36.3	1
1505693	7955.ENSDARP00000122009	190	123
1494222	7955.ENSDARP00000096581	14.6	11
1490519	7955.ENSDARP00000076340	184	13
1494224	7955.ENSDARP00000096587	6.33	1
1494223	7955.ENSDARP00000096586	2.9	2
1486429	7955.ENSDARP00000053793	570	11
1497433	7955.ENSDARP00000104495	55.6	1
1489903	7955.ENSDARP00000073455	73.5	7
1487807	7955.ENSDARP00000062323	545	51
1485375	7955.ENSDARP00000044088	443	30
1486168	7955.ENSDARP00000052239	26.1	1
1483949	7955.ENSDARP00000026546	1765	174
1493956	7955.ENSDARP00000095458	160	4
1488718	7955.ENSDARP00000067511	171	9
1485512	7955.ENSDARP00000045608	46.4	3
1482350	7955.ENSDARP00000011444	10.3	1
1506366	7955.ENSDARP00000123778	213	24
1482700	7955.ENSDARP00000014763	4.49	3
1505461	7955.ENSDARP00000121444	112	4
1502187	7955.ENSDARP00000112940	1.52	1
1492021	7955.ENSDARP00000086813	1.32	1
1490616	7955.ENSDARP00000076763	49.6	19
1483090	7955.ENSDARP00000018158	26.2	2
1499233	7955.ENSDARP00000107677	35.1	1
1498891	7955.ENSDARP00000107078	60.5	11
1489579	7955.ENSDARP00000072076	43.1	11
1498732	7955.ENSDARP00000106781	178	123
1486352	7955.ENSDARP00000053303	314	256
1493761	7955.ENSDARP00000094670	19.1	1
1501783	7955.ENSDARP00000112092	190	123
1505012	7955.ENSDARP00000120247	28.3	1
1491702	7955.ENSDARP00000084443	4.11	1
1482669	7955.ENSDARP00000014384	9.04	3
1487971	7955.ENSDARP00000063107	11.0	13
1487970	7955.ENSDARP00000063106	5.01	5
1481856	7955.ENSDARP00000006884	3.54	1
1481857	7955.ENSDARP00000006888	4.56	3
1482524	7955.ENSDARP00000012861	0.745	1
1496894	7955.ENSDARP00000103306	59.2	5
1505166	7955.ENSDARP00000120649	188	46
1496890	7955.ENSDARP00000103300	598	35
1493612	7955.ENSDARP00000094070	331	10
1492567	7955.ENSDARP00000089576	76.6	9
1494889	7955.ENSDARP00000098595	1.77	1
1499032	7955.ENSDARP00000107323	2.56	1
1498986	7955.ENSDARP00000107250	82.5	33
1487429	7955.ENSDARP00000059885	91.2	9
1482221	7955.ENSDARP00000010393	21.7	5
1501112	7955.ENSDARP00000110927	14.2	1
1495591	7955.ENSDARP00000100208	1.4	1
1500894	7955.ENSDARP00000110558	145	16
1501106	7955.ENSDARP00000110920	215	7
1496947	7955.ENSDARP00000103413	74.9	17
1485821	7955.ENSDARP00000048976	15.1	3
1486152	7955.ENSDARP00000052103	10.7	1
1488655	7955.ENSDARP00000067158	92.7	50
1488656	7955.ENSDARP00000067159	134	10
1502371	7955.ENSDARP00000113417	871	19
1493049	7955.ENSDARP00000091733	7.07	2
1481971	7955.ENSDARP00000007913	60.9	21
1503644	7955.ENSDARP00000116739	190	123
1488968	7955.ENSDARP00000068689	3.82	1
1492709	7955.ENSDARP00000090198	79.8	4
1498163	7955.ENSDARP00000105782	517	111
1485890	7955.ENSDARP00000049828	26.0	7
1495273	7955.ENSDARP00000099464	595	32
1484037	7955.ENSDARP00000027389	255	32
1497017	7955.ENSDARP00000103576	363	91
1493559	7955.ENSDARP00000093898	4407	454
1491244	7955.ENSDARP00000081180	620	86
1488779	7955.ENSDARP00000067802	3124	203
1496320	7955.ENSDARP00000101952	21.8	2
1487658	7955.ENSDARP00000061273	5951	53
1496583	7955.ENSDARP00000102554	24.5	4
1491279	7955.ENSDARP00000081435	6.03	1
1483439	7955.ENSDARP00000021916	82.8	4
1488224	7955.ENSDARP00000064595	81.6	19
1503773	7955.ENSDARP00000117066	56.2	16
1488223	7955.ENSDARP00000064590	9.38	6
1481619	7955.ENSDARP00000004700	83.0	5
1487270	7955.ENSDARP00000058912	266	58
1501091	7955.ENSDARP00000110895	2.97	6
1495078	7955.ENSDARP00000099001	73.1	6
1483236	7955.ENSDARP00000019813	214	9
1490237	7955.ENSDARP00000075110	275	244
1489301	7955.ENSDARP00000070408	247	42
1502351	7955.ENSDARP00000113362	19.5	18
1481713	7955.ENSDARP00000005519	17.6	3
1481792	7955.ENSDARP00000006315	21.9	3
1488256	7955.ENSDARP00000064788	2767	31
1483412	7955.ENSDARP00000021652	197	13
1488357	7955.ENSDARP00000065391	21.7	5
1489077	7955.ENSDARP00000069226	57.5	6
1488417	7955.ENSDARP00000065771	2133	66
1481770	7955.ENSDARP00000006085	772	53
1484734	7955.ENSDARP00000036899	139	2
1497114	7955.ENSDARP00000103794	227	51
1483572	7955.ENSDARP00000023063	8.42	1
1499964	7955.ENSDARP00000108963	1184	236
1489099	7955.ENSDARP00000069316	142	8
1503846	7955.ENSDARP00000117266	45.7	5
1481894	7955.ENSDARP00000007240	86.0	17
1486139	7955.ENSDARP00000052053	71.6	30
1494306	7955.ENSDARP00000096913	13.0	1
1496068	7955.ENSDARP00000101311	507	213
1496529	7955.ENSDARP00000102423	1.98	1
1495944	7955.ENSDARP00000101037	6.09	3
1486668	7955.ENSDARP00000055323	971	49
1494148	7955.ENSDARP00000096352	69.2	35
1486498	7955.ENSDARP00000054236	97.3	3
1482860	7955.ENSDARP00000016158	3178	67
1493411	7955.ENSDARP00000093277	67.2	5
1501517	7955.ENSDARP00000111631	31.5	8
1507350	7955.ENSDARP00000126369	8.14	1
1506750	7955.ENSDARP00000125036	11.9	17
1483698	7955.ENSDARP00000024129	88.2	8
1494279	7955.ENSDARP00000096826	40.9	15
1483696	7955.ENSDARP00000024120	490	86
1490749	7955.ENSDARP00000077625	8.37	2
1487632	7955.ENSDARP00000061097	14.8	27
1502578	7955.ENSDARP00000113965	0.1	1
1492071	7955.ENSDARP00000087157	2.88	3
1492072	7955.ENSDARP00000087158	5.55	4
1501464	7955.ENSDARP00000111526	507	213
1504230	7955.ENSDARP00000118221	0.089	1
1481544	7955.ENSDARP00000003850	255	18
1497427	7955.ENSDARP00000104486	0.57	1
1490162	7955.ENSDARP00000074719	172	9
1484089	7955.ENSDARP00000027947	5902	665
1481733	7955.ENSDARP00000005719	1812	36
1493285	7955.ENSDARP00000092672	454	36
1500247	7955.ENSDARP00000109449	13.8	1
1484169	7955.ENSDARP00000029074	31.0	4
1484170	7955.ENSDARP00000029079	495	16
1500243	7955.ENSDARP00000109442	5.33	2
1486896	7955.ENSDARP00000056711	141	13
1502747	7955.ENSDARP00000114396	1321	153
1489851	7955.ENSDARP00000073195	28.8	32
1486704	7955.ENSDARP00000055553	94.3	8
1500631	7955.ENSDARP00000110121	138	37
1484892	7955.ENSDARP00000038799	1787	53
1487160	7955.ENSDARP00000058350	174	5
1505081	7955.ENSDARP00000120420	113	7
1498177	7955.ENSDARP00000105809	116	20
1484199	7955.ENSDARP00000029491	478	76
1483668	7955.ENSDARP00000023863	128	6
1493840	7955.ENSDARP00000095029	13.5	5
1483669	7955.ENSDARP00000023867	18.2	1
1505560	7955.ENSDARP00000121692	140	16
1482403	7955.ENSDARP00000011877	204	15
1499750	7955.ENSDARP00000108556	78.9	9
1499876	7955.ENSDARP00000108798	425	39
1483904	7955.ENSDARP00000026092	197	9
1502786	7955.ENSDARP00000114486	0.398	1
1505117	7955.ENSDARP00000120506	19.2	2
1487809	7955.ENSDARP00000062337	231	20
1482328	7955.ENSDARP00000011271	506	61
1490336	7955.ENSDARP00000075599	285	8
1501959	7955.ENSDARP00000112390	12.1	2
1483494	7955.ENSDARP00000022396	87.7	7
1484265	7955.ENSDARP00000030476	46.3	20
1485301	7955.ENSDARP00000043311	51.2	2
1496164	7955.ENSDARP00000101564	199	27
1496165	7955.ENSDARP00000101565	12.2	1
1484017	7955.ENSDARP00000027139	1462	118
1489565	7955.ENSDARP00000072006	321	227
1504724	7955.ENSDARP00000119520	2.62	2
1490277	7955.ENSDARP00000075289	65.5	4
1484775	7955.ENSDARP00000037410	92.6	14
1488583	7955.ENSDARP00000066858	276	210
1482291	7955.ENSDARP00000011017	113	31
1502118	7955.ENSDARP00000112777	21.8	2
1502116	7955.ENSDARP00000112772	20.1	2
1483738	7955.ENSDARP00000024492	11.9	3
1489555	7955.ENSDARP00000071929	4.05	2
1483891	7955.ENSDARP00000025940	48.4	5
1497543	7955.ENSDARP00000104687	1087	145
1498542	7955.ENSDARP00000106429	16.4	2
1506488	7955.ENSDARP00000124162	67.8	47
1506489	7955.ENSDARP00000124165	35.8	3
1496897	7955.ENSDARP00000103318	363	91
1503172	7955.ENSDARP00000115512	130	16
1489741	7955.ENSDARP00000072718	2.39	1
1489938	7955.ENSDARP00000073610	125	9
1501039	7955.ENSDARP00000110807	17.4	4
1488023	7955.ENSDARP00000063483	23.2	17
1482375	7955.ENSDARP00000011656	75.6	10
1489381	7955.ENSDARP00000070818	0.108	1
1483562	7955.ENSDARP00000022929	1.77	1
1493019	7955.ENSDARP00000091586	2291	48
1486376	7955.ENSDARP00000053431	85.8	2
1486590	7955.ENSDARP00000054848	659	97
1501115	7955.ENSDARP00000110935	507	213
1499151	7955.ENSDARP00000107538	253	10
1484470	7955.ENSDARP00000033328	16.9	4
1498487	7955.ENSDARP00000106332	33.5	3
1489727	7955.ENSDARP00000072678	1479	1897
1493653	7955.ENSDARP00000094243	386	73
1482120	7955.ENSDARP00000009428	20.3	4
1489783	7955.ENSDARP00000072903	11.1	3
1483059	7955.ENSDARP00000017895	7.76	4
1493291	7955.ENSDARP00000092691	2.05	1
1492591	7955.ENSDARP00000089694	163	42
1485063	7955.ENSDARP00000040770	344	3
1484664	7955.ENSDARP00000035957	52.8	20
1487492	7955.ENSDARP00000060204	169	20
1492593	7955.ENSDARP00000089698	19.8	1
1492636	7955.ENSDARP00000089879	326	211
1498408	7955.ENSDARP00000106208	8.71	3
1485485	7955.ENSDARP00000045328	327	4
1487567	7955.ENSDARP00000060684	632	33
1484579	7955.ENSDARP00000034804	72.1	4
1495187	7955.ENSDARP00000099251	1.77	1
1483064	7955.ENSDARP00000017949	23.3	1
1485892	7955.ENSDARP00000049830	491	46
1498170	7955.ENSDARP00000105799	12.4	3
1483910	7955.ENSDARP00000026156	938	29
1501259	7955.ENSDARP00000111175	507	213
1489777	7955.ENSDARP00000072874	3569	217
1488840	7955.ENSDARP00000068070	151	30
1488083	7955.ENSDARP00000063799	13349	913
1492194	7955.ENSDARP00000087878	48.8	4
1484942	7955.ENSDARP00000039324	321	126
1483327	7955.ENSDARP00000020667	9.21	1
1503386	7955.ENSDARP00000116075	15.5	49
1486442	7955.ENSDARP00000053867	27.3	5
1489682	7955.ENSDARP00000072492	1425	41
1489684	7955.ENSDARP00000072497	130	24
1491298	7955.ENSDARP00000081539	0.278	1
1507198	7955.ENSDARP00000125972	1042	19
1485662	7955.ENSDARP00000047174	5892	76
1488101	7955.ENSDARP00000063869	1131	44
1483851	7955.ENSDARP00000025613	723	32
1483852	7955.ENSDARP00000025616	2035	47
1482815	7955.ENSDARP00000015815	135	14
1484914	7955.ENSDARP00000039036	18.3	1
1500847	7955.ENSDARP00000110484	111	13
1481794	7955.ENSDARP00000006320	84.8	16
1483841	7955.ENSDARP00000025539	25.9	4
1486512	7955.ENSDARP00000054339	3571	122
1500283	7955.ENSDARP00000109517	38.1	4
1488156	7955.ENSDARP00000064171	34.3	12
1493364	7955.ENSDARP00000093080	1157	95
1483311	7955.ENSDARP00000020485	20.5	3
1492847	7955.ENSDARP00000090766	765	191
1483301	7955.ENSDARP00000020392	3.55	1
1503620	7955.ENSDARP00000116678	0.048	1
1489095	7955.ENSDARP00000069300	3670	135
1486225	7955.ENSDARP00000052510	193	14
1484110	7955.ENSDARP00000028148	10.5	8
1494950	7955.ENSDARP00000098726	363	91
1503857	7955.ENSDARP00000117293	107	17
1495936	7955.ENSDARP00000101021	240	10
1486493	7955.ENSDARP00000054204	312	6
1486494	7955.ENSDARP00000054207	54.4	4
1489822	7955.ENSDARP00000073057	2191	220
1499363	7955.ENSDARP00000107886	16.5	19
1485508	7955.ENSDARP00000045587	13.1	6
1481443	7955.ENSDARP00000003132	1.17	1
1485797	7955.ENSDARP00000048752	6.76	1
1501502	7955.ENSDARP00000111605	19.2	12
1493406	7955.ENSDARP00000093261	8.62	1
1501576	7955.ENSDARP00000111738	673	48
1494782	7955.ENSDARP00000098342	135	123
1494438	7955.ENSDARP00000097524	219	26
1490956	7955.ENSDARP00000079126	13.1	3
1494786	7955.ENSDARP00000098348	580	42
1483956	7955.ENSDARP00000026625	55.8	7
1489562	7955.ENSDARP00000071963	519	39
1485007	7955.ENSDARP00000040203	456	264
1488217	7955.ENSDARP00000064541	11.2	1
1485989	7955.ENSDARP00000050915	69.8	17
1506543	7955.ENSDARP00000124332	383	25
1493458	7955.ENSDARP00000093465	257	34
1485747	7955.ENSDARP00000048190	0.987	1
1487230	7955.ENSDARP00000058694	632	7
1500437	7955.ENSDARP00000109780	266	33
1486198	7955.ENSDARP00000052384	81.2	50
1486041	7955.ENSDARP00000051359	6.64	29
1495429	7955.ENSDARP00000099813	190	123
1487899	7955.ENSDARP00000062786	164	4
1500467	7955.ENSDARP00000109838	4.37	1
1489459	7955.ENSDARP00000071423	41.9	4
1483964	7955.ENSDARP00000026717	45.0	4
1484165	7955.ENSDARP00000029000	2.93	1
1492366	7955.ENSDARP00000088599	328	54
1500167	7955.ENSDARP00000109300	5.05	2
1484225	7955.ENSDARP00000029821	10.3	2
1486687	7955.ENSDARP00000055429	453	6
1495992	7955.ENSDARP00000101152	9.29	1
1495994	7955.ENSDARP00000101155	3.59	1
