#id: 54
#name: D.rerio - Female gonad, SC (Kelkar,MCP,2014)
#score: 13.36
#weight: 100%
#description: abundance based on Spectral counting, from<a href="http://www.ncbi.nlm.nih.gov/pubmed/25060758" target="_blank">Kelkar,MCP,2014</a><br/><b>Interaction consistency score</b>: 13.36&nbsp<b>Coverage</b>: 8
#organ: FEMALE_GONAD
#integrated: false
#coverage: 8
#publication_year: 2014
#filename: 7955-ZF_Ovary_Kelkar_2014_SEQUEST.txt
#
#internal_id	string_external_id	abundance	raw_spectral_count
1506153	7955.ENSDARP00000123215	43.2	2
1494889	7955.ENSDARP00000098595	56.4	15
1498451	7955.ENSDARP00000106280	120	2
1482180	7955.ENSDARP00000009990	28.1	1
1505315	7955.ENSDARP00000121065	1.35	1
1483559	7955.ENSDARP00000022906	741	20
1487522	7955.ENSDARP00000060362	1683	65
1500386	7955.ENSDARP00000109696	19.7	24
1504438	7955.ENSDARP00000118753	58.2	3
1501874	7955.ENSDARP00000112247	201	6
1495187	7955.ENSDARP00000099251	56.4	15
1483297	7955.ENSDARP00000020358	3464	51
1506360	7955.ENSDARP00000123754	4.04	1
1497271	7955.ENSDARP00000104161	28.6	2
1482050	7955.ENSDARP00000008690	41.3	22
1483662	7955.ENSDARP00000023816	5.48	1
1486376	7955.ENSDARP00000053431	350	10
1504448	7955.ENSDARP00000118774	1809	391
1483439	7955.ENSDARP00000021916	534	34
1482983	7955.ENSDARP00000017326	584	360
1487491	7955.ENSDARP00000060202	70.8	10
1496896	7955.ENSDARP00000103313	1.27	1
1484252	7955.ENSDARP00000030237	8.82	1
1485027	7955.ENSDARP00000040396	2487	82
1485862	7955.ENSDARP00000049424	103	7
1506612	7955.ENSDARP00000124569	30.6	1
1506186	7955.ENSDARP00000123299	10.4	9
1482575	7955.ENSDARP00000013329	2305	110
1489378	7955.ENSDARP00000070803	43.3	1
1499841	7955.ENSDARP00000108727	213	159
1487633	7955.ENSDARP00000061100	12.5	4
1506145	7955.ENSDARP00000123183	1936	67
1494084	7955.ENSDARP00000096076	471	29
1483952	7955.ENSDARP00000026575	89.9	2
1482235	7955.ENSDARP00000010482	2680	112
1493936	7955.ENSDARP00000095384	2.21	1
1494094	7955.ENSDARP00000096118	28.1	3
1507204	7955.ENSDARP00000125992	217	11
1484013	7955.ENSDARP00000027115	585	40
1487314	7955.ENSDARP00000059193	561	10
1483463	7955.ENSDARP00000022120	162	25
1503878	7955.ENSDARP00000117366	14.3	4
1481628	7955.ENSDARP00000004795	113	9
1486398	7955.ENSDARP00000053567	467	15
1496831	7955.ENSDARP00000103152	89.2	7
1483334	7955.ENSDARP00000020775	169	22
1492856	7955.ENSDARP00000090833	422	32
1483298	7955.ENSDARP00000020361	293	26
1484618	7955.ENSDARP00000035273	1731	17
1488215	7955.ENSDARP00000064522	173	16
1488096	7955.ENSDARP00000063836	23.7	2
1500699	7955.ENSDARP00000110252	0.267	3
1493861	7955.ENSDARP00000095111	11.7	4
1482334	7955.ENSDARP00000011311	17.5	3
1490489	7955.ENSDARP00000076216	51.1	3
1499109	7955.ENSDARP00000107467	65.2	3
1499047	7955.ENSDARP00000107355	58.9	17
1501987	7955.ENSDARP00000112435	49.0	5
1500894	7955.ENSDARP00000110558	99.1	9
1501849	7955.ENSDARP00000112199	4714	189
1481782	7955.ENSDARP00000006207	717	57
1493307	7955.ENSDARP00000092760	239	19
1502811	7955.ENSDARP00000114555	65.8	6
1482485	7955.ENSDARP00000012558	77.7	8
1487601	7955.ENSDARP00000060879	24.4	1
1488693	7955.ENSDARP00000067373	47.2	3
1495451	7955.ENSDARP00000099884	1054	202
1486190	7955.ENSDARP00000052354	42.0	9
1495313	7955.ENSDARP00000099550	316	150
1495128	7955.ENSDARP00000099119	15.8	1
1482474	7955.ENSDARP00000012454	328	38
1498074	7955.ENSDARP00000105632	4.65	2
1502340	7955.ENSDARP00000113326	34.3	6
1506886	7955.ENSDARP00000125298	33.7	1
1482220	7955.ENSDARP00000010384	82.6	7
1499394	7955.ENSDARP00000107946	702	265
1490115	7955.ENSDARP00000074464	279	15
1491456	7955.ENSDARP00000082673	50.8	3
1482674	7955.ENSDARP00000014422	25.4	45
1490116	7955.ENSDARP00000074466	3.96	1
1486266	7955.ENSDARP00000052760	13708	5
1507015	7955.ENSDARP00000125545	200	1
1485681	7955.ENSDARP00000047408	7.98	14
1499915	7955.ENSDARP00000108873	807	67
1484805	7955.ENSDARP00000037758	318	11
1503932	7955.ENSDARP00000117497	46.5	4
1482718	7955.ENSDARP00000014920	22.2	1
1482090	7955.ENSDARP00000009149	15.2	5
1493253	7955.ENSDARP00000092510	108	24
1496158	7955.ENSDARP00000101541	8851	259
1492623	7955.ENSDARP00000089803	250	5
1499155	7955.ENSDARP00000107547	702	265
1489173	7955.ENSDARP00000069745	8.64	1
1492125	7955.ENSDARP00000087500	1194	45
1490312	7955.ENSDARP00000075482	40.0	4
1486922	7955.ENSDARP00000056852	3.34	28
1499467	7955.ENSDARP00000108086	5.88	7
1505693	7955.ENSDARP00000122009	382	150
1491949	7955.ENSDARP00000086334	147	8
1503170	7955.ENSDARP00000115509	9.59	6
1488511	7955.ENSDARP00000066387	89.2	3
1485899	7955.ENSDARP00000049894	1752	34
1497278	7955.ENSDARP00000104173	6.33	3
1503705	7955.ENSDARP00000116905	129	14
1483465	7955.ENSDARP00000022134	25.7	2
1505077	7955.ENSDARP00000120407	3005	40
1490829	7955.ENSDARP00000078114	5.41	5
1489900	7955.ENSDARP00000073437	34.0	2
1483937	7955.ENSDARP00000026454	20.7	1
1505117	7955.ENSDARP00000120506	174	11
1505081	7955.ENSDARP00000120420	58.8	3
1503030	7955.ENSDARP00000115147	481	17
1489647	7955.ENSDARP00000072363	36.1	3
1483562	7955.ENSDARP00000022929	56.4	15
1506307	7955.ENSDARP00000123611	30.7	1
1492498	7955.ENSDARP00000089210	19.2	1
1488243	7955.ENSDARP00000064699	6.67	1
1497460	7955.ENSDARP00000104545	31.1	1
1486431	7955.ENSDARP00000053813	6.5	1
1484928	7955.ENSDARP00000039188	194	5
1492412	7955.ENSDARP00000088840	74.7	179
1483505	7955.ENSDARP00000022486	104	6
1487646	7955.ENSDARP00000061164	30734	15104
1484470	7955.ENSDARP00000033328	46.2	10
1495393	7955.ENSDARP00000099727	15.7	1
1482476	7955.ENSDARP00000012488	28.8	3
1495005	7955.ENSDARP00000098846	46.8	14
1488196	7955.ENSDARP00000064418	27.8	2
1481896	7955.ENSDARP00000007258	4.36	3
1499532	7955.ENSDARP00000108197	1819	31
1504977	7955.ENSDARP00000120160	29.3	2
1499751	7955.ENSDARP00000108560	123	6
1490180	7955.ENSDARP00000074827	29.2	2
1506670	7955.ENSDARP00000124776	8.6	1
1488896	7955.ENSDARP00000068336	63.1	2
1502157	7955.ENSDARP00000112873	212	9
1482418	7955.ENSDARP00000012040	1.29	1
1482948	7955.ENSDARP00000016957	1579	12
1482275	7955.ENSDARP00000010921	1086	290
1487955	7955.ENSDARP00000063056	93.3	2
1498439	7955.ENSDARP00000106256	30.8	1
1493711	7955.ENSDARP00000094438	13.5	1
1502011	7955.ENSDARP00000112476	294	56
1487843	7955.ENSDARP00000062517	223	13
1486325	7955.ENSDARP00000053151	21.1	3
1492852	7955.ENSDARP00000090804	329	46
1506197	7955.ENSDARP00000123323	382	150
1482055	7955.ENSDARP00000008736	0.687	2
1498430	7955.ENSDARP00000106245	702	265
1499164	7955.ENSDARP00000107557	832	18
1500869	7955.ENSDARP00000110519	291	49
1484860	7955.ENSDARP00000038446	688	23
1499548	7955.ENSDARP00000108224	76.4	190
1506854	7955.ENSDARP00000125238	604	88
1486028	7955.ENSDARP00000051235	0.574	1
1486799	7955.ENSDARP00000056088	3257	1115
1506859	7955.ENSDARP00000125244	604	88
1499720	7955.ENSDARP00000108502	674	248
1483639	7955.ENSDARP00000023671	1026	60
1482139	7955.ENSDARP00000009605	203	18
1486859	7955.ENSDARP00000056465	18.2	8
1482756	7955.ENSDARP00000015262	21.2	1
1487353	7955.ENSDARP00000059365	575	95
1506840	7955.ENSDARP00000125214	1376	70
1482027	7955.ENSDARP00000008455	10.7	1
1494373	7955.ENSDARP00000097305	137	15
1486225	7955.ENSDARP00000052510	65.8	5
1487120	7955.ENSDARP00000058066	72.4	3
1488187	7955.ENSDARP00000064375	2936	54
1492248	7955.ENSDARP00000088108	4.82	1
1487584	7955.ENSDARP00000060765	81.6	12
1488220	7955.ENSDARP00000064557	44.6	6
1490387	7955.ENSDARP00000075802	74.2	6
1486185	7955.ENSDARP00000052345	71.2	8
1484857	7955.ENSDARP00000038400	242	14
1481464	7955.ENSDARP00000003281	321	18
1505461	7955.ENSDARP00000121444	140	4
1492033	7955.ENSDARP00000086897	189	3
1485150	7955.ENSDARP00000041713	24.2	5
1501620	7955.ENSDARP00000111803	66.7	10
1486937	7955.ENSDARP00000056918	28.1	9
1494148	7955.ENSDARP00000096352	182	62
1493167	7955.ENSDARP00000092183	0.995	2
1488803	7955.ENSDARP00000067895	732	66
1497861	7955.ENSDARP00000105266	180	4
1500166	7955.ENSDARP00000109299	702	265
1483690	7955.ENSDARP00000024082	392	61
1484469	7955.ENSDARP00000033318	103	7
1506432	7955.ENSDARP00000123999	26.7	3
1491136	7955.ENSDARP00000080352	2.01	2
1496541	7955.ENSDARP00000102443	6.61	2
1505931	7955.ENSDARP00000122588	21.1	1
1486181	7955.ENSDARP00000052330	2527	24
1493554	7955.ENSDARP00000093850	37.5	3
1499400	7955.ENSDARP00000107964	33.7	2
1503349	7955.ENSDARP00000115964	31.8	105
1484341	7955.ENSDARP00000031658	2.88	5
1484235	7955.ENSDARP00000029935	22.0	5
1487730	7955.ENSDARP00000061743	1463	167
1485693	7955.ENSDARP00000047527	6.65	3
1487028	7955.ENSDARP00000057506	97.6	2
1490314	7955.ENSDARP00000075490	240	127
1498157	7955.ENSDARP00000105771	58.9	4
1499951	7955.ENSDARP00000108934	6.9	1
1484062	7955.ENSDARP00000027654	724	18
1481733	7955.ENSDARP00000005719	3488	47
1502232	7955.ENSDARP00000113048	156	7
1487632	7955.ENSDARP00000061097	13.7	60
1492241	7955.ENSDARP00000088086	22.3	11
1502981	7955.ENSDARP00000115012	27308	22673
1493636	7955.ENSDARP00000094165	584	5
1494020	7955.ENSDARP00000095720	352	179
1494510	7955.ENSDARP00000097696	2.22	1
1496577	7955.ENSDARP00000102537	7.07	2
1501911	7955.ENSDARP00000112306	204	12
1484812	7955.ENSDARP00000037801	39.4	3
1486256	7955.ENSDARP00000052687	21.2	12
1506762	7955.ENSDARP00000125077	2.51	1
1501337	7955.ENSDARP00000111298	382	150
1502154	7955.ENSDARP00000112865	182	6
1489783	7955.ENSDARP00000072903	22.2	2
1492389	7955.ENSDARP00000088722	52.9	4
1481818	7955.ENSDARP00000006510	67.9	11
1497272	7955.ENSDARP00000104163	2.3	1
1483106	7955.ENSDARP00000018348	22.6	1
1485525	7955.ENSDARP00000045696	820	23
1487475	7955.ENSDARP00000060156	62.4	7
1489704	7955.ENSDARP00000072581	194	42
1482037	7955.ENSDARP00000008536	29.8	1
1497506	7955.ENSDARP00000104621	52.8	2
1489579	7955.ENSDARP00000072076	25.8	4
1501591	7955.ENSDARP00000111762	30.2	8
1494032	7955.ENSDARP00000095774	1.45	1
1487871	7955.ENSDARP00000062655	56.9	4
1505364	7955.ENSDARP00000121190	527	5
1499120	7955.ENSDARP00000107491	119	85
1482246	7955.ENSDARP00000010639	50.8	3
1481483	7955.ENSDARP00000003389	1583	60
1481697	7955.ENSDARP00000005382	26.6	2
1498085	7955.ENSDARP00000105649	601	4
1482007	7955.ENSDARP00000008262	15.3	1
1494133	7955.ENSDARP00000096295	74.8	6
1496628	7955.ENSDARP00000102672	35.3	6
1498549	7955.ENSDARP00000106441	36.7	112
1486749	7955.ENSDARP00000055770	33.4	6
1501502	7955.ENSDARP00000111605	10.7	1
1486296	7955.ENSDARP00000052929	59.8	6
1497834	7955.ENSDARP00000105213	3.5	1
1502035	7955.ENSDARP00000112516	1.78	1
1485589	7955.ENSDARP00000046453	1243	607
1484583	7955.ENSDARP00000034822	72.4	27
1503983	7955.ENSDARP00000117628	480	38
1501091	7955.ENSDARP00000110895	16.7	11
1486642	7955.ENSDARP00000055185	1628	18
1496897	7955.ENSDARP00000103318	732	66
1487169	7955.ENSDARP00000058383	1909	114
1494950	7955.ENSDARP00000098726	732	66
1483074	7955.ENSDARP00000018027	68.5	5
1495696	7955.ENSDARP00000100434	574	431
1487643	7955.ENSDARP00000061143	64.5	2
1502026	7955.ENSDARP00000112501	13.9	2
1500316	7955.ENSDARP00000109570	700	53
1500243	7955.ENSDARP00000109442	23.0	6
1497300	7955.ENSDARP00000104211	50.7	5
1507124	7955.ENSDARP00000125799	225	2
1498187	7955.ENSDARP00000105825	168	21
1502041	7955.ENSDARP00000112527	371	150
1485018	7955.ENSDARP00000040327	343	66
1498217	7955.ENSDARP00000105884	1307	75
1499830	7955.ENSDARP00000108711	213	45
1483951	7955.ENSDARP00000026566	198	7
1483577	7955.ENSDARP00000023121	1937	70
1492573	7955.ENSDARP00000089612	265	13
1489867	7955.ENSDARP00000073298	2.54	2
1505184	7955.ENSDARP00000120695	2.32	1
1494076	7955.ENSDARP00000096043	56.4	15
1506381	7955.ENSDARP00000123814	5.4	2
1499428	7955.ENSDARP00000108019	25.7	1
1482912	7955.ENSDARP00000016700	13.5	1
1495033	7955.ENSDARP00000098911	181	2
1501608	7955.ENSDARP00000111786	702	265
1492850	7955.ENSDARP00000090794	732	66
1496287	7955.ENSDARP00000101862	702	265
1486483	7955.ENSDARP00000054142	1036	91
1485029	7955.ENSDARP00000040408	366	20
1502756	7955.ENSDARP00000114418	30.0	1
1482507	7955.ENSDARP00000012722	2.45	2
1490539	7955.ENSDARP00000076404	118	4
1500329	7955.ENSDARP00000109592	284	10
1500037	7955.ENSDARP00000109082	17.1	4
1503772	7955.ENSDARP00000117065	559	64
1484074	7955.ENSDARP00000027770	727	7
1493909	7955.ENSDARP00000095293	51.3	6
1506144	7955.ENSDARP00000123181	8.13	2
1488009	7955.ENSDARP00000063383	323	27
1496017	7955.ENSDARP00000101193	1911	45
1482194	7955.ENSDARP00000010116	49.9	2
1496152	7955.ENSDARP00000101525	382	150
1503737	7955.ENSDARP00000116987	4.27	1
1504251	7955.ENSDARP00000118280	252	35
1486424	7955.ENSDARP00000053772	1405	18
1483082	7955.ENSDARP00000018064	14.3	1
1489594	7955.ENSDARP00000072130	6.57	7
1485063	7955.ENSDARP00000040770	1938	14
1483385	7955.ENSDARP00000021260	6.58	1
1482469	7955.ENSDARP00000012436	32.5	45
1491492	7955.ENSDARP00000082921	68.6	1
1486815	7955.ENSDARP00000056187	23.8	1
1490802	7955.ENSDARP00000077940	228	2
1488726	7955.ENSDARP00000067534	5.61	2
1486630	7955.ENSDARP00000055135	651	435
1488351	7955.ENSDARP00000065372	215	5
1483347	7955.ENSDARP00000020867	6.27	2
1485724	7955.ENSDARP00000047901	16.5	3
1483168	7955.ENSDARP00000019054	26.8	1
1497274	7955.ENSDARP00000104168	77.7	8
1489641	7955.ENSDARP00000072337	17.2	15
1487261	7955.ENSDARP00000058876	10.7	2
1484402	7955.ENSDARP00000032422	11.2	1
1502351	7955.ENSDARP00000113362	2.24	1
1494164	7955.ENSDARP00000096392	461	4
1498732	7955.ENSDARP00000106781	345	150
1499632	7955.ENSDARP00000108361	13.3	1
1487201	7955.ENSDARP00000058547	1425	67
1483808	7955.ENSDARP00000025226	246	10
1489068	7955.ENSDARP00000069178	24.3	10
1490080	7955.ENSDARP00000074186	64.7	12
1484134	7955.ENSDARP00000028571	38.2	6
1496988	7955.ENSDARP00000103510	94.2	1
1494037	7955.ENSDARP00000095806	2.73	2
1485847	7955.ENSDARP00000049284	23.4	2
1494549	7955.ENSDARP00000097777	4.62	2
1488804	7955.ENSDARP00000067896	532	37
1483604	7955.ENSDARP00000023354	714	48
1494714	7955.ENSDARP00000098182	36.1	6
1499750	7955.ENSDARP00000108556	75.4	7
1490194	7955.ENSDARP00000074872	639	38
1483445	7955.ENSDARP00000021993	21.1	1
1487856	7955.ENSDARP00000062555	633	20
1499215	7955.ENSDARP00000107646	15.6	1
1497114	7955.ENSDARP00000103794	225	42
1490237	7955.ENSDARP00000075110	574	431
1499396	7955.ENSDARP00000107948	1482	142
1500847	7955.ENSDARP00000110484	134	14
1500523	7955.ENSDARP00000109929	345	32
1490576	7955.ENSDARP00000076524	102	2
1500058	7955.ENSDARP00000109113	44.6	3
1496207	7955.ENSDARP00000101667	4.74	2
1492613	7955.ENSDARP00000089772	6.46	1
1495591	7955.ENSDARP00000100208	15.5	7
1492699	7955.ENSDARP00000090161	1.65	1
1495253	7955.ENSDARP00000099418	535	8
1484198	7955.ENSDARP00000029477	10.8	9
1494310	7955.ENSDARP00000096925	32.7	1
1487142	7955.ENSDARP00000058255	697	77
1488913	7955.ENSDARP00000068422	8.18	1
1504780	7955.ENSDARP00000119683	1613	18
1489903	7955.ENSDARP00000073455	4995	241
1493749	7955.ENSDARP00000094633	291	28
1498036	7955.ENSDARP00000105565	332	15
1482999	7955.ENSDARP00000017456	2752	333
1483572	7955.ENSDARP00000023063	1018	71
1490221	7955.ENSDARP00000074998	68.0	2
1485981	7955.ENSDARP00000050864	54.8	4
1491405	7955.ENSDARP00000082327	702	265
1485967	7955.ENSDARP00000050670	143	19
1482821	7955.ENSDARP00000015866	571	98
1493894	7955.ENSDARP00000095248	1334	3
1485937	7955.ENSDARP00000050331	57.6	9
1483873	7955.ENSDARP00000025779	124	10
1484196	7955.ENSDARP00000029462	21.4	1
1500141	7955.ENSDARP00000109257	702	265
1484518	7955.ENSDARP00000033828	17.0	3
1496165	7955.ENSDARP00000101565	6.82	1
1500027	7955.ENSDARP00000109065	35.8	1
1507313	7955.ENSDARP00000126276	33.7	9
1493312	7955.ENSDARP00000092787	11.5	1
1484601	7955.ENSDARP00000035057	9.59	6
1504083	7955.ENSDARP00000117880	113	8
1483829	7955.ENSDARP00000025466	221	22
1481608	7955.ENSDARP00000004561	2.93	1
1494071	7955.ENSDARP00000095998	73.5	1
1487243	7955.ENSDARP00000058736	773	17
1481495	7955.ENSDARP00000003468	127	17
1498182	7955.ENSDARP00000105815	2676	549
1487173	7955.ENSDARP00000058402	152	28
1505349	7955.ENSDARP00000121161	29.1	2
1500103	7955.ENSDARP00000109203	467	15
1481347	7955.ENSDARP00000002234	187	13
1496759	7955.ENSDARP00000102978	5.3	1
1498325	7955.ENSDARP00000106067	224	35
1485031	7955.ENSDARP00000040421	39.6	3
1482890	7955.ENSDARP00000016453	120	36
1502708	7955.ENSDARP00000114309	18.0	2
1498977	7955.ENSDARP00000107234	732	66
1499789	7955.ENSDARP00000108629	946	28
1506324	7955.ENSDARP00000123652	111	13
1500153	7955.ENSDARP00000109278	18.4	4
1492071	7955.ENSDARP00000087157	12.2	9
1482225	7955.ENSDARP00000010419	23.3	1
1482824	7955.ENSDARP00000015884	192	4
1504037	7955.ENSDARP00000117775	0.524	1
1485934	7955.ENSDARP00000050295	541	11
1495959	7955.ENSDARP00000101063	74.1	21
1488126	7955.ENSDARP00000064030	3.4	2
1485195	7955.ENSDARP00000042199	145	21
1504996	7955.ENSDARP00000120213	48.2	15
1489219	7955.ENSDARP00000070002	120	12
1494786	7955.ENSDARP00000098348	101	7
1485933	7955.ENSDARP00000050270	119	21
1499876	7955.ENSDARP00000108798	79.6	6
1491491	7955.ENSDARP00000082917	0.655	1
1486026	7955.ENSDARP00000051230	9.11	2
1489133	7955.ENSDARP00000069525	201	121
1493049	7955.ENSDARP00000091733	32.2	9
1497178	7955.ENSDARP00000103937	345	150
1501416	7955.ENSDARP00000111451	152	22
1487227	7955.ENSDARP00000058679	236	17
1491702	7955.ENSDARP00000084443	11.1	2
1506086	7955.ENSDARP00000123019	69.3	7
1507198	7955.ENSDARP00000125972	1616	45
1490920	7955.ENSDARP00000078796	0.366	2
1502421	7955.ENSDARP00000113541	382	150
1502821	7955.ENSDARP00000114580	0.382	2
1493901	7955.ENSDARP00000095265	11.3	5
1501748	7955.ENSDARP00000112034	702	265
1498230	7955.ENSDARP00000105912	291	13
1486429	7955.ENSDARP00000053793	114	2
1481767	7955.ENSDARP00000006047	13.8	3
1498778	7955.ENSDARP00000106870	92.9	2
1481529	7955.ENSDARP00000003744	223	27
1498891	7955.ENSDARP00000107078	16.1	2
1483530	7955.ENSDARP00000022641	1820	105
1497214	7955.ENSDARP00000104033	1149	642
1499928	7955.ENSDARP00000108896	21.8	15
1488347	7955.ENSDARP00000065355	3.43	7
1494722	7955.ENSDARP00000098194	49.5	2
1495061	7955.ENSDARP00000098975	35.8	3
1490230	7955.ENSDARP00000075074	397	13
1483525	7955.ENSDARP00000022595	193	8
1501909	7955.ENSDARP00000112301	732	66
1484892	7955.ENSDARP00000038799	809	26
1498863	7955.ENSDARP00000107028	702	265
1482298	7955.ENSDARP00000011083	39.8	4
1487625	7955.ENSDARP00000061012	534	3
1498924	7955.ENSDARP00000107144	141	7
1502765	7955.ENSDARP00000114435	2.44	1
1481381	7955.ENSDARP00000002544	3570	1146
1493769	7955.ENSDARP00000094733	19.4	6
1501715	7955.ENSDARP00000111973	382	150
1497990	7955.ENSDARP00000105496	702	265
1484600	7955.ENSDARP00000035027	112	16
1498750	7955.ENSDARP00000106807	118	3
1501476	7955.ENSDARP00000111561	6.87	2
1501783	7955.ENSDARP00000112092	382	150
1494498	7955.ENSDARP00000097665	153	31
1498381	7955.ENSDARP00000106164	62.7	51
1488283	7955.ENSDARP00000064973	90.3	5
1488531	7955.ENSDARP00000066500	3.29	1
1502024	7955.ENSDARP00000112496	136	18
1484416	7955.ENSDARP00000032643	279	11
1500429	7955.ENSDARP00000109765	5451	126
1497414	7955.ENSDARP00000104468	1809	391
1490075	7955.ENSDARP00000074169	6914	130
1502240	7955.ENSDARP00000113061	1.25	1
1485917	7955.ENSDARP00000050129	21.8	2
1490258	7955.ENSDARP00000075208	38.7	4
1481949	7955.ENSDARP00000007735	161	15
1501061	7955.ENSDARP00000110851	794	453
1503316	7955.ENSDARP00000115888	242	23
1496933	7955.ENSDARP00000103385	3.98	1
1488711	7955.ENSDARP00000067447	185	10
1486251	7955.ENSDARP00000052655	8.75	1
1485131	7955.ENSDARP00000041530	1715	31
1495356	7955.ENSDARP00000099639	108	24
1493244	7955.ENSDARP00000092484	1326	46
1495916	7955.ENSDARP00000100979	2.84	3
1481987	7955.ENSDARP00000008085	9.89	1
1486354	7955.ENSDARP00000053319	3.11	2
1504082	7955.ENSDARP00000117879	1616	45
1496068	7955.ENSDARP00000101311	702	265
1498905	7955.ENSDARP00000107110	857	89
1487075	7955.ENSDARP00000057787	239	150
1505344	7955.ENSDARP00000121147	204	40
1482896	7955.ENSDARP00000016540	58.2	12
1500367	7955.ENSDARP00000109662	13.7	3
1485442	7955.ENSDARP00000044936	0.899	2
1487088	7955.ENSDARP00000057866	283	16
1505674	7955.ENSDARP00000121973	17.7	1
1482477	7955.ENSDARP00000012500	371	36
1506268	7955.ENSDARP00000123510	10.5	1
1482419	7955.ENSDARP00000012048	53.0	10
1482357	7955.ENSDARP00000011510	528	31
1485447	7955.ENSDARP00000045014	22.2	3
1496102	7955.ENSDARP00000101406	55.8	2
1490535	7955.ENSDARP00000076389	214	10
1491300	7955.ENSDARP00000081544	3.98	4
1493866	7955.ENSDARP00000095128	4.71	4
1504309	7955.ENSDARP00000118435	49.1	4
1500151	7955.ENSDARP00000109275	10.8	8
1489801	7955.ENSDARP00000072971	140	13
1507355	7955.ENSDARP00000126377	2.47	1
1490717	7955.ENSDARP00000077331	55.3	19
1498102	7955.ENSDARP00000105678	153	31
1494838	7955.ENSDARP00000098474	24.0	1
1494425	7955.ENSDARP00000097494	210	8
1488779	7955.ENSDARP00000067802	1415	82
1498333	7955.ENSDARP00000106080	280	25
1496800	7955.ENSDARP00000103071	181	4
1505053	7955.ENSDARP00000120344	1616	45
1485533	7955.ENSDARP00000045815	5.69	1
1493777	7955.ENSDARP00000094762	165	11
1486553	7955.ENSDARP00000054618	191	17
1501342	7955.ENSDARP00000111308	25.4	3
1503252	7955.ENSDARP00000115723	25.0	6
1485393	7955.ENSDARP00000044281	7.45	1
1499937	7955.ENSDARP00000108912	38.0	2
1482086	7955.ENSDARP00000009133	95.3	3
1490574	7955.ENSDARP00000076519	14.0	2
1499478	7955.ENSDARP00000108108	242	16
1494820	7955.ENSDARP00000098432	382	150
1506132	7955.ENSDARP00000123149	26.3	3
1496128	7955.ENSDARP00000101467	702	265
1482568	7955.ENSDARP00000013286	14.0	15
1493065	7955.ENSDARP00000091811	358	6
1501239	7955.ENSDARP00000111142	4.85	1
1492374	7955.ENSDARP00000088646	13.7	2
1488473	7955.ENSDARP00000066176	1408	492
1485832	7955.ENSDARP00000049134	46.0	6
1490831	7955.ENSDARP00000078125	13.4	1
1495455	7955.ENSDARP00000099895	10.7	2
1481292	7955.ENSDARP00000000803	8.27	8
1489822	7955.ENSDARP00000073057	1756	120
1492762	7955.ENSDARP00000090434	1491	54
1484163	7955.ENSDARP00000028970	263	35
1504477	7955.ENSDARP00000118861	37.4	3
1482971	7955.ENSDARP00000017217	288	17
1488816	7955.ENSDARP00000067943	55.9	7
1492305	7955.ENSDARP00000088345	0.654	1
1484795	7955.ENSDARP00000037635	17.7	1
1502343	7955.ENSDARP00000113335	193	8
1505743	7955.ENSDARP00000122141	1016	20
1481706	7955.ENSDARP00000005448	39.3	6
1487996	7955.ENSDARP00000063250	44.9	3
1483333	7955.ENSDARP00000020770	3.45	1
1483861	7955.ENSDARP00000025702	1194	210
1489917	7955.ENSDARP00000073498	7.72	1
1500096	7955.ENSDARP00000109192	78.8	3
1490336	7955.ENSDARP00000075599	104	3
1489661	7955.ENSDARP00000072408	432	5
1493871	7955.ENSDARP00000095139	1207	16
1482813	7955.ENSDARP00000015805	460	74
1497293	7955.ENSDARP00000104196	28.5	4
1489727	7955.ENSDARP00000072678	19641	19620
1502747	7955.ENSDARP00000114396	39.4	4
1489339	7955.ENSDARP00000070561	94.0	11
1481826	7955.ENSDARP00000006624	2995	54
1486912	7955.ENSDARP00000056789	1099	8
1483265	7955.ENSDARP00000020027	1739	47
1489321	7955.ENSDARP00000070488	107	21
1486838	7955.ENSDARP00000056318	926	14
1505894	7955.ENSDARP00000122502	3.31	28
1485028	7955.ENSDARP00000040404	33.2	7
1506459	7955.ENSDARP00000124085	1585	3
1487132	7955.ENSDARP00000058161	150	14
1502550	7955.ENSDARP00000113905	255	46
1507056	7955.ENSDARP00000125625	65.8	6
1488367	7955.ENSDARP00000065447	275	11
1494223	7955.ENSDARP00000096586	3.12	1
1498841	7955.ENSDARP00000106981	24.0	17
1490635	7955.ENSDARP00000076815	9.8	5
1482489	7955.ENSDARP00000012585	9.13	1
1483899	7955.ENSDARP00000026065	128	45
1503532	7955.ENSDARP00000116441	116	8
1494967	7955.ENSDARP00000098757	19.0	1
1497170	7955.ENSDARP00000103912	451	8
1487429	7955.ENSDARP00000059885	468	31
1499491	7955.ENSDARP00000108133	17.4	6
1482808	7955.ENSDARP00000015775	67.3	7
1502773	7955.ENSDARP00000114456	2.27	7
1506032	7955.ENSDARP00000122887	40.3	7
1483834	7955.ENSDARP00000025501	283	31
1500098	7955.ENSDARP00000109194	8.69	1
1488617	7955.ENSDARP00000067004	9.17	2
1494051	7955.ENSDARP00000095894	589	50
1489398	7955.ENSDARP00000070941	3.38	1
1482435	7955.ENSDARP00000012198	15.2	1
1483903	7955.ENSDARP00000026087	218	13
1498577	7955.ENSDARP00000106496	702	265
1486590	7955.ENSDARP00000054848	30.3	5
1494335	7955.ENSDARP00000097050	28423	1515
1502106	7955.ENSDARP00000112736	3.56	1
1481726	7955.ENSDARP00000005644	40.0	1
1481667	7955.ENSDARP00000005181	85.2	2
1506271	7955.ENSDARP00000123522	262	15
1485485	7955.ENSDARP00000045328	73.6	1
1488085	7955.ENSDARP00000063805	140	24
1505360	7955.ENSDARP00000121180	11.3	2
1498170	7955.ENSDARP00000105799	7.26	1
1481359	7955.ENSDARP00000002360	13.8	3
1482617	7955.ENSDARP00000013803	31.3	3
1483728	7955.ENSDARP00000024391	44.4	4
1490585	7955.ENSDARP00000076580	41.5	9
1489730	7955.ENSDARP00000072687	31272	26495
1505187	7955.ENSDARP00000120702	612	88
1495465	7955.ENSDARP00000099928	29.9	1
1505928	7955.ENSDARP00000122579	428	23
1503386	7955.ENSDARP00000116075	70.3	176
1482649	7955.ENSDARP00000014182	10.9	1
1505796	7955.ENSDARP00000122263	2166	560
1502952	7955.ENSDARP00000114932	39.0	2
1482324	7955.ENSDARP00000011226	127	5
1491648	7955.ENSDARP00000084037	11.3	1
1506756	7955.ENSDARP00000125059	40.3	1
1481335	7955.ENSDARP00000002122	140	17
1489489	7955.ENSDARP00000071587	36.9	3
1489162	7955.ENSDARP00000069676	2.31	7
1483670	7955.ENSDARP00000023871	277	5
1482308	7955.ENSDARP00000011148	1185	21
1488985	7955.ENSDARP00000068783	51.5	5
1484531	7955.ENSDARP00000034077	88.3	8
1482678	7955.ENSDARP00000014456	460	24
1507259	7955.ENSDARP00000126135	162	4
1495144	7955.ENSDARP00000099156	24.8	1
1489168	7955.ENSDARP00000069708	280	6
1500089	7955.ENSDARP00000109185	1411	25
1484637	7955.ENSDARP00000035513	225	3
1505901	7955.ENSDARP00000122524	1.92	1
1489628	7955.ENSDARP00000072300	250	9
1481440	7955.ENSDARP00000003107	87.2	9
1497474	7955.ENSDARP00000104575	207	28
1499357	7955.ENSDARP00000107877	66.8	9
1495770	7955.ENSDARP00000100627	48.2	5
1486979	7955.ENSDARP00000057256	271	13
1490060	7955.ENSDARP00000074127	118	24
1483171	7955.ENSDARP00000019087	15.1	1
1497929	7955.ENSDARP00000105375	11.9	5
1497876	7955.ENSDARP00000105290	732	66
1483512	7955.ENSDARP00000022528	88.7	2
1507179	7955.ENSDARP00000125918	15.6	27
1493853	7955.ENSDARP00000095079	5.21	1
1493670	7955.ENSDARP00000094289	34.8	4
1502030	7955.ENSDARP00000112506	67.2	9
1485177	7955.ENSDARP00000041959	120	25
1506168	7955.ENSDARP00000123250	34.4	2
1492804	7955.ENSDARP00000090576	57.7	3
1505141	7955.ENSDARP00000120580	60.5	1
1489777	7955.ENSDARP00000072874	828	30
1486205	7955.ENSDARP00000052417	9.5	2
1485936	7955.ENSDARP00000050307	112	16
1504862	7955.ENSDARP00000119887	107	2
1494065	7955.ENSDARP00000095947	37.3	1
1483013	7955.ENSDARP00000017569	1262	97
1506769	7955.ENSDARP00000125089	3.31	28
1483585	7955.ENSDARP00000023177	3483	107
1490642	7955.ENSDARP00000076844	324	35
1501354	7955.ENSDARP00000111326	71.1	191
1486227	7955.ENSDARP00000052528	3832	53
1484545	7955.ENSDARP00000034228	1.6	1
1487733	7955.ENSDARP00000061750	2419	234
1503348	7955.ENSDARP00000115962	165	25
1488594	7955.ENSDARP00000066929	386	26
1504720	7955.ENSDARP00000119504	66.6	2
1490257	7955.ENSDARP00000075204	103	12
1499775	7955.ENSDARP00000108601	26.2	2
1483481	7955.ENSDARP00000022302	94.3	38
1492578	7955.ENSDARP00000089645	39.4	3
1487219	7955.ENSDARP00000058628	558	428
1493245	7955.ENSDARP00000092488	5992	302
1488676	7955.ENSDARP00000067292	69.9	6
1498726	7955.ENSDARP00000106769	312	6
1482185	7955.ENSDARP00000010055	865	29
1485272	7955.ENSDARP00000043066	1179	18
1487276	7955.ENSDARP00000058947	5.94	1
1486800	7955.ENSDARP00000056094	131	3
1485744	7955.ENSDARP00000048163	32.8	5
1495708	7955.ENSDARP00000100463	745	273
1502622	7955.ENSDARP00000114072	1371	5
1504573	7955.ENSDARP00000119101	0.525	2
1489073	7955.ENSDARP00000069198	919	45
1485295	7955.ENSDARP00000043235	1.46	1
1487097	7955.ENSDARP00000057943	1251	18
1485164	7955.ENSDARP00000041841	795	16
1484089	7955.ENSDARP00000027947	3560	295
1482926	7955.ENSDARP00000016818	27.6	45
1506274	7955.ENSDARP00000123530	394	25
1493884	7955.ENSDARP00000095196	127	3
1483783	7955.ENSDARP00000024981	187	14
1500174	7955.ENSDARP00000109315	349	150
1488863	7955.ENSDARP00000068144	13.2	9
1486974	7955.ENSDARP00000057222	222	7
1485599	7955.ENSDARP00000046586	33.7	9
1503644	7955.ENSDARP00000116739	382	150
1501094	7955.ENSDARP00000110900	14.6	2
1481306	7955.ENSDARP00000001256	25.1	1
1481894	7955.ENSDARP00000007240	63.7	9
1491570	7955.ENSDARP00000083499	6.76	1
1494104	7955.ENSDARP00000096178	2531	43
1492758	7955.ENSDARP00000090402	16.7	4
1493231	7955.ENSDARP00000092435	5.48	1
1502325	7955.ENSDARP00000113290	0.461	2
1483236	7955.ENSDARP00000019813	235	13
1499195	7955.ENSDARP00000107611	258	56
1501475	7955.ENSDARP00000111558	4.12	1
1497897	7955.ENSDARP00000105328	858	15
1481754	7955.ENSDARP00000005930	387	28
1491244	7955.ENSDARP00000081180	166	13
1490996	7955.ENSDARP00000079424	128	15
1482615	7955.ENSDARP00000013777	380	16
1493536	7955.ENSDARP00000093791	382	150
1486197	7955.ENSDARP00000052382	307	10
1506372	7955.ENSDARP00000123790	502	4
1501326	7955.ENSDARP00000111281	12.4	1
1486290	7955.ENSDARP00000052914	2.36	1
1489851	7955.ENSDARP00000073195	13.3	60
1498408	7955.ENSDARP00000106208	70.7	16
1497842	7955.ENSDARP00000105230	150	14
1495383	7955.ENSDARP00000099712	411	67
1501139	7955.ENSDARP00000110972	70.0	7
1491814	7955.ENSDARP00000085284	1.0	2
1481407	7955.ENSDARP00000002825	41.3	9
1503773	7955.ENSDARP00000117066	73.3	15
1491769	7955.ENSDARP00000084961	25.7	2
1484495	7955.ENSDARP00000033537	19.2	1
1485823	7955.ENSDARP00000048990	14.3	3
1486610	7955.ENSDARP00000054986	2166	560
1506302	7955.ENSDARP00000123601	19.6	13
1482264	7955.ENSDARP00000010840	9.05	5
1482083	7955.ENSDARP00000009096	1492	69
1484374	7955.ENSDARP00000032142	1.33	1
1500865	7955.ENSDARP00000110511	382	150
1491777	7955.ENSDARP00000085044	21.1	2
1486503	7955.ENSDARP00000054289	304	19
1483712	7955.ENSDARP00000024272	68.1	70
1490215	7955.ENSDARP00000074959	185	3
1506281	7955.ENSDARP00000123538	108	7
1485065	7955.ENSDARP00000040787	42.4	6
1485087	7955.ENSDARP00000041087	242	16
1493067	7955.ENSDARP00000091816	70.3	13
1486352	7955.ENSDARP00000053303	1047	585
1488718	7955.ENSDARP00000067511	15.2	1
1491445	7955.ENSDARP00000082599	20.4	4
1482739	7955.ENSDARP00000015065	807	67
1485858	7955.ENSDARP00000049374	12.0	5
1493939	7955.ENSDARP00000095389	1.19	1
1484291	7955.ENSDARP00000030881	602	87
1482063	7955.ENSDARP00000008834	110	19
1505477	7955.ENSDARP00000121484	3.2	28
1486041	7955.ENSDARP00000051359	32.2	110
1484026	7955.ENSDARP00000027276	9.6	2
1489416	7955.ENSDARP00000071046	41.2	9
1505521	7955.ENSDARP00000121591	328	10
1494171	7955.ENSDARP00000096421	146	7
1482107	7955.ENSDARP00000009285	21.8	2
1498819	7955.ENSDARP00000106947	90.5	13
1503893	7955.ENSDARP00000117394	1.95	1
1494959	7955.ENSDARP00000098745	9.44	3
1486312	7955.ENSDARP00000053076	1345	39
1486061	7955.ENSDARP00000051532	160	7
1488720	7955.ENSDARP00000067513	158	11
1504074	7955.ENSDARP00000117864	3815	35
1493229	7955.ENSDARP00000092429	173	15
1489341	7955.ENSDARP00000070563	58.2	2
1501124	7955.ENSDARP00000110951	8.59	5
1490745	7955.ENSDARP00000077564	5.25	1
1482512	7955.ENSDARP00000012767	262	54
1486673	7955.ENSDARP00000055338	30.7	1
1484314	7955.ENSDARP00000031181	543	9
1483527	7955.ENSDARP00000022612	9.1	2
1507185	7955.ENSDARP00000125930	3.16	2
1507303	7955.ENSDARP00000126252	136	7
1493898	7955.ENSDARP00000095260	118	8
1499919	7955.ENSDARP00000108880	11.4	1
1496132	7955.ENSDARP00000101478	1148	33
1499191	7955.ENSDARP00000107596	2.45	1
1490890	7955.ENSDARP00000078549	3.18	2
1500012	7955.ENSDARP00000109044	702	265
1484667	7955.ENSDARP00000035977	2.05	1
1494211	7955.ENSDARP00000096542	1.48	1
1493380	7955.ENSDARP00000093157	23.4	2
1484367	7955.ENSDARP00000032005	3.77	2
1482384	7955.ENSDARP00000011713	36.0	2
1491224	7955.ENSDARP00000081043	17.4	1
1505456	7955.ENSDARP00000121437	361	19
1487095	7955.ENSDARP00000057912	2.94	7
1493851	7955.ENSDARP00000095074	395	60
1495955	7955.ENSDARP00000101055	113	8
1482900	7955.ENSDARP00000016602	98.8	7
1499185	7955.ENSDARP00000107585	702	265
1485371	7955.ENSDARP00000044056	9.39	1
1490192	7955.ENSDARP00000074862	17.9	2
1488800	7955.ENSDARP00000067891	732	66
1489901	7955.ENSDARP00000073439	890	67
1484369	7955.ENSDARP00000032037	46.0	1
1506809	7955.ENSDARP00000125167	3.68	1
1498937	7955.ENSDARP00000107173	5722	126
1486742	7955.ENSDARP00000055741	29.4	9
1494179	7955.ENSDARP00000096443	330	32
1483851	7955.ENSDARP00000025613	429	19
1484765	7955.ENSDARP00000037304	34.7	1
1486747	7955.ENSDARP00000055756	6.47	6
1487458	7955.ENSDARP00000060055	608	48
1483765	7955.ENSDARP00000024741	87.9	4
1482269	7955.ENSDARP00000010878	3151	323
1505166	7955.ENSDARP00000120649	9.41	2
1486104	7955.ENSDARP00000051762	943	48
1484060	7955.ENSDARP00000027643	5.78	1
1494315	7955.ENSDARP00000096950	70.7	16
1494318	7955.ENSDARP00000096964	4.88	2
1481544	7955.ENSDARP00000003850	249	8
1496685	7955.ENSDARP00000102802	8.15	1
1484270	7955.ENSDARP00000030555	9.49	2
1484650	7955.ENSDARP00000035728	38.7	4
1488819	7955.ENSDARP00000067950	95.5	1
1486830	7955.ENSDARP00000056279	2.2	2
1485178	7955.ENSDARP00000041991	22.7	5
1506574	7955.ENSDARP00000124424	126	13
1485167	7955.ENSDARP00000041860	37.4	2
1503595	7955.ENSDARP00000116609	29.7	3
1499755	7955.ENSDARP00000108568	9.11	1
1489546	7955.ENSDARP00000071885	29.1	3
1503424	7955.ENSDARP00000116170	206	18
1482697	7955.ENSDARP00000014732	70.8	2
1483112	7955.ENSDARP00000018458	746	130
1483768	7955.ENSDARP00000024752	433	99
1485505	7955.ENSDARP00000045564	241	5
1502495	7955.ENSDARP00000113739	52.6	6
1495169	7955.ENSDARP00000099216	60.0	15
1486007	7955.ENSDARP00000051054	332	9
1506004	7955.ENSDARP00000122802	4.4	1
1498911	7955.ENSDARP00000107122	1117	554
1490109	7955.ENSDARP00000074418	9.05	1
1495410	7955.ENSDARP00000099767	83.6	4
1494493	7955.ENSDARP00000097644	25.6	2
1501273	7955.ENSDARP00000111199	42.1	6
1503622	7955.ENSDARP00000116684	189	50
1483904	7955.ENSDARP00000026092	792	36
1483643	7955.ENSDARP00000023685	23.0	2
1498782	7955.ENSDARP00000106877	732	66
1498634	7955.ENSDARP00000106590	9.22	1
1481524	7955.ENSDARP00000003700	843	34
1484139	7955.ENSDARP00000028641	39.4	2
1491791	7955.ENSDARP00000085142	66.8	5
1497925	7955.ENSDARP00000105368	41.5	9
1503640	7955.ENSDARP00000116723	713	29
1482901	7955.ENSDARP00000016622	28.3	9
1501249	7955.ENSDARP00000111158	15.0	1
1486780	7955.ENSDARP00000055972	32.2	7
1504441	7955.ENSDARP00000118756	24.6	1
1486796	7955.ENSDARP00000056071	46.8	14
1499722	7955.ENSDARP00000108507	1221	41
1486795	7955.ENSDARP00000056064	96.2	3
1505006	7955.ENSDARP00000120230	12.9	2
1485287	7955.ENSDARP00000043172	1229	29
1506989	7955.ENSDARP00000125496	604	88
1504169	7955.ENSDARP00000118068	21.3	15
1495747	7955.ENSDARP00000100563	5.61	2
1495405	7955.ENSDARP00000099755	179	15
1496821	7955.ENSDARP00000103118	164	20
1498142	7955.ENSDARP00000105746	382	150
1481929	7955.ENSDARP00000007588	84.0	7
1497879	7955.ENSDARP00000105296	512	23
1484867	7955.ENSDARP00000038550	19.8	2
1494914	7955.ENSDARP00000098653	0.502	3
1486687	7955.ENSDARP00000055429	402	3
1494122	7955.ENSDARP00000096258	663	9
1486149	7955.ENSDARP00000052090	22.5	4
1490111	7955.ENSDARP00000074422	128	15
1484834	7955.ENSDARP00000038172	607	7
1484813	7955.ENSDARP00000037812	35.5	2
1482221	7955.ENSDARP00000010393	112	16
1484910	7955.ENSDARP00000038975	13.4	1
1490771	7955.ENSDARP00000077752	2.64	1
1503079	7955.ENSDARP00000115290	25.5	1
1488645	7955.ENSDARP00000067116	118	10
1500451	7955.ENSDARP00000109807	678	491
1485301	7955.ENSDARP00000043311	192	5
1505407	7955.ENSDARP00000121314	1052	34
1492687	7955.ENSDARP00000090113	25.3	3
1498870	7955.ENSDARP00000107042	12.1	2
1495585	7955.ENSDARP00000100195	1004	446
1483156	7955.ENSDARP00000018923	227	39
1502589	7955.ENSDARP00000113988	25284	22307
1487179	7955.ENSDARP00000058424	161	10
1489587	7955.ENSDARP00000072097	30.8	3
1484037	7955.ENSDARP00000027389	683	67
1496830	7955.ENSDARP00000103150	12.8	8
1496351	7955.ENSDARP00000102014	27.1	2
1484186	7955.ENSDARP00000029343	51.1	7
1494108	7955.ENSDARP00000096200	1452	25
1492416	7955.ENSDARP00000088868	4.85	8
1486009	7955.ENSDARP00000051080	80.5	38
1485202	7955.ENSDARP00000042254	9.45	2
1495706	7955.ENSDARP00000100461	13.8	1
1485929	7955.ENSDARP00000050237	40636	30091
1484607	7955.ENSDARP00000035106	7.18	2
1488226	7955.ENSDARP00000064608	36.8	10
1498223	7955.ENSDARP00000105905	6.87	1
1483841	7955.ENSDARP00000025539	203	21
1502367	7955.ENSDARP00000113408	320	58
1503504	7955.ENSDARP00000116372	3.17	28
1489873	7955.ENSDARP00000073325	267	14
1487673	7955.ENSDARP00000061364	8.39	4
1493032	7955.ENSDARP00000091666	655	34
1484448	7955.ENSDARP00000033069	115	4
1484877	7955.ENSDARP00000038658	1952	46
1496381	7955.ENSDARP00000102083	2.01	1
1500403	7955.ENSDARP00000109720	16.2	2
1483364	7955.ENSDARP00000021064	71.2	27
1502766	7955.ENSDARP00000114437	76.4	50
1482860	7955.ENSDARP00000016158	3482	50
1502795	7955.ENSDARP00000114512	51.9	2
1486753	7955.ENSDARP00000055809	205	7
1486752	7955.ENSDARP00000055793	110	2
1489651	7955.ENSDARP00000072376	1516	32
1486712	7955.ENSDARP00000055576	68.5	6
1483241	7955.ENSDARP00000019826	8.69	1
1484454	7955.ENSDARP00000033180	21.5	62
1484065	7955.ENSDARP00000027672	136	5
1482722	7955.ENSDARP00000014955	93.7	21
1503426	7955.ENSDARP00000116173	14.7	10
1500207	7955.ENSDARP00000109373	0.48	1
1485142	7955.ENSDARP00000041626	283	19
1497753	7955.ENSDARP00000105059	702	265
1499818	7955.ENSDARP00000108688	60.7	12
1489715	7955.ENSDARP00000072618	13.0	1
1505042	7955.ENSDARP00000120317	9.62	1
1489360	7955.ENSDARP00000070686	17.4	2
1481596	7955.ENSDARP00000004394	86.2	51
1485102	7955.ENSDARP00000041278	1745	635
1483046	7955.ENSDARP00000017792	18.9	2
1497926	7955.ENSDARP00000105369	0.673	2
1492192	7955.ENSDARP00000087876	260	1
1483354	7955.ENSDARP00000020942	18.6	4
1494304	7955.ENSDARP00000096898	62.3	24
1493402	7955.ENSDARP00000093249	17.9	3
1485542	7955.ENSDARP00000045900	4816	93
1496672	7955.ENSDARP00000102775	382	150
1499787	7955.ENSDARP00000108627	20.6	3
1481463	7955.ENSDARP00000003276	2.64	1
1486620	7955.ENSDARP00000055063	73.7	7
1506618	7955.ENSDARP00000124593	11.6	1
1491562	7955.ENSDARP00000083454	68.5	6
1491253	7955.ENSDARP00000081244	229	45
1481867	7955.ENSDARP00000007032	87.9	8
1494431	7955.ENSDARP00000097506	301	10
1493136	7955.ENSDARP00000092020	196	7
1493857	7955.ENSDARP00000095097	38.8	4
1481857	7955.ENSDARP00000006888	9.85	2
1493956	7955.ENSDARP00000095458	1804	36
1485672	7955.ENSDARP00000047268	1616	45
1503586	7955.ENSDARP00000116589	776	64
1493683	7955.ENSDARP00000094342	51.2	4
1499879	7955.ENSDARP00000108805	253	12
1506332	7955.ENSDARP00000123671	85.0	3
1484014	7955.ENSDARP00000027118	265	37
1489083	7955.ENSDARP00000069254	568	16
1504986	7955.ENSDARP00000120183	1737	57
1495305	7955.ENSDARP00000099532	0.233	3
1502257	7955.ENSDARP00000113118	1716	36
1481501	7955.ENSDARP00000003519	51.1	2
1486493	7955.ENSDARP00000054204	857	14
1506127	7955.ENSDARP00000123136	79.4	3
1492449	7955.ENSDARP00000089039	32.2	6
1496890	7955.ENSDARP00000103300	396	19
1482794	7955.ENSDARP00000015591	4.59	2
1497041	7955.ENSDARP00000103621	705	41
1505907	7955.ENSDARP00000122542	1401	53
1499890	7955.ENSDARP00000108828	732	66
1484968	7955.ENSDARP00000039787	1367	19
1484418	7955.ENSDARP00000032669	16.6	3
1483321	7955.ENSDARP00000020578	251	19
1482747	7955.ENSDARP00000015132	92.8	7
1507350	7955.ENSDARP00000126369	9.68	1
1497047	7955.ENSDARP00000103634	534	34
1486433	7955.ENSDARP00000053833	232	12
1500032	7955.ENSDARP00000109071	702	265
1487936	7955.ENSDARP00000062982	293	13
1481318	7955.ENSDARP00000001575	75.0	20
1494642	7955.ENSDARP00000098004	1372	307
1498809	7955.ENSDARP00000106923	5.92	1
1492294	7955.ENSDARP00000088302	45.5	1
1483092	7955.ENSDARP00000018197	839	29
1502631	7955.ENSDARP00000114091	4.43	1
1484497	7955.ENSDARP00000033554	6.24	2
1484064	7955.ENSDARP00000027662	978	55
1494528	7955.ENSDARP00000097735	357	5
1482840	7955.ENSDARP00000015985	10.9	4
1490144	7955.ENSDARP00000074585	22.3	4
1482766	7955.ENSDARP00000015328	573	33
1489095	7955.ENSDARP00000069300	2709	92
1487478	7955.ENSDARP00000060165	728	60
1492624	7955.ENSDARP00000089804	1792	83
1481569	7955.ENSDARP00000004139	41.9	5
1505271	7955.ENSDARP00000120922	150	9
1503294	7955.ENSDARP00000115833	13.1	1
1492120	7955.ENSDARP00000087463	557	20
1491636	7955.ENSDARP00000083973	6.57	2
1498542	7955.ENSDARP00000106429	172	7
1499494	7955.ENSDARP00000108139	68.1	5
1485439	7955.ENSDARP00000044895	8.8	6
1494718	7955.ENSDARP00000098188	2.22	1
1501435	7955.ENSDARP00000111483	19.5	1
1485656	7955.ENSDARP00000047100	3088	1145
1492419	7955.ENSDARP00000088880	4.73	7
1493397	7955.ENSDARP00000093236	755	12
1482543	7955.ENSDARP00000013042	27.6	39
1492188	7955.ENSDARP00000087872	876	16
1489372	7955.ENSDARP00000070780	231	6
1485396	7955.ENSDARP00000044330	23.1	4
1484745	7955.ENSDARP00000037025	55.2	3
1486910	7955.ENSDARP00000056766	43.5	4
1504497	7955.ENSDARP00000118904	25.6	11
1490463	7955.ENSDARP00000076104	537	23
1506689	7955.ENSDARP00000124846	12.8	9
1499184	7955.ENSDARP00000107584	31.5	1
1483118	7955.ENSDARP00000018513	57.0	1
1484241	7955.ENSDARP00000030050	60.6	65
1490288	7955.ENSDARP00000075336	397	8
1483766	7955.ENSDARP00000024748	31.8	3
1484108	7955.ENSDARP00000028134	19.1	2
1485488	7955.ENSDARP00000045373	79.8	10
1484419	7955.ENSDARP00000032688	74.6	9
1487803	7955.ENSDARP00000062277	313	11
1485290	7955.ENSDARP00000043192	421	13
1499587	7955.ENSDARP00000108289	311	170
1482726	7955.ENSDARP00000014978	604	90
1502724	7955.ENSDARP00000114342	64.8	1
1483484	7955.ENSDARP00000022310	280	12
1486497	7955.ENSDARP00000054229	52.8	6
1484423	7955.ENSDARP00000032730	107	15
1493840	7955.ENSDARP00000095029	11.4	3
1486396	7955.ENSDARP00000053541	1278	31
1483752	7955.ENSDARP00000024643	99.7	9
1481594	7955.ENSDARP00000004352	19.0	3
1486324	7955.ENSDARP00000053138	237	2
1505158	7955.ENSDARP00000120624	15.8	1
1485234	7955.ENSDARP00000042593	33.0	1
1490233	7955.ENSDARP00000075079	24.8	9
1484734	7955.ENSDARP00000036899	42.2	1
1489615	7955.ENSDARP00000072253	55.6	10
1484169	7955.ENSDARP00000029074	12.1	2
1489379	7955.ENSDARP00000070807	851	72
1498017	7955.ENSDARP00000105540	1.01	2
1494178	7955.ENSDARP00000096439	2.98	1
1483738	7955.ENSDARP00000024492	348	20
1482688	7955.ENSDARP00000014578	55.5	10
1504136	7955.ENSDARP00000117991	54.7	1
1497907	7955.ENSDARP00000105344	39.3	7
1496869	7955.ENSDARP00000103251	339	67
1485132	7955.ENSDARP00000041532	2.47	1
1493778	7955.ENSDARP00000094764	52.6	4
1483802	7955.ENSDARP00000025160	12.6	1
1482513	7955.ENSDARP00000012776	300	30
1485722	7955.ENSDARP00000047864	1547	680
1485928	7955.ENSDARP00000050236	382	150
1490866	7955.ENSDARP00000078354	6.71	1
1504816	7955.ENSDARP00000119785	173	14
1489905	7955.ENSDARP00000073460	1225	114
1488112	7955.ENSDARP00000063949	9.49	2
1504160	7955.ENSDARP00000118055	14.0	1
1500592	7955.ENSDARP00000110047	106	24
1486169	7955.ENSDARP00000052255	225	3
1490203	7955.ENSDARP00000074907	16.9	1
1485219	7955.ENSDARP00000042420	49.7	9
1487323	7955.ENSDARP00000059226	146	7
1497752	7955.ENSDARP00000105058	18.3	2
1500101	7955.ENSDARP00000109199	60.6	65
1484942	7955.ENSDARP00000039324	524	184
1487968	7955.ENSDARP00000063095	562	19
1493094	7955.ENSDARP00000091902	41.3	1
1488706	7955.ENSDARP00000067432	262	19
1495726	7955.ENSDARP00000100503	285	15
1485182	7955.ENSDARP00000042048	31.3	1
1500692	7955.ENSDARP00000110237	106	15
1503003	7955.ENSDARP00000115072	3.17	28
1486779	7955.ENSDARP00000055971	35.7	7
1487277	7955.ENSDARP00000058954	233	2
1483789	7955.ENSDARP00000025042	185	4
1506680	7955.ENSDARP00000124804	2140	27
1490464	7955.ENSDARP00000076115	2.03	3
1500448	7955.ENSDARP00000109802	1.2	1
1487282	7955.ENSDARP00000058966	9.74	2
1489506	7955.ENSDARP00000071659	56.2	2
1486338	7955.ENSDARP00000053207	1559	30
1485229	7955.ENSDARP00000042511	5.1	1
1485989	7955.ENSDARP00000050915	0.438	1
1483524	7955.ENSDARP00000022592	75.7	3
1482870	7955.ENSDARP00000016261	54.4	12
1504002	7955.ENSDARP00000117673	558	24
1484842	7955.ENSDARP00000038222	6.7	1
1497205	7955.ENSDARP00000104015	17.5	5
1506828	7955.ENSDARP00000125193	604	88
1506988	7955.ENSDARP00000125495	17.4	2
1485678	7955.ENSDARP00000047390	626	16
1488077	7955.ENSDARP00000063773	10.9	4
1488371	7955.ENSDARP00000065474	9.25	1
1495315	7955.ENSDARP00000099552	3.74	45
1493612	7955.ENSDARP00000094070	249	6
1483453	7955.ENSDARP00000022064	13.6	5
1487508	7955.ENSDARP00000060309	3030	278
1494224	7955.ENSDARP00000096587	2.74	1
1489039	7955.ENSDARP00000069043	345	9
1481580	7955.ENSDARP00000004202	29.2	1
1495273	7955.ENSDARP00000099464	952	54
1488712	7955.ENSDARP00000067454	9.87	4
1495495	7955.ENSDARP00000099983	18.7	1
1505208	7955.ENSDARP00000120763	6.05	2
1490356	7955.ENSDARP00000075671	49.8	2
1488940	7955.ENSDARP00000068574	3802	1111
1483382	7955.ENSDARP00000021241	742	5
1482861	7955.ENSDARP00000016160	190	14
1488818	7955.ENSDARP00000067948	382	150
1507218	7955.ENSDARP00000126028	577	6
1490946	7955.ENSDARP00000079033	58.0	2
1505745	7955.ENSDARP00000122143	29.6	1
1499151	7955.ENSDARP00000107538	264	5
1482984	7955.ENSDARP00000017328	309	8
1483194	7955.ENSDARP00000019311	45.7	4
1493653	7955.ENSDARP00000094243	420	69
1495536	7955.ENSDARP00000100078	12.7	6
1499180	7955.ENSDARP00000107578	612	88
1483319	7955.ENSDARP00000020566	14.3	1
1505266	7955.ENSDARP00000120909	1222	20
1488814	7955.ENSDARP00000067933	61.1	33
1493960	7955.ENSDARP00000095479	22.4	2
1503692	7955.ENSDARP00000116865	11.9	9
1483248	7955.ENSDARP00000019888	1077	598
1482182	7955.ENSDARP00000010013	23.5	3
1495214	7955.ENSDARP00000099321	532	37
1481686	7955.ENSDARP00000005281	59.3	2
1481980	7955.ENSDARP00000008018	38.8	4
1501803	7955.ENSDARP00000112123	51.7	3
1495642	7955.ENSDARP00000100331	247	3
1498580	7955.ENSDARP00000106501	56.3	2
1488802	7955.ENSDARP00000067894	55.9	7
1499250	7955.ENSDARP00000107702	382	150
1484787	7955.ENSDARP00000037582	4.17	1
1501709	7955.ENSDARP00000111963	173	16
1490337	7955.ENSDARP00000075601	60.7	2
1492031	7955.ENSDARP00000086858	1.65	1
1482046	7955.ENSDARP00000008663	289	21
1493355	7955.ENSDARP00000093027	9.44	4
1481374	7955.ENSDARP00000002483	9.97	2
1485637	7955.ENSDARP00000046972	154	12
1503350	7955.ENSDARP00000115965	5.5	1
1496810	7955.ENSDARP00000103087	901	17
1505475	7955.ENSDARP00000121481	4.5	1
1493592	7955.ENSDARP00000094011	61.3	4
1504009	7955.ENSDARP00000117697	52.2	7
1491975	7955.ENSDARP00000086515	284	11
1481558	7955.ENSDARP00000003991	2.15	1
1489831	7955.ENSDARP00000073095	650	15
1485360	7955.ENSDARP00000043931	2.47	1
1482103	7955.ENSDARP00000009258	437	51
1505175	7955.ENSDARP00000120670	6.7	6
1481448	7955.ENSDARP00000003163	251	14
1501506	7955.ENSDARP00000111618	0.128	2
1501568	7955.ENSDARP00000111723	41.2	13
1502727	7955.ENSDARP00000114345	300	23
1483149	7955.ENSDARP00000018865	2672	63
1501604	7955.ENSDARP00000111782	885	15
1483619	7955.ENSDARP00000023524	0.447	1
1501259	7955.ENSDARP00000111175	702	265
1503966	7955.ENSDARP00000117582	3.41	3
1485090	7955.ENSDARP00000041141	76.0	51
1481915	7955.ENSDARP00000007446	649	22
1489218	7955.ENSDARP00000070001	91.7	8
1503880	7955.ENSDARP00000117370	394	61
1503223	7955.ENSDARP00000115630	65.8	1
1496968	7955.ENSDARP00000103461	3.6	1
1488751	7955.ENSDARP00000067634	57.5	4
1487658	7955.ENSDARP00000061273	6014	54
1482868	7955.ENSDARP00000016228	39.8	4
1500789	7955.ENSDARP00000110392	349	4
1481761	7955.ENSDARP00000006001	31.8	3
1493101	7955.ENSDARP00000091921	18.4	14
1485763	7955.ENSDARP00000048394	16.1	3
1489876	7955.ENSDARP00000073345	375	298
1493019	7955.ENSDARP00000091586	2979	34
1489001	7955.ENSDARP00000068889	9.34	2
1486972	7955.ENSDARP00000057191	155	9
1482987	7955.ENSDARP00000017348	18.8	3
1494085	7955.ENSDARP00000096079	843	42
1501508	7955.ENSDARP00000111620	4.63	2
1496197	7955.ENSDARP00000101647	0.729	3
1490342	7955.ENSDARP00000075631	979	14
1492819	7955.ENSDARP00000090639	7.03	2
1499040	7955.ENSDARP00000107339	427	25
1481777	7955.ENSDARP00000006133	20.4	2
1483884	7955.ENSDARP00000025865	11.5	6
1497552	7955.ENSDARP00000104702	338	59
1493522	7955.ENSDARP00000093734	229	150
1499266	7955.ENSDARP00000107725	1.58	3
1487782	7955.ENSDARP00000062142	420	69
1507326	7955.ENSDARP00000126314	2840	90
1483098	7955.ENSDARP00000018261	10.1	1
1504135	7955.ENSDARP00000117990	63.3	3
1490949	7955.ENSDARP00000079047	6.98	8
1505202	7955.ENSDARP00000120742	1704	109
1498675	7955.ENSDARP00000106669	382	150
1485588	7955.ENSDARP00000046442	13.7	60
1488251	7955.ENSDARP00000064738	2770	41
1486107	7955.ENSDARP00000051775	51.2	1
1485764	7955.ENSDARP00000048398	17.8	5
1497962	7955.ENSDARP00000105443	19.8	1
1497033	7955.ENSDARP00000103609	8.1	1
1481947	7955.ENSDARP00000007716	1720	41
1488252	7955.ENSDARP00000064746	65.4	3
1485504	7955.ENSDARP00000045554	46.5	3
1485385	7955.ENSDARP00000044183	2.05	1
1485665	7955.ENSDARP00000047200	32.7	8
1503277	7955.ENSDARP00000115796	2513	15
1484954	7955.ENSDARP00000039570	11.4	6
1489357	7955.ENSDARP00000070667	3341	220
1490081	7955.ENSDARP00000074190	272	28
1489504	7955.ENSDARP00000071656	202	8
1499859	7955.ENSDARP00000108765	22.4	1
1498926	7955.ENSDARP00000107148	702	265
1501361	7955.ENSDARP00000111337	197	13
1492844	7955.ENSDARP00000090756	630	26
1502506	7955.ENSDARP00000113777	3.22	2
1481278	7955.ENSDARP00000000070	60.9	1
1482223	7955.ENSDARP00000010413	60.6	65
1489172	7955.ENSDARP00000069744	97.7	19
1492190	7955.ENSDARP00000087874	930	11
1483702	7955.ENSDARP00000024189	3761	37
1487123	7955.ENSDARP00000058094	8.75	1
1488465	7955.ENSDARP00000066106	23.0	1
1497751	7955.ENSDARP00000105057	412	46
1493746	7955.ENSDARP00000094626	52.5	46
1495558	7955.ENSDARP00000100124	170	4
1482344	7955.ENSDARP00000011398	48.6	2
1488518	7955.ENSDARP00000066429	575	376
1482350	7955.ENSDARP00000011444	56.1	6
1491390	7955.ENSDARP00000082159	225	49
1506615	7955.ENSDARP00000124587	77.4	10
1493802	7955.ENSDARP00000094849	60.6	32
1488741	7955.ENSDARP00000067593	488	7
1486583	7955.ENSDARP00000054816	13.0	3
1487078	7955.ENSDARP00000057822	218	15
1500437	7955.ENSDARP00000109780	15.2	2
1495973	7955.ENSDARP00000101100	194	33
1494141	7955.ENSDARP00000096322	26.6	2
1500469	7955.ENSDARP00000109842	0.624	2
1488791	7955.ENSDARP00000067865	2861	25
1482978	7955.ENSDARP00000017258	23.7	3
1498316	7955.ENSDARP00000106050	5.95	3
1488783	7955.ENSDARP00000067821	23.4	1
1482363	7955.ENSDARP00000011549	1.38	1
1484896	7955.ENSDARP00000038835	214	14
1483950	7955.ENSDARP00000026560	54.1	5
1485049	7955.ENSDARP00000040644	16.1	2
1490532	7955.ENSDARP00000076384	31.8	45
1485866	7955.ENSDARP00000049461	252	7
1483839	7955.ENSDARP00000025522	38.1	9
1497433	7955.ENSDARP00000104495	1991	11
1485100	7955.ENSDARP00000041256	72.0	2
1502331	7955.ENSDARP00000113307	1911	45
1499469	7955.ENSDARP00000108089	1477	42
1499385	7955.ENSDARP00000107930	108	24
1497294	7955.ENSDARP00000104198	7.65	1
1487581	7955.ENSDARP00000060744	684	85
1494234	7955.ENSDARP00000096636	6.67	1
1482714	7955.ENSDARP00000014897	237	2
1503580	7955.ENSDARP00000116574	732	66
1490660	7955.ENSDARP00000076902	18.7	1
1484768	7955.ENSDARP00000037326	6.95	3
1486119	7955.ENSDARP00000051848	38.6	3
1487026	7955.ENSDARP00000057499	83.3	8
1486027	7955.ENSDARP00000051233	0.593	1
1485386	7955.ENSDARP00000044202	4.34	2
1502530	7955.ENSDARP00000113859	10.7	1
1503033	7955.ENSDARP00000115155	13.4	1
1504750	7955.ENSDARP00000119598	56.3	2
1491330	7955.ENSDARP00000081732	144	7
1493531	7955.ENSDARP00000093780	732	66
1499424	7955.ENSDARP00000108010	1004	80
1486921	7955.ENSDARP00000056848	1.32	14
1483774	7955.ENSDARP00000024860	7.75	2
1506412	7955.ENSDARP00000123920	138	13
1501438	7955.ENSDARP00000111487	1743	30
1503172	7955.ENSDARP00000115512	78.2	9
1500559	7955.ENSDARP00000109990	451	21
1494038	7955.ENSDARP00000095811	2.14	2
1485809	7955.ENSDARP00000048852	19.2	1
1482956	7955.ENSDARP00000017029	3.23	7
1488702	7955.ENSDARP00000067412	9.71	3
1481554	7955.ENSDARP00000003956	4.51	1
1483698	7955.ENSDARP00000024129	51.6	3
1501808	7955.ENSDARP00000112131	26.2	3
1497811	7955.ENSDARP00000105168	702	265
1489338	7955.ENSDARP00000070559	7.64	1
1503757	7955.ENSDARP00000117024	687	46
1495979	7955.ENSDARP00000101117	47.6	15
1494197	7955.ENSDARP00000096509	338	56
1490803	7955.ENSDARP00000077948	6.25	2
1503184	7955.ENSDARP00000115544	35.5	45
1482325	7955.ENSDARP00000011243	975	66
1498082	7955.ENSDARP00000105646	316	150
1503446	7955.ENSDARP00000116226	887	56
1505350	7955.ENSDARP00000121162	14.1	3
1486847	7955.ENSDARP00000056404	33.4	1
1481806	7955.ENSDARP00000006420	318	8
1494131	7955.ENSDARP00000096291	22.6	9
1500275	7955.ENSDARP00000109497	6578	64
1492300	7955.ENSDARP00000088317	4.6	1
1492068	7955.ENSDARP00000087123	210	4
1484590	7955.ENSDARP00000034885	113	7
1493702	7955.ENSDARP00000094415	381	14
1484615	7955.ENSDARP00000035207	218	5
1496997	7955.ENSDARP00000103528	311	10
1483123	7955.ENSDARP00000018594	3260	21
1495257	7955.ENSDARP00000099423	22.4	2
1482647	7955.ENSDARP00000014124	98.8	5
1484579	7955.ENSDARP00000034804	745	24
1499736	7955.ENSDARP00000108536	1.37	14
1483691	7955.ENSDARP00000024085	166	3
1494312	7955.ENSDARP00000096934	115	8
1483407	7955.ENSDARP00000021569	410	170
1483832	7955.ENSDARP00000025493	2.68	1
1482732	7955.ENSDARP00000015008	193	4
1481728	7955.ENSDARP00000005680	26.6	8
1497764	7955.ENSDARP00000105076	21.7	6
1483794	7955.ENSDARP00000025096	27.2	3
1481340	7955.ENSDARP00000002175	1401	446
1490616	7955.ENSDARP00000076763	31.9	11
1490556	7955.ENSDARP00000076470	9.98	1
1488744	7955.ENSDARP00000067603	196	50
1487821	7955.ENSDARP00000062382	154	30
1506398	7955.ENSDARP00000123883	93.4	17
1503883	7955.ENSDARP00000117378	16.0	3
1486402	7955.ENSDARP00000053595	35.3	2
1499748	7955.ENSDARP00000108553	60.8	1
1496564	7955.ENSDARP00000102498	333	53
1487913	7955.ENSDARP00000062851	45.3	2
1492911	7955.ENSDARP00000091063	4.52	1
1485889	7955.ENSDARP00000049792	378	43
1489318	7955.ENSDARP00000070479	39.6	11
1489537	7955.ENSDARP00000071853	11.0	1
1501002	7955.ENSDARP00000110749	18.5	1
1482019	7955.ENSDARP00000008399	12.4	1
1499966	7955.ENSDARP00000108965	3382	50
1490431	7955.ENSDARP00000075994	2.8	7
1497837	7955.ENSDARP00000105220	532	37
1501901	7955.ENSDARP00000112286	6.67	1
1483371	7955.ENSDARP00000021124	39.5	10
1497308	7955.ENSDARP00000104233	10.2	1
1488101	7955.ENSDARP00000063869	1052	29
1490689	7955.ENSDARP00000077082	79.6	3
1493274	7955.ENSDARP00000092617	807	65
1496417	7955.ENSDARP00000102180	50.0	4
1487533	7955.ENSDARP00000060443	372	2
1481781	7955.ENSDARP00000006201	110	9
1486564	7955.ENSDARP00000054690	45.4	8
1504686	7955.ENSDARP00000119413	141	24
1485333	7955.ENSDARP00000043687	4422	126
1494251	7955.ENSDARP00000096703	1178	49
1504187	7955.ENSDARP00000118111	143	3
1490162	7955.ENSDARP00000074719	6.45	1
1482587	7955.ENSDARP00000013441	1128	188
1481924	7955.ENSDARP00000007548	27.4	5
1488549	7955.ENSDARP00000066644	27.0	1
1493415	7955.ENSDARP00000093291	110	3
1484838	7955.ENSDARP00000038205	46.3	4
1482327	7955.ENSDARP00000011269	20.4	86
1500017	7955.ENSDARP00000109050	69.2	1
1502529	7955.ENSDARP00000113858	22.6	6
1481725	7955.ENSDARP00000005640	23.1	2
1489588	7955.ENSDARP00000072101	68.6	1
1489077	7955.ENSDARP00000069226	371	27
1486662	7955.ENSDARP00000055286	56.4	15
1500494	7955.ENSDARP00000109883	20.1	15
1492201	7955.ENSDARP00000087919	6.89	7
1505048	7955.ENSDARP00000120334	953	126
1493429	7955.ENSDARP00000093331	52.9	5
1490540	7955.ENSDARP00000076407	8.09	1
1492269	7955.ENSDARP00000088231	10.3	1
1502371	7955.ENSDARP00000113417	1181	35
1502211	7955.ENSDARP00000112994	253	37
1486638	7955.ENSDARP00000055160	107	2
1498951	7955.ENSDARP00000107200	68.6	2
1486425	7955.ENSDARP00000053774	460	74
1488081	7955.ENSDARP00000063785	19.8	1
1494782	7955.ENSDARP00000098342	225	150
1498901	7955.ENSDARP00000107104	139	14
1485661	7955.ENSDARP00000047158	53.6	1
1485519	7955.ENSDARP00000045668	18.4	14
1485248	7955.ENSDARP00000042765	85.4	10
1484382	7955.ENSDARP00000032193	14.1	45
1502745	7955.ENSDARP00000114387	225	22
1504178	7955.ENSDARP00000118091	5.07	2
1503141	7955.ENSDARP00000115443	212	2
1505987	7955.ENSDARP00000122764	11.0	4
1483825	7955.ENSDARP00000025377	5.3	1
1498636	7955.ENSDARP00000106592	87.5	6
1489131	7955.ENSDARP00000069513	1673	44
1494320	7955.ENSDARP00000096969	117	10
1492686	7955.ENSDARP00000090111	17.5	1
1499273	7955.ENSDARP00000107737	532	37
1498373	7955.ENSDARP00000106154	414	39
1490277	7955.ENSDARP00000075289	58.6	3
1505896	7955.ENSDARP00000122505	61.1	2
1496425	7955.ENSDARP00000102203	15.7	2
1506514	7955.ENSDARP00000124248	320	11
1506644	7955.ENSDARP00000124672	202	20
1505855	7955.ENSDARP00000122416	14.0	2
1486933	7955.ENSDARP00000056898	39.5	1
1488507	7955.ENSDARP00000066382	118	24
1492023	7955.ENSDARP00000086821	3.22	1
1484617	7955.ENSDARP00000035261	236	5
1486477	7955.ENSDARP00000054083	87.7	2
1488417	7955.ENSDARP00000065771	230	4
1484405	7955.ENSDARP00000032456	308	28
1498981	7955.ENSDARP00000107238	12.1	6
1499563	7955.ENSDARP00000108249	1554	42
1498975	7955.ENSDARP00000107232	678	66
1485831	7955.ENSDARP00000049108	9.89	1
1506435	7955.ENSDARP00000124007	54.1	21
1492072	7955.ENSDARP00000087158	7.18	7
1488027	7955.ENSDARP00000063524	200	23
1492368	7955.ENSDARP00000088617	77.4	4
1482040	7955.ENSDARP00000008601	1.55	1
1493258	7955.ENSDARP00000092551	4.45	1
1498736	7955.ENSDARP00000106788	74.9	5
1487827	7955.ENSDARP00000062413	3.26	1
1501414	7955.ENSDARP00000111447	345	150
1493532	7955.ENSDARP00000093781	532	37
1484434	7955.ENSDARP00000032834	21.6	2
1481623	7955.ENSDARP00000004738	309	30
1502150	7955.ENSDARP00000112851	128	15
1498231	7955.ENSDARP00000105913	70.5	2
1502068	7955.ENSDARP00000112598	6.05	2
1493458	7955.ENSDARP00000093465	16.2	2
1487807	7955.ENSDARP00000062323	866	54
1495626	7955.ENSDARP00000100290	1.89	2
1490292	7955.ENSDARP00000075363	353	2
1506421	7955.ENSDARP00000123958	36.0	1
1490172	7955.ENSDARP00000074788	18.4	1
1489640	7955.ENSDARP00000072334	12.3	1
1483671	7955.ENSDARP00000023877	97.9	10
1485309	7955.ENSDARP00000043430	4.1	1
1501382	7955.ENSDARP00000111380	238	20
1505017	7955.ENSDARP00000120266	19.5	4
1492244	7955.ENSDARP00000088095	2.56	1
1483608	7955.ENSDARP00000023429	251	54
1502668	7955.ENSDARP00000114217	6.87	1
1482276	7955.ENSDARP00000010925	41.0	9
1500121	7955.ENSDARP00000109226	643	90
1482936	7955.ENSDARP00000016879	153	15
1492692	7955.ENSDARP00000090133	3815	1145
1499525	7955.ENSDARP00000108188	249	18
1481525	7955.ENSDARP00000003705	262	19
1491959	7955.ENSDARP00000086433	138	9
1486770	7955.ENSDARP00000055912	382	150
1482865	7955.ENSDARP00000016201	117	11
1490377	7955.ENSDARP00000075780	58.7	7
1490012	7955.ENSDARP00000073910	155	7
1482717	7955.ENSDARP00000014914	19.0	5
1483146	7955.ENSDARP00000018820	112	16
1482530	7955.ENSDARP00000012931	25.3	2
1488590	7955.ENSDARP00000066897	2745	60
1498971	7955.ENSDARP00000107227	33.1	1
1482928	7955.ENSDARP00000016831	215	21
1493424	7955.ENSDARP00000093318	571	49
1488098	7955.ENSDARP00000063848	108	69
1488539	7955.ENSDARP00000066578	70.7	1
1485089	7955.ENSDARP00000041113	792	13
1485483	7955.ENSDARP00000045298	136	7
1487874	7955.ENSDARP00000062670	781	360
1484947	7955.ENSDARP00000039450	118	9
1493877	7955.ENSDARP00000095167	6392	47
1492903	7955.ENSDARP00000091027	253	10
1488099	7955.ENSDARP00000063856	19.0	1
1502498	7955.ENSDARP00000113756	494	76
1483455	7955.ENSDARP00000022077	393	60
1493559	7955.ENSDARP00000093898	2394	255
1484110	7955.ENSDARP00000028148	2.73	2
1491339	7955.ENSDARP00000081816	3704	501
1494222	7955.ENSDARP00000096581	2.18	3
1493534	7955.ENSDARP00000093787	732	66
1489381	7955.ENSDARP00000070818	0.465	3
1489323	7955.ENSDARP00000070509	1433	40
1485147	7955.ENSDARP00000041699	640	30
1486255	7955.ENSDARP00000052682	10.6	9
1481526	7955.ENSDARP00000003709	57.0	3
1494354	7955.ENSDARP00000097166	30.2	1
1485007	7955.ENSDARP00000040203	821	413
1504915	7955.ENSDARP00000120032	286	31
1488275	7955.ENSDARP00000064900	6.4	1
1487567	7955.ENSDARP00000060684	265	16
1499000	7955.ENSDARP00000107272	588	39
1497130	7955.ENSDARP00000103823	3.83	1
1486269	7955.ENSDARP00000052786	12.7	1
1489201	7955.ENSDARP00000069948	1307	80
1486404	7955.ENSDARP00000053608	45.7	1
1499417	7955.ENSDARP00000107998	702	265
1502995	7955.ENSDARP00000115049	8.87	3
1483487	7955.ENSDARP00000022320	77.3	3
1484412	7955.ENSDARP00000032575	77.4	24
1486805	7955.ENSDARP00000056131	64.1	1
1483694	7955.ENSDARP00000024104	86.4	11
1497364	7955.ENSDARP00000104359	36.1	8
1499233	7955.ENSDARP00000107677	112	3
1505483	7955.ENSDARP00000121492	7.08	3
1501097	7955.ENSDARP00000110907	15.6	1
1495964	7955.ENSDARP00000101076	86.4	20
1483198	7955.ENSDARP00000019373	1.43	3
1487919	7955.ENSDARP00000062873	191	7
1504255	7955.ENSDARP00000118291	24.1	1
1494607	7955.ENSDARP00000097937	255	12
1502602	7955.ENSDARP00000114025	131	7
1503480	7955.ENSDARP00000116310	418	14
1484438	7955.ENSDARP00000032935	2.27	3
1483164	7955.ENSDARP00000018980	962	35
1488514	7955.ENSDARP00000066396	36.8	1
1499794	7955.ENSDARP00000108641	136	5
1486442	7955.ENSDARP00000053867	53.5	7
1490352	7955.ENSDARP00000075658	1217	119
1483996	7955.ENSDARP00000026992	22.5	6
1502134	7955.ENSDARP00000112824	1911	45
1484030	7955.ENSDARP00000027342	270	7
1503720	7955.ENSDARP00000116942	1520	111
1503658	7955.ENSDARP00000116781	467	46
1488023	7955.ENSDARP00000063483	7.97	4
1501691	7955.ENSDARP00000111930	702	265
1497017	7955.ENSDARP00000103576	732	66
1505044	7955.ENSDARP00000120324	8.59	5
1499051	7955.ENSDARP00000107363	0.46	2
1491616	7955.ENSDARP00000083835	325	16
1498727	7955.ENSDARP00000106770	13.1	1
1498763	7955.ENSDARP00000106833	102	15
1484408	7955.ENSDARP00000032505	43.2	4
1495429	7955.ENSDARP00000099813	382	150
1505560	7955.ENSDARP00000121692	82.8	15
1494206	7955.ENSDARP00000096532	13.9	5
1482328	7955.ENSDARP00000011271	486	72
1481758	7955.ENSDARP00000005968	133	12
1490995	7955.ENSDARP00000079404	154	14
1483655	7955.ENSDARP00000023774	171	11
1483529	7955.ENSDARP00000022618	13.3	1
1506488	7955.ENSDARP00000124162	22.7	16
1484770	7955.ENSDARP00000037344	1366	20
1484592	7955.ENSDARP00000034904	39.0	3
1483070	7955.ENSDARP00000018009	128	11
1492337	7955.ENSDARP00000088465	3.74	2
1502738	7955.ENSDARP00000114371	7.72	2
1493809	7955.ENSDARP00000094888	83.6	4
1501647	7955.ENSDARP00000111851	532	37
1506520	7955.ENSDARP00000124266	12.3	9
1493535	7955.ENSDARP00000093790	532	37
1486929	7955.ENSDARP00000056884	23.6	12
1498799	7955.ENSDARP00000106906	8.77	1
1485314	7955.ENSDARP00000043482	6.99	2
1481397	7955.ENSDARP00000002761	41.8	4
1503998	7955.ENSDARP00000117664	8.16	1
1494910	7955.ENSDARP00000098631	4.74	2
1497667	7955.ENSDARP00000104918	732	66
1485794	7955.ENSDARP00000048728	212	12
1485256	7955.ENSDARP00000042866	2.57	3
1488083	7955.ENSDARP00000063799	6433	323
1489607	7955.ENSDARP00000072211	1553	113
1486873	7955.ENSDARP00000056582	172	7
1481770	7955.ENSDARP00000006085	384	18
1493523	7955.ENSDARP00000093747	624	66
1493174	7955.ENSDARP00000092224	3.03	7
1487976	7955.ENSDARP00000063130	3.21	1
1485026	7955.ENSDARP00000040389	98.9	8
1495415	7955.ENSDARP00000099772	68.1	172
1481864	7955.ENSDARP00000006973	9.19	1
1499234	7955.ENSDARP00000107682	153	2
1481563	7955.ENSDARP00000004030	6.97	1
1488058	7955.ENSDARP00000063661	2638	189
1488567	7955.ENSDARP00000066773	1154	39
1487785	7955.ENSDARP00000062152	185	2
1482043	7955.ENSDARP00000008646	67.3	13
1503539	7955.ENSDARP00000116459	1905	42
1492093	7955.ENSDARP00000087338	23.8	6
1493663	7955.ENSDARP00000094269	110	6
1506750	7955.ENSDARP00000125036	18.0	15
1500989	7955.ENSDARP00000110724	345	9
1488239	7955.ENSDARP00000064671	331	20
1484668	7955.ENSDARP00000036006	58.0	9
1484067	7955.ENSDARP00000027695	81.5	7
1501358	7955.ENSDARP00000111333	1028	587
1484564	7955.ENSDARP00000034536	825	30
1489678	7955.ENSDARP00000072482	15.6	2
1485666	7955.ENSDARP00000047205	70.7	16
1496263	7955.ENSDARP00000101805	53.1	5
1493364	7955.ENSDARP00000093080	236	15
1487280	7955.ENSDARP00000058963	2348	55
1496638	7955.ENSDARP00000102693	0.654	1
1506598	7955.ENSDARP00000124511	209	9
1504249	7955.ENSDARP00000118276	1058	44
1482992	7955.ENSDARP00000017410	40.1	2
1482470	7955.ENSDARP00000012437	54.0	15
1481643	7955.ENSDARP00000004932	105	8
1484960	7955.ENSDARP00000039656	22.3	3
1489860	7955.ENSDARP00000073256	5.28	1
1483094	7955.ENSDARP00000018231	24.3	1
1487899	7955.ENSDARP00000062786	265	3
1484340	7955.ENSDARP00000031650	9.41	1
1498551	7955.ENSDARP00000106443	702	265
1483668	7955.ENSDARP00000023863	170	4
1481983	7955.ENSDARP00000008048	6.75	1
1481528	7955.ENSDARP00000003738	1143	85
1487260	7955.ENSDARP00000058875	35.2	10
1504529	7955.ENSDARP00000118986	29.9	6
1505411	7955.ENSDARP00000121323	10.8	2
1483040	7955.ENSDARP00000017776	190	172
1488715	7955.ENSDARP00000067488	40.0	1
1487372	7955.ENSDARP00000059488	1.65	1
1506310	7955.ENSDARP00000123619	732	66
1492631	7955.ENSDARP00000089834	691	40
1490510	7955.ENSDARP00000076305	2.6	1
1499769	7955.ENSDARP00000108591	303	52
1483602	7955.ENSDARP00000023337	107	8
1489195	7955.ENSDARP00000069896	403	3
1499840	7955.ENSDARP00000108724	9.16	9
1495958	7955.ENSDARP00000101062	36.0	5
1481854	7955.ENSDARP00000006875	42.1	4
1483606	7955.ENSDARP00000023371	6.46	3
1505531	7955.ENSDARP00000121623	17.0	1
1481369	7955.ENSDARP00000002466	4.68	2
1490421	7955.ENSDARP00000075918	681	16
1485079	7955.ENSDARP00000041006	204	3
1481941	7955.ENSDARP00000007676	700	37
1484964	7955.ENSDARP00000039699	13.9	2
1489184	7955.ENSDARP00000069804	6.39	1
1490665	7955.ENSDARP00000076916	26.3	1
1486759	7955.ENSDARP00000055843	11.8	1
1482170	7955.ENSDARP00000009909	443	43
1497520	7955.ENSDARP00000104653	175	32
1489158	7955.ENSDARP00000069669	15.8	2
1487537	7955.ENSDARP00000060457	452	43
1499816	7955.ENSDARP00000108686	580	52
1487808	7955.ENSDARP00000062334	215	11
1501459	7955.ENSDARP00000111518	394	18
1494329	7955.ENSDARP00000097022	147	26
1484864	7955.ENSDARP00000038520	29.7	3
1483647	7955.ENSDARP00000023704	0.791	1
1487967	7955.ENSDARP00000063092	16.9	1
1492908	7955.ENSDARP00000091054	70.8	16
1487644	7955.ENSDARP00000061148	1634	603
1501039	7955.ENSDARP00000110807	21.3	11
1492636	7955.ENSDARP00000089879	103	85
1498770	7955.ENSDARP00000106853	9.89	2
1485789	7955.ENSDARP00000048675	9.84	1
1492825	7955.ENSDARP00000090664	296	3
1500913	7955.ENSDARP00000110588	69.7	3
1503593	7955.ENSDARP00000116604	109	11
1485662	7955.ENSDARP00000047174	2433	29
1490035	7955.ENSDARP00000074004	9.92	1
1505036	7955.ENSDARP00000120299	0.768	2
1483674	7955.ENSDARP00000023892	92.9	7
1500757	7955.ENSDARP00000110341	340	49
1486529	7955.ENSDARP00000054436	2.06	3
1492602	7955.ENSDARP00000089741	4.15	2
1507113	7955.ENSDARP00000125774	2.36	3
1483323	7955.ENSDARP00000020595	812	7
1499964	7955.ENSDARP00000108963	278	33
1484205	7955.ENSDARP00000029607	75.3	15
1486276	7955.ENSDARP00000052837	574	431
1493169	7955.ENSDARP00000092188	196	12
1485340	7955.ENSDARP00000043742	456	171
1505132	7955.ENSDARP00000120558	138	44
1487576	7955.ENSDARP00000060713	20.5	2
1500041	7955.ENSDARP00000109087	8.79	1
1505351	7955.ENSDARP00000121163	28.4	4
1498616	7955.ENSDARP00000106566	6813	48
1486113	7955.ENSDARP00000051803	139	5
1506223	7955.ENSDARP00000123406	20.3	4
1484404	7955.ENSDARP00000032453	636	17
1487551	7955.ENSDARP00000060549	311	8
1483989	7955.ENSDARP00000026915	2.2	3
1501868	7955.ENSDARP00000112233	527	44
1501580	7955.ENSDARP00000111742	2700	430
1486311	7955.ENSDARP00000053075	37.4	5
1481794	7955.ENSDARP00000006320	19.1	2
1485667	7955.ENSDARP00000047207	0.22	2
1482424	7955.ENSDARP00000012094	106	4
1488167	7955.ENSDARP00000064214	8.36	1
1490788	7955.ENSDARP00000077832	702	265
1506581	7955.ENSDARP00000124448	131	11
1502319	7955.ENSDARP00000113278	229	5
1488840	7955.ENSDARP00000068070	36.4	7
1491299	7955.ENSDARP00000081541	20.7	11
1481674	7955.ENSDARP00000005224	8.63	8
1497372	7955.ENSDARP00000104379	702	265
1482761	7955.ENSDARP00000015293	142	28
1500213	7955.ENSDARP00000109385	3999	1146
1498914	7955.ENSDARP00000107127	237	32
1490167	7955.ENSDARP00000074756	1293	10
1488761	7955.ENSDARP00000067677	14.1	1
1487086	7955.ENSDARP00000057864	56.6	1
1486481	7955.ENSDARP00000054114	12.6	3
1488102	7955.ENSDARP00000063876	504	28
1486150	7955.ENSDARP00000052096	566	13
1492119	7955.ENSDARP00000087462	1604	44
1491162	7955.ENSDARP00000080576	2.85	1
1483944	7955.ENSDARP00000026495	77.0	3
1500061	7955.ENSDARP00000109119	1902	422
1504602	7955.ENSDARP00000119184	17.7	51
1490487	7955.ENSDARP00000076212	32.0	7
1484521	7955.ENSDARP00000033907	292	31
1484307	7955.ENSDARP00000031098	123	5
1494007	7955.ENSDARP00000095652	1.6	2
1502210	7955.ENSDARP00000112992	14.2	1
1506674	7955.ENSDARP00000124788	15.6	4
1485401	7955.ENSDARP00000044385	26.9	5
1503842	7955.ENSDARP00000117259	417	35
1485564	7955.ENSDARP00000046121	27.1	10
1482387	7955.ENSDARP00000011778	197	8
1493411	7955.ENSDARP00000093277	4.63	1
1498855	7955.ENSDARP00000107004	14.1	2
1493878	7955.ENSDARP00000095170	78.0	3
1483187	7955.ENSDARP00000019229	2.8	1
1493701	7955.ENSDARP00000094413	333	54
1487144	7955.ENSDARP00000058259	8.38	1
1502316	7955.ENSDARP00000113274	642	47
1492882	7955.ENSDARP00000090943	264	11
1491789	7955.ENSDARP00000085122	1.88	2
1487345	7955.ENSDARP00000059321	11.7	1
1483706	7955.ENSDARP00000024210	88.1	77
1482228	7955.ENSDARP00000010427	50.9	5
1489054	7955.ENSDARP00000069096	152	8
1505933	7955.ENSDARP00000122592	11.7	3
1501115	7955.ENSDARP00000110935	702	265
1490879	7955.ENSDARP00000078449	112	1
1489165	7955.ENSDARP00000069695	28.9	63
1503158	7955.ENSDARP00000115483	713	29
1492945	7955.ENSDARP00000091277	116	2
1502480	7955.ENSDARP00000113693	254	39
1492307	7955.ENSDARP00000088354	737	85
1488639	7955.ENSDARP00000067085	731	43
1483518	7955.ENSDARP00000022552	1051	21
1506589	7955.ENSDARP00000124470	179	4
1487538	7955.ENSDARP00000060465	5851	55
1501009	7955.ENSDARP00000110759	569	66
1483397	7955.ENSDARP00000021453	65.6	8
1482635	7955.ENSDARP00000014003	73.1	7
1496586	7955.ENSDARP00000102559	51.4	5
1486173	7955.ENSDARP00000052292	248	3
1493543	7955.ENSDARP00000093817	113	28
1487629	7955.ENSDARP00000061057	16.4	61
1482581	7955.ENSDARP00000013402	346	30
1486019	7955.ENSDARP00000051183	35.9	7
1502516	7955.ENSDARP00000113812	62.4	3
1490931	7955.ENSDARP00000078883	132	16
1485434	7955.ENSDARP00000044836	16.0	8
1483852	7955.ENSDARP00000025616	397	4
1493092	7955.ENSDARP00000091899	1747	39
1488625	7955.ENSDARP00000067039	25.2	4
1500323	7955.ENSDARP00000109583	5.37	1
1504618	7955.ENSDARP00000119229	23.0	2
1491678	7955.ENSDARP00000084277	1911	45
1487818	7955.ENSDARP00000062369	574	431
1490958	7955.ENSDARP00000079150	2.13	3
1483734	7955.ENSDARP00000024433	39.1	4
1501606	7955.ENSDARP00000111784	612	88
1487008	7955.ENSDARP00000057420	34.9	45
1506643	7955.ENSDARP00000124670	37.1	3
1493725	7955.ENSDARP00000094530	7.29	3
1484516	7955.ENSDARP00000033806	4226	174
1482383	7955.ENSDARP00000011707	29.9	1
1483450	7955.ENSDARP00000022030	41.2	1
1503096	7955.ENSDARP00000115337	33.3	5
1487498	7955.ENSDARP00000060245	13.0	1
1499549	7955.ENSDARP00000108226	100	12
1482376	7955.ENSDARP00000011663	11.3	1
1498935	7955.ENSDARP00000107168	277	5
1484020	7955.ENSDARP00000027159	82.6	5
1490473	7955.ENSDARP00000076156	11.3	2
1493583	7955.ENSDARP00000093966	12.9	5
1488775	7955.ENSDARP00000067775	265	7
1498482	7955.ENSDARP00000106325	13.7	2
1489920	7955.ENSDARP00000073506	42.7	2
1484566	7955.ENSDARP00000034555	1758	31
1501096	7955.ENSDARP00000110906	90.9	6
1494243	7955.ENSDARP00000096674	10.1	2
1497297	7955.ENSDARP00000104203	653	32
1498000	7955.ENSDARP00000105519	196	3
1488194	7955.ENSDARP00000064399	55.9	7
1481515	7955.ENSDARP00000003641	5043	115
1500631	7955.ENSDARP00000110121	101	22
1484501	7955.ENSDARP00000033622	88.3	12
1488358	7955.ENSDARP00000065396	106	3
1494152	7955.ENSDARP00000096363	17.7	1
1490519	7955.ENSDARP00000076340	115	8
1483243	7955.ENSDARP00000019829	63.8	23
1485600	7955.ENSDARP00000046598	229	17
1500185	7955.ENSDARP00000109333	106	13
1505999	7955.ENSDARP00000122796	99.1	9
1498258	7955.ENSDARP00000105955	4.66	2
1499527	7955.ENSDARP00000108190	169	15
1494190	7955.ENSDARP00000096468	50.7	2
1496011	7955.ENSDARP00000101178	99.1	9
1496947	7955.ENSDARP00000103413	5.28	2
1483781	7955.ENSDARP00000024947	0.875	1
1506295	7955.ENSDARP00000123565	52.4	8
1502356	7955.ENSDARP00000113373	10.7	10
1504502	7955.ENSDARP00000118913	244	18
1485269	7955.ENSDARP00000043001	15.0	1
1501887	7955.ENSDARP00000112265	105	24
1486100	7955.ENSDARP00000051749	247	17
1506280	7955.ENSDARP00000123537	24.4	1
1484925	7955.ENSDARP00000039143	1317	28
1490753	7955.ENSDARP00000077647	95.0	17
1482499	7955.ENSDARP00000012677	7.3	3
1482563	7955.ENSDARP00000013244	41.5	9
1500196	7955.ENSDARP00000109355	702	265
1483000	7955.ENSDARP00000017469	22.5	3
1502234	7955.ENSDARP00000113050	16.9	51
1505715	7955.ENSDARP00000122076	97.4	3
1487492	7955.ENSDARP00000060204	231	20
1490071	7955.ENSDARP00000074163	9.08	1
1502892	7955.ENSDARP00000114785	1.87	1
1505801	7955.ENSDARP00000122284	338	21
1483031	7955.ENSDARP00000017693	107	18
1500126	7955.ENSDARP00000109232	62.1	6
1483205	7955.ENSDARP00000019408	4.07	1
1493538	7955.ENSDARP00000093801	261	150
1501408	7955.ENSDARP00000111434	612	88
1487906	7955.ENSDARP00000062819	3.33	2
1486669	7955.ENSDARP00000055324	18.2	1
1484170	7955.ENSDARP00000029079	467	13
1482486	7955.ENSDARP00000012565	7.35	2
1502636	7955.ENSDARP00000114104	0.946	2
1488921	7955.ENSDARP00000068470	86.6	7
1486677	7955.ENSDARP00000055379	1298	528
1483362	7955.ENSDARP00000021016	1108	481
1484059	7955.ENSDARP00000027635	1.72	1
1501443	7955.ENSDARP00000111493	382	150
1482858	7955.ENSDARP00000016138	84.6	7
1484348	7955.ENSDARP00000031737	162	6
1505512	7955.ENSDARP00000121564	594	10
1489088	7955.ENSDARP00000069273	143	7
1497140	7955.ENSDARP00000103854	60.4	65
1487688	7955.ENSDARP00000061480	514	21
1494712	7955.ENSDARP00000098175	27.1	2
1493196	7955.ENSDARP00000092307	112	16
1494815	7955.ENSDARP00000098422	0.508	1
1499693	7955.ENSDARP00000108463	189	3
1493173	7955.ENSDARP00000092223	9.28	4
1492360	7955.ENSDARP00000088564	0.541	1
1490899	7955.ENSDARP00000078619	39.2	3
1488483	7955.ENSDARP00000066229	5.13	1
1492189	7955.ENSDARP00000087873	201	4
1487450	7955.ENSDARP00000060004	1182	20
1485456	7955.ENSDARP00000045068	25.4	3
1506504	7955.ENSDARP00000124217	481	22
1496634	7955.ENSDARP00000102682	732	66
1507133	7955.ENSDARP00000125818	67.0	10
1481773	7955.ENSDARP00000006095	2.41	1
1484010	7955.ENSDARP00000027102	654	34
1503707	7955.ENSDARP00000116912	362	56
1483517	7955.ENSDARP00000022550	58.7	24
1481507	7955.ENSDARP00000003571	286	20
1494196	7955.ENSDARP00000096504	1715	141
1489402	7955.ENSDARP00000070966	5.06	7
1487230	7955.ENSDARP00000058694	92.8	2
1499728	7955.ENSDARP00000108521	120	9
1489609	7955.ENSDARP00000072235	687	45
1494253	7955.ENSDARP00000096709	7.41	1
1497543	7955.ENSDARP00000104687	12.7	1
1485203	7955.ENSDARP00000042258	59.7	4
1486261	7955.ENSDARP00000052729	5719	93
1498065	7955.ENSDARP00000105615	10.8	8
1501812	7955.ENSDARP00000112135	1.66	1
1492735	7955.ENSDARP00000090306	3.84	30
1486020	7955.ENSDARP00000051185	175	6
1505082	7955.ENSDARP00000120430	21.4	1
1497510	7955.ENSDARP00000104630	732	66
1496697	7955.ENSDARP00000102837	540	149
1503890	7955.ENSDARP00000117390	642	47
1488603	7955.ENSDARP00000066962	39.4	1
1483499	7955.ENSDARP00000022440	203	21
1481537	7955.ENSDARP00000003814	60.5	5
1482828	7955.ENSDARP00000015917	978	124
1483582	7955.ENSDARP00000023151	436	7
1488503	7955.ENSDARP00000066372	391	20
1485639	7955.ENSDARP00000046982	36.2	3
1481744	7955.ENSDARP00000005837	3745	33
1487203	7955.ENSDARP00000058554	43.0	6
1499695	7955.ENSDARP00000108465	732	66
1481809	7955.ENSDARP00000006445	79.6	3
1492955	7955.ENSDARP00000091324	6.02	3
1488563	7955.ENSDARP00000066759	227	19
1485176	7955.ENSDARP00000041941	85.2	2
1504263	7955.ENSDARP00000118326	176	62
1493692	7955.ENSDARP00000094384	36.8	10
1484640	7955.ENSDARP00000035541	447	11
1497774	7955.ENSDARP00000105094	1508	640
1492968	7955.ENSDARP00000091393	735	166
1484472	7955.ENSDARP00000033337	65.8	2
1502980	7955.ENSDARP00000115010	3.26	3
1505652	7955.ENSDARP00000121927	4.67	1
1493419	7955.ENSDARP00000093301	15.8	7
1492883	7955.ENSDARP00000090944	6.04	7
1496883	7955.ENSDARP00000103284	18.2	1
1500971	7955.ENSDARP00000110694	153	31
1484279	7955.ENSDARP00000030680	132	29
1488963	7955.ENSDARP00000068662	3228	542
1498649	7955.ENSDARP00000106621	522	26
1492442	7955.ENSDARP00000089001	221	13
1494543	7955.ENSDARP00000097770	15.5	5
1481621	7955.ENSDARP00000004708	249	14
1483949	7955.ENSDARP00000026546	1249	117
1486958	7955.ENSDARP00000057089	226	9
1494766	7955.ENSDARP00000098301	128	5
1485130	7955.ENSDARP00000041514	79.7	8
1506516	7955.ENSDARP00000124254	484	23
1484761	7955.ENSDARP00000037227	195	8
1496859	7955.ENSDARP00000103208	291	150
1500756	7955.ENSDARP00000110339	704	56
1482367	7955.ENSDARP00000011595	2817	109
1486042	7955.ENSDARP00000051361	81.6	197
1485943	7955.ENSDARP00000050398	282	3
1493573	7955.ENSDARP00000093927	24.2	1
1487242	7955.ENSDARP00000058735	4.32	1
1484302	7955.ENSDARP00000031014	31.7	1
1489562	7955.ENSDARP00000071963	42.6	2
1485128	7955.ENSDARP00000041502	55.5	9
1483969	7955.ENSDARP00000026766	114	3
1496513	7955.ENSDARP00000102385	2029	653
1483588	7955.ENSDARP00000023215	1.54	1
1492816	7955.ENSDARP00000090632	732	66
1482644	7955.ENSDARP00000014099	7.75	1
1489208	7955.ENSDARP00000069977	1850	44
1485900	7955.ENSDARP00000049899	317	9
1502796	7955.ENSDARP00000114513	2.5	2
1499246	7955.ENSDARP00000107695	8.3	1
1488142	7955.ENSDARP00000064110	894	13
1481632	7955.ENSDARP00000004830	523	36
1500880	7955.ENSDARP00000110540	254	3
1496656	7955.ENSDARP00000102749	732	66
1487194	7955.ENSDARP00000058502	155	6
1503673	7955.ENSDARP00000116826	87.8	4
1494836	7955.ENSDARP00000098468	0.657	2
1490243	7955.ENSDARP00000075137	46.9	3
1483886	7955.ENSDARP00000025885	40.2	19
1498939	7955.ENSDARP00000107175	103	84
1483583	7955.ENSDARP00000023158	4377	1115
1498658	7955.ENSDARP00000106634	702	265
1499063	7955.ENSDARP00000107383	45.0	7
1499665	7955.ENSDARP00000108417	732	66
1487674	7955.ENSDARP00000061365	67.3	14
1483260	7955.ENSDARP00000019981	43.6	3
1482886	7955.ENSDARP00000016376	278	5
1482536	7955.ENSDARP00000012986	95.5	6
1482131	7955.ENSDARP00000009538	629	17
1497226	7955.ENSDARP00000104060	13.1	45
1493600	7955.ENSDARP00000094033	23.1	1
1481409	7955.ENSDARP00000002844	630	46
1505422	7955.ENSDARP00000121339	46.2	4
1487281	7955.ENSDARP00000058964	109	7
1489477	7955.ENSDARP00000071531	37.8	1
1492847	7955.ENSDARP00000090766	1094	280
1493361	7955.ENSDARP00000093069	82.0	8
1499697	7955.ENSDARP00000108469	26.2	6
1504683	7955.ENSDARP00000119407	10.8	9
1502429	7955.ENSDARP00000113553	1527	51
1484199	7955.ENSDARP00000029491	16.6	3
1493797	7955.ENSDARP00000094833	8.01	2
1497228	7955.ENSDARP00000104065	979	27
1490159	7955.ENSDARP00000074706	2.18	7
1488357	7955.ENSDARP00000065391	112	16
1482034	7955.ENSDARP00000008513	41.0	9
1482042	7955.ENSDARP00000008636	24.2	4
1486512	7955.ENSDARP00000054339	2106	39
1504337	7955.ENSDARP00000118511	156	4
1489198	7955.ENSDARP00000069904	49.5	5
1502058	7955.ENSDARP00000112576	17.8	3
1497378	7955.ENSDARP00000104399	732	66
1495279	7955.ENSDARP00000099474	68.8	6
1484819	7955.ENSDARP00000037871	505	93
1481520	7955.ENSDARP00000003666	4.87	1
1505468	7955.ENSDARP00000121459	382	150
1497128	7955.ENSDARP00000103819	732	66
1504396	7955.ENSDARP00000118646	11.0	1
1496518	7955.ENSDARP00000102398	130	19
1486146	7955.ENSDARP00000052081	1397	36
1490578	7955.ENSDARP00000076530	24.6	1
1484500	7955.ENSDARP00000033600	1896	20
1487761	7955.ENSDARP00000061957	5079	103
1488277	7955.ENSDARP00000064925	24.6	3
1493714	7955.ENSDARP00000094479	537	32
1492047	7955.ENSDARP00000087011	2.56	1
1502820	7955.ENSDARP00000114578	2169	9
1499108	7955.ENSDARP00000107466	1.78	1
1490261	7955.ENSDARP00000075216	1.74	2
1484927	7955.ENSDARP00000039155	18.0	3
1484634	7955.ENSDARP00000035453	67.3	14
1482810	7955.ENSDARP00000015781	98.2	5
1489301	7955.ENSDARP00000070408	189	29
1506938	7955.ENSDARP00000125399	3.37	2
1487505	7955.ENSDARP00000060291	25.5	5
1489179	7955.ENSDARP00000069762	154	10
1506553	7955.ENSDARP00000124366	40.6	42
1483986	7955.ENSDARP00000026889	6.07	10
1483778	7955.ENSDARP00000024900	2238	206
1493666	7955.ENSDARP00000094282	103	9
1493805	7955.ENSDARP00000094882	207	9
1492225	7955.ENSDARP00000088020	261	59
1505533	7955.ENSDARP00000121632	717	64
1496727	7955.ENSDARP00000102911	5.07	7
1488801	7955.ENSDARP00000067893	732	66
1497090	7955.ENSDARP00000103731	262	55
1496217	7955.ENSDARP00000101694	3.63	1
1497560	7955.ENSDARP00000104714	1.79	1
1481679	7955.ENSDARP00000005260	983	70
1482110	7955.ENSDARP00000009320	682	467
1487291	7955.ENSDARP00000059012	49.5	2
1504598	7955.ENSDARP00000119179	29.7	21
1488082	7955.ENSDARP00000063788	1195	40
1499580	7955.ENSDARP00000108280	64.3	2
1506489	7955.ENSDARP00000124165	129	7
1486698	7955.ENSDARP00000055503	85.0	5
1481792	7955.ENSDARP00000006315	13.2	1
1495388	7955.ENSDARP00000099721	11.0	3
1501517	7955.ENSDARP00000111631	67.3	14
1496773	7955.ENSDARP00000103007	5.49	3
1499073	7955.ENSDARP00000107398	80.2	3
1485246	7955.ENSDARP00000042736	29.5	3
1491486	7955.ENSDARP00000082898	9.26	1
1501451	7955.ENSDARP00000111507	1515	99
1492907	7955.ENSDARP00000091049	131	3
1484775	7955.ENSDARP00000037410	6.62	2
1500209	7955.ENSDARP00000109376	316	17
1487466	7955.ENSDARP00000060115	3.32	1
1483252	7955.ENSDARP00000019915	19.5	3
1487623	7955.ENSDARP00000061000	1037	82
1504084	7955.ENSDARP00000117883	39.1	13
1482976	7955.ENSDARP00000017246	52.4	19
1489838	7955.ENSDARP00000073113	29.5	10
1489682	7955.ENSDARP00000072492	92.2	3
1502670	7955.ENSDARP00000114220	1107	94
1503821	7955.ENSDARP00000117207	10.7	2
1484574	7955.ENSDARP00000034733	13.4	2
1503105	7955.ENSDARP00000115363	5.13	1
1490066	7955.ENSDARP00000074146	5.37	3
1488583	7955.ENSDARP00000066858	1117	554
1488817	7955.ENSDARP00000067945	732	66
1486305	7955.ENSDARP00000053000	61.3	5
1485355	7955.ENSDARP00000043898	1110	147
1484142	7955.ENSDARP00000028689	32.9	6
1493867	7955.ENSDARP00000095133	12.6	2
1494755	7955.ENSDARP00000098279	199	24
1489476	7955.ENSDARP00000071527	14.8	1
1488508	7955.ENSDARP00000066383	120	26
1484345	7955.ENSDARP00000031690	408	18
1483660	7955.ENSDARP00000023805	4.69	1
1487270	7955.ENSDARP00000058912	224	38
1484539	7955.ENSDARP00000034171	480	37
1485427	7955.ENSDARP00000044689	116	15
1488820	7955.ENSDARP00000067953	3389	97
1488782	7955.ENSDARP00000067816	1.18	1
1483819	7955.ENSDARP00000025342	108	7
1500167	7955.ENSDARP00000109300	7.2	2
1485646	7955.ENSDARP00000047038	6.86	7
1497617	7955.ENSDARP00000104823	4.33	1
1489266	7955.ENSDARP00000070231	412	67
1483743	7955.ENSDARP00000024560	544	51
1489044	7955.ENSDARP00000069063	64.2	16
1498177	7955.ENSDARP00000105809	303	52
1492487	7955.ENSDARP00000089179	755	24
1492935	7955.ENSDARP00000091193	53.8	45
1504847	7955.ENSDARP00000119857	30.9	2
1500344	7955.ENSDARP00000109625	1451	568
1489894	7955.ENSDARP00000073415	3.89	30
1483090	7955.ENSDARP00000018158	15.3	1
1485329	7955.ENSDARP00000043659	13.3	3
1503202	7955.ENSDARP00000115582	26.9	5
1486619	7955.ENSDARP00000055061	413	15
1489565	7955.ENSDARP00000072006	1195	593
1484529	7955.ENSDARP00000034052	32.6	3
1483412	7955.ENSDARP00000021652	62.7	7
1495574	7955.ENSDARP00000100170	440	40
1499605	7955.ENSDARP00000108316	39.6	5
1500424	7955.ENSDARP00000109758	3.81	2
1485598	7955.ENSDARP00000046575	3.19	1
1487783	7955.ENSDARP00000062145	67.0	10
1503278	7955.ENSDARP00000115804	158	10
1488156	7955.ENSDARP00000064171	3.9	1
1485824	7955.ENSDARP00000049002	92.9	22
1497299	7955.ENSDARP00000104209	2.42	2
1495209	7955.ENSDARP00000099306	43.0	5
1501072	7955.ENSDARP00000110869	732	66
1490150	7955.ENSDARP00000074623	20.5	1
1488010	7955.ENSDARP00000063391	1080	46
1501122	7955.ENSDARP00000110948	3.51	3
1502682	7955.ENSDARP00000114245	3.98	2
1493706	7955.ENSDARP00000094422	58.6	12
1487760	7955.ENSDARP00000061954	3.51	1
1483326	7955.ENSDARP00000020656	56.9	3
1490210	7955.ENSDARP00000074935	62.3	24
1487042	7955.ENSDARP00000057598	129	2
1485804	7955.ENSDARP00000048827	102	93
1501464	7955.ENSDARP00000111526	702	265
1487278	7955.ENSDARP00000058955	122	26
