#id: 288
#name: D.rerio - Heart, SC (Kelkar,MCP,2014)
#score: 12.9
#weight: 100%
#description: abundance based on Spectral counting, from<a href="http://www.ncbi.nlm.nih.gov/pubmed/25060758" target="_blank">Kelkar,MCP,2014</a><br/><b>Interaction consistency score</b>: 12.9&nbsp<b>Coverage</b>: 6
#organ: HEART
#integrated: false
#coverage: 6
#publication_year: 2014
#filename: 7955-ZF_Heart_Kelkar_2014_SEQUEST.txt
#
#internal_id	string_external_id	abundance	raw_spectral_count
1483760	7955.ENSDARP00000024693	108	3
1485932	7955.ENSDARP00000050257	307	17
1505315	7955.ENSDARP00000121065	60.0	19
1503481	7955.ENSDARP00000116312	73.0	1
1501414	7955.ENSDARP00000111447	251	75
1500174	7955.ENSDARP00000109315	253	75
1504438	7955.ENSDARP00000118753	41.5	1
1501874	7955.ENSDARP00000112247	120	2
1496634	7955.ENSDARP00000102682	159	23
1490111	7955.ENSDARP00000074422	277	11
1497271	7955.ENSDARP00000104161	264	7
1482050	7955.ENSDARP00000008690	340	42
1505783	7955.ENSDARP00000122226	708	28
1483733	7955.ENSDARP00000024424	8.08	2
1486376	7955.ENSDARP00000053431	230	5
1504448	7955.ENSDARP00000118774	480	68
1485046	7955.ENSDARP00000040556	312	3
1487491	7955.ENSDARP00000060202	10.6	2
1485027	7955.ENSDARP00000040396	5211	87
1504592	7955.ENSDARP00000119169	52.8	2
1483964	7955.ENSDARP00000026717	149	6
1506186	7955.ENSDARP00000123299	278	94
1482575	7955.ENSDARP00000013329	9888	282
1489378	7955.ENSDARP00000070803	78.6	1
1499841	7955.ENSDARP00000108727	178	34
1490572	7955.ENSDARP00000076508	251	4
1506145	7955.ENSDARP00000123183	613	12
1481775	7955.ENSDARP00000006117	29.9	1
1482327	7955.ENSDARP00000011269	535	857
1494094	7955.ENSDARP00000096118	884	44
1505104	7955.ENSDARP00000120479	2.92	2
1495293	7955.ENSDARP00000099498	5.29	4
1484013	7955.ENSDARP00000027115	702	19
1490792	7955.ENSDARP00000077866	11.3	3
1481433	7955.ENSDARP00000003038	15.4	2
1493794	7955.ENSDARP00000094826	213	3
1483334	7955.ENSDARP00000020775	371	13
1492856	7955.ENSDARP00000090833	151	6
1499754	7955.ENSDARP00000108567	5.87	1
1483298	7955.ENSDARP00000020361	314	14
1488986	7955.ENSDARP00000068795	500	9
1488215	7955.ENSDARP00000064522	1880	47
1492955	7955.ENSDARP00000091324	32.3	4
1481636	7955.ENSDARP00000004866	20.6	1
1501987	7955.ENSDARP00000112435	1106	32
1500894	7955.ENSDARP00000110558	503	32
1501849	7955.ENSDARP00000112199	9480	157
1481782	7955.ENSDARP00000006207	882	33
1500780	7955.ENSDARP00000110377	384	12
1493307	7955.ENSDARP00000092760	523	12
1502811	7955.ENSDARP00000114555	44.3	1
1503171	7955.ENSDARP00000115511	131	3
1483297	7955.ENSDARP00000020358	3311	23
1488693	7955.ENSDARP00000067373	40.1	2
1485655	7955.ENSDARP00000047093	4.7	4
1486190	7955.ENSDARP00000052354	51.0	6
1485889	7955.ENSDARP00000049792	1032	36
1482474	7955.ENSDARP00000012454	495	21
1498074	7955.ENSDARP00000105632	44.6	3
1488853	7955.ENSDARP00000068111	219	9
1499394	7955.ENSDARP00000107946	242	56
1497137	7955.ENSDARP00000103850	23.2	1
1481855	7955.ENSDARP00000006882	996	38
1481928	7955.ENSDARP00000007584	215	5
1481822	7955.ENSDARP00000006549	8.57	1
1502301	7955.ENSDARP00000113244	5.94	2
1484171	7955.ENSDARP00000029090	162	26
1499915	7955.ENSDARP00000108873	19.3	1
1503932	7955.ENSDARP00000117497	183	6
1482090	7955.ENSDARP00000009149	2.66	1
1484412	7955.ENSDARP00000032575	1106	70
1499155	7955.ENSDARP00000107547	242	56
1489173	7955.ENSDARP00000069745	51.0	2
1492125	7955.ENSDARP00000087500	699	12
1485677	7955.ENSDARP00000047376	107	8
1490312	7955.ENSDARP00000075482	21.4	1
1486922	7955.ENSDARP00000056852	1594	1704
1499467	7955.ENSDARP00000108086	19.6	15
1505693	7955.ENSDARP00000122009	276	75
1500689	7955.ENSDARP00000110234	229	17
1493882	7955.ENSDARP00000095193	134	5
1503589	7955.ENSDARP00000116598	23.8	1
1482942	7955.ENSDARP00000016922	14.1	4
1488511	7955.ENSDARP00000066387	107	2
1505743	7955.ENSDARP00000122141	1390	14
1493871	7955.ENSDARP00000095139	174	1
1482375	7955.ENSDARP00000011656	202	9
1486864	7955.ENSDARP00000056522	66.1	13
1483937	7955.ENSDARP00000026454	45.8	1
1490762	7955.ENSDARP00000077706	260	5
1505117	7955.ENSDARP00000120506	98.2	4
1485984	7955.ENSDARP00000050884	2.83	1
1503030	7955.ENSDARP00000115147	217	3
1482983	7955.ENSDARP00000017326	681	92
1481889	7955.ENSDARP00000007209	0.43	1
1502712	7955.ENSDARP00000114317	62.1	4
1491297	7955.ENSDARP00000081533	1005	190
1494459	7955.ENSDARP00000097572	504	9
1491298	7955.ENSDARP00000081539	70.3	9
1492412	7955.ENSDARP00000088840	279	706
1482635	7955.ENSDARP00000014003	15.6	1
1484470	7955.ENSDARP00000033328	67.0	5
1503880	7955.ENSDARP00000117370	189	11
1486245	7955.ENSDARP00000052638	60.5	4
1488196	7955.ENSDARP00000064418	278	8
1493067	7955.ENSDARP00000091816	1779	115
1499751	7955.ENSDARP00000108560	339	8
1490180	7955.ENSDARP00000074827	31.9	7
1487079	7955.ENSDARP00000057824	49.6	1
1484914	7955.ENSDARP00000039036	28.9	1
1481430	7955.ENSDARP00000003030	1619	48
1487843	7955.ENSDARP00000062517	1735	45
1486325	7955.ENSDARP00000053151	198	6
1486039	7955.ENSDARP00000051312	184	6
1506197	7955.ENSDARP00000123323	276	75
1482055	7955.ENSDARP00000008736	2.9	4
1498430	7955.ENSDARP00000106245	242	56
1499548	7955.ENSDARP00000108224	255	663
1493778	7955.ENSDARP00000094764	712	17
1497006	7955.ENSDARP00000103549	5.23	1
1483802	7955.ENSDARP00000025160	259	7
1487353	7955.ENSDARP00000059365	671	58
1496830	7955.ENSDARP00000103150	3.37	1
1489915	7955.ENSDARP00000073486	0.872	1
1486225	7955.ENSDARP00000052510	300	7
1495429	7955.ENSDARP00000099813	276	75
1488187	7955.ENSDARP00000064375	156	2
1487584	7955.ENSDARP00000060765	147	16
1487307	7955.ENSDARP00000059139	122	4
1489401	7955.ENSDARP00000070953	118	7
1506689	7955.ENSDARP00000124846	2.06	1
1504300	7955.ENSDARP00000118414	1.69	1
1483752	7955.ENSDARP00000024643	610	25
1505528	7955.ENSDARP00000121609	35.8	2
1494148	7955.ENSDARP00000096352	127	44
1496293	7955.ENSDARP00000101872	140	11
1488803	7955.ENSDARP00000067895	159	23
1500166	7955.ENSDARP00000109299	242	56
1493714	7955.ENSDARP00000094479	30.7	2
1496541	7955.ENSDARP00000102443	5.94	1
1487148	7955.ENSDARP00000058288	204	3
1484341	7955.ENSDARP00000031658	4.91	4
1484235	7955.ENSDARP00000029935	7.98	1
1488816	7955.ENSDARP00000067943	516	31
1502786	7955.ENSDARP00000114486	350	41
1490314	7955.ENSDARP00000075490	530	70
1500693	7955.ENSDARP00000110238	326	16
1484062	7955.ENSDARP00000027654	622	8
1481733	7955.ENSDARP00000005719	854	8
1487632	7955.ENSDARP00000061097	75.5	50
1492241	7955.ENSDARP00000088086	784	338
1494020	7955.ENSDARP00000095720	70.2	31
1490477	7955.ENSDARP00000076180	9.21	2
1487222	7955.ENSDARP00000058661	418	16
1485793	7955.ENSDARP00000048721	155	12
1486256	7955.ENSDARP00000052687	478	72
1504598	7955.ENSDARP00000119179	395	116
1485115	7955.ENSDARP00000041384	504	9
1501337	7955.ENSDARP00000111298	276	75
1502154	7955.ENSDARP00000112865	196	5
1489783	7955.ENSDARP00000072903	82.4	6
1481818	7955.ENSDARP00000006510	885	48
1504186	7955.ENSDARP00000118105	106	5
1496900	7955.ENSDARP00000103325	214	5
1489932	7955.ENSDARP00000073585	40.0	1
1493838	7955.ENSDARP00000095023	15.4	1
1497506	7955.ENSDARP00000104621	57.4	2
1501591	7955.ENSDARP00000111762	279	24
1496831	7955.ENSDARP00000103152	61.7	2
1501574	7955.ENSDARP00000111734	14.9	1
1498004	7955.ENSDARP00000105524	12.5	2
1481483	7955.ENSDARP00000003389	8853	170
1505614	7955.ENSDARP00000121828	351	12
1491736	7955.ENSDARP00000084725	6.15	3
1494133	7955.ENSDARP00000096295	63.9	3
1504771	7955.ENSDARP00000119651	135	6
1496628	7955.ENSDARP00000102672	540	26
1498549	7955.ENSDARP00000106441	416	768
1486296	7955.ENSDARP00000052929	1925	57
1497289	7955.ENSDARP00000104192	2.17	2
1487842	7955.ENSDARP00000062514	0.777	1
1503775	7955.ENSDARP00000117068	108	6
1484583	7955.ENSDARP00000034822	19.0	2
1503983	7955.ENSDARP00000117628	1326	37
1501091	7955.ENSDARP00000110895	28.8	3
1486642	7955.ENSDARP00000055185	660	3
1487169	7955.ENSDARP00000058383	2014	66
1494950	7955.ENSDARP00000098726	159	23
1483074	7955.ENSDARP00000018027	1106	47
1493629	7955.ENSDARP00000094134	168	3
1486902	7955.ENSDARP00000056744	18.2	1
1484960	7955.ENSDARP00000039656	681	38
1483694	7955.ENSDARP00000024104	118	5
1502041	7955.ENSDARP00000112527	269	75
1495958	7955.ENSDARP00000101062	64.2	4
1483577	7955.ENSDARP00000023121	6704	156
1492573	7955.ENSDARP00000089612	90.5	2
1487278	7955.ENSDARP00000058955	1019	54
1499789	7955.ENSDARP00000108629	176	4
1504480	7955.ENSDARP00000118867	750	2
1495316	7955.ENSDARP00000099554	38.2	2
1501608	7955.ENSDARP00000111786	242	56
1492850	7955.ENSDARP00000090794	159	23
1496287	7955.ENSDARP00000101862	242	56
1486483	7955.ENSDARP00000054142	317	14
1493411	7955.ENSDARP00000093277	107	5
1483570	7955.ENSDARP00000023022	79.3	8
1488009	7955.ENSDARP00000063383	1130	41
1496152	7955.ENSDARP00000101525	276	75
1504251	7955.ENSDARP00000118280	183	18
1500884	7955.ENSDARP00000110546	1501	70
1482900	7955.ENSDARP00000016602	2432	56
1502326	7955.ENSDARP00000113292	8.89	2
1500379	7955.ENSDARP00000109682	496	40
1482469	7955.ENSDARP00000012436	7.25	1
1489114	7955.ENSDARP00000069405	2.22	1
1485166	7955.ENSDARP00000041857	307	6
1486630	7955.ENSDARP00000055135	3784	973
1488351	7955.ENSDARP00000065372	365	4
1488817	7955.ENSDARP00000067945	159	23
1492442	7955.ENSDARP00000089001	195	4
1497274	7955.ENSDARP00000104168	1710	47
1489641	7955.ENSDARP00000072337	339	60
1484402	7955.ENSDARP00000032422	166	11
1483244	7955.ENSDARP00000019846	7.16	1
1498732	7955.ENSDARP00000106781	251	75
1483808	7955.ENSDARP00000025226	409	9
1490080	7955.ENSDARP00000074186	2170	122
1484134	7955.ENSDARP00000028571	1689	87
1497085	7955.ENSDARP00000103724	5.56	2
1485650	7955.ENSDARP00000047072	23.5	1
1494037	7955.ENSDARP00000095806	3.4	1
1495564	7955.ENSDARP00000100142	153	2
1483604	7955.ENSDARP00000023354	60.4	4
1494714	7955.ENSDARP00000098182	552	26
1506721	7955.ENSDARP00000124943	8.73	2
1499750	7955.ENSDARP00000108556	512	22
1489682	7955.ENSDARP00000072492	558	6
1483984	7955.ENSDARP00000026870	128	5
1488508	7955.ENSDARP00000066383	62.3	6
1481768	7955.ENSDARP00000006065	11.5	2
1497443	7955.ENSDARP00000104510	241	6
1485247	7955.ENSDARP00000042754	5.53	2
1491563	7955.ENSDARP00000083458	59.1	2
1495352	7955.ENSDARP00000099627	1.8	1
1490237	7955.ENSDARP00000075110	4710	1050
1501499	7955.ENSDARP00000111602	135	5
1494007	7955.ENSDARP00000095652	6772	691
1483641	7955.ENSDARP00000023679	21.3	1
1492613	7955.ENSDARP00000089772	99.7	6
1492699	7955.ENSDARP00000090161	3.08	1
1495313	7955.ENSDARP00000099550	222	75
1504925	7955.ENSDARP00000120051	77.0	20
1485592	7955.ENSDARP00000046506	11.6	1
1486179	7955.ENSDARP00000052324	308	15
1489903	7955.ENSDARP00000073455	248	9
1482999	7955.ENSDARP00000017456	265	20
1483572	7955.ENSDARP00000023063	127	6
1488177	7955.ENSDARP00000064310	175	2
1485989	7955.ENSDARP00000050915	8.02	2
1491405	7955.ENSDARP00000082327	242	56
1485967	7955.ENSDARP00000050670	344	20
1482821	7955.ENSDARP00000015866	5.8	1
1500989	7955.ENSDARP00000110724	117	2
1497819	7955.ENSDARP00000105182	14.3	1
1500141	7955.ENSDARP00000109257	242	56
1489558	7955.ENSDARP00000071946	1.75	1
1496165	7955.ENSDARP00000101565	371	14
1482870	7955.ENSDARP00000016261	65.2	17
1484601	7955.ENSDARP00000035057	13.0	5
1486444	7955.ENSDARP00000053870	36.1	1
1483829	7955.ENSDARP00000025466	108	5
1487243	7955.ENSDARP00000058736	350	6
1481495	7955.ENSDARP00000003468	33.3	2
1487173	7955.ENSDARP00000058402	3075	132
1504263	7955.ENSDARP00000118326	123	44
1501618	7955.ENSDARP00000111801	927	26
1501382	7955.ENSDARP00000111380	9.28	2
1498325	7955.ENSDARP00000106067	1100	86
1485031	7955.ENSDARP00000040421	210	6
1482890	7955.ENSDARP00000016453	737	51
1503905	7955.ENSDARP00000117422	919	15
1492926	7955.ENSDARP00000091115	2.34	1
1498977	7955.ENSDARP00000107234	159	23
1506381	7955.ENSDARP00000123814	5.8	1
1506324	7955.ENSDARP00000123652	57.0	2
1489708	7955.ENSDARP00000072597	19.5	3
1500153	7955.ENSDARP00000109278	85.3	7
1490115	7955.ENSDARP00000074464	213	8
1506487	7955.ENSDARP00000124160	18.3	1
1485195	7955.ENSDARP00000042199	4002	195
1489219	7955.ENSDARP00000070002	1509	63
1494786	7955.ENSDARP00000098348	1710	36
1507274	7955.ENSDARP00000126183	206	4
1499876	7955.ENSDARP00000108798	2343	70
1491491	7955.ENSDARP00000082917	11.8	7
1500595	7955.ENSDARP00000110052	71.8	2
1489133	7955.ENSDARP00000069525	74.4	23
1484993	7955.ENSDARP00000040031	155	6
1493049	7955.ENSDARP00000091733	30.8	5
1489416	7955.ENSDARP00000071046	138	12
1497178	7955.ENSDARP00000103937	251	75
1501416	7955.ENSDARP00000111451	253	17
1502594	7955.ENSDARP00000114008	26.6	4
1493769	7955.ENSDARP00000094733	27.8	4
1502421	7955.ENSDARP00000113541	276	75
1502821	7955.ENSDARP00000114580	76.9	148
1493338	7955.ENSDARP00000092923	1838	35
1501748	7955.ENSDARP00000112034	242	56
1484500	7955.ENSDARP00000033600	150	1
1493940	7955.ENSDARP00000095394	174	8
1485681	7955.ENSDARP00000047408	39.8	43
1481767	7955.ENSDARP00000006047	440	25
1481529	7955.ENSDARP00000003744	570	35
1481516	7955.ENSDARP00000003646	14.9	1
1499928	7955.ENSDARP00000108896	30.6	9
1488347	7955.ENSDARP00000065355	280	43
1483525	7955.ENSDARP00000022595	201	4
1501909	7955.ENSDARP00000112301	159	23
1484892	7955.ENSDARP00000038799	8586	92
1498863	7955.ENSDARP00000107028	242	56
1482298	7955.ENSDARP00000011083	22.2	1
1482976	7955.ENSDARP00000017246	1341	63
1501715	7955.ENSDARP00000111973	276	75
1488665	7955.ENSDARP00000067187	5.55	5
1501476	7955.ENSDARP00000111561	30.1	3
1501783	7955.ENSDARP00000112092	276	75
1494498	7955.ENSDARP00000097665	195	16
1492520	7955.ENSDARP00000089338	305	20
1482320	7955.ENSDARP00000011213	133	24
1498381	7955.ENSDARP00000106164	16.5	8
1488283	7955.ENSDARP00000064973	213	5
1496044	7955.ENSDARP00000101257	124	3
1502024	7955.ENSDARP00000112496	303	22
1497414	7955.ENSDARP00000104468	480	68
1490075	7955.ENSDARP00000074169	422	6
1488718	7955.ENSDARP00000067511	330	9
1485917	7955.ENSDARP00000050129	370	9
1490258	7955.ENSDARP00000075208	20.5	1
1481949	7955.ENSDARP00000007735	1682	68
1501061	7955.ENSDARP00000110851	293	87
1488739	7955.ENSDARP00000067585	520	12
1503316	7955.ENSDARP00000115888	182	9
1483280	7955.ENSDARP00000020181	36.1	3
1488711	7955.ENSDARP00000067447	1997	61
1486251	7955.ENSDARP00000052655	160	5
1485131	7955.ENSDARP00000041530	1667	20
1495356	7955.ENSDARP00000099639	11.0	1
1501200	7955.ENSDARP00000111083	31.0	1
1504399	7955.ENSDARP00000118656	46.5	2
1481987	7955.ENSDARP00000008085	158	3
1496068	7955.ENSDARP00000101311	242	56
1498905	7955.ENSDARP00000107110	1682	77
1487075	7955.ENSDARP00000057787	199	75
1484198	7955.ENSDARP00000029477	1.66	1
1491791	7955.ENSDARP00000085142	227	5
1486215	7955.ENSDARP00000052440	248	15
1493704	7955.ENSDARP00000094420	8.87	1
1500715	7955.ENSDARP00000110274	646	38
1502981	7955.ENSDARP00000115012	1321	618
1487088	7955.ENSDARP00000057866	664	19
1505674	7955.ENSDARP00000121973	47.1	1
1482477	7955.ENSDARP00000012500	16.1	15
1488244	7955.ENSDARP00000064708	16.0	1
1482419	7955.ENSDARP00000012048	240	15
1485447	7955.ENSDARP00000045014	16.9	1
1491710	7955.ENSDARP00000084512	132	8
1503822	7955.ENSDARP00000117208	74.8	8
1483364	7955.ENSDARP00000021064	18.9	2
1504309	7955.ENSDARP00000118435	398	15
1489801	7955.ENSDARP00000072971	311	12
1498835	7955.ENSDARP00000106972	5.07	1
1498102	7955.ENSDARP00000105678	195	16
1485395	7955.ENSDARP00000044327	154	6
1494425	7955.ENSDARP00000097494	2273	52
1488779	7955.ENSDARP00000067802	1797	46
1498333	7955.ENSDARP00000106080	133	4
1485533	7955.ENSDARP00000045815	111	10
1486553	7955.ENSDARP00000054618	46.2	2
1487936	7955.ENSDARP00000062982	456	8
1499937	7955.ENSDARP00000108912	118	2
1505231	7955.ENSDARP00000120827	10.1	2
1484745	7955.ENSDARP00000037025	374	12
1499478	7955.ENSDARP00000108108	169	5
1494820	7955.ENSDARP00000098432	276	75
1496128	7955.ENSDARP00000101467	242	56
1489379	7955.ENSDARP00000070807	2375	96
1493784	7955.ENSDARP00000094800	177	8
1488473	7955.ENSDARP00000066176	292	71
1485832	7955.ENSDARP00000049134	338	21
1481292	7955.ENSDARP00000000803	759	210
1489822	7955.ENSDARP00000073057	2328	84
1492762	7955.ENSDARP00000090434	343	19
1488506	7955.ENSDARP00000066381	463	1
1484163	7955.ENSDARP00000028970	196	8
1481409	7955.ENSDARP00000002844	426	16
1485219	7955.ENSDARP00000042420	33.6	4
1484795	7955.ENSDARP00000037635	225	5
1488625	7955.ENSDARP00000067039	302	12
1482861	7955.ENSDARP00000016160	21.3	1
1483861	7955.ENSDARP00000025702	3393	240
1482971	7955.ENSDARP00000017217	2959	100
1489113	7955.ENSDARP00000069401	608	12
1497293	7955.ENSDARP00000104196	69.8	5
1489727	7955.ENSDARP00000072678	1158	528
1482344	7955.ENSDARP00000011398	101	3
1506768	7955.ENSDARP00000125088	1.24	1
1489339	7955.ENSDARP00000070561	374	18
1481826	7955.ENSDARP00000006624	1868	16
1493583	7955.ENSDARP00000093966	201	18
1486838	7955.ENSDARP00000056318	823	6
1505894	7955.ENSDARP00000122502	1312	1699
1490660	7955.ENSDARP00000076902	600	14
1495956	7955.ENSDARP00000101059	413	10
1506459	7955.ENSDARP00000124085	813	1
1502550	7955.ENSDARP00000113905	933	85
1507056	7955.ENSDARP00000125625	17.1	1
1493702	7955.ENSDARP00000094415	1525	33
1497124	7955.ENSDARP00000103810	15.8	1
1498841	7955.ENSDARP00000106981	41.9	12
1483899	7955.ENSDARP00000026065	166	25
1503532	7955.ENSDARP00000116441	175	5
1487429	7955.ENSDARP00000059885	2584	87
1499830	7955.ENSDARP00000108711	473	51
1502773	7955.ENSDARP00000114456	11.1	15
1483429	7955.ENSDARP00000021850	45.6	1
1488617	7955.ENSDARP00000067004	42.6	4
1499837	7955.ENSDARP00000108718	6.69	1
1487807	7955.ENSDARP00000062323	197	19
1498577	7955.ENSDARP00000106496	242	56
1486590	7955.ENSDARP00000054848	32.8	2
1494335	7955.ENSDARP00000097050	94.8	24
1502106	7955.ENSDARP00000112736	71.9	6
1487052	7955.ENSDARP00000057637	1537	129
1485804	7955.ENSDARP00000048827	94.3	33
1493888	7955.ENSDARP00000095217	301	20
1505360	7955.ENSDARP00000121180	36.7	3
1498170	7955.ENSDARP00000105799	181	13
1481359	7955.ENSDARP00000002360	45.7	6
1482617	7955.ENSDARP00000013803	17.2	1
1490585	7955.ENSDARP00000076580	40.8	5
1489730	7955.ENSDARP00000072687	1151	597
1489816	7955.ENSDARP00000073037	335	10
1495465	7955.ENSDARP00000099928	1567	49
1500248	7955.ENSDARP00000109451	5.59	5
1482563	7955.ENSDARP00000013244	40.8	5
1482649	7955.ENSDARP00000014182	24.4	1
1506411	7955.ENSDARP00000123914	368	11
1498819	7955.ENSDARP00000106947	36.4	7
1481335	7955.ENSDARP00000002122	3044	110
1489489	7955.ENSDARP00000071587	2012	51
1489162	7955.ENSDARP00000069676	11.4	15
1482308	7955.ENSDARP00000011148	524	7
1484531	7955.ENSDARP00000034077	1080	55
1482678	7955.ENSDARP00000014456	8506	177
1495144	7955.ENSDARP00000099156	256	4
1494938	7955.ENSDARP00000098698	4.86	2
1506344	7955.ENSDARP00000123705	9.79	1
1483034	7955.ENSDARP00000017756	19.0	1
1497474	7955.ENSDARP00000104575	21.3	1
1499357	7955.ENSDARP00000107877	270	12
1495770	7955.ENSDARP00000100627	58.2	4
1503953	7955.ENSDARP00000117551	0.724	1
1483706	7955.ENSDARP00000024210	23.5	10
1495273	7955.ENSDARP00000099464	45.9	1
1486369	7955.ENSDARP00000053398	15.1	1
1482711	7955.ENSDARP00000014852	69.1	2
1497876	7955.ENSDARP00000105290	159	23
1483512	7955.ENSDARP00000022528	495	4
1507179	7955.ENSDARP00000125918	12.1	27
1490083	7955.ENSDARP00000074210	8.32	1
1485177	7955.ENSDARP00000041959	531	48
1494309	7955.ENSDARP00000096921	66.5	4
1489777	7955.ENSDARP00000072874	465	12
1487458	7955.ENSDARP00000060055	1616	61
1485269	7955.ENSDARP00000043001	152	8
1482716	7955.ENSDARP00000014904	10.1	1
1483013	7955.ENSDARP00000017569	377	16
1506769	7955.ENSDARP00000125089	900	1564
1483585	7955.ENSDARP00000023177	1784	24
1505883	7955.ENSDARP00000122475	85.3	7
1481841	7955.ENSDARP00000006783	311	5
1503077	7955.ENSDARP00000115285	682	26
1501354	7955.ENSDARP00000111326	254	662
1482040	7955.ENSDARP00000008601	12.4	4
1484545	7955.ENSDARP00000034228	14.5	4
1488594	7955.ENSDARP00000066929	4785	95
1503574	7955.ENSDARP00000116560	320	6
1490257	7955.ENSDARP00000075204	86.5	4
1499775	7955.ENSDARP00000108601	590	16
1483481	7955.ENSDARP00000022302	258	28
1492578	7955.ENSDARP00000089645	658	49
1487219	7955.ENSDARP00000058628	4093	978
1493245	7955.ENSDARP00000092488	16833	325
1498177	7955.ENSDARP00000105809	1819	100
1482185	7955.ENSDARP00000010055	1347	22
1494922	7955.ENSDARP00000098664	103	4
1482042	7955.ENSDARP00000008636	17.1	1
1493285	7955.ENSDARP00000092672	69.9	4
1487629	7955.ENSDARP00000061057	162	57
1500446	7955.ENSDARP00000109800	10.1	5
1486664	7955.ENSDARP00000055306	92.8	1
1483189	7955.ENSDARP00000019235	20.4	3
1483974	7955.ENSDARP00000026816	0.293	5
1487097	7955.ENSDARP00000057943	1677	13
1485164	7955.ENSDARP00000041841	3481	53
1484089	7955.ENSDARP00000027947	18646	758
1506274	7955.ENSDARP00000123530	344	13
1490002	7955.ENSDARP00000073858	1.59	1
1501424	7955.ENSDARP00000111469	63.8	2
1503644	7955.ENSDARP00000116739	276	75
1481894	7955.ENSDARP00000007240	1865	100
1484196	7955.ENSDARP00000029462	66.4	1
1494104	7955.ENSDARP00000096178	1356	16
1502325	7955.ENSDARP00000113290	92.0	148
1504607	7955.ENSDARP00000119201	30.9	3
1481754	7955.ENSDARP00000005930	2817	106
1491244	7955.ENSDARP00000081180	119	7
1486939	7955.ENSDARP00000056925	62.2	1
1505014	7955.ENSDARP00000120260	18188	215
1490996	7955.ENSDARP00000079424	75.8	6
1482615	7955.ENSDARP00000013777	5839	103
1493536	7955.ENSDARP00000093791	276	75
1486197	7955.ENSDARP00000052382	1719	24
1491437	7955.ENSDARP00000082533	11.7	2
1483851	7955.ENSDARP00000025613	2818	52
1492197	7955.ENSDARP00000087881	302	4
1489851	7955.ENSDARP00000073195	149	60
1498408	7955.ENSDARP00000106208	141	12
1497842	7955.ENSDARP00000105230	235	16
1493598	7955.ENSDARP00000094020	42.1	2
1502890	7955.ENSDARP00000114781	317	6
1504132	7955.ENSDARP00000117985	210	7
1483575	7955.ENSDARP00000023098	937	46
1481407	7955.ENSDARP00000002825	40.6	5
1503773	7955.ENSDARP00000117066	164	13
1491769	7955.ENSDARP00000084961	96.3	6
1489228	7955.ENSDARP00000070035	79.4	2
1486610	7955.ENSDARP00000054986	3216	562
1496897	7955.ENSDARP00000103318	159	23
1482083	7955.ENSDARP00000009096	1907	29
1484374	7955.ENSDARP00000032142	3.61	1
1500865	7955.ENSDARP00000110511	276	75
1483017	7955.ENSDARP00000017597	1264	29
1485007	7955.ENSDARP00000040203	355	76
1493495	7955.ENSDARP00000093629	151	6
1486503	7955.ENSDARP00000054289	22.7	1
1483712	7955.ENSDARP00000024272	50.5	23
1492996	7955.ENSDARP00000091498	281	9
1485065	7955.ENSDARP00000040787	168	14
1485087	7955.ENSDARP00000041087	169	5
1486352	7955.ENSDARP00000053303	467	116
1482739	7955.ENSDARP00000015065	19.3	1
1484017	7955.ENSDARP00000027139	88.1	3
1484291	7955.ENSDARP00000030881	4242	329
1483987	7955.ENSDARP00000026895	338	11
1505477	7955.ENSDARP00000121484	1285	1670
1496915	7955.ENSDARP00000103352	10.8	2
1486041	7955.ENSDARP00000051359	337	737
1498163	7955.ENSDARP00000105782	10.9	1
1495323	7955.ENSDARP00000099569	1.3	1
1505521	7955.ENSDARP00000121591	1602	34
1497667	7955.ENSDARP00000104918	159	23
1504893	7955.ENSDARP00000119972	0.103	1
1485018	7955.ENSDARP00000040327	118	23
1493538	7955.ENSDARP00000093801	190	75
1486312	7955.ENSDARP00000053076	412	5
1481507	7955.ENSDARP00000003571	363	10
1493229	7955.ENSDARP00000092429	6.25	1
1506548	7955.ENSDARP00000124348	18.4	2
1482512	7955.ENSDARP00000012767	497	55
1494032	7955.ENSDARP00000095774	3.53	1
1489355	7955.ENSDARP00000070658	245	10
1481766	7955.ENSDARP00000006028	2187	41
1489321	7955.ENSDARP00000070488	1676	112
1499191	7955.ENSDARP00000107596	4.67	1
1500012	7955.ENSDARP00000109044	242	56
1484667	7955.ENSDARP00000035977	4.05	1
1497170	7955.ENSDARP00000103912	172	2
1484367	7955.ENSDARP00000032005	4.32	1
1482554	7955.ENSDARP00000013157	22.5	1
1505456	7955.ENSDARP00000121437	4991	129
1487095	7955.ENSDARP00000057912	11.5	15
1493851	7955.ENSDARP00000095074	199	11
1484797	7955.ENSDARP00000037650	2462	52
1497753	7955.ENSDARP00000105059	242	56
1488800	7955.ENSDARP00000067891	159	23
1482429	7955.ENSDARP00000012139	28.8	3
1486742	7955.ENSDARP00000055741	27.3	5
1506320	7955.ENSDARP00000123643	68.6	1
1494179	7955.ENSDARP00000096443	78.6	5
1503903	7955.ENSDARP00000117418	45.4	17
1483663	7955.ENSDARP00000023819	913	41
1502370	7955.ENSDARP00000113415	3.25	4
1486104	7955.ENSDARP00000051762	373	9
1483276	7955.ENSDARP00000020154	2.87	1
1498828	7955.ENSDARP00000106960	6.85	1
1486459	7955.ENSDARP00000053962	11.9	1
1492240	7955.ENSDARP00000088082	90.5	2
1481544	7955.ENSDARP00000003850	229	5
1494890	7955.ENSDARP00000098596	5.51	3
1481314	7955.ENSDARP00000001459	151	5
1484270	7955.ENSDARP00000030555	37.7	3
1503491	7955.ENSDARP00000116332	418	8
1486830	7955.ENSDARP00000056279	12.8	1
1500773	7955.ENSDARP00000110363	189	15
1506574	7955.ENSDARP00000124424	145	6
1484887	7955.ENSDARP00000038757	10.7	1
1500476	7955.ENSDARP00000109853	11.6	5
1487856	7955.ENSDARP00000062555	3441	49
1485042	7955.ENSDARP00000040537	85.2	5
1493375	7955.ENSDARP00000093122	63.7	1
1502495	7955.ENSDARP00000113739	28.0	3
1486007	7955.ENSDARP00000051054	1692	24
1498911	7955.ENSDARP00000107122	434	111
1497657	7955.ENSDARP00000104899	3.51	5
1494493	7955.ENSDARP00000097644	611	13
1501273	7955.ENSDARP00000111199	32.6	2
1483643	7955.ENSDARP00000023685	25.9	1
1506525	7955.ENSDARP00000124278	3963	53
1498782	7955.ENSDARP00000106877	159	23
1490142	7955.ENSDARP00000074570	1506	73
1481524	7955.ENSDARP00000003700	62.1	1
1487577	7955.ENSDARP00000060722	99.1	3
1483321	7955.ENSDARP00000020578	151	5
1482896	7955.ENSDARP00000016540	128	15
1497925	7955.ENSDARP00000105368	40.8	5
1503486	7955.ENSDARP00000116324	237	4
1482901	7955.ENSDARP00000016622	25.5	5
1487859	7955.ENSDARP00000062568	128	3
1498986	7955.ENSDARP00000107250	4.04	1
1505006	7955.ENSDARP00000120230	37.2	3
1482774	7955.ENSDARP00000015404	2.85	1
1485287	7955.ENSDARP00000043172	2326	20
1504169	7955.ENSDARP00000118068	3.71	2
1495405	7955.ENSDARP00000099755	189	6
1496821	7955.ENSDARP00000103118	152	6
1499493	7955.ENSDARP00000108138	24.1	1
1498142	7955.ENSDARP00000105746	276	75
1481929	7955.ENSDARP00000007588	71.2	3
1497879	7955.ENSDARP00000105296	241	9
1487411	7955.ENSDARP00000059755	400	7
1494122	7955.ENSDARP00000096258	80.1	1
1484438	7955.ENSDARP00000032935	140	16
1493300	7955.ENSDARP00000092727	9.36	2
1493355	7955.ENSDARP00000093027	365	84
1504261	7955.ENSDARP00000118321	1.32	5
1495780	7955.ENSDARP00000100661	74.8	2
1487005	7955.ENSDARP00000057381	293	9
1500451	7955.ENSDARP00000109807	361	109
1485301	7955.ENSDARP00000043311	271	4
1492687	7955.ENSDARP00000090113	828	48
1496644	7955.ENSDARP00000102708	121	5
1487033	7955.ENSDARP00000057540	39.7	1
1498870	7955.ENSDARP00000107042	43.6	3
1495585	7955.ENSDARP00000100195	2983	709
1483156	7955.ENSDARP00000018923	47.8	5
1491939	7955.ENSDARP00000086261	1.04	1
1486442	7955.ENSDARP00000053867	95.5	10
1498274	7955.ENSDARP00000105979	1096	26
1498694	7955.ENSDARP00000106712	467	1
1494153	7955.ENSDARP00000096365	12.3	5
1504416	7955.ENSDARP00000118698	13.0	1
1492416	7955.ENSDARP00000088868	1.55	1
1487800	7955.ENSDARP00000062263	1034	28
1488503	7955.ENSDARP00000066372	2893	73
1499720	7955.ENSDARP00000108502	242	56
1485929	7955.ENSDARP00000050237	1766	720
1484607	7955.ENSDARP00000035106	33.1	3
1488226	7955.ENSDARP00000064608	25.5	5
1483841	7955.ENSDARP00000025539	69.3	4
1503757	7955.ENSDARP00000117024	857	25
1500403	7955.ENSDARP00000109720	84.5	6
1502766	7955.ENSDARP00000114437	69.4	53
1482860	7955.ENSDARP00000016158	2027	15
1486753	7955.ENSDARP00000055809	214	7
1489651	7955.ENSDARP00000072376	2315	40
1483915	7955.ENSDARP00000026207	798	10
1484454	7955.ENSDARP00000033180	214	67
1499446	7955.ENSDARP00000108050	112	5
1498855	7955.ENSDARP00000107004	115	5
1507133	7955.ENSDARP00000125818	33.6	4
1488507	7955.ENSDARP00000066382	10.9	1
1499781	7955.ENSDARP00000108614	4.24	2
1499818	7955.ENSDARP00000108688	28.5	2
1488102	7955.ENSDARP00000063876	176	5
1483671	7955.ENSDARP00000023877	66.6	3
1503593	7955.ENSDARP00000116604	281	14
1482936	7955.ENSDARP00000016879	1070	30
1497161	7955.ENSDARP00000103895	252	7
1485102	7955.ENSDARP00000041278	743	135
1501691	7955.ENSDARP00000111930	242	56
1494304	7955.ENSDARP00000096898	137	39
1493402	7955.ENSDARP00000093249	37.6	2
1485542	7955.ENSDARP00000045900	2421	29
1487893	7955.ENSDARP00000062735	137	6
1497081	7955.ENSDARP00000103712	2.36	5
1500828	7955.ENSDARP00000110449	95.9	2
1481867	7955.ENSDARP00000007032	32.4	2
1489490	7955.ENSDARP00000071589	242	10
1486400	7955.ENSDARP00000053576	26.2	2
1481857	7955.ENSDARP00000006888	127	11
1505049	7955.ENSDARP00000120335	31.9	1
1489473	7955.ENSDARP00000071510	15.9	4
1490169	7955.ENSDARP00000074778	2.73	1
1503586	7955.ENSDARP00000116589	857	27
1484014	7955.ENSDARP00000027118	1285	69
1503386	7955.ENSDARP00000116075	244	574
1490159	7955.ENSDARP00000074706	9.55	15
1495305	7955.ENSDARP00000099532	111	312
1481501	7955.ENSDARP00000003519	2563	46
1486493	7955.ENSDARP00000054204	3180	25
1506127	7955.ENSDARP00000123136	1029	17
1496890	7955.ENSDARP00000103300	38.1	1
1493274	7955.ENSDARP00000092617	19.3	1
1502614	7955.ENSDARP00000114052	1824	106
1499890	7955.ENSDARP00000108828	159	23
1499582	7955.ENSDARP00000108282	66.0	3
1485203	7955.ENSDARP00000042258	204	7
1507350	7955.ENSDARP00000126369	168	8
1483326	7955.ENSDARP00000020656	1855	32
1486433	7955.ENSDARP00000053833	103	3
1500032	7955.ENSDARP00000109071	242	56
1494642	7955.ENSDARP00000098004	138	37
1502356	7955.ENSDARP00000113373	3.9	2
1484497	7955.ENSDARP00000033554	5.74	1
1484064	7955.ENSDARP00000027662	93.7	3
1482840	7955.ENSDARP00000015985	21.3	4
1482766	7955.ENSDARP00000015328	47.6	1
1489095	7955.ENSDARP00000069300	2503	43
1486896	7955.ENSDARP00000056711	908	35
1481553	7955.ENSDARP00000003949	179	12
1505271	7955.ENSDARP00000120922	1456	47
1503606	7955.ENSDARP00000116646	22.4	5
1503480	7955.ENSDARP00000116310	138	2
1499494	7955.ENSDARP00000108139	380	14
1490630	7955.ENSDARP00000076801	5.37	2
1488551	7955.ENSDARP00000066664	5.27	3
1482543	7955.ENSDARP00000013042	5.75	4
1489372	7955.ENSDARP00000070780	88.9	2
1488304	7955.ENSDARP00000065102	7.66	1
1483778	7955.ENSDARP00000024900	745	56
1490463	7955.ENSDARP00000076104	633	20
1499849	7955.ENSDARP00000108742	4.6	1
1490084	7955.ENSDARP00000074230	123	14
1504724	7955.ENSDARP00000119520	27.3	7
1484241	7955.ENSDARP00000030050	56.8	21
1483766	7955.ENSDARP00000024748	20.7	1
1483722	7955.ENSDARP00000024338	857	34
1489900	7955.ENSDARP00000073437	127	6
1484419	7955.ENSDARP00000032688	1970	76
1495696	7955.ENSDARP00000100434	4768	1054
1499587	7955.ENSDARP00000108289	78.9	31
1482726	7955.ENSDARP00000014978	441	36
1482328	7955.ENSDARP00000011271	430	30
1483484	7955.ENSDARP00000022310	1200	33
1484592	7955.ENSDARP00000034904	65.8	2
1484423	7955.ENSDARP00000032730	1512	110
1493840	7955.ENSDARP00000095029	744	30
1490774	7955.ENSDARP00000077773	20.6	2
1483498	7955.ENSDARP00000022438	0.976	1
1481594	7955.ENSDARP00000004352	588	38
1492001	7955.ENSDARP00000086696	3.93	1
1490233	7955.ENSDARP00000075079	40.8	20
1484169	7955.ENSDARP00000029074	627	35
1482568	7955.ENSDARP00000013286	75.7	25
1483738	7955.ENSDARP00000024492	328	13
1482688	7955.ENSDARP00000014578	990	46
1483412	7955.ENSDARP00000021652	1404	42
1497907	7955.ENSDARP00000105344	39.8	4
1499049	7955.ENSDARP00000107359	34.1	2
1485132	7955.ENSDARP00000041532	7.7	2
1501411	7955.ENSDARP00000111442	7.7	1
1489005	7955.ENSDARP00000068913	1.6	1
1485638	7955.ENSDARP00000046980	56.2	2
1500756	7955.ENSDARP00000110339	2116	75
1493718	7955.ENSDARP00000094505	28.5	1
1485928	7955.ENSDARP00000050236	276	75
1488112	7955.ENSDARP00000063949	37.7	3
1500592	7955.ENSDARP00000110047	17.4	1
1482604	7955.ENSDARP00000013624	104	2
1492374	7955.ENSDARP00000088646	991	53
1498791	7955.ENSDARP00000106887	6071	73
1483056	7955.ENSDARP00000017878	7.98	1
1506726	7955.ENSDARP00000124963	20958	239
1487323	7955.ENSDARP00000059226	1442	31
1500101	7955.ENSDARP00000109199	56.8	21
1484942	7955.ENSDARP00000039324	714	70
1493094	7955.ENSDARP00000091902	490	5
1487089	7955.ENSDARP00000057868	10.0	1
1495492	7955.ENSDARP00000099976	57.4	4
1495726	7955.ENSDARP00000100503	149	6
1482110	7955.ENSDARP00000009320	401	105
1501072	7955.ENSDARP00000110869	159	23
1500692	7955.ENSDARP00000110237	231	16
1503003	7955.ENSDARP00000115072	902	1564
1490352	7955.ENSDARP00000075658	2194	113
1483789	7955.ENSDARP00000025042	361	4
1490464	7955.ENSDARP00000076115	136	16
1491393	7955.ENSDARP00000082215	29.8	1
1482533	7955.ENSDARP00000012950	203	4
1483524	7955.ENSDARP00000022592	3817	62
1490632	7955.ENSDARP00000076810	347	15
1504002	7955.ENSDARP00000117673	1357	33
1485678	7955.ENSDARP00000047390	975	13
1488077	7955.ENSDARP00000063773	21.3	4
1499083	7955.ENSDARP00000107419	95.1	6
1491418	7955.ENSDARP00000082437	1.93	1
1491735	7955.ENSDARP00000084719	13.4	2
1503055	7955.ENSDARP00000115224	370	34
1483453	7955.ENSDARP00000022064	167	17
1487508	7955.ENSDARP00000060309	16039	672
1489039	7955.ENSDARP00000069043	117	2
1481580	7955.ENSDARP00000004202	269	6
1493777	7955.ENSDARP00000094762	108	3
1492314	7955.ENSDARP00000088399	40.2	9
1489264	7955.ENSDARP00000070225	822	26
1487810	7955.ENSDARP00000062341	32.0	3
1490230	7955.ENSDARP00000075074	244	4
1488818	7955.ENSDARP00000067948	276	75
1487132	7955.ENSDARP00000058161	235	16
1499151	7955.ENSDARP00000107538	158	2
1493653	7955.ENSDARP00000094243	163	20
1505266	7955.ENSDARP00000120909	524	6
1488814	7955.ENSDARP00000067933	63.5	22
1483248	7955.ENSDARP00000019888	441	114
1503504	7955.ENSDARP00000116372	902	1564
1491426	7955.ENSDARP00000082473	2.8	1
1486370	7955.ENSDARP00000053403	1811	18
1493010	7955.ENSDARP00000091555	9.95	1
1496282	7955.ENSDARP00000101853	120	3
1488802	7955.ENSDARP00000067894	516	31
1499250	7955.ENSDARP00000107702	276	75
1501709	7955.ENSDARP00000111963	75.8	6
1482046	7955.ENSDARP00000008663	46.2	2
1481374	7955.ENSDARP00000002483	239	28
1485382	7955.ENSDARP00000044153	250	6
1485637	7955.ENSDARP00000046972	237	11
1487921	7955.ENSDARP00000062897	89.8	4
1496810	7955.ENSDARP00000103087	1109	12
1507303	7955.ENSDARP00000126252	203	7
1499178	7955.ENSDARP00000107576	40.4	1
1482103	7955.ENSDARP00000009258	1169	50
1505175	7955.ENSDARP00000120670	13.0	5
1495980	7955.ENSDARP00000101121	50.8	1
1482916	7955.ENSDARP00000016749	496	40
1501568	7955.ENSDARP00000111723	40.2	7
1482855	7955.ENSDARP00000016115	755	19
1485620	7955.ENSDARP00000046799	1189	66
1482139	7955.ENSDARP00000009605	97.5	4
1483619	7955.ENSDARP00000023524	52.7	4
1503966	7955.ENSDARP00000117582	20.1	19
1485090	7955.ENSDARP00000041141	328	94
1489218	7955.ENSDARP00000070001	170	13
1481596	7955.ENSDARP00000004394	34.2	13
1488751	7955.ENSDARP00000067634	399	10
1487658	7955.ENSDARP00000061273	2916	13
1482868	7955.ENSDARP00000016228	744	33
1481761	7955.ENSDARP00000006001	20.7	1
1493101	7955.ENSDARP00000091921	44.9	13
1485763	7955.ENSDARP00000048394	6576	135
1485903	7955.ENSDARP00000049927	107	1
1493019	7955.ENSDARP00000091586	678	5
1486910	7955.ENSDARP00000056766	1213	35
1495461	7955.ENSDARP00000099916	7.23	1
1489615	7955.ENSDARP00000072253	68.5	6
1506604	7955.ENSDARP00000124534	21.0	2
1488584	7955.ENSDARP00000066862	27.9	3
1499040	7955.ENSDARP00000107339	1652	43
1493522	7955.ENSDARP00000093734	189	75
1487782	7955.ENSDARP00000062142	163	20
1485867	7955.ENSDARP00000049463	54.9	2
1505202	7955.ENSDARP00000120742	6499	259
1485588	7955.ENSDARP00000046442	175	62
1488251	7955.ENSDARP00000064738	1880	20
1481947	7955.ENSDARP00000007716	458	6
1488252	7955.ENSDARP00000064746	117	2
1485504	7955.ENSDARP00000045554	14.5	2
1485665	7955.ENSDARP00000047200	498	74
1498926	7955.ENSDARP00000107148	242	56
1501361	7955.ENSDARP00000111337	3307	115
1489172	7955.ENSDARP00000069744	19.3	15
1492190	7955.ENSDARP00000087874	4345	31
1483702	7955.ENSDARP00000024189	1365	11
1487123	7955.ENSDARP00000058094	141	7
1488465	7955.ENSDARP00000066106	53.4	1
1499665	7955.ENSDARP00000108417	159	23
1493746	7955.ENSDARP00000094626	54.3	21
1494038	7955.ENSDARP00000095811	3.2	1
1502747	7955.ENSDARP00000114396	614	24
1488518	7955.ENSDARP00000066429	4648	961
1490499	7955.ENSDARP00000076249	10.6	2
1493802	7955.ENSDARP00000094849	78.6	26
1481848	7955.ENSDARP00000006838	3.74	1
1500437	7955.ENSDARP00000109780	426	44
1484701	7955.ENSDARP00000036413	122	4
1488640	7955.ENSDARP00000067092	347	3
1495973	7955.ENSDARP00000101100	1090	64
1482624	7955.ENSDARP00000013902	2823	66
1488791	7955.ENSDARP00000067865	1777	13
1494935	7955.ENSDARP00000098692	34.3	1
1498316	7955.ENSDARP00000106050	10.4	2
1484896	7955.ENSDARP00000038835	1118	33
1499185	7955.ENSDARP00000107585	242	56
1485049	7955.ENSDARP00000040644	83.4	6
1498736	7955.ENSDARP00000106788	94.6	3
1488101	7955.ENSDARP00000063869	761	11
1499469	7955.ENSDARP00000108089	1900	35
1499385	7955.ENSDARP00000107930	11.0	1
1487581	7955.ENSDARP00000060744	2225	77
1501355	7955.ENSDARP00000111328	75.9	2
1503580	7955.ENSDARP00000116574	159	23
1484768	7955.ENSDARP00000037326	113	5
1486119	7955.ENSDARP00000051848	4421	105
1482831	7955.ENSDARP00000015937	198	34
1487477	7955.ENSDARP00000060161	4368	63
1485338	7955.ENSDARP00000043714	500	29
1491330	7955.ENSDARP00000081732	92.7	3
1493531	7955.ENSDARP00000093780	159	23
1486921	7955.ENSDARP00000056848	829	1285
1483774	7955.ENSDARP00000024860	59.1	7
1482905	7955.ENSDARP00000016639	1316	16
1490401	7955.ENSDARP00000075860	676	16
1506412	7955.ENSDARP00000123920	128	6
1503172	7955.ENSDARP00000115512	449	31
1500559	7955.ENSDARP00000109990	61.1	1
1500498	7955.ENSDARP00000109890	2093	149
1506598	7955.ENSDARP00000124511	361	8
1502777	7955.ENSDARP00000114467	850	11
1506310	7955.ENSDARP00000123619	159	23
1484349	7955.ENSDARP00000031743	37.5	1
1497811	7955.ENSDARP00000105168	242	56
1495537	7955.ENSDARP00000100082	92.2	2
1482636	7955.ENSDARP00000014010	163	5
1483843	7955.ENSDARP00000025541	1501	20
1494197	7955.ENSDARP00000096509	4680	364
1482325	7955.ENSDARP00000011243	4028	106
1498082	7955.ENSDARP00000105646	222	75
1484658	7955.ENSDARP00000035859	981	46
1489906	7955.ENSDARP00000073464	192	7
1500275	7955.ENSDARP00000109497	1921	19
1482383	7955.ENSDARP00000011707	1567	49
1502543	7955.ENSDARP00000113885	69.2	5
1507338	7955.ENSDARP00000126346	1996	37
1504178	7955.ENSDARP00000118091	198	19
1483640	7955.ENSDARP00000023678	23.0	2
1492186	7955.ENSDARP00000087870	64.4	1
1499736	7955.ENSDARP00000108536	4599	1659
1506432	7955.ENSDARP00000123999	41.5	8
1503857	7955.ENSDARP00000117293	15.6	2
1505801	7955.ENSDARP00000122284	2544	67
1501443	7955.ENSDARP00000111493	276	75
1481375	7955.ENSDARP00000002502	9.83	1
1496463	7955.ENSDARP00000102286	8.89	2
1484010	7955.ENSDARP00000027102	70.0	3
1491039	7955.ENSDARP00000079719	52.4	3
1490616	7955.ENSDARP00000076763	25.8	2
1482738	7955.ENSDARP00000015055	137	3
1488744	7955.ENSDARP00000067603	152	20
1487821	7955.ENSDARP00000062382	620	51
1506398	7955.ENSDARP00000123883	4721	253
1506347	7955.ENSDARP00000123715	119	9
1503883	7955.ENSDARP00000117378	5.56	1
1496564	7955.ENSDARP00000102498	283	28
1489560	7955.ENSDARP00000071960	523	10
1496075	7955.ENSDARP00000101333	1.76	1
1483258	7955.ENSDARP00000019957	86.6	237
1484606	7955.ENSDARP00000035103	900	20
1484199	7955.ENSDARP00000029491	35.7	7
1499966	7955.ENSDARP00000108965	2409	26
1502578	7955.ENSDARP00000113965	65.9	15
1494170	7955.ENSDARP00000096416	92.2	2
1483371	7955.ENSDARP00000021124	27.7	5
1486461	7955.ENSDARP00000054006	19.1	1
1483696	7955.ENSDARP00000024120	401	21
1486494	7955.ENSDARP00000054207	173	4
1481781	7955.ENSDARP00000006201	955	31
1487270	7955.ENSDARP00000058912	28.2	4
1504686	7955.ENSDARP00000119413	3561	197
1504187	7955.ENSDARP00000118111	245	3
1490162	7955.ENSDARP00000074719	1997	37
1492187	7955.ENSDARP00000087871	350	4
1482587	7955.ENSDARP00000013441	74.6	5
1485360	7955.ENSDARP00000043931	176	30
1484838	7955.ENSDARP00000038205	685	29
1483121	7955.ENSDARP00000018579	268	3
1493936	7955.ENSDARP00000095384	10.9	2
1500017	7955.ENSDARP00000109050	1315	11
1502529	7955.ENSDARP00000113858	1382	134
1488225	7955.ENSDARP00000064596	806	7
1489588	7955.ENSDARP00000072101	613	6
1489077	7955.ENSDARP00000069226	346	10
1482637	7955.ENSDARP00000014011	59.2	7
1500494	7955.ENSDARP00000109883	26.8	8
1498524	7955.ENSDARP00000106400	678	11
1503728	7955.ENSDARP00000116965	246	4
1482223	7955.ENSDARP00000010413	56.8	21
1483241	7955.ENSDARP00000019826	172	11
1504913	7955.ENSDARP00000120028	1652	75
1482275	7955.ENSDARP00000010921	259	46
1507342	7955.ENSDARP00000126355	548	35
1486425	7955.ENSDARP00000053774	307	33
1494782	7955.ENSDARP00000098342	186	75
1485661	7955.ENSDARP00000047158	414	4
1485519	7955.ENSDARP00000045668	40.1	13
1485248	7955.ENSDARP00000042765	243	16
1502745	7955.ENSDARP00000114387	461	22
1484992	7955.ENSDARP00000040012	9292	152
1506718	7955.ENSDARP00000124928	29.6	6
1505987	7955.ENSDARP00000122764	615	38
1482276	7955.ENSDARP00000010925	75.7	7
1489131	7955.ENSDARP00000069513	963	17
1493857	7955.ENSDARP00000095097	156	4
1498373	7955.ENSDARP00000106154	610	32
1490277	7955.ENSDARP00000075289	700	15
1482849	7955.ENSDARP00000016087	136	2
1481528	7955.ENSDARP00000003738	2661	136
1505855	7955.ENSDARP00000122416	226	5
1489083	7955.ENSDARP00000069254	266	5
1485142	7955.ENSDARP00000041626	32.7	1
1484405	7955.ENSDARP00000032456	250	26
1490732	7955.ENSDARP00000077445	676	40
1485937	7955.ENSDARP00000050331	82.0	5
1485831	7955.ENSDARP00000049108	219	4
1498090	7955.ENSDARP00000105660	9.06	2
1482026	7955.ENSDARP00000008454	13.8	5
1488027	7955.ENSDARP00000063524	201	7
1493258	7955.ENSDARP00000092551	160	6
1504996	7955.ENSDARP00000120213	108	11
1484434	7955.ENSDARP00000032834	88.3	4
1481623	7955.ENSDARP00000004738	88.7	5
1502150	7955.ENSDARP00000112851	75.8	6
1489177	7955.ENSDARP00000069759	49.8	3
1488939	7955.ENSDARP00000068572	93.0	5
1493244	7955.ENSDARP00000092484	347	9
1505017	7955.ENSDARP00000120266	314	8
1483455	7955.ENSDARP00000022077	5078	346
1483608	7955.ENSDARP00000023429	576	59
1501576	7955.ENSDARP00000111738	278	7
1481464	7955.ENSDARP00000003281	1026	27
1487809	7955.ENSDARP00000062337	300	12
1481794	7955.ENSDARP00000006320	116	8
1486770	7955.ENSDARP00000055912	276	75
1482813	7955.ENSDARP00000015805	307	33
1483063	7955.ENSDARP00000017923	73.8	3
1482928	7955.ENSDARP00000016831	161	6
1488098	7955.ENSDARP00000063848	29.8	11
1485089	7955.ENSDARP00000041113	457	7
1485483	7955.ENSDARP00000045298	107	3
1487874	7955.ENSDARP00000062670	251	66
1498975	7955.ENSDARP00000107232	154	23
1493670	7955.ENSDARP00000094289	146	5
1502498	7955.ENSDARP00000113756	293	31
1493559	7955.ENSDARP00000093898	937	35
1484110	7955.ENSDARP00000028148	3.4	1
1499812	7955.ENSDARP00000108680	38.7	2
1498799	7955.ENSDARP00000106906	2149	40
1494222	7955.ENSDARP00000096581	66.3	9
1493534	7955.ENSDARP00000093787	159	23
1495598	7955.ENSDARP00000100229	162	26
1489323	7955.ENSDARP00000070509	260	5
1485147	7955.ENSDARP00000041699	1164	29
1481526	7955.ENSDARP00000003709	24.9	1
1504751	7955.ENSDARP00000119600	390	14
1491291	7955.ENSDARP00000081505	12.2	1
1492194	7955.ENSDARP00000087878	242	6
1499000	7955.ENSDARP00000107272	505	18
1489201	7955.ENSDARP00000069948	213	8
1494983	7955.ENSDARP00000098796	0.907	1
1498616	7955.ENSDARP00000106566	298	6
1481830	7955.ENSDARP00000006674	51.9	6
1506504	7955.ENSDARP00000124217	412	10
1483768	7955.ENSDARP00000024752	274	26
1481681	7955.ENSDARP00000005265	1035	6
1489158	7955.ENSDARP00000069669	19.8	1
1494196	7955.ENSDARP00000096504	27657	971
1491107	7955.ENSDARP00000080159	17.6	1
1499417	7955.ENSDARP00000107998	242	56
1483164	7955.ENSDARP00000018980	1091	16
1502589	7955.ENSDARP00000113988	1226	623
1483996	7955.ENSDARP00000026992	7.55	1
1496279	7955.ENSDARP00000101847	229	47
1488023	7955.ENSDARP00000063483	46.8	11
1500217	7955.ENSDARP00000109390	30.0	2
1497017	7955.ENSDARP00000103576	159	23
1506618	7955.ENSDARP00000124593	600	15
1495388	7955.ENSDARP00000099721	4.96	1
1505560	7955.ENSDARP00000121692	635	23
1487478	7955.ENSDARP00000060165	6971	297
1481758	7955.ENSDARP00000005968	168	6
1483655	7955.ENSDARP00000023774	59.3	3
1500225	7955.ENSDARP00000109404	30.3	1
1492185	7955.ENSDARP00000087869	183	2
1504754	7955.ENSDARP00000119608	2.93	1
1506488	7955.ENSDARP00000124162	1022	110
1486497	7955.ENSDARP00000054229	1345	52
1483303	7955.ENSDARP00000020399	1413	28
1486929	7955.ENSDARP00000056884	7.49	2
1481397	7955.ENSDARP00000002761	118	7
1490642	7955.ENSDARP00000076844	111	5
1501995	7955.ENSDARP00000112447	1075	21
1496357	7955.ENSDARP00000102026	2.57	2
1488083	7955.ENSDARP00000063799	27978	704
1481770	7955.ENSDARP00000006085	182	6
1493523	7955.ENSDARP00000093747	146	23
1493174	7955.ENSDARP00000092224	15.2	15
1485026	7955.ENSDARP00000040389	253	8
1495415	7955.ENSDARP00000099772	273	704
1505796	7955.ENSDARP00000122263	3216	562
1493269	7955.ENSDARP00000092585	8.89	2
1486737	7955.ENSDARP00000055709	506	16
1488567	7955.ENSDARP00000066773	939	19
1482043	7955.ENSDARP00000008646	894	75
1485765	7955.ENSDARP00000048422	54.3	2
1490081	7955.ENSDARP00000074190	3841	111
1506750	7955.ENSDARP00000125036	59.7	47
1505983	7955.ENSDARP00000122750	62.0	2
1490573	7955.ENSDARP00000076517	4.95	2
1484668	7955.ENSDARP00000036006	68.7	5
1485666	7955.ENSDARP00000047205	141	12
1499538	7955.ENSDARP00000108209	3.46	1
1487280	7955.ENSDARP00000058963	497	6
1502233	7955.ENSDARP00000113049	57.9	4
1488455	7955.ENSDARP00000066049	6.59	1
1482992	7955.ENSDARP00000017410	1956	37
1482470	7955.ENSDARP00000012437	23.4	15
1500243	7955.ENSDARP00000109442	63.3	9
1498551	7955.ENSDARP00000106443	242	56
1481983	7955.ENSDARP00000008048	49.0	5
1485627	7955.ENSDARP00000046890	166	5
1504529	7955.ENSDARP00000118986	615	59
1505411	7955.ENSDARP00000121323	440	26
1490280	7955.ENSDARP00000075304	67.0	2
1491665	7955.ENSDARP00000084170	134	6
1487109	7955.ENSDARP00000058006	76.0	3
1486698	7955.ENSDARP00000055503	3236	61
1487864	7955.ENSDARP00000062617	677	24
1485468	7955.ENSDARP00000045149	12.4	1
1481807	7955.ENSDARP00000006424	45.8	10
1481786	7955.ENSDARP00000006228	28.2	1
1482632	7955.ENSDARP00000013967	20.1	3
1490510	7955.ENSDARP00000076305	6.3	1
1499769	7955.ENSDARP00000108591	1819	100
1488275	7955.ENSDARP00000064900	21.0	2
1499840	7955.ENSDARP00000108724	331	61
1481369	7955.ENSDARP00000002466	0.502	1
1501517	7955.ENSDARP00000111631	145	17
1489184	7955.ENSDARP00000069804	235	11
1482170	7955.ENSDARP00000009909	1614	66
1497520	7955.ENSDARP00000104653	47.2	5
1492093	7955.ENSDARP00000087338	64.2	9
1501358	7955.ENSDARP00000111333	491	118
1486009	7955.ENSDARP00000051080	126	15
1482086	7955.ENSDARP00000009133	429	8
1487967	7955.ENSDARP00000063092	983	32
1492908	7955.ENSDARP00000091054	76.9	11
1487644	7955.ENSDARP00000061148	683	127
1501039	7955.ENSDARP00000110807	31.9	7
1481941	7955.ENSDARP00000007676	133	6
1484095	7955.ENSDARP00000027984	19.0	1
1490403	7955.ENSDARP00000075862	115	3
1483445	7955.ENSDARP00000021993	66.2	2
1485662	7955.ENSDARP00000047174	375	2
1484985	7955.ENSDARP00000039916	206	27
1489047	7955.ENSDARP00000069085	53.2	1
1507113	7955.ENSDARP00000125774	11.1	3
1499964	7955.ENSDARP00000108963	640	47
1484205	7955.ENSDARP00000029607	70.1	29
1493701	7955.ENSDARP00000094413	262	28
1485340	7955.ENSDARP00000043742	302	48
1493092	7955.ENSDARP00000091899	1808	24
1481317	7955.ENSDARP00000001565	1829	50
1481345	7955.ENSDARP00000002223	834	28
1505351	7955.ENSDARP00000121163	368	20
1499527	7955.ENSDARP00000108190	1078	35
1490431	7955.ENSDARP00000075994	5075	251
1487551	7955.ENSDARP00000060549	1417	17
1483989	7955.ENSDARP00000026915	89.1	6
1501580	7955.ENSDARP00000111742	957	79
1492889	7955.ENSDARP00000090963	563	37
1498679	7955.ENSDARP00000106674	54.4	2
1499256	7955.ENSDARP00000107708	312	7
1487403	7955.ENSDARP00000059695	69.1	4
1489609	7955.ENSDARP00000072235	478	15
1498324	7955.ENSDARP00000106065	125	3
1490788	7955.ENSDARP00000077832	242	56
1506581	7955.ENSDARP00000124448	687	39
1487901	7955.ENSDARP00000062792	35.2	12
1488840	7955.ENSDARP00000068070	13.9	1
1481674	7955.ENSDARP00000005224	455	147
1497372	7955.ENSDARP00000104379	242	56
1482761	7955.ENSDARP00000015293	481	40
1500665	7955.ENSDARP00000110186	122	6
1494167	7955.ENSDARP00000096410	87.8	8
1484755	7955.ENSDARP00000037150	241	4
1503823	7955.ENSDARP00000117212	811	60
1483031	7955.ENSDARP00000017693	95.7	10
1500820	7955.ENSDARP00000110439	14.8	2
1482810	7955.ENSDARP00000015781	116	3
1504602	7955.ENSDARP00000119184	36.4	10
1484521	7955.ENSDARP00000033907	490	30
1491066	7955.ENSDARP00000079877	452	28
1481396	7955.ENSDARP00000002746	6.55	4
1484877	7955.ENSDARP00000038658	1095	13
1482387	7955.ENSDARP00000011778	83.2	3
1485029	7955.ENSDARP00000040408	108	3
1493878	7955.ENSDARP00000095170	376	6
1493169	7955.ENSDARP00000092188	197	6
1487144	7955.ENSDARP00000058259	324	15
1486255	7955.ENSDARP00000052682	147	40
1483463	7955.ENSDARP00000022120	87.9	5
1489054	7955.ENSDARP00000069096	3029	45
1487868	7955.ENSDARP00000062630	185	4
1501115	7955.ENSDARP00000110935	242	56
1489165	7955.ENSDARP00000069695	140	253
1493253	7955.ENSDARP00000092510	11.0	1
1489685	7955.ENSDARP00000072498	1.86	5
1492307	7955.ENSDARP00000088354	2660	77
1491949	7955.ENSDARP00000086334	76.7	2
1482747	7955.ENSDARP00000015132	1484	46
1482125	7955.ENSDARP00000009474	1158	95
1501009	7955.ENSDARP00000110759	140	23
1487646	7955.ENSDARP00000061164	746	177
1496586	7955.ENSDARP00000102559	46.2	2
1497334	7955.ENSDARP00000104288	127	8
1483188	7955.ENSDARP00000019234	288	9
1487616	7955.ENSDARP00000060967	202	6
1481926	7955.ENSDARP00000007566	64.4	1
1493481	7955.ENSDARP00000093555	119	17
1482581	7955.ENSDARP00000013402	913	44
1493868	7955.ENSDARP00000095135	159	3
1488220	7955.ENSDARP00000064557	24.9	1
1502214	7955.ENSDARP00000113004	48.1	2
1493631	7955.ENSDARP00000094142	68.7	1
1503349	7955.ENSDARP00000115964	332	622
1485693	7955.ENSDARP00000047527	9.71	2
1506541	7955.ENSDARP00000124325	206	6
1487818	7955.ENSDARP00000062369	4768	1054
1483743	7955.ENSDARP00000024560	2414	124
1506447	7955.ENSDARP00000124045	28.3	5
1506643	7955.ENSDARP00000124670	232	8
1485573	7955.ENSDARP00000046217	137	45
1484285	7955.ENSDARP00000030813	207	26
1489226	7955.ENSDARP00000070021	441	5
1487302	7955.ENSDARP00000059062	397	21
1492636	7955.ENSDARP00000089879	356	77
1483751	7955.ENSDARP00000024635	37.3	3
1488775	7955.ENSDARP00000067775	333	7
1498482	7955.ENSDARP00000106325	15.3	2
1491191	7955.ENSDARP00000080761	13.3	1
1501096	7955.ENSDARP00000110906	373	8
1494243	7955.ENSDARP00000096674	73.5	23
1489575	7955.ENSDARP00000072059	37.1	2
1488194	7955.ENSDARP00000064399	516	31
1500631	7955.ENSDARP00000110121	135	11
1484501	7955.ENSDARP00000033622	4752	187
1495046	7955.ENSDARP00000098935	65.2	2
1483243	7955.ENSDARP00000019829	716	61
1505999	7955.ENSDARP00000122796	503	32
1498258	7955.ENSDARP00000105955	104	9
1494190	7955.ENSDARP00000096468	4592	61
1496011	7955.ENSDARP00000101178	516	31
1483781	7955.ENSDARP00000024947	16.8	13
1505531	7955.ENSDARP00000121623	84.5	3
1483311	7955.ENSDARP00000020485	290	11
1501887	7955.ENSDARP00000112265	9.79	1
1490539	7955.ENSDARP00000076404	236	6
1500196	7955.ENSDARP00000109355	242	56
1502234	7955.ENSDARP00000113050	28.9	12
1487492	7955.ENSDARP00000060204	623	26
1484636	7955.ENSDARP00000035494	396	20
1484647	7955.ENSDARP00000035665	4.68	1
1500323	7955.ENSDARP00000109583	36.8	4
1486677	7955.ENSDARP00000055379	392	102
1483362	7955.ENSDARP00000021016	351	89
1484059	7955.ENSDARP00000027635	3.01	1
1483407	7955.ENSDARP00000021569	81.1	32
1494265	7955.ENSDARP00000096763	2.3	5
1484037	7955.ENSDARP00000027389	5216	241
1489088	7955.ENSDARP00000069273	352	7
1497140	7955.ENSDARP00000103854	56.3	21
1487688	7955.ENSDARP00000061480	79.4	1
1494712	7955.ENSDARP00000098175	1277	46
1503178	7955.ENSDARP00000115525	44.4	1
1493173	7955.ENSDARP00000092223	2874	124
1501772	7955.ENSDARP00000112076	1441	24
1492189	7955.ENSDARP00000087873	178	1
1485964	7955.ENSDARP00000050638	9.92	1
1491750	7955.ENSDARP00000084821	67.3	5
1489220	7955.ENSDARP00000070003	41.2	2
1487701	7955.ENSDARP00000061576	390	21
1483517	7955.ENSDARP00000022550	772	51
1496618	7955.ENSDARP00000102649	5.73	1
1489402	7955.ENSDARP00000070966	18.4	15
1495955	7955.ENSDARP00000101055	244	11
1489901	7955.ENSDARP00000073439	562	16
1497543	7955.ENSDARP00000104687	17.9	1
1494315	7955.ENSDARP00000096950	141	12
1486261	7955.ENSDARP00000052729	2185	21
1491964	7955.ENSDARP00000086448	3.78	1
1491589	7955.ENSDARP00000083605	196	8
1492735	7955.ENSDARP00000090306	2617	2002
1485560	7955.ENSDARP00000046076	109	5
1505362	7955.ENSDARP00000121183	400	9
1497510	7955.ENSDARP00000104630	159	23
1483499	7955.ENSDARP00000022440	350	20
1493886	7955.ENSDARP00000095208	5.37	2
1485632	7955.ENSDARP00000046933	1038	16
1485202	7955.ENSDARP00000042254	14.7	2
1487203	7955.ENSDARP00000058554	38.0	2
1501483	7955.ENSDARP00000111579	8.89	2
1499695	7955.ENSDARP00000108465	159	23
1481809	7955.ENSDARP00000006445	670	14
1485866	7955.ENSDARP00000049461	328	6
1504028	7955.ENSDARP00000117746	3.19	1
1493692	7955.ENSDARP00000094384	25.5	5
1499879	7955.ENSDARP00000108805	522	10
1497774	7955.ENSDARP00000105094	565	106
1505146	7955.ENSDARP00000120591	49.6	1
1481569	7955.ENSDARP00000004139	356	19
1500971	7955.ENSDARP00000110694	195	16
1492188	7955.ENSDARP00000087872	2799	19
1481621	7955.ENSDARP00000004708	1868	53
1483949	7955.ENSDARP00000026546	241	11
1486958	7955.ENSDARP00000057089	3966	57
1494766	7955.ENSDARP00000098301	1053	15
1483104	7955.ENSDARP00000018319	16.7	1
1485130	7955.ENSDARP00000041514	69.7	4
1496859	7955.ENSDARP00000103208	242	75
1500092	7955.ENSDARP00000109188	5.82	1
1486042	7955.ENSDARP00000051361	260	664
1489562	7955.ENSDARP00000071963	159	6
1505438	7955.ENSDARP00000121373	186	4
1488200	7955.ENSDARP00000064461	17.1	2
1487030	7955.ENSDARP00000057518	28.2	1
1493841	7955.ENSDARP00000095031	7.66	1
1483588	7955.ENSDARP00000023215	3.39	1
1492816	7955.ENSDARP00000090632	159	23
1485316	7955.ENSDARP00000043495	24.1	3
1482644	7955.ENSDARP00000014099	45.9	2
1505485	7955.ENSDARP00000121497	95.2	4
1487350	7955.ENSDARP00000059346	764	17
1485900	7955.ENSDARP00000049899	869	15
1481632	7955.ENSDARP00000004830	1158	26
1496656	7955.ENSDARP00000102749	159	23
1501259	7955.ENSDARP00000111175	242	56
1506519	7955.ENSDARP00000124263	4.57	2
1481713	7955.ENSDARP00000005519	11.2	2
1483886	7955.ENSDARP00000025885	450	63
1481548	7955.ENSDARP00000003894	90.9	2
1488583	7955.ENSDARP00000066858	434	111
1498658	7955.ENSDARP00000106634	242	56
1494567	7955.ENSDARP00000097830	3.08	1
1487674	7955.ENSDARP00000061365	145	17
1506615	7955.ENSDARP00000124587	82.0	4
1489359	7955.ENSDARP00000070677	322	2
1499120	7955.ENSDARP00000107491	402	77
1481287	7955.ENSDARP00000000488	599	12
1496601	7955.ENSDARP00000102600	1045	12
1505422	7955.ENSDARP00000121339	735	15
1487281	7955.ENSDARP00000058964	76.5	2
1492847	7955.ENSDARP00000090766	903	85
1485191	7955.ENSDARP00000042157	273	7
1499697	7955.ENSDARP00000108469	87.0	9
1502429	7955.ENSDARP00000113553	559	6
1493153	7955.ENSDARP00000092093	31.9	1
1481340	7955.ENSDARP00000002175	353	82
1482034	7955.ENSDARP00000008513	75.7	7
1486512	7955.ENSDARP00000054339	1141	13
1497378	7955.ENSDARP00000104399	159	23
1495279	7955.ENSDARP00000099474	26.4	1
1484819	7955.ENSDARP00000037871	3764	142
1505468	7955.ENSDARP00000121459	276	75
1497128	7955.ENSDARP00000103819	159	23
1496518	7955.ENSDARP00000102398	14.9	1
1498768	7955.ENSDARP00000106848	16.5	1
1501688	7955.ENSDARP00000111926	62.4	7
1487761	7955.ENSDARP00000061957	636	7
1488277	7955.ENSDARP00000064925	51.8	3
1487546	7955.ENSDARP00000060534	60.2	2
1488259	7955.ENSDARP00000064802	11.3	1
1492419	7955.ENSDARP00000088880	38.7	20
1483450	7955.ENSDARP00000022030	656	13
1506734	7955.ENSDARP00000124988	8.06	3
1484634	7955.ENSDARP00000035453	145	17
1505221	7955.ENSDARP00000120798	4696	518
1506553	7955.ENSDARP00000124366	49.3	53
1489555	7955.ENSDARP00000071929	27.2	4
1505483	7955.ENSDARP00000121492	10.1	2
1492225	7955.ENSDARP00000088020	424	64
1492195	7955.ENSDARP00000087879	127	5
1505184	7955.ENSDARP00000120695	5.21	1
1496727	7955.ENSDARP00000102911	6.58	4
1488801	7955.ENSDARP00000067893	159	23
1482697	7955.ENSDARP00000014732	506	23
1497560	7955.ENSDARP00000104714	2.84	1
1501323	7955.ENSDARP00000111278	55.1	5
1497508	7955.ENSDARP00000104628	5.95	1
1492505	7955.ENSDARP00000089263	22.7	4
1488058	7955.ENSDARP00000063661	13884	392
1497114	7955.ENSDARP00000103794	256	24
1488082	7955.ENSDARP00000063788	832	13
1495168	7955.ENSDARP00000099212	9.41	4
1487518	7955.ENSDARP00000060346	246	4
1506489	7955.ENSDARP00000124165	38.5	1
1489399	7955.ENSDARP00000070950	320	12
1485508	7955.ENSDARP00000045587	1.88	1
1481792	7955.ENSDARP00000006315	88.8	5
1482956	7955.ENSDARP00000017029	14.6	15
1506265	7955.ENSDARP00000123505	5.58	1
1497990	7955.ENSDARP00000105496	242	56
1486276	7955.ENSDARP00000052837	4689	1047
1491088	7955.ENSDARP00000080047	15.8	1
1504077	7955.ENSDARP00000117868	3.63	2
1483252	7955.ENSDARP00000019915	420	22
1487623	7955.ENSDARP00000061000	969	25
1484207	7955.ENSDARP00000029635	17.4	2
1496672	7955.ENSDARP00000102775	276	75
1503821	7955.ENSDARP00000117207	26.6	4
1484574	7955.ENSDARP00000034733	5949	127
1481619	7955.ENSDARP00000004700	423	10
1504253	7955.ENSDARP00000118284	7.1	1
1496158	7955.ENSDARP00000101541	12739	148
1493262	7955.ENSDARP00000092565	66.5	4
1507219	7955.ENSDARP00000126029	424	21
1484142	7955.ENSDARP00000028689	746	44
1494755	7955.ENSDARP00000098279	420	21
1489476	7955.ENSDARP00000071527	285	7
1485961	7955.ENSDARP00000050602	4179	82
1501868	7955.ENSDARP00000112233	645	33
1484108	7955.ENSDARP00000028134	116	8
1504292	7955.ENSDARP00000118396	4.9	2
1485427	7955.ENSDARP00000044689	40.2	7
1488820	7955.ENSDARP00000067953	2591	48
1500167	7955.ENSDARP00000109300	11.9	2
1497617	7955.ENSDARP00000104823	2360	126
1482828	7955.ENSDARP00000015917	921	62
1483705	7955.ENSDARP00000024204	144	1
1491294	7955.ENSDARP00000081527	8.0	1
1489044	7955.ENSDARP00000069063	45.0	5
1506681	7955.ENSDARP00000124805	32.5	5
1481864	7955.ENSDARP00000006973	834	30
1492487	7955.ENSDARP00000089179	792	13
1484109	7955.ENSDARP00000028137	155	6
1486026	7955.ENSDARP00000051230	28.6	3
1500344	7955.ENSDARP00000109625	484	111
1500521	7955.ENSDARP00000109925	71.1	8
1489894	7955.ENSDARP00000073415	21488	5357
1489565	7955.ENSDARP00000072006	372	95
1495070	7955.ENSDARP00000098989	113	20
1498675	7955.ENSDARP00000106669	276	75
1490387	7955.ENSDARP00000075802	869	23
1505383	7955.ENSDARP00000121255	501	10
1487783	7955.ENSDARP00000062145	33.6	4
1485734	7955.ENSDARP00000048045	8.9	2
1484749	7955.ENSDARP00000037108	8.69	4
1488156	7955.ENSDARP00000064171	25.3	3
1490066	7955.ENSDARP00000074146	8.55	2
1490210	7955.ENSDARP00000074935	212	40
1486716	7955.ENSDARP00000055592	4.07	4
1501464	7955.ENSDARP00000111526	242	56
