#id: 281
#name: D.rerio - Eye, SC (Kelkar,MCP,2014)
#score: 10.77
#weight: 100%
#description: abundance based on Spectral counting, from<a href="http://www.ncbi.nlm.nih.gov/pubmed/25060758" target="_blank">Kelkar,MCP,2014</a><br/><b>Interaction consistency score</b>: 10.77&nbsp<b>Coverage</b>: 7
#organ: EYE
#integrated: false
#coverage: 7
#publication_year: 2014
#filename: 7955-ZF_Eye_Kelkar_2014_SEQUEST.txt
#
#internal_id	string_external_id	abundance	raw_spectral_count
1488853	7955.ENSDARP00000068111	68.6	6
1485932	7955.ENSDARP00000050257	35.5	5
1505315	7955.ENSDARP00000121065	38.9	26
1487522	7955.ENSDARP00000060362	366	17
1504438	7955.ENSDARP00000118753	14.4	1
1501874	7955.ENSDARP00000112247	82.7	3
1486255	7955.ENSDARP00000052682	79.5	53
1483297	7955.ENSDARP00000020358	1874	20
1490111	7955.ENSDARP00000074422	357	24
1484563	7955.ENSDARP00000034534	916	22
1482050	7955.ENSDARP00000008690	431	49
1486376	7955.ENSDARP00000053431	99.4	3
1495098	7955.ENSDARP00000099044	1162	141
1483439	7955.ENSDARP00000021916	453	16
1482983	7955.ENSDARP00000017326	549	262
1485027	7955.ENSDARP00000040396	3075	58
1485862	7955.ENSDARP00000049424	132	11
1506186	7955.ENSDARP00000123299	94.4	57
1485294	7955.ENSDARP00000043225	31.2	2
1482346	7955.ENSDARP00000011420	39.6	2
1506145	7955.ENSDARP00000123183	583	24
1488803	7955.ENSDARP00000067895	354	104
1483952	7955.ENSDARP00000026575	221	3
1482235	7955.ENSDARP00000010482	32.9	1
1482327	7955.ENSDARP00000011269	123	337
1494094	7955.ENSDARP00000096118	54.1	7
1485570	7955.ENSDARP00000046208	1049	11
1484013	7955.ENSDARP00000027115	549	32
1487314	7955.ENSDARP00000059193	87.2	2
1481628	7955.ENSDARP00000004795	17.2	1
1483334	7955.ENSDARP00000020775	350	45
1490377	7955.ENSDARP00000075780	186	4
1484618	7955.ENSDARP00000035273	1021	15
1488096	7955.ENSDARP00000063836	52.9	3
1500699	7955.ENSDARP00000110252	0.093	1
1492955	7955.ENSDARP00000091324	61.7	23
1481636	7955.ENSDARP00000004866	122	13
1502173	7955.ENSDARP00000112917	6528	187
1496152	7955.ENSDARP00000101525	342	163
1500894	7955.ENSDARP00000110558	226	21
1501849	7955.ENSDARP00000112199	6743	167
1481782	7955.ENSDARP00000006207	1373	105
1493307	7955.ENSDARP00000092760	243	11
1485539	7955.ENSDARP00000045887	3867	231
1496634	7955.ENSDARP00000102682	354	104
1488693	7955.ENSDARP00000067373	102	5
1486190	7955.ENSDARP00000052354	104	26
1495313	7955.ENSDARP00000099550	281	163
1482474	7955.ENSDARP00000012454	135	33
1498074	7955.ENSDARP00000105632	173	27
1499394	7955.ENSDARP00000107946	541	201
1490115	7955.ENSDARP00000074464	174	12
1482674	7955.ENSDARP00000014422	14.8	4
1500546	7955.ENSDARP00000109971	3.84	1
1485681	7955.ENSDARP00000047408	0.825	1
1499915	7955.ENSDARP00000108873	184	14
1484805	7955.ENSDARP00000037758	480	12
1503932	7955.ENSDARP00000117497	279	18
1482090	7955.ENSDARP00000009149	15.4	4
1484412	7955.ENSDARP00000032575	929	87
1497435	7955.ENSDARP00000104502	13.9	2
1485131	7955.ENSDARP00000041530	781	14
1491878	7955.ENSDARP00000085849	6.67	1
1486922	7955.ENSDARP00000056852	44.9	59
1499467	7955.ENSDARP00000108086	19.5	15
1505693	7955.ENSDARP00000122009	342	163
1500689	7955.ENSDARP00000110234	12.4	1
1503589	7955.ENSDARP00000116598	78.0	7
1482942	7955.ENSDARP00000016922	11.2	6
1484584	7955.ENSDARP00000034827	11.2	1
1503705	7955.ENSDARP00000116905	99.9	15
1483465	7955.ENSDARP00000022134	115	8
1493871	7955.ENSDARP00000095139	179	2
1482375	7955.ENSDARP00000011656	31.7	3
1507151	7955.ENSDARP00000125861	15.8	1
1486864	7955.ENSDARP00000056522	9.78	6
1505117	7955.ENSDARP00000120506	66.8	5
1505081	7955.ENSDARP00000120420	58.0	3
1503030	7955.ENSDARP00000115147	298	8
1504782	7955.ENSDARP00000119693	73.1	2
1501009	7955.ENSDARP00000110759	330	104
1489647	7955.ENSDARP00000072363	10.6	1
1483029	7955.ENSDARP00000017670	415	19
1506307	7955.ENSDARP00000123611	39.3	1
1497897	7955.ENSDARP00000105328	300	7
1483273	7955.ENSDARP00000020119	4.8	2
1481754	7955.ENSDARP00000005930	399	23
1482398	7955.ENSDARP00000011837	1028	55
1491298	7955.ENSDARP00000081539	5.17	2
1492412	7955.ENSDARP00000088840	559	1007
1483505	7955.ENSDARP00000022486	178	15
1487646	7955.ENSDARP00000061164	1293	551
1484470	7955.ENSDARP00000033328	82.6	12
1483313	7955.ENSDARP00000020522	3.41	2
1503880	7955.ENSDARP00000117370	98.5	13
1486245	7955.ENSDARP00000052638	40.3	6
1487080	7955.ENSDARP00000057831	1.4	1
1487481	7955.ENSDARP00000060174	72.4	2
1488196	7955.ENSDARP00000064418	62.8	2
1495369	7955.ENSDARP00000099664	58.8	2
1493067	7955.ENSDARP00000091816	92.6	12
1499532	7955.ENSDARP00000108197	1021	17
1486173	7955.ENSDARP00000052292	212	2
1499751	7955.ENSDARP00000108560	99.9	5
1506670	7955.ENSDARP00000124776	12.0	1
1483819	7955.ENSDARP00000025342	108	7
1485560	7955.ENSDARP00000046076	10.0	1
1481430	7955.ENSDARP00000003030	148	15
1487843	7955.ENSDARP00000062517	667	24
1486325	7955.ENSDARP00000053151	37.0	4
1482952	7955.ENSDARP00000016984	153	8
1504210	7955.ENSDARP00000118166	15.7	5
1506197	7955.ENSDARP00000123323	342	163
1482575	7955.ENSDARP00000013329	2382	130
1498430	7955.ENSDARP00000106245	541	201
1499164	7955.ENSDARP00000107557	72.0	2
1488079	7955.ENSDARP00000063778	34.4	4
1495782	7955.ENSDARP00000100670	32.7	3
1484860	7955.ENSDARP00000038446	258	6
1499548	7955.ENSDARP00000108224	335	777
1495200	7955.ENSDARP00000099283	6.25	2
1499720	7955.ENSDARP00000108502	541	201
1483639	7955.ENSDARP00000023671	256	16
1482139	7955.ENSDARP00000009605	74.1	7
1486859	7955.ENSDARP00000056465	8.84	4
1487353	7955.ENSDARP00000059365	1498	167
1489315	7955.ENSDARP00000070471	2247	118
1499841	7955.ENSDARP00000108727	186	98
1486225	7955.ENSDARP00000052510	76.8	6
1494782	7955.ENSDARP00000098342	242	163
1488187	7955.ENSDARP00000064375	1199	28
1487584	7955.ENSDARP00000060765	6.58	1
1486185	7955.ENSDARP00000052345	85.0	11
1495070	7955.ENSDARP00000098989	86.8	35
1489987	7955.ENSDARP00000073800	12.1	1
1506689	7955.ENSDARP00000124846	34.2	13
1492033	7955.ENSDARP00000086897	98.0	4
1500940	7955.ENSDARP00000110639	215	6
1483752	7955.ENSDARP00000024643	214	18
1494148	7955.ENSDARP00000096352	61.1	42
1493167	7955.ENSDARP00000092183	1.15	2
1504601	7955.ENSDARP00000119183	81.7	4
1497861	7955.ENSDARP00000105266	130	2
1500166	7955.ENSDARP00000109299	541	201
1484469	7955.ENSDARP00000033318	132	11
1506876	7955.ENSDARP00000125277	200	4
1491136	7955.ENSDARP00000080352	1.77	2
1496541	7955.ENSDARP00000102443	2.97	1
1505931	7955.ENSDARP00000122588	39.0	2
1482444	7955.ENSDARP00000012264	48.8	6
1503349	7955.ENSDARP00000115964	222	448
1484341	7955.ENSDARP00000031658	4.25	7
1484235	7955.ENSDARP00000029935	70.3	8
1504774	7955.ENSDARP00000119658	126	8
1490314	7955.ENSDARP00000075490	362	192
1500693	7955.ENSDARP00000110238	124	17
1486499	7955.ENSDARP00000054237	3216	64
1484062	7955.ENSDARP00000027654	299	9
1481733	7955.ENSDARP00000005719	1038	19
1487632	7955.ENSDARP00000061097	65.2	68
1492241	7955.ENSDARP00000088086	128	46
1482720	7955.ENSDARP00000014929	16.9	3
1502981	7955.ENSDARP00000115012	1536	1315
1494020	7955.ENSDARP00000095720	453	265
1489312	7955.ENSDARP00000070462	40.2	2
1488775	7955.ENSDARP00000067775	326	13
1505454	7955.ENSDARP00000121430	0.909	1
1486256	7955.ENSDARP00000052687	255	89
1504598	7955.ENSDARP00000119179	402	268
1501337	7955.ENSDARP00000111298	342	163
1494198	7955.ENSDARP00000096512	3632	191
1481915	7955.ENSDARP00000007446	330	11
1481818	7955.ENSDARP00000006510	179	22
1485584	7955.ENSDARP00000046419	2.31	1
1491292	7955.ENSDARP00000081514	20.1	6
1481695	7955.ENSDARP00000005361	1874	37
1506398	7955.ENSDARP00000123883	986	117
1494155	7955.ENSDARP00000096373	4433	173
1496831	7955.ENSDARP00000103152	31.9	2
1487188	7955.ENSDARP00000058483	8.11	1
1505364	7955.ENSDARP00000121190	622	4
1500857	7955.ENSDARP00000110501	8.9	1
1506231	7955.ENSDARP00000123431	176	2
1493372	7955.ENSDARP00000093111	5.64	2
1482163	7955.ENSDARP00000009865	42.4	1
1482276	7955.ENSDARP00000010925	130	28
1494133	7955.ENSDARP00000096295	98.1	8
1496628	7955.ENSDARP00000102672	96.4	12
1498549	7955.ENSDARP00000106441	200	464
1486749	7955.ENSDARP00000055770	6.0	1
1483872	7955.ENSDARP00000025776	16.2	3
1486296	7955.ENSDARP00000052929	129	10
1499966	7955.ENSDARP00000108965	679	13
1484583	7955.ENSDARP00000034822	41.3	9
1503983	7955.ENSDARP00000117628	1041	56
1501091	7955.ENSDARP00000110895	93.2	29
1486642	7955.ENSDARP00000055185	1527	22
1496897	7955.ENSDARP00000103318	354	104
1487169	7955.ENSDARP00000058383	4598	202
1494950	7955.ENSDARP00000098726	354	104
1483074	7955.ENSDARP00000018027	97.7	9
1500820	7955.ENSDARP00000110439	13.2	3
1507124	7955.ENSDARP00000125799	587	6
1487323	7955.ENSDARP00000059226	310	12
1502041	7955.ENSDARP00000112527	336	163
1495958	7955.ENSDARP00000101062	126	14
1499830	7955.ENSDARP00000108711	3201	307
1483577	7955.ENSDARP00000023121	4110	163
1492573	7955.ENSDARP00000089612	136	5
1489867	7955.ENSDARP00000073298	15.3	1
1497015	7955.ENSDARP00000103570	1.74	1
1500865	7955.ENSDARP00000110511	342	163
1494616	7955.ENSDARP00000097960	4.4	1
1501608	7955.ENSDARP00000111786	541	201
1491263	7955.ENSDARP00000081319	35.5	2
1490434	7955.ENSDARP00000076002	1.7	1
1492850	7955.ENSDARP00000090794	354	104
1496287	7955.ENSDARP00000101862	541	201
1486483	7955.ENSDARP00000054142	216	18
1485029	7955.ENSDARP00000040408	238	14
1482507	7955.ENSDARP00000012722	2.5	2
1484074	7955.ENSDARP00000027770	295	3
1483570	7955.ENSDARP00000023022	36.2	6
1488009	7955.ENSDARP00000063383	334	22
1496017	7955.ENSDARP00000101193	1192	24
1500510	7955.ENSDARP00000109908	17.3	2
1491824	7955.ENSDARP00000085343	56.1	6
1504251	7955.ENSDARP00000118280	271	44
1500884	7955.ENSDARP00000110546	51.6	5
1485258	7955.ENSDARP00000042883	4.7	1
1495492	7955.ENSDARP00000099976	79.5	13
1489594	7955.ENSDARP00000072130	1.44	1
1484170	7955.ENSDARP00000029079	178	6
1482997	7955.ENSDARP00000017443	58.2	2
1502326	7955.ENSDARP00000113292	142	70
1505809	7955.ENSDARP00000122305	57.9	4
1500379	7955.ENSDARP00000109682	119	16
1492189	7955.ENSDARP00000087873	518	6
1485166	7955.ENSDARP00000041857	39.3	1
1488726	7955.ENSDARP00000067534	3.61	1
1486630	7955.ENSDARP00000055135	526	260
1488351	7955.ENSDARP00000065372	236	5
1483347	7955.ENSDARP00000020867	28.9	7
1500692	7955.ENSDARP00000110237	73.4	3
1497274	7955.ENSDARP00000104168	727	32
1489641	7955.ENSDARP00000072337	376	84
1485934	7955.ENSDARP00000050295	251	4
1502351	7955.ENSDARP00000113362	22.9	14
1498732	7955.ENSDARP00000106781	318	163
1482856	7955.ENSDARP00000016117	1.24	1
1490080	7955.ENSDARP00000074186	2.51	1
1484134	7955.ENSDARP00000028571	334	38
1494037	7955.ENSDARP00000095806	83.8	44
1485847	7955.ENSDARP00000049284	52.2	3
1488804	7955.ENSDARP00000067896	792	24
1484960	7955.ENSDARP00000039656	50.3	7
1487518	7955.ENSDARP00000060346	19750	574
1494714	7955.ENSDARP00000098182	98.2	12
1499750	7955.ENSDARP00000108556	574	30
1490194	7955.ENSDARP00000074872	297	20
1496672	7955.ENSDARP00000102775	342	163
1487856	7955.ENSDARP00000062555	506	16
1497114	7955.ENSDARP00000103794	1362	238
1501076	7955.ENSDARP00000110875	55.8	7
1490237	7955.ENSDARP00000075110	347	247
1483641	7955.ENSDARP00000023679	7.09	1
1504448	7955.ENSDARP00000118774	351	89
1505974	7955.ENSDARP00000122726	2.51	1
1496857	7955.ENSDARP00000103201	43.9	2
1485889	7955.ENSDARP00000049792	333	22
1493300	7955.ENSDARP00000092727	682	94
1481433	7955.ENSDARP00000003038	253	53
1486179	7955.ENSDARP00000052324	157	18
1494223	7955.ENSDARP00000096586	384	53
1489903	7955.ENSDARP00000073455	71.5	6
1499695	7955.ENSDARP00000108465	354	104
1482999	7955.ENSDARP00000017456	292	38
1483572	7955.ENSDARP00000023063	996	87
1488177	7955.ENSDARP00000064310	59.8	1
1481959	7955.ENSDARP00000007817	51.8	4
1485989	7955.ENSDARP00000050915	56.7	10
1491405	7955.ENSDARP00000082327	541	201
1485967	7955.ENSDARP00000050670	48.9	4
1482821	7955.ENSDARP00000015866	7.97	3
1485937	7955.ENSDARP00000050331	383	50
1506118	7955.ENSDARP00000123118	27.5	4
1483873	7955.ENSDARP00000025779	38.4	4
1484196	7955.ENSDARP00000029462	19.1	1
1500141	7955.ENSDARP00000109257	541	201
1482063	7955.ENSDARP00000008834	281	35
1496165	7955.ENSDARP00000101565	44.9	3
1484186	7955.ENSDARP00000029343	245	23
1507313	7955.ENSDARP00000126276	11.6	3
1484601	7955.ENSDARP00000035057	5.41	4
1483829	7955.ENSDARP00000025466	126	13
1487243	7955.ENSDARP00000058736	349	8
1481495	7955.ENSDARP00000003468	91.6	11
1487173	7955.ENSDARP00000058402	1843	137
1504263	7955.ENSDARP00000118326	59.5	42
1481347	7955.ENSDARP00000002234	36.5	3
1490124	7955.ENSDARP00000074504	15174	334
1485885	7955.ENSDARP00000049686	3549	72
1498325	7955.ENSDARP00000106067	688	61
1485031	7955.ENSDARP00000040421	261	13
1485568	7955.ENSDARP00000046171	12139	351
1501622	7955.ENSDARP00000111808	154	12
1495923	7955.ENSDARP00000100990	1.26	1
1503916	7955.ENSDARP00000117456	1481	84
1488425	7955.ENSDARP00000065840	0.757	2
1498977	7955.ENSDARP00000107234	354	104
1506381	7955.ENSDARP00000123814	2.82	1
1506324	7955.ENSDARP00000123652	126	10
1500153	7955.ENSDARP00000109278	10.0	2
1482225	7955.ENSDARP00000010419	28.2	1
1482862	7955.ENSDARP00000016165	7.22	1
1491249	7955.ENSDARP00000081202	0.87	3
1488740	7955.ENSDARP00000067592	66.8	1
1484067	7955.ENSDARP00000027695	29.2	2
1481310	7955.ENSDARP00000001291	965	84
1485195	7955.ENSDARP00000042199	847	73
1489219	7955.ENSDARP00000070002	125	9
1502505	7955.ENSDARP00000113776	6.5	1
1494786	7955.ENSDARP00000098348	269	12
1486829	7955.ENSDARP00000056277	106	6
1507274	7955.ENSDARP00000126183	32.4	1
1499876	7955.ENSDARP00000108798	237	18
1491491	7955.ENSDARP00000082917	10.2	10
1487520	7955.ENSDARP00000060360	433	10
1489133	7955.ENSDARP00000069525	155	81
1498163	7955.ENSDARP00000105782	30.2	4
1497178	7955.ENSDARP00000103937	318	163
1501416	7955.ENSDARP00000111451	317	50
1487227	7955.ENSDARP00000058679	272	20
1487402	7955.ENSDARP00000059692	2139	50
1507198	7955.ENSDARP00000125972	2200	32
1484843	7955.ENSDARP00000038227	607	4
1502421	7955.ENSDARP00000113541	342	163
1492915	7955.ENSDARP00000091082	5687	285
1502821	7955.ENSDARP00000114580	0.298	2
1493901	7955.ENSDARP00000095265	13.3	3
1501748	7955.ENSDARP00000112034	541	201
1484500	7955.ENSDARP00000033600	1113	11
1493940	7955.ENSDARP00000095394	75.1	8
1507158	7955.ENSDARP00000125876	330	17
1484171	7955.ENSDARP00000029090	4.89	2
1481529	7955.ENSDARP00000003744	345	38
1498891	7955.ENSDARP00000107078	33.4	4
1502249	7955.ENSDARP00000113097	807	8
1503488	7955.ENSDARP00000116328	12.6	2
1499928	7955.ENSDARP00000108896	23.9	13
1488347	7955.ENSDARP00000065355	6.57	13
1494115	7955.ENSDARP00000096234	325	9
1483525	7955.ENSDARP00000022595	28.1	1
1501909	7955.ENSDARP00000112301	354	104
1484892	7955.ENSDARP00000038799	1733	37
1498863	7955.ENSDARP00000107028	541	201
1484737	7955.ENSDARP00000036958	6.36	5
1500089	7955.ENSDARP00000109185	797	15
1485558	7955.ENSDARP00000046065	23.9	9
1486979	7955.ENSDARP00000057256	26.8	2
1501715	7955.ENSDARP00000111973	342	163
1484600	7955.ENSDARP00000035027	16.8	2
1488665	7955.ENSDARP00000067187	2.11	4
1481854	7955.ENSDARP00000006875	125	16
1501783	7955.ENSDARP00000112092	342	163
1481862	7955.ENSDARP00000006945	15.0	1
1483211	7955.ENSDARP00000019477	1813	71
1487823	7955.ENSDARP00000062401	74.0	2
1483783	7955.ENSDARP00000024981	30.0	8
1488283	7955.ENSDARP00000064973	130	6
1502024	7955.ENSDARP00000112496	185	15
1485403	7955.ENSDARP00000044410	25.6	4
1497414	7955.ENSDARP00000104468	465	93
1490075	7955.ENSDARP00000074169	1731	34
1502328	7955.ENSDARP00000113296	107	4
1488718	7955.ENSDARP00000067511	135	7
1490258	7955.ENSDARP00000075208	34.3	4
1481949	7955.ENSDARP00000007735	292	19
1497667	7955.ENSDARP00000104918	354	104
1499155	7955.ENSDARP00000107547	541	201
1503316	7955.ENSDARP00000115888	133	9
1498410	7955.ENSDARP00000106212	19.6	1
1488711	7955.ENSDARP00000067447	334	16
1495356	7955.ENSDARP00000099639	54.1	13
1486429	7955.ENSDARP00000053793	780	11
1495916	7955.ENSDARP00000100979	4.13	3
1481987	7955.ENSDARP00000008085	42.0	4
1496068	7955.ENSDARP00000101311	541	201
1483138	7955.ENSDARP00000018694	82.5	4
1492125	7955.ENSDARP00000087500	504	13
1503124	7955.ENSDARP00000115403	99.7	3
1482896	7955.ENSDARP00000016540	6.01	1
1486215	7955.ENSDARP00000052440	30.1	4
1500715	7955.ENSDARP00000110274	19.5	4
1484834	7955.ENSDARP00000038172	80.4	1
1492912	7955.ENSDARP00000091066	531	27
1482221	7955.ENSDARP00000010393	16.8	2
1482477	7955.ENSDARP00000012500	196	32
1506268	7955.ENSDARP00000123510	61.0	5
1482419	7955.ENSDARP00000012048	297	55
1486677	7955.ENSDARP00000055379	748	316
1490535	7955.ENSDARP00000076389	131	6
1493866	7955.ENSDARP00000095128	25.4	5
1504309	7955.ENSDARP00000118435	37.1	2
1489801	7955.ENSDARP00000072971	234	19
1498102	7955.ENSDARP00000105678	191	31
1494425	7955.ENSDARP00000097494	334	19
1488779	7955.ENSDARP00000067802	1250	56
1498333	7955.ENSDARP00000106080	49.4	3
1482977	7955.ENSDARP00000017257	58.1	4
1505053	7955.ENSDARP00000120344	2200	32
1485533	7955.ENSDARP00000045815	81.1	15
1486553	7955.ENSDARP00000054618	37.0	4
1487936	7955.ENSDARP00000062982	297	10
1492910	7955.ENSDARP00000091060	255	26
1482512	7955.ENSDARP00000012767	9.74	3
1482925	7955.ENSDARP00000016814	7564	196
1481957	7955.ENSDARP00000007799	38.3	4
1505231	7955.ENSDARP00000120827	0.99	1
1490574	7955.ENSDARP00000076519	22.9	2
1499478	7955.ENSDARP00000108108	277	16
1494820	7955.ENSDARP00000098432	342	163
1506132	7955.ENSDARP00000123149	34.3	2
1496128	7955.ENSDARP00000101467	541	201
1482568	7955.ENSDARP00000013286	35.8	20
1501239	7955.ENSDARP00000111142	4.79	1
1493784	7955.ENSDARP00000094800	67.5	6
1488473	7955.ENSDARP00000066176	1073	360
1485832	7955.ENSDARP00000049134	196	13
1481292	7955.ENSDARP00000000803	117	61
1489822	7955.ENSDARP00000073057	295	23
1492762	7955.ENSDARP00000090434	1603	53
1484163	7955.ENSDARP00000028970	396	36
1483755	7955.ENSDARP00000024660	178	14
1488816	7955.ENSDARP00000067943	196	17
1506603	7955.ENSDARP00000124531	17859	313
1485619	7955.ENSDARP00000046791	0.706	3
1490478	7955.ENSDARP00000076182	551	60
1502343	7955.ENSDARP00000113335	226	9
1505743	7955.ENSDARP00000122141	1268	20
1484083	7955.ENSDARP00000027892	24.6	4
1498874	7955.ENSDARP00000107046	2.99	1
1483861	7955.ENSDARP00000025702	2115	283
1489750	7955.ENSDARP00000072767	1.55	1
1490336	7955.ENSDARP00000075599	55.8	1
1489661	7955.ENSDARP00000072408	75.1	1
1490412	7955.ENSDARP00000075883	80.3	7
1497293	7955.ENSDARP00000104196	53.6	9
1489727	7955.ENSDARP00000072678	1251	1099
1502747	7955.ENSDARP00000114396	558	43
1489339	7955.ENSDARP00000070561	367	41
1483265	7955.ENSDARP00000020027	425	14
1486838	7955.ENSDARP00000056318	1771	24
1481464	7955.ENSDARP00000003281	281	13
1505894	7955.ENSDARP00000122502	8.6	50
1505044	7955.ENSDARP00000120324	7.24	5
1506459	7955.ENSDARP00000124085	2717	5
1493806	7955.ENSDARP00000094885	218	11
1502550	7955.ENSDARP00000113905	2005	183
1507056	7955.ENSDARP00000125625	37.6	3
1493702	7955.ENSDARP00000094415	34.6	2
1490603	7955.ENSDARP00000076687	132	9
1489900	7955.ENSDARP00000073437	36.7	3
1500012	7955.ENSDARP00000109044	541	201
1483899	7955.ENSDARP00000026065	370	82
1488656	7955.ENSDARP00000067159	3322	137
1494967	7955.ENSDARP00000098757	49.0	3
1481725	7955.ENSDARP00000005640	14.1	1
1496992	7955.ENSDARP00000103520	5.56	1
1482223	7955.ENSDARP00000010413	53.9	37
1502773	7955.ENSDARP00000114456	16.5	18
1483429	7955.ENSDARP00000021850	240	9
1488617	7955.ENSDARP00000067004	10.8	2
1489398	7955.ENSDARP00000070941	104	23
1483522	7955.ENSDARP00000022579	454	28
1487807	7955.ENSDARP00000062323	892	53
1482356	7955.ENSDARP00000011506	481	21
1486590	7955.ENSDARP00000054848	116	16
1494335	7955.ENSDARP00000097050	42.7	21
1487052	7955.ENSDARP00000057637	290	55
1481726	7955.ENSDARP00000005644	75.0	1
1500315	7955.ENSDARP00000109567	8.54	2
1487476	7955.ENSDARP00000060159	124	6
1504829	7955.ENSDARP00000119816	29.6	2
1502602	7955.ENSDARP00000114025	301	12
1481359	7955.ENSDARP00000002360	25.9	5
1484380	7955.ENSDARP00000032177	6.46	1
1490585	7955.ENSDARP00000076580	52.9	11
1489730	7955.ENSDARP00000072687	1461	1315
1482298	7955.ENSDARP00000011083	20.1	2
1481465	7955.ENSDARP00000003282	611	9
1495465	7955.ENSDARP00000099928	90.1	5
1500248	7955.ENSDARP00000109451	2.27	4
1503386	7955.ENSDARP00000116075	410	882
1505796	7955.ENSDARP00000122263	2191	406
1481992	7955.ENSDARP00000008099	20.1	3
1482324	7955.ENSDARP00000011226	122	5
1501845	7955.ENSDARP00000112194	54.2	8
1481335	7955.ENSDARP00000002122	725	54
1489489	7955.ENSDARP00000071587	260	16
1489162	7955.ENSDARP00000069676	5.22	13
1482308	7955.ENSDARP00000011148	555	14
1493523	7955.ENSDARP00000093747	338	104
1506306	7955.ENSDARP00000123608	3.76	1
1484531	7955.ENSDARP00000034077	400	45
1482678	7955.ENSDARP00000014456	1313	67
1482266	7955.ENSDARP00000010862	33.2	7
1495144	7955.ENSDARP00000099156	163	4
1489168	7955.ENSDARP00000069708	1505	16
1485828	7955.ENSDARP00000049044	666	55
1489628	7955.ENSDARP00000072300	178	6
1499522	7955.ENSDARP00000108182	594	34
1497474	7955.ENSDARP00000104575	113	14
1499357	7955.ENSDARP00000107877	75.8	8
1495770	7955.ENSDARP00000100627	131	14
1490045	7955.ENSDARP00000074048	42.0	1
1494536	7955.ENSDARP00000097753	182	6
1482976	7955.ENSDARP00000017246	186	27
1490060	7955.ENSDARP00000074127	7.06	1
1484981	7955.ENSDARP00000039902	74.7	3
1497929	7955.ENSDARP00000105375	11.5	5
1500349	7955.ENSDARP00000109631	1.3	1
1487429	7955.ENSDARP00000059885	706	52
1507179	7955.ENSDARP00000125918	7.98	14
1493853	7955.ENSDARP00000095079	5.75	1
1506528	7955.ENSDARP00000124283	1.66	1
1486604	7955.ENSDARP00000054908	31.1	2
1485177	7955.ENSDARP00000041959	415	56
1492804	7955.ENSDARP00000090576	173	7
1489777	7955.ENSDARP00000072874	540	24
1485269	7955.ENSDARP00000043001	33.0	2
1485936	7955.ENSDARP00000050307	16.8	2
1488099	7955.ENSDARP00000063856	83.8	5
1485965	7955.ENSDARP00000050643	1.75	1
1506769	7955.ENSDARP00000125089	8.61	50
1483585	7955.ENSDARP00000023177	1213	30
1505883	7955.ENSDARP00000122475	175	28
1501354	7955.ENSDARP00000111326	430	895
1486227	7955.ENSDARP00000052528	1675	27
1497752	7955.ENSDARP00000105058	42.5	5
1488594	7955.ENSDARP00000066929	674	29
1493559	7955.ENSDARP00000093898	215	21
1490257	7955.ENSDARP00000075204	173	13
1486445	7955.ENSDARP00000053874	18.3	6
1483481	7955.ENSDARP00000022302	157	49
1492578	7955.ENSDARP00000089645	74.5	6
1487219	7955.ENSDARP00000058628	429	250
1493245	7955.ENSDARP00000092488	21549	756
1498177	7955.ENSDARP00000105809	548	65
1482185	7955.ENSDARP00000010055	678	21
1494498	7955.ENSDARP00000097665	191	31
1486800	7955.ENSDARP00000056094	3444	70
1488259	7955.ENSDARP00000064802	5.5	1
1502622	7955.ENSDARP00000114072	693	5
1500446	7955.ENSDARP00000109800	3.36	4
1489648	7955.ENSDARP00000072364	7.38	3
1502643	7955.ENSDARP00000114134	13.4	1
1483974	7955.ENSDARP00000026816	0.12	4
1485789	7955.ENSDARP00000048675	47.1	5
1495642	7955.ENSDARP00000100331	710	5
1485374	7955.ENSDARP00000044084	3.17	4
1482926	7955.ENSDARP00000016818	0.71	1
1490651	7955.ENSDARP00000076883	202	9
1498381	7955.ENSDARP00000106164	183	109
1500174	7955.ENSDARP00000109315	321	163
1488863	7955.ENSDARP00000068144	13.1	7
1502227	7955.ENSDARP00000113038	139	3
1485599	7955.ENSDARP00000046586	11.6	3
1503644	7955.ENSDARP00000116739	342	163
1505251	7955.ENSDARP00000120878	25.7	1
1496631	7955.ENSDARP00000102675	1.3	1
1481894	7955.ENSDARP00000007240	45.8	7
1491456	7955.ENSDARP00000082673	120	5
1493362	7955.ENSDARP00000093074	2755	717
1494104	7955.ENSDARP00000096178	1262	22
1492758	7955.ENSDARP00000090402	18.0	2
1502325	7955.ENSDARP00000113290	0.351	2
1483236	7955.ENSDARP00000019813	72.6	2
1490932	7955.ENSDARP00000078889	742	30
1494265	7955.ENSDARP00000096763	0.949	4
1492498	7955.ENSDARP00000089210	33.2	2
1489381	7955.ENSDARP00000070818	0.163	1
1491244	7955.ENSDARP00000081180	80.9	10
1505014	7955.ENSDARP00000120260	415	8
1490996	7955.ENSDARP00000079424	1597	154
1482615	7955.ENSDARP00000013777	1537	43
1493536	7955.ENSDARP00000093791	342	163
1486197	7955.ENSDARP00000052382	135	4
1483972	7955.ENSDARP00000026805	1318	86
1485899	7955.ENSDARP00000049894	329	7
1503825	7955.ENSDARP00000117214	87.5	11
1489851	7955.ENSDARP00000073195	121	87
1487827	7955.ENSDARP00000062413	8.47	2
1497842	7955.ENSDARP00000105230	333	37
1491605	7955.ENSDARP00000083765	9.5	1
1501139	7955.ENSDARP00000110972	11.5	1
1485058	7955.ENSDARP00000040743	6348	119
1502749	7955.ENSDARP00000114400	311	5
1483575	7955.ENSDARP00000023098	173	18
1481407	7955.ENSDARP00000002825	52.6	11
1503773	7955.ENSDARP00000117066	234	41
1484495	7955.ENSDARP00000033537	33.2	2
1486610	7955.ENSDARP00000054986	2191	406
1506302	7955.ENSDARP00000123601	2340	1544
1482083	7955.ENSDARP00000009096	677	20
1493161	7955.ENSDARP00000092168	285	14
1499178	7955.ENSDARP00000107576	25.2	1
1483017	7955.ENSDARP00000017597	153	6
1485007	7955.ENSDARP00000040203	775	299
1486503	7955.ENSDARP00000054289	76.5	6
1483712	7955.ENSDARP00000024272	129	117
1490215	7955.ENSDARP00000074959	42.6	1
1492996	7955.ENSDARP00000091498	217	13
1485087	7955.ENSDARP00000041087	277	16
1486352	7955.ENSDARP00000053303	979	443
1502240	7955.ENSDARP00000113061	25.4	5
1482739	7955.ENSDARP00000015065	184	14
1484017	7955.ENSDARP00000027139	13.6	1
1485858	7955.ENSDARP00000049374	11.3	5
1484291	7955.ENSDARP00000030881	2275	244
1483987	7955.ENSDARP00000026895	80.4	7
1481301	7955.ENSDARP00000001158	462	32
1507155	7955.ENSDARP00000125872	1.86	1
1505477	7955.ENSDARP00000121484	8.61	50
1486041	7955.ENSDARP00000051359	215	476
1489416	7955.ENSDARP00000071046	48.2	7
1495323	7955.ENSDARP00000099569	0.691	1
1497194	7955.ENSDARP00000103985	11.8	1
1505521	7955.ENSDARP00000121591	855	35
1501061	7955.ENSDARP00000110851	488	273
1498819	7955.ENSDARP00000106947	10.1	1
1503893	7955.ENSDARP00000117394	144	36
1494959	7955.ENSDARP00000098745	21.6	4
1486312	7955.ENSDARP00000053076	2859	77
1493770	7955.ENSDARP00000094748	156	5
1504074	7955.ENSDARP00000117864	661	9
1483148	7955.ENSDARP00000018863	2.51	1
1499937	7955.ENSDARP00000108912	140	6
1489824	7955.ENSDARP00000073072	203	46
1484314	7955.ENSDARP00000031181	403	6
1493898	7955.ENSDARP00000095260	39.2	3
1503265	7955.ENSDARP00000115754	12.5	1
1489321	7955.ENSDARP00000070488	28.2	4
1491992	7955.ENSDARP00000086620	2.44	1
1498841	7955.ENSDARP00000106981	46.5	16
1493380	7955.ENSDARP00000093157	52.2	3
1484367	7955.ENSDARP00000032005	2.33	1
1499728	7955.ENSDARP00000108521	26.0	1
1505456	7955.ENSDARP00000121437	829	41
1487095	7955.ENSDARP00000057912	14.5	14
1493851	7955.ENSDARP00000095074	103	13
1488800	7955.ENSDARP00000067891	354	104
1484369	7955.ENSDARP00000032037	82.5	2
1492433	7955.ENSDARP00000088945	25.4	1
1500393	7955.ENSDARP00000109706	18.5	2
1482948	7955.ENSDARP00000016957	389	3
1486574	7955.ENSDARP00000054780	19.0	6
1483851	7955.ENSDARP00000025613	635	24
1489070	7955.ENSDARP00000069192	7.76	1
1487458	7955.ENSDARP00000060055	1067	61
1482985	7955.ENSDARP00000017331	86.2	1
1505166	7955.ENSDARP00000120649	39.2	10
1486104	7955.ENSDARP00000051762	1010	33
1484060	7955.ENSDARP00000027643	27.4	3
1498828	7955.ENSDARP00000106960	46.6	9
1486459	7955.ENSDARP00000053962	32.1	4
1501124	7955.ENSDARP00000110951	7.24	5
1505181	7955.ENSDARP00000120686	1160	22
1481544	7955.ENSDARP00000003850	22.0	1
1496685	7955.ENSDARP00000102802	52.0	5
1484270	7955.ENSDARP00000030555	17.1	3
1483765	7955.ENSDARP00000024741	131	7
1486830	7955.ENSDARP00000056279	156	25
1498283	7955.ENSDARP00000105996	48.1	2
1485178	7955.ENSDARP00000041991	14.3	3
1500773	7955.ENSDARP00000110363	149	11
1506574	7955.ENSDARP00000124424	113	7
1503208	7955.ENSDARP00000115596	45.6	3
1485167	7955.ENSDARP00000041860	166	10
1503595	7955.ENSDARP00000116609	39.6	3
1497786	7955.ENSDARP00000105116	9.25	2
1504465	7955.ENSDARP00000118825	9.94	1
1493293	7955.ENSDARP00000092698	6.25	2
1501242	7955.ENSDARP00000111147	1341	111
1502495	7955.ENSDARP00000113739	194	15
1506004	7955.ENSDARP00000122802	692	120
1498911	7955.ENSDARP00000107122	642	326
1497657	7955.ENSDARP00000104899	1.43	4
1494493	7955.ENSDARP00000097644	680	20
1498905	7955.ENSDARP00000107110	1306	119
1498988	7955.ENSDARP00000107253	24.6	4
1486039	7955.ENSDARP00000051312	288	23
1487075	7955.ENSDARP00000057787	256	163
1483643	7955.ENSDARP00000023685	57.5	4
1497505	7955.ENSDARP00000104620	50.1	1
1489099	7955.ENSDARP00000069316	1397	40
1498782	7955.ENSDARP00000106877	354	104
1490142	7955.ENSDARP00000074570	72.5	8
1481524	7955.ENSDARP00000003700	180	5
1484139	7955.ENSDARP00000028641	117	5
1497925	7955.ENSDARP00000105368	52.9	11
1483583	7955.ENSDARP00000023158	23.0	6
1495209	7955.ENSDARP00000099306	45.2	5
1492873	7955.ENSDARP00000090899	147	4
1495696	7955.ENSDARP00000100434	347	247
1485287	7955.ENSDARP00000043172	1471	21
1504169	7955.ENSDARP00000118068	14.8	12
1494196	7955.ENSDARP00000096504	7934	532
1499493	7955.ENSDARP00000108138	8.15	1
1498142	7955.ENSDARP00000105746	342	163
1481929	7955.ENSDARP00000007588	262	21
1497879	7955.ENSDARP00000105296	185	9
1484867	7955.ENSDARP00000038550	6.83	1
1494914	7955.ENSDARP00000098653	0.182	1
1494122	7955.ENSDARP00000096258	776	16
1487270	7955.ENSDARP00000058912	36.0	4
1499417	7955.ENSDARP00000107998	541	201
1483910	7955.ENSDARP00000026156	5408	155
1485586	7955.ENSDARP00000046430	21.7	2
1487088	7955.ENSDARP00000057866	372	18
1501414	7955.ENSDARP00000111447	318	163
1481337	7955.ENSDARP00000002127	13.7	1
1483164	7955.ENSDARP00000018980	1304	32
1502573	7955.ENSDARP00000113957	37.0	3
1504261	7955.ENSDARP00000118321	0.552	4
1495780	7955.ENSDARP00000100661	90.6	3
1500451	7955.ENSDARP00000109807	617	368
1485301	7955.ENSDARP00000043311	69.3	2
1486345	7955.ENSDARP00000053266	86.6	2
1481324	7955.ENSDARP00000001943	234	14
1498870	7955.ENSDARP00000107042	33.3	3
1501604	7955.ENSDARP00000111782	306	7
1495585	7955.ENSDARP00000100195	823	290
1483156	7955.ENSDARP00000018923	25.6	4
1486442	7955.ENSDARP00000053867	27.0	6
1501049	7955.ENSDARP00000110818	35.6	2
1487846	7955.ENSDARP00000062522	22488	484
1496830	7955.ENSDARP00000103150	16.9	10
1487278	7955.ENSDARP00000058955	1139	79
1496912	7955.ENSDARP00000103347	3.31	1
1494108	7955.ENSDARP00000096200	812	16
1492416	7955.ENSDARP00000088868	12.0	11
1485929	7955.ENSDARP00000050237	2185	1595
1484607	7955.ENSDARP00000035106	115	8
1482971	7955.ENSDARP00000017217	244	17
1503504	7955.ENSDARP00000116372	8.57	50
1484448	7955.ENSDARP00000033069	511	8
1497251	7955.ENSDARP00000104119	28.4	9
1496463	7955.ENSDARP00000102286	142	70
1483364	7955.ENSDARP00000021064	58.1	11
1502766	7955.ENSDARP00000114437	16.2	17
1482860	7955.ENSDARP00000016158	365	5
1482222	7955.ENSDARP00000010406	54.7	12
1486564	7955.ENSDARP00000054690	72.9	18
1486752	7955.ENSDARP00000055793	51.3	1
1489651	7955.ENSDARP00000072376	1097	32
1489534	7955.ENSDARP00000071844	1.38	1
1484454	7955.ENSDARP00000033180	183	106
1484065	7955.ENSDARP00000027672	34.4	1
1499446	7955.ENSDARP00000108050	41.3	3
1498855	7955.ENSDARP00000107004	78.5	8
1493919	7955.ENSDARP00000095312	669	15
1483019	7955.ENSDARP00000017613	643	72
1495995	7955.ENSDARP00000101156	97.3	8
1488507	7955.ENSDARP00000066382	214	16
1482858	7955.ENSDARP00000016138	33.6	3
1499818	7955.ENSDARP00000108688	160	22
1488023	7955.ENSDARP00000063483	64.8	29
1505042	7955.ENSDARP00000120317	75.0	1
1503593	7955.ENSDARP00000116604	101	10
1482936	7955.ENSDARP00000016879	841	57
1497161	7955.ENSDARP00000103895	110	6
1485102	7955.ENSDARP00000041278	1004	373
1493026	7955.ENSDARP00000091642	45.6	3
1485542	7955.ENSDARP00000045900	2000	47
1484533	7955.ENSDARP00000034116	23.6	2
1506489	7955.ENSDARP00000124165	20.3	1
1498251	7955.ENSDARP00000105942	103	2
1497081	7955.ENSDARP00000103712	0.916	4
1481463	7955.ENSDARP00000003276	22.9	5
1486620	7955.ENSDARP00000055063	21.0	2
1487449	7955.ENSDARP00000060000	87.7	4
1491562	7955.ENSDARP00000083454	253	20
1481867	7955.ENSDARP00000007032	18.0	2
1486400	7955.ENSDARP00000053576	6.89	1
1481857	7955.ENSDARP00000006888	17.1	4
1493956	7955.ENSDARP00000095458	370	5
1496028	7955.ENSDARP00000101216	14.4	4
1487851	7955.ENSDARP00000062538	535	21
1485672	7955.ENSDARP00000047268	2200	32
1503586	7955.ENSDARP00000116589	101	9
1482086	7955.ENSDARP00000009133	185	8
1482669	7955.ENSDARP00000014384	13.0	3
1504986	7955.ENSDARP00000120183	1118	30
1494042	7955.ENSDARP00000095870	12.7	7
1486311	7955.ENSDARP00000053075	6.65	1
1486493	7955.ENSDARP00000054204	99.5	2
1506127	7955.ENSDARP00000123136	134	4
1490159	7955.ENSDARP00000074706	8.03	17
1496890	7955.ENSDARP00000103300	103	4
1502614	7955.ENSDARP00000114052	34.5	10
1499890	7955.ENSDARP00000108828	354	104
1484968	7955.ENSDARP00000039787	447	10
1483321	7955.ENSDARP00000020578	96.8	10
1499582	7955.ENSDARP00000108282	65.4	6
1482747	7955.ENSDARP00000015132	294	16
1481440	7955.ENSDARP00000003107	125	9
1493376	7955.ENSDARP00000093124	0.655	3
1497047	7955.ENSDARP00000103634	453	16
1486433	7955.ENSDARP00000053833	87.5	5
1500032	7955.ENSDARP00000109071	541	201
1489121	7955.ENSDARP00000069454	4.49	1
1494642	7955.ENSDARP00000098004	207	103
1482500	7955.ENSDARP00000012691	11.1	1
1483092	7955.ENSDARP00000018197	999	33
1484497	7955.ENSDARP00000033554	3.17	1
1484064	7955.ENSDARP00000027662	70.3	4
1498408	7955.ENSDARP00000106208	12.9	1
1502912	7955.ENSDARP00000114828	24.1	1
1482766	7955.ENSDARP00000015328	559	25
1489095	7955.ENSDARP00000069300	396	16
1487478	7955.ENSDARP00000060165	1581	130
1502371	7955.ENSDARP00000113417	243	6
1503606	7955.ENSDARP00000116646	7.45	4
1484640	7955.ENSDARP00000035541	376	7
1503480	7955.ENSDARP00000116310	414	14
1485018	7955.ENSDARP00000040327	289	104
1485439	7955.ENSDARP00000044895	7.27	4
1486753	7955.ENSDARP00000055809	137	4
1484720	7955.ENSDARP00000036699	30.8	5
1488583	7955.ENSDARP00000066858	642	326
1493397	7955.ENSDARP00000093236	753	17
1482543	7955.ENSDARP00000013042	42.4	57
1489334	7955.ENSDARP00000070548	189	4
1484745	7955.ENSDARP00000037025	313	20
1483778	7955.ENSDARP00000024900	9045	566
1504497	7955.ENSDARP00000118904	6.39	4
1490463	7955.ENSDARP00000076104	94.6	6
1502463	7955.ENSDARP00000113657	121	3
1485101	7955.ENSDARP00000041268	4992	281
1492071	7955.ENSDARP00000087157	4.37	2
1504724	7955.ENSDARP00000119520	1.95	1
1483601	7955.ENSDARP00000023327	1528	21
1483766	7955.ENSDARP00000024748	31.2	3
1484108	7955.ENSDARP00000028134	47.8	6
1497986	7955.ENSDARP00000105491	4705	133
1489501	7955.ENSDARP00000071646	477	92
1484419	7955.ENSDARP00000032688	728	52
1492935	7955.ENSDARP00000091193	1.08	1
1499587	7955.ENSDARP00000108289	870	323
1482726	7955.ENSDARP00000014978	483	87
1481318	7955.ENSDARP00000001575	160	30
1490210	7955.ENSDARP00000074935	125	44
1486497	7955.ENSDARP00000054229	578	41
1484423	7955.ENSDARP00000032730	1265	178
1493840	7955.ENSDARP00000095029	992	93
1492244	7955.ENSDARP00000088095	9.69	3
1486396	7955.ENSDARP00000053541	597	20
1488208	7955.ENSDARP00000064511	28.9	3
1485150	7955.ENSDARP00000041713	42.7	9
1481594	7955.ENSDARP00000004352	61.5	8
1486324	7955.ENSDARP00000053138	71.8	1
1490233	7955.ENSDARP00000075079	7.44	13
1494168	7955.ENSDARP00000096411	51.0	7
1492695	7955.ENSDARP00000090143	200	3
1498428	7955.ENSDARP00000106240	15.4	1
1484169	7955.ENSDARP00000029074	212	22
1489379	7955.ENSDARP00000070807	1138	89
1498017	7955.ENSDARP00000105540	1.29	2
1483738	7955.ENSDARP00000024492	1404	67
1482688	7955.ENSDARP00000014578	41.6	7
1504136	7955.ENSDARP00000117991	791	13
1497907	7955.ENSDARP00000105344	262	24
1506379	7955.ENSDARP00000123810	0.839	3
1499049	7955.ENSDARP00000107359	133	12
1483802	7955.ENSDARP00000025160	180	9
1497455	7955.ENSDARP00000104532	20.0	2
1482513	7955.ENSDARP00000012776	504	52
1482125	7955.ENSDARP00000009474	105	23
1485928	7955.ENSDARP00000050236	342	163
1488112	7955.ENSDARP00000063949	17.1	3
1481515	7955.ENSDARP00000003641	1928	44
1500592	7955.ENSDARP00000110047	40.0	4
1482604	7955.ENSDARP00000013624	280	10
1492374	7955.ENSDARP00000088646	26.3	4
1507388	7955.ENSDARP00000126450	161	13
1485219	7955.ENSDARP00000042420	22.3	4
1483694	7955.ENSDARP00000024104	60.5	7
1489083	7955.ENSDARP00000069254	65.9	2
1500101	7955.ENSDARP00000109199	53.9	37
1484942	7955.ENSDARP00000039324	551	107
1487968	7955.ENSDARP00000063095	839	22
1487089	7955.ENSDARP00000057868	9.7	2
1488706	7955.ENSDARP00000067432	205	15
1495726	7955.ENSDARP00000100503	93.6	6
1503615	7955.ENSDARP00000116665	95.3	2
1503003	7955.ENSDARP00000115072	8.57	50
1490352	7955.ENSDARP00000075658	1516	190
1483918	7955.ENSDARP00000026241	91.3	16
1483789	7955.ENSDARP00000025042	199	4
1506680	7955.ENSDARP00000124804	946	9
1482491	7955.ENSDARP00000012595	22.1	3
1486338	7955.ENSDARP00000053207	670	12
1485229	7955.ENSDARP00000042511	4.95	1
1482533	7955.ENSDARP00000012950	194	10
1483524	7955.ENSDARP00000022592	2935	92
1482870	7955.ENSDARP00000016261	1358	105
1481284	7955.ENSDARP00000000392	515	114
1504002	7955.ENSDARP00000117673	825	36
1486146	7955.ENSDARP00000052081	594	13
1485678	7955.ENSDARP00000047390	640	15
1491461	7955.ENSDARP00000082703	17.5	1
1486961	7955.ENSDARP00000057100	497	75
1495315	7955.ENSDARP00000099552	0.099	1
1485351	7955.ENSDARP00000043854	14.3	3
1493612	7955.ENSDARP00000094070	201	3
1489134	7955.ENSDARP00000069533	21.0	1
1491817	7955.ENSDARP00000085295	965	146
1487508	7955.ENSDARP00000060309	4067	348
1488712	7955.ENSDARP00000067454	22.8	6
1493777	7955.ENSDARP00000094762	162	9
1503252	7955.ENSDARP00000115723	63.8	10
1492314	7955.ENSDARP00000088399	1.85	1
1489264	7955.ENSDARP00000070225	532	30
1483382	7955.ENSDARP00000021241	292	3
1482861	7955.ENSDARP00000016160	6.29	1
1488818	7955.ENSDARP00000067948	342	163
1487132	7955.ENSDARP00000058161	333	37
1499151	7955.ENSDARP00000107538	150	4
1502389	7955.ENSDARP00000113453	189	14
1484634	7955.ENSDARP00000035453	6.21	1
1493653	7955.ENSDARP00000094243	140	32
1496342	7955.ENSDARP00000101995	28.3	4
1488814	7955.ENSDARP00000067933	39.4	19
1503692	7955.ENSDARP00000116865	99.8	27
1483248	7955.ENSDARP00000019888	1012	453
1485081	7955.ENSDARP00000041034	17.5	9
1501544	7955.ENSDARP00000111676	16.5	1
1495214	7955.ENSDARP00000099321	792	24
1481686	7955.ENSDARP00000005281	102	8
1485358	7955.ENSDARP00000043923	37.4	5
1481409	7955.ENSDARP00000002844	411	31
1485164	7955.ENSDARP00000041841	158	4
1500374	7955.ENSDARP00000109673	17.7	1
1488802	7955.ENSDARP00000067894	196	17
1499250	7955.ENSDARP00000107702	342	163
1504766	7955.ENSDARP00000119636	63.9	15
1501709	7955.ENSDARP00000111963	3040	187
1482046	7955.ENSDARP00000008663	37.0	4
1493355	7955.ENSDARP00000093027	337	151
1481374	7955.ENSDARP00000002483	47.0	7
1502890	7955.ENSDARP00000114781	27242	745
1485637	7955.ENSDARP00000046972	160	17
1487921	7955.ENSDARP00000062897	498	27
1506281	7955.ENSDARP00000123538	108	7
1506701	7955.ENSDARP00000124893	467	10
1492644	7955.ENSDARP00000089922	19.7	1
1483761	7955.ENSDARP00000024694	192	21
1507303	7955.ENSDARP00000126252	146	8
1488625	7955.ENSDARP00000067039	110	6
1482103	7955.ENSDARP00000009258	1034	111
1505175	7955.ENSDARP00000120670	5.59	4
1481448	7955.ENSDARP00000003163	36.4	2
1498535	7955.ENSDARP00000106416	79.1	4
1482364	7955.ENSDARP00000011562	7237	283
1482916	7955.ENSDARP00000016749	119	16
1501568	7955.ENSDARP00000111723	12.9	1
1482855	7955.ENSDARP00000016115	36.0	1
1481706	7955.ENSDARP00000005448	39.1	5
1483149	7955.ENSDARP00000018865	1206	32
1494370	7955.ENSDARP00000097279	592	118
1488448	7955.ENSDARP00000065984	152	7
1483619	7955.ENSDARP00000023524	70.6	9
1501259	7955.ENSDARP00000111175	541	201
1503966	7955.ENSDARP00000117582	9.34	18
1485090	7955.ENSDARP00000041141	5.21	12
1482005	7955.ENSDARP00000008223	36.6	4
1497753	7955.ENSDARP00000105059	541	201
1481596	7955.ENSDARP00000004394	22.9	16
1488751	7955.ENSDARP00000067634	133	6
1482295	7955.ENSDARP00000011049	15.3	1
1487658	7955.ENSDARP00000061273	2562	20
1496733	7955.ENSDARP00000102922	2.67	1
1482868	7955.ENSDARP00000016228	360	40
1481761	7955.ENSDARP00000006001	31.2	3
1493101	7955.ENSDARP00000091921	135	28
1485763	7955.ENSDARP00000048394	27.7	4
1498542	7955.ENSDARP00000106429	114	6
1493019	7955.ENSDARP00000091586	805	14
1484954	7955.ENSDARP00000039570	7.72	4
1489615	7955.ENSDARP00000072253	182	20
1492819	7955.ENSDARP00000090639	4.46	1
1499040	7955.ENSDARP00000107339	1131	52
1481777	7955.ENSDARP00000006133	58.4	3
1493522	7955.ENSDARP00000093734	245	163
1487782	7955.ENSDARP00000062142	140	32
1507326	7955.ENSDARP00000126314	2114	42
1492234	7955.ENSDARP00000088044	0.917	1
1483128	7955.ENSDARP00000018627	22.0	5
1504335	7955.ENSDARP00000118509	5.92	1
1490949	7955.ENSDARP00000079047	4.51	4
1505202	7955.ENSDARP00000120742	1524	162
1485588	7955.ENSDARP00000046442	133	86
1488251	7955.ENSDARP00000064738	407	10
1482043	7955.ENSDARP00000008646	14.5	4
1490337	7955.ENSDARP00000075601	173	5
1497962	7955.ENSDARP00000105443	664	17
1481947	7955.ENSDARP00000007716	1984	43
1488252	7955.ENSDARP00000064746	93.6	3
1485665	7955.ENSDARP00000047200	50.1	32
1503277	7955.ENSDARP00000115796	1766	15
1493722	7955.ENSDARP00000094521	54.5	3
1489504	7955.ENSDARP00000071656	148	3
1483241	7955.ENSDARP00000019826	59.2	4
1499859	7955.ENSDARP00000108765	775	19
1498926	7955.ENSDARP00000107148	541	201
1501361	7955.ENSDARP00000111337	1095	82
1492844	7955.ENSDARP00000090756	91.7	2
1494755	7955.ENSDARP00000098279	139	9
1489172	7955.ENSDARP00000069744	736	92
1488741	7955.ENSDARP00000067593	3226	46
1483702	7955.ENSDARP00000024189	84.5	1
1487123	7955.ENSDARP00000058094	136	13
1493746	7955.ENSDARP00000094626	46.1	60
1494038	7955.ENSDARP00000095811	76.7	42
1492841	7955.ENSDARP00000090750	15.1	1
1482344	7955.ENSDARP00000011398	72.6	5
1488518	7955.ENSDARP00000066429	295	201
1482178	7955.ENSDARP00000009970	6.01	2
1482350	7955.ENSDARP00000011444	6.28	1
1493802	7955.ENSDARP00000094849	110	59
1492190	7955.ENSDARP00000087874	2011	26
1487078	7955.ENSDARP00000057822	20.2	2
1500437	7955.ENSDARP00000109780	209	24
1495973	7955.ENSDARP00000101100	897	85
1494141	7955.ENSDARP00000096322	59.7	4
1482624	7955.ENSDARP00000013902	348	13
1488791	7955.ENSDARP00000067865	820	8
1498316	7955.ENSDARP00000106050	158	18
1482363	7955.ENSDARP00000011549	0.841	1
1484896	7955.ENSDARP00000038835	186	15
1483950	7955.ENSDARP00000026560	5.34	1
1490778	7955.ENSDARP00000077786	3.18	4
1490532	7955.ENSDARP00000076384	0.711	1
1498736	7955.ENSDARP00000106788	94.8	5
1488101	7955.ENSDARP00000063869	428	9
1485435	7955.ENSDARP00000044837	640	37
1502331	7955.ENSDARP00000113307	1192	24
1499469	7955.ENSDARP00000108089	1571	46
1499385	7955.ENSDARP00000107930	54.1	13
1497294	7955.ENSDARP00000104198	33.0	1
1487581	7955.ENSDARP00000060744	1871	119
1499298	7955.ENSDARP00000107779	49.5	2
1482714	7955.ENSDARP00000014897	71.8	1
1503580	7955.ENSDARP00000116574	354	104
1484768	7955.ENSDARP00000037326	44.3	13
1486119	7955.ENSDARP00000051848	1787	77
1482831	7955.ENSDARP00000015937	12.6	7
1496806	7955.ENSDARP00000103080	2093	97
1506426	7955.ENSDARP00000123973	1407	66
1485338	7955.ENSDARP00000043714	153	31
1491330	7955.ENSDARP00000081732	67.9	3
1493531	7955.ENSDARP00000093780	354	104
1488941	7955.ENSDARP00000068586	2018	118
1486921	7955.ENSDARP00000056848	2.71	13
1506412	7955.ENSDARP00000123920	107	7
1501438	7955.ENSDARP00000111487	1038	20
1503172	7955.ENSDARP00000115512	235	21
1500559	7955.ENSDARP00000109990	1085	41
1485809	7955.ENSDARP00000048852	33.2	2
1482956	7955.ENSDARP00000017029	13.6	17
1481554	7955.ENSDARP00000003956	4.71	1
1483698	7955.ENSDARP00000024129	68.3	4
1481807	7955.ENSDARP00000006424	20.3	10
1501808	7955.ENSDARP00000112131	6.28	1
1497811	7955.ENSDARP00000105168	541	201
1485692	7955.ENSDARP00000047524	3111	142
1492847	7955.ENSDARP00000090766	920	155
1489788	7955.ENSDARP00000072922	58.7	7
1494197	7955.ENSDARP00000096509	1286	165
1494638	7955.ENSDARP00000098000	128	5
1503184	7955.ENSDARP00000115544	0.927	1
1482325	7955.ENSDARP00000011243	2596	120
1485384	7955.ENSDARP00000044161	14.0	3
1498082	7955.ENSDARP00000105646	281	163
1484658	7955.ENSDARP00000035859	5.9	2
1486847	7955.ENSDARP00000056404	89.6	3
1495918	7955.ENSDARP00000100984	6.25	2
1494131	7955.ENSDARP00000096291	21.8	6
1500275	7955.ENSDARP00000109497	3879	64
1482913	7955.ENSDARP00000016703	3.5	1
1504683	7955.ENSDARP00000119407	5.29	2
1482383	7955.ENSDARP00000011707	90.1	5
1488367	7955.ENSDARP00000065447	360	13
1484266	7955.ENSDARP00000030479	92.6	5
1502429	7955.ENSDARP00000113553	812	15
1482645	7955.ENSDARP00000014106	35.9	4
1483123	7955.ENSDARP00000018594	1083	5
1495257	7955.ENSDARP00000099423	48.5	3
1484579	7955.ENSDARP00000034804	189	7
1490539	7955.ENSDARP00000076404	26.3	1
1483691	7955.ENSDARP00000024085	145	3
1505801	7955.ENSDARP00000122284	495	24
1485642	7955.ENSDARP00000047007	30.2	4
1483407	7955.ENSDARP00000021569	424	222
1505512	7955.ENSDARP00000121564	65.0	1
1481728	7955.ENSDARP00000005680	3.51	1
1484010	7955.ENSDARP00000027102	94.2	6
1491039	7955.ENSDARP00000079719	7.18	3
1483794	7955.ENSDARP00000025096	7.48	1
1481340	7955.ENSDARP00000002175	897	276
1490616	7955.ENSDARP00000076763	10.0	3
1483499	7955.ENSDARP00000022440	77.9	10
1488744	7955.ENSDARP00000067603	117	25
1487821	7955.ENSDARP00000062382	446	57
1503883	7955.ENSDARP00000117378	3.0	1
1496564	7955.ENSDARP00000102498	133	24
1482596	7955.ENSDARP00000013512	8.94	4
1483258	7955.ENSDARP00000019957	0.164	1
1497059	7955.ENSDARP00000103658	78.3	2
1484199	7955.ENSDARP00000029491	252	28
1486518	7955.ENSDARP00000054366	39.6	2
1490096	7955.ENSDARP00000074315	1.92	1
1505734	7955.ENSDARP00000122114	35.2	4
1502578	7955.ENSDARP00000113965	0.826	1
1497837	7955.ENSDARP00000105220	792	24
1494032	7955.ENSDARP00000095774	119	33
1498616	7955.ENSDARP00000106566	57.7	2
1495415	7955.ENSDARP00000099772	481	947
1487230	7955.ENSDARP00000058694	214	2
1500209	7955.ENSDARP00000109376	203	16
1490689	7955.ENSDARP00000077082	77.0	3
1493274	7955.ENSDARP00000092617	184	14
1481781	7955.ENSDARP00000006201	323	18
1505412	7955.ENSDARP00000121324	0.898	1
1483450	7955.ENSDARP00000022030	186	7
1504686	7955.ENSDARP00000119413	807	74
1490162	7955.ENSDARP00000074719	277	11
1482587	7955.ENSDARP00000013441	142	20
1485360	7955.ENSDARP00000043931	1088	231
1495890	7955.ENSDARP00000100908	70.2	19
1486980	7955.ENSDARP00000057257	31.0	9
1487816	7955.ENSDARP00000062362	3521	202
1493936	7955.ENSDARP00000095384	12.3	5
1500017	7955.ENSDARP00000109050	2768	36
1502529	7955.ENSDARP00000113858	156	51
1488215	7955.ENSDARP00000064522	435	26
1489588	7955.ENSDARP00000072101	277	4
1489077	7955.ENSDARP00000069226	41.4	3
1499491	7955.ENSDARP00000108133	21.7	8
1500494	7955.ENSDARP00000109883	46.7	29
1492201	7955.ENSDARP00000087919	19.3	9
1490829	7955.ENSDARP00000078114	5.18	5
1493164	7955.ENSDARP00000092179	293	10
1505141	7955.ENSDARP00000120580	36.4	1
1504082	7955.ENSDARP00000117879	2200	32
1482275	7955.ENSDARP00000010921	153	53
1486425	7955.ENSDARP00000053774	211	39
1488081	7955.ENSDARP00000063785	14.9	3
1495429	7955.ENSDARP00000099813	342	163
1486221	7955.ENSDARP00000052476	149	17
1485661	7955.ENSDARP00000047158	312	6
1485519	7955.ENSDARP00000045668	35.0	21
1499087	7955.ENSDARP00000107424	404	15
1481483	7955.ENSDARP00000003389	2941	90
1485248	7955.ENSDARP00000042765	141	14
1484382	7955.ENSDARP00000032193	0.319	1
1488338	7955.ENSDARP00000065312	385	14
1502745	7955.ENSDARP00000114387	48.9	4
1503141	7955.ENSDARP00000115443	197	2
1505987	7955.ENSDARP00000122764	118	19
1501127	7955.ENSDARP00000110956	21.3	2
1498636	7955.ENSDARP00000106592	26.8	2
1489131	7955.ENSDARP00000069513	292	3
1499273	7955.ENSDARP00000107737	792	24
1498373	7955.ENSDARP00000106154	564	46
1492345	7955.ENSDARP00000088494	21.6	18
1497680	7955.ENSDARP00000104939	32.6	2
1506514	7955.ENSDARP00000124248	827	25
1487793	7955.ENSDARP00000062219	119	6
1481528	7955.ENSDARP00000003738	3100	275
1505855	7955.ENSDARP00000122416	144	8
1486933	7955.ENSDARP00000056898	179	4
1485142	7955.ENSDARP00000041626	35.4	2
1499185	7955.ENSDARP00000107585	541	201
1488417	7955.ENSDARP00000065771	779	17
1484405	7955.ENSDARP00000032456	1053	83
1490732	7955.ENSDARP00000077445	22.7	4
1498981	7955.ENSDARP00000107238	5.96	3
1499563	7955.ENSDARP00000108249	1145	14
1498975	7955.ENSDARP00000107232	347	104
1485831	7955.ENSDARP00000049108	42.0	4
1498090	7955.ENSDARP00000105660	678	97
1492072	7955.ENSDARP00000087158	1.94	1
1482890	7955.ENSDARP00000016453	1278	160
1499120	7955.ENSDARP00000107491	329	119
1487546	7955.ENSDARP00000060534	20810	1039
1485866	7955.ENSDARP00000049461	48.6	2
1485175	7955.ENSDARP00000041938	6.36	5
1493532	7955.ENSDARP00000093781	792	24
1481623	7955.ENSDARP00000004738	163	15
1502150	7955.ENSDARP00000112851	1597	154
1500255	7955.ENSDARP00000109464	379	11
1503202	7955.ENSDARP00000115582	35.9	4
1482291	7955.ENSDARP00000011017	89.6	19
1489228	7955.ENSDARP00000070035	20436	885
1501360	7955.ENSDARP00000111335	5263	301
1498577	7955.ENSDARP00000106496	541	201
1492419	7955.ENSDARP00000088880	237	30
1493244	7955.ENSDARP00000092484	1872	69
1482808	7955.ENSDARP00000015775	73.4	6
1483455	7955.ENSDARP00000022077	2396	232
1483608	7955.ENSDARP00000023429	9.97	3
1501576	7955.ENSDARP00000111738	104	6
1491959	7955.ENSDARP00000086433	78.3	5
1506115	7955.ENSDARP00000123109	12.0	2
1481794	7955.ENSDARP00000006320	47.8	6
1506366	7955.ENSDARP00000123778	23.2	1
1481525	7955.ENSDARP00000003705	205	15
1486770	7955.ENSDARP00000055912	342	163
1482813	7955.ENSDARP00000015805	211	39
1493654	7955.ENSDARP00000094244	50.4	8
1497367	7955.ENSDARP00000104368	5.56	1
1490012	7955.ENSDARP00000073910	344	12
1496729	7955.ENSDARP00000102914	1953	181
1483146	7955.ENSDARP00000018820	16.8	2
1488590	7955.ENSDARP00000066897	1763	37
1482928	7955.ENSDARP00000016831	136	9
1488098	7955.ENSDARP00000063848	171	105
1499217	7955.ENSDARP00000107651	58.3	6
1485804	7955.ENSDARP00000048827	169	146
1485089	7955.ENSDARP00000041113	682	17
1485483	7955.ENSDARP00000045298	60.8	3
1487874	7955.ENSDARP00000062670	467	219
1484947	7955.ENSDARP00000039450	53.7	5
1493670	7955.ENSDARP00000094289	136	11
1492903	7955.ENSDARP00000091027	287	15
1482076	7955.ENSDARP00000009052	38.6	3
1502498	7955.ENSDARP00000113756	211	39
1485882	7955.ENSDARP00000049650	9.55	1
1484110	7955.ENSDARP00000028148	83.8	44
1489089	7955.ENSDARP00000069275	0.995	1
1498799	7955.ENSDARP00000106906	37.1	1
1494222	7955.ENSDARP00000096581	811	169
1493534	7955.ENSDARP00000093787	354	104
1495577	7955.ENSDARP00000100182	6.73	3
1495598	7955.ENSDARP00000100229	4.89	2
1489323	7955.ENSDARP00000070509	217	9
1485147	7955.ENSDARP00000041699	710	30
1504751	7955.ENSDARP00000119600	617	39
1491291	7955.ENSDARP00000081505	832	95
1496664	7955.ENSDARP00000102758	3.57	1
1494304	7955.ENSDARP00000096898	125	44
1499000	7955.ENSDARP00000107272	479	31
1489201	7955.ENSDARP00000069948	1227	95
1483487	7955.ENSDARP00000022320	225	10
1486805	7955.ENSDARP00000056131	98.5	2
1497364	7955.ENSDARP00000104359	28.9	5
1483768	7955.ENSDARP00000024752	478	84
1495964	7955.ENSDARP00000101076	316	61
1483198	7955.ENSDARP00000019373	0.517	1
1494607	7955.ENSDARP00000097937	46.5	3
1486344	7955.ENSDARP00000053239	16.1	3
1486762	7955.ENSDARP00000055858	8.3	1
1490345	7955.ENSDARP00000075639	360	113
1502589	7955.ENSDARP00000113988	1383	1295
1483996	7955.ENSDARP00000026992	11.5	3
1502134	7955.ENSDARP00000112824	1192	24
1487736	7955.ENSDARP00000061761	5.89	2
1483690	7955.ENSDARP00000024082	6.17	1
1490752	7955.ENSDARP00000077643	11.5	1
1501691	7955.ENSDARP00000111930	541	201
1497017	7955.ENSDARP00000103576	354	104
1488085	7955.ENSDARP00000063805	149	24
1499051	7955.ENSDARP00000107363	30.8	3
1491616	7955.ENSDARP00000083835	412	22
1493635	7955.ENSDARP00000094162	15.3	3
1491093	7955.ENSDARP00000080077	87.0	11
1505560	7955.ENSDARP00000121692	47.4	7
1482328	7955.ENSDARP00000011271	442	41
1481758	7955.ENSDARP00000005968	257	19
1483655	7955.ENSDARP00000023774	158	10
1499314	7955.ENSDARP00000107807	183	15
1506488	7955.ENSDARP00000124162	453	102
1484592	7955.ENSDARP00000034904	74.2	5
1505358	7955.ENSDARP00000121177	71.9	6
1501625	7955.ENSDARP00000111811	2316	66
1506520	7955.ENSDARP00000124266	137	33
1493535	7955.ENSDARP00000093790	792	24
1486929	7955.ENSDARP00000056884	186	39
1501072	7955.ENSDARP00000110869	354	104
1490642	7955.ENSDARP00000076844	19.1	2
1483746	7955.ENSDARP00000024612	7.58	4
1485256	7955.ENSDARP00000042866	0.876	1
1488083	7955.ENSDARP00000063799	3197	154
1481770	7955.ENSDARP00000006085	158	9
1482563	7955.ENSDARP00000013244	52.9	11
1499220	7955.ENSDARP00000107656	11.2	1
1493174	7955.ENSDARP00000092224	10.2	14
1493314	7955.ENSDARP00000092792	10.7	1
1485026	7955.ENSDARP00000040389	15.8	1
1482171	7955.ENSDARP00000009915	2.77	1
1493269	7955.ENSDARP00000092585	142	70
1486737	7955.ENSDARP00000055709	71.9	4
1488232	7955.ENSDARP00000064619	5.47	2
1497520	7955.ENSDARP00000104653	24.6	4
1490081	7955.ENSDARP00000074190	58.1	7
1483537	7955.ENSDARP00000022692	124	7
1506750	7955.ENSDARP00000125036	0.746	1
1505983	7955.ENSDARP00000122750	20091	909
1481451	7955.ENSDARP00000003177	34.2	8
1488082	7955.ENSDARP00000063788	1379	45
1485666	7955.ENSDARP00000047205	12.9	1
1487280	7955.ENSDARP00000058963	2115	59
1494179	7955.ENSDARP00000096443	14.1	2
1506598	7955.ENSDARP00000124511	165	5
1482992	7955.ENSDARP00000017410	119	5
1482470	7955.ENSDARP00000012437	671	86
1481643	7955.ENSDARP00000004932	87.9	3
1500243	7955.ENSDARP00000109442	43.8	6
1489860	7955.ENSDARP00000073256	6.01	1
1487533	7955.ENSDARP00000060443	134	1
1498551	7955.ENSDARP00000106443	541	201
1481983	7955.ENSDARP00000008048	5.16	1
1487260	7955.ENSDARP00000058875	6.43	1
1504529	7955.ENSDARP00000118986	293	76
1487576	7955.ENSDARP00000060713	49.6	5
1505411	7955.ENSDARP00000121323	383	39
1502115	7955.ENSDARP00000112770	5.9	1
1488715	7955.ENSDARP00000067488	109	2
1504003	7955.ENSDARP00000117676	30.2	5
1506310	7955.ENSDARP00000123619	354	104
1487864	7955.ENSDARP00000062617	213	19
1503780	7955.ENSDARP00000117083	7.62	1
1487446	7955.ENSDARP00000059977	16.6	1
1493881	7955.ENSDARP00000095187	3283	173
1490510	7955.ENSDARP00000076305	5.68	2
1499769	7955.ENSDARP00000108591	548	65
1488275	7955.ENSDARP00000064900	24.2	5
1499840	7955.ENSDARP00000108724	159	71
1485575	7955.ENSDARP00000046259	17.7	2
1488637	7955.ENSDARP00000067077	7.43	1
1486747	7955.ENSDARP00000055756	0.459	1
1488389	7955.ENSDARP00000065566	22.1	2
1506156	7955.ENSDARP00000123222	12.6	1
1491237	7955.ENSDARP00000081148	4.87	1
1484668	7955.ENSDARP00000036006	312	50
1482170	7955.ENSDARP00000009909	402	35
1498635	7955.ENSDARP00000106591	42.8	7
1492093	7955.ENSDARP00000087338	23.9	5
1501358	7955.ENSDARP00000111333	929	430
1486009	7955.ENSDARP00000051080	188	48
1484014	7955.ENSDARP00000027118	1056	98
1493877	7955.ENSDARP00000095167	101	1
1492908	7955.ENSDARP00000091054	118	24
1487644	7955.ENSDARP00000061148	944	353
1501039	7955.ENSDARP00000110807	35.1	11
1492636	7955.ENSDARP00000089879	295	119
1498770	7955.ENSDARP00000106853	21.8	5
1492825	7955.ENSDARP00000090664	347	5
1483896	7955.ENSDARP00000026046	76.6	2
1487901	7955.ENSDARP00000062792	27.3	20
1507113	7955.ENSDARP00000125774	5.47	6
1499964	7955.ENSDARP00000108963	31.0	3
1494007	7955.ENSDARP00000095652	42.2	33
1493169	7955.ENSDARP00000092188	341	20
1485340	7955.ENSDARP00000043742	266	77
1493092	7955.ENSDARP00000091899	1912	41
1481317	7955.ENSDARP00000001565	168	9
1481345	7955.ENSDARP00000002223	18.9	1
1505351	7955.ENSDARP00000121163	47.8	5
1484775	7955.ENSDARP00000037410	66.9	14
1486113	7955.ENSDARP00000051803	169	5
1495305	7955.ENSDARP00000099532	0.224	1
1487551	7955.ENSDARP00000060549	91.4	2
1501580	7955.ENSDARP00000111742	733	112
1492889	7955.ENSDARP00000090963	196	35
1484877	7955.ENSDARP00000038658	636	14
1487403	7955.ENSDARP00000059695	2647	287
1489609	7955.ENSDARP00000072235	4601	222
1498324	7955.ENSDARP00000106065	21.3	1
1490788	7955.ENSDARP00000077832	541	201
1506581	7955.ENSDARP00000124448	111	9
1488840	7955.ENSDARP00000068070	18.9	3
1499107	7955.ENSDARP00000107465	0.691	1
1481621	7955.ENSDARP00000004708	500	26
1497372	7955.ENSDARP00000104379	541	201
1482761	7955.ENSDARP00000015293	274	45
1494167	7955.ENSDARP00000096410	45.2	12
1484553	7955.ENSDARP00000034327	109	4
1488645	7955.ENSDARP00000067116	17.2	1
1485505	7955.ENSDARP00000045564	37.6	2
1490596	7955.ENSDARP00000076637	151	29
1483031	7955.ENSDARP00000017693	179	35
1501688	7955.ENSDARP00000111926	3.32	2
1492119	7955.ENSDARP00000087462	2200	32
1492364	7955.ENSDARP00000088594	344	21
1486430	7955.ENSDARP00000053796	105	13
1483944	7955.ENSDARP00000026495	97.7	4
1504602	7955.ENSDARP00000119184	10.6	10
1490487	7955.ENSDARP00000076212	43.1	9
1484521	7955.ENSDARP00000033907	229	22
1484307	7955.ENSDARP00000031098	594	15
1484205	7955.ENSDARP00000029607	457	67
1485401	7955.ENSDARP00000044385	35.9	4
1484345	7955.ENSDARP00000031690	342	11
1482387	7955.ENSDARP00000011778	90.1	3
1501020	7955.ENSDARP00000110777	143	5
1483825	7955.ENSDARP00000025377	633	52
1492701	7955.ENSDARP00000090165	29.2	1
1481806	7955.ENSDARP00000006420	500	7
1493701	7955.ENSDARP00000094413	144	25
1487144	7955.ENSDARP00000058259	56.6	4
1492882	7955.ENSDARP00000090943	1133	44
1485836	7955.ENSDARP00000049166	138	5
1488119	7955.ENSDARP00000064011	359	19
1498662	7955.ENSDARP00000106639	5.59	2
1483706	7955.ENSDARP00000024210	118	108
1489054	7955.ENSDARP00000069096	265	10
1483891	7955.ENSDARP00000025940	2460	163
1501115	7955.ENSDARP00000110935	541	201
1489165	7955.ENSDARP00000069695	128	194
1493253	7955.ENSDARP00000092510	54.1	13
1489685	7955.ENSDARP00000072498	0.749	4
1492307	7955.ENSDARP00000088354	2175	119
1483518	7955.ENSDARP00000022552	1191	22
1482711	7955.ENSDARP00000014852	72.5	3
1483397	7955.ENSDARP00000021453	78.8	9
1482635	7955.ENSDARP00000014003	16.2	2
1496586	7955.ENSDARP00000102559	206	8
1497876	7955.ENSDARP00000105290	354	104
1488274	7955.ENSDARP00000064895	6549	471
1488142	7955.ENSDARP00000064110	101	2
1493543	7955.ENSDARP00000093817	423	78
1487629	7955.ENSDARP00000061057	144	89
1493481	7955.ENSDARP00000093555	149	21
1482581	7955.ENSDARP00000013402	106	10
1486019	7955.ENSDARP00000051183	65.9	10
1485434	7955.ENSDARP00000044836	7.11	4
1493042	7955.ENSDARP00000091705	10.6	1
1483852	7955.ENSDARP00000025616	2041	27
1485693	7955.ENSDARP00000047527	25.3	12
1505111	7955.ENSDARP00000120492	14.4	3
1491678	7955.ENSDARP00000084277	1192	24
1487818	7955.ENSDARP00000062369	347	247
1492883	7955.ENSDARP00000090944	18.1	9
1483734	7955.ENSDARP00000024433	299	20
1485525	7955.ENSDARP00000045696	526	13
1487008	7955.ENSDARP00000057420	0.927	1
1506643	7955.ENSDARP00000124670	72.5	4
1483171	7955.ENSDARP00000019087	1.32	1
1500487	7955.ENSDARP00000109871	32.3	2
1484285	7955.ENSDARP00000030813	6.21	2
1503096	7955.ENSDARP00000115337	38.6	5
1489226	7955.ENSDARP00000070021	33677	670
1497305	7955.ENSDARP00000104227	2.92	1
1499549	7955.ENSDARP00000108226	96.5	8
1503181	7955.ENSDARP00000115538	430	13
1488544	7955.ENSDARP00000066619	71.6	15
1489223	7955.ENSDARP00000070011	152	3
1498155	7955.ENSDARP00000105768	197	21
1494243	7955.ENSDARP00000096674	756	177
1489575	7955.ENSDARP00000072059	54.7	6
1488194	7955.ENSDARP00000064399	196	17
1481298	7955.ENSDARP00000000979	146	10
1500631	7955.ENSDARP00000110121	715	119
1484501	7955.ENSDARP00000033622	370	38
1488358	7955.ENSDARP00000065396	33.3	1
1496313	7955.ENSDARP00000101928	1.37	1
1488102	7955.ENSDARP00000063876	150	9
1483243	7955.ENSDARP00000019829	376	66
1500185	7955.ENSDARP00000109333	168	19
1505999	7955.ENSDARP00000122796	226	21
1498258	7955.ENSDARP00000105955	142	20
1493233	7955.ENSDARP00000092445	3.04	1
1499527	7955.ENSDARP00000108190	226	15
1494190	7955.ENSDARP00000096468	32.9	1
1505371	7955.ENSDARP00000121211	17.0	1
1496011	7955.ENSDARP00000101178	226	21
1498924	7955.ENSDARP00000107144	178	6
1505531	7955.ENSDARP00000121623	11.5	1
1502356	7955.ENSDARP00000113373	10.7	10
1499374	7955.ENSDARP00000107913	486	63
1493745	7955.ENSDARP00000094622	102	7
1485961	7955.ENSDARP00000050602	218	8
1483311	7955.ENSDARP00000020485	91.9	9
1490243	7955.ENSDARP00000075137	32.9	1
1501887	7955.ENSDARP00000112265	91.0	14
1486100	7955.ENSDARP00000051749	335	20
1499736	7955.ENSDARP00000108536	0.554	5
1484925	7955.ENSDARP00000039143	433	11
1490753	7955.ENSDARP00000077647	36.4	8
1484404	7955.ENSDARP00000032453	1819	42
1500196	7955.ENSDARP00000109355	541	201
1502234	7955.ENSDARP00000113050	12.0	11
1487492	7955.ENSDARP00000060204	61.5	5
1502892	7955.ENSDARP00000114785	2.19	1
1506088	7955.ENSDARP00000123023	301	86
1484647	7955.ENSDARP00000035665	2.5	1
1493538	7955.ENSDARP00000093801	221	163
1501868	7955.ENSDARP00000112233	697	53
1482900	7955.ENSDARP00000016602	175	7
1488444	7955.ENSDARP00000065940	930	45
1494528	7955.ENSDARP00000097735	358	6
1488921	7955.ENSDARP00000068470	5.34	1
1483362	7955.ENSDARP00000021016	735	297
1501443	7955.ENSDARP00000111493	342	163
1486426	7955.ENSDARP00000053775	501	9
1484037	7955.ENSDARP00000027389	1512	132
1486937	7955.ENSDARP00000056918	72.4	23
1489088	7955.ENSDARP00000069273	575	20
1483013	7955.ENSDARP00000017569	689	56
1497140	7955.ENSDARP00000103854	53.5	37
1493285	7955.ENSDARP00000092672	2682	288
1494712	7955.ENSDARP00000098175	46.4	5
1493196	7955.ENSDARP00000092307	16.8	2
1493173	7955.ENSDARP00000092223	3896	253
1501475	7955.ENSDARP00000111558	38.0	2
1484539	7955.ENSDARP00000034171	194	18
1488483	7955.ENSDARP00000066229	10.2	3
1482469	7955.ENSDARP00000012436	0.773	1
1489601	7955.ENSDARP00000072190	47.2	4
1482264	7955.ENSDARP00000010840	9.29	5
1507133	7955.ENSDARP00000125818	22.3	4
1487701	7955.ENSDARP00000061576	12.0	1
1483517	7955.ENSDARP00000022550	620	60
1489402	7955.ENSDARP00000070966	8.35	13
1494248	7955.ENSDARP00000096695	26.8	1
1506365	7955.ENSDARP00000123766	3.19	1
1495955	7955.ENSDARP00000101055	66.8	6
1489901	7955.ENSDARP00000073439	1447	100
1496646	7955.ENSDARP00000102718	9.67	3
1488508	7955.ENSDARP00000066383	68.1	14
1494315	7955.ENSDARP00000096950	12.9	1
1481745	7955.ENSDARP00000005843	2826	100
1492735	7955.ENSDARP00000090306	11.9	61
1497617	7955.ENSDARP00000104823	409	48
1487688	7955.ENSDARP00000061480	167	5
1497510	7955.ENSDARP00000104630	354	104
1485447	7955.ENSDARP00000045014	97.5	14
1486149	7955.ENSDARP00000052090	118	14
1482828	7955.ENSDARP00000015917	2436	259
1483113	7955.ENSDARP00000018463	313	9
1493291	7955.ENSDARP00000092691	6.25	2
1488503	7955.ENSDARP00000066372	2028	99
1485639	7955.ENSDARP00000046982	131	6
1481744	7955.ENSDARP00000005837	2740	17
1487203	7955.ENSDARP00000058554	21.3	2
1501483	7955.ENSDARP00000111579	142	70
1492120	7955.ENSDARP00000087463	28.2	1
1481809	7955.ENSDARP00000006445	392	15
1497829	7955.ENSDARP00000105206	89.1	1
1489473	7955.ENSDARP00000071510	179	11
1499879	7955.ENSDARP00000108805	1196	40
1485394	7955.ENSDARP00000044313	13.4	3
1497774	7955.ENSDARP00000105094	1401	475
1491823	7955.ENSDARP00000085340	1.01	1
1488817	7955.ENSDARP00000067945	354	104
1488928	7955.ENSDARP00000068525	173	6
1496579	7955.ENSDARP00000102543	278	50
1481569	7955.ENSDARP00000004139	282	33
1500971	7955.ENSDARP00000110694	191	31
1499775	7955.ENSDARP00000108601	452	29
1492188	7955.ENSDARP00000087872	2670	32
1504346	7955.ENSDARP00000118532	91.2	6
1492442	7955.ENSDARP00000089001	187	8
1494543	7955.ENSDARP00000097770	19.0	6
1481674	7955.ENSDARP00000005224	66.3	50
1483949	7955.ENSDARP00000026546	70.8	7
1486958	7955.ENSDARP00000057089	1524	49
1483174	7955.ENSDARP00000019098	19.6	4
1485130	7955.ENSDARP00000041514	34.9	2
1506516	7955.ENSDARP00000124254	209	12
1496859	7955.ENSDARP00000103208	297	163
1500756	7955.ENSDARP00000110339	1613	99
1486042	7955.ENSDARP00000051361	408	829
1484302	7955.ENSDARP00000031014	63.3	2
1489562	7955.ENSDARP00000071963	860	61
1492487	7955.ENSDARP00000089179	776	30
1488200	7955.ENSDARP00000064461	4.24	1
1483969	7955.ENSDARP00000026766	30.7	1
1504477	7955.ENSDARP00000118861	150	18
1491777	7955.ENSDARP00000085044	56.1	4
1492816	7955.ENSDARP00000090632	354	104
1494515	7955.ENSDARP00000097708	91.3	16
1489208	7955.ENSDARP00000069977	1133	24
1485900	7955.ENSDARP00000049899	310	9
1483051	7955.ENSDARP00000017853	812	31
1484402	7955.ENSDARP00000032422	74.1	4
1501515	7955.ENSDARP00000111628	33.9	5
1481632	7955.ENSDARP00000004830	828	40
1490230	7955.ENSDARP00000075074	121	3
1496656	7955.ENSDARP00000102749	354	104
1487194	7955.ENSDARP00000058502	115	4
1501647	7955.ENSDARP00000111851	792	24
1494836	7955.ENSDARP00000098468	0.773	2
1489664	7955.ENSDARP00000072424	22.7	7
1483886	7955.ENSDARP00000025885	137	51
1481548	7955.ENSDARP00000003894	47.3	2
1506295	7955.ENSDARP00000123565	1.19	2
1498658	7955.ENSDARP00000106634	541	201
1499063	7955.ENSDARP00000107383	37.0	4
1501382	7955.ENSDARP00000111380	347	31
1499665	7955.ENSDARP00000108417	354	104
1487674	7955.ENSDARP00000061365	6.21	1
1506615	7955.ENSDARP00000124587	71.0	9
1489359	7955.ENSDARP00000070677	227	3
1497226	7955.ENSDARP00000104060	0.324	1
1507218	7955.ENSDARP00000126028	660	8
1496601	7955.ENSDARP00000102600	236	5
1505422	7955.ENSDARP00000121339	67.7	3
1500046	7955.ENSDARP00000109098	36.6	6
1487281	7955.ENSDARP00000058964	69.4	3
1488443	7955.ENSDARP00000065939	1187	53
1499697	7955.ENSDARP00000108469	31.9	6
1491327	7955.ENSDARP00000081684	0.721	3
1490431	7955.ENSDARP00000075994	60.2	18
1488357	7955.ENSDARP00000065391	16.8	2
1482034	7955.ENSDARP00000008513	137	29
1486512	7955.ENSDARP00000054339	2017	35
1497378	7955.ENSDARP00000104399	354	104
1486181	7955.ENSDARP00000052330	1163	15
1484819	7955.ENSDARP00000037871	1061	146
1505468	7955.ENSDARP00000121459	342	163
1497128	7955.ENSDARP00000103819	354	104
1496409	7955.ENSDARP00000102162	550	6
1496518	7955.ENSDARP00000102398	145	21
1498768	7955.ENSDARP00000106848	2986	749
1486150	7955.ENSDARP00000052096	699	25
1485861	7955.ENSDARP00000049419	24.2	3
1487761	7955.ENSDARP00000061957	4269	69
1482966	7955.ENSDARP00000017189	1485	135
1493714	7955.ENSDARP00000094479	14.2	2
1502820	7955.ENSDARP00000114578	421	2
1498675	7955.ENSDARP00000106669	342	163
1482905	7955.ENSDARP00000016639	459	7
1482810	7955.ENSDARP00000015781	208	11
1506938	7955.ENSDARP00000125399	1.68	1
1506553	7955.ENSDARP00000124366	5.14	12
1505483	7955.ENSDARP00000121492	26.5	12
1492225	7955.ENSDARP00000088020	22.2	5
1505184	7955.ENSDARP00000120695	5.08	2
1488801	7955.ENSDARP00000067893	354	104
1494028	7955.ENSDARP00000095754	72.4	7
1485604	7955.ENSDARP00000046625	13.9	2
1482110	7955.ENSDARP00000009320	602	351
1492505	7955.ENSDARP00000089263	22.0	15
1488058	7955.ENSDARP00000063661	4580	221
1503905	7955.ENSDARP00000117422	111	2
1485110	7955.ENSDARP00000041348	1631	54
1495168	7955.ENSDARP00000099212	4.55	4
1502232	7955.ENSDARP00000113048	67.4	5
1495944	7955.ENSDARP00000101037	1812	152
1486698	7955.ENSDARP00000055503	579	24
1501506	7955.ENSDARP00000111618	0.144	2
1481792	7955.ENSDARP00000006315	14.1	2
1495388	7955.ENSDARP00000099721	2.67	1
1483616	7955.ENSDARP00000023507	109	2
1501517	7955.ENSDARP00000111631	6.21	1
1484566	7955.ENSDARP00000034555	994	21
1483323	7955.ENSDARP00000020595	3066	35
1492907	7955.ENSDARP00000091049	41.6	1
1497990	7955.ENSDARP00000105496	541	201
1486276	7955.ENSDARP00000052837	347	247
1483252	7955.ENSDARP00000019915	39.3	4
1487623	7955.ENSDARP00000061000	978	57
1484207	7955.ENSDARP00000029635	149	23
1485557	7955.ENSDARP00000046049	309	9
1483445	7955.ENSDARP00000021993	18.3	1
1486261	7955.ENSDARP00000052729	2636	48
1484574	7955.ENSDARP00000034733	23.4	4
1503105	7955.ENSDARP00000115363	84.8	9
1502114	7955.ENSDARP00000112765	129	3
1496158	7955.ENSDARP00000101541	30822	727
1493262	7955.ENSDARP00000092565	20.2	2
1484241	7955.ENSDARP00000030050	53.9	37
1507219	7955.ENSDARP00000126029	264	28
1484142	7955.ENSDARP00000028689	1064	92
1484020	7955.ENSDARP00000027159	139	7
1483635	7955.ENSDARP00000023640	85.9	5
1489476	7955.ENSDARP00000071527	729	33
1484755	7955.ENSDARP00000037150	34.0	1
1492723	7955.ENSDARP00000090249	3.69	1
1481941	7955.ENSDARP00000007676	124	9
1506504	7955.ENSDARP00000124217	581	29
1483722	7955.ENSDARP00000024338	77.3	6
1490943	7955.ENSDARP00000078994	11.7	1
1485427	7955.ENSDARP00000044689	12.9	1
1488820	7955.ENSDARP00000067953	1550	59
1485646	7955.ENSDARP00000047038	57.6	10
1484089	7955.ENSDARP00000027947	3483	275
1483743	7955.ENSDARP00000024560	824	78
1491294	7955.ENSDARP00000081527	14.6	4
1489044	7955.ENSDARP00000069063	82.1	17
1481864	7955.ENSDARP00000006973	41.2	4
1505438	7955.ENSDARP00000121373	22503	662
1487803	7955.ENSDARP00000062277	268	10
1504847	7955.ENSDARP00000119857	64.4	5
1486026	7955.ENSDARP00000051230	176	26
1500344	7955.ENSDARP00000109625	913	324
1489894	7955.ENSDARP00000073415	12.2	61
1483090	7955.ENSDARP00000018158	53.8	4
1487042	7955.ENSDARP00000057598	79.4	2
1502475	7955.ENSDARP00000113682	72.1	3
1489565	7955.ENSDARP00000072006	1150	445
1504178	7955.ENSDARP00000118091	750	152
1483412	7955.ENSDARP00000021652	267	23
1490387	7955.ENSDARP00000075802	413	13
1505383	7955.ENSDARP00000121255	94.2	3
1499605	7955.ENSDARP00000108316	78.1	10
1500424	7955.ENSDARP00000109758	1.8	1
1487783	7955.ENSDARP00000062145	22.3	4
1486114	7955.ENSDARP00000051806	40.6	1
1488156	7955.ENSDARP00000064171	25.7	6
1485824	7955.ENSDARP00000049002	438	75
1489838	7955.ENSDARP00000073113	20.9	6
1487285	7955.ENSDARP00000058970	278	6
1490066	7955.ENSDARP00000074146	25.0	12
1493706	7955.ENSDARP00000094422	23.5	6
1483326	7955.ENSDARP00000020656	560	21
1490608	7955.ENSDARP00000076726	32.7	1
1486619	7955.ENSDARP00000055061	180	14
1501464	7955.ENSDARP00000111526	541	201
