#id: 133
#name: M.tuberculosis - Whole organism, Pepxml, SC (Cortes,Cell_Rep,2013)
#score: 4.36
#weight: 90%
#description: abundance based on Spectral counting, pepxml, from<a href="http://www.ncbi.nlm.nih.gov/pubmed/24268774" target="_blank">Cortes,Cell_Rep,2013</a><br/><b>Interaction consistency score</b>: 4.36&nbsp<b>Coverage</b>: 36
#organ: WHOLE_ORGANISM
#integrated: false
#coverage: 36
#publication_year: 2013
#filename: 83332-My_PXD000483_Cortes_2013.txt
#
#internal_id	string_external_id	abundance	raw_spectral_count
3010269	83332.Rv0341	1727	6
3012151	83332.Rv2194	422	4
3011727	83332.Rv1771	554	16
3012310	83332.Rv2346c	146	4
3013505	83332.Rv3522	102	2
3010206	83332.Rv0278c	8041	4
3011876	83332.Rv1920	1110	6
3013928	83332.Rv4014	2442	6
3010311	83332.Rv0383c	612	12
3010958	83332.Rv1017c	2526	36
3010014	83332.Rv0088	1343	16
3010615	83332.Rv0678	732	8
3013729	83332.Rv3742c	664	2
3013008	83332.Rv3033	242	2
3012108	83332.Rv2152c	79.7	2
3012851	83332.Rv2881c	500	4
3011811	83332.Rv1856c	676	12
3010068	83332.Rv0142	77.7	2
3011415	83332.Rv1467c	38.4	2
3011464	83332.Rv1511	993	18
3010338	83332.Rv0410c	246	10
3009966	83332.Rv0041	258	12
3011748	83332.Rv1793	488	6
3011384	83332.Rv1436	770	14
3012710	83332.Rv2740	233	2
3011143	83332.Rv1197	326	6
3010949	83332.Rv1008	85.1	4
3011042	83332.Rv1098c	1343	30
3012627	83332.Rv2658c	183	2
3012419	83332.Rv2453c	1055	10
3012788	83332.Rv2818c	51.5	2
3011767	83332.Rv1812c	113	2
3012554	83332.Rv2587c	84.2	2
3011009	83332.Rv1067c	761	2
3013481	83332.Rv3498c	185	2
3011105	83332.Rv1159A	1876	8
3011579	83332.Rv1626	675	8
3012568	83332.Rv2601	307	4
3010406	83332.Rv0476	360	2
3012494	83332.Rv2528c	140	2
3012598	83332.Rv2629	82.4	2
3013372	83332.Rv3390	1482	20
3012358	83332.Rv2394	350	8
3013868	83332.Rv3879c	59.8	2
3010725	83332.Rv0785	320	4
3010959	83332.Rv1018c	69.7	2
3013158	83332.Rv3184	77.3	4
3012454	83332.Rv2488c	36.9	2
3012018	83332.Rv2061c	997	8
3011827	83332.Rv1872c	2553	52
3010644	83332.Rv0707	1424	20
3013895	83332.Rv3906c	211	2
3013225	83332.Rv3244c	59.1	2
3012977	83332.Rv3003c	202	6
3012125	83332.Rv2168c	77.3	4
3013668	83332.Rv3683	208	2
3013082	83332.Rv3107c	186	2
3010051	83332.Rv0125	2927	8
3010770	83332.Rv0829	52.9	2
3010492	83332.Rv0559c	672	4
3012079	83332.Rv2123	310	2
3013080	83332.Rv3105c	567	12
3011329	83332.Rv1381	283	4
3010591	83332.Rv0654	53.7	2
3010270	83332.Rv0342	141	4
3010057	83332.Rv0131c	371	6
3010646	83332.Rv0709	1815	8
3010219	83332.Rv0291	461	4
3010638	83332.Rv0701	1708	18
3011810	83332.Rv1855c	1106	14
3013880	83332.Rv3891c	826	4
3012407	83332.Rv2441c	1626	8
3010868	83332.Rv0927c	682	6
3013050	83332.Rv3075c	1025	18
3010873	83332.Rv0932c	669	6
3013805	83332.Rv3816c	548	4
3012765	83332.Rv2795c	156	2
3010116	83332.Rv0190	526	2
3013442	83332.Rv3459c	764	2
3012150	83332.Rv2193	409	2
3012420	83332.Rv2454c	823	14
3011523	83332.Rv1570	253	2
3009938	83332.Rv0013	264	2
3009980	83332.Rv0055	1852	6
3011653	83332.Rv1699	130	4
3011511	83332.Rv1558	917	10
3011253	83332.Rv1306	1123	6
3012431	83332.Rv2465c	615	6
3011207	83332.Rv1261c	1793	14
3013617	83332.Rv3633	107	2
3011552	83332.Rv1599	402	4
3013742	83332.Rv3755c	262	4
3011775	83332.Rv1820	175	4
3010728	83332.Rv0787A	429	2
3010631	83332.Rv0694	244	2
3011718	83332.Rv1763	77.3	4
3011443	83332.Rv1493	32.3	2
3010171	83332.Rv0243	1876	30
3013526	83332.Rv3543c	95.5	2
3013473	83332.Rv3490	366	8
3010134	83332.Rv0207c	280	2
3009961	83332.Rv0036c	1383	12
3012338	83332.Rv2374c	74.5	2
3012278	83332.Rv2315c	63.2	2
3011497	83332.Rv1544	909	14
3009978	83332.Rv0053	693	4
3013567	83332.Rv3583c	1400	10
3011067	83332.Rv1122	540	8
3013208	83332.Rv3227	123	4
3011687	83332.Rv1732c	2471	10
3011753	83332.Rv1798	149	6
3010457	83332.Rv0524	504	10
3012415	83332.Rv2449c	442	14
3011239	83332.Rv1292	247	8
3011043	83332.Rv1099c	1339	20
3010659	83332.Rv0722	660	2
3013572	83332.Rv3588c	738	6
3011178	83332.Rv1232c	145	2
3010510	83332.Rv0577	1087	8
3009930	83332.Rv0005	928	28
3012055	83332.Rv2097c	400	8
3010193	83332.Rv0265c	200	2
3010158	83332.Rv0231	577	18
3012249	83332.Rv2291	251	2
3013065	83332.Rv3090	420	6
3012917	83332.Rv2945c	930	10
3010428	83332.Rv0497	102	2
3013792	83332.Rv3803c	1134	10
3010508	83332.Rv0575c	330	2
3013020	83332.Rv3045	1998	30
3010925	83332.Rv0984	896	8
3010129	83332.Rv0202c	128	4
3012953	83332.Rv2980	107	2
3013643	83332.Rv3659c	251	2
3009939	83332.Rv0014c	72.7	4
3013443	83332.Rv3460c	1957	10
3012879	83332.Rv2909c	2494	14
3011344	83332.Rv1396c	722	2
3011650	83332.Rv1696	108	2
3010621	83332.Rv0684	1361	42
3013013	83332.Rv3038c	586	10
3013406	83332.Rv3423c	364	4
3010881	83332.Rv0940c	213	2
3010507	83332.Rv0574c	144	2
3013266	83332.Rv3285	2234	58
3011376	83332.Rv1428c	171	2
3011633	83332.Rv1679	232	4
3012464	83332.Rv2498c	459	4
3010072	83332.Rv0146	401	6
3012167	83332.Rv2210c	635	12
3011888	83332.Rv1932	784	6
3012502	83332.Rv2535c	616	10
3010284	83332.Rv0356c	356	2
3011583	83332.Rv1630	1548	38
3012344	83332.Rv2380c	45.6	4
3012648	83332.Rv2679	163	2
3012761	83332.Rv2791c	14.5	2
3013635	83332.Rv3651	302	4
3011132	83332.Rv1186c	38.9	2
3011865	83332.Rv1909c	410	2
3010872	83332.Rv0931c	839	26
3011637	83332.Rv1683	212	8
3013300	83332.Rv3318	475	8
3012421	83332.Rv2455c	197	6
3012901	83332.Rv2930	114	2
3012838	83332.Rv2868c	1392	28
3012853	83332.Rv2883c	180	2
3010361	83332.Rv0433	606	10
3011396	83332.Rv1448c	2277	44
3013598	83332.Rv3614c	247	2
3010699	83332.Rv0759c	485	2
3013687	83332.Rv3702c	409	2
3011780	83332.Rv1825	472	4
3010548	83332.Rv0613c	649	22
3011842	83332.Rv1887	108	2
3010481	83332.Rv0548c	925	12
3012855	83332.Rv2885c	15.1	2
3010600	83332.Rv0663	48.7	2
3011248	83332.Rv1301	468	6
3011994	83332.Rv2037c	283	2
3013374	83332.Rv3392c	180	8
3010094	83332.Rv0168	601	2
3013242	83332.Rv3261	415	4
3010668	83332.Rv0730	1183	14
3011474	83332.Rv1521	374	12
3011407	83332.Rv1459c	179	2
3010172	83332.Rv0244c	683	18
3011241	83332.Rv1294	402	8
3010313	83332.Rv0385	74.8	2
3009991	83332.Rv0066c	1483	50
3013564	83332.Rv3580c	204	4
3012592	83332.Rv2623	591	8
3010962	83332.Rv1021	332	4
3012490	83332.Rv2524c	1076	142
3010874	83332.Rv0933	688	6
3010805	83332.Rv0864	301	2
3009969	83332.Rv0044c	2238	22
3011881	83332.Rv1925	1258	42
3013111	83332.Rv3137	305	6
3010044	83332.Rv0118c	218	4
3010412	83332.Rv0482	62.8	2
3011049	83332.Rv1105	219	2
3012503	83332.Rv2536	150	2
3011038	83332.Rv1094	1015	16
3011608	83332.Rv1654	278	2
3010023	83332.Rv0097	209	2
3012387	83332.Rv2422	449	2
3011251	83332.Rv1304	318	2
3011924	83332.Rv1968	231	2
3013750	83332.Rv3763	1402	6
3010115	83332.Rv0189c	654	12
3010642	83332.Rv0705	1353	6
3012809	83332.Rv2839c	577	22
3012983	83332.Rv3009c	489	14
3010124	83332.Rv0197	109	2
3011162	83332.Rv1216c	505	2
3012115	83332.Rv2159c	3438	36
3010395	83332.Rv0466	341	6
3011164	83332.Rv1218c	539	10
3012021	83332.Rv2064	81.1	2
3011791	83332.Rv1836c	398	14
3011812	83332.Rv1857	295	4
3010216	83332.Rv0288	1767	2
3010199	83332.Rv0271c	959	30
3010209	83332.Rv0281	629	10
3012400	83332.Rv2435c	29.6	2
3013392	83332.Rv3409c	134	2
3012904	83332.Rv2933	325	28
3013011	83332.Rv3036c	314	2
3011642	83332.Rv1688	230	2
3010102	83332.Rv0176	185	4
3010339	83332.Rv0411c	480	6
3011242	83332.Rv1295	520	8
3010198	83332.Rv0270	1163	30
3013016	83332.Rv3041c	199	2
3011272	83332.Rv1324	907	10
3012989	83332.Rv3015c	391	4
3011582	83332.Rv1629	129	6
3010729	83332.Rv0788	752	8
3010220	83332.Rv0292	301	6
3012687	83332.Rv2718c	223	2
3010033	83332.Rv0107c	13.2	2
3011988	83332.Rv2031c	2705	18
3013283	83332.Rv3302c	315	8
3010937	83332.Rv0996	138	2
3009940	83332.Rv0015c	100	2
3013429	83332.Rv3446c	122	2
3010567	83332.Rv0632c	1215	20
3010497	83332.Rv0564c	313	4
3011940	83332.Rv1984c	451	2
3012118	83332.Rv2161c	254	4
3011557	83332.Rv1604	367	2
3010151	83332.Rv0224c	438	4
3012236	83332.Rv2278	77.3	4
3010948	83332.Rv1007c	212	6
3010648	83332.Rv0711	95.4	2
3010846	83332.Rv0905	807	10
3011273	83332.Rv1325c	1204	2
3012321	83332.Rv2357c	468	14
3011875	83332.Rv1919c	2505	22
3010800	83332.Rv0859	1616	24
3012161	83332.Rv2204c	689	4
3012375	83332.Rv2410c	319	4
3013480	83332.Rv3497c	62.2	2
3011835	83332.Rv1880c	636	12
3013026	83332.Rv3051c	114	4
3011206	83332.Rv1260	267	6
3012557	83332.Rv2590	315	10
3012068	83332.Rv2112c	137	4
3012912	83332.Rv2941	1409	30
3011277	83332.Rv1329c	147	2
3011091	83332.Rv1145	390	4
3012229	83332.Rv2271	743	2
3012430	83332.Rv2464c	130	2
3013865	83332.Rv3876	397	8
3013218	83332.Rv3237c	507	6
3013396	83332.Rv3413c	43.4	2
3013762	83332.Rv3773c	46.3	2
3011397	83332.Rv1449c	1405	36
3012432	83332.Rv2466c	994	8
3013077	83332.Rv3102c	796	8
3012756	83332.Rv2786c	309	2
3012318	83332.Rv2354	77.3	4
3012228	83332.Rv2270	296	2
3012377	83332.Rv2412	806	2
3011107	83332.Rv1161	177	14
3010365	83332.Rv0437c	168	2
3012684	83332.Rv2715	74.6	2
3012663	83332.Rv2694c	472	4
3012204	83332.Rv2247	956	20
3012755	83332.Rv2785c	1756	8
3012007	83332.Rv2050	812	4
3012311	83332.Rv2347c	160	4
3012672	83332.Rv2703	804	12
3013860	83332.Rv3871	325	6
3012910	83332.Rv2939	975	8
3009992	83332.Rv0067c	530	2
3011692	83332.Rv1737c	444	2
3011156	83332.Rv1210	369	2
3011595	83332.Rv1641	932	6
3012180	83332.Rv2222c	741	16
3013120	83332.Rv3146	1117	8
3010419	83332.Rv0489	581	8
3013642	83332.Rv3658c	210	2
3012410	83332.Rv2444c	702	26
3011622	83332.Rv1668c	168	2
3013307	83332.Rv3325	77.3	4
3010580	83332.Rv0643c	1294	20
3010935	83332.Rv0994	134	4
3011221	83332.Rv1275	464	4
3011807	83332.Rv1852	341	2
3013183	83332.Rv3206c	463	8
3010895	83332.Rv0955	99.9	2
3011310	83332.Rv1362c	411	2
3011284	83332.Rv1336	220	2
3010875	83332.Rv0934	3045	30
3012854	83332.Rv2884	94.3	2
3009957	83332.Rv0032	77.7	2
3010851	83332.Rv0910	196	2
3013107	83332.Rv3133c	193	2
3010523	83332.Rv0590	404	4
3012171	83332.Rv2214c	443	8
3012356	83332.Rv2392	206	2
3012844	83332.Rv2874	119	2
3010081	83332.Rv0155	307	8
3013823	83332.Rv3834c	126	2
3013563	83332.Rv3579c	309	2
3010034	83332.Rv0108c	253	2
3012902	83332.Rv2931	90.3	10
3013777	83332.Rv3788	921	4
3011175	83332.Rv1229c	369	8
3013296	83332.Rv3314c	119	2
3010922	83332.Rv0981	571	8
3013422	83332.Rv3439c	265	2
3012899	83332.Rv2928	1534	20
3010127	83332.Rv0200	392	2
3011857	83332.Rv1901	251	4
3012234	83332.Rv2276	93.4	2
3013809	83332.Rv3820c	357	4
3012298	83332.Rv2334	497	8
3010101	83332.Rv0175	158	4
3012852	83332.Rv2882c	2757	26
3013371	83332.Rv3389c	2158	28
3013779	83332.Rv3790	275	6
3009927	83332.Rv0002	1370	24
3013262	83332.Rv3281	1174	8
3011686	83332.Rv1731	545	14
3011496	83332.Rv1543	872	16
3013365	83332.Rv3383c	169	2
3012539	83332.Rv2572c	182	6
3012827	83332.Rv2857c	324	2
3010794	83332.Rv0853c	326	6
3011180	83332.Rv1234	584	4
3012921	83332.Rv2949c	493	4
3013702	83332.Rv3716c	1722	8
3013122	83332.Rv3148	319	8
3013768	83332.Rv3779	169	2
3012456	83332.Rv2490c	226	2
3013797	83332.Rv3808c	123	2
3010444	83332.Rv0511	178	2
3011491	83332.Rv1538c	55.4	2
3010579	83332.Rv0642c	1663	28
3013466	83332.Rv3483c	293	2
3009948	83332.Rv0023	102	2
3011216	83332.Rv1270c	159	4
3013131	83332.Rv3157	176	6
3010258	83332.Rv0330c	107	2
3013017	83332.Rv3042c	203	4
3012453	83332.Rv2487c	1656	4
3012583	83332.Rv2614c	312	6
3012581	83332.Rv2613c	115	2
3011509	83332.Rv1556	339	2
3012763	83332.Rv2793c	172	2
3011123	83332.Rv1177	2431	8
3010624	83332.Rv0687	260	2
3012159	83332.Rv2202c	789	16
3012170	83332.Rv2213	906	26
3012165	83332.Rv2208	488	2
3012168	83332.Rv2211c	1793	12
3012359	83332.Rv2395	178	2
3010656	83332.Rv0719	2257	16
3011101	83332.Rv1156	181	2
3010079	83332.Rv0153c	161	2
3011109	83332.Rv1163	233	2
3012542	83332.Rv2575	237	2
3012572	83332.Rv2604c	145	2
3010438	83332.Rv0505c	442	6
3011412	83332.Rv1464	97.5	2
3012173	83332.Rv2216	599	8
3013511	83332.Rv3528c	1170	18
3013135	83332.Rv3161c	1925	42
3013770	83332.Rv3781	205	2
3011787	83332.Rv1832	207	8
3013204	83332.Rv3224A	732	2
3013775	83332.Rv3786c	188	2
3010897	83332.Rv0957	1134	10
3013439	83332.Rv3456c	1571	12
3013322	83332.Rv3340	300	4
3013808	83332.Rv3819	265	2
3013902	83332.Rv3913	584	10
3012155	83332.Rv2198c	212	2
3013849	83332.Rv3860	83.5	2
3012553	83332.Rv2586c	153	4
3012965	83332.Rv2992c	681	18
3012865	83332.Rv2895c	261	2
3013855	83332.Rv3866	293	2
3013745	83332.Rv3758c	149	2
3010623	83332.Rv0686	968	14
3013384	83332.Rv3401	458	18
3012649	83332.Rv2680	213	4
3010245	83332.Rv0317c	317	4
3013831	83332.Rv3842c	165	2
3009933	83332.Rv0008c	405	2
3012889	83332.Rv2919c	903	4
3013468	83332.Rv3485c	348	4
3010614	83332.Rv0677c	608	6
3011433	83332.Rv1484	853	12
3012531	83332.Rv2564	1094	18
3010436	83332.Rv0503c	712	8
3010581	83332.Rv0644c	869	20
3012641	83332.Rv2672	577	6
3010113	83332.Rv0187	280	4
3013366	83332.Rv3384c	379	2
3013684	83332.Rv3699	1055	10
3012985	83332.Rv3011c	916	12
3013265	83332.Rv3284	324	2
3011348	83332.Rv1400c	521	6
3013910	83332.Rv3921c	281	2
3011870	83332.Rv1914c	276	2
3013143	83332.Rv3169	459	10
3013789	83332.Rv3800c	1710	120
3010363	83332.Rv0435c	29.0	2
3013706	83332.Rv3720	1369	26
3011788	83332.Rv1833c	252	4
3011356	83332.Rv1408	482	2
3012601	83332.Rv2632c	2320	6
3013114	83332.Rv3140	643	12
3013705	83332.Rv3719	392	8
3011991	83332.Rv2034	279	2
3012905	83332.Rv2934	325	20
3011546	83332.Rv1593c	315	4
3010487	83332.Rv0554	74.2	2
3010604	83332.Rv0667	1598	82
3012831	83332.Rv2861c	1152	6
3010605	83332.Rv0668	1664	100
3011090	83332.Rv1144	1376	14
3010285	83332.Rv0357c	524	6
3010509	83332.Rv0576	251	8
3012209	83332.Rv2251	188	4
3012343	83332.Rv2379c	70.7	2
3011331	83332.Rv1383	673	6
3012475	83332.Rv2509	758	10
3011423	83332.Rv1474c	117	2
3011455	83332.Rv1504c	642	2
3010742	83332.Rv0801	185	2
3013592	83332.Rv3608c	394	6
3012893	83332.Rv2922c	42.7	4
3011359	83332.Rv1411c	1781	6
3010106	83332.Rv0180c	622	8
3010626	83332.Rv0689c	310	2
3013875	83332.Rv3886c	45.9	2
3010177	83332.Rv0249c	327	2
3011954	83332.Rv1997	39.3	2
3010837	83332.Rv0896	1584	34
3011643	83332.Rv1689	181	2
3012876	83332.Rv2906c	291	2
3013257	83332.Rv3276c	314	4
3013892	83332.Rv3903c	108	2
3010090	83332.Rv0164	209	2
3010720	83332.Rv0780	114	2
3010351	83332.Rv0423c	187	4
3011482	83332.Rv1529	72.6	4
3010390	83332.Rv0461	162	2
3013021	83332.Rv3046c	778	4
3013000	83332.Rv3025c	282	2
3011012	83332.Rv1070c	999	20
3013751	83332.Rv3764c	155	2
3012163	83332.Rv2206	272	2
3010970	83332.Rv1028c	43.8	2
3011539	83332.Rv1586c	150	2
3011391	83332.Rv1443c	841	6
3013284	83332.Rv3303c	84.4	2
3010098	83332.Rv0172	965	16
3011346	83332.Rv1398c	322	2
3010880	83332.Rv0939	131	2
3013780	83332.Rv3791	414	6
3010701	83332.Rv0761c	1012	16
3011053	83332.Rv1109c	489	4
3012962	83332.Rv2989	331	2
3013630	83332.Rv3646c	44.1	2
3010998	83332.Rv1056	267	2
3013517	83332.Rv3534c	454	4
3012260	83332.Rv2302	1781	4
3011402	83332.Rv1454c	478	10
3010340	83332.Rv0412c	135	4
3012098	83332.Rv2142c	317	2
3010964	83332.Rv1023	1169	16
3010333	83332.Rv0405	141	6
3013843	83332.Rv3854c	650	22
3012584	83332.Rv2615c	1316	2
3010391	83332.Rv0462	711	20
3012196	83332.Rv2239c	829	2
3010083	83332.Rv0157	711	8
3010279	83332.Rv0351	1037	10
3012923	83332.Rv2951c	539	12
3013019	83332.Rv3044	442	4
3010096	83332.Rv0170	629	14
3012644	83332.Rv2675c	337	2
3010480	83332.Rv0547c	280	6
3010732	83332.Rv0791c	115	4
3013903	83332.Rv3914	681	4
3013604	83332.Rv3620c	160	4
3010169	83332.Rv0241c	597	6
3012327	83332.Rv2363	86.7	2
3012022	83332.Rv2065	301	2
3011564	83332.Rv1611	1078	16
3011256	83332.Rv1309	2139	28
3010535	83332.Rv0601c	258	2
3013202	83332.Rv3223c	977	10
3010831	83332.Rv0890c	45.6	2
3012443	83332.Rv2477c	852	20
3012941	83332.Rv2969c	1933	28
3010980	83332.Rv1038c	326	6
3011830	83332.Rv1875	550	4
3013594	83332.Rv3610c	166	6
3011547	83332.Rv1594	595	10
3011878	83332.Rv1922	204	2
3013261	83332.Rv3280	1959	44
3012579	83332.Rv2611c	87.1	2
3012719	83332.Rv2749	1309	6
3010869	83332.Rv0928	665	6
3013271	83332.Rv3290c	173	2
3012530	83332.Rv2563	165	2
3012139	83332.Rv2182c	288	4
3012913	83332.Rv2942	39.4	2
3011000	83332.Rv1058	94.4	2
3013055	83332.Rv3080c	48.7	2
3012535	83332.Rv2568c	178	2
3012645	83332.Rv2676c	397	4
3013425	83332.Rv3442c	1154	6
3011035	83332.Rv1091	1432	6
3013896	83332.Rv3907c	283	6
3010465	83332.Rv0532	1011	6
3011416	83332.Rv1468c	1610	2
3011232	83332.Rv1286	36.6	2
3013697	83332.Rv3711c	68.6	2
3010317	83332.Rv0389	298	4
3012595	83332.Rv2626c	469	4
3013463	83332.Rv3480c	84.1	2
3010655	83332.Rv0718	937	4
3012113	83332.Rv2157c	540	8
3012087	83332.Rv2131c	530	8
3012562	83332.Rv2595	584	2
3012286	83332.Rv2323c	399	2
3011562	83332.Rv1609	313	4
3011013	83332.Rv1071c	611	8
3013292	83332.Rv3311	1136	16
3009931	83332.Rv0006	466	26
3012462	83332.Rv2496c	414	6
3013655	83332.Rv3671c	382	6
3011126	83332.Rv1180	1481	22
3011111	83332.Rv1165	98.9	2
3011589	83332.Rv1636	2008	18
3010639	83332.Rv0702	396	4
3012665	83332.Rv2696c	114	2
3011600	83332.Rv1646	2798	2
3013790	83332.Rv3801c	2269	62
3010125	83332.Rv0198c	326	10
3012961	83332.Rv2988c	107	2
3013577	83332.Rv3593	187	2
3012067	83332.Rv2111c	2017	4
3011191	83332.Rv1245c	175	4
3011287	83332.Rv1339	387	2
3012951	83332.Rv2978c	14.9	2
3012858	83332.Rv2888c	173	4
3011327	83332.Rv1379	680	8
3009976	83332.Rv0051	72.1	2
3012813	83332.Rv2843	121	2
3013066	83332.Rv3091	311	8
3011712	83332.Rv1757c	77.3	4
3013784	83332.Rv3795	114	4
3011022	83332.Rv1080c	1462	10
3011289	83332.Rv1341	161	2
3012282	83332.Rv2319c	201	2
3012892	83332.Rv2922A	366	2
3012426	83332.Rv2460c	583	6
3013899	83332.Rv3910	232	10
3010194	83332.Rv0266c	59.5	4
3010405	83332.Rv0475	699	10
3012441	83332.Rv2475c	227	2
3012202	83332.Rv2245	1639	22
3011882	83332.Rv1926c	592	4
3013003	83332.Rv3028c	2097	26
3010499	83332.Rv0566c	1415	12
3011841	83332.Rv1886c	3020	24
3013160	83332.Rv3186	77.3	4
3010658	83332.Rv0721	2527	18
3010527	83332.Rv0593	55.6	2
3013694	83332.Rv3708c	405	6
3013842	83332.Rv3853	227	2
3012028	83332.Rv2071c	150	2
3011612	83332.Rv1658	822	16
3013877	83332.Rv3888c	501	8
3010409	83332.Rv0479c	836	12
3010432	83332.Rv0500A	980	4
3010393	83332.Rv0464c	664	8
3010356	83332.Rv0428c	124	2
3013581	83332.Rv3597c	3034	10
3010074	83332.Rv0148	1052	16
3011631	83332.Rv1677	695	6
3011448	83332.Rv1498A	447	2
3012293	83332.Rv2330c	621	2
3013491	83332.Rv3508	381	2
3012107	83332.Rv2151c	75.3	2
3012184	83332.Rv2226	632	12
3012470	83332.Rv2504c	766	2
3013608	83332.Rv3624c	279	4
3010046	83332.Rv0120c	753	26
3013669	83332.Rv3684	70.1	2
3013677	83332.Rv3692	804	14
3010319	83332.Rv0391	199	2
3010759	83332.Rv0818	318	4
3011021	83332.Rv1079	748	10
3013424	83332.Rv3441c	149	4
3012408	83332.Rv2442c	1289	6
3010161	83332.Rv0234c	280	6
3012736	83332.Rv2766c	676	6
3013632	83332.Rv3648c	4233	14
3011088	83332.Rv1142c	317	2
3010926	83332.Rv0985c	200	2
3012144	83332.Rv2187	894	32
3010243	83332.Rv0315	555	8
3010801	83332.Rv0860	2020	58
3011768	83332.Rv1813c	1954	2
3012218	83332.Rv2260	684	6
3012623	83332.Rv2654c	1145	2
3013554	83332.Rv3570c	473	8
3012061	83332.Rv2105	77.3	4
3012700	83332.Rv2731	161	2
3010385	83332.Rv0456c	88.4	2
3013186	83332.Rv3208A	2118	10
3013115	83332.Rv3141	708	10
3011186	83332.Rv1240	724	16
3010821	83332.Rv0880	767	2
3012104	83332.Rv2148c	141	2
3010619	83332.Rv0682	1020	6
3012129	83332.Rv2172c	1022	10
3011176	83332.Rv1230c	151	2
3011915	83332.Rv1959c	389	2
3013394	83332.Rv3411c	486	14
3011386	83332.Rv1438	1207	18
3010637	83332.Rv0700	489	4
3010866	83332.Rv0925c	1230	14
3011209	83332.Rv1263	175	2
3011855	83332.Rv1899c	218	6
3011740	83332.Rv1784	340	16
3011245	83332.Rv1298	2036	6
3011989	83332.Rv2032	149	2
3011657	83332.Rv1703c	1215	16
3013336	83332.Rv3354	1485	2
3013205	83332.Rv3224B	1434	2
3010972	83332.Rv1030	92.3	2
3013798	83332.Rv3809c	74.3	2
3011385	83332.Rv1437	780	14
3012642	83332.Rv2673	114	2
3010622	83332.Rv0685	5060	78
3013612	83332.Rv3628	1622	6
3012309	83332.Rv2345	374	8
3011275	83332.Rv1327c	273	8
3012487	83332.Rv2521	1132	6
3010236	83332.Rv0308	365	4
3012442	83332.Rv2476c	1008	84
3012070	83332.Rv2114	214	2
3011069	83332.Rv1124	201	4
3011913	83332.Rv1957	296	2
3012290	83332.Rv2327	1009	6
3011165	83332.Rv1219c	269	2
3010692	83332.Rv0753c	453	8
3012381	83332.Rv2416c	376	6
3013121	83332.Rv3147	265	4
3010566	83332.Rv0631c	68.7	2
3011194	83332.Rv1248c	941	58
3011630	83332.Rv1676	792	6
3010746	83332.Rv0805	178	2
3011438	83332.Rv1489	1588	8
3013285	83332.Rv3304	669	4
3011663	83332.Rv1708	236	2
3011261	83332.Rv1314c	273	2
3009985	83332.Rv0060	129	2
3012448	83332.Rv2482c	76.0	2
3012041	83332.Rv2083	219	2
3010475	83332.Rv0542c	47.9	2
3013662	83332.Rv3678A	5348	8
3010672	83332.Rv0734	261	2
3012069	83332.Rv2113	533	8
3013859	83332.Rv3870	96.1	4
3010884	83332.Rv0943c	143	2
3010107	83332.Rv0181c	96.7	2
3011516	83332.Rv1563c	72.5	2
3012446	83332.Rv2480c	77.3	4
3012521	83332.Rv2554c	342	2
3010774	83332.Rv0833	7292	6
3012153	83332.Rv2196	871	28
3011254	83332.Rv1307	303	8
3013788	83332.Rv3799c	747	18
3011922	83332.Rv1966	217	2
3011144	83332.Rv1198	146	4
3011826	83332.Rv1871c	520	4
3012238	83332.Rv2280	737	12
3013633	83332.Rv3649	36.4	2
3012966	83332.Rv2993c	103	2
3011318	83332.Rv1370c	77.3	4
3010761	83332.Rv0820	272	2
3012574	83332.Rv2606c	743	10
3013128	83332.Rv3154	588	4
3011257	83332.Rv1310	2098	52
3012172	83332.Rv2215	1378	30
3010372	83332.Rv0444c	349	4
3012891	83332.Rv2921c	75.5	2
3012689	83332.Rv2720	628	6
3013854	83332.Rv3865	1520	10
3009971	83332.Rv0046c	760	16
3011701	83332.Rv1746	436	6
3013251	83332.Rv3270	403	10
3012759	83332.Rv2789c	362	4
3011019	83332.Rv1077	217	6
3013692	83332.Rv3706c	143	2
3012703	83332.Rv2734	85.4	2
3010844	83332.Rv0903c	313	4
3012242	83332.Rv2284	263	4
3011152	83332.Rv1206	171	6
3010987	83332.Rv1045	397	2
3012748	83332.Rv2778c	880	6
3010802	83332.Rv0861c	84.6	2
3011567	83332.Rv1614	304	6
3013379	83332.Rv3396c	380	10
3013530	83332.Rv3547	748	8
3011390	83332.Rv1442	165	4
3011267	83332.Rv1320c	69.0	2
3011136	83332.Rv1190	292	2
3012101	83332.Rv2145c	1616	18
3010986	83332.Rv1044	235	2
3012862	83332.Rv2892c	275	2
3012995	83332.Rv3021c	551	2
3010493	83332.Rv0560c	185	2
3010397	83332.Rv0468	650	10
3013355	83332.Rv3373	57.9	2
3010289	83332.Rv0361	98.9	2
3010224	83332.Rv0296c	58.0	2
3010318	83332.Rv0390	368	4
3010676	83332.Rv0738	1734	8
3013106	83332.Rv3132c	116	2
3010190	83332.Rv0262c	290	2
3010612	83332.Rv0675	571	8
3012534	83332.Rv2567	178	6
3012753	83332.Rv2783c	1079	44
3012201	83332.Rv2244	3372	16
3013124	83332.Rv3150	789	12
3012351	83332.Rv2387	400	2
3011274	83332.Rv1326c	92.7	2
3010092	83332.Rv0166	113	2
3010669	83332.Rv0731c	481	8
3012183	83332.Rv2225	100.0	2
3012714	83332.Rv2744c	720	10
3013226	83332.Rv3245c	87.4	2
3012065	83332.Rv2109c	959	14
3013869	83332.Rv3880c	977	8
3010180	83332.Rv0252	56.0	2
3013814	83332.Rv3825c	937	88
3011220	83332.Rv1274	1879	6
3011824	83332.Rv1869c	823	18
3010584	83332.Rv0647c	446	12
3010170	83332.Rv0242c	1052	24
3013871	83332.Rv3882c	242	6
3010429	83332.Rv0498	216	2
3012285	83332.Rv2322c	313	2
3012690	83332.Rv2721c	846	16
3009967	83332.Rv0042c	148	2
3011336	83332.Rv1388	3147	26
3012785	83332.Rv2815c	77.3	4
3010934	83332.Rv0993	899	6
3012474	83332.Rv2508c	185	2
3013089	83332.Rv3114	466	2
3012263	83332.Rv2305	70.1	2
3010364	83332.Rv0436c	103	2
3012254	83332.Rv2296	1377	26
3011741	83332.Rv1785c	57.5	4
3013278	83332.Rv3297	163	2
3013168	83332.Rv3194c	176	2
3010830	83332.Rv0889c	333	8
3012439	83332.Rv2473	268	2
3013721	83332.Rv3734c	1162	24
3012008	83332.Rv2051c	121	6
3011244	83332.Rv1297	1187	36
3011002	83332.Rv1060	783	4
3009934	83332.Rv0009	2266	20
3012111	83332.Rv2155c	98.3	2
3011262	83332.Rv1315	192	2
3013909	83332.Rv3920c	185	2
3012934	83332.Rv2962c	98.0	2
3013191	83332.Rv3213c	107	2
3012392	83332.Rv2427c	213	6
3010891	83332.Rv0951	2544	50
3013415	83332.Rv3432c	290	4
3013291	83332.Rv3310	423	2
3010099	83332.Rv0173	800	16
3011339	83332.Rv1391	302	4
3012591	83332.Rv2622	87.8	2
3011480	83332.Rv1527c	56.3	10
3010754	83332.Rv0813c	271	2
3012670	83332.Rv2701c	89.3	2
3010892	83332.Rv0952	1029	14
3011159	83332.Rv1213	115	2
3011594	83332.Rv1640c	107	4
3012050	83332.Rv2092c	75.4	4
3012214	83332.Rv2256c	110	2
3010288	83332.Rv0360c	1057	4
3010060	83332.Rv0134	200	2
3011738	83332.Rv1782	444	10
3013447	83332.Rv3464	349	4
3012066	83332.Rv2110c	492	10
3011934	83332.Rv1978	277	6
3010772	83332.Rv0831c	1547	20
3012811	83332.Rv2841c	310	4
3013245	83332.Rv3264c	736	10
3012114	83332.Rv2158c	429	12
3010095	83332.Rv0169	593	14
3010645	83332.Rv0708	3257	12
3012141	83332.Rv2184c	190	2
3012980	83332.Rv3006	175	2
3012650	83332.Rv2681	116	2
3013172	83332.Rv3197	359	6
3011776	83332.Rv1821	510	18
3011128	83332.Rv1182	142	2
3010424	83332.Rv0493c	432	4
3010806	83332.Rv0865	539	2
3011130	83332.Rv1184c	326	2
3012005	83332.Rv2048c	35.7	4
3012057	83332.Rv2101	37.8	2
3010379	83332.Rv0451c	283	2
3013628	83332.Rv3644c	150	2
3012507	83332.Rv2540c	62.3	2
3011230	83332.Rv1284	345	4
3011894	83332.Rv1938	80.0	2
3013133	83332.Rv3159c	773	2
3010653	83332.Rv0716	2689	20
3012164	83332.Rv2207	126	2
3010466	83332.Rv0533c	187	4
3011139	83332.Rv1193	576	10
3013580	83332.Rv3596c	1166	42
3012413	83332.Rv2447c	368	4
3012828	83332.Rv2858c	537	6
3013858	83332.Rv3869	387	8
3011147	83332.Rv1201c	1469	14
3011036	83332.Rv1092c	150	2
3012660	83332.Rv2691	410	6
3012957	83332.Rv2984	245	10
3010843	83332.Rv0902c	64.2	2
3013791	83332.Rv3802c	146	2
3013357	83332.Rv3375	43.5	2
3013018	83332.Rv3043c	1207	22
3010589	83332.Rv0652	3081	12
3011586	83332.Rv1633	158	4
3013446	83332.Rv3463	726	10
3012230	83332.Rv2272	550	2
3010262	83332.Rv0334	371	6
3010495	83332.Rv0562	908	18
3010398	83332.Rv0469	1217	24
3010080	83332.Rv0154c	767	12
3012110	83332.Rv2154c	27.0	2
3011425	83332.Rv1476	171	2
3013079	83332.Rv3104c	137	2
3011935	83332.Rv1979c	51.0	2
3012302	83332.Rv2338c	636	8
3012131	83332.Rv2174	110	2
3012466	83332.Rv2500c	267	6
3011736	83332.Rv1780	458	4
3010404	83332.Rv0474	1051	8
3013713	83332.Rv3726	331	4
3011726	83332.Rv1770	778	14
3010368	83332.Rv0440	13670	258
3011157	83332.Rv1211	2501	6
3013033	83332.Rv3058c	613	6
3011041	83332.Rv1097c	210	2
3011338	83332.Rv1390	1893	4
3010744	83332.Rv0803	252	8
3011607	83332.Rv1653	91.1	2
3012524	83332.Rv2557	464	4
3010906	83332.Rv0966c	335	2
3012680	83332.Rv2711	1475	16
3010609	83332.Rv0672	94.8	2
3013754	83332.Rv3767c	277	4
3011588	83332.Rv1635c	37.0	2
3013185	83332.Rv3208	291	2
3013061	83332.Rv3086	93.7	2
3013358	83332.Rv3376	437	2
3013350	83332.Rv3368c	530	4
3012011	83332.Rv2054	954	12
3010812	83332.Rv0871	1121	8
3011914	83332.Rv1958c	267	2
3010578	83332.Rv0641	977	10
3013321	83332.Rv3339c	240	4
3010670	83332.Rv0732	57.5	2
3010371	83332.Rv0443	719	6
3011784	83332.Rv1829	522	4
3012839	83332.Rv2869c	230	6
3010887	83332.Rv0946c	280	10
3011411	83332.Rv1463	471	8
3013852	83332.Rv3863	267	2
3011590	83332.Rv1637c	1924	12
3012959	83332.Rv2986c	4439	20
3012520	83332.Rv2553c	51.2	2
3012468	83332.Rv2502c	205	4
3010707	83332.Rv0767c	184	2
3010979	83332.Rv1037c	279	4
3011862	83332.Rv1906c	279	2
3012975	83332.Rv3001c	957	20
3012908	83332.Rv2937	149	2
3011163	83332.Rv1217c	420	8
3012186	83332.Rv2228c	69.7	2
3010053	83332.Rv0127	472	12
3012682	83332.Rv2713	94.3	2
3013229	83332.Rv3248c	1855	48
3013653	83332.Rv3669	1579	6
3013338	83332.Rv3356c	645	6
3010919	83332.Rv0979A	907	2
3011512	83332.Rv1559	798	6
3012825	83332.Rv2855	233	6
3013599	83332.Rv3615c	892	2
3010736	83332.Rv0795	77.3	4
3012864	83332.Rv2894c	284	2
3013460	83332.Rv3477	847	2
3013503	83332.Rv3520c	251	6
3013137	83332.Rv3163c	110	2
3013236	83332.Rv3255c	276	4
3010647	83332.Rv0710	2044	10
3010795	83332.Rv0854	384	2
3011565	83332.Rv1612	674	10
3013559	83332.Rv3575c	409	6
3012198	83332.Rv2241	1116	42
3013064	83332.Rv3089	51.6	2
3010739	83332.Rv0798c	1048	14
3011288	83332.Rv1340	469	4
3013600	83332.Rv3616c	186	2
3011345	83332.Rv1397c	305	2
3012911	83332.Rv2940c	1085	106
3011993	83332.Rv2036	104	2
3012393	83332.Rv2428	1112	12
3012541	83332.Rv2574	173	2
3013196	83332.Rv3218	84.0	2
3012924	83332.Rv2952	1890	18
3012106	83332.Rv2150c	984	14
3012132	83332.Rv2175c	343	2
3013302	83332.Rv3320c	132	2
3011276	83332.Rv1328	1143	38
3009943	83332.Rv0018c	218	4
3011212	83332.Rv1266c	102	4
3012926	83332.Rv2954c	194	2
3012724	83332.Rv2754c	95.5	2
3012505	83332.Rv2538c	163	2
3011592	83332.Rv1638A	765	4
3013673	83332.Rv3688c	272	2
3011447	83332.Rv1497	162	2
3012411	83332.Rv2445c	1671	16
3010569	83332.Rv0634A	323	2
3012176	83332.Rv2219	135	2
3011798	83332.Rv1843c	1544	32
3011461	83332.Rv1508c	51.8	2
3013665	83332.Rv3680	774	12
3010200	83332.Rv0272c	195	6
3013189	83332.Rv3211	77.8	2
3012906	83332.Rv2935	839	48
3011749	83332.Rv1794	806	12
3011773	83332.Rv1818c	5326	6
3012257	83332.Rv2299c	607	20
3011604	83332.Rv1650	324	8
3012086	83332.Rv2130c	108	4
3009945	83332.Rv0020c	1179	22
3011442	83332.Rv1492	32.3	2
3013566	83332.Rv3582c	170	2
3010431	83332.Rv0500	2082	18
3012109	83332.Rv2153c	60.9	2
3013715	83332.Rv3728	20.2	2
3010640	83332.Rv0703	2955	12
3012135	83332.Rv2178c	614	10
3011555	83332.Rv1602	332	2
3010403	83332.Rv0473	142	2
3013177	83332.Rv3200c	415	8
3010765	83332.Rv0824c	851	12
3013441	83332.Rv3458c	3365	36
3011668	83332.Rv1713	300	4
3011430	83332.Rv1481	276	2
3012340	83332.Rv2376c	1091	2
3010002	83332.Rv0077c	264	4
3013277	83332.Rv3296	47.8	2
3010247	83332.Rv0319	373	2
3010501	83332.Rv0568	129	2
3010750	83332.Rv0809	75.2	2
3013864	83332.Rv3875	1868	6
3010896	83332.Rv0956	438	2
3010671	83332.Rv0733	2503	22
3010513	83332.Rv0580c	2699	26
3012510	83332.Rv2543	271	2
3011395	83332.Rv1447c	348	6
3010427	83332.Rv0496	142	4
3011213	83332.Rv1267c	538	10
3013708	83332.Rv3722c	882	24
3012370	83332.Rv2405	472	6
3010176	83332.Rv0248c	1560	46
3013383	83332.Rv3400	86.0	2
3013188	83332.Rv3210c	190	2
3012808	83332.Rv2838c	97.6	2
3011570	83332.Rv1617	1079	26
3011020	83332.Rv1078	1227	6
3011849	83332.Rv1893	1436	6
3011131	83332.Rv1185c	768	22
3013664	83332.Rv3679	138	2
3013250	83332.Rv3269	2241	8
3010052	83332.Rv0126	136	2
3012476	83332.Rv2510c	133	2
3010154	83332.Rv0227c	696	14
3012077	83332.Rv2121c	232	2
3012823	83332.Rv2853	606	2
3012883	83332.Rv2913c	169	2
3011383	83332.Rv1435c	546	2
3011662	83332.Rv1707	191	2
3011293	83332.Rv1345	410	4
3011476	83332.Rv1523	110	2
3010093	83332.Rv0167	711	4
3011335	83332.Rv1387	218	2
3010716	83332.Rv0776c	209	2
3011283	83332.Rv1335	1174	6
3010097	83332.Rv0171	434	12
3009981	83332.Rv0056	537	6
3012525	83332.Rv2558	130	2
3012428	83332.Rv2462c	769	16
3010029	83332.Rv0103c	31.3	2
3013093	83332.Rv3118	2039	18
3012643	83332.Rv2674	521	2
3012652	83332.Rv2683	165	2
3012886	83332.Rv2916c	321	6
3012355	83332.Rv2391	374	14
3010766	83332.Rv0825c	176	2
3013244	83332.Rv3263	100.0	2
3013660	83332.Rv3676	1994	20
3010118	83332.Rv0192	177	2
3010191	83332.Rv0263c	523	8
3010030	83332.Rv0104	183	2
3010266	83332.Rv0338c	185	10
3013568	83332.Rv3584	791	6
3010178	83332.Rv0250c	2777	16
3013557	83332.Rv3573c	72.2	2
3012368	83332.Rv2403c	199	2
3010893	83332.Rv0953c	226	2
3010714	83332.Rv0774c	1062	4
3011815	83332.Rv1860	582	4
3011576	83332.Rv1623c	110	2
3011556	83332.Rv1603	265	4
3013413	83332.Rv3430c	70.2	2
3012247	83332.Rv2289	127	2
3011214	83332.Rv1268c	448	2
3010260	83332.Rv0332	291	6
3011606	83332.Rv1652	104	2
3013680	83332.Rv3695	107	2
3012666	83332.Rv2697c	677	6
3011357	83332.Rv1409	626	8
3010259	83332.Rv0331	506	6
3011962	83332.Rv2005c	444	6
3013645	83332.Rv3661	424	6
3011099	83332.Rv1154c	321	2
3013203	83332.Rv3224	2404	30
3012097	83332.Rv2141c	126	4
3012259	83332.Rv2301	537	2
3013856	83332.Rv3867	1134	8
3010726	83332.Rv0786c	509	2
3011566	83332.Rv1613	641	10
3012709	83332.Rv2739c	225	2
3011127	83332.Rv1181	1027	68
3011148	83332.Rv1202	600	8
3011467	83332.Rv1514c	194	2
3010690	83332.Rv0751c	906	6
3010740	83332.Rv0799c	289	4
3012603	83332.Rv2634c	1916	2
3010496	83332.Rv0563	186	6
3011636	83332.Rv1682	296	2
3012571	83332.Rv2603c	957	10
3013376	83332.Rv3394c	38.4	2
3013448	83332.Rv3465	160	2
3012142	83332.Rv2185c	3203	20
3012564	83332.Rv2597	202	2
3012405	83332.Rv2439c	105	2
3013400	83332.Rv3417c	1595	38
3012096	83332.Rv2140c	3077	26
3013129	83332.Rv3155	373	2
3012735	83332.Rv2765	183	2
3010825	83332.Rv0884c	1726	24
3012931	83332.Rv2959c	691	8
3012360	83332.Rv2396	7151	4
3013857	83332.Rv3868	825	22
3010643	83332.Rv0706	376	4
3013254	83332.Rv3273	1119	24
3011121	83332.Rv1175c	345	8
3013043	83332.Rv3068c	45.2	2
3012662	83332.Rv2693c	312	2
3010249	83332.Rv0321	443	2
3013763	83332.Rv3774	2844	38
3010445	83332.Rv0512	233	2
3013126	83332.Rv3152	92.0	2
3011271	83332.Rv1323	465	10
3012573	83332.Rv2605c	282	4
3010075	83332.Rv0149	106	2
3011621	83332.Rv1667c	240	2
3012217	83332.Rv2259	578	4
3012323	83332.Rv2359	434	4
3012498	83332.Rv2531c	18.7	2
3011056	83332.Rv1112	117	2
3013314	83332.Rv3332	246	2
3013324	83332.Rv3342	256	2
3012793	83332.Rv2823c	61.4	2
3012739	83332.Rv2769c	2083	4
3010291	83332.Rv0363c	1687	28
3012182	83332.Rv2224c	737	10
3010942	83332.Rv1001	841	16
3010657	83332.Rv0720	920	8
3012049	83332.Rv2091c	761	6
3012925	83332.Rv2953	505	12
3012277	83332.Rv2314c	182	4
3012743	83332.Rv2773c	411	4
3012878	83332.Rv2908c	1629	8
3010320	83332.Rv0392c	267	6
3012031	83332.Rv2074	1027	10
3010576	83332.Rv0639	1028	12
3012152	83332.Rv2195	1552	36
3012486	83332.Rv2520c	3675	8
3011432	83332.Rv1483	966	12
3011725	83332.Rv1769	82.7	2
3013113	83332.Rv3139	820	12
3010538	83332.Rv0604	150	2
3012555	83332.Rv2588c	546	2
3012760	83332.Rv2790c	307	6
3012522	83332.Rv2555c	465	20
3011459	83332.Rv1507c	195	2
3011190	83332.Rv1244	56.2	2
3013363	83332.Rv3381c	77.3	4
3011936	83332.Rv1980c	682	8
3013704	83332.Rv3718c	1500	8
3010280	83332.Rv0352	1080	18
3012307	83332.Rv2343c	144	2
3010516	83332.Rv0583c	764	6
3012414	83332.Rv2448c	206	12
3010652	83332.Rv0715	588	4
3010574	83332.Rv0637	1060	8
3012223	83332.Rv2265	737	4
3010175	83332.Rv0247c	1859	28
3012404	83332.Rv2438c	94.6	2
3013835	83332.Rv3846	1948	12
3009959	83332.Rv0034	526	2
3010133	83332.Rv0206c	277	12
3010138	83332.Rv0211	1391	36
3012207	83332.Rv2250A	844	2
3013264	83332.Rv3283	1564	24
3013310	83332.Rv3328c	282	2
3012371	83332.Rv2406c	599	4
3011078	83332.Rv1133c	6461	150
3011852	83332.Rv1896c	149	4
3013393	83332.Rv3410c	886	12
3012943	83332.Rv2970c	640	10
3012668	83332.Rv2699c	1310	6
3010758	83332.Rv0817c	69.9	2
3012105	83332.Rv2149c	207	2
3011364	83332.Rv1416	315	4
3010437	83332.Rv0504c	929	6
3012348	83332.Rv2384	114	2
3012395	83332.Rv2430c	418	2
3013863	83332.Rv3874	1286	8
3013025	83332.Rv3050c	328	2
3012169	83332.Rv2212	79.3	2
3013848	83332.Rv3859c	177	12
3011829	83332.Rv1874	301	2
3010055	83332.Rv0129c	1122	12
3010378	83332.Rv0450c	369	12
3011125	83332.Rv1179c	242	8
3010143	83332.Rv0216	214	2
3013182	83332.Rv3205c	553	8
3012922	83332.Rv2950c	181	4
3012549	83332.Rv2582	1367	12
3010212	83332.Rv0284	521	34
3010751	83332.Rv0810c	1200	4
3010924	83332.Rv0983	115	2
3012216	83332.Rv2258c	722	12
3013748	83332.Rv3761c	190	4
3010767	83332.Rv0826	65.6	2
3013038	83332.Rv3063	130	2
3012720	83332.Rv2750	248	2
3009926	83332.Rv0001	248	8
3011352	83332.Rv1404	983	6
3011782	83332.Rv1827	1356	8
3011626	83332.Rv1672c	328	2
3012848	83332.Rv2878c	177	2
3010383	83332.Rv0455c	530	4
3010814	83332.Rv0873	1080	32
3010592	83332.Rv0655	1227	18
3009932	83332.Rv0007	624	4
3011166	83332.Rv1220c	687	8
3012859	83332.Rv2889c	1776	26
3012203	83332.Rv2246	1835	36
3010620	83332.Rv0683	4906	26
3011879	83332.Rv1923	234	6
3013457	83332.Rv3474	77.3	4
3012939	83332.Rv2967c	284	12
3011325	83332.Rv1377c	609	4
3010416	83332.Rv0486	180	2
3013657	83332.Rv3673c	270	2
3012617	83332.Rv2648	77.3	4
3012328	83332.Rv2364c	331	2
3010307	83332.Rv0379	5256	10
3013492	83332.Rv3509c	885	18
3011169	83332.Rv1223	820	18
3010085	83332.Rv0159c	191	2
3011185	83332.Rv1239c	277	4
3011702	83332.Rv1747	83.2	4
3012427	83332.Rv2461c	1734	14
3009993	83332.Rv0068	83.5	2
3013004	83332.Rv3029c	1786	14
3011864	83332.Rv1908c	1644	56
3011959	83332.Rv2002	222	2
3011215	83332.Rv1269c	653	4
3011332	83332.Rv1384	54.9	2
3013502	83332.Rv3519	1048	16
3013670	83332.Rv3685c	142	2
3011574	83332.Rv1621c	18.1	2
3010634	83332.Rv0697	170	2
3010852	83332.Rv0911	107	2
3011466	83332.Rv1513	190	2
3011371	83332.Rv1423	335	6
3011428	83332.Rv1479	3717	50
3012968	83332.Rv2995c	1204	16
3012501	83332.Rv2534c	336	4
3009998	83332.Rv0073	721	10
3013696	83332.Rv3710	597	16
3011024	83332.Rv1082	423	6
3013815	83332.Rv3826	267	8
3010582	83332.Rv0645c	639	10
3010577	83332.Rv0640	1874	8
3010613	83332.Rv0676c	428	20
3012973	83332.Rv2999	162	4
3012820	83332.Rv2850c	200	4
3010756	83332.Rv0815c	1772	44
3011406	83332.Rv1458c	132	2
3011398	83332.Rv1450c	541	6
3013279	83332.Rv3298c	95.8	2
3012874	83332.Rv2904c	5733	14
3013906	83332.Rv3917c	934	12
3011465	83332.Rv1512	137	2
3010218	83332.Rv0290	502	10
3013870	83332.Rv3881c	774	14
3010022	83332.Rv0096	410	4
3013576	83332.Rv3592	2010	8
3013440	83332.Rv3457c	2470	40
3010027	83332.Rv0101	58.9	8
3013462	83332.Rv3479	54.6	2
3012960	83332.Rv2987c	658	8
3009970	83332.Rv0045c	62.1	2
3011809	83332.Rv1854c	189	2
3012546	83332.Rv2579	300	4
3010211	83332.Rv0283	447	16
3013663	83332.Rv3678c	1943	8
3012016	83332.Rv2059	227	2
3013656	83332.Rv3672c	304	2
3013163	83332.Rv3189	348	2
3010709	83332.Rv0769	529	6
3013876	83332.Rv3887c	260	2
3009979	83332.Rv0054	595	4
3010854	83332.Rv0913c	41.6	2
3011953	83332.Rv1996	213	4
3012898	83332.Rv2927c	567	6
3013603	83332.Rv3619c	279	4
3012461	83332.Rv2495c	241	8
3010114	83332.Rv0188	574	2
3012679	83332.Rv2710	215	2
3012857	83332.Rv2887	629	2
3013015	83332.Rv3040c	735	12
3011026	83332.Rv1084	95.8	2
3012927	83332.Rv2955c	516	8
3013370	83332.Rv3388	1155	2
3011750	83332.Rv1795	191	4
3010109	83332.Rv0183	1371	12
3013092	83332.Rv3117	1772	44
3011051	83332.Rv1107c	706	2
3010278	83332.Rv0350	3435	90
3011735	83332.Rv1779c	136	2
3013426	83332.Rv3443c	627	4
3011037	83332.Rv1093	1287	26
3010149	83332.Rv0222	95.1	2
3012536	83332.Rv2569c	124	2
3012157	83332.Rv2200c	862	14
3010498	83332.Rv0565c	160	2
3010210	83332.Rv0282	797	28
3013171	83332.Rv3196A	792	4
3012903	83332.Rv2932	205	16
3010073	83332.Rv0147	1118	22
3013227	83332.Rv3246c	2259	22
3012801	83332.Rv2831	1179	16
3011580	83332.Rv1627c	367	6
3012969	83332.Rv2996c	1458	42
3012683	83332.Rv2714	65.9	2
3012099	83332.Rv2143	250	2
3011424	83332.Rv1475c	1789	88
3013839	83332.Rv3850	501	4
3011933	83332.Rv1977	87.2	2
3010522	83332.Rv0589	44.7	2
3013313	83332.Rv3331	82.6	2
3013651	83332.Rv3667	389	10
3010335	83332.Rv0407	592	10
3013237	83332.Rv3256c	496	6
3011363	83332.Rv1415	135	2
3012860	83332.Rv2890c	2435	24
3013767	83332.Rv3778c	105	2
3011028	83332.Rv1086	104	2
3010045	83332.Rv0119	511	10
3013074	83332.Rv3099c	579	6
3010651	83332.Rv0714	654	4
3010100	83332.Rv0174	757	12
3013117	83332.Rv3143	450	4
3012187	83332.Rv2229c	665	8
3013167	83332.Rv3193c	888	32
3011168	83332.Rv1222	150	2
3012532	83332.Rv2565	268	4
3011184	83332.Rv1238	339	6
3012085	83332.Rv2129c	286	6
3011963	83332.Rv2006	21.5	2
3010570	83332.Rv0634B	2131	4
3010346	83332.Rv0418	683	20
3013793	83332.Rv3804c	2514	28
3012944	83332.Rv2971	1674	20
3013862	83332.Rv3873	406	2
3011258	83332.Rv1311	747	4
3010103	83332.Rv0177	113	2
3013734	83332.Rv3747	827	4
3012252	83332.Rv2294	319	8
3013539	83332.Rv3556c	297	4
3013699	83332.Rv3713	83.1	2
3010331	83332.Rv0403c	667	2
3013472	83332.Rv3489	1039	2
3011752	83332.Rv1797	157	2
3013794	83332.Rv3805c	95.5	2
3011062	83332.Rv1117	376	2
3012071	83332.Rv2115c	70.8	2
3013879	83332.Rv3890c	840	2
3010572	83332.Rv0635	1766	16
3011210	83332.Rv1264	47.3	2
3011704	83332.Rv1749c	1019	6
3013419	83332.Rv3436c	232	10
3011854	83332.Rv1898	253	2
3013841	83332.Rv3852	336	2
3010625	83332.Rv0688	490	10
3010641	83332.Rv0704	859	10
3013221	83332.Rv3240c	658	24
3013807	83332.Rv3818	940	18
3011400	83332.Rv1452c	515	4
3013125	83332.Rv3151	453	16
3013255	83332.Rv3274c	1789	30
3013006	83332.Rv3031	59.8	2
3010898	83332.Rv0958	83.4	2
3010440	83332.Rv0507	154	6
3011340	83332.Rv1392	2026	34
3012025	83332.Rv2068c	603	14
3011437	83332.Rv1488	2101	34
3010762	83332.Rv0821c	443	6
3010328	83332.Rv0400c	576	14
3010239	83332.Rv0311	167	2
3012178	83332.Rv2220	2084	52
3013764	83332.Rv3775	88.0	2
3011047	83332.Rv1103c	803	4
3010065	83332.Rv0139	191	2
3010415	83332.Rv0485	84.3	2
3013737	83332.Rv3750c	170	2
3013199	83332.Rv3221A	1059	2
3010458	83332.Rv0525	907	8
3011619	83332.Rv1665	180	2
3011224	83332.Rv1278	93.5	2
3013401	83332.Rv3418c	36229	151
3013838	83332.Rv3849	3964	34
3012815	83332.Rv2845c	218	4
3011255	83332.Rv1308	2517	60
3010070	83332.Rv0144	684	6
3010367	83332.Rv0439c	105	2
3011792	83332.Rv1837c	1594	56
3013686	83332.Rv3701c	61.6	2
3012195	83332.Rv2238c	257	2
3012434	83332.Rv2468c	899	6
3013110	83332.Rv3136	150	2
3011375	83332.Rv1427c	18.7	2
3013421	83332.Rv3438	213	4
3010056	83332.Rv0130	393	2
3013497	83332.Rv3514	384	4
3013769	83332.Rv3780	623	10
3013276	83332.Rv3295	888	12
3010755	83332.Rv0814c	2039	18
3011591	83332.Rv1638	81.0	4
3012256	83332.Rv2298	935	18
3012331	83332.Rv2367c	709	4
3013695	83332.Rv3709c	994	20
3011016	83332.Rv1074c	1590	24
3012337	83332.Rv2373c	816	8
3011656	83332.Rv1702c	92.2	2
3013613	83332.Rv3629c	136	2
3013861	83332.Rv3872	818	2
3013318	83332.Rv3336c	307	4
3012935	83332.Rv2963	215	2
3011615	83332.Rv1661	15.1	2
3011561	83332.Rv1608c	959	8
3010387	83332.Rv0458	748	18
3010954	83332.Rv1013	165	2
3010607	83332.Rv0670	946	10
3013830	83332.Rv3841	1783	18
3010456	83332.Rv0523c	182	2
3012907	83332.Rv2936	469	6
3011417	83332.Rv1469	41.9	2
3012367	83332.Rv2402	127	4
3012954	83332.Rv2981c	287	4
3012467	83332.Rv2501c	127	2
3012830	83332.Rv2860c	177	4
3010463	83332.Rv0530	297	8
3010360	83332.Rv0432	2167	8
3010588	83332.Rv0651	1251	8
3011394	83332.Rv1446c	171	2
3013211	83332.Rv3230c	348	4
3010697	83332.Rv0757	663	8
3013813	83332.Rv3824c	175	2
3013445	83332.Rv3462c	1370	6
3010573	83332.Rv0636	1733	10
3013667	83332.Rv3682	176	4
3010776	83332.Rv0835	290	2
3011050	83332.Rv1106c	177	2
3010606	83332.Rv0669c	154	4
3011252	83332.Rv1305	2161	2
3013430	83332.Rv3447c	37.0	2
3012527	83332.Rv2560	344	2
3013127	83332.Rv3153	348	4
3011706	83332.Rv1751	656	18
3011138	83332.Rv1192	948	12
3013431	83332.Rv3448	205	2
3011549	83332.Rv1596	1220	18
3011389	83332.Rv1441c	5128	4
3011613	83332.Rv1659	174	4
3012417	83332.Rv2451	135	2
3013866	83332.Rv3877	208	4
3011240	83332.Rv1293	62.4	2
3010478	83332.Rv0545c	439	2
3013802	83332.Rv3813c	144	2
3012693	83332.Rv2724c	305	4
3012433	83332.Rv2467	707	20
3009972	83332.Rv0047c	131	2
3010400	83332.Rv0470c	1019	16
3011634	83332.Rv1680	250	2
3010261	83332.Rv0333	998	6
3011140	83332.Rv1194c	298	4
3010312	83332.Rv0384c	1167	48
