#id: 156
#name: M.tuberculosis - Whole organism, SC (PeptideAtlas,July,2013)
#score: 10.54
#weight: 20%
#description: abundance based on Spectral counting, from<a href="http://www.peptideatlas.org/builds/" target="_blank">PeptideAtlas,July,2013</a><br/><b>Interaction consistency score</b>: 10.54&nbsp<b>Coverage</b>: 80
#organ: WHOLE_ORGANISM
#integrated: false
#coverage: 80
#publication_year: 2013
#filename: 83332-PA_201307.txt
#
#internal_id	string_external_id	abundance	raw_spectral_count
3010269	83332.Rv0341	1168	217
3011833	83332.Rv1878	123	175
3011072	83332.Rv1127c	8.95	22
3013317	83332.Rv3335c	0.802	2
3013872	83332.Rv3883c	128	158
3011727	83332.Rv1771	573	1120
3011678	83332.Rv1723	16.3	22
3012175	83332.Rv2218	22.8	29
3011751	83332.Rv1796	89.5	173
3012078	83332.Rv2122c	548	158
3012704	83332.Rv2735c	5.46	9
3010005	83332.Rv0079	398	371
3011876	83332.Rv1920	69.0	66
3013928	83332.Rv4014	644	231
3013753	83332.Rv3766	55.1	43
3010294	83332.Rv0366c	11.0	11
3011068	83332.Rv1123c	3.44	6
3009966	83332.Rv0041	252	974
3010255	83332.Rv0327c	4.13	5
3010128	83332.Rv0201c	34.4	27
3012261	83332.Rv2303c	20.1	36
3013008	83332.Rv3033	362	245
3010832	83332.Rv0891c	1.97	2
3011343	83332.Rv1395	1.35	3
3013141	83332.Rv3167c	9.71	6
3012647	83332.Rv2678c	84.6	100
3011422	83332.Rv1473A	13.0	2
3011811	83332.Rv1856c	294	417
3012334	83332.Rv2370c	4.67	7
3011415	83332.Rv1467c	95.0	285
3010452	83332.Rv0519c	16.1	12
3011748	83332.Rv1793	560	1098
3010764	83332.Rv0823c	23.7	46
3011290	83332.Rv1342c	7.58	4
3013316	83332.Rv3334	20.6	9
3013060	83332.Rv3085	2.72	3
3010949	83332.Rv1008	106	140
3012066	83332.Rv2110c	1243	1333
3011414	83332.Rv1466	336	129
3013821	83332.Rv3832c	33.6	22
3012419	83332.Rv2453c	392	412
3012788	83332.Rv2818c	55.7	120
3012436	83332.Rv2470	133	89
3011174	83332.Rv1228	5.08	7
3011387	83332.Rv1439c	74.1	52
3010847	83332.Rv0906	96.1	198
3013116	83332.Rv3142c	150	74
3013819	83332.Rv3830c	6.4	7
3010682	83332.Rv0744c	10.0	6
3010165	83332.Rv0237	512	471
3011579	83332.Rv1626	1031	1125
3010471	83332.Rv0538	156	170
3011212	83332.Rv1266c	179	398
3010900	83332.Rv0960	13.3	10
3012598	83332.Rv2629	475	925
3012255	83332.Rv2297	68.8	46
3011721	83332.Rv1765c	2.06	6
3010214	83332.Rv0286	15.9	12
3012897	83332.Rv2926c	43.8	45
3011355	83332.Rv1407	15.1	37
3013868	83332.Rv3879c	296	672
3013776	83332.Rv3787c	3.92	7
3010725	83332.Rv0785	37.3	100
3013520	83332.Rv3537	17.0	38
3012511	83332.Rv2544	3.47	9
3013158	83332.Rv3184	50.5	252
3013262	83332.Rv3281	368	259
3012240	83332.Rv2282c	29.8	47
3013153	83332.Rv3179	15.7	30
3012018	83332.Rv2061c	224	89
3013225	83332.Rv3244c	133	321
3012977	83332.Rv3003c	167	457
3012125	83332.Rv2168c	50.5	252
3013668	83332.Rv3683	167	266
3013657	83332.Rv3673c	27.1	24
3013052	83332.Rv3077	37.4	100
3010051	83332.Rv0125	5605	2261
3010717	83332.Rv0777	126	265
3010089	83332.Rv0163	115	60
3011329	83332.Rv1381	348	472
3010484	83332.Rv0551c	62.0	147
3012235	83332.Rv2277c	59.0	83
3009950	83332.Rv0025	73.4	45
3010057	83332.Rv0131c	102	224
3010646	83332.Rv0709	1386	434
3010219	83332.Rv0291	703	668
3010638	83332.Rv0701	1359	1042
3011810	83332.Rv1855c	370	576
3012407	83332.Rv2441c	746	180
3012819	83332.Rv2849c	9.93	15
3013389	83332.Rv3406	29.2	32
3011871	83332.Rv1915	102	157
3010907	83332.Rv0967	41.0	22
3010873	83332.Rv0932c	1332	1394
3011883	83332.Rv1927	34.9	35
3013718	83332.Rv3731	29.2	39
3013442	83332.Rv3459c	888	345
3012150	83332.Rv2193	18.6	10
3013698	83332.Rv3712	39.9	51
3011523	83332.Rv1570	89.2	87
3012138	83332.Rv2181	16.3	20
3013420	83332.Rv3437	47.9	29
3010749	83332.Rv0808	37.9	101
3010167	83332.Rv0239	35.3	11
3011653	83332.Rv1699	140	328
3013610	83332.Rv3626c	41.0	44
3013190	83332.Rv3212	187	273
3012441	83332.Rv2475c	255	184
3012431	83332.Rv2465c	1346	1135
3011649	83332.Rv1695	81.4	101
3010984	83332.Rv1042c	4.37	6
3010728	83332.Rv0787A	833	331
3011568	83332.Rv1615	22.5	11
3012488	83332.Rv2522c	43.3	76
3010631	83332.Rv0694	222	242
3013536	83332.Rv3553	7.6	8
3013541	83332.Rv3558	0.296	1
3012244	83332.Rv2286c	21.9	19
3010069	83332.Rv0143c	5.99	12
3013081	83332.Rv3106	130	284
3010564	83332.Rv0629c	6.82	23
3013473	83332.Rv3490	82.0	183
3009961	83332.Rv0036c	536	760
3012966	83332.Rv2993c	434	332
3011671	83332.Rv1716	8.61	5
3010666	83332.Rv0728c	6.75	7
3009978	83332.Rv0053	1578	784
3012003	83332.Rv2046	168	135
3011067	83332.Rv1122	752	1080
3010833	83332.Rv0892	28.6	56
3011296	83332.Rv1348	7.33	27
3011218	83332.Rv1272c	4.28	10
3012909	83332.Rv2938	15.3	10
3010362	83332.Rv0434	16.2	18
3011461	83332.Rv1508c	57.3	150
3010659	83332.Rv0722	1957	223
3010510	83332.Rv0577	1375	1336
3009930	83332.Rv0005	375	1047
3012055	83332.Rv2097c	196	463
3011365	83332.Rv1417	13.0	8
3010193	83332.Rv0265c	105	136
3010428	83332.Rv0497	234	247
3012249	83332.Rv2291	187	131
3013147	83332.Rv3173c	19.4	12
3013065	83332.Rv3090	158	241
3011463	83332.Rv1510	0.516	1
3012917	83332.Rv2945c	1102	1167
3013224	83332.Rv3243c	13.8	17
3013792	83332.Rv3803c	3701	2924
3012194	83332.Rv2237	26.2	36
3010925	83332.Rv0984	910	731
3012288	83332.Rv2325c	4.74	7
3013443	83332.Rv3460c	1335	536
3013361	83332.Rv3379c	0.925	4
3013118	83332.Rv3144c	73.3	42
3013293	83332.Rv3312A	550	52
3010304	83332.Rv0376c	3.92	9
3012839	83332.Rv2869c	34.3	52
3012081	83332.Rv2125	12.6	7
3010334	83332.Rv0406c	65.1	75
3013584	83332.Rv3600c	216	223
3013406	83332.Rv3423c	193	336
3010507	83332.Rv0574c	9.12	17
3012947	83332.Rv2974c	8.69	19
3013739	83332.Rv3752c	34.5	35
3011834	83332.Rv1879	20.0	32
3011633	83332.Rv1679	128	192
3013130	83332.Rv3156	10.5	30
3011542	83332.Rv1589	29.4	58
3010952	83332.Rv1011	93.0	89
3011749	83332.Rv1794	445	641
3011040	83332.Rv1096	154	283
3012372	83332.Rv2407	19.4	23
3009953	83332.Rv0028	34.4	9
3010402	83332.Rv0472c	31.9	31
3010284	83332.Rv0356c	160	134
3012027	83332.Rv2070c	8.51	12
3013588	83332.Rv3604c	74.0	118
3013624	83332.Rv3640c	0.385	1
3010295	83332.Rv0367c	8.35	6
3011755	83332.Rv1800	2.54	3
3012978	83332.Rv3004	119	29
3010872	83332.Rv0931c	1149	2462
3013912	83332.Rv3923c	23.1	6
3010330	83332.Rv0402c	1.92	15
3012794	83332.Rv2824c	11.1	14
3013300	83332.Rv3318	339	687
3012449	83332.Rv2483c	39.7	104
3012421	83332.Rv2455c	329	876
3013597	83332.Rv3613c	6.97	2
3012192	83332.Rv2235	16.7	14
3010845	83332.Rv0904c	49.1	101
3013671	83332.Rv3686c	20.6	4
3012853	83332.Rv2883c	354	454
3012880	83332.Rv2910c	15.2	16
3011740	83332.Rv1784	233	942
3013598	83332.Rv3614c	402	266
3010894	83332.Rv0954	294	100
3013687	83332.Rv3702c	29.1	33
3010450	83332.Rv0517	1.75	3
3012533	83332.Rv2566	75.0	318
3012856	83332.Rv2886c	2.71	4
3011561	83332.Rv1608c	156	118
3010481	83332.Rv0548c	527	738
3011248	83332.Rv1301	251	203
3011994	83332.Rv2037c	36.2	56
3013374	83332.Rv3392c	222	649
3010668	83332.Rv0730	748	955
3010229	83332.Rv0301	167	125
3011133	83332.Rv1187	77.1	169
3010480	83332.Rv0547c	107	132
3011241	83332.Rv1294	302	478
3010658	83332.Rv0721	1759	1353
3010313	83332.Rv0385	16.7	21
3012592	83332.Rv2623	3972	3954
3012396	83332.Rv2431c	85.1	45
3013903	83332.Rv3914	1719	1122
3010488	83332.Rv0555	120	210
3011314	83332.Rv1366	15.4	17
3012824	83332.Rv2854	24.0	46
3009969	83332.Rv0044c	468	325
3010709	83332.Rv0769	169	175
3012529	83332.Rv2562	6.31	3
3012308	83332.Rv2344c	98.4	168
3010044	83332.Rv0118c	19.3	63
3012147	83332.Rv2190c	11.4	11
3013405	83332.Rv3422c	8.33	6
3011569	83332.Rv1616	1.67	1
3011052	83332.Rv1108c	25.5	47
3013427	83332.Rv3444c	1.31	1
3013771	83332.Rv3782	33.0	50
3010066	83332.Rv0140	283	78
3013192	83332.Rv3214	447	480
3013360	83332.Rv3378c	4.23	8
3010322	83332.Rv0394c	110	65
3010237	83332.Rv0309	532	228
3013750	83332.Rv3763	7858	3064
3013794	83332.Rv3805c	17.7	56
3010642	83332.Rv0705	1681	611
3011319	83332.Rv1371	3.06	5
3013391	83332.Rv3408	31.2	26
3013305	83332.Rv3323c	101	142
3011469	83332.Rv1516c	14.4	27
3011372	83332.Rv1424c	20.0	16
3010395	83332.Rv0466	318	411
3011164	83332.Rv1218c	61.0	101
3011224	83332.Rv1278	4.77	21
3011797	83332.Rv1842c	11.1	21
3011812	83332.Rv1857	40.0	31
3010216	83332.Rv0288	810	118
3013873	83332.Rv3884c	5.03	10
3010199	83332.Rv0271c	311	872
3012729	83332.Rv2759c	11.9	8
3012400	83332.Rv2435c	0.206	1
3012979	83332.Rv3005c	4.71	4
3011976	83332.Rv2019	42.6	32
3011266	83332.Rv1319c	15.2	23
3011642	83332.Rv1688	14.9	13
3012767	83332.Rv2797c	2.06	3
3013261	83332.Rv3280	853	1990
3010339	83332.Rv0411c	489	433
3011093	83332.Rv1147	4.24	5
3010689	83332.Rv0750	49.4	34
3013075	83332.Rv3100c	37.7	19
3013016	83332.Rv3041c	63.0	79
3012989	83332.Rv3015c	121	185
3010220	83332.Rv0292	178	332
3012339	83332.Rv2375	59.4	34
3013488	83332.Rv3505	66.1	78
3012687	83332.Rv2718c	191	101
3010033	83332.Rv0107c	25.0	164
3010514	83332.Rv0581	49.5	13
3010792	83332.Rv0851c	7.89	11
3011087	83332.Rv1141c	75.7	94
3009940	83332.Rv0015c	200	361
3013795	83332.Rv3806c	52.8	76
3012570	83332.Rv2602	29.7	24
3011940	83332.Rv1984c	822	496
3011578	83332.Rv1625c	19.4	32
3010568	83332.Rv0633c	57.9	61
3012118	83332.Rv2161c	327	521
3011191	83332.Rv1245c	505	476
3012301	83332.Rv2337c	8.05	8
3012236	83332.Rv2278	50.5	252
3010648	83332.Rv0711	174	453
3013341	83332.Rv3359	1.96	3
3013102	83332.Rv3127	930	1402
3010846	83332.Rv0905	695	963
3010132	83332.Rv0205	2.07	3
3011490	83332.Rv1537	2.2	3
3012321	83332.Rv2357c	188	504
3013344	83332.Rv3362c	50.3	62
3012375	83332.Rv2410c	141	198
3009977	83332.Rv0052	123	126
3013480	83332.Rv3497c	47.4	67
3011835	83332.Rv1880c	101	210
3013026	83332.Rv3051c	288	929
3013111	83332.Rv3137	195	164
3013806	83332.Rv3817	23.6	39
3011016	83332.Rv1074c	2137	3620
3012115	83332.Rv2159c	3078	4021
3012912	83332.Rv2941	482	1228
3012229	83332.Rv2271	52.2	23
3013865	83332.Rv3876	160	405
3010567	83332.Rv0632c	1992	2017
3012580	83332.Rv2612c	2.67	3
3010476	83332.Rv0543c	102	60
3013522	83332.Rv3539	3.86	3
3013387	83332.Rv3404c	183	218
3010882	83332.Rv0941c	45.2	48
3013501	83332.Rv3518c	33.7	78
3010326	83332.Rv0398c	503	335
3012377	83332.Rv2412	778	92
3010365	83332.Rv0437c	129	168
3013717	83332.Rv3730c	19.8	33
3011533	83332.Rv1580c	15.0	8
3012663	83332.Rv2694c	319	185
3012755	83332.Rv2785c	1334	317
3013785	83332.Rv3796	128	127
3012852	83332.Rv2882c	1506	944
3013860	83332.Rv3871	161	307
3009992	83332.Rv0067c	21.5	17
3010815	83332.Rv0874c	0.401	2
3012180	83332.Rv2222c	615	1074
3012547	83332.Rv2580c	111	184
3011872	83332.Rv1916	94.6	179
3013594	83332.Rv3610c	117	400
3011713	83332.Rv1758	71.7	7
3013002	83332.Rv3027c	0.721	1
3010419	83332.Rv0489	475	617
3010008	83332.Rv0082	21.4	15
3012410	83332.Rv2444c	384	1217
3011203	83332.Rv1257c	136	230
3013514	83332.Rv3531c	22.4	27
3012708	83332.Rv2738c	79.1	24
3010974	83332.Rv1032c	6.96	31
3011807	83332.Rv1852	77.2	76
3013183	83332.Rv3206c	207	395
3010202	83332.Rv0274	128	83
3011310	83332.Rv1362c	153	105
3013482	83332.Rv3499c	23.6	32
3013578	83332.Rv3594	4.73	4
3010771	83332.Rv0830	128	203
3010215	83332.Rv0287	2302	560
3010150	83332.Rv0223c	135	197
3011311	83332.Rv1363c	126	71
3012787	83332.Rv2817c	0.676	2
3010061	83332.Rv0135c	6.09	9
3012720	83332.Rv2750	90.6	53
3010062	83332.Rv0136	28.4	66
3013286	83332.Rv3305c	89.4	159
3013231	83332.Rv3250c	38.6	22
3013748	83332.Rv3761c	123	225
3011023	83332.Rv1081c	5.03	3
3011333	83332.Rv1385	64.3	56
3011205	83332.Rv1259	42.5	57
3013707	83332.Rv3721c	170	360
3011014	83332.Rv1072	177	76
3013471	83332.Rv3488	52.6	24
3011039	83332.Rv1095	71.2	137
3013777	83332.Rv3788	745	317
3013404	83332.Rv3421c	5.59	5
3011235	83332.Rv1289	29.3	29
3011062	83332.Rv1117	192	121
3013589	83332.Rv3605c	4.29	3
3010518	83332.Rv0585c	0.719	2
3011209	83332.Rv1263	75.3	138
3013422	83332.Rv3439c	2.39	2
3011075	83332.Rv1130	91.6	217
3012659	83332.Rv2690c	9.21	24
3013024	83332.Rv3049c	43.9	113
3012702	83332.Rv2733c	10.0	23
3011632	83332.Rv1678	14.8	10
3010164	83332.Rv0236c	0.949	3
3012234	83332.Rv2276	9.14	20
3011176	83332.Rv1230c	24.2	18
3012928	83332.Rv2956	153	122
3010101	83332.Rv0175	267	253
3012487	83332.Rv2521	582	339
3013371	83332.Rv3389c	1616	1963
3010254	83332.Rv0326	0.967	1
3010908	83332.Rv0968	1328	687
3010565	83332.Rv0630c	15.8	78
3011496	83332.Rv1543	497	790
3011354	83332.Rv1406	108	101
3012038	83332.Rv2080	62.8	60
3011388	83332.Rv1440	6.96	2
3013176	83332.Rv3199c	20.2	31
3012539	83332.Rv2572c	277	539
3012827	83332.Rv2857c	383	237
3010442	83332.Rv0509	33.8	68
3012128	83332.Rv2171	125	113
3010427	83332.Rv0496	70.7	95
3010583	83332.Rv0646c	51.1	70
3012149	83332.Rv2192c	67.1	116
3013531	83332.Rv3548c	64.9	82
3013797	83332.Rv3808c	84.3	241
3010264	83332.Rv0336	0.14	1
3010579	83332.Rv0642c	664	1291
3013911	83332.Rv3922c	6.24	3
3011216	83332.Rv1270c	1628	1726
3010966	83332.Rv1025	84.1	62
3011000	83332.Rv1058	129	330
3013017	83332.Rv3042c	115	276
3011836	83332.Rv1881c	51.0	40
3012469	83332.Rv2503c	166	122
3012581	83332.Rv2613c	88.0	77
3011509	83332.Rv1556	75.3	79
3013058	83332.Rv3083	3.77	8
3011270	83332.Rv1322A	51.0	23
3013383	83332.Rv3400	527	534
3010483	83332.Rv0550c	43.4	19
3010890	83332.Rv0950c	3.85	3
3012170	83332.Rv2213	314	855
3010308	83332.Rv0380c	18.3	17
3011693	83332.Rv1738	2914	1236
3012551	83332.Rv2584c	175	231
3012168	83332.Rv2211c	1038	803
3010656	83332.Rv0719	1687	1033
3013631	83332.Rv3647c	26.5	24
3011321	83332.Rv1373	7.43	13
3010079	83332.Rv0153c	166	170
3011109	83332.Rv1163	11.5	15
3010928	83332.Rv0987	4.54	13
3010040	83332.Rv0114	1.58	3
3012572	83332.Rv2604c	134	118
3010332	83332.Rv0404	41.2	92
3010438	83332.Rv0505c	120	154
3013820	83332.Rv3831	6.45	3
3011478	83332.Rv1525	1.76	2
3013063	83332.Rv3088	46.8	71
3010003	83332.Rv0078	33.2	37
3013629	83332.Rv3645	38.4	76
3010706	83332.Rv0766c	3.08	9
3011723	83332.Rv1767	139	83
3013775	83332.Rv3786c	56.1	98
3011570	83332.Rv1617	534	1286
3011819	83332.Rv1864c	62.6	58
3013322	83332.Rv3340	330	613
3011349	83332.Rv1401	4.25	3
3013902	83332.Rv3913	269	454
3012155	83332.Rv2198c	261	284
3012803	83332.Rv2833c	13.9	15
3012965	83332.Rv2992c	375	838
3012865	83332.Rv2895c	555	431
3013855	83332.Rv3866	129	118
3013745	83332.Rv3758c	27.4	64
3010623	83332.Rv0686	257	273
3012370	83332.Rv2405	61.3	59
3011990	83332.Rv2033c	13.7	19
3013723	83332.Rv3736	9.38	13
3013182	83332.Rv3205c	290	377
3013831	83332.Rv3842c	75.2	95
3010489	83332.Rv0556	20.6	14
3010492	83332.Rv0559c	814	270
3013743	83332.Rv3756c	14.0	11
3012889	83332.Rv2919c	476	189
3012678	83332.Rv2709	25.6	8
3010614	83332.Rv0677c	258	221
3012707	83332.Rv2737c	51.1	181
3011550	83332.Rv1597	66.3	79
3012593	83332.Rv2624c	337	484
3010052	83332.Rv0126	309	764
3012531	83332.Rv2564	259	409
3010019	83332.Rv0093c	11.1	13
3011651	83332.Rv1697	37.6	67
3013537	83332.Rv3554	12.8	42
3010581	83332.Rv0644c	559	1070
3012316	83332.Rv2352c	2.12	1
3009972	83332.Rv0047c	54.4	43
3010560	83332.Rv0625c	0.904	1
3011674	83332.Rv1719	40.7	57
3013910	83332.Rv3921c	164	180
3011870	83332.Rv1914c	34.7	26
3010864	83332.Rv0923c	53.6	76
3010474	83332.Rv0541c	0.705	1
3011102	83332.Rv1157c	30.0	16
3010388	83332.Rv0459	9.81	9
3013143	83332.Rv3169	704	1074
3013789	83332.Rv3800c	1325	8617
3011104	83332.Rv1159	2.11	4
3011868	83332.Rv1912c	139	173
3013150	83332.Rv3176c	0.751	1
3012077	83332.Rv2121c	219	311
3011700	83332.Rv1745c	6.86	6
3011356	83332.Rv1408	193	74
3012601	83332.Rv2632c	1431	482
3013114	83332.Rv3140	303	432
3012427	83332.Rv2461c	2421	1732
3012160	83332.Rv2203	113	113
3013156	83332.Rv3182	12.5	21
3011546	83332.Rv1593c	162	176
3012589	83332.Rv2620c	2.96	3
3010487	83332.Rv0554	131	148
3010604	83332.Rv0667	921	4663
3012831	83332.Rv2861c	312	240
3010605	83332.Rv0668	1183	6201
3011124	83332.Rv1178	168	156
3010285	83332.Rv0357c	188	248
3010509	83332.Rv0576	285	484
3013781	83332.Rv3792	4.7	14
3012789	83332.Rv2819c	1.07	1
3013145	83332.Rv3171c	0.393	1
3013339	83332.Rv3357	52.3	22
3012741	83332.Rv2771c	58.6	38
3012475	83332.Rv2509	444	573
3011423	83332.Rv1474c	10.8	8
3012336	83332.Rv2372c	10.2	11
3010305	83332.Rv0377	4.22	8
3011455	83332.Rv1504c	1.51	1
3010742	83332.Rv0801	395	299
3013592	83332.Rv3608c	54.0	87
3012984	83332.Rv3010c	685	710
3011359	83332.Rv1411c	2040	1059
3012988	83332.Rv3014c	116	326
3010177	83332.Rv0249c	130	107
3011554	83332.Rv1601	531	239
3012087	83332.Rv2131c	338	456
3010837	83332.Rv0896	2783	5188
3011789	83332.Rv1834	16.1	13
3013109	83332.Rv3135	25.9	20
3010531	83332.Rv0597c	28.1	45
3013027	83332.Rv3052c	47.7	48
3012489	83332.Rv2523c	209	64
3013695	83332.Rv3709c	323	652
3013688	83332.Rv3703c	7.09	12
3010865	83332.Rv0924c	1.36	2
3011515	83332.Rv1562c	2.65	6
3010090	83332.Rv0164	1696	769
3009933	83332.Rv0008c	294	133
3010720	83332.Rv0780	352	599
3011482	83332.Rv1529	69.2	360
3011992	83332.Rv2035	191	137
3010108	83332.Rv0182c	29.7	51
3011013	83332.Rv1071c	550	687
3011717	83332.Rv1762c	99.4	100
3011012	83332.Rv1070c	980	981
3012163	83332.Rv2206	36.9	13
3011539	83332.Rv1586c	17.6	35
3011391	83332.Rv1443c	150	104
3010093	83332.Rv0167	110	79
3010098	83332.Rv0172	325	624
3013876	83332.Rv3887c	18.7	31
3012484	83332.Rv2518c	62.1	77
3011658	83332.Rv1704c	7.28	12
3010880	83332.Rv0939	148	332
3012496	83332.Rv2530A	61.8	19
3010701	83332.Rv0761c	2032	2525
3011629	83332.Rv1675c	5.75	6
3010468	83332.Rv0535	80.4	78
3010369	83332.Rv0441c	17.6	17
3012962	83332.Rv2989	116	118
3010703	83332.Rv0763c	35.6	14
3013630	83332.Rv3646c	306	1286
3013614	83332.Rv3630	0.777	2
3013517	83332.Rv3534c	151	217
3012260	83332.Rv2302	2107	613
3011538	83332.Rv1585c	3.61	3
3010340	83332.Rv0412c	119	220
3011229	83332.Rv1283c	11.2	18
3012516	83332.Rv2549c	6.02	4
3010251	83332.Rv0323c	20.3	18
3010913	83332.Rv0973c	39.4	106
3011531	83332.Rv1578c	12.1	8
3010391	83332.Rv0462	1986	3814
3010504	83332.Rv0571c	109	205
3010741	83332.Rv0800	222	410
3011167	83332.Rv1221	17.4	23
3010503	83332.Rv0570	107	281
3010621	83332.Rv0684	917	2881
3012923	83332.Rv2951c	381	727
3013267	83332.Rv3286c	33.9	40
3010096	83332.Rv0170	379	642
3013666	83332.Rv3681c	2.13	1
3010097	83332.Rv0171	256	406
3012692	83332.Rv2723	1.38	2
3011826	83332.Rv1871c	809	403
3012494	83332.Rv2528c	215	321
3013174	83332.Rv3198A	332	177
3011645	83332.Rv1691	7.92	9
3012674	83332.Rv2705c	43.8	35
3011217	83332.Rv1271c	38.2	19
3009981	83332.Rv0056	887	557
3010713	83332.Rv0773c	178	307
3013604	83332.Rv3620c	383	730
3010169	83332.Rv0241c	237	225
3011380	83332.Rv1432	13.4	19
3012327	83332.Rv2363	119	230
3012717	83332.Rv2747	27.4	20
3012022	83332.Rv2065	57.0	53
3011564	83332.Rv1611	666	1082
3012143	83332.Rv2186c	23.9	7
3013509	83332.Rv3526	99.4	192
3010971	83332.Rv1029	1.12	1
3010116	83332.Rv0190	184	109
3013093	83332.Rv3118	1626	1457
3013202	83332.Rv3223c	217	215
3012243	83332.Rv2285	60.4	130
3013010	83332.Rv3035	46.5	43
3012941	83332.Rv2969c	522	651
3010861	83332.Rv0920c	0.738	2
3010521	83332.Rv0588	4.53	6
3012248	83332.Rv2290	347	151
3011774	83332.Rv1819c	67.6	216
3011878	83332.Rv1922	49.9	71
3010785	83332.Rv0844c	183	172
3012579	83332.Rv2611c	28.9	29
3012492	83332.Rv2526	206	81
3012769	83332.Rv2799	424	398
3011259	83332.Rv1312	10.8	9
3013529	83332.Rv3546	135	178
3012530	83332.Rv2563	417	527
3012913	83332.Rv2942	62.4	214
3011839	83332.Rv1884c	116	56
3012764	83332.Rv2794c	56.9	45
3013164	83332.Rv3190c	17.5	32
3013896	83332.Rv3907c	140	311
3012576	83332.Rv2608	2.66	2
3013468	83332.Rv3485c	199	286
3011710	83332.Rv1755c	8.12	18
3012386	83332.Rv2421c	111	85
3010655	83332.Rv0718	2002	1039
3010473	83332.Rv0540	10.9	12
3013249	83332.Rv3268	142	116
3012562	83332.Rv2595	89.0	19
3012731	83332.Rv2761c	0.985	2
3010417	83332.Rv0487	43.4	31
3009963	83332.Rv0038	75.6	113
3010026	83332.Rv0100	24.6	9
3012955	83332.Rv2982c	164	164
3012654	83332.Rv2685	1.28	2
3011017	83332.Rv1075c	1.33	1
3009931	83332.Rv0006	353	1347
3011545	83332.Rv1592c	78.2	94
3011783	83332.Rv1828	31.8	31
3013655	83332.Rv3671c	274	355
3011004	83332.Rv1062	28.8	30
3013105	83332.Rv3131	395	585
3012665	83332.Rv2696c	198	204
3011600	83332.Rv1646	36.7	8
3013790	83332.Rv3801c	1672	4615
3012658	83332.Rv2689c	28.2	47
3009965	83332.Rv0040c	361	350
3010125	83332.Rv0198c	209	539
3013239	83332.Rv3258c	24.5	13
3011287	83332.Rv1339	276	322
3012482	83332.Rv2516c	29.5	43
3010430	83332.Rv0499	13.4	18
3010730	83332.Rv0789c	4.71	4
3012188	83332.Rv2230c	76.4	88
3013660	83332.Rv3676	900	914
3012813	83332.Rv2843	19.3	10
3010804	83332.Rv0863	673	210
3011116	83332.Rv1170	201	253
3013524	83332.Rv3541c	39.0	33
3010234	83332.Rv0306	2.4	3
3013784	83332.Rv3795	69.1	260
3013094	83332.Rv3119	205	176
3012282	83332.Rv2319c	39.1	34
3013108	83332.Rv3134c	406	330
3012892	83332.Rv2922A	269	168
3013590	83332.Rv3606c	41.6	30
3011100	83332.Rv1155	245	127
3013591	83332.Rv3607c	240	139
3010405	83332.Rv0475	2107	1406
3011775	83332.Rv1820	172	359
3013859	83332.Rv3870	78.2	221
3010499	83332.Rv0566c	943	540
3012701	83332.Rv2732c	55.8	51
3011804	83332.Rv1849	60.3	35
3013611	83332.Rv3627c	95.3	171
3012540	83332.Rv2573	7.55	8
3010421	83332.Rv0491	216	229
3013528	83332.Rv3545c	69.3	159
3010527	83332.Rv0593	10.1	37
3012728	83332.Rv2758c	14.7	6
3010493	83332.Rv0560c	87.8	138
3012145	83332.Rv2188c	22.7	34
3010849	83332.Rv0908	9.7	34
3013842	83332.Rv3853	422	305
3011916	83332.Rv1960c	9.7	3
3012028	83332.Rv2071c	5.87	6
3010409	83332.Rv0479c	282	427
3010432	83332.Rv0500A	525	245
3013175	83332.Rv3198c	21.5	67
3010356	83332.Rv0428c	39.4	65
3013909	83332.Rv3920c	431	368
3012850	83332.Rv2880c	3.36	5
3012197	83332.Rv2240c	83.6	85
3012834	83332.Rv2864c	1.06	2
3012296	83332.Rv2332	29.8	68
3012293	83332.Rv2330c	31.2	22
3012361	83332.Rv2397c	7.23	11
3013800	83332.Rv3811	1.28	2
3010353	83332.Rv0425c	11.1	52
3010779	83332.Rv0838	43.6	64
3011703	83332.Rv1748	39.1	34
3013608	83332.Rv3624c	58.4	70
3013123	83332.Rv3149	390	311
3013162	83332.Rv3188	45.2	26
3013612	83332.Rv3628	2280	893
3011820	83332.Rv1865c	48.2	67
3012408	83332.Rv2442c	1649	477
3010161	83332.Rv0234c	519	1264
3012736	83332.Rv2766c	450	338
3013416	83332.Rv3433c	133	184
3011088	83332.Rv1142c	24.5	28
3010840	83332.Rv0899	145	188
3010926	83332.Rv0985c	97.6	75
3013358	83332.Rv3376	69.5	63
3010243	83332.Rv0315	3353	2167
3013395	83332.Rv3412	24.3	16
3011764	83332.Rv1809	26.1	21
3013897	83332.Rv3908	125	107
3012047	83332.Rv2089c	79.2	96
3013554	83332.Rv3570c	326	500
3009989	83332.Rv0064	0.488	3
3011709	83332.Rv1754c	33.3	71
3013569	83332.Rv3585	3.25	7
3013557	83332.Rv3573c	12.5	42
3010385	83332.Rv0456c	67.1	73
3010731	83332.Rv0790c	8.85	10
3011186	83332.Rv1240	1463	2054
3009937	83332.Rv0012	32.9	33
3013867	83332.Rv3878	18.4	12
3012129	83332.Rv2172c	383	433
3013394	83332.Rv3411c	385	945
3010822	83332.Rv0881	2.82	4
3012694	83332.Rv2725c	20.2	48
3010866	83332.Rv0925c	842	857
3011245	83332.Rv1298	573	144
3013340	83332.Rv3358	34.8	11
3012560	83332.Rv2593c	112	119
3011657	83332.Rv1703c	292	413
3013336	83332.Rv3354	3224	307
3012499	83332.Rv2532c	7.85	3
3012181	83332.Rv2223c	31.3	91
3010013	83332.Rv0087	26.8	35
3012089	83332.Rv2133c	14.6	14
3013535	83332.Rv3552	22.9	35
3010721	83332.Rv0781	7.33	8
3010345	83332.Rv0417	74.5	57
3012657	83332.Rv2688c	5.24	6
3013309	83332.Rv3327	6.63	17
3011840	83332.Rv1885c	70.1	80
3012873	83332.Rv2903c	87.7	109
3012426	83332.Rv2460c	1621	1153
3009936	83332.Rv0011c	208	12
3010698	83332.Rv0758	72.2	159
3010236	83332.Rv0308	154	141
3011662	83332.Rv1707	13.3	14
3011443	83332.Rv1493	70.7	193
3012442	83332.Rv2476c	444	3251
3012677	83332.Rv2708c	142	41
3011069	83332.Rv1124	66.3	89
3013722	83332.Rv3735	7.06	7
3013434	83332.Rv3451	46.2	33
3012290	83332.Rv2327	85.0	67
3012381	83332.Rv2416c	362	658
3013009	83332.Rv3034c	33.7	48
3013280	83332.Rv3299c	79.4	281
3011630	83332.Rv1676	119	106
3011861	83332.Rv1905c	118	174
3011462	83332.Rv1509	21.2	20
3010675	83332.Rv0737	13.9	8
3012501	83332.Rv2534c	1075	304
3011374	83332.Rv1426c	28.9	61
3009985	83332.Rv0060	39.0	77
3012054	83332.Rv2096c	127	127
3011882	83332.Rv1926c	2647	1763
3010475	83332.Rv0542c	23.2	40
3013132	83332.Rv3158	50.8	78
3011618	83332.Rv1664	5.17	20
3012802	83332.Rv2832c	3.17	5
3010004	83332.Rv0078A	248	156
3013526	83332.Rv3543c	15.7	22
3010554	83332.Rv0619	5.8	7
3012446	83332.Rv2480c	50.5	252
3012521	83332.Rv2554c	50.2	45
3012969	83332.Rv2996c	1140	2836
3011955	83332.Rv1998c	71.9	56
3013788	83332.Rv3799c	251	689
3013587	83332.Rv3603c	81.0	68
3011144	83332.Rv1198	708	1202
3012048	83332.Rv2090	55.3	96
3012872	83332.Rv2902c	10.2	11
3011234	83332.Rv1288	121	257
3012238	83332.Rv2280	798	1297
3012519	83332.Rv2552c	39.3	34
3012574	83332.Rv2606c	601	853
3010494	83332.Rv0561c	12.5	21
3011867	83332.Rv1911c	443	154
3011530	83332.Rv1577c	2.6	2
3010819	83332.Rv0878c	0.952	1
3011611	83332.Rv1657	36.7	44
3013847	83332.Rv3858c	213	493
3012891	83332.Rv2921c	156	246
3010700	83332.Rv0760c	260	196
3013854	83332.Rv3865	775	486
3013567	83332.Rv3583c	535	354
3013884	83332.Rv3895c	36.3	92
3010490	83332.Rv0557	2.21	2
3011701	83332.Rv1746	158	249
3013251	83332.Rv3270	253	646
3013160	83332.Rv3186	50.5	252
3011019	83332.Rv1077	627	1455
3011286	83332.Rv1338	72.4	98
3012703	83332.Rv2734	3.88	6
3010844	83332.Rv0903c	299	374
3010957	83332.Rv1016c	49.8	62
3013923	83332.Rv4009	32.5	10
3010502	83332.Rv0569	2034	695
3010242	83332.Rv0314c	96.6	64
3012748	83332.Rv2778c	363	140
3011958	83332.Rv2001	72.5	75
3012358	83332.Rv2394	153	323
3010048	83332.Rv0122	8.11	4
3013179	83332.Rv3202c	0.692	2
3013379	83332.Rv3396c	356	656
3011267	83332.Rv1320c	32.1	54
3012816	83332.Rv2846c	31.9	44
3011136	83332.Rv1190	25.9	24
3012888	83332.Rv2918c	5.01	21
3011142	83332.Rv1196	305	395
3010986	83332.Rv1044	4.26	3
3011817	83332.Rv1862	53.0	72
3013355	83332.Rv3373	52.3	88
3010224	83332.Rv0296c	301	610
3012269	83332.Rv2307c	29.2	37
3011673	83332.Rv1718	5.78	11
3013106	83332.Rv3132c	148	369
3011504	83332.Rv1551	9.45	20
3010939	83332.Rv0998	14.5	25
3011610	83332.Rv1656	374	316
3013582	83332.Rv3598c	166	304
3012588	83332.Rv2619c	266	138
3012534	83332.Rv2567	80.0	325
3012669	83332.Rv2700	197	143
3012753	83332.Rv2783c	1117	3425
3013124	83332.Rv3150	228	406
3013496	83332.Rv3513c	20.3	43
3012351	83332.Rv2387	14.2	18
3010110	83332.Rv0184	71.6	62
3010071	83332.Rv0145	19.1	44
3013827	83332.Rv3838c	178	277
3013878	83332.Rv3889c	11.6	15
3011251	83332.Rv1304	77.6	74
3012183	83332.Rv2225	74.2	49
3012605	83332.Rv2636	14.8	13
3010479	83332.Rv0546c	414	230
3013418	83332.Rv3435c	4.74	6
3010622	83332.Rv0685	6549	13003
3011573	83332.Rv1620c	17.2	34
3012596	83332.Rv2627c	345	616
3011098	83332.Rv1153c	20.4	17
3012468	83332.Rv2502c	59.1	160
3013366	83332.Rv3384c	61.9	30
3010929	83332.Rv0988	4.57	9
3010584	83332.Rv0647c	129	293
3012949	83332.Rv2976c	149	127
3012661	83332.Rv2692	223	262
3011492	83332.Rv1539	2.44	3
3013871	83332.Rv3882c	76.8	153
3012384	83332.Rv2419c	95.8	101
3013096	83332.Rv3121	24.5	31
3013354	83332.Rv3372	130	167
3012690	83332.Rv2721c	829	1761
3012356	83332.Rv2392	129	140
3010733	83332.Rv0792c	22.7	17
3011794	83332.Rv1839c	27.7	8
3012896	83332.Rv2925c	58.7	93
3012930	83332.Rv2958c	43.6	69
3012884	83332.Rv2914c	27.0	59
3012818	83332.Rv2848c	10.6	19
3010990	83332.Rv1048c	26.2	25
3011506	83332.Rv1553	11.5	12
3011741	83332.Rv1785c	31.1	48
3010472	83332.Rv0539	28.4	22
3013886	83332.Rv3897c	21.4	11
3013593	83332.Rv3609c	124	78
3013364	83332.Rv3382c	9.0	13
3012439	83332.Rv2473	47.7	47
3013721	83332.Rv3734c	473	875
3013835	83332.Rv3846	4267	3348
3011244	83332.Rv1297	603	1492
3009934	83332.Rv0009	2803	2925
3012111	83332.Rv2155c	113	247
3011262	83332.Rv1315	93.9	157
3011631	83332.Rv1677	271	77
3013474	83332.Rv3491	380	131
3013845	83332.Rv3856c	50.6	78
3012934	83332.Rv2962c	31.1	69
3013585	83332.Rv3601c	41.6	15
3011448	83332.Rv1498A	2816	880
3011952	83332.Rv1995	32.6	37
3010839	83332.Rv0898c	501	175
3010891	83332.Rv0951	1497	2357
3013291	83332.Rv3310	580	368
3010144	83332.Rv0217c	28.8	31
3012591	83332.Rv2622	102	116
3012461	83332.Rv2495c	235	393
3012670	83332.Rv2701c	143	178
3010985	83332.Rv1043c	3.82	5
3011159	83332.Rv1213	71.6	141
3010288	83332.Rv0360c	478	157
3011781	83332.Rv1826	327	130
3011738	83332.Rv1782	242	382
3013447	83332.Rv3464	425	585
3013056	83332.Rv3081	15.8	24
3009983	83332.Rv0058	2.15	8
3011934	83332.Rv1978	193	212
3010575	83332.Rv0638	586	206
3009988	83332.Rv0063	300	355
3012811	83332.Rv2841c	260	356
3012976	83332.Rv3002c	214	178
3013245	83332.Rv3264c	227	375
3012114	83332.Rv2158c	258	652
3013282	83332.Rv3301c	193	223
3013054	83332.Rv3079c	99.7	106
3010182	83332.Rv0254c	10.1	6
3013256	83332.Rv3275c	212	121
3011318	83332.Rv1370c	50.5	252
3010718	83332.Rv0778	26.7	46
3012072	83332.Rv2116	24.9	28
3012470	83332.Rv2504c	322	237
3010424	83332.Rv0493c	29.3	50
3009955	83332.Rv0030	29.9	11
3009974	83332.Rv0049	5.1	3
3011801	83332.Rv1846c	113	60
3012571	83332.Rv2603c	544	376
3012538	83332.Rv2571c	60.4	61
3010855	83332.Rv0914c	61.0	112
3012005	83332.Rv2048c	66.4	963
3012057	83332.Rv2101	26.1	132
3010826	83332.Rv0885	15.3	31
3010379	83332.Rv0451c	54.1	31
3012289	83332.Rv2326c	49.1	164
3013558	83332.Rv3574	34.1	41
3013628	83332.Rv3644c	29.0	59
3012799	83332.Rv2829c	16.4	11
3012258	83332.Rv2300c	38.8	35
3012507	83332.Rv2540c	136	287
3011342	83332.Rv1394c	1.68	5
3011230	83332.Rv1284	1822	1258
3010511	83332.Rv0578c	1.93	4
3010277	83332.Rv0349	77.2	66
3010466	83332.Rv0533c	149	186
3013677	83332.Rv3692	308	536
3013398	83332.Rv3415c	5.11	9
3012103	83332.Rv2147c	45.3	43
3012863	83332.Rv2893	29.0	54
3011197	83332.Rv1251c	4.77	22
3012413	83332.Rv2447c	88.3	161
3010188	83332.Rv0260c	2.34	4
3011036	83332.Rv1092c	52.5	67
3012964	83332.Rv2991	90.9	90
3010319	83332.Rv0391	329	652
3010843	83332.Rv0902c	159	246
3013791	83332.Rv3802c	89.6	101
3013773	83332.Rv3784	19.1	25
3011046	83332.Rv1102c	3.2	1
3013091	83332.Rv3116	35.9	60
3011586	83332.Rv1633	28.1	86
3012621	83332.Rv2652c	7.41	7
3013709	83332.Rv3723	280	204
3011228	83332.Rv1282c	3.92	2
3013446	83332.Rv3463	369	388
3011964	83332.Rv2007c	677	347
3011021	83332.Rv1079	462	648
3011772	83332.Rv1817	38.4	73
3011011	83332.Rv1069c	45.8	100
3010968	83332.Rv1027c	10.2	15
3010309	83332.Rv0381c	16.6	14
3013034	83332.Rv3059	39.8	86
3013927	83332.Rv4013	95.6	28
3010127	83332.Rv0200	126	101
3010916	83332.Rv0976c	3.0	7
3012012	83332.Rv2055c	32.8	12
3010817	83332.Rv0876c	6.0	9
3010354	83332.Rv0426c	884	173
3011222	83332.Rv1276c	271	208
3011736	83332.Rv1780	209	175
3010727	83332.Rv0787	261	297
3013713	83332.Rv3726	153	298
3013377	83332.Rv3395A	24.9	16
3013138	83332.Rv3164c	9.69	17
3013289	83332.Rv3308	25.9	57
3010368	83332.Rv0440	26905	53738
3010441	83332.Rv0508	147	50
3013385	83332.Rv3402c	1.01	1
3011324	83332.Rv1376	1.36	14
3011949	83332.Rv1992c	21.6	39
3013033	83332.Rv3058c	98.8	99
3011429	83332.Rv1480	164	238
3012684	83332.Rv2715	123	215
3013493	83332.Rv3510c	59.3	67
3011742	83332.Rv1786	23.7	3
3011338	83332.Rv1390	366	143
3013632	83332.Rv3648c	8187	1608
3010744	83332.Rv0803	193	619
3012385	83332.Rv2420c	70.6	48
3011607	83332.Rv1653	142	238
3012524	83332.Rv2557	519	578
3010906	83332.Rv0966c	69.7	64
3012680	83332.Rv2711	935	926
3011421	83332.Rv1473	24.2	65
3012096	83332.Rv2140c	2935	2024
3010461	83332.Rv0528	19.4	37
3012144	83332.Rv2187	416	1371
3011110	83332.Rv1164	7.28	11
3010812	83332.Rv0871	305	209
3012583	83332.Rv2614c	232	613
3011793	83332.Rv1838c	37.7	28
3010578	83332.Rv0641	1228	1062
3012548	83332.Rv2581c	160	187
3010670	83332.Rv0732	33.5	70
3011784	83332.Rv1829	470	346
3011502	83332.Rv1549	12.3	12
3012695	83332.Rv2726c	106	92
3013852	83332.Rv3863	99.3	110
3010407	83332.Rv0477	329	167
3013659	83332.Rv3675	2.69	2
3013254	83332.Rv3273	278	645
3011938	83332.Rv1982c	13.5	6
3011295	83332.Rv1347c	13.2	13
3013544	83332.Rv3561	4.94	10
3013455	83332.Rv3472	37.6	24
3012394	83332.Rv2429	537	388
3012975	83332.Rv3001c	1724	3039
3012908	83332.Rv2937	27.6	34
3011163	83332.Rv1217c	16.7	35
3012186	83332.Rv2228c	116	220
3012004	83332.Rv2047c	30.7	106
3010053	83332.Rv0127	143	321
3009941	83332.Rv0016c	66.9	143
3011200	83332.Rv1254	0.542	1
3010879	83332.Rv0938	14.3	40
3013653	83332.Rv3669	667	308
3013041	83332.Rv3066	7.63	7
3013669	83332.Rv3684	130	206
3010919	83332.Rv0979A	1870	319
3010112	83332.Rv0186	57.6	131
3013342	83332.Rv3360	10.7	10
3010616	83332.Rv0679c	158	55
3012224	83332.Rv2266	2.06	5
3013615	83332.Rv3631	38.1	47
3010226	83332.Rv0298	143	46
3010736	83332.Rv0795	50.5	252
3010058	83332.Rv0132c	1.23	2
3010394	83332.Rv0465c	25.2	60
3013503	83332.Rv3520c	302	516
3012945	83332.Rv2972c	1.54	2
3012024	83332.Rv2067c	98.0	224
3013137	83332.Rv3163c	0.449	1
3012429	83332.Rv2463	38.5	61
3010349	83332.Rv0421c	155	110
3013749	83332.Rv3762c	12.1	35
3011667	83332.Rv1712	117	98
3010445	83332.Rv0512	278	416
3012198	83332.Rv2241	1079	3458
3010739	83332.Rv0798c	976	1305
3010793	83332.Rv0852	43.0	53
3011288	83332.Rv1340	427	496
3011853	83332.Rv1897c	28.2	11
3011345	83332.Rv1397c	143	67
3012911	83332.Rv2940c	839	7338
3012110	83332.Rv2154c	0.332	1
3012754	83332.Rv2784c	101	65
3012393	83332.Rv2428	495	633
3012035	83332.Rv2077c	1.5	2
3012541	83332.Rv2574	65.3	49
3010803	83332.Rv0862c	54.8	167
3011969	83332.Rv2012	15.9	13
3012464	83332.Rv2498c	310	356
3013561	83332.Rv3577	0.768	1
3011058	83332.Rv1114	36.8	21
3012106	83332.Rv2150c	363	563
3013346	83332.Rv3364c	72.0	16
3013519	83332.Rv3536c	209	205
3012383	83332.Rv2418c	60.9	64
3011089	83332.Rv1143	180	255
3013359	83332.Rv3377c	6.41	16
3013186	83332.Rv3208A	1964	1055
3010121	83332.Rv0194	0.565	4
3012926	83332.Rv2954c	75.0	86
3012724	83332.Rv2754c	189	207
3012433	83332.Rv2467	1076	3319
3011393	83332.Rv1445c	435	384
3011381	83332.Rv1433	6.29	7
3011086	83332.Rv1140	18.9	22
3010172	83332.Rv0244c	153	596
3010537	83332.Rv0603	64.2	24
3010569	83332.Rv0634A	647	213
3013046	83332.Rv3071	27.9	42
3011621	83332.Rv1667c	131	74
3011798	83332.Rv1843c	1004	2118
3012415	83332.Rv2449c	125	269
3013665	83332.Rv3680	137	283
3010342	83332.Rv0414c	50.0	47
3011477	83332.Rv1524	19.6	43
3010967	83332.Rv1026	52.9	70
3010203	83332.Rv0275c	50.0	46
3012849	83332.Rv2879c	4.47	3
3013266	83332.Rv3285	1655	3980
3012906	83332.Rv2935	348	2142
3012104	83332.Rv2148c	36.7	47
3013470	83332.Rv3487c	60.0	92
3012257	83332.Rv2299c	754	2385
3013242	83332.Rv3261	91.7	142
3010105	83332.Rv0179c	27.9	46
3011231	83332.Rv1285	44.3	76
3012503	83332.Rv2536	579	328
3013566	83332.Rv3582c	166	205
3013712	83332.Rv3725	23.2	34
3011614	83332.Rv1660	30.6	65
3010640	83332.Rv0703	1667	471
3011315	83332.Rv1367c	44.7	53
3011555	83332.Rv1602	126	92
3011915	83332.Rv1959c	19.8	7
3011583	83332.Rv1630	1120	2286
3010403	83332.Rv0473	18.4	43
3013177	83332.Rv3200c	198	362
3011668	83332.Rv1713	27.7	46
3010007	83332.Rv0081	146	56
3011430	83332.Rv1481	93.7	119
3012340	83332.Rv2376c	15015	4623
3011999	83332.Rv2042c	77.7	110
3013415	83332.Rv3432c	122	294
3013277	83332.Rv3296	15.9	97
3012440	83332.Rv2474c	58.8	64
3013898	83332.Rv3909	38.1	87
3010501	83332.Rv0568	147	242
3012745	83332.Rv2775	38.3	31
3013823	83332.Rv3834c	107	194
3011161	83332.Rv1215c	91.0	188
3010810	83332.Rv0869c	3.65	5
3010671	83332.Rv0733	2470	2028
3010513	83332.Rv0580c	1338	1159
3011771	83332.Rv1816	34.3	42
3011395	83332.Rv1447c	108	235
3011966	83332.Rv2009	15.8	8
3013708	83332.Rv3722c	712	1257
3010708	83332.Rv0768	29.1	60
3013703	83332.Rv3717	174	154
3012798	83332.Rv2828c	64.5	70
3010724	83332.Rv0784	26.7	29
3012963	83332.Rv2990c	4.27	5
3012808	83332.Rv2838c	253	213
3012676	83332.Rv2707	14.2	11
3010827	83332.Rv0886	6.08	13
3011243	83332.Rv1296	151	109
3011020	83332.Rv1078	978	509
3010094	83332.Rv0168	24.4	14
3010142	83332.Rv0215c	33.0	53
3010673	83332.Rv0735	2.36	2
3012347	83332.Rv2383c	16.7	97
3013304	83332.Rv3322c	73.3	74
3011293	83332.Rv1345	22.5	40
3010944	83332.Rv1003	76.9	80
3011155	83332.Rv1209	140	51
3012566	83332.Rv2599	41.9	17
3011283	83332.Rv1335	293	142
3013348	83332.Rv3366	28.4	29
3013367	83332.Rv3385c	68.3	23
3012428	83332.Rv2462c	884	1616
3010029	83332.Rv0103c	9.91	30
3012569	83332.Rv2601A	17.4	9
3011409	83332.Rv1461	69.6	259
3012643	83332.Rv2674	468	232
3012652	83332.Rv2683	261	230
3012886	83332.Rv2916c	249	507
3011505	83332.Rv1552	13.5	34
3010192	83332.Rv0264c	44.6	37
3013144	83332.Rv3170	13.3	24
3010786	83332.Rv0845	12.2	27
3010766	83332.Rv0825c	126	130
3013244	83332.Rv3263	1.11	3
3010936	83332.Rv0995	7.04	5
3011899	83332.Rv1943c	24.1	18
3012031	83332.Rv2074	280	180
3010030	83332.Rv0104	0.608	2
3010266	83332.Rv0338c	248	914
3011612	83332.Rv1658	269	559
3010947	83332.Rv1006	274	647
3013287	83332.Rv3306c	155	143
3013551	83332.Rv3567c	10.5	5
3012050	83332.Rv2092c	49.9	214
3010543	83332.Rv0609	23.9	17
3012368	83332.Rv2403c	42.4	35
3010961	83332.Rv1020	42.1	212
3010618	83332.Rv0681	69.6	49
3010761	83332.Rv0820	64.5	73
3011576	83332.Rv1623c	81.4	161
3011556	83332.Rv1603	210	344
3011071	83332.Rv1126c	164	143
3013798	83332.Rv3809c	160	247
3012838	83332.Rv2868c	472	1049
3010006	83332.Rv0080	30.1	15
3011331	83332.Rv1383	101	88
3010260	83332.Rv0332	250	246
3010186	83332.Rv0258c	2.34	2
3011885	83332.Rv1929c	9.42	10
3010310	83332.Rv0382c	45.2	25
3011652	83332.Rv1698	49.3	64
3010131	83332.Rv0204c	6.47	5
3010989	83332.Rv1047	0.094	1
3013645	83332.Rv3661	63.9	70
3010017	83332.Rv0091	69.1	106
3010669	83332.Rv0731c	373	591
3012097	83332.Rv2141c	329	690
3013856	83332.Rv3867	335	193
3012718	83332.Rv2748c	26.1	90
3011566	83332.Rv1613	428	516
3012709	83332.Rv2739c	60.1	95
3011127	83332.Rv1181	480	3255
3010136	83332.Rv0209	0.676	1
3011148	83332.Rv1202	258	340
3012350	83332.Rv2386c	16.6	30
3010690	83332.Rv0751c	157	199
3013796	83332.Rv3807c	133	78
3013746	83332.Rv3759c	119	90
3012552	83332.Rv2585c	40.3	62
3011636	83332.Rv1682	1.4	2
3013448	83332.Rv3465	238	253
3011151	83332.Rv1205	5.22	5
3012042	83332.Rv2084	3.06	7
3012405	83332.Rv2439c	51.3	94
3010752	83332.Rv0811c	101	152
3013399	83332.Rv3416	3.31	1
3013168	83332.Rv3194c	106	132
3012735	83332.Rv2765	391	465
3013268	83332.Rv3287c	13.4	16
3012931	83332.Rv2959c	132	129
3012890	83332.Rv2920c	2.96	2
3012877	83332.Rv2907c	15.3	7
3013646	83332.Rv3662c	18.9	19
3011121	83332.Rv1175c	111	280
3010808	83332.Rv0867c	5.6	3
3011254	83332.Rv1307	495	1036
3013043	83332.Rv3068c	161	392
3012832	83332.Rv2862c	6.82	7
3012662	83332.Rv2693c	0.472	1
3013213	83332.Rv3232c	83.0	115
3010064	83332.Rv0138	20.5	12
3013253	83332.Rv3272	96.4	312
3013126	83332.Rv3152	108	106
3013543	83332.Rv3560c	12.8	25
3011821	83332.Rv1866	39.0	259
3010678	83332.Rv0740	119	119
3011227	83332.Rv1281c	62.1	169
3010075	83332.Rv0149	83.1	125
3010359	83332.Rv0431	338	177
3010396	83332.Rv0467	1316	1746
3010352	83332.Rv0424c	101	34
3009954	83332.Rv0029	30.4	52
3013288	83332.Rv3307	152	139
3010999	83332.Rv1057	0.875	2
3010657	83332.Rv0720	809	301
3010795	83332.Rv0854	554	268
3012925	83332.Rv2953	247	585
3011312	83332.Rv1364c	13.5	42
3010194	83332.Rv0266c	69.4	311
3012878	83332.Rv2908c	869	301
3010320	83332.Rv0392c	128	264
3010191	83332.Rv0263c	37.8	39
3010664	83332.Rv0726c	16.1	41
3013774	83332.Rv3785	5.31	8
3010043	83332.Rv0117	83.8	84
3012199	83332.Rv2242	48.0	86
3013005	83332.Rv3030	16.0	20
3011432	83332.Rv1483	312	312
3011725	83332.Rv1769	139	151
3013113	83332.Rv3139	353	636
3012555	83332.Rv2588c	141	77
3012760	83332.Rv2790c	155	255
3012522	83332.Rv2555c	226	899
3011459	83332.Rv1507c	88.7	101
3012217	83332.Rv2259	390	533
3012277	83332.Rv2314c	205	394
3011670	83332.Rv1715	1.33	1
3012307	83332.Rv2343c	34.4	103
3011120	83332.Rv1174c	3905	528
3010516	83332.Rv0583c	449	229
3011192	83332.Rv1246c	45.8	27
3012414	83332.Rv2448c	214	871
3012093	83332.Rv2137c	98.4	63
3009959	83332.Rv0034	60.9	40
3011334	83332.Rv1386	160	63
3013310	83332.Rv3328c	45.6	46
3013014	83332.Rv3039c	103	129
3010789	83332.Rv0848	19.8	33
3013498	83332.Rv3515c	92.6	231
3013393	83332.Rv3410c	412	618
3012943	83332.Rv2970c	234	345
3013682	83332.Rv3697c	17.6	11
3012105	83332.Rv2149c	66.5	101
3010558	83332.Rv0623	31.1	8
3010437	83332.Rv0504c	227	180
3010951	83332.Rv1010	35.3	62
3012348	83332.Rv2384	3.31	7
3011913	83332.Rv1957	77.1	47
3013752	83332.Rv3765c	21.3	26
3013919	83332.Rv4005	8.22	2
3012169	83332.Rv2212	125	239
3011829	83332.Rv1874	58.7	73
3010719	83332.Rv0779c	24.4	12
3010597	83332.Rv0660c	35.6	17
3011454	83332.Rv1503c	3.57	2
3011125	83332.Rv1179c	38.5	136
3010497	83332.Rv0564c	70.8	131
3013770	83332.Rv3781	47.6	69
3012211	83332.Rv2253	55.3	36
3012577	83332.Rv2609c	32.1	56
3010212	83332.Rv0284	432	2631
3009952	83332.Rv0027	76.0	43
3011865	83332.Rv1909c	45.7	26
3012216	83332.Rv2258c	1032	1213
3011375	83332.Rv1427c	67.9	152
3011352	83332.Rv1404	415	347
3012637	83332.Rv2668	320	216
3010828	83332.Rv0887c	30.7	27
3013345	83332.Rv3363c	11.0	7
3011108	83332.Rv1162	74.0	159
3011626	83332.Rv1672c	0.879	2
3012848	83332.Rv2878c	1415	1189
3012207	83332.Rv2250A	302	80
3010814	83332.Rv0873	637	2043
3010512	83332.Rv0579	2.14	2
3013485	83332.Rv3502c	91.6	106
3012137	83332.Rv2180c	6.18	6
3009987	83332.Rv0062	239	358
3010054	83332.Rv0128	15.9	8
3011166	83332.Rv1220c	186	177
3012203	83332.Rv2246	1501	2953
3013028	83332.Rv3053c	54.0	13
3011194	83332.Rv1248c	481	2302
3013388	83332.Rv3405c	27.5	25
3011641	83332.Rv1687c	25.6	45
3012515	83332.Rv2548	24.3	18
3012328	83332.Rv2364c	23.1	27
3011377	83332.Rv1429	40.4	84
3011169	83332.Rv1223	382	908
3013149	83332.Rv3175	0.368	1
3011828	83332.Rv1873	20.8	17
3011702	83332.Rv1747	105	403
3012770	83332.Rv2800	0.723	1
3009993	83332.Rv0068	152	267
3012200	83332.Rv2243	282	253
3011864	83332.Rv1908c	2020	7040
3013521	83332.Rv3538	34.1	35
3010158	83332.Rv0231	531	1420
3011574	83332.Rv1621c	8.09	20
3010634	83332.Rv0697	7.54	16
3011473	83332.Rv1520	3.79	7
3012495	83332.Rv2529	29.3	66
3011078	83332.Rv1133c	6302	17043
3011298	83332.Rv1350	39.9	49
3011663	83332.Rv1708	134	201
3011428	83332.Rv1479	1522	2203
3010881	83332.Rv0940c	119	202
3012751	83332.Rv2781c	118	110
3011724	83332.Rv1768	23.6	5
3013815	83332.Rv3826	178	500
3010577	83332.Rv0640	1126	328
3013506	83332.Rv3523	25.3	42
3012000	83332.Rv2043c	109	75
3013575	83332.Rv3591c	76.0	123
3010816	83332.Rv0875c	12.9	11
3011850	83332.Rv1894c	93.9	100
3012874	83332.Rv2904c	1326	512
3013906	83332.Rv3917c	181	317
3012490	83332.Rv2524c	571	6951
3010218	83332.Rv0290	329	529
3012448	83332.Rv2482c	78.0	247
3011408	83332.Rv1460	8.24	8
3012795	83332.Rv2825c	41.5	63
3011988	83332.Rv2031c	36718	18953
3013187	83332.Rv3209	3.7	3
3011495	83332.Rv1542c	7.29	3
3013440	83332.Rv3457c	3007	3831
3012007	83332.Rv2050	758	332
3010877	83332.Rv0936	12.6	11
3013662	83332.Rv3678A	732	151
3010211	83332.Rv0283	474	974
3012871	83332.Rv2901c	622	272
3013656	83332.Rv3672c	126	93
3010159	83332.Rv0232	36.3	33
3012437	83332.Rv2471	8.07	12
3010854	83332.Rv0913c	94.2	173
3013373	83332.Rv3391	5.72	14
3011410	83332.Rv1462	78.9	162
3013479	83332.Rv3496c	43.4	42
3012936	83332.Rv2964	41.9	60
3013095	83332.Rv3120	37.6	35
3013901	83332.Rv3912	0.615	1
3010629	83332.Rv0692	4.33	2
3010829	83332.Rv0888	142	133
3011960	83332.Rv2003c	67.1	110
3013465	83332.Rv3482c	40.1	39
3012069	83332.Rv2113	53.4	80
3013015	83332.Rv3040c	125	193
3012841	83332.Rv2871	35.9	6
3010245	83332.Rv0317c	51.6	62
3012840	83332.Rv2870c	41.2	69
3012554	83332.Rv2587c	140	271
3011750	83332.Rv1795	162	278
3010160	83332.Rv0233	18.6	33
3013306	83332.Rv3324c	48.2	30
3011051	83332.Rv1107c	219	101
3010867	83332.Rv0926c	74.2	172
3011770	83332.Rv1815	356	159
3013426	83332.Rv3443c	1162	697
3012276	83332.Rv2313c	10.4	16
3011037	83332.Rv1093	1111	1923
3013564	83332.Rv3580c	150	389
3011655	83332.Rv1701	16.9	30
3012157	83332.Rv2200c	456	616
3013243	83332.Rv3262	43.4	112
3012497	83332.Rv2530c	54.9	28
3010038	83332.Rv0112	14.2	21
3012870	83332.Rv2900c	22.9	85
3013227	83332.Rv3246c	975	1132
3010443	83332.Rv0510	124	177
3011038	83332.Rv1094	1716	2637
3012090	83332.Rv2134c	154	114
3011802	83332.Rv1847	76.0	29
3013905	83332.Rv3916c	25.4	26
3011846	83332.Rv1890c	19.7	14
3011424	83332.Rv1475c	1665	5776
3012578	83332.Rv2610c	44.2	47
3011768	83332.Rv1813c	145	18
3013461	83332.Rv3478	305	183
3011620	83332.Rv1666c	11.9	19
3010963	83332.Rv1022	21.4	23
3012790	83332.Rv2820c	14.9	15
3012080	83332.Rv2124c	59.7	310
3011933	83332.Rv1977	36.6	72
3010522	83332.Rv0589	3.76	21
3013651	83332.Rv3667	129	371
3010335	83332.Rv0407	231	390
3011734	83332.Rv1778c	94.5	86
3013863	83332.Rv3874	6898	4402
3011183	83332.Rv1237	7.46	8
3012860	83332.Rv2890c	1375	1442
3010126	83332.Rv0199	104	86
3012346	83332.Rv2382c	5.46	7
3011028	83332.Rv1086	11.1	12
3013812	83332.Rv3823c	0.591	3
3009984	83332.Rv0059	53.8	52
3010651	83332.Rv0714	1881	474
3012187	83332.Rv2229c	233	274
3013167	83332.Rv3193c	363	1439
3010859	83332.Rv0918	6.25	3
3012041	83332.Rv2083	28.4	8
3011945	83332.Rv1989c	38.5	27
3011444	83332.Rv1494	36.4	12
3010275	83332.Rv0347	127	220
3010469	83332.Rv0536	38.5	58
3010570	83332.Rv0634B	936	66
3013793	83332.Rv3804c	5498	5645
3010103	83332.Rv0177	133	112
3012390	83332.Rv2425c	6.24	12
3010496	83332.Rv0563	58.4	91
3011752	83332.Rv1797	111	160
3010317	83332.Rv0389	113	164
3011260	83332.Rv1313c	0.367	4
3013879	83332.Rv3890c	232	61
3011210	83332.Rv1264	42.8	102
3010912	83332.Rv0972c	84.2	121
3013489	83332.Rv3506	0.834	2
3013633	83332.Rv3649	0.808	3
3013841	83332.Rv3852	796	392
3010625	83332.Rv0688	372	589
3011118	83332.Rv1172c	26.5	17
3012768	83332.Rv2798c	2.33	1
3012696	83332.Rv2727c	10.6	16
3011403	83332.Rv1455	62.6	62
3010213	83332.Rv0285	2742	479
3013125	83332.Rv3151	324	1184
3013255	83332.Rv3274c	1134	1912
3013853	83332.Rv3864	323	251
3012922	83332.Rv2950c	89.8	210
3010440	83332.Rv0507	2.05	30
3011340	83332.Rv1392	2989	4635
3011877	83332.Rv1921c	1.87	2
3012025	83332.Rv2068c	430	547
3010780	83332.Rv0839	18.8	24
3012523	83332.Rv2556c	851	47
3011869	83332.Rv1913	16.6	17
3013214	83332.Rv3233c	43.3	30
3012483	83332.Rv2517c	24.3	11
3013171	83332.Rv3196A	716	311
3012537	83332.Rv2570	6.49	4
3012178	83332.Rv2220	4436	9324
3010520	83332.Rv0587	22.2	21
3013148	83332.Rv3174	1.68	2
3012999	83332.Rv3024c	39.8	64
3012122	83332.Rv2165c	31.5	47
3013199	83332.Rv3221A	930	82
3010446	83332.Rv0513	119	47
3010975	83332.Rv1033c	31.7	33
3013246	83332.Rv3265c	103	129
3010862	83332.Rv0921	7.35	6
3013209	83332.Rv3228	45.9	63
3011158	83332.Rv1212c	6.54	9
3013401	83332.Rv3418c	43954	20083
3010347	83332.Rv0419	64.8	135
3011066	83332.Rv1121	56.9	137
3012480	83332.Rv2514c	2.52	2
3011187	83332.Rv1241	74.9	26
3010431	83332.Rv0500	798	694
3011255	83332.Rv1308	2222	4750
3012330	83332.Rv2366c	36.5	58
3013864	83332.Rv3875	3278	1617
3012434	83332.Rv2468c	474	259
3013110	83332.Rv3136	160	92
3010893	83332.Rv0953c	61.3	98
3013803	83332.Rv3814c	123	124
3012176	83332.Rv2219	285	182
3010649	83332.Rv0712	99.1	133
3011654	83332.Rv1700	110	93
3011132	83332.Rv1186c	4.83	15
3013276	83332.Rv3295	405	442
3010760	83332.Rv0819	124	195
3012256	83332.Rv2298	653	790
3010380	83332.Rv0452	7.72	12
3013700	83332.Rv3714c	20.5	16
3011487	83332.Rv1534	54.3	68
3011957	83332.Rv2000	84.1	183
3012222	83332.Rv2264c	11.6	16
3012337	83332.Rv2373c	314	439
3012023	83332.Rv2066	29.0	60
3012242	83332.Rv2284	163	245
3010209	83332.Rv0281	288	516
3010350	83332.Rv0422c	20.3	26
3012059	83332.Rv2103c	94.6	59
3013318	83332.Rv3336c	432	468
3011615	83332.Rv1661	10.4	96
3012636	83332.Rv2667	17.8	10
3012364	83332.Rv2400c	125	221
3010758	83332.Rv0817c	38.5	48
3010607	83332.Rv0670	598	464
3012525	83332.Rv2558	186	234
3013830	83332.Rv3841	3937	3293
3010456	83332.Rv0523c	54.6	39
3012907	83332.Rv2936	100	170
3010751	83332.Rv0810c	346	94
3012367	83332.Rv2402	78.1	285
3012954	83332.Rv2981c	150	227
3013761	83332.Rv3772	235	334
3012904	83332.Rv2933	136	1233
3010268	83332.Rv0340	74.6	21
3013755	83332.Rv3768	78.2	43
3013011	83332.Rv3036c	1685	848
3010360	83332.Rv0432	1910	1090
3010588	83332.Rv0651	871	665
3012020	83332.Rv2063	56.7	19
3010271	83332.Rv0343	46.3	83
3010665	83332.Rv0727c	74.2	68
3010941	83332.Rv1000c	2.32	3
3011735	83332.Rv1779c	13.5	33
3011584	83332.Rv1631	85.6	137
3011900	83332.Rv1944c	88.3	78
3010776	83332.Rv0835	16.8	17
3011474	83332.Rv1521	186	621
3013235	83332.Rv3254	28.6	51
3011932	83332.Rv1976c	12.0	8
3012527	83332.Rv2560	123	24
3011844	83332.Rv1888c	3.61	3
3010100	83332.Rv0174	372	635
3011257	83332.Rv1310	2472	5978
3011549	83332.Rv1596	1091	1051
3011097	83332.Rv1152	189	79
3009928	83332.Rv0003	20.8	41
3013866	83332.Rv3877	29.6	40
3013301	83332.Rv3319	142	124
3013222	83332.Rv3241c	113	137
3011240	83332.Rv1293	141	362
3010478	83332.Rv0545c	0.71	1
3012451	83332.Rv2485c	1.98	3
3011982	83332.Rv2025c	3.7	4
3013693	83332.Rv3707c	15.6	18
3011199	83332.Rv1253	23.0	63
3011745	83332.Rv1789	270	113
3011237	83332.Rv1290c	25.9	26
3009990	83332.Rv0065	53.9	45
3011007	83332.Rv1065	7.21	6
3011005	83332.Rv1063c	51.8	86
3011140	83332.Rv1194c	72.9	129
3011055	83332.Rv1111c	32.3	41
3012073	83332.Rv2117	113	72
3010911	83332.Rv0971c	53.8	55
3011984	83332.Rv2027c	28.3	95
3011585	83332.Rv1632c	41.2	41
3012151	83332.Rv2194	334	203
3012310	83332.Rv2346c	723	1218
3009994	83332.Rv0069c	36.7	56
3010955	83332.Rv1014c	29.3	27
3011560	83332.Rv1607	8.62	9
3011759	83332.Rv1804c	3.76	2
3010311	83332.Rv0383c	300	371
3010958	83332.Rv1017c	913	1529
3013548	83332.Rv3565	57.1	98
3012191	83332.Rv2234	10.9	7
3010014	83332.Rv0088	621	559
3011483	83332.Rv1530	34.1	46
3010615	83332.Rv0678	384	279
3011856	83332.Rv1900c	67.8	137
3011892	83332.Rv1936	19.3	27
3010704	83332.Rv0764c	6.6	15
3012859	83332.Rv2889c	2169	2655
3012123	83332.Rv2166c	560	229
3011514	83332.Rv1561	69.3	57
3011918	83332.Rv1962c	120	89
3012851	83332.Rv2881c	2.96	4
3010457	83332.Rv0524	466	862
3011436	83332.Rv1487	91.3	29
3010848	83332.Rv0907	17.3	38
3011464	83332.Rv1511	394	701
3010338	83332.Rv0410c	157	573
3013880	83332.Rv3891c	301	97
3012800	83332.Rv2830c	15.5	7
3012710	83332.Rv2740	219	163
3011143	83332.Rv1197	450	774
3012814	83332.Rv2844	220	127
3013552	83332.Rv3568c	271	394
3011665	83332.Rv1710	29.3	35
3011042	83332.Rv1098c	1774	2313
3012369	83332.Rv2404c	31.2	116
3012612	83332.Rv2643	6.71	11
3012627	83332.Rv2658c	127	74
3012610	83332.Rv2641	69.9	54
3011453	83332.Rv1502	13.4	20
3010552	83332.Rv0617	100	42
3010729	83332.Rv0788	162	206
3010448	83332.Rv0515	0.14	1
3011767	83332.Rv1812c	81.8	155
3012526	83332.Rv2559c	24.8	52
3012996	83332.Rv3022A	46.8	22
3013553	83332.Rv3569c	244	380
3012632	83332.Rv2663	4.88	2
3013481	83332.Rv3498c	48.0	77
3011105	83332.Rv1159A	962	416
3010747	83332.Rv0806c	6.61	16
3012683	83332.Rv2714	157	227
3010406	83332.Rv0476	6.41	3
3010943	83332.Rv1002c	5.45	10
3012094	83332.Rv2138	103	148
3013676	83332.Rv3691	36.8	42
3013894	83332.Rv3905c	2.79	1
3011445	83332.Rv1495	67.7	33
3011054	83332.Rv1110	60.9	77
3010915	83332.Rv0975c	21.6	28
3009968	83332.Rv0043c	36.6	41
3010959	83332.Rv1018c	121	266
3010307	83332.Rv0379	4560	1011
3012454	83332.Rv2488c	5.13	22
3011548	83332.Rv1595	61.5	113
3013756	83332.Rv3769	2.71	1
3011827	83332.Rv1872c	4209	8784
3010644	83332.Rv0707	1692	1393
3012382	83332.Rv2417c	89.2	105
3010113	83332.Rv0187	204	198
3012542	83332.Rv2575	267	317
3011278	83332.Rv1330c	19.8	35
3012172	83332.Rv2215	1782	4016
3010654	83332.Rv0717	447	47
3011683	83332.Rv1728c	3.17	3
3013082	83332.Rv3107c	55.3	153
3010691	83332.Rv0752c	51.3	97
3010545	83332.Rv0610c	10.9	15
3012079	83332.Rv2123	0.865	1
3013080	83332.Rv3105c	298	585
3012829	83332.Rv2859c	331	179
3010591	83332.Rv0654	197	389
3010426	83332.Rv0495c	35.0	52
3010270	83332.Rv0342	69.8	142
3012893	83332.Rv2922c	74.6	383
3012422	83332.Rv2456c	14.7	11
3012029	83332.Rv2072c	2.51	4
3013573	83332.Rv3589	14.3	28
3013294	83332.Rv3312c	4.22	8
3013546	83332.Rv3563	49.6	93
3009995	83332.Rv0070c	57.4	96
3013805	83332.Rv3816c	267	256
3012765	83332.Rv2795c	38.1	53
3013476	83332.Rv3493c	129	88
3012420	83332.Rv2454c	370	767
3010434	83332.Rv0501	67.6	128
3009938	83332.Rv0013	143	96
3010702	83332.Rv0762c	1.86	2
3009980	83332.Rv0055	1579	247
3011529	83332.Rv1576c	26.1	62
3011452	83332.Rv1501	52.4	59
3011401	83332.Rv1453	1.57	3
3013565	83332.Rv3581c	204	123
3013037	83332.Rv3062	8.43	22
3012424	83332.Rv2458	17.9	25
3011073	83332.Rv1128c	0.983	2
3011511	83332.Rv1558	1086	858
3011253	83332.Rv1306	805	422
3011207	83332.Rv1261c	586	327
3013617	83332.Rv3633	149	218
3011271	83332.Rv1323	1103	1679
3011552	83332.Rv1599	280	231
3013742	83332.Rv3755c	293	174
3011172	83332.Rv1226c	1.66	2
3012628	83332.Rv2659c	5.29	9
3011718	83332.Rv1763	50.5	252
3011280	83332.Rv1332	47.9	52
3010628	83332.Rv0691c	5.44	3
3010171	83332.Rv0243	1139	1739
3010088	83332.Rv0162c	45.6	81
3010134	83332.Rv0207c	93.0	91
3013691	83332.Rv3705c	490	204
3012338	83332.Rv2374c	121	192
3012278	83332.Rv2315c	200	516
3011497	83332.Rv1544	466	477
3012561	83332.Rv2594c	22.0	14
3013219	83332.Rv3238c	6.62	7
3010852	83332.Rv0911	171	127
3011715	83332.Rv1760	6.65	14
3011687	83332.Rv1732c	1362	586
3011753	83332.Rv1798	53.8	149
3011571	83332.Rv1618	34.6	54
3010049	83332.Rv0123	208	100
3011239	83332.Rv1292	262	701
3011043	83332.Rv1099c	573	798
3011961	83332.Rv2004c	101	224
3011178	83332.Rv1232c	87.0	121
3010617	83332.Rv0680c	69.8	30
3010830	83332.Rv0889c	737	896
3010425	83332.Rv0494	7.84	8
3011468	83332.Rv1515c	2.48	4
3012825	83332.Rv2855	96.3	191
3012697	83332.Rv2728c	45.0	53
3011594	83332.Rv1640c	28.3	130
3012013	83332.Rv2056c	23.5	4
3011729	83332.Rv1773c	14.5	18
3011131	83332.Rv1185c	164	428
3013484	83332.Rv3501c	6.48	6
3010508	83332.Rv0575c	4.97	8
3013724	83332.Rv3737	1.37	2
3010129	83332.Rv0202c	49.7	144
3012953	83332.Rv2980	3.48	4
3009939	83332.Rv0014c	196	537
3013233	83332.Rv3252c	5.91	9
3012778	83332.Rv2808	67.8	30
3011553	83332.Rv1600	114	194
3012879	83332.Rv2909c	2191	989
3011513	83332.Rv1560	52.3	9
3012040	83332.Rv2082	36.6	62
3011650	83332.Rv1696	25.0	61
3012459	83332.Rv2493	284	106
3010946	83332.Rv1005c	1.58	3
3013013	83332.Rv3038c	122	188
3010413	83332.Rv0483	44.8	55
3011360	83332.Rv1412	394	255
3010147	83332.Rv0220	23.3	32
3011376	83332.Rv1428c	44.2	63
3010222	83332.Rv0294	20.2	27
3010072	83332.Rv0146	160	312
3012167	83332.Rv2210c	246	545
3011888	83332.Rv1932	3082	1925
3013747	83332.Rv3760	10.1	5
3011268	83332.Rv1321	24.7	27
3011803	83332.Rv1848	97.3	47
3012502	83332.Rv2535c	368	540
3012185	83332.Rv2227	1.36	1
3012344	83332.Rv2380c	21.7	156
3013281	83332.Rv3300c	1.75	2
3011685	83332.Rv1730c	16.5	50
3012648	83332.Rv2679	306	362
3010811	83332.Rv0870c	88.8	23
3013635	83332.Rv3651	120	226
3010462	83332.Rv0529	26.8	27
3013475	83332.Rv3492c	14.6	10
3012894	83332.Rv2923c	303	250
3011637	83332.Rv1683	240	1033
3012948	83332.Rv2975c	2.57	1
3010028	83332.Rv0102	3.51	7
3013504	83332.Rv3521	18.8	11
3012919	83332.Rv2947c	52.3	132
3013477	83332.Rv3494c	42.0	75
3011866	83332.Rv1910c	197	118
3010361	83332.Rv0433	111	227
3011396	83332.Rv1448c	1270	1750
3010699	83332.Rv0759c	247	151
3010899	83332.Rv0959	9.64	17
3010548	83332.Rv0613c	183	617
3013402	83332.Rv3419c	36.4	46
3010909	83332.Rv0969	438	931
3010600	83332.Rv0663	57.8	129
3010613	83332.Rv0676c	37.0	144
3010000	83332.Rv0075	60.4	121
3013197	83332.Rv3219	50.3	9
3010687	83332.Rv0749	16.2	12
3010711	83332.Rv0771	57.3	34
3010813	83332.Rv0872c	108	19
3013069	83332.Rv3094c	24.4	49
3012809	83332.Rv2839c	239	829
3010439	83332.Rv0506	15.8	15
3010611	83332.Rv0674	2.27	3
3013059	83332.Rv3084	1.86	3
3012179	83332.Rv2221c	48.9	228
3013228	83332.Rv3247c	31.8	38
3012287	83332.Rv2324	5.71	4
3009991	83332.Rv0066c	1219	3544
3013685	83332.Rv3700c	58.3	104
3013086	83332.Rv3111	1.17	1
3010874	83332.Rv0933	101	134
3012299	83332.Rv2335	51.4	25
3010805	83332.Rv0864	60.7	51
3012635	83332.Rv2666	0.148	1
3010327	83332.Rv0399c	26.3	38
3011881	83332.Rv1925	877	2414
3011206	83332.Rv1260	130	227
3010756	83332.Rv0815c	1119	2511
3010412	83332.Rv0482	47.3	75
3011292	83332.Rv1344	5.17	4
3012478	83332.Rv2512c	0.094	1
3011316	83332.Rv1368	308	345
3011406	83332.Rv1458c	112	132
3011608	83332.Rv1654	288	337
3010023	83332.Rv0097	54.4	45
3013650	83332.Rv3666c	84.1	124
3010115	83332.Rv0189c	353	717
3011446	83332.Rv1496	53.7	73
3013157	83332.Rv3183	11.9	3
3010124	83332.Rv0197	1.48	3
3012714	83332.Rv2744c	1957	2730
3011188	83332.Rv1242	88.9	75
3013837	83332.Rv3848	1.81	2
3011111	83332.Rv1165	68.1	155
3013601	83332.Rv3617	31.9	58
3013720	83332.Rv3733c	13.9	9
3011628	83332.Rv1674c	10.9	13
3012845	83332.Rv2875	3851	1277
3012734	83332.Rv2764c	63.0	59
3013392	83332.Rv3409c	102	193
3010336	83332.Rv0408	77.2	214
3010032	83332.Rv0106	56.8	104
3010102	83332.Rv0176	141	233
3011115	83332.Rv1169c	55.7	14
3011081	83332.Rv1135c	2.12	1
3010667	83332.Rv0729	22.3	35
3011242	83332.Rv1295	867	1515
3013679	83332.Rv3694c	6.87	10
3010198	83332.Rv0270	718	1873
3011358	83332.Rv1410c	30.6	56
3012946	83332.Rv2973c	0.69	3
3012885	83332.Rv2915c	44.9	69
3011582	83332.Rv1629	166	773
3010562	83332.Rv0627	57.2	40
3010205	83332.Rv0277c	13.4	11
3012095	83332.Rv2139	92.4	145
3011182	83332.Rv1236	3.26	5
3012332	83332.Rv2368c	24.1	39
3013396	83332.Rv3413c	62.4	64
3012315	83332.Rv2351c	23.8	50
3012112	83332.Rv2156c	15.7	30
3012587	83332.Rv2618	10.9	8
3011597	83332.Rv1643	1093	444
3013869	83332.Rv3880c	1441	632
3013762	83332.Rv3773c	54.6	55
3012651	83332.Rv2682c	77.7	248
3010241	83332.Rv0313	114	70
3011557	83332.Rv1604	7.62	7
3010151	83332.Rv0224c	4.24	4
3012937	83332.Rv2965c	256	247
3012797	83332.Rv2827c	17.3	20
3010948	83332.Rv1007c	247	638
3011273	83332.Rv1325c	5.09	2
3011875	83332.Rv1919c	525	355
3011950	83332.Rv1993c	414	194
3010712	83332.Rv0772	121	289
3011392	83332.Rv1444c	38.8	25
3012161	83332.Rv2204c	1139	848
3011785	83332.Rv1830	101	56
3011587	83332.Rv1634	5.88	6
3012938	83332.Rv2966c	17.8	13
3010449	83332.Rv0516c	122	79
3012557	83332.Rv2590	92.5	442
3012585	83332.Rv2616	41.4	44
3012068	83332.Rv2112c	129	338
3011407	83332.Rv1459c	9.32	29
3011279	83332.Rv1331	105	67
3012430	83332.Rv2464c	9.74	10
3011491	83332.Rv1538c	87.9	145
3013218	83332.Rv3237c	204	141
3012646	83332.Rv2677c	93.9	137
3010606	83332.Rv0669c	92.9	196
3011134	83332.Rv1188	12.2	21
3011397	83332.Rv1449c	1406	3815
3013832	83332.Rv3843c	51.1	61
3010067	83332.Rv0141c	554	231
3013077	83332.Rv3102c	389	388
3012756	83332.Rv2786c	85.1	85
3012318	83332.Rv2354	50.5	252
3011107	83332.Rv1161	95.7	586
3010386	83332.Rv0457c	165	516
3012686	83332.Rv2717c	74.6	57
3012070	83332.Rv2114	185	145
3012416	83332.Rv2450c	4.32	1
3011364	83332.Rv1416	555	449
3012053	83332.Rv2095c	85.4	137
3012600	83332.Rv2631	11.0	10
3013487	83332.Rv3504	49.7	100
3010851	83332.Rv0910	52.8	26
3011306	83332.Rv1358	0.164	1
3012730	83332.Rv2760c	52.6	14
3009970	83332.Rv0045c	64.1	95
3010451	83332.Rv0518	50.5	63
3012672	83332.Rv2703	483	673
3013311	83332.Rv3329	39.9	87
3010170	83332.Rv0242c	1167	2584
3011156	83332.Rv1210	10.5	9
3011911	83332.Rv1955	3.71	3
3011716	83332.Rv1761c	59.6	42
3011595	83332.Rv1641	741	403
3013826	83332.Rv3837c	86.6	96
3011294	83332.Rv1346	156	204
3011369	83332.Rv1421	55.3	88
3013127	83332.Rv3153	278	250
3013120	83332.Rv3146	115	68
3010696	83332.Rv0756c	63.3	67
3010208	83332.Rv0280	12.0	11
3013545	83332.Rv3562	55.0	119
3013786	83332.Rv3797	68.6	199
3011677	83332.Rv1722	61.8	139
3012485	83332.Rv2519	2.45	1
3012586	83332.Rv2617c	3.09	2
3011622	83332.Rv1668c	17.5	25
3010016	83332.Rv0090	6.78	10
3013307	83332.Rv3325	50.5	252
3010580	83332.Rv0643c	360	666
3011233	83332.Rv1287	102	58
3011974	83332.Rv2017	18.7	23
3010935	83332.Rv0994	102	201
3011221	83332.Rv1275	304	274
3012204	83332.Rv2247	456	1057
3013240	83332.Rv3259	37.8	22
3011284	83332.Rv1336	52.5	70
3010875	83332.Rv0934	6298	5580
3010091	83332.Rv0165c	6.26	9
3013744	83332.Rv3757c	1.25	1
3011763	83332.Rv1808	73.2	60
3009957	83332.Rv0032	0.562	2
3013444	83332.Rv3461c	2698	98
3013074	83332.Rv3099c	643	589
3013107	83332.Rv3133c	1288	1016
3011336	83332.Rv1388	3004	2546
3010824	83332.Rv0883c	23.0	29
3013512	83332.Rv3529c	12.6	26
3012671	83332.Rv2702	101	134
3010608	83332.Rv0671	3.61	6
3012844	83332.Rv2874	1.33	4
3010536	83332.Rv0602c	2.45	2
3010081	83332.Rv0155	540	1044
3010357	83332.Rv0429c	361	195
3012320	83332.Rv2356c	45.2	17
3013563	83332.Rv3579c	30.0	28
3010034	83332.Rv0108c	90.6	47
3011327	83332.Rv1379	89.0	74
3011518	83332.Rv1565c	1.68	4
3011175	83332.Rv1229c	136	211
3013435	83332.Rv3452	4.92	5
3011328	83332.Rv1380	265	283
3013296	83332.Rv3314c	51.1	90
3010922	83332.Rv0981	114	104
3011947	83332.Rv1990c	86.8	75
3012606	83332.Rv2637	12.1	9
3011857	83332.Rv1901	196	301
3011965	83332.Rv2008c	25.0	63
3012046	83332.Rv2088	19.7	44
3013212	83332.Rv3231c	143	77
3013809	83332.Rv3820c	58.0	97
3010250	83332.Rv0322	0.784	2
3012543	83332.Rv2576c	909	468
3012311	83332.Rv2347c	450	774
3012298	83332.Rv2334	326	518
3011426	83332.Rv1477	72.9	112
3011544	83332.Rv1591	46.4	49
3013259	83332.Rv3278c	40.6	21
3012532	83332.Rv2565	65.6	166
3010692	83332.Rv0753c	441	960
3013779	83332.Rv3790	79.9	171
3009927	83332.Rv0002	669	958
3011686	83332.Rv1731	275	581
3012514	83332.Rv2547	13.4	2
3012758	83332.Rv2788	144	179
3010794	83332.Rv0853c	228	525
3011180	83332.Rv1234	142	100
3010341	83332.Rv0413	46.4	57
3012921	83332.Rv2949c	179	190
3013702	83332.Rv3716c	2094	999
3013372	83332.Rv3390	388	387
3010197	83332.Rv0269c	14.4	17
3010444	83332.Rv0511	369	671
3010467	83332.Rv0534c	5.12	3
3009944	83332.Rv0019c	113	101
3011220	83332.Rv1274	131	61
3012950	83332.Rv2977c	49.9	80
3010429	83332.Rv0498	43.2	46
3009948	83332.Rv0023	25.2	40
3013131	83332.Rv3157	6.9	20
3012291	83332.Rv2328	7.76	4
3011880	83332.Rv1924c	46.0	26
3013508	83332.Rv3525c	52.1	31
3012822	83332.Rv2852c	75.4	164
3012341	83332.Rv2377c	52.3	8
3010754	83332.Rv0813c	138	177
3011001	83332.Rv1059	78.8	83
3011135	83332.Rv1189	1.05	2
3012763	83332.Rv2793c	63.7	83
3013540	83332.Rv3557c	36.5	38
3011123	83332.Rv1177	2029	733
3010624	83332.Rv0687	76.8	83
3010148	83332.Rv0221	40.4	103
3011420	83332.Rv1472	62.0	77
3010036	83332.Rv0110	4.79	4
3013560	83332.Rv3576	30.4	20
3011101	83332.Rv1156	94.2	58
3012121	83332.Rv2164c	24.9	22
3012173	83332.Rv2216	208	218
3013602	83332.Rv3618	81.3	114
3013766	83332.Rv3777	157	170
3013571	83332.Rv3587c	1074	1123
3013135	83332.Rv3161c	446	979
3010414	83332.Rv0484c	154	201
3011884	83332.Rv1928c	65.3	54
3012015	83332.Rv2058c	243	61
3011787	83332.Rv1832	289	994
3012215	83332.Rv2257c	150	215
3010674	83332.Rv0736	0.742	1
3010897	83332.Rv0957	717	879
3011643	83332.Rv1689	170	300
3013439	83332.Rv3456c	1441	908
3013236	83332.Rv3255c	446	499
3013808	83332.Rv3819	91.6	50
3013274	83332.Rv3293	121	169
3013849	83332.Rv3860	10.3	20
3013681	83332.Rv3696c	102	309
3011027	83332.Rv1085c	2.0	2
3012553	83332.Rv2586c	122	194
3010491	83332.Rv0558	130	147
3013684	83332.Rv3699	1193	910
3012352	83332.Rv2388c	13.9	19
3013556	83332.Rv3572	1053	406
3012325	83332.Rv2361c	23.4	23
3012649	83332.Rv2680	273	219
3012058	83332.Rv2102	20.6	20
3011373	83332.Rv1425	43.1	63
3013825	83332.Rv3836	31.6	17
3011337	83332.Rv1389	75.4	66
3011822	83332.Rv1867	50.3	111
3011606	83332.Rv1652	382	425
3010314	83332.Rv0386	5.38	28
3010838	83332.Rv0897c	13.0	29
3012666	83332.Rv2697c	433	408
3011084	83332.Rv1138c	10.4	15
3010436	83332.Rv0503c	697	1094
3011300	83332.Rv1352	1164	307
3012990	83332.Rv3016	15.7	13
3011503	83332.Rv1550	5.74	17
3012267	83332.Rv2307B	130	26
3010166	83332.Rv0238	73.2	62
3012641	83332.Rv2672	159	247
3011427	83332.Rv1478	28.2	22
3009999	83332.Rv0074	133	165
3012985	83332.Rv3011c	421	641
3013265	83332.Rv3284	75.8	37
3011348	83332.Rv1400c	139	155
3012722	83332.Rv2752c	62.4	147
3010410	83332.Rv0480c	177	225
3012559	83332.Rv2592c	75.7	100
3010363	83332.Rv0435c	102	324
3012506	83332.Rv2539c	29.5	26
3012303	83332.Rv2339	7.31	42
3013811	83332.Rv3822	7.52	7
3013706	83332.Rv3720	328	636
3011788	83332.Rv1833c	134	188
3013298	83332.Rv3316	13.9	9
3013247	83332.Rv3266c	47.2	71
3012638	83332.Rv2669	28.3	13
3012306	83332.Rv2342	64.5	34
3012342	83332.Rv2378c	12.8	25
3013705	83332.Rv3719	79.1	139
3011739	83332.Rv1783	152	249
3011991	83332.Rv2034	4.16	2
3012905	83332.Rv2934	93.8	533
3010154	83332.Rv0227c	326	543
3013356	83332.Rv3374	18.7	7
3012910	83332.Rv2939	61.3	63
3011090	83332.Rv1144	411	500
3011434	83332.Rv1485	28.3	36
3012209	83332.Rv2251	225	420
3012343	83332.Rv2379c	6.28	40
3011563	83332.Rv1610	34.3	41
3012465	83332.Rv2499c	118	75
3011095	83332.Rv1149	4.37	6
3011153	83332.Rv1207	23.5	34
3010477	83332.Rv0544c	3.97	3
3012847	83332.Rv2877c	4.51	4
3012749	83332.Rv2779c	11.1	7
3012388	83332.Rv2423	17.6	48
3012882	83332.Rv2912c	10.6	11
3011778	83332.Rv1823	27.4	37
3013875	83332.Rv3886c	118	218
3011954	83332.Rv1997	21.4	79
3011347	83332.Rv1399c	74.5	66
3010895	83332.Rv0955	28.2	24
3012140	83332.Rv2183c	301	103
3011282	83332.Rv1334	356	225
3013559	83332.Rv3575c	143	196
3010590	83332.Rv0653c	11.3	14
3013257	83332.Rv3276c	256	407
3013380	83332.Rv3397c	9.49	8
3013067	83332.Rv3092c	14.0	14
3013836	83332.Rv3847	13.7	9
3010694	83332.Rv0755A	2.46	1
3013134	83332.Rv3160c	23.7	25
3011543	83332.Rv1590	193	50
3011937	83332.Rv1981c	167	242
3012998	83332.Rv3023c	0.094	1
3010351	83332.Rv0423c	221	518
3013020	83332.Rv3045	2786	3212
3011112	83332.Rv1166	55.4	102
3011613	83332.Rv1659	106	175
3013021	83332.Rv3046c	233	180
3013000	83332.Rv3025c	52.2	61
3013751	83332.Rv3764c	10.5	19
3010082	83332.Rv0156	194	27
3010970	83332.Rv1028c	4.9	22
3012899	83332.Rv2928	293	451
3010358	83332.Rv0430	57.4	15
3011384	83332.Rv1436	2298	3377
3013181	83332.Rv3204	6.55	4
3011346	83332.Rv1398c	416	109
3013780	83332.Rv3791	229	261
3011181	83332.Rv1235	92.5	126
3012544	83332.Rv2577	1.28	2
3011137	83332.Rv1191	186	315
3012881	83332.Rv2911	472	215
3011722	83332.Rv1766	44.9	18
3011350	83332.Rv1402	10.5	28
3011565	83332.Rv1612	514	711
3010998	83332.Rv1056	182	235
3011402	83332.Rv1454c	462	785
3012098	83332.Rv2142c	129	85
3010964	83332.Rv1023	1730	2327
3010333	83332.Rv0405	6.18	28
3012206	83332.Rv2249c	45.0	81
3013843	83332.Rv3854c	66.5	129
3012854	83332.Rv2884	17.8	19
3013572	83332.Rv3588c	296	200
3012196	83332.Rv2239c	375	123
3011106	83332.Rv1160	62.1	52
3012253	83332.Rv2295	33.3	32
3011647	83332.Rv1693	193	48
3011666	83332.Rv1711	80.8	103
3010888	83332.Rv0948c	115	33
3010279	83332.Rv0351	2668	1750
3012126	83332.Rv2169c	2.23	1
3010235	83332.Rv0307c	61.6	50
3011635	83332.Rv1681	1.15	2
3013019	83332.Rv3044	637	778
3012644	83332.Rv2675c	237	228
3013683	83332.Rv3698	4.46	8
3013023	83332.Rv3048c	381	471
3010732	83332.Rv0791c	74.1	143
3011022	83332.Rv1080c	1791	1182
3013206	83332.Rv3225c	23.6	54
3011791	83332.Rv1836c	495	1102
3013607	83332.Rv3623	522	489
3011057	83332.Rv1113	397	101
3010042	83332.Rv0116c	75.2	31
3010152	83332.Rv0225	0.257	1
3011488	83332.Rv1535	26.4	9
3011256	83332.Rv1309	954	1269
3011277	83332.Rv1329c	8.91	32
3012443	83332.Rv2477c	472	1145
3011830	83332.Rv1875	454	238
3010145	83332.Rv0218	1.1	13
3012801	83332.Rv2831	837	986
3010486	83332.Rv0553	38.7	32
3012607	83332.Rv2638	2.43	2
3012171	83332.Rv2214c	210	362
3010561	83332.Rv0626	28.7	6
3010763	83332.Rv0822c	5.98	18
3011638	83332.Rv1684	126	55
3013271	83332.Rv3290c	97.9	177
3012139	83332.Rv2182c	155	132
3013740	83332.Rv3753c	73.2	32
3010221	83332.Rv0293c	42.2	78
3013822	83332.Rv3833	3.09	4
3013055	83332.Rv3080c	16.8	93
3012535	83332.Rv2568c	114	165
3012645	83332.Rv2676c	489	627
3013425	83332.Rv3442c	1996	691
3010768	83332.Rv0827c	14.8	8
3010024	83332.Rv0098	12.3	9
3010661	83332.Rv0724	186	489
3012914	83332.Rv2943	1.66	3
3012726	83332.Rv2756c	13.3	37
3010210	83332.Rv0282	607	1538
3011232	83332.Rv1286	88.9	224
3013697	83332.Rv3711c	7.07	11
3010230	83332.Rv0302	5.3	6
3012595	83332.Rv2626c	1348	1085
3013463	83332.Rv3480c	27.0	57
3013486	83332.Rv3503c	352	83
3013649	83332.Rv3665c	2.91	4
3010047	83332.Rv0121c	51.3	33
3011912	83332.Rv1956	27.9	16
3012113	83332.Rv2157c	167	326
3011363	83332.Rv1415	147	364
3011562	83332.Rv1609	247	494
3012376	83332.Rv2411c	124	314
3013180	83332.Rv3203	98.8	111
3013735	83332.Rv3748	65.9	54
3012462	83332.Rv2496c	109	209
3011737	83332.Rv1781c	8.07	24
3011743	83332.Rv1787	38.1	21
3012324	83332.Rv2360c	123	86
3011126	83332.Rv1180	329	498
3012002	83332.Rv2045c	7.68	16
3011589	83332.Rv1636	2437	2081
3010639	83332.Rv0702	1595	1137
3012399	83332.Rv2434c	0.681	2
3012719	83332.Rv2749	782	307
3012733	83332.Rv2763c	30.3	19
3011517	83332.Rv1564c	93.7	239
3010318	83332.Rv0390	431	225
3012994	83332.Rv3020c	8.02	14
3012067	83332.Rv2111c	2314	552
3013652	83332.Rv3668c	605	241
3013292	83332.Rv3311	550	797
3011796	83332.Rv1841c	8.16	12
3012970	83332.Rv2997	2.86	6
3012858	83332.Rv2888c	341	506
3010506	83332.Rv0573c	12.6	26
3012902	83332.Rv2931	115	777
3009976	83332.Rv0051	2.94	6
3013269	83332.Rv3288c	6.08	2
3013527	83332.Rv3544c	26.2	26
3013066	83332.Rv3091	71.2	192
3013303	83332.Rv3321c	141	41
3011170	83332.Rv1224	38.7	16
3012614	83332.Rv2645	3.48	2
3011712	83332.Rv1757c	50.5	252
3010420	83332.Rv0490	20.8	39
3011289	83332.Rv1341	131	111
3009960	83332.Rv0035	12.9	35
3012074	83332.Rv2118c	120	213
3011275	83332.Rv1327c	206	694
3013899	83332.Rv3910	95.6	442
3010992	83332.Rv1050	52.9	53
3012202	83332.Rv2245	1871	2912
3010980	83332.Rv1038c	383	730
3013003	83332.Rv3028c	3919	5307
3010663	83332.Rv0725c	0.63	3
3011308	83332.Rv1360	47.0	79
3011664	83332.Rv1709	3.51	4
3013678	83332.Rv3693	21.2	48
3010095	83332.Rv0169	203	335
3013694	83332.Rv3708c	647	845
3011825	83332.Rv1870c	2.94	2
3011485	83332.Rv1532c	29.1	19
3013877	83332.Rv3888c	152	254
3013581	83332.Rv3597c	1880	539
3010074	83332.Rv0148	1587	2343
3010796	83332.Rv0855	56.7	66
3011691	83332.Rv1736c	24.8	68
3013874	83332.Rv3885c	24.0	63
3011269	83332.Rv1322	67.3	17
3011281	83332.Rv1333	98.3	88
3013051	83332.Rv3076	11.8	10
3011265	83332.Rv1318c	13.0	31
3012869	83332.Rv2899c	4.36	6
3011981	83332.Rv2024c	7.89	20
3010099	83332.Rv0173	281	520
3012107	83332.Rv2151c	116	154
3012184	83332.Rv2226	319	641
3010156	83332.Rv0229c	93.6	71
3011603	83332.Rv1649	119	136
3010046	83332.Rv0120c	248	801
3011139	83332.Rv1193	220	393
3010759	83332.Rv0818	230	256
3013053	83332.Rv3078	1.85	1
3013424	83332.Rv3441c	127	253
3012640	83332.Rv2671	28.9	44
3011659	83332.Rv1705c	38.3	20
3010184	83332.Rv0256c	19.3	9
3009951	83332.Rv0026	11.8	19
3013719	83332.Rv3732	66.4	78
3010801	83332.Rv0860	1626	4191
3012918	83332.Rv2946c	28.6	147
3011456	83332.Rv1505c	32.3	28
3012556	83332.Rv2589	199	423
3013229	83332.Rv3248c	4097	7853
3012218	83332.Rv2260	600	105
3012623	83332.Rv2654c	5.18	6
3012061	83332.Rv2105	50.5	252
3013068	83332.Rv3093c	22.2	24
3013810	83332.Rv3821	4.67	3
3012120	83332.Rv2163c	0.316	1
3013115	83332.Rv3141	162	189
3010821	83332.Rv0880	110	48
3010566	83332.Rv0631c	15.9	78
3010619	83332.Rv0682	802	182
3010179	83332.Rv0251c	1977	987
3013390	83332.Rv3407	169	75
3011386	83332.Rv1438	809	975
3010818	83332.Rv0877	196	132
3010637	83332.Rv0700	982	434
3012158	83332.Rv2201	73.8	200
3011731	83332.Rv1775	2.62	3
3011855	83332.Rv1899c	202	305
3010244	83332.Rv0316	89.3	58
3011250	83332.Rv1303	206	94
3011989	83332.Rv2032	769	1202
3011609	83332.Rv1655	198	291
3012233	83332.Rv2275	1.03	1
3010045	83332.Rv0119	186	315
3011790	83332.Rv1835c	11.1	29
3009997	83332.Rv0072	153	209
3010459	83332.Rv0526	128	172
3011385	83332.Rv1437	702	1234
3011524	83332.Rv1571	118	92
3012642	83332.Rv2673	72.3	149
3012309	83332.Rv2345	161	503
3011646	83332.Rv1692	110	114
3013284	83332.Rv3303c	151	192
3013675	83332.Rv3690	39.4	33
3012796	83332.Rv2826c	12.1	15
3013036	83332.Rv3061c	122	382
3010778	83332.Rv0837c	2.75	5
3011165	83332.Rv1219c	22.1	27
3011601	83332.Rv1647	31.0	52
3011676	83332.Rv1721c	118	50
3013570	83332.Rv3586	47.2	80
3010746	83332.Rv0805	11.4	13
3011438	83332.Rv1489	250	137
3013285	83332.Rv3304	208	182
3011261	83332.Rv1314c	512	393
3013397	83332.Rv3414c	7.02	8
3010672	83332.Rv0734	245	290
3012895	83332.Rv2924c	9.96	15
3012423	83332.Rv2457c	157	299
3011765	83332.Rv1810	1064	613
3010107	83332.Rv0181c	94.8	63
3011516	83332.Rv1563c	16.9	44
3010274	83332.Rv0346c	4.9	12
3012153	83332.Rv2196	293	624
3011184	83332.Rv1238	89.8	187
3010705	83332.Rv0765c	19.6	19
3012887	83332.Rv2917	2.87	8
3011145	83332.Rv1199c	0.094	1
3010563	83332.Rv0628c	4.02	9
3010797	83332.Rv0856	14.2	11
3012085	83332.Rv2129c	306	503
3012108	83332.Rv2152c	121	169
3010018	83332.Rv0092	10.2	34
3012345	83332.Rv2381c	6.27	17
3013283	83332.Rv3302c	140	312
3013386	83332.Rv3403c	1.01	3
3013586	83332.Rv3602c	90.4	123
3012837	83332.Rv2867c	14.0	20
3010337	83332.Rv0409	80.0	132
3013824	83332.Rv3835	53.8	86
3011845	83332.Rv1889c	0.176	1
3013128	83332.Rv3154	171	130
3012313	83332.Rv2349c	18.5	41
3013686	83332.Rv3701c	33.1	66
3010086	83332.Rv0160c	1.52	1
3010372	83332.Rv0444c	278	320
3013260	83332.Rv3279c	253	109
3012689	83332.Rv2720	433	394
3010553	83332.Rv0618	9.4	9
3010722	83332.Rv0782	24.7	61
3013711	83332.Rv3724B	86.7	37
3010681	83332.Rv0743c	52.0	49
3011998	83332.Rv2041c	11.4	25
3013403	83332.Rv3420c	17.2	14
3013862	83332.Rv3873	65.1	70
3012759	83332.Rv2789c	112	216
3013139	83332.Rv3165c	0.763	1
3013210	83332.Rv3229c	30.6	47
3013478	83332.Rv3495c	80.9	107
3011152	83332.Rv1206	238	692
3010987	83332.Rv1045	14.3	14
3011309	83332.Rv1361c	132	170
3010802	83332.Rv0861c	50.9	154
3010542	83332.Rv0608	59.5	10
3011567	83332.Rv1614	211	373
3011551	83332.Rv1598c	261	181
3010087	83332.Rv0161	167	362
3013530	83332.Rv3547	596	431
3011390	83332.Rv1442	47.0	149
3011418	83332.Rv1470	110	32
3011025	83332.Rv1083	42.5	19
3012723	83332.Rv2753c	629	675
3012101	83332.Rv2145c	2308	2880
3010841	83332.Rv0900	12.1	3
3013122	83332.Rv3148	259	528
3011859	83332.Rv1903	5.3	3
3012667	83332.Rv2698	53.3	30
3013768	83332.Rv3779	16.8	42
3010397	83332.Rv0468	1058	1568
3013772	83332.Rv3783	6.05	11
3010289	83332.Rv0361	100	81
3011616	83332.Rv1662	1.15	10
3013467	83332.Rv3484	18.5	33
3010676	83332.Rv0738	537	389
3010950	83332.Rv1009	6.7	11
3010190	83332.Rv0262c	56.6	36
3010927	83332.Rv0986	64.3	63
3012190	83332.Rv2232	15.6	21
3010612	83332.Rv0675	273	394
3013248	83332.Rv3267	46.4	100
3013507	83332.Rv3524	12.2	12
3010183	83332.Rv0255c	18.8	56
3012201	83332.Rv2244	9412	6720
3011842	83332.Rv1887	46.2	87
3010973	83332.Rv1031	6.38	2
3012314	83332.Rv2350c	106	201
3011122	83332.Rv1176c	27.8	26
3013904	83332.Rv3915	48.8	83
3010228	83332.Rv0300	162	60
3010092	83332.Rv0166	88.3	178
3012983	83332.Rv3009c	457	947
3011162	83332.Rv1216c	13.9	8
3013534	83332.Rv3551	9.12	13
3013129	83332.Rv3155	1.71	1
3011929	83332.Rv1973	1.73	1
3013226	83332.Rv3245c	17.2	41
3010231	83332.Rv0303	98.7	104
3012065	83332.Rv2109c	844	811
3013429	83332.Rv3446c	0.543	1
3010180	83332.Rv0252	2.46	8
3013814	83332.Rv3825c	333	2571
3011494	83332.Rv1541c	1.3	2
3013647	83332.Rv3663c	13.7	30
3011824	83332.Rv1869c	391	775
3013112	83332.Rv3138	4.68	8
3011975	83332.Rv2018	51.5	66
3013515	83332.Rv3532	0.931	1
3013787	83332.Rv3798	0.367	4
3011074	83332.Rv1129c	9.8	20
3013215	83332.Rv3234c	42.2	46
3013466	83332.Rv3483c	41.0	41
3010276	83332.Rv0348	42.8	51
3012779	83332.Rv2809	5.37	2
3009967	83332.Rv0042c	265	218
3012785	83332.Rv2815c	50.5	252
3010934	83332.Rv0993	138	120
3012474	83332.Rv2508c	1.45	2
3011330	83332.Rv1382	40.8	29
3011762	83332.Rv1807	121	27
3012263	83332.Rv2305	74.7	150
3010364	83332.Rv0436c	3.65	4
3012254	83332.Rv2296	945	1353
3012987	83332.Rv3013	82.2	106
3013278	83332.Rv3297	3.76	4
3010292	83332.Rv0364	46.1	17
3010258	83332.Rv0330c	1.9	2
3013654	83332.Rv3670	30.0	45
3012782	83332.Rv2812	0.428	1
3011451	83332.Rv1500	4.86	8
3011968	83332.Rv2011c	1.89	1
3011195	83332.Rv1249c	24.2	18
3012008	83332.Rv2051c	69.4	239
3013511	83332.Rv3528c	147	147
3010627	83332.Rv0690c	22.0	30
3011002	83332.Rv1060	113	84
3010470	83332.Rv0537c	18.9	23
3011341	83332.Rv1393c	20.5	36
3012812	83332.Rv2842c	105	72
3012322	83332.Rv2358	103	67
3012088	83332.Rv2132	43.5	17
3013320	83332.Rv3338	16.9	21
3013191	83332.Rv3213c	294	322
3012392	83332.Rv2427c	612	1007
3010135	83332.Rv0208c	85.8	112
3012091	83332.Rv2135c	128	142
3011854	83332.Rv1898	128	54
3012876	83332.Rv2906c	95.9	93
3012479	83332.Rv2513	19.1	13
3011339	83332.Rv1391	150	211
3011480	83332.Rv1527c	58.1	668
3011814	83332.Rv1859	7.29	11
3010892	83332.Rv0952	1742	2285
3012214	83332.Rv2256c	36.7	29
3010060	83332.Rv0134	34.6	50
3010538	83332.Rv0604	70.7	77
3010834	83332.Rv0893c	13.5	40
3010748	83332.Rv0807	45.1	42
3012374	83332.Rv2409c	150	139
3011951	83332.Rv1994c	26.2	22
3013207	83332.Rv3226c	33.9	46
3013731	83332.Rv3744	172	52
3011943	83332.Rv1987	45.9	47
3011897	83332.Rv1941	10.6	7
3012481	83332.Rv2515c	3.44	8
3010650	83332.Rv0713	34.6	43
3012752	83332.Rv2782c	20.4	43
3013142	83332.Rv3168	78.0	129
3012660	83332.Rv2691	498	465
3012378	83332.Rv2413c	16.1	28
3011202	83332.Rv1256c	2.11	3
3013221	83332.Rv3240c	263	1052
3010645	83332.Rv0708	1519	531
3012141	83332.Rv2184c	22.1	43
3012980	83332.Rv3006	437	671
3012650	83332.Rv2681	59.5	88
3013172	83332.Rv3197	116	239
3011776	83332.Rv1821	320	1032
3011128	83332.Rv1182	48.8	80
3010373	83332.Rv0445c	395	325
3010059	83332.Rv0133	31.2	25
3013155	83332.Rv3181c	23.0	16
3010806	83332.Rv0865	122	40
3011705	83332.Rv1750c	19.8	54
3012159	83332.Rv2202c	1434	2142
3011130	83332.Rv1184c	55.0	48
3011272	83332.Rv1324	768	1068
3011479	83332.Rv1526c	13.2	29
3012030	83332.Rv2073c	56.2	52
3011114	83332.Rv1168c	6.61	5
3011894	83332.Rv1938	67.7	131
3010267	83332.Rv0339c	21.7	52
3010940	83332.Rv0999	77.6	75
3011919	83332.Rv1963c	18.2	39
3010653	83332.Rv0716	1417	1002
3012164	83332.Rv2207	180	243
3011193	83332.Rv1247c	40.2	20
3013580	83332.Rv3596c	959	3166
3013547	83332.Rv3564	44.7	41
3012828	83332.Rv2858c	336	523
3013858	83332.Rv3869	159	344
3011147	83332.Rv1201c	924	941
3013258	83332.Rv3277	3.64	5
3013783	83332.Rv3794	66.2	279
3012006	83332.Rv2049c	7.17	2
3013357	83332.Rv3375	23.3	51
3011521	83332.Rv1568	65.6	88
3010886	83332.Rv0945	17.6	19
3010735	83332.Rv0794c	178	398
3011808	83332.Rv1853	12.7	7
3012817	83332.Rv2847c	68.0	84
3010039	83332.Rv0113	6.39	3
3011499	83332.Rv1546	150	79
3010799	83332.Rv0858c	178	215
3012230	83332.Rv2272	4.28	3
3010262	83332.Rv0334	126	157
3010495	83332.Rv0562	341	528
3010398	83332.Rv0469	470	768
3010239	83332.Rv0311	11.2	20
3010080	83332.Rv0154c	337	450
3011983	83332.Rv2026c	58.6	106
3011425	83332.Rv1476	92.2	64
3012460	83332.Rv2494	25.5	25
3013079	83332.Rv3104c	23.6	35
3013532	83332.Rv3549c	10.5	9
3012619	83332.Rv2650c	22.2	55
3013057	83332.Rv3082c	13.7	24
3013323	83332.Rv3341	32.7	50
3012131	83332.Rv2174	0.973	4
3012466	83332.Rv2500c	94.4	184
3012136	83332.Rv2179c	12.6	10
3010404	83332.Rv0474	127	109
3013701	83332.Rv3715c	92.4	74
3011627	83332.Rv1673c	3.35	3
3011726	83332.Rv1770	164	325
3011379	83332.Rv1431	12.9	34
3011157	83332.Rv1211	1840	455
3011041	83332.Rv1097c	280	151
3012664	83332.Rv2695	41.3	40
3011838	83332.Rv1883c	112	81
3011096	83332.Rv1151c	63.4	86
3010168	83332.Rv0240	36.5	32
3010755	83332.Rv0814c	1626	1457
3010530	83332.Rv0596c	36.1	12
3012564	83332.Rv2597	140	118
3013754	83332.Rv3767c	106	208
3013185	83332.Rv3208	168	205
3010240	83332.Rv0312	31.4	65
3013907	83332.Rv3918c	62.8	99
3013104	83332.Rv3130c	403	701
3010223	83332.Rv0295c	100	111
3010447	83332.Rv0514	96.3	18
3012473	83332.Rv2507	82.3	43
3011730	83332.Rv1774	95.2	170
3013363	83332.Rv3381c	50.5	252
3013804	83332.Rv3815c	17.2	19
3013321	83332.Rv3339c	183	296
3010371	83332.Rv0443	410	501
3010887	83332.Rv0946c	529	1235
3013035	83332.Rv3060c	1.47	5
3011411	83332.Rv1463	382	628
3010715	83332.Rv0775	4.09	4
3012119	83332.Rv2162c	12.2	3
3013290	83332.Rv3309c	103	73
3013062	83332.Rv3087	21.6	46
3012959	83332.Rv2986c	3821	1558
3012520	83332.Rv2553c	50.0	96
3013241	83332.Rv3260c	37.1	20
3012901	83332.Rv2930	152	386
3010707	83332.Rv0767c	6.99	8
3012154	83332.Rv2197c	149	70
3010979	83332.Rv1037c	426	858
3011862	83332.Rv1906c	706	231
3012810	83332.Rv2840c	5.53	4
3011201	83332.Rv1255c	15.9	10
3012300	83332.Rv2336	11.1	21
3013007	83332.Rv3032	12.4	19
3012682	83332.Rv2713	83.5	155
3010217	83332.Rv0289	54.2	58
3013338	83332.Rv3356c	441	501
3010932	83332.Rv0991c	45.4	36
3012599	83332.Rv2630	1.78	2
3010850	83332.Rv0909	146	49
3010842	83332.Rv0901	82.2	39
3011512	83332.Rv1559	168	218
3011682	83332.Rv1727	13.8	6
3013012	83332.Rv3037c	3.36	7
3012609	83332.Rv2640c	26.3	8
3013599	83332.Rv3615c	582	92
3010408	83332.Rv0478	104	90
3012864	83332.Rv2894c	23.3	30
3013460	83332.Rv3477	32.7	13
3011985	83332.Rv2028c	162	167
3012875	83332.Rv2905	2.98	6
3010290	83332.Rv0362	0.33	1
3011581	83332.Rv1628c	160	108
3013915	83332.Rv4001	32.5	7
3010009	83332.Rv0083	0.984	3
3012602	83332.Rv2633c	81.5	74
3010596	83332.Rv0659c	14.6	6
3013510	83332.Rv3527	28.5	17
3011941	83332.Rv1985c	5.51	6
3011223	83332.Rv1277	5.38	10
3010415	83332.Rv0485	6.36	12
3011399	83332.Rv1451	7.09	4
3012406	83332.Rv2440c	16.1	29
3011598	83332.Rv1644	8.48	11
3013064	83332.Rv3089	98.2	258
3011003	83332.Rv1061	101	173
3012679	83332.Rv2710	73.8	90
3011171	83332.Rv1225c	24.2	23
3012302	83332.Rv2338c	65.3	92
3013600	83332.Rv3616c	1117	875
3010533	83332.Rv0599c	195	85
3011619	83332.Rv1665	91.6	188
3013196	83332.Rv3218	59.6	92
3012924	83332.Rv2952	505	639
3012452	83332.Rv2486	105	149
3013672	83332.Rv3687c	191	30
3012132	83332.Rv2175c	318	218
3012594	83332.Rv2625c	262	284
3013302	83332.Rv3320c	79.6	65
3011276	83332.Rv1328	697	2138
3009943	83332.Rv0018c	155	263
3011489	83332.Rv1536	231	872
3010587	83332.Rv0650	3.72	7
3011948	83332.Rv1991c	123	67
3010800	83332.Rv0859	1106	1772
3013908	83332.Rv3919c	22.0	20
3012505	83332.Rv2538c	78.7	143
3011592	83332.Rv1638A	446	226
3013673	83332.Rv3688c	273	148
3011447	83332.Rv1497	12.8	19
3013238	83332.Rv3257c	119	217
3012411	83332.Rv2445c	1095	969
3012009	83332.Rv2052c	62.6	119
3010529	83332.Rv0595c	37.6	33
3010526	83332.Rv0592	1.88	3
3010123	83332.Rv0196	25.8	24
3013273	83332.Rv3292	209	339
3013456	83332.Rv3473c	0.633	1
3010200	83332.Rv0272c	77.4	158
3013523	83332.Rv3540c	25.5	38
3013533	83332.Rv3550	24.7	21
3013189	83332.Rv3211	195	316
3011558	83332.Rv1605	63.6	103
3012693	83332.Rv2724c	44.9	80
3010933	83332.Rv0992c	76.0	30
3011198	83332.Rv1252c	37.0	18
3013382	83332.Rv3399	63.8	143
3012208	83332.Rv2250c	45.6	25
3011604	83332.Rv1650	186	637
3012086	83332.Rv2130c	92.3	186
3009945	83332.Rv0020c	967	2001
3011442	83332.Rv1492	64.8	151
3011405	83332.Rv1457c	1.8	2
3011335	83332.Rv1387	114	127
3011680	83332.Rv1725c	3.86	4
3011777	83332.Rv1822	8.25	6
3013419	83332.Rv3436c	193	623
3011675	83332.Rv1720c	0.773	1
3010104	83332.Rv0178	428	496
3010765	83332.Rv0824c	1877	3053
3013441	83332.Rv3458c	2530	1962
3011986	83332.Rv2029c	234	258
3011246	83332.Rv1299	134	208
3010002	83332.Rv0077c	129	172
3010247	83332.Rv0319	187	86
3012471	83332.Rv2505c	11.3	25
3010750	83332.Rv0809	196	324
3010896	83332.Rv0956	150	118
3012563	83332.Rv2596	27.3	12
3012510	83332.Rv2543	15.2	22
3013252	83332.Rv3271c	58.8	21
3010889	83332.Rv0949	31.5	99
3011150	83332.Rv1204c	12.4	36
3011213	83332.Rv1267c	102	220
3013050	83332.Rv3075c	844	1207
3010176	83332.Rv0248c	848	2285
3011225	83332.Rv1279	89.5	206
3013188	83332.Rv3210c	216	238
3011898	83332.Rv1942c	69.4	44
3013315	83332.Rv3333c	2.49	3
3011849	83332.Rv1893	815	263
3013384	83332.Rv3401	283	963
3013664	83332.Rv3679	133	204
3013250	83332.Rv3269	3906	1840
3012961	83332.Rv2988c	197	332
3011433	83332.Rv1484	492	571
3012713	83332.Rv2743c	59.9	59
3010945	83332.Rv1004c	23.4	5
3012476	83332.Rv2510c	70.2	169
3013329	83332.Rv3347c	3.03	2
3012491	83332.Rv2525c	138	131
3010519	83332.Rv0586	41.4	45
3012883	83332.Rv2913c	35.9	100
3011383	83332.Rv1435c	582	49
3013861	83332.Rv3872	106	28
3010106	83332.Rv0180c	214	233
3010589	83332.Rv0652	8387	2388
3010355	83332.Rv0427c	119	184
3011476	83332.Rv1523	52.2	88
3011967	83332.Rv2010	48.6	31
3009942	83332.Rv0017c	7.63	15
3010056	83332.Rv0130	51.3	33
3010138	83332.Rv0211	1253	3531
3010716	83332.Rv0776c	2.09	3
3011972	83332.Rv2015c	0.271	2
3013499	83332.Rv3516	110	111
3013234	83332.Rv3253c	0.955	1
3013741	83332.Rv3754	122	177
3013782	83332.Rv3793	67.1	229
3010458	83332.Rv0525	173	190
3012742	83332.Rv2772c	5.29	5
3010293	83332.Rv0365c	31.9	69
3012500	83332.Rv2533c	141	113
3012639	83332.Rv2670c	31.0	48
3010914	83332.Rv0974c	25.2	59
3012355	83332.Rv2391	466	1056
3012349	83332.Rv2385	27.6	28
3011226	83332.Rv1280c	104	203
3010697	83332.Rv0757	362	536
3012083	83332.Rv2127	10.8	23
3010118	83332.Rv0192	132	189
3010633	83332.Rv0696	15.4	37
3010686	83332.Rv0748	55.1	23
3011904	83332.Rv1948c	15.1	7
3012133	83332.Rv2176	0.961	2
3013568	83332.Rv3584	1273	990
3010178	83332.Rv0250c	464	233
3010860	83332.Rv0919	43.1	35
3013555	83332.Rv3571	21.8	35
3012252	83332.Rv2294	275	535
3011805	83332.Rv1850	41.6	102
3013263	83332.Rv3282	108	100
3013006	83332.Rv3031	16.4	34
3010482	83332.Rv0549c	36.9	28
3013092	83332.Rv3117	1119	2511
3011936	83332.Rv1980c	4180	3178
3011045	83332.Rv1101c	35.1	39
3010714	83332.Rv0774c	92.2	48
3013032	83332.Rv3057c	47.4	58
3011815	83332.Rv1860	3912	2782
3012357	83332.Rv2393	7.19	9
3013813	83332.Rv3824c	39.7	91
3010133	83332.Rv0206c	337	1266
3012956	83332.Rv2983	21.2	18
3013469	83332.Rv3486	6.49	5
3012575	83332.Rv2607	321	374
3012247	83332.Rv2289	252	245
3011639	83332.Rv1685c	41.4	48
3012843	83332.Rv2873	1465	800
3012011	83332.Rv2054	498	568
3011129	83332.Rv1183	5.73	23
3013680	83332.Rv3695	30.2	24
3012432	83332.Rv2466c	216	218
3010111	83332.Rv0185	37.8	21
3010259	83332.Rv0331	378	534
3012750	83332.Rv2780	2031	3795
3011841	83332.Rv1886c	6064	5873
3011962	83332.Rv2005c	724	752
3011099	83332.Rv1154c	33.6	37
3013203	83332.Rv3224	2195	2428
3010287	83332.Rv0359	3.73	3
3012259	83332.Rv2301	1682	379
3010726	83332.Rv0786c	128	68
3013193	83332.Rv3215	134	229
3011177	83332.Rv1231c	63.4	44
3010041	83332.Rv0115	0.768	1
3011467	83332.Rv1514c	39.8	48
3010740	83332.Rv0799c	311	437
3011154	83332.Rv1208	7.6	8
3012842	83332.Rv2872	5.63	4
3010610	83332.Rv0673	99.7	153
3010515	83332.Rv0582	33.1	10
3011264	83332.Rv1317c	7.01	15
3013376	83332.Rv3394c	0.512	2
3012142	83332.Rv2185c	1490	1323
3010609	83332.Rv0672	376	892
3012391	83332.Rv2426c	89.6	130
3013400	83332.Rv3417c	2505	7396
3013542	83332.Rv3559c	35.8	48
3013198	83332.Rv3220c	54.3	122
3011684	83332.Rv1729c	9.35	19
3011208	83332.Rv1262c	26.5	21
3011368	83332.Rv1420	7.54	21
3011263	83332.Rv1316c	95.0	61
3012981	83332.Rv3007c	24.7	11
3010825	83332.Rv0884c	1291	1554
3011648	83332.Rv1694	8.09	10
3012633	83332.Rv2664	14.2	5
3010423	83332.Rv0492c	20.7	44
3010643	83332.Rv0706	2395	721
3011590	83332.Rv1637c	555	376
3013061	83332.Rv3086	97.6	171
3010265	83332.Rv0337c	70.9	113
3010249	83332.Rv0321	346	145
3013763	83332.Rv3774	1365	1537
3012550	83332.Rv2583c	53.9	164
3011978	83332.Rv2021c	63.1	32
3011837	83332.Rv1882c	53.0	55
3012221	83332.Rv2263	62.2	108
3012573	83332.Rv2605c	220	267
3011860	83332.Rv1904	39.3	25
3013459	83332.Rv3476c	1.25	3
3012323	83332.Rv2359	122	88
3012498	83332.Rv2531c	67.1	314
3011056	83332.Rv1112	127	202
3012597	83332.Rv2628	9.81	8
3013184	83332.Rv3207c	76.9	116
3010532	83332.Rv0598c	125	86
3013314	83332.Rv3332	36.7	71
3013324	83332.Rv3342	77.0	79
3012793	83332.Rv2823c	2.05	8
3012771	83332.Rv2801c	61.4	38
3010291	83332.Rv0363c	2524	3921
3012182	83332.Rv2224c	216	381
3012991	83332.Rv3017c	1.78	1
3012162	83332.Rv2205c	3.26	4
3010942	83332.Rv1001	348	738
3012049	83332.Rv2091c	1028	506
3012743	83332.Rv2773c	830	854
3012727	83332.Rv2757c	14.0	6
3012052	83332.Rv2094c	946	375
3011987	83332.Rv2030c	532	1836
3010576	83332.Rv0639	620	669
3012152	83332.Rv2195	450	931
3012486	83332.Rv2520c	362	101
3011435	83332.Rv1486c	39.2	38
3011532	83332.Rv1579c	77.9	41
3013857	83332.Rv3868	349	844
3013619	83332.Rv3635	2.47	6
3012715	83332.Rv2745c	7.75	4
3011500	83332.Rv1547	31.0	178
3010743	83332.Rv0802c	21.1	25
3011831	83332.Rv1876	919	811
3010485	83332.Rv0552	89.7	190
3010781	83332.Rv0840c	13.6	20
3010084	83332.Rv0158	82.4	97
3011190	83332.Rv1244	72.4	83
3013550	83332.Rv3566c	111	130
3010559	83332.Rv0624	49.9	47
3013483	83332.Rv3500c	20.1	13
3010196	83332.Rv0268c	0.991	1
3013704	83332.Rv3718c	1165	659
3010025	83332.Rv0099	32.0	53
3010280	83332.Rv0352	463	819
3013350	83332.Rv3368c	339	402
3013381	83332.Rv3398c	17.0	20
3009998	83332.Rv0073	55.6	133
3010930	83332.Rv0989c	22.0	39
3010387	83332.Rv0458	409	881
3010574	83332.Rv0637	527	453
3011851	83332.Rv1895	3.47	6
3010175	83332.Rv0247c	524	674
3012312	83332.Rv2348c	27.5	7
3011893	83332.Rv1937	1.03	3
3012404	83332.Rv2438c	209	467
3011357	83332.Rv1409	241	412
3012075	83332.Rv2119	6.69	6
3011484	83332.Rv1531	291	280
3013264	83332.Rv3283	769	1251
3013343	83332.Rv3361c	9.42	7
3010416	83332.Rv0486	2.62	5
3013438	83332.Rv3455c	41.0	50
3012371	83332.Rv2406c	613	277
3010238	83332.Rv0310c	72.5	75
3011698	83332.Rv1743	101	240
3011852	83332.Rv1896c	122	191
3012109	83332.Rv2153c	68.3	96
3012668	83332.Rv2699c	1077	438
3010411	83332.Rv0481c	32.8	33
3010753	83332.Rv0812	23.5	44
3011077	83332.Rv1132	25.0	62
3012127	83332.Rv2170	38.7	32
3012685	83332.Rv2716	687	535
3012395	83332.Rv2430c	242	150
3013025	83332.Rv3050c	149	117
3013848	83332.Rv3859c	168	1095
3010315	83332.Rv0387c	4.18	1
3010055	83332.Rv0129c	1937	1864
3013353	83332.Rv3371	0.447	1
3010378	83332.Rv0450c	70.3	260
3012472	83332.Rv2506	4.62	5
3010143	83332.Rv0216	340	306
3011119	83332.Rv1173	23.8	101
3010227	83332.Rv0299	53.7	22
3010641	83332.Rv0704	1699	1435
3013230	83332.Rv3249c	15.3	20
3013351	83332.Rv3369	591	356
3012493	83332.Rv2527	103	52
3010898	83332.Rv0958	53.5	113
3011219	83332.Rv1273c	1.14	3
3012549	83332.Rv2582	489	537
3011559	83332.Rv1606	39.0	20
3010924	83332.Rv0983	425	788
3010367	83332.Rv0439c	419	618
3010252	83332.Rv0324	81.3	78
3012463	83332.Rv2497c	102	150
3009926	83332.Rv0001	157	398
3011782	83332.Rv1827	2283	1706
3010745	83332.Rv0804	8.8	10
3013211	83332.Rv3230c	45.2	70
3010383	83332.Rv0455c	443	384
3010592	83332.Rv0655	680	1013
3012773	83332.Rv2803	16.0	7
3009932	83332.Rv0007	531	356
3011413	83332.Rv1465	70.8	61
3012477	83332.Rv2511	235	165
3013689	83332.Rv3704c	14.8	19
3010620	83332.Rv0683	2530	1365
3011879	83332.Rv1923	197	313
3010500	83332.Rv0567	12.9	19
3013457	83332.Rv3474	50.5	252
3012939	83332.Rv2967c	141	667
3011325	83332.Rv1377c	216	197
3012617	83332.Rv2648	50.5	252
3012363	83332.Rv2399c	0.37	2
3010632	83332.Rv0695	33.9	25
3013492	83332.Rv3509c	842	1511
3011249	83332.Rv1302	2.67	6
3010956	83332.Rv1015c	1324	531
3011185	83332.Rv1239c	108	135
3010868	83332.Rv0927c	239	216
3010272	83332.Rv0344c	38.5	32
3013004	83332.Rv3029c	2225	1959
3012189	83332.Rv2231c	12.3	25
3011959	83332.Rv2002	200	126
3011215	83332.Rv1269c	988	442
3011332	83332.Rv1384	106	394
3013502	83332.Rv3519	177	239
3013670	83332.Rv3685c	7.4	17
3013518	83332.Rv3535c	170	201
3012967	83332.Rv2994	7.26	7
3013031	83332.Rv3056	0.863	2
3012060	83332.Rv2104c	26.9	10
3011466	83332.Rv1513	147	183
3010539	83332.Rv0605	1.14	1
3011371	83332.Rv1423	219	267
3012968	83332.Rv2995c	741	856
3013299	83332.Rv3317	39.9	28
3010505	83332.Rv0572c	8.28	5
3013297	83332.Rv3315c	187	147
3009935	83332.Rv0010c	2.69	3
3010204	83332.Rv0276	9.01	13
3013696	83332.Rv3710	463	1531
3011024	83332.Rv1082	106	167
3010582	83332.Rv0645c	173	277
3012935	83332.Rv2963	4.31	4
3012973	83332.Rv2999	97.0	169
3013029	83332.Rv3054c	102	64
3012820	83332.Rv2850c	21.2	56
3011706	83332.Rv1751	126	263
3012792	83332.Rv2822c	2.03	1
3013279	83332.Rv3298c	35.2	38
3011697	83332.Rv1742	16.3	25
3011465	83332.Rv1512	112	104
3012245	83332.Rv2287	1.22	4
3013870	83332.Rv3881c	1042	1631
3013576	83332.Rv3592	1283	633
3011596	83332.Rv1642	631	39
3013319	83332.Rv3337	6.17	4
3010027	83332.Rv0101	10.6	133
3013462	83332.Rv3479	41.2	167
3012772	83332.Rv2802c	4.13	6
3011366	83332.Rv1418	29.3	19
3012960	83332.Rv2987c	335	465
3012746	83332.Rv2776c	3.6	6
3011809	83332.Rv1854c	50.1	92
3010157	83332.Rv0230c	292	286
3012546	83332.Rv2579	349	501
3011486	83332.Rv1533	133	228
3013663	83332.Rv3678c	1383	829
3009973	83332.Rv0048c	207	233
3012700	83332.Rv2731	172	259
3013119	83332.Rv3145	25.0	9
3010962	83332.Rv1021	149	207
3012210	83332.Rv2252	42.2	50
3009979	83332.Rv0054	2339	1457
3009929	83332.Rv0004	3.81	3
3011953	83332.Rv1996	695	1107
3012898	83332.Rv2927c	341	360
3013603	83332.Rv3619c	426	858
3013891	83332.Rv3902c	98.8	98
3010790	83332.Rv0849	1.79	5
3010869	83332.Rv0928	868	838
3011070	83332.Rv1125	5.33	8
3012857	83332.Rv2887	82.6	48
3010393	83332.Rv0464c	305	321
3012130	83332.Rv2173	32.0	46
3011026	83332.Rv1084	44.6	126
3011728	83332.Rv1772	5.47	4
3012927	83332.Rv2955c	75.6	134
3013370	83332.Rv3388	7.83	2
3010630	83332.Rv0693	7.27	9
3010109	83332.Rv0183	675	1028
3011823	83332.Rv1868	17.0	48
3012174	83332.Rv2217	42.0	27
3010163	83332.Rv0236A	163	41
3010278	83332.Rv0350	8896	19374
3011060	83332.Rv1116	8.84	1
3013661	83332.Rv3677c	21.5	24
3010772	83332.Rv0831c	1973	2744
3010149	83332.Rv0222	253	289
3012536	83332.Rv2569c	68.6	113
3012766	83332.Rv2796c	6.25	9
3011053	83332.Rv1109c	296	300
3012807	83332.Rv2837c	168	303
3013667	83332.Rv3682	145	494
3010498	83332.Rv0565c	8.25	20
3010083	83332.Rv0157	315	367
3012903	83332.Rv2932	96.7	559
3010073	83332.Rv0147	578	1103
3011370	83332.Rv1422	32.0	59
3012021	83332.Rv2064	12.8	20
3013710	83332.Rv3724A	42.2	9
3011547	83332.Rv1594	385	581
3011580	83332.Rv1627c	219	429
3010923	83332.Rv0982	19.4	42
3013030	83332.Rv3055	4.62	3
3012099	83332.Rv2143	1.15	3
3009962	83332.Rv0037c	6.71	10
3011173	83332.Rv1227c	8.74	4
3011274	83332.Rv1326c	156	557
3013839	83332.Rv3850	488	273
3011419	83332.Rv1471	269	134
3010366	83332.Rv0438c	63.0	86
3010878	83332.Rv0937c	26.5	41
3012673	83332.Rv2704	23.7	17
3011519	83332.Rv1566c	115	77
3011493	83332.Rv1540	42.6	52
3013237	83332.Rv3256c	112	155
3012920	83332.Rv2948c	67.6	218
3013767	83332.Rv3778c	338	622
3011901	83332.Rv1945	5.16	20
3010464	83332.Rv0531	9.23	6
3011979	83332.Rv2022c	14.0	29
3011995	83332.Rv2038c	1.98	3
3013117	83332.Rv3143	451	321
3013121	83332.Rv3147	298	389
3013071	83332.Rv3096	3.76	8
3011168	83332.Rv1222	23.0	18
3012051	83332.Rv2093c	2.06	3
3011963	83332.Rv2006	68.9	350
3012957	83332.Rv2984	191	649
3010346	83332.Rv0418	292	552
3012944	83332.Rv2971	1038	1267
3009971	83332.Rv0046c	513	921
3011258	83332.Rv1311	789	393
3011522	83332.Rv1569	30.8	46
3013734	83332.Rv3747	891	578
3013347	83332.Rv3365c	56.1	192
3013539	83332.Rv3556c	277	446
3013699	83332.Rv3713	106	100
3010331	83332.Rv0403c	1.85	1
3013472	83332.Rv3489	1296	393
3011449	83332.Rv1498c	140	155
3013844	83332.Rv3855	35.6	56
3012836	83332.Rv2866	25.8	8
3012071	83332.Rv2115c	166	392
3010571	83332.Rv0634c	301	280
3010572	83332.Rv0635	669	592
3013838	83332.Rv3849	2121	1289
3011704	83332.Rv1749c	42.2	31
3011412	83332.Rv1464	265	509
3013616	83332.Rv3632	5.34	4
3010710	83332.Rv0770	63.8	92
3013295	83332.Rv3313c	115	208
3010555	83332.Rv0620	6.03	9
3010809	83332.Rv0868c	21.3	10
3010153	83332.Rv0226c	5.3	11
3012504	83332.Rv2537c	167	91
3013807	83332.Rv3818	146	318
3010253	83332.Rv0325	5.66	2
3012791	83332.Rv2821c	30.2	29
3013272	83332.Rv3291c	31.2	23
3013044	83332.Rv3069	2.11	1
3010256	83332.Rv0328	46.0	43
3013883	83332.Rv3894c	26.1	142
3013018	83332.Rv3043c	391	494
3010435	83332.Rv0502	30.2	48
3010647	83332.Rv0710	1224	435
3012329	83332.Rv2365c	60.7	19
3013090	83332.Rv3115	0.094	1
3010173	83332.Rv0245	38.2	35
3011437	83332.Rv1488	757	1248
3010762	83332.Rv0821c	272	350
3013163	83332.Rv3189	2.78	3
3010328	83332.Rv0400c	324	659
3012193	83332.Rv2236c	1.43	2
3013208	83332.Rv3227	176	340
3013764	83332.Rv3775	151	293
3011047	83332.Rv1103c	108	27
3010065	83332.Rv0139	33.4	45
3012929	83332.Rv2957	21.2	29
3013513	83332.Rv3530c	19.1	22
3011732	83332.Rv1776c	1.41	1
3010660	83332.Rv0723	1122	530
3010139	83332.Rv0212c	3.02	5
3013200	83332.Rv3221c	49.8	22
3010870	83332.Rv0929	3.89	4
3013618	83332.Rv3634c	390	515
3013375	83332.Rv3393	12.5	16
3012815	83332.Rv2845c	305	883
3011211	83332.Rv1265	182	204
3012135	83332.Rv2178c	407	903
3010070	83332.Rv0144	255	285
3011792	83332.Rv1837c	2216	5457
3012195	83332.Rv2238c	126	95
3012019	83332.Rv2062c	29.3	162
3011113	83332.Rv1167c	27.6	30
3013421	83332.Rv3438	134	131
3013769	83332.Rv3780	373	282
3011679	83332.Rv1724c	8.79	7
3011353	83332.Rv1405c	10.7	14
3009975	83332.Rv0050	73.0	233
3011591	83332.Rv1638	96.2	457
3012331	83332.Rv2367c	29.3	18
3013076	83332.Rv3101c	107	105
3010063	83332.Rv0137c	123	108
3010343	83332.Rv0415	26.3	39
3011404	83332.Rv1456c	4.86	7
3013613	83332.Rv3629c	3.22	3
3012958	83332.Rv2985	85.3	132
3013525	83332.Rv3542c	5.24	10
3010384	83332.Rv0456A	10.6	10
3010965	83332.Rv1024	9.34	8
3010286	83332.Rv0358	13.3	7
3012986	83332.Rv3012c	419	118
3010652	83332.Rv0715	1625	344
3011063	83332.Rv1118c	49.2	71
3010954	83332.Rv1013	106	228
3011799	83332.Rv1844c	64.6	117
3010831	83332.Rv0890c	2.57	10
3013609	83332.Rv3625c	9.03	13
3013154	83332.Rv3180c	24.3	14
3013505	83332.Rv3522	22.7	39
3011297	83332.Rv1349	6.55	12
3013716	83332.Rv3729	10.2	37
3012467	83332.Rv2501c	118	267
3012830	83332.Rv2860c	181	407
3010798	83332.Rv0857	37.2	31
3010960	83332.Rv1019	104	94
3010281	83332.Rv0353	75.9	42
3010463	83332.Rv0530	464	634
3011780	83332.Rv1825	86.4	86
3011394	83332.Rv1446c	118	146
3012450	83332.Rv2484c	36.8	75
3010141	83332.Rv0214	42.6	63
3010787	83332.Rv0846c	44.1	89
3013801	83332.Rv3812	1.63	1
3013445	83332.Rv3462c	1273	280
3013658	83332.Rv3674c	68.2	60
3012835	83332.Rv2865	9.71	5
3011141	83332.Rv1195	62.7	9
3011847	83332.Rv1891	381	164
3010573	83332.Rv0636	1427	655
3011050	83332.Rv1106c	266	304
3011973	83332.Rv2016	27.3	28
3013312	83332.Rv3330	37.7	50
3012092	83332.Rv2136c	3.18	3
3011044	83332.Rv1100	87.6	107
3011367	83332.Rv1419	331	223
3011138	83332.Rv1192	202	268
3012821	83332.Rv2851c	62.5	48
3010390	83332.Rv0461	74.3	47
3010807	83332.Rv0866	186	144
3011094	83332.Rv1148c	6.55	26
3012721	83332.Rv2751	77.4	109
3013802	83332.Rv3813c	76.8	69
3010257	83332.Rv0329c	9.57	8
3011076	83332.Rv1131	81.3	96
3011575	83332.Rv1622c	0.674	1
3010400	83332.Rv0470c	242	445
3011993	83332.Rv2036	4.29	3
3011634	83332.Rv1680	142	146
3010312	83332.Rv0384c	1166	3625
3010261	83332.Rv0333	564	274
3010130	83332.Rv0203	278	112
3012590	83332.Rv2621c	3.4	2
