#name: M.tuberculosis - Whole organism, SC (Albrethsen,MCP,2013)
#score: 5.16
#weight: 20%
#description: abundance based on Spectral counting, from<a href="http://www.ncbi.nlm.nih.gov/pubmed/23345537" target="_blank">Albrethsen,MCP,2013</a><br/><b>Interaction consistency score</b>: 5.16&nbsp<b>Coverage</b>: 30
#organ: WHOLE_ORGANISM
#integrated: false
#coverage: 30
#publication_year: 2013
#filename: Mtuberculosis_Albrethsen_2013.txt
#
#internal_id	string_external_id	abundance	raw_spectral_count
3010166	83332.Rv0238	324	11
3011269	83332.Rv1322	246	3
3012899	83332.Rv2928	680	48
3011272	83332.Rv1324	1475	109
3010125	83332.Rv0198c	1128	141
3013445	83332.Rv3462c	1797	25
3010158	83332.Rv0231	735	98
3012743	83332.Rv2773c	4103	182
3011246	83332.Rv1299	416	30
3010165	83332.Rv0237	189	13
3010699	83332.Rv0759c	365	13
3012047	83332.Rv2089c	44.6	3
3012394	83332.Rv2429	682	25
3011271	83332.Rv1323	1746	144
3011396	83332.Rv1448c	3822	292
3013517	83332.Rv3534c	389	27
3010383	83332.Rv0455c	1441	58
3010672	83332.Rv0734	471	26
3011992	83332.Rv2035	222	8
3010172	83332.Rv0244c	130	27
3013241	83332.Rv3260c	226	6
3010668	83332.Rv0730	578	38
3010671	83332.Rv0733	2323	102
3011807	83332.Rv1852	53.9	2
3010353	83332.Rv0425c	8.81	2
3011805	83332.Rv1850	86.6	13
3012522	83332.Rv2555c	67.8	16
3010676	83332.Rv0738	319	8
3013552	83332.Rv3568c	1790	137
3013287	83332.Rv3306c	415	21
3011276	83332.Rv1328	532	93
3012646	83332.Rv2677c	56.3	5
3010237	83332.Rv0309	1263	26
3011474	83332.Rv1521	103	16
3011343	83332.Rv1395	35.9	2
3010681	83332.Rv0743c	172	8
3011222	83332.Rv1276c	175	8
3011339	83332.Rv1391	27.5	3
3011338	83332.Rv1390	185	4
3010351	83332.Rv0423c	417	47
3011482	83332.Rv1529	11.4	5
3010051	83332.Rv0125	2113	53
3010828	83332.Rv0887c	78.1	4
3013872	83332.Rv3883c	47.8	2
3010052	83332.Rv0126	958	119
3013790	83332.Rv3801c	239	33
3012848	83332.Rv2878c	2898	94
3009966	83332.Rv0041	267	55
3012469	83332.Rv2503c	507	22
3012138	83332.Rv2181	2.33	1
3010070	83332.Rv0144	353	18
3013393	83332.Rv3410c	531	38
3011888	83332.Rv1932	4934	166
3012446	83332.Rv2480c	85.7	26
3009967	83332.Rv0042c	66.5	3
3012144	83332.Rv2187	181	26
3011892	83332.Rv1936	16.4	2
3013444	83332.Rv3461c	15249	35
3011894	83332.Rv1938	59.3	6
3012461	83332.Rv2495c	172	16
3011898	83332.Rv1942c	202	6
3010948	83332.Rv1007c	137	21
3012170	83332.Rv2213	26.8	4
3012169	83332.Rv2212	22.7	2
3012172	83332.Rv2215	539	62
3010156	83332.Rv0229c	217	9
3012078	83332.Rv2122c	125	2
3013777	83332.Rv3788	131	2
3012966	83332.Rv2993c	1882	63
3012322	83332.Rv2358	174	7
3012323	83332.Rv2359	252	8
3010538	83332.Rv0604	187	9
3012871	83332.Rv2901c	403	11
3012771	83332.Rv2801c	234	9
3012318	83332.Rv2354	85.7	26
3013825	83332.Rv3836	148	4
3013350	83332.Rv3368c	775	48
3010161	83332.Rv0234c	1581	176
3012123	83332.Rv2166c	1368	33
3010402	83332.Rv0472c	43.4	2
3012167	83332.Rv2210c	720	73
3013366	83332.Rv3384c	119	3
3012759	83332.Rv2789c	55.1	6
3013338	83332.Rv3356c	1844	110
3011583	83332.Rv1630	1366	138
3013240	83332.Rv3259	67.6	2
3011589	83332.Rv1636	1340	69
3012179	83332.Rv2221c	14.5	3
3013255	83332.Rv3274c	526	52
3010312	83332.Rv0384c	752	142
3011686	83332.Rv1731	17.8	2
3013218	83332.Rv3237c	151	6
3012094	83332.Rv2138	79.4	5
3013844	83332.Rv3855	42.9	3
3012097	83332.Rv2141c	1255	120
3013054	83332.Rv3079c	327	20
3009945	83332.Rv0020c	169	21
3010567	83332.Rv0632c	3726	183
3012011	83332.Rv2054	42.3	3
3013789	83332.Rv3800c	714	257
3012421	83332.Rv2455c	62.9	10
3010529	83332.Rv0595c	47.1	2
3012617	83332.Rv2648	85.7	26
3011580	83332.Rv1627c	995	93
3012689	83332.Rv2720	135	6
3012087	83332.Rv2131c	31.2	2
3011712	83332.Rv1757c	85.7	26
3011549	83332.Rv1596	2539	125
3010846	83332.Rv0905	487	34
3011547	83332.Rv1594	246	18
3012798	83332.Rv2828c	119	7
3011543	83332.Rv1590	195	2
3010805	83332.Rv0864	191	8
3010806	83332.Rv0865	112	2
3010807	83332.Rv0866	372	15
3010801	83332.Rv0860	410	63
3011552	83332.Rv1599	245	10
3010336	83332.Rv0408	246	36
3013891	83332.Rv3902c	770	40
3011723	83332.Rv1767	485	13
3013598	83332.Rv3614c	325	10
3013663	83332.Rv3678c	747	24
3013694	83332.Rv3708c	437	26
3012830	83332.Rv2860c	535	58
3011133	83332.Rv1187	449	46
3011127	83332.Rv1181	134	97
3010291	83332.Rv0363c	5435	383
3011815	83332.Rv1860	2040	86
3013021	83332.Rv3046c	53.8	2
3011963	83332.Rv2006	140	46
3011673	83332.Rv1718	31.7	3
3012788	83332.Rv2818c	94.7	11
3011698	83332.Rv1743	14.0	2
3011112	83332.Rv1166	33.6	3
3012420	83332.Rv2454c	21.4	2
3011108	83332.Rv1162	30.4	2
3013763	83332.Rv3774	1272	67
3011106	83332.Rv1160	541	21
3010400	83332.Rv0470c	2.09	1
3012464	83332.Rv2498c	342	18
3012700	83332.Rv2731	92.6	8
3011148	83332.Rv1202	999	51
3013673	83332.Rv3688c	398	11
3013114	83332.Rv3140	26.2	3
3013115	83332.Rv3141	28.2	2
3013120	83332.Rv3146	89.9	2
3013121	83332.Rv3147	143	11
3011854	83332.Rv1898	78.0	2
3011855	83332.Rv1899c	316	21
3013263	83332.Rv3282	61.6	3
3013681	83332.Rv3696c	517	77
3013123	83332.Rv3149	903	33
3011849	83332.Rv1893	364	7
3013660	83332.Rv3676	44.3	3
3010055	83332.Rv0129c	875	49
3010854	83332.Rv0913c	129	11
3012101	83332.Rv2145c	1584	94
3010275	83332.Rv0347	206	20
3011613	83332.Rv1659	210	16
3010277	83332.Rv0349	43.3	2
3010276	83332.Rv0348	75.1	5
3012961	83332.Rv2988c	310	25
3012874	83332.Rv2904c	4756	96
3011884	83332.Rv1928c	108	4
3012404	83332.Rv2438c	200	26
3011521	83332.Rv1568	243	15
3012722	83332.Rv2752c	126	17
3011058	83332.Rv1114	67.6	2
3010825	83332.Rv0884c	2464	146
3011239	83332.Rv1292	353	48
3011240	83332.Rv1293	152	21
3011241	83332.Rv1294	28.2	2
3011242	83332.Rv1295	644	56
3011243	83332.Rv1296	122	5
3010396	83332.Rv0467	5879	404
3010168	83332.Rv0240	32.2	2
3010284	83332.Rv0356c	70.2	3
3010171	83332.Rv0243	499	40
3013775	83332.Rv3786c	15.3	2
3013568	83332.Rv3584	1160	48
3010087	83332.Rv0161	311	29
3010089	83332.Rv0163	211	6
3011199	83332.Rv1253	24.5	3
3010090	83332.Rv0164	58.0	3
3012825	83332.Rv2855	31.8	3
3012504	83332.Rv2537c	744	18
3010516	83332.Rv0583c	449	10
3011359	83332.Rv1411c	1335	42
3012524	83332.Rv2557	783	39
3012829	83332.Rv2859c	574	19
3012959	83332.Rv2986c	1847	39
3011607	83332.Rv1653	404	28
3010577	83332.Rv0640	1015	24
3010578	83332.Rv0641	1481	68
3010229	83332.Rv0301	933	36
3010436	83332.Rv0503c	196	18
3011609	83332.Rv1655	959	70
3011261	83332.Rv1314c	804	30
3012918	83332.Rv2946c	1.81	2
3011610	83332.Rv1656	1036	39
3011964	83332.Rv2007c	2768	64
3013655	83332.Rv3671c	242	15
3012752	83332.Rv2782c	15.5	2
3011340	83332.Rv1392	807	77
3011316	83332.Rv1368	162	10
3012216	83332.Rv2258c	3455	201
3013608	83332.Rv3624c	65.2	4
3010932	83332.Rv0991c	44.1	2
3013793	83332.Rv3804c	3737	162
3013229	83332.Rv3248c	10077	897
3009938	83332.Rv0013	78.7	2
3010328	83332.Rv0400c	909	93
3010157	83332.Rv0230c	1211	52
3012195	83332.Rv2238c	193	7
3010053	83332.Rv0127	107	12
3013374	83332.Rv3392c	19.6	6
3012592	83332.Rv2623	740	33
3012750	83332.Rv2780	5085	477
3013273	83332.Rv3292	41.2	5
3013274	83332.Rv3293	130	9
3012962	83332.Rv2989	66.2	4
3013434	83332.Rv3451	45.0	2
3012410	83332.Rv2444c	45.6	9
3012511	83332.Rv2544	4.72	1
3009973	83332.Rv0048c	87.3	7
3012180	83332.Rv2222c	1929	149
3012892	83332.Rv2922A	900	30
3012958	83332.Rv2985	351	27
3012957	83332.Rv2984	25.4	4
3012984	83332.Rv3010c	1310	74
3013499	83332.Rv3516	36.5	2
3010063	83332.Rv0137c	450	19
3013026	83332.Rv3051c	190	38
3012491	83332.Rv2525c	31.8	2
3011075	83332.Rv1130	309	31
3011402	83332.Rv1454c	211	17
3012670	83332.Rv2701c	44.9	2
3012132	83332.Rv2175c	682	24
3013704	83332.Rv3718c	143	5
3010956	83332.Rv1015c	4799	77
3012486	83332.Rv2520c	246	4
3012077	83332.Rv2121c	287	24
3011748	83332.Rv1793	579	74
3012735	83332.Rv2765	737	46
3012510	83332.Rv2543	21.6	2
3012091	83332.Rv2135c	312	17
3012018	83332.Rv2061c	50.3	2
3011827	83332.Rv1872c	36.6	4
3010378	83332.Rv0450c	8.48	2
3010581	83332.Rv0644c	178	18
3011445	83332.Rv1495	75.5	2
3012341	83332.Rv2377c	456	4
3013202	83332.Rv3223c	108	7
3010845	83332.Rv0904c	18.8	2
3012419	83332.Rv2453c	193	9
3012502	83332.Rv2535c	607	42
3011654	83332.Rv1700	821	30
3010493	83332.Rv0560c	214	13
3013225	83332.Rv3244c	180	23
3013180	83332.Rv3203	36.9	2
3011727	83332.Rv1771	53.7	13
3013746	83332.Rv3759c	115	5
3010762	83332.Rv0821c	282	17
3011003	83332.Rv1061	378	35
3010193	83332.Rv0265c	110	7
3012921	83332.Rv2949c	39.9	2
3013650	83332.Rv3666c	89.8	7
3011619	83332.Rv1665	294	26
3010799	83332.Rv0858c	690	45
3011615	83332.Rv1661	2.41	4
3011614	83332.Rv1660	90.5	10
3012736	83332.Rv2766c	285	12
3011026	83332.Rv1084	11.0	2
3012442	83332.Rv2476c	305	126
3012161	83332.Rv2204c	2882	111
3012505	83332.Rv2538c	48.2	4
3011024	83332.Rv1082	62.2	5
3011067	83332.Rv1122	2611	171
3013739	83332.Rv3752c	84.3	4
3010701	83332.Rv0761c	4349	264
3012468	83332.Rv2502c	37.1	5
3012059	83332.Rv2103c	88.5	4
3010776	83332.Rv0835	31.2	2
3010499	83332.Rv0566c	4316	131
3010771	83332.Rv0830	135	9
3010565	83332.Rv0630c	7.49	2
3013075	83332.Rv3100c	87.2	2
3012968	83332.Rv2995c	1951	111
3011798	83332.Rv1843c	298	33
3013803	83332.Rv3814c	74.1	5
3010880	83332.Rv0939	864	87
3013322	83332.Rv3340	99.1	8
3010875	83332.Rv0934	3932	180
3011581	83332.Rv1628c	753	25
3011979	83332.Rv2022c	19.1	2
3012870	83332.Rv2900c	11.4	2
3010887	83332.Rv0946c	1630	197
3012714	83332.Rv2744c	502	39
3010839	83332.Rv0898c	1064	20
3012827	83332.Rv2857c	1158	33
3011318	83332.Rv1370c	85.7	26
3013827	83332.Rv3838c	23.8	2
3011352	83332.Rv1404	803	32
3012649	83332.Rv2680	904	39
3011354	83332.Rv1406	309	15
3013769	83332.Rv3780	368	13
3013604	83332.Rv3620c	740	69
3011287	83332.Rv1339	800	38
3011284	83332.Rv1336	21.6	2
3012754	83332.Rv2784c	129	4
3013363	83332.Rv3381c	85.7	26
3012879	83332.Rv2909c	941	23
3012218	83332.Rv2260	4687	22
3012500	83332.Rv2533c	381	13
3010772	83332.Rv0831c	1405	100
3013074	83332.Rv3099c	347	18
3013426	83332.Rv3443c	2669	74
3010957	83332.Rv1016c	57.5	4
3010869	83332.Rv0928	648	38
3010625	83332.Rv0688	40.4	4
3011803	83332.Rv1848	61.4	2
3010658	83332.Rv0721	30.4	2
3010657	83332.Rv0720	1225	27
3013094	83332.Rv3119	89.6	3
3013093	83332.Rv3118	1486	71
3013377	83332.Rv3395A	73.1	2
3012427	83332.Rv2461c	826	27
3013092	83332.Rv3117	1894	185
3010620	83332.Rv0683	2233	65
3010621	83332.Rv0684	450	72
3010622	83332.Rv0685	3097	308
3013415	83332.Rv3432c	175	22
3010569	83332.Rv0634A	431	10
3011188	83332.Rv1242	153	6
3012364	83332.Rv2400c	289	23
3011489	83332.Rv1536	483	100
3011484	83332.Rv1531	1399	57
3012343	83332.Rv2379c	18.6	7
3010259	83332.Rv0331	1144	74
3010260	83332.Rv0332	633	28
3010007	83332.Rv0081	387	6
3012896	83332.Rv2925c	22.5	2
3013708	83332.Rv3722c	697	66
3010476	83332.Rv0543c	323	10
3011791	83332.Rv1836c	192	25
3011585	83332.Rv1632c	41.8	2
3012080	83332.Rv2124c	37.5	11
3013540	83332.Rv3557c	21.3	2
3009978	83332.Rv0053	2642	75
3009977	83332.Rv0052	366	21
3009980	83332.Rv0055	3275	29
3009979	83332.Rv0054	3550	116
3009981	83332.Rv0056	2035	64
3011186	83332.Rv1240	217	16
3010814	83332.Rv0873	157	30
3010844	83332.Rv0903c	528	32
3010314	83332.Rv0386	5.62	2
3013395	83332.Rv3412	177	5
3013280	83332.Rv3299c	236	45
3013023	83332.Rv3048c	695	48
3012912	83332.Rv2941	229	31
3010812	83332.Rv0871	767	25
3013695	83332.Rv3709c	242	24
3012309	83332.Rv2345	340	43
3010451	83332.Rv0518	139	8
3013238	83332.Rv3257c	90.2	8
3010912	83332.Rv0972c	183	13
3013785	83332.Rv3796	41.5	3
3012184	83332.Rv2226	290	31
3012831	83332.Rv2861c	1065	38
3012178	83332.Rv2220	8600	742
3012105	83332.Rv2149c	115	9
3010700	83332.Rv0760c	496	21
3011948	83332.Rv1991c	386	10
3010142	83332.Rv0215c	38.2	2
3010689	83332.Rv0750	34.7	1
3010552	83332.Rv0617	65.5	2
3010513	83332.Rv0580c	49.4	3
3009969	83332.Rv0044c	453	16
3010692	83332.Rv0753c	1594	158
3011741	83332.Rv1785c	2.74	1
3012838	83332.Rv2868c	33.2	3
3011274	83332.Rv1326c	272	50
3012523	83332.Rv2556c	2547	10
3013575	83332.Rv3591c	24.2	2
3011772	83332.Rv1817	125	11
3011517	83332.Rv1564c	299	39
3010548	83332.Rv0613c	35.1	8
3012490	83332.Rv2524c	261	209
3011749	83332.Rv1794	311	23
3010919	83332.Rv0979A	7162	60
3011882	83332.Rv1926c	1993	63
3011144	83332.Rv1198	547	73
3012903	83332.Rv2932	18.2	12
3013285	83332.Rv3304	618	28
3012135	83332.Rv2178c	35.9	6
3010481	83332.Rv0548c	915	72
3013545	83332.Rv3562	283	32
3013546	83332.Rv3563	461	39
3013581	83332.Rv3597c	2387	30
3013548	83332.Rv3565	360	28
3011579	83332.Rv1626	2874	153
3012038	83332.Rv2080	188	8
3013553	83332.Rv3569c	1197	91
3012573	83332.Rv2605c	246	16
3013571	83332.Rv3587c	1641	90
3012807	83332.Rv2837c	94.3	10
3011566	83332.Rv1613	425	28
3013830	83332.Rv3841	7864	320
3013835	83332.Rv3846	9569	330
3012939	83332.Rv2967c	36.0	10
3013838	83332.Rv3849	194	6
3013742	83332.Rv3755c	1226	38
3012645	83332.Rv2676c	1063	70
3011053	83332.Rv1109c	73.9	4
3013703	83332.Rv3717	470	24
3012753	83332.Rv2783c	1095	177
3011960	83332.Rv2003c	22.6	2
3012683	83332.Rv2714	29.8	2
3012685	83332.Rv2716	1712	64
3012501	83332.Rv2534c	2827	34
3010726	83332.Rv0786c	442	13
3010285	83332.Rv0357c	585	38
3010176	83332.Rv0248c	1258	181
3011875	83332.Rv1919c	268	11
3011804	83332.Rv1849	598	17
3013498	83332.Rv3515c	42.4	5
3013288	83332.Rv3307	117	4
3013260	83332.Rv3279c	145	7
3010441	83332.Rv0508	258	4
3010998	83332.Rv1056	339	21
3012065	83332.Rv2109c	2893	139
3012370	83332.Rv2405	79.6	5
3011000	83332.Rv1058	75.0	11
3010431	83332.Rv0500	3293	131
3011143	83332.Rv1197	762	70
3010439	83332.Rv0506	63.7	3
3012493	83332.Rv2527	59.0	2
3011649	83332.Rv1695	18.2	3
3011841	83332.Rv1886c	4778	205
3011191	83332.Rv1245c	107	5
3010728	83332.Rv0787A	496	8
3010660	83332.Rv0723	5891	146
3010437	83332.Rv0504c	57.3	3
3011706	83332.Rv1751	36.7	2
3013442	83332.Rv3459c	546	12
3012917	83332.Rv2945c	1181	67
3011123	83332.Rv1177	4265	77
3010419	83332.Rv0489	691	46
3013735	83332.Rv3748	454	17
3012367	83332.Rv2402	265	46
3010412	83332.Rv0482	21.1	2
3010740	83332.Rv0799c	1295	99
3013734	83332.Rv3747	1738	56
3012003	83332.Rv2046	128	6
3013379	83332.Rv3396c	257	25
3013125	83332.Rv3151	686	123
3012818	83332.Rv2848c	1.92	1
3011590	83332.Rv1637c	1921	49
3012049	83332.Rv2091c	205	6
3013182	83332.Rv3205c	192	13
3010607	83332.Rv0670	626	26
3012663	83332.Rv2694c	1155	35
3010610	83332.Rv0673	127	10
3011734	83332.Rv1778c	206	9
3013375	83332.Rv3393	134	8
3013256	83332.Rv3275c	132	5
3010405	83332.Rv0475	771	29
3011230	83332.Rv1284	3621	137
3011864	83332.Rv1908c	1088	200
3010307	83332.Rv0379	6832	86
3012007	83332.Rv2050	879	21
3013382	83332.Rv3399	112	13
3012431	83332.Rv2465c	2042	90
3012067	83332.Rv2111c	3491	38
3010744	83332.Rv0803	8.72	2
3010741	83332.Rv0800	876	82
3010742	83332.Rv0801	784	28
3011419	83332.Rv1471	663	18
3010566	83332.Rv0631c	12.8	4
3010509	83332.Rv0576	102	10
3010510	83332.Rv0577	1989	89
3013792	83332.Rv3803c	2645	98
3012680	83332.Rv2711	2174	107
3012381	83332.Rv2416c	706	66
3009965	83332.Rv0040c	111	5
3011685	83332.Rv1730c	162	25
3012489	83332.Rv2523c	109	2
3013576	83332.Rv3592	1717	39
3010318	83332.Rv0390	302	8
3011248	83332.Rv1301	245	12
3009961	83332.Rv0036c	1167	69
3011947	83332.Rv1990c	156	7
3012477	83332.Rv2511	243	8
3013466	83332.Rv3483c	31.5	2
3011256	83332.Rv1309	64.6	5
3010386	83332.Rv0457c	729	113
3010582	83332.Rv0645c	50.1	5
3012809	83332.Rv2839c	42.5	8
3011217	83332.Rv1271c	169	6
3011775	83332.Rv1820	20.3	2
3012019	83332.Rv2062c	15.5	6
3011116	83332.Rv1170	140	8
3010589	83332.Rv0652	7756	130
3011787	83332.Rv1832	1030	175
3010355	83332.Rv0427c	21.7	2
3011120	83332.Rv1174c	426	4
3013677	83332.Rv3692	12.0	2
3011687	83332.Rv1732c	2846	53
3012259	83332.Rv2301	1931	20
3012277	83332.Rv2314c	80.7	9
3013519	83332.Rv3536c	913	40
3011022	83332.Rv1080c	1211	43
3010655	83332.Rv0718	677	23
3010656	83332.Rv0719	3650	121
3012644	83332.Rv2675c	333	15
3013691	83332.Rv3705c	163	3
3010194	83332.Rv0266c	290	76
3010647	83332.Rv0710	3704	68
3010648	83332.Rv0711	158	21
3010653	83332.Rv0716	3685	136
3010651	83332.Rv0714	6571	105
3010652	83332.Rv0715	6272	62
3010492	83332.Rv0559c	222	6
3010665	83332.Rv0727c	133	7
3012247	83332.Rv2289	134	8
3013870	83332.Rv3881c	764	65
3012392	83332.Rv2427c	524	50
3012627	83332.Rv2658c	570	16
3012238	83332.Rv2280	1727	130
3010614	83332.Rv0677c	520	27
3013863	83332.Rv3874	7224	232
3013864	83332.Rv3875	1976	42
3011913	83332.Rv1957	41.4	2
3010244	83332.Rv0316	43.6	2
3013509	83332.Rv3526	559	55
3011943	83332.Rv1987	298	14
3012519	83332.Rv2552c	45.1	2
3013266	83332.Rv3285	639	73
3013534	83332.Rv3551	114	7
3011221	83332.Rv1275	418	21
3012801	83332.Rv2831	836	51
3013261	83332.Rv3280	904	101
3013264	83332.Rv3283	1695	143
3013533	83332.Rv3550	90.7	5
3010639	83332.Rv0702	2388	88
3012546	83332.Rv2579	337	24
3013124	83332.Rv3150	587	56
3012542	83332.Rv2575	319	16
3013535	83332.Rv3552	294	22
3012537	83332.Rv2570	54.8	2
3012236	83332.Rv2278	85.7	26
3011824	83332.Rv1869c	507	50
3012880	83332.Rv2910c	43.4	2
3011325	83332.Rv1377c	715	31
3010644	83332.Rv0707	460	20
3012723	83332.Rv2753c	3095	157
3010023	83332.Rv0097	41.4	2
3010643	83332.Rv0706	3616	71
3010084	83332.Rv0158	151	9
3013295	83332.Rv3313c	78.1	9
3011043	83332.Rv1099c	437	27
3011480	83332.Rv1527c	159	121
3012601	83332.Rv2632c	237	5
3012557	83332.Rv2590	85.1	30
3010571	83332.Rv0634c	544	28
3012878	83332.Rv2908c	451	9
3010067	83332.Rv0141c	1607	31
3012086	83332.Rv2130c	173	19
3013897	83332.Rv3908	267	10
3010979	83332.Rv1037c	865	72
3012666	83332.Rv2697c	290	15
3012817	83332.Rv2847c	31.7	2
3011434	83332.Rv1485	16.5	2
3011433	83332.Rv1484	300	15
3011438	83332.Rv1489	196	6
3010958	83332.Rv1017c	1542	122
3013406	83332.Rv3423c	705	61
3011665	83332.Rv1710	31.8	2
3012428	83332.Rv2462c	555	51
3011667	83332.Rv1712	401	17
3013371	83332.Rv3389c	3018	168
3012857	83332.Rv2887	75.2	2
3013416	83332.Rv3433c	115	8
3013493	83332.Rv3510c	29.3	2
3011166	83332.Rv1220c	105	5
3013011	83332.Rv3036c	2019	46
3013632	83332.Rv3648c	1842	29
3011612	83332.Rv1658	327	33
3009939	83332.Rv0014c	45.0	7
3011976	83332.Rv2019	203	9
3010004	83332.Rv0078A	568	21
3011459	83332.Rv1507c	24.1	2
3011606	83332.Rv1652	1065	51
3012344	83332.Rv2380c	12.7	6
3011608	83332.Rv1654	180	12
3012073	83332.Rv2117	95.5	3
3012070	83332.Rv2114	608	24
3013612	83332.Rv3628	2873	54
3010579	83332.Rv0642c	237	23
3013841	83332.Rv3852	339	9
3012598	83332.Rv2629	28.0	3
3013565	83332.Rv3581c	62.9	3
3012009	83332.Rv2052c	40.7	4
3012031	83332.Rv2074	223	9
3011491	83332.Rv1538c	96.4	7
3013245	83332.Rv3264c	15.5	2
3013257	83332.Rv3276c	344	30
3012005	83332.Rv2048c	41.7	45
3013554	83332.Rv3570c	1085	78
3013754	83332.Rv3767c	5.57	2
3012181	83332.Rv2223c	2.68	1
3011384	83332.Rv1436	613	57
3012188	83332.Rv2230c	267	17
3010469	83332.Rv0536	27.2	3
3011676	83332.Rv1721c	84.8	2
3013762	83332.Rv3773c	10.7	2
3010360	83332.Rv0432	861	22
3010471	83332.Rv0538	37.8	2
3011386	83332.Rv1438	1464	101
3012411	83332.Rv2445c	1572	63
3012459	83332.Rv2493	91.9	2
3010949	83332.Rv1008	689	40
3012441	83332.Rv2475c	396	16
3012125	83332.Rv2168c	85.7	26
3012129	83332.Rv2172c	316	18
3013043	83332.Rv3068c	503	57
3010947	83332.Rv1006	14.5	2
3012660	83332.Rv2691	1092	55
3012525	83332.Rv2558	256	13
3012661	83332.Rv2692	532	30
3011216	83332.Rv1270c	1044	53
3011553	83332.Rv1600	199	20
3013439	83332.Rv3456c	2751	86
3011334	83332.Rv1386	384	8
3011169	83332.Rv1223	504	66
3013696	83332.Rv3710	880	148
3010456	83332.Rv0523c	89.1	4
3012209	83332.Rv2251	98.7	10
3011288	83332.Rv1340	189	10
3011289	83332.Rv1341	189	8
3011294	83332.Rv1346	273	25
3013443	83332.Rv3460c	3352	77
3012414	83332.Rv2448c	246	51
3012071	83332.Rv2115c	26.7	4
3011830	83332.Rv1875	193	7
3011831	83332.Rv1876	2941	127
3013000	83332.Rv3025c	97.3	5
3013550	83332.Rv3566c	776	45
3010873	83332.Rv0932c	1063	57
3010408	83332.Rv0478	40.7	2
3011834	83332.Rv1879	46.4	4
3013227	83332.Rv3246c	1017	47
3010081	83332.Rv0155	90.3	10
3012595	83332.Rv2626c	2787	110
3012074	83332.Rv2118c	879	80
3010249	83332.Rv0321	504	9
3013580	83332.Rv3596c	76.1	19
3010170	83332.Rv0242c	810	92
3012197	83332.Rv2240c	287	14
3010209	83332.Rv0281	539	44
3010866	83332.Rv0925c	2217	115
3013102	83332.Rv3127	129	10
3010935	83332.Rv0994	39.3	2
3012574	83332.Rv2606c	189	15
3012658	83332.Rv2689c	28.4	3
3012217	83332.Rv2259	1436	85
3010713	83332.Rv0773c	231	22
3010371	83332.Rv0443	589	32
3010368	83332.Rv0440	8626	853
3011332	83332.Rv1384	13.0	4
3010562	83332.Rv0627	106	4
3013271	83332.Rv3290c	62.7	6
3012845	83332.Rv2875	3951	58
3013909	83332.Rv3920c	730	28
3013847	83332.Rv3858c	395	46
3012311	83332.Rv2347c	740	69
3010027	83332.Rv0101	13.0	11
3011937	83332.Rv1981c	96.3	12
3011524	83332.Rv1571	459	17
3013384	83332.Rv3401	1106	171
3013383	83332.Rv3400	1616	87
3012975	83332.Rv3001c	4225	333
3011275	83332.Rv1327c	265	43
3011428	83332.Rv1479	104	11
3011869	83332.Rv1913	219	11
3012944	83332.Rv2971	1262	79
3012463	83332.Rv2497c	76.6	6
3010026	83332.Rv0100	149	4
3009944	83332.Rv0019c	302	15
3011415	83332.Rv1467c	14.9	5
3011810	83332.Rv1855c	791	62
3011972	83332.Rv2015c	4.33	1
3013798	83332.Rv3809c	1.81	1
3013425	83332.Rv3442c	1434	25
3012785	83332.Rv2815c	85.7	26
3013501	83332.Rv3518c	61.4	8
3012843	83332.Rv2873	1810	53
3011131	83332.Rv1185c	39.1	5
3012507	83332.Rv2540c	117	13
3010473	83332.Rv0540	53.1	2
3012949	83332.Rv2976c	29.6	2
3011448	83332.Rv1498A	2887	51
3013441	83332.Rv3458c	150	7
3012096	83332.Rv2140c	5280	157
3012260	83332.Rv2302	802	13
3010138	83332.Rv0211	5682	787
3011194	83332.Rv1248c	60.1	21
3010143	83332.Rv0216	527	27
3013814	83332.Rv3825c	24.7	23
3009991	83332.Rv0066c	4004	566
3010735	83332.Rv0794c	833	84
3012588	83332.Rv2619c	57.1	2
3010121	83332.Rv0194	0.933	1
3013401	83332.Rv3418c	16864	375
3010123	83332.Rv0196	27.0	2
3010124	83332.Rv0197	9.03	2
3013815	83332.Rv3826	5.64	4
3010107	83332.Rv0181c	767	26
3009943	83332.Rv0018c	120	12
3010080	83332.Rv0154c	442	32
3013524	83332.Rv3541c	71.1	3
3012852	83332.Rv2882c	2669	87
3013318	83332.Rv3336c	111	6
3012215	83332.Rv2257c	338	25
3010794	83332.Rv0853c	373	43
3010787	83332.Rv0846c	12.7	2
3013251	83332.Rv3270	221	33
3013253	83332.Rv3272	44.5	4
3013171	83332.Rv3196A	153	4
3011012	83332.Rv1070c	1662	82
3010743	83332.Rv0802c	25.9	2
3012986	83332.Rv3012c	842	14
3010572	83332.Rv0635	343	20
3013457	83332.Rv3474	85.7	26
3012487	83332.Rv2521	974	33
3013143	83332.Rv3169	965	79
3012182	83332.Rv2224c	151	15
3010319	83332.Rv0391	1052	108
3011582	83332.Rv1629	471	112
3011564	83332.Rv1611	731	57
3011565	83332.Rv1612	473	42
3012769	83332.Rv2799	656	38
3012755	83332.Rv2785c	2113	27
3010573	83332.Rv0636	917	22
3010872	83332.Rv0931c	19.3	2
3012432	83332.Rv2466c	320	15
3009988	83332.Rv0063	123	12
3012203	83332.Rv2246	315	33
3012204	83332.Rv2247	21.1	3
3012201	83332.Rv2244	10517	358
3012202	83332.Rv2245	1062	77
3012200	83332.Rv2243	216	8
3012198	83332.Rv2241	2831	451
3012433	83332.Rv2467	3164	484
3011592	83332.Rv1638A	95.4	2
3011393	83332.Rv1445c	1028	49
3011792	83332.Rv1837c	6263	724
3012325	83332.Rv2361c	40.6	2
3012673	83332.Rv2704	253	8
3012969	83332.Rv2996c	488	65
3010372	83332.Rv0444c	52.4	3
3013300	83332.Rv3318	579	60
3010914	83332.Rv0974c	12.5	2
3011721	83332.Rv1765c	13.7	2
3010339	83332.Rv0411c	322	16
3011329	83332.Rv1381	1177	69
3010908	83332.Rv0968	527	14
3013292	83332.Rv3311	188	10
3013291	83332.Rv3310	432	13
3010913	83332.Rv0973c	28.4	4
3011234	83332.Rv1288	498	55
3012298	83332.Rv2334	1670	120
3010199	83332.Rv0271c	36.9	6
3010410	83332.Rv0480c	936	58
3013503	83332.Rv3520c	392	30
3012652	83332.Rv2683	243	12
3012407	83332.Rv2441c	2958	42
3011634	83332.Rv1680	381	25
3010133	83332.Rv0206c	9.14	2
3011643	83332.Rv1689	86.6	7
3011718	83332.Rv1763	85.7	26
3011147	83332.Rv1201c	674	37
3011424	83332.Rv1475c	2341	411
3009970	83332.Rv0045c	30.7	2
3012385	83332.Rv2420c	505	17
3010429	83332.Rv0498	31.9	2
3013603	83332.Rv3619c	865	72
3011090	83332.Rv1144	418	26
3013869	83332.Rv3880c	58.5	2
3010421	83332.Rv0491	356	17
3011206	83332.Rv1260	244	27
3011211	83332.Rv1265	100	6
3011210	83332.Rv1264	33.1	4
3013741	83332.Rv3754	54.6	4
3012980	83332.Rv3006	1021	75
3010444	83332.Rv0511	64.4	8
3010066	83332.Rv0140	525	8
3010445	83332.Rv0512	1465	100
3010736	83332.Rv0795	85.7	26
3011918	83332.Rv1962c	350	14
3013003	83332.Rv3028c	1744	122
3011497	83332.Rv1544	23.1	2
3011499	83332.Rv1546	104	3
3013080	83332.Rv3105c	1458	146
3013902	83332.Rv3913	38.4	3
3013351	83332.Rv3369	628	18
3010609	83332.Rv0672	1815	205
3011900	83332.Rv1944c	288	11
3010337	83332.Rv0409	28.8	3
3010848	83332.Rv0907	14.7	3
3011988	83332.Rv2031c	6461	164
3012965	83332.Rv2992c	151	16
3012377	83332.Rv2412	1734	13
3012583	83332.Rv2614c	283	39
3012668	83332.Rv2699c	1088	25
3013630	83332.Rv3646c	689	158
3010502	83332.Rv0569	1181	24
3012760	83332.Rv2790c	528	46
3012989	83332.Rv3015c	26.9	2
3011412	83332.Rv1464	779	74
3012637	83332.Rv2668	83.2	6
3010393	83332.Rv0464c	33.0	2
3010495	83332.Rv0562	23.1	2
3010183	83332.Rv0255c	16.8	2
3011282	83332.Rv1334	1814	54
3011258	83332.Rv1311	335	9
3011257	83332.Rv1310	275	41
3010980	83332.Rv1038c	762	70
3012905	83332.Rv2934	44.3	18
3012906	83332.Rv2935	159	57
3012535	83332.Rv2568c	293	23
3012901	83332.Rv2930	48.7	8
3012902	83332.Rv2931	46.4	25
3013618	83332.Rv3634c	965	59
3012904	83332.Rv2933	68.3	38
3013684	83332.Rv3699	3163	95
3010664	83332.Rv0726c	5.84	2
3011279	83332.Rv1331	181	7
3013050	83332.Rv3075c	2703	170
3013190	83332.Rv3212	380	30
3012539	83332.Rv2572c	136	13
3011071	83332.Rv1126c	415	16
3010588	83332.Rv0651	722	31
3010224	83332.Rv0296c	201	23
3011784	83332.Rv1829	388	14
3011782	83332.Rv1827	2070	81
3010326	83332.Rv0398c	1270	42
3012695	83332.Rv2726c	185	9
3011657	83332.Rv1703c	377	24
3013669	83332.Rv3684	217	19
3010604	83332.Rv0667	388	114
3010646	83332.Rv0709	3610	68
3010645	83332.Rv0708	4377	82
3012106	83332.Rv2150c	155	13
3013135	83332.Rv3161c	1492	152
3011336	83332.Rv1388	1363	63
3010247	83332.Rv0319	491	14
3010638	83332.Rv0701	3658	161
3010637	83332.Rv0700	1759	45
3010640	83332.Rv0703	4386	67
3011333	83332.Rv1385	27.8	2
3012708	83332.Rv2738c	107	2
3010241	83332.Rv0313	61.2	2
3011328	83332.Rv1380	1504	77
3010239	83332.Rv0311	23.5	2
3013858	83332.Rv3869	101	12
3013857	83332.Rv3868	68.9	9
3011936	83332.Rv1980c	2881	129
3010056	83332.Rv0130	119	5
3010580	83332.Rv0643c	70.0	7
3012249	83332.Rv2291	113	6
3012248	83332.Rv2290	754	16
3013528	83332.Rv3545c	176	19
3013854	83332.Rv3865	454	18
3012252	83332.Rv2294	127	14
3013856	83332.Rv3867	1004	21
3012254	83332.Rv2296	44.9	4
3011878	83332.Rv1922	37.5	3
3011879	83332.Rv1923	15.9	2
3013761	83332.Rv3772	490	38
3012151	83332.Rv2194	299	7
3011881	83332.Rv1925	92.2	16
3012052	83332.Rv2094c	332	6
3010570	83332.Rv0634B	1930	8
3010288	83332.Rv0360c	966	17
3013766	83332.Rv3777	90.3	4
3012128	83332.Rv2171	203	10
3012408	83332.Rv2442c	7459	109
3012859	83332.Rv2889c	3438	221
3010414	83332.Rv0484c	48.1	3
3013160	83332.Rv3186	85.7	26
3010942	83332.Rv1001	702	75
3013158	83332.Rv3184	85.7	26
3010837	83332.Rv0896	9034	859
3013156	83332.Rv3182	11.0	1
3010072	83332.Rv0146	162	16
3011100	83332.Rv1155	121	3
3010690	83332.Rv0751c	208	11
3010779	83332.Rv0838	122	9
3010075	83332.Rv0149	55.5	4
3010074	83332.Rv0148	496	39
3010576	83332.Rv0639	906	45
3013162	83332.Rv3188	202	6
3013903	83332.Rv3914	2495	89
3012393	83332.Rv2428	976	61
3013492	83332.Rv3509c	430	36
3013107	83332.Rv3133c	791	32
3010659	83332.Rv0722	5212	33
3011397	83332.Rv1449c	2648	334
3012828	83332.Rv2858c	1227	100
3012556	83332.Rv2589	1276	130
3012488	83332.Rv2522c	226	18
3010479	83332.Rv0546c	2055	62
3010574	83332.Rv0637	570	22
3013518	83332.Rv3535c	382	21
3011950	83332.Rv1993c	1508	43
3010226	83332.Rv0298	422	8
3011597	83332.Rv1643	4136	84
3010765	83332.Rv0824c	1037	77
3012808	83332.Rv2838c	234	9
3013236	83332.Rv3255c	459	28
3013529	83332.Rv3546	109	7
3013530	83332.Rv3547	431	17
3010149	83332.Rv0222	394	27
3011595	83332.Rv1641	85.5	3
3013117	83332.Rv3143	1088	31
3012937	83332.Rv2965c	1374	75
3010840	83332.Rv0899	428	28
3010661	83332.Rv0724	13.0	2
3013297	83332.Rv3315c	506	19
3012142	83332.Rv2185c	2613	112
3010397	83332.Rv0468	3252	231
3013208	83332.Rv3227	62.5	8
3012795	83332.Rv2825c	115	7
3013282	83332.Rv3301c	46.8	3
3011215	83332.Rv1269c	1004	26
3012278	83332.Rv2315c	76.7	10
3012061	83332.Rv2105	85.7	26
3013321	83332.Rv3339c	1064	104
3013652	83332.Rv3668c	485	10
3010432	83332.Rv0500A	86.1	2
3012703	83332.Rv2734	77.3	4
3013203	83332.Rv3224	1411	80
3013188	83332.Rv3210c	26.5	2
3010964	83332.Rv1023	824	67
3012724	83332.Rv2754c	533	31
3013014	83332.Rv3039c	507	31
3012815	83332.Rv2845c	933	138
3012549	83332.Rv2582	192	11
3013254	83332.Rv3273	16.7	2
3011364	83332.Rv1416	156	7
3013593	83332.Rv3609c	198	7
3012571	83332.Rv2603c	1478	43
3012090	83332.Rv2134c	765	30
3011039	83332.Rv1095	134	13
3010795	83332.Rv0854	839	19
3013307	83332.Rv3325	85.7	26
3010800	83332.Rv0859	2.42	1
3011811	83332.Rv1856c	53.8	4
3013400	83332.Rv3417c	1244	214
3012960	83332.Rv2987c	831	59
3010112	83332.Rv0186	124	18
3013020	83332.Rv3045	5418	338
3013019	83332.Rv3044	334	17
3010457	83332.Rv0524	1255	113
3010384	83332.Rv0456A	56.1	3
3010852	83332.Rv0911	1123	34
3011377	83332.Rv1429	38.7	6
3012983	83332.Rv3009c	25.5	2
3011862	83332.Rv1906c	1094	20
3012196	83332.Rv2239c	223	4
3012710	83332.Rv2740	476	20
3011989	83332.Rv2032	351	27
3012719	83332.Rv2749	1279	22
3012643	83332.Rv2674	1164	32
3011987	83332.Rv2030c	81.3	18
3011852	83332.Rv1896c	63.0	5
3010178	83332.Rv0250c	256	6
3009959	83332.Rv0034	302	9
3013750	83332.Rv3763	1980	44
3013472	83332.Rv3489	1539	23
3011385	83332.Rv1437	1268	114
3013753	83332.Rv3766	41.1	2
3012347	83332.Rv2383c	10.6	4
3013186	83332.Rv3208A	3592	98
3013184	83332.Rv3207c	216	18
3012114	83332.Rv2158c	32.8	4
3013755	83332.Rv3768	575	13
3011190	83332.Rv1244	86.5	5
3012187	83332.Rv2229c	657	40
3011693	83332.Rv1738	2138	52
3010200	83332.Rv0272c	456	42
3013842	83332.Rv3853	787	32
3012665	83332.Rv2696c	388	23
3011822	83332.Rv1867	68.1	8
3012168	83332.Rv2211c	1388	46
3010279	83332.Rv0351	6365	152
3011651	83332.Rv1697	2.13	1
3011823	83332.Rv1868	41.8	3
3010280	83332.Rv0352	44.3	4
3012066	83332.Rv2110c	3078	183
3010278	83332.Rv0350	6002	674
3010261	83332.Rv0333	447	11
3011255	83332.Rv1308	203	25
3012310	83332.Rv2346c	1011	88
3010379	83332.Rv0451c	82.6	2
3013008	83332.Rv3033	795	26
3011016	83332.Rv1074c	6198	469
3011044	83332.Rv1100	98.2	7
3010387	83332.Rv0458	475	57
3012098	83332.Rv2142c	479	15
3012898	83332.Rv2927c	333	19
3010925	83332.Rv0984	1762	73
3010924	83332.Rv0983	449	42
3010642	83332.Rv0705	2246	42
3011464	83332.Rv1511	1444	110
3012443	83332.Rv2477c	279	35
3010202	83332.Rv0274	371	12
3010104	83332.Rv0178	80.4	5
3011570	83332.Rv1617	338	43
3010198	83332.Rv0270	119	18
3011105	83332.Rv1159A	3772	87
3012814	83332.Rv2844	428	14
3010605	83332.Rv0668	373	117
3010532	83332.Rv0598c	54.2	2
3010175	83332.Rv0247c	23.5	2
3013556	83332.Rv3572	740	14
3012384	83332.Rv2419c	167	9
3010228	83332.Rv0300	148	3
3010373	83332.Rv0445c	215	10
3012324	83332.Rv2360c	178	7
3011940	83332.Rv1984c	1337	30
3013265	83332.Rv3284	105	2
3010641	83332.Rv0704	2451	105
3010115	83332.Rv0189c	1078	115
3012340	83332.Rv2376c	12161	199
3012860	83332.Rv2890c	228	14
3010113	83332.Rv0187	202	10
3012155	83332.Rv2198c	46.9	2
3011770	83332.Rv1815	97.0	3
3013591	83332.Rv3607c	1053	33
3011765	83332.Rv1810	205	7
3010398	83332.Rv0469	200	19
3010466	83332.Rv0533c	81.4	5
3012835	83332.Rv2865	81.8	2
3010710	83332.Rv0770	47.3	3
3010615	83332.Rv0678	1605	62
3010712	83332.Rv0772	43.7	5
3010717	83332.Rv0777	347	37
3011062	83332.Rv1117	1167	40
3009971	83332.Rv0046c	1905	167
3012494	83332.Rv2528c	68.2	6
3010612	83332.Rv0675	265	19
3010703	83332.Rv0763c	158	3
3009931	83332.Rv0006	225	52
3009932	83332.Rv0007	187	8
3010756	83332.Rv0815c	1894	185
3009930	83332.Rv0005	188	30
3009927	83332.Rv0002	415	31
3009987	83332.Rv0062	601	50
3010616	83332.Rv0679c	94.9	2
3013440	83332.Rv3457c	2207	150
3013807	83332.Rv3818	410	41
3012415	83332.Rv2449c	38.1	6
3011390	83332.Rv1442	177	30
3010669	83332.Rv0731c	815	66
3009934	83332.Rv0009	4730	213
3012025	83332.Rv2068c	456	32
3013242	83332.Rv3261	38.2	3
3013248	83332.Rv3267	93.4	8
3011867	83332.Rv1911c	362	5
3010459	83332.Rv0526	166	11
3012988	83332.Rv3014c	92.1	15
3011021	83332.Rv1079	972	58
3013250	83332.Rv3269	8333	196
3013249	83332.Rv3268	87.3	4
3010391	83332.Rv0462	6400	584
3013448	83332.Rv3465	1071	57
3013447	83332.Rv3464	725	53
3011562	83332.Rv1609	127	12
3011514	83332.Rv1561	241	7
3012462	83332.Rv2496c	218	22
3013446	83332.Rv3463	1339	69
3011556	83332.Rv1603	159	12
3011042	83332.Rv1098c	1538	117
3011554	83332.Rv1601	2341	52
3012964	83332.Rv2991	38.9	2
3011559	83332.Rv1606	100	2
3013487	83332.Rv3504	217	22
3013488	83332.Rv3505	224	14
3012358	83332.Rv2394	132	16
3013584	83332.Rv3600c	249	12
3013174	83332.Rv3198A	802	21
3010834	83332.Rv0893c	9.79	2
3012355	83332.Rv2391	1725	184
3010000	83332.Rv0075	96.3	10
3009999	83332.Rv0074	56.8	4
3013845	83332.Rv3856c	66.3	6
3013286	83332.Rv3305c	71.8	6
3013015	83332.Rv3040c	161	13
3012941	83332.Rv2969c	356	21
3012211	83332.Rv2253	211	5
3013848	83332.Rv3859c	399	138
3011078	83332.Rv1133c	9106	1231
3013004	83332.Rv3029c	1925	94
3013358	83332.Rv3376	137	6
3013788	83332.Rv3799c	167	19
3012436	83332.Rv2470	313	13
3010830	83332.Rv0889c	445	35
3012000	83332.Rv2043c	535	18
3011738	83332.Rv1782	111	9
3012093	83332.Rv2137c	199	6
3012064	83332.Rv2108	4.0	1
3010238	83332.Rv0310c	204	10
3012889	83332.Rv2919c	98.4	2
3013057	83332.Rv3082c	30.9	2
3012159	83332.Rv2202c	1709	102
3012470	83332.Rv2504c	1153	40
3010897	83332.Rv0957	895	60
3010891	83332.Rv0951	1351	96
3010892	83332.Rv0952	1762	113
3013116	83332.Rv3142c	284	8
3013192	83332.Rv3214	1748	92
3011730	83332.Rv1774	25.7	2
3012426	83332.Rv2460c	447	17
3011013	83332.Rv1071c	1249	76
3013036	83332.Rv3061c	352	57
3013567	83332.Rv3583c	503	20
3012911	83332.Rv2940c	1170	693
3010754	83332.Rv0813c	228	13
3011019	83332.Rv1077	2149	228
3010559	83332.Rv0624	178	9
3012758	83332.Rv2788	496	31
3010739	83332.Rv0798c	2864	197
3011840	83332.Rv1885c	543	29
3011193	83332.Rv1247c	61.1	2
3011866	83332.Rv1910c	327	9
3012865	83332.Rv2895c	1008	39
3011203	83332.Rv1257c	515	46
3009933	83332.Rv0008c	194	5
3011270	83332.Rv1322A	81.9	3
3012885	83332.Rv2915c	24.3	2
3011040	83332.Rv1096	453	39
3012575	83332.Rv2607	614	33
3011038	83332.Rv1094	2190	167
3013539	83332.Rv3556c	699	54
3011037	83332.Rv1093	3090	253
3012293	83332.Rv2330c	45.4	2
3012812	83332.Rv2842c	698	23
3013883	83332.Rv3894c	12.0	2
3012853	83332.Rv2883c	88.9	7
3011089	83332.Rv1143	754	52
3011097	83332.Rv1152	170	5
3012894	83332.Rv2923c	935	41
3010357	83332.Rv0429c	824	18
3011345	83332.Rv1397c	85.4	3
3010720	83332.Rv0780	95.4	9
3012256	83332.Rv2298	161	12
3010727	83332.Rv0787	99.8	6
3010729	83332.Rv0788	66.4	5
3010243	83332.Rv0315	2209	79
3012648	83332.Rv2679	509	25
3011717	83332.Rv1762c	71.8	4
3012306	83332.Rv2342	285	7
3010678	83332.Rv0740	202	8
3011509	83332.Rv1556	31.4	2
3013357	83332.Rv3375	38.7	2
3010346	83332.Rv0418	451	45
3011511	83332.Rv1558	1904	77
3010046	83332.Rv0120c	55.2	9
3013355	83332.Rv3373	16.1	3
3011245	83332.Rv1298	1317	15
3012641	83332.Rv2672	131	13
3011367	83332.Rv1419	452	18
3011391	83332.Rv1443c	125	5
3012257	83332.Rv2299c	392	62
3010755	83332.Rv0814c	1486	71
3011360	83332.Rv1412	434	20
3010485	83332.Rv0552	319	36
3010018	83332.Rv0092	30.4	3
3010487	83332.Rv0554	327	15
3010488	83332.Rv0555	73.3	7
3012024	83332.Rv2067c	24.4	3
