#id: 62
#name: M.tuberculosis - Whole organism, SC (GPM,Aug,2014)
#score: 11.48
#weight: 100%
#description: abundance based on Spectral counting, from<a href="http://www.thegpm.org/" target="_blank">GPM,Aug,2014</a><br/><b>Interaction consistency score</b>: 11.48&nbsp<b>Coverage</b>: 75
#organ: WHOLE_ORGANISM
#integrated: false
#coverage: 75
#publication_year: 2014
#filename: 83332-GPM_201408.txt
#
#internal_id	string_external_id	abundance	raw_spectral_count
3010269	83332.Rv0341	864	918
3011833	83332.Rv1878	117	710
3012393	83332.Rv2428	425	2505
3011072	83332.Rv1127c	0.305	3
3013317	83332.Rv3335c	1.2	12
3013872	83332.Rv3883c	138	810
3011727	83332.Rv1771	704	6353
3011678	83332.Rv1723	1.35	8
3012175	83332.Rv2218	6.52	30
3011751	83332.Rv1796	94.2	924
3012078	83332.Rv2122c	523	932
3010005	83332.Rv0079	232	1177
3010725	83332.Rv0785	39.5	565
3013928	83332.Rv4014	130	216
3013052	83332.Rv3077	26.7	401
3010294	83332.Rv0366c	3.91	18
3011068	83332.Rv1123c	2.24	12
3009966	83332.Rv0041	252	4690
3010128	83332.Rv0201c	33.5	86
3012261	83332.Rv2303c	8.42	79
3013008	83332.Rv3033	386	1178
3012647	83332.Rv2678c	38.6	269
3010833	83332.Rv0892	18.5	184
3012334	83332.Rv2370c	1.54	10
3011415	83332.Rv1467c	151	2287
3010452	83332.Rv0519c	15.8	63
3012389	83332.Rv2424c	0.03	10
3011748	83332.Rv1793	1799	25014
3010764	83332.Rv0823c	7.4	77
3011290	83332.Rv1342c	265	706
3013316	83332.Rv3334	4.21	6
3013060	83332.Rv3085	2.58	32
3012978	83332.Rv3004	107	131
3012880	83332.Rv2910c	6.61	30
3013821	83332.Rv3832c	6.23	20
3012747	83332.Rv2777c	1.85	14
3012788	83332.Rv2818c	18.1	197
3012436	83332.Rv2470	138	411
3011387	83332.Rv1439c	34.8	114
3010847	83332.Rv0906	103	1063
3013116	83332.Rv3142c	54.0	139
3010682	83332.Rv0744c	6.25	29
3012496	83332.Rv2530A	26.1	45
3011579	83332.Rv1626	849	4781
3012716	83332.Rv2746c	8.85	50
3011212	83332.Rv1266c	172	1975
3010900	83332.Rv0960	10.4	39
3012598	83332.Rv2629	319	3059
3012255	83332.Rv2297	105	436
3012313	83332.Rv2349c	34.1	823
3010214	83332.Rv0286	9.45	34
3011355	83332.Rv1407	6.2	74
3013868	83332.Rv3879c	506	5686
3010909	83332.Rv0969	60.7	645
3013520	83332.Rv3537	4.72	92
3013158	83332.Rv3184	567	14101
3013262	83332.Rv3281	431	1573
3012240	83332.Rv2282c	17.0	105
3013153	83332.Rv3179	4.32	55
3012018	83332.Rv2061c	544	909
3013225	83332.Rv3244c	135	1392
3012977	83332.Rv3003c	174	2354
3012125	83332.Rv2168c	567	14101
3010958	83332.Rv1017c	911	7071
3013657	83332.Rv3673c	46.6	219
3013753	83332.Rv3766	27.2	88
3010051	83332.Rv0125	5927	8625
3010717	83332.Rv0777	119	1257
3010089	83332.Rv0163	74.3	210
3011329	83332.Rv1381	265	1654
3010484	83332.Rv0551c	48.4	525
3012235	83332.Rv2277c	61.5	372
3009950	83332.Rv0025	53.8	167
3010057	83332.Rv0131c	107	1143
3011428	83332.Rv1479	1739	13552
3010219	83332.Rv0291	673	2884
3010638	83332.Rv0701	1496	5330
3011810	83332.Rv1855c	321	2437
3012407	83332.Rv2441c	834	882
3012819	83332.Rv2849c	17.4	98
3013389	83332.Rv3406	37.2	160
3013193	83332.Rv3215	131	1057
3010907	83332.Rv0967	48.2	143
3010873	83332.Rv0932c	1445	6688
3012692	83332.Rv2723	1.8	15
3013673	83332.Rv3688c	402	835
3013442	83332.Rv3459c	1587	2566
3012150	83332.Rv2193	328	830
3013698	83332.Rv3712	30.3	229
3011523	83332.Rv1570	36.1	166
3012731	83332.Rv2761c	0.299	3
3013420	83332.Rv3437	41.0	108
3010749	83332.Rv0808	12.8	129
3011653	83332.Rv1699	127	1668
3013610	83332.Rv3626c	29.9	152
3013190	83332.Rv3212	153	1031
3012441	83332.Rv2475c	238	725
3012431	83332.Rv2465c	1071	4259
3011649	83332.Rv1695	137	650
3010728	83332.Rv0787A	886	1441
3011568	83332.Rv1615	12.6	30
3012488	83332.Rv2522c	18.1	145
3010631	83332.Rv0694	284	1629
3012244	83332.Rv2286c	46.7	136
3010069	83332.Rv0143c	11.8	127
3013081	83332.Rv3106	235	2438
3013674	83332.Rv3689	11.4	50
3010564	83332.Rv0629c	2.59	46
3013473	83332.Rv3490	122	1362
3013587	83332.Rv3603c	81.8	335
3012966	83332.Rv2993c	287	1174
3010494	83332.Rv0561c	4.91	43
3010666	83332.Rv0728c	1.62	15
3009978	83332.Rv0053	1223	3041
3012003	83332.Rv2046	194	753
3011067	83332.Rv1122	576	3731
3010876	83332.Rv0935	8.51	21
3011296	83332.Rv1348	5.71	69
3011218	83332.Rv1272c	3.7	78
3012584	83332.Rv2615c	0.38	44
3010362	83332.Rv0434	6.3	29
3009997	83332.Rv0072	198	1562
3010659	83332.Rv0722	1505	883
3010510	83332.Rv0577	987	4477
3009930	83332.Rv0005	291	3997
3012111	83332.Rv2155c	47.4	559
3011365	83332.Rv1417	6.23	16
3010193	83332.Rv0265c	89.1	565
3010504	83332.Rv0571c	59.5	513
3012249	83332.Rv2291	211	585
3013147	83332.Rv3173c	7.77	36
3013065	83332.Rv3090	190	1442
3011463	83332.Rv1510	2.15	20
3011883	83332.Rv1927	13.2	61
3012917	83332.Rv2945c	1049	5077
3013792	83332.Rv3803c	3027	10737
3013020	83332.Rv3045	2365	12362
3010925	83332.Rv0984	518	2063
3012288	83332.Rv2325c	12.5	81
3013443	83332.Rv3460c	1578	3012
3011956	83332.Rv1999c	6.34	55
3012666	83332.Rv2697c	293	1247
3010203	83332.Rv0275c	39.7	161
3013293	83332.Rv3312A	185	72
3010304	83332.Rv0376c	0.93	9
3012081	83332.Rv2125	16.3	56
3010334	83332.Rv0406c	55.7	291
3013584	83332.Rv3600c	253	1224
3013406	83332.Rv3423c	177	1433
3010507	83332.Rv0574c	4.04	32
3012947	83332.Rv2974c	4.74	60
3013739	83332.Rv3752c	8.74	35
3011834	83332.Rv1879	15.1	94
3011558	83332.Rv1605	46.6	318
3013130	83332.Rv3156	14.4	199
3011542	83332.Rv1589	78.5	679
3012464	83332.Rv2498c	313	1686
3011749	83332.Rv1794	494	3233
3011040	83332.Rv1096	78.2	619
3012372	83332.Rv2407	45.1	210
3009953	83332.Rv0028	77.5	111
3010402	83332.Rv0472c	58.3	291
3010284	83332.Rv0356c	117	486
3012871	83332.Rv2901c	491	1080
3013588	83332.Rv3604c	121	990
3011755	83332.Rv1800	0.016	3
3010949	83332.Rv1008	29.6	209
3010872	83332.Rv0931c	1163	11611
3013912	83332.Rv3923c	52.2	53
3010330	83332.Rv0402c	4.63	81
3012794	83332.Rv2824c	2.45	20
3013300	83332.Rv3318	237	2414
3011461	83332.Rv1508c	99.5	1192
3012449	83332.Rv2483c	53.8	626
3012421	83332.Rv2455c	512	6880
3012192	83332.Rv2235	22.0	103
3010845	83332.Rv0904c	36.4	336
3013671	83332.Rv3686c	14.9	20
3012853	83332.Rv2883c	779	3827
3011414	83332.Rv1466	506	949
3011740	83332.Rv1784	229	4610
3013598	83332.Rv3614c	443	1467
3010894	83332.Rv0954	2416	1934
3013687	83332.Rv3702c	8.11	32
3010450	83332.Rv0517	0.777	6
3012533	83332.Rv2566	80.2	1705
3011193	83332.Rv1247c	19.2	42
3011561	83332.Rv1608c	235	768
3010481	83332.Rv0548c	394	2642
3011248	83332.Rv1301	571	1940
3011994	83332.Rv2037c	84.1	587
3012505	83332.Rv2538c	72.0	589
3013374	83332.Rv3392c	315	5901
3010668	83332.Rv0730	706	4263
3010229	83332.Rv0301	74.4	270
3011474	83332.Rv1521	197	3858
3011241	83332.Rv1294	319	2449
3011446	83332.Rv1496	32.1	209
3010313	83332.Rv0385	8.79	45
3013564	83332.Rv3580c	166	2081
3012592	83332.Rv2623	1852	8163
3012396	83332.Rv2431c	121	257
3013174	83332.Rv3198A	298	791
3010488	83332.Rv0555	65.3	621
3011314	83332.Rv1366	21.1	119
3012824	83332.Rv2854	21.7	166
3009969	83332.Rv0044c	331	1085
3010709	83332.Rv0769	171	969
3012529	83332.Rv2562	150	300
3012308	83332.Rv2344c	89.2	690
3013410	83332.Rv3427c	6.52	40
3010044	83332.Rv0118c	12.7	203
3012147	83332.Rv2190c	9.44	44
3013405	83332.Rv3422c	1.73	6
3012419	83332.Rv2453c	439	2309
3011052	83332.Rv1108c	23.3	214
3011977	83332.Rv2020c	3.44	8
3010066	83332.Rv0140	481	605
3013192	83332.Rv3214	328	1715
3013360	83332.Rv3378c	2.7	21
3010322	83332.Rv0394c	156	503
3010237	83332.Rv0309	401	775
3013750	83332.Rv3763	11213	22059
3013794	83332.Rv3805c	11.3	179
3010642	83332.Rv0705	1532	2629
3011319	83332.Rv1371	3.89	30
3013391	83332.Rv3408	10.6	48
3013305	83332.Rv3323c	179	1263
3011469	83332.Rv1516c	31.6	267
3011174	83332.Rv1228	5.98	43
3010395	83332.Rv0466	516	3282
3011164	83332.Rv1218c	116	987
3011158	83332.Rv1212c	1.61	14
3012480	83332.Rv2514c	6.43	25
3011812	83332.Rv1857	23.2	83
3010216	83332.Rv0288	258	172
3013873	83332.Rv3884c	1.41	14
3010199	83332.Rv0271c	438	6024
3012729	83332.Rv2759c	13.6	30
3012059	83332.Rv2103c	48.4	127
3012636	83332.Rv2667	8.92	28
3011976	83332.Rv2019	17.9	74
3011266	83332.Rv1319c	56.8	457
3011642	83332.Rv1688	12.8	55
3012767	83332.Rv2797c	2.13	14
3013261	83332.Rv3280	979	11556
3010339	83332.Rv0411c	474	2094
3011093	83332.Rv1147	20.5	97
3011891	83332.Rv1935c	1.85	12
3010689	83332.Rv0750	38.2	136
3013075	83332.Rv3100c	25.3	57
3013016	83332.Rv3041c	53.5	306
3012989	83332.Rv3015c	74.0	554
3011811	83332.Rv1856c	381	2742
3010266	83332.Rv0338c	352	6102
3010220	83332.Rv0292	156	1446
3013488	83332.Rv3505	45.8	247
3012687	83332.Rv2718c	315	894
3010033	83332.Rv0107c	49.4	1603
3011087	83332.Rv1141c	67.3	417
3009940	83332.Rv0015c	170	1421
3013553	83332.Rv3569c	127	911
3012570	83332.Rv2602	13.3	54
3011940	83332.Rv1984c	1118	3189
3011578	83332.Rv1625c	7.94	58
3010568	83332.Rv0633c	66.9	348
3012118	83332.Rv2161c	361	2763
3011191	83332.Rv1245c	583	2648
3012301	83332.Rv2337c	8.07	64
3011280	83332.Rv1332	67.3	374
3010648	83332.Rv0711	214	2617
3013341	83332.Rv3359	3.93	30
3013102	83332.Rv3127	668	4580
3010846	83332.Rv0905	824	5362
3011490	83332.Rv1537	0.381	3
3012321	83332.Rv2357c	210	2846
3013344	83332.Rv3362c	44.2	267
3012375	83332.Rv2410c	193	1311
3009977	83332.Rv0052	90.7	389
3013480	83332.Rv3497c	53.0	404
3011835	83332.Rv1880c	87.6	875
3013026	83332.Rv3051c	421	6587
3011206	83332.Rv1260	147	1270
3013806	83332.Rv3817	9.36	70
3011016	83332.Rv1074c	2073	16589
3012115	83332.Rv2159c	3047	19829
3012912	83332.Rv2941	590	8376
3012229	83332.Rv2271	117	242
3013865	83332.Rv3876	204	2687
3013762	83332.Rv3773c	62.4	321
3012580	83332.Rv2612c	12.8	75
3012274	83332.Rv2311	5.64	8
3012683	83332.Rv2714	169	1178
3011986	83332.Rv2029c	137	774
3010882	83332.Rv0941c	27.1	125
3013501	83332.Rv3518c	42.5	458
3010326	83332.Rv0398c	256	760
3012377	83332.Rv2412	1342	637
3010365	83332.Rv0437c	129	871
3013717	83332.Rv3730c	12.3	133
3012494	83332.Rv2528c	181	1214
3012663	83332.Rv2694c	305	818
3010962	83332.Rv1021	122	870
3012755	83332.Rv2785c	2579	2797
3013785	83332.Rv3796	138	678
3012532	83332.Rv2565	61.3	678
3013860	83332.Rv3871	255	2491
3009992	83332.Rv0067c	0.692	47
3011692	83332.Rv1737c	7.3	40
3012180	83332.Rv2222c	580	4617
3012547	83332.Rv2580c	117	958
3011872	83332.Rv1916	326	3305
3013594	83332.Rv3610c	184	3219
3010419	83332.Rv0489	510	3419
3010008	83332.Rv0082	7.71	20
3012990	83332.Rv3016	28.7	132
3011203	83332.Rv1257c	132	1144
3013514	83332.Rv3531c	5.7	21
3012708	83332.Rv2738c	26.3	47
3010974	83332.Rv1032c	22.5	520
3011807	83332.Rv1852	153	735
3013183	83332.Rv3206c	250	2444
3010202	83332.Rv0274	93.3	291
3011310	83332.Rv1362c	149	408
3013482	83332.Rv3499c	35.5	244
3013578	83332.Rv3594	1.1	7
3010247	83332.Rv0319	201	413
3010215	83332.Rv0287	2114	2322
3010150	83332.Rv0223c	159	1096
3012471	83332.Rv2505c	0.947	9
3010061	83332.Rv0135c	8.97	61
3010062	83332.Rv0136	32.4	326
3013286	83332.Rv3305c	80.3	722
3013231	83332.Rv3250c	10.8	28
3010523	83332.Rv0590	0.724	6
3012817	83332.Rv2847c	85.4	503
3011333	83332.Rv1385	42.4	164
3011205	83332.Rv1259	14.2	85
3013707	83332.Rv3721c	209	2141
3010896	83332.Rv0956	101	355
3013471	83332.Rv3488	47.8	116
3012902	83332.Rv2931	122	5319
3013777	83332.Rv3788	769	1664
3013404	83332.Rv3421c	7.84	32
3011235	83332.Rv1289	42.2	230
3011062	83332.Rv1117	133	423
3013589	83332.Rv3605c	13.7	62
3011209	83332.Rv1263	100	975
3013913	83332.Rv3924c	96.5	3
3010525	83332.Rv0591	5.59	188
3012659	83332.Rv2690c	5.46	74
3013024	83332.Rv3049c	124	1263
3010513	83332.Rv0580c	1304	5429
3010164	83332.Rv0236c	0.705	81
3012234	83332.Rv2276	1.04	8
3011176	83332.Rv1230c	6.47	36
3012928	83332.Rv2956	181	967
3010101	83332.Rv0175	424	1926
3012487	83332.Rv2521	793	2166
3013371	83332.Rv3389c	1053	6784
3012530	83332.Rv2563	573	3900
3010908	83332.Rv0968	414	1106
3010565	83332.Rv0630c	6.87	168
3011496	83332.Rv1543	692	5271
3011354	83332.Rv1406	90.5	440
3012038	83332.Rv2080	35.5	155
3012539	83332.Rv2572c	299	2878
3012827	83332.Rv2857c	298	799
3010442	83332.Rv0509	12.4	170
3012128	83332.Rv2171	268	1025
3010427	83332.Rv0496	68.0	476
3010583	83332.Rv0646c	47.4	334
3012149	83332.Rv2192c	41.7	397
3013531	83332.Rv3548c	50.2	300
3013797	83332.Rv3808c	123	1685
3010808	83332.Rv0867c	34.6	20
3010579	83332.Rv0642c	888	9336
3012433	83332.Rv2467	991	14677
3011216	83332.Rv1270c	1804	8851
3010528	83332.Rv0594	5.2	43
3010966	83332.Rv1025	58.3	182
3011000	83332.Rv1058	124	1492
3013017	83332.Rv3042c	104	1266
3011836	83332.Rv1881c	58.8	230
3012469	83332.Rv2503c	214	812
3012581	83332.Rv2613c	78.1	302
3011509	83332.Rv1556	36.5	159
3013058	83332.Rv3083	12.2	174
3011270	83332.Rv1322A	64.2	156
3011225	83332.Rv1279	87.5	1045
3012764	83332.Rv2794c	84.0	255
3012170	83332.Rv2213	513	6926
3010308	83332.Rv0380c	8.27	33
3011693	83332.Rv1738	1116	2378
3012551	83332.Rv2584c	137	955
3012168	83332.Rv2211c	977	3869
3010656	83332.Rv0719	2028	5681
3013631	83332.Rv3647c	5.81	30
3011321	83332.Rv1373	3.75	36
3010079	83332.Rv0153c	152	660
3011109	83332.Rv1163	1.84	12
3010928	83332.Rv0987	2.52	33
3012542	83332.Rv2575	259	1173
3012572	83332.Rv2604c	75.7	290
3010332	83332.Rv0404	33.2	368
3010438	83332.Rv0505c	112	663
3013063	83332.Rv3088	54.1	444
3010003	83332.Rv0078	18.7	100
3013629	83332.Rv3645	42.4	434
3011723	83332.Rv1767	63.4	204
3013775	83332.Rv3786c	53.2	419
3011243	83332.Rv1296	115	467
3011819	83332.Rv1864c	61.6	265
3013922	83332.Rv4008	25.1	21
3013322	83332.Rv3340	351	3109
3013902	83332.Rv3913	347	2884
3012155	83332.Rv2198c	657	3473
3012803	83332.Rv2833c	12.3	61
3012965	83332.Rv2992c	433	4851
3012865	83332.Rv2895c	603	2422
3013855	83332.Rv3866	138	660
3013745	83332.Rv3758c	11.7	131
3010623	83332.Rv0686	347	1755
3013050	83332.Rv3075c	916	6578
3011990	83332.Rv2033c	0.759	6
3013723	83332.Rv3736	4.3	25
3013182	83332.Rv3205c	318	1872
3013831	83332.Rv3842c	73.3	458
3010489	83332.Rv0556	41.0	146
3010492	83332.Rv0559c	514	849
3013743	83332.Rv3756c	3.74	15
3012889	83332.Rv2919c	286	562
3012678	83332.Rv2709	28.5	40
3012011	83332.Rv2054	427	2375
3012707	83332.Rv2737c	38.4	695
3011550	83332.Rv1597	8.2	52
3012593	83332.Rv2624c	114	762
3011433	83332.Rv1484	644	3493
3012531	83332.Rv2564	378	3318
3010019	83332.Rv0093c	18.1	115
3011651	83332.Rv1697	74.6	684
3013537	83332.Rv3554	17.5	294
3010581	83332.Rv0644c	830	7742
3012316	83332.Rv2352c	6.83	15
3009972	83332.Rv0047c	79.9	355
3010560	83332.Rv0625c	21.0	68
3011674	83332.Rv1719	55.9	378
3013910	83332.Rv3921c	200	899
3011870	83332.Rv1914c	19.5	77
3010864	83332.Rv0923c	14.0	101
3011102	83332.Rv1157c	34.9	83
3010154	83332.Rv0227c	485	4227
3013143	83332.Rv3169	871	5995
3012685	83332.Rv2716	327	1226
3010227	83332.Rv0299	55.4	76
3011868	83332.Rv1912c	176	1156
3011782	83332.Rv1827	2698	10143
3010519	83332.Rv0586	22.1	116
3011700	83332.Rv1745c	4.05	22
3011356	83332.Rv1408	86.6	163
3012601	83332.Rv2632c	1847	3330
3013114	83332.Rv3140	361	2578
3012427	83332.Rv2461c	2099	8008
3012160	83332.Rv2203	210	1030
3011599	83332.Rv1645c	2.2	28
3013156	83332.Rv3182	7.73	64
3011546	83332.Rv1593c	232	1249
3012589	83332.Rv2620c	16.9	82
3010487	83332.Rv0554	151	878
3013462	83332.Rv3479	72.6	1594
3011366	83332.Rv1418	33.5	108
3010605	83332.Rv0668	1626	40667
3011124	83332.Rv1178	63.7	322
3010285	83332.Rv0357c	243	1579
3010509	83332.Rv0576	288	2490
3013781	83332.Rv3792	4.36	69
3013339	83332.Rv3357	90.3	174
3012741	83332.Rv2771c	28.7	99
3012475	83332.Rv2509	382	2742
3011423	83332.Rv1474c	1.19	6
3010742	83332.Rv0801	412	1424
3013592	83332.Rv3608c	30.5	215
3010646	83332.Rv0709	1308	2057
3011359	83332.Rv1411c	2086	5119
3012988	83332.Rv3014c	103	1421
3010177	83332.Rv0249c	411	1228
3011554	83332.Rv1601	277	741
3013249	83332.Rv3268	46.6	174
3010837	83332.Rv0896	2502	21111
3011789	83332.Rv1834	0.821	3
3010531	83332.Rv0597c	4.36	38
3013027	83332.Rv3052c	70.3	337
3012489	83332.Rv2523c	77.4	95
3013695	83332.Rv3709c	425	4029
3013688	83332.Rv3703c	6.26	52
3010865	83332.Rv0924c	2.45	19
3011515	83332.Rv1562c	0.694	12
3010090	83332.Rv0164	1282	2619
3009933	83332.Rv0008c	281	527
3010720	83332.Rv0780	379	3127
3011482	83332.Rv1529	62.6	2363
3011992	83332.Rv2035	159	539
3010108	83332.Rv0182c	15.4	130
3010417	83332.Rv0487	47.0	161
3011717	83332.Rv1762c	63.5	319
3011012	83332.Rv1070c	822	3774
3012163	83332.Rv2206	119	161
3011539	83332.Rv1586c	2.2	23
3011391	83332.Rv1443c	209	748
3009942	83332.Rv0017c	8.78	85
3010098	83332.Rv0172	455	4362
3012484	83332.Rv2518c	37.0	231
3011658	83332.Rv1704c	33.4	284
3010880	83332.Rv0939	63.9	619
3010165	83332.Rv0237	439	1964
3010701	83332.Rv0761c	1968	13471
3011155	83332.Rv1209	275	483
3010468	83332.Rv0535	49.4	207
3010369	83332.Rv0441c	19.6	93
3012962	83332.Rv2989	80.2	456
3013630	83332.Rv3646c	330	6460
3013517	83332.Rv3534c	148	1050
3012260	83332.Rv2302	1937	3031
3011538	83332.Rv1585c	1.09	3
3010340	83332.Rv0412c	207	1986
3010423	83332.Rv0492c	18.1	198
3011229	83332.Rv1283c	10.1	88
3012516	83332.Rv2549c	3.8	16
3010251	83332.Rv0323c	11.0	41
3010913	83332.Rv0973c	87.0	1087
3011531	83332.Rv1578c	3.62	10
3010391	83332.Rv0462	1662	15382
3010428	83332.Rv0497	374	2039
3010741	83332.Rv0800	103	904
3011167	83332.Rv1221	15.4	112
3010503	83332.Rv0570	48.4	636
3010621	83332.Rv0684	1073	16110
3012923	83332.Rv2951c	360	3525
3013267	83332.Rv3286c	10.5	65
3010096	83332.Rv0170	453	3826
3013741	83332.Rv3754	103	672
3010480	83332.Rv0547c	103	738
3011826	83332.Rv1871c	1097	2422
3013903	83332.Rv3914	1553	5039
3011645	83332.Rv1691	21.5	93
3012674	83332.Rv2705c	27.6	107
3013470	83332.Rv3487c	24.3	198
3009981	83332.Rv0056	1142	3785
3010713	83332.Rv0773c	118	994
3013604	83332.Rv3620c	1225	11758
3010169	83332.Rv0241c	308	1345
3011380	83332.Rv1432	0.192	3
3012327	83332.Rv2363	80.9	854
3012717	83332.Rv2747	5.83	20
3012022	83332.Rv2065	44.5	195
3011564	83332.Rv1611	527	4087
3012143	83332.Rv2186c	11.7	60
3013509	83332.Rv3526	28.3	285
3010029	83332.Rv0103c	11.9	159
3010116	83332.Rv0190	416	1249
3010458	83332.Rv0525	192	1053
3013202	83332.Rv3223c	316	1543
3012243	83332.Rv2285	70.1	690
3012941	83332.Rv2969c	760	4676
3010521	83332.Rv0588	12.7	71
3012248	83332.Rv2290	291	629
3011774	83332.Rv1819c	64.4	895
3011878	83332.Rv1922	57.0	354
3010785	83332.Rv0844c	108	512
3012579	83332.Rv2611c	2.15	22
3012492	83332.Rv2526	17.1	35
3012769	83332.Rv2799	402	1626
3011259	83332.Rv1312	22.9	92
3013529	83332.Rv3546	161	926
3010254	83332.Rv0326	7.51	22
3011217	83332.Rv1271c	1.07	4
3012913	83332.Rv2942	65.6	1168
3011839	83332.Rv1884c	40.3	154
3010483	83332.Rv0550c	9.37	17
3013164	83332.Rv3190c	0.78	5
3013896	83332.Rv3907c	142	1510
3013468	83332.Rv3485c	274	2021
3011710	83332.Rv1755c	42.0	783
3012386	83332.Rv2421c	57.9	246
3010655	83332.Rv0718	2036	5825
3010473	83332.Rv0540	2.98	16
3012087	83332.Rv2131c	403	2540
3012562	83332.Rv2595	22.5	27
3011468	83332.Rv1515c	1.63	16
3011013	83332.Rv1071c	543	3368
3009963	83332.Rv0038	76.8	506
3010026	83332.Rv0100	5.11	9
3012955	83332.Rv2982c	125	741
3013070	83332.Rv3095	26.1	66
3009931	83332.Rv0006	326	6185
3011545	83332.Rv1592c	62.8	369
3011783	83332.Rv1828	24.9	112
3013655	83332.Rv3671c	389	2256
3011004	83332.Rv1062	3.47	18
3013105	83332.Rv3131	201	1512
3012665	83332.Rv2696c	163	896
3011600	83332.Rv1646	58.5	55
3013790	83332.Rv3801c	2034	27375
3012658	83332.Rv2689c	23.8	170
3010125	83332.Rv0198c	133	1693
3012858	83332.Rv2888c	398	2825
3011287	83332.Rv1339	130	805
3012482	83332.Rv2516c	17.4	119
3010430	83332.Rv0499	0.907	6
3013524	83332.Rv3541c	21.9	94
3012813	83332.Rv2843	1.2	6
3010118	83332.Rv0192	21.3	160
3011116	83332.Rv1170	203	1142
3013784	83332.Rv3795	63.5	1245
3013094	83332.Rv3119	310	1330
3012282	83332.Rv2319c	19.3	105
3013108	83332.Rv3134c	259	962
3012892	83332.Rv2922A	109	309
3010856	83332.Rv0915c	2.43	8
3013590	83332.Rv3606c	21.3	64
3011100	83332.Rv1155	90.8	244
3013591	83332.Rv3607c	159	464
3010405	83332.Rv0475	2752	9208
3011775	83332.Rv1820	141	1542
3013859	83332.Rv3870	143	2118
3010499	83332.Rv0566c	842	2485
3012701	83332.Rv2732c	163	703
3011804	83332.Rv1849	16.3	42
3013611	83332.Rv3627c	114	966
3013842	83332.Rv3853	337	1020
3010421	83332.Rv0491	281	1571
3013528	83332.Rv3545c	70.4	832
3010527	83332.Rv0593	36.9	644
3010493	83332.Rv0560c	69.1	492
3012145	83332.Rv2188c	4.57	40
3010849	83332.Rv0908	8.64	122
3011916	83332.Rv1960c	24.3	36
3013827	83332.Rv3838c	207	1590
3010409	83332.Rv0479c	457	3402
3010432	83332.Rv0500A	613	1441
3013175	83332.Rv3198c	13.6	192
3010356	83332.Rv0428c	25.1	208
3013909	83332.Rv3920c	681	2846
3012850	83332.Rv2880c	5.3	45
3011448	83332.Rv1498A	2695	4426
3012834	83332.Rv2864c	3.47	40
3012296	83332.Rv2332	11.6	124
3012293	83332.Rv2330c	18.8	66
3012361	83332.Rv2397c	9.68	60
3010353	83332.Rv0425c	19.1	555
3010779	83332.Rv0838	40.9	296
3011703	83332.Rv1748	84.4	368
3013608	83332.Rv3624c	77.3	452
3013123	83332.Rv3149	436	1650
3013162	83332.Rv3188	20.7	54
3010319	83332.Rv0391	229	2197
3011820	83332.Rv1865c	39.8	319
3010916	83332.Rv0976c	16.8	221
3010161	83332.Rv0234c	475	5545
3012736	83332.Rv2766c	592	2200
3013416	83332.Rv3433c	125	858
3011088	83332.Rv1142c	25.8	124
3010840	83332.Rv0899	191	1163
3010926	83332.Rv0985c	200	795
3013358	83332.Rv3376	35.1	140
3010243	83332.Rv0315	2877	8601
3013395	83332.Rv3412	54.0	188
3011764	83332.Rv1809	21.6	102
3013897	83332.Rv3908	110	397
3012047	83332.Rv2089c	24.8	143
3010394	83332.Rv0465c	5.09	65
3009989	83332.Rv0064	2.96	58
3011709	83332.Rv1754c	40.1	425
3013569	83332.Rv3585	2.03	18
3012050	83332.Rv2092c	40.6	818
3010385	83332.Rv0456c	80.1	428
3010731	83332.Rv0790c	9.21	41
3011186	83332.Rv1240	1725	11514
3009937	83332.Rv0012	33.5	150
3013867	83332.Rv3878	491	1054
3012129	83332.Rv2172c	217	1200
3013394	83332.Rv3411c	361	4307
3012694	83332.Rv2725c	7.14	81
3010866	83332.Rv0925c	706	3383
3010710	83332.Rv0770	28.5	205
3011245	83332.Rv1298	929	1145
3013340	83332.Rv3358	10.4	11
3012560	83332.Rv2593c	141	682
3011657	83332.Rv1703c	256	1806
3013336	83332.Rv3354	1254	573
3012499	83332.Rv2532c	10.8	21
3010482	83332.Rv0549c	34.6	117
3010013	83332.Rv0087	3.49	28
3010721	83332.Rv0781	43.2	202
3010345	83332.Rv0417	53.9	203
3012657	83332.Rv2688c	9.56	58
3012909	83332.Rv2938	67.7	163
3013309	83332.Rv3327	13.8	156
3012873	83332.Rv2903c	152	854
3011275	83332.Rv1327c	145	2323
3009936	83332.Rv0011c	825	238
3010698	83332.Rv0758	104	1282
3010236	83332.Rv0308	161	765
3011443	83332.Rv1493	44.2	633
3012442	83332.Rv2476c	473	16297
3012677	83332.Rv2708c	82.9	136
3011069	83332.Rv1124	79.5	589
3013722	83332.Rv3735	1.71	8
3013849	83332.Rv3860	8.83	77
3012290	83332.Rv2327	152	550
3010767	83332.Rv0826	11.1	70
3012381	83332.Rv2416c	274	2512
3013009	83332.Rv3034c	30.4	239
3013280	83332.Rv3299c	43.5	828
3011630	83332.Rv1676	145	637
3011861	83332.Rv1905c	56.8	422
3011462	83332.Rv1509	18.1	108
3011663	83332.Rv1708	149	1061
3012501	83332.Rv2534c	1051	1466
3011374	83332.Rv1426c	39.1	286
3009985	83332.Rv0060	27.1	298
3012448	83332.Rv2482c	87.2	1295
3010980	83332.Rv1038c	1225	11758
3010475	83332.Rv0542c	6.06	48
3013132	83332.Rv3158	63.6	515
3011618	83332.Rv1664	2.04	28
3012802	83332.Rv2832c	0.531	4
3010004	83332.Rv0078A	159	454
3013526	83332.Rv3543c	13.8	87
3012076	83332.Rv2120c	14.8	30
3012446	83332.Rv2480c	567	14101
3012521	83332.Rv2554c	91.4	344
3012969	83332.Rv2996c	1122	14402
3011955	83332.Rv1998c	52.0	152
3013788	83332.Rv3799c	335	4503
3009961	83332.Rv0036c	514	3731
3011144	83332.Rv1198	1540	23940
3012048	83332.Rv2090	219	1781
3012872	83332.Rv2902c	2.95	14
3011234	83332.Rv1288	75.3	813
3012238	83332.Rv2280	657	5294
3012519	83332.Rv2552c	30.7	132
3012574	83332.Rv2606c	782	5369
3011867	83332.Rv1911c	149	230
3011611	83332.Rv1657	16.5	98
3013847	83332.Rv3858c	193	2037
3011487	83332.Rv1534	18.1	119
3010700	83332.Rv0760c	326	1190
3013917	83332.Rv4003	49.5	106
3011841	83332.Rv1886c	6232	29234
3013567	83332.Rv3583c	560	1864
3013884	83332.Rv3895c	17.7	217
3011701	83332.Rv1746	66.0	592
3013251	83332.Rv3270	454	5234
3011904	83332.Rv1948c	4.49	9
3010704	83332.Rv0764c	7.42	82
3011286	83332.Rv1338	59.3	391
3012703	83332.Rv2734	3.08	20
3010844	83332.Rv0903c	288	1777
3010957	83332.Rv1016c	66.4	372
3013923	83332.Rv4009	20.8	34
3010502	83332.Rv0569	1249	1601
3010242	83332.Rv0314c	199	737
3012748	83332.Rv2778c	466	676
3011958	83332.Rv2001	84.8	493
3012358	83332.Rv2394	187	1870
3010048	83332.Rv0122	5.97	20
3013379	83332.Rv3396c	278	2433
3011267	83332.Rv1320c	30.4	233
3012816	83332.Rv2846c	28.2	202
3011136	83332.Rv1190	15.5	67
3012888	83332.Rv2918c	2.45	44
3011142	83332.Rv1196	442	2462
3011817	83332.Rv1862	50.8	366
3013355	83332.Rv3373	8.44	86
3010224	83332.Rv0296c	219	2111
3013433	83332.Rv3450c	0.033	6
3011673	83332.Rv1718	2.35	21
3013106	83332.Rv3132c	127	1658
3011504	83332.Rv1551	0.411	6
3011360	83332.Rv1412	271	979
3011610	83332.Rv1656	233	793
3013582	83332.Rv3598c	192	1670
3012588	83332.Rv2619c	131	395
3012534	83332.Rv2567	67.2	1458
3012669	83332.Rv2700	329	1182
3012753	83332.Rv2783c	1107	15279
3013402	83332.Rv3419c	19.9	112
3013496	83332.Rv3513c	27.7	332
3012351	83332.Rv2387	39.4	303
3010110	83332.Rv0184	61.4	221
3010071	83332.Rv0145	13.6	124
3011050	83332.Rv1106c	406	2288
3011251	83332.Rv1304	127	627
3012183	83332.Rv2225	63.4	217
3012605	83332.Rv2636	6.29	30
3013418	83332.Rv3435c	17.7	130
3010622	83332.Rv0685	7189	72393
3011573	83332.Rv1620c	10.2	92
3012596	83332.Rv2627c	145	1290
3011098	83332.Rv1153c	4.53	18
3012468	83332.Rv2502c	56.6	673
3013366	83332.Rv3384c	33.1	71
3010929	83332.Rv0988	1.83	18
3010584	83332.Rv0647c	120	1375
3012949	83332.Rv2976c	56.8	298
3012661	83332.Rv2692	186	929
3011492	83332.Rv1539	63.5	122
3013871	83332.Rv3882c	105	1083
3010287	83332.Rv0359	18.3	65
3013096	83332.Rv3121	7.0	37
3013354	83332.Rv3372	73.1	472
3012690	83332.Rv2721c	1032	10914
3011336	83332.Rv1388	2683	11637
3010733	83332.Rv0792c	2.64	20
3012896	83332.Rv2925c	56.8	422
3012930	83332.Rv2958c	49.1	305
3012884	83332.Rv2914c	20.1	238
3012818	83332.Rv2848c	1.12	15
3010990	83332.Rv1048c	24.4	134
3011741	83332.Rv1785c	8.28	72
3010472	83332.Rv0539	21.9	85
3013886	83332.Rv3897c	4.46	16
3013593	83332.Rv3609c	192	541
3012439	83332.Rv2473	77.3	433
3013721	83332.Rv3734c	660	6213
3013835	83332.Rv3846	4598	17603
3011244	83332.Rv1297	757	9844
3009934	83332.Rv0009	3395	17354
3012055	83332.Rv2097c	177	1971
3011262	83332.Rv1315	99.6	829
3011631	83332.Rv1677	325	422
3013474	83332.Rv3491	456	678
3013845	83332.Rv3856c	35.5	263
3012934	83332.Rv2962c	13.5	161
3013585	83332.Rv3601c	21.2	16
3012197	83332.Rv2240c	56.6	260
3011952	83332.Rv1995	54.1	376
3010839	83332.Rv0898c	454	788
3010891	83332.Rv0951	2015	14589
3013291	83332.Rv3310	126	338
3010099	83332.Rv0173	429	3961
3012591	83332.Rv2622	193	1079
3012670	83332.Rv2701c	187	1115
3011159	83332.Rv1213	62.1	558
3011594	83332.Rv1640c	28.2	626
3010288	83332.Rv0360c	551	975
3011781	83332.Rv1826	493	823
3011738	83332.Rv1782	260	2166
3013447	83332.Rv3464	486	3152
3013056	83332.Rv3081	13.2	86
3009983	83332.Rv0058	2.36	46
3011934	83332.Rv1978	188	1035
3010575	83332.Rv0638	1085	1807
3009988	83332.Rv0063	411	2235
3012811	83332.Rv2841c	323	2235
3012976	83332.Rv3002c	165	723
3013245	83332.Rv3264c	354	2839
3012114	83332.Rv2158c	196	2393
3013282	83332.Rv3301c	149	863
3013256	83332.Rv3275c	123	273
3011318	83332.Rv1370c	567	14101
3012184	83332.Rv2226	487	5047
3012072	83332.Rv2116	30.3	156
3012470	83332.Rv2504c	222	970
3009965	83332.Rv0040c	359	1611
3011801	83332.Rv1846c	46.3	89
3011264	83332.Rv1317c	4.39	45
3013586	83332.Rv3602c	106	740
3010855	83332.Rv0914c	106	865
3012005	83332.Rv2048c	73.9	5544
3010348	83332.Rv0420c	2.06	8
3012057	83332.Rv2101	7.56	183
3010826	83332.Rv0885	7.3	80
3010379	83332.Rv0451c	30.2	91
3012289	83332.Rv2326c	38.6	616
3013558	83332.Rv3574	24.5	148
3013628	83332.Rv3644c	15.7	151
3012799	83332.Rv2829c	7.41	18
3012258	83332.Rv2300c	41.3	189
3012507	83332.Rv2540c	158	1569
3011230	83332.Rv1284	1789	5672
3010277	83332.Rv0349	44.4	172
3011341	83332.Rv1393c	27.5	279
3013677	83332.Rv3692	666	5881
3012863	83332.Rv2893	11.4	94
3012405	83332.Rv2439c	29.1	267
3012413	83332.Rv2447c	86.2	792
3010188	83332.Rv0260c	2.94	30
3011036	83332.Rv1092c	57.0	359
3012660	83332.Rv2691	302	1361
3012957	83332.Rv2984	180	2859
3010843	83332.Rv0902c	140	1075
3013791	83332.Rv3802c	80.3	456
3013773	83332.Rv3784	14.9	82
3011046	83332.Rv1102c	18.3	40
3013091	83332.Rv3116	40.3	397
3011586	83332.Rv1633	18.6	269
3013709	83332.Rv3723	255	903
3013924	83332.Rv4010	49.8	76
3013446	83332.Rv3463	456	2173
3011964	83332.Rv2007c	126	290
3013053	83332.Rv3078	14.2	36
3011772	83332.Rv1817	8.46	95
3010667	83332.Rv0729	3.64	87
3013034	83332.Rv3059	18.7	212
3013927	83332.Rv4013	84.6	108
3010127	83332.Rv0200	155	590
3012408	83332.Rv2442c	1990	2587
3012302	83332.Rv2338c	54.3	390
3010817	83332.Rv0876c	3.37	23
3013129	83332.Rv3155	4.89	14
3011222	83332.Rv1276c	215	875
3011736	83332.Rv1780	289	1198
3011085	83332.Rv1139c	7.54	33
3011405	83332.Rv1457c	5.67	30
3013713	83332.Rv3726	189	1648
3013377	83332.Rv3395A	36.3	117
3012879	83332.Rv2909c	2341	4985
3013289	83332.Rv3308	11.4	129
3010368	83332.Rv0440	26593	262466
3010441	83332.Rv0508	122	169
3011324	83332.Rv1376	0.446	31
3011949	83332.Rv1992c	15.6	176
3013033	83332.Rv3058c	124	610
3011429	83332.Rv1480	226	1550
3012684	83332.Rv2715	43.9	403
3013493	83332.Rv3510c	33.7	211
3010918	83332.Rv0978c	0.352	44
3011338	83332.Rv1390	534	930
3013632	83332.Rv3648c	4618	4870
3010744	83332.Rv0803	212	3201
3012385	83332.Rv2420c	46.3	149
3011607	83332.Rv1653	111	920
3012524	83332.Rv2557	711	3877
3010906	83332.Rv0966c	58.2	281
3012680	83332.Rv2711	731	3652
3010609	83332.Rv0672	229	2725
3012096	83332.Rv2140c	2587	9114
3013061	83332.Rv3086	133	1201
3012144	83332.Rv2187	587	9458
3011110	83332.Rv1164	28.0	262
3010812	83332.Rv0871	414	1360
3011793	83332.Rv1838c	23.6	84
3010578	83332.Rv0641	1248	5687
3012548	83332.Rv2581c	191	1169
3010658	83332.Rv0721	1843	7820
3011784	83332.Rv1829	363	1281
3013248	83332.Rv3267	32.1	298
3013857	83332.Rv3868	418	5154
3012695	83332.Rv2726c	102	428
3013852	83332.Rv3863	109	474
3011577	83332.Rv1624c	3.88	28
3010407	83332.Rv0477	192	456
3013659	83332.Rv3675	43.7	118
3013254	83332.Rv3273	455	5073
3011938	83332.Rv1982c	8.01	15
3011295	83332.Rv1347c	7.34	33
3013544	83332.Rv3561	7081	71149
3013455	83332.Rv3472	41.1	119
3012394	83332.Rv2429	331	1086
3012975	83332.Rv3001c	1229	10791
3012908	83332.Rv2937	19.5	119
3011163	83332.Rv1217c	3.74	41
3012186	83332.Rv2228c	95.1	849
3012004	83332.Rv2047c	14.5	266
3010053	83332.Rv0127	180	2119
3009941	83332.Rv0016c	33.4	430
3011200	83332.Rv1254	3.13	36
3010879	83332.Rv0938	3.01	45
3013653	83332.Rv3669	1068	2106
3013041	83332.Rv3066	13.3	56
3013669	83332.Rv3684	176	1415
3010919	83332.Rv0979A	939	715
3010112	83332.Rv0186	50.3	551
3013342	83332.Rv3360	0.705	3
3012346	83332.Rv2382c	4.12	26
3010616	83332.Rv0679c	250	438
3013615	83332.Rv3631	26.4	126
3010226	83332.Rv0298	58.2	89
3010736	83332.Rv0795	567	14101
3013554	83332.Rv3570c	286	2089
3013503	83332.Rv3520c	237	2060
3012945	83332.Rv2972c	5.8	36
3012024	83332.Rv2067c	67.8	714
3012429	83332.Rv2463	37.7	310
3010349	83332.Rv0421c	92.1	293
3011667	83332.Rv1712	45.2	179
3011372	83332.Rv1424c	27.0	119
3013076	83332.Rv3101c	218	1202
3012198	83332.Rv2241	799	11761
3010739	83332.Rv0798c	803	5513
3010793	83332.Rv0852	31.7	210
3011288	83332.Rv1340	360	1990
3011853	83332.Rv1897c	12.8	22
3011345	83332.Rv1397c	85.9	186
3012911	83332.Rv2940c	947	41220
3012110	83332.Rv2154c	1.0	10
3012754	83332.Rv2784c	109	331
3010479	83332.Rv0546c	302	756
3012541	83332.Rv2574	86.4	294
3010803	83332.Rv0862c	28.5	462
3010952	83332.Rv1011	81.0	413
3013561	83332.Rv3577	0.953	6
3011058	83332.Rv1114	27.5	72
3012106	83332.Rv2150c	498	3874
3013346	83332.Rv3364c	150	184
3013519	83332.Rv3536c	94.0	465
3012383	83332.Rv2418c	27.5	148
3011089	83332.Rv1143	111	737
3011271	83332.Rv1323	902	6726
3013186	83332.Rv3208A	1563	4051
3012926	83332.Rv2954c	113	631
3012724	83332.Rv2754c	100	552
3011393	83332.Rv1445c	357	1370
3011381	83332.Rv1433	2.96	14
3011086	83332.Rv1140	16.4	89
3010172	83332.Rv0244c	290	4911
3010569	83332.Rv0634A	388	555
3013046	83332.Rv3071	30.6	189
3011621	83332.Rv1667c	182	513
3012176	83332.Rv2219	362	1139
3011798	83332.Rv1843c	992	10417
3012415	83332.Rv2449c	117	1361
3013665	83332.Rv3680	147	1532
3010342	83332.Rv0414c	83.1	347
3010585	83332.Rv0648	0.968	25
3010967	83332.Rv1026	32.3	169
3013118	83332.Rv3144c	8.36	24
3013266	83332.Rv3285	1825	20572
3012906	83332.Rv2935	383	11914
3012104	83332.Rv2148c	25.9	137
3012257	83332.Rv2299c	935	14563
3013195	83332.Rv3217c	24.4	40
3013242	83332.Rv3261	62.8	500
3010105	83332.Rv0179c	24.2	206
3011231	83332.Rv1285	32.3	251
3012503	83332.Rv2536	1374	3708
3013566	83332.Rv3582c	227	1246
3013712	83332.Rv3725	52.4	303
3011614	83332.Rv1660	31.8	393
3010640	83332.Rv0703	1469	1995
3011475	83332.Rv1522c	0.178	6
3011315	83332.Rv1367c	34.2	200
3011555	83332.Rv1602	112	391
3010132	83332.Rv0205	7.54	34
3011583	83332.Rv1630	1506	14095
3010403	83332.Rv0473	3.37	77
3013177	83332.Rv3200c	221	1905
3011668	83332.Rv1713	12.7	107
3010007	83332.Rv0081	93.3	102
3013295	83332.Rv3313c	93.5	785
3012340	83332.Rv2376c	6607	8573
3011999	83332.Rv2042c	68.5	448
3013277	83332.Rv3296	12.3	384
3013898	83332.Rv3909	21.8	274
3010501	83332.Rv0568	142	1222
3012745	83332.Rv2775	6.84	26
3013823	83332.Rv3834c	123	1127
3010637	83332.Rv0700	1383	2981
3010810	83332.Rv0869c	2.32	16
3010671	83332.Rv0733	1560	6818
3012702	83332.Rv2733c	8.26	92
3011813	83332.Rv1858	2.86	15
3011771	83332.Rv1816	33.0	197
3011395	83332.Rv1447c	61.1	671
3010131	83332.Rv0204c	1.02	12
3013545	83332.Rv3562	40.9	396
3010708	83332.Rv0768	8.21	81
3013703	83332.Rv3717	110	453
3012798	83332.Rv2828c	46.2	270
3010724	83332.Rv0784	1.44	6
3012808	83332.Rv2838c	255	1083
3012676	83332.Rv2707	1.79	6
3010827	83332.Rv0886	2.28	40
3011570	83332.Rv1617	686	8038
3011020	83332.Rv1078	1338	3580
3011131	83332.Rv1185c	169	2269
3010142	83332.Rv0215c	1.57	14
3010942	83332.Rv1001	312	3269
3010673	83332.Rv0735	1.26	6
3012347	83332.Rv2383c	11.4	370
3013304	83332.Rv3322c	65.3	315
3011293	83332.Rv1345	20.3	144
3010944	83332.Rv1003	57.9	301
3011629	83332.Rv1675c	11.3	52
3012566	83332.Rv2599	12.8	31
3011283	83332.Rv1335	202	427
3013348	83332.Rv3366	7.85	18
3013367	83332.Rv3385c	11.6	17
3012428	83332.Rv2462c	939	8484
3009944	83332.Rv0019c	89.2	409
3012569	83332.Rv2601A	6.99	16
3011409	83332.Rv1461	152	2627
3012643	83332.Rv2674	375	969
3012652	83332.Rv2683	215	853
3012886	83332.Rv2916c	229	2438
3011505	83332.Rv1552	12.8	175
3010192	83332.Rv0264c	12.6	54
3013144	83332.Rv3170	17.5	137
3010786	83332.Rv0845	13.3	137
3012982	83332.Rv3008	0.028	3
3013660	83332.Rv3676	1493	6835
3011899	83332.Rv1943c	41.2	145
3012031	83332.Rv2074	376	1193
3013672	83332.Rv3687c	131	97
3011612	83332.Rv1658	301	3225
3010947	83332.Rv1006	315	3756
3013287	83332.Rv3306c	74.3	329
3013551	83332.Rv3567c	6.6	14
3013557	83332.Rv3573c	9.1	207
3010543	83332.Rv0609	10.5	34
3012368	83332.Rv2403c	52.4	231
3012968	83332.Rv2995c	750	4377
3010961	83332.Rv1020	31.4	713
3010618	83332.Rv0681	91.3	354
3013891	83332.Rv3902c	43.3	230
3010761	83332.Rv0820	62.8	349
3011576	83332.Rv1623c	144	1457
3011556	83332.Rv1603	232	1846
3013887	83332.Rv3898c	32.0	47
3011071	83332.Rv1126c	105	449
3013798	83332.Rv3809c	167	1263
3012838	83332.Rv2868c	459	4910
3011331	83332.Rv1383	105	501
3010260	83332.Rv0332	123	681
3011885	83332.Rv1929c	9.7	47
3010310	83332.Rv0382c	71.1	176
3011652	83332.Rv1698	104	662
3011357	83332.Rv1409	304	2471
3010989	83332.Rv1047	0.565	40
3013645	83332.Rv3661	54.0	373
3010017	83332.Rv0091	95.0	717
3010669	83332.Rv0731c	408	3049
3012097	83332.Rv2141c	253	2434
3013856	83332.Rv3867	543	1493
3012718	83332.Rv2748c	19.8	338
3011566	83332.Rv1613	380	2173
3012709	83332.Rv2739c	29.8	218
3011127	83332.Rv1181	485	17992
3011148	83332.Rv1202	190	1250
3012350	83332.Rv2386c	8.68	73
3010690	83332.Rv0751c	179	1103
3013796	83332.Rv3807c	116	335
3013746	83332.Rv3759c	171	491
3011636	83332.Rv1682	0.013	12
3013448	83332.Rv3465	230	972
3012042	83332.Rv2084	10.1	106
3011197	83332.Rv1251c	1.66	30
3010752	83332.Rv0811c	76.8	479
3010354	83332.Rv0426c	1181	973
3012735	83332.Rv2765	243	1273
3013268	83332.Rv3287c	2.76	17
3012931	83332.Rv2959c	195	1017
3012890	83332.Rv2920c	7.7	25
3012877	83332.Rv2907c	6.26	12
3013646	83332.Rv3662c	4.71	32
3011121	83332.Rv1175c	157	2110
3013043	83332.Rv3068c	169	1899
3012832	83332.Rv2862c	32.5	159
3012662	83332.Rv2693c	27.9	100
3013213	83332.Rv3232c	77.5	540
3010064	83332.Rv0138	10.4	28
3010067	83332.Rv0141c	468	934
3013126	83332.Rv3152	90.1	444
3013543	83332.Rv3560c	11.0	105
3011821	83332.Rv1866	10.5	220
3012281	83332.Rv2318	1.66	24
3010678	83332.Rv0740	50.4	318
3011227	83332.Rv1281c	48.4	652
3010075	83332.Rv0149	57.1	420
3010359	83332.Rv0431	290	676
3010396	83332.Rv0467	952	5605
3010352	83332.Rv0424c	133	243
3009954	83332.Rv0029	24.3	205
3013288	83332.Rv3307	114	434
3010657	83332.Rv0720	925	1375
3012925	83332.Rv2953	316	3960
3011312	83332.Rv1364c	8.02	120
3010194	83332.Rv0266c	35.8	715
3012878	83332.Rv2908c	1410	2285
3010320	83332.Rv0392c	116	1227
3010191	83332.Rv0263c	20.3	127
3010664	83332.Rv0726c	17.8	316
3010043	83332.Rv0117	25.1	145
3012199	83332.Rv2242	24.2	231
3013005	83332.Rv3030	4.66	38
3011432	83332.Rv1483	617	3111
3011725	83332.Rv1769	177	938
3013113	83332.Rv3139	370	3796
3012555	83332.Rv2588c	373	965
3012760	83332.Rv2790c	104	745
3012522	83332.Rv2555c	251	5174
3011459	83332.Rv1507c	94.0	570
3012277	83332.Rv2314c	203	1904
3012307	83332.Rv2343c	25.1	356
3011120	83332.Rv1174c	782	652
3010516	83332.Rv0583c	443	1090
3011192	83332.Rv1246c	19.2	48
3012414	83332.Rv2448c	281	5323
3012093	83332.Rv2137c	79.1	248
3009959	83332.Rv0034	46.5	149
3011334	83332.Rv1386	236	444
3013310	83332.Rv3328c	34.9	159
3013014	83332.Rv3039c	73.1	466
3011078	83332.Rv1133c	5757	78247
3013498	83332.Rv3515c	112	1292
3013393	83332.Rv3410c	420	2992
3012943	83332.Rv2970c	219	1718
3012105	83332.Rv2149c	61.0	368
3010558	83332.Rv0623	26.2	30
3012409	83332.Rv2443	6.01	42
3010437	83332.Rv0504c	298	1152
3010951	83332.Rv1010	12.4	107
3012348	83332.Rv2384	0.014	10
3013863	83332.Rv3874	9562	29432
3013752	83332.Rv3765c	8.65	60
3013919	83332.Rv4005	109	261
3012169	83332.Rv2212	118	1027
3011829	83332.Rv1874	46.2	287
3010126	83332.Rv0199	255	929
3010597	83332.Rv0660c	75.4	206
3011454	83332.Rv1503c	1.99	8
3013441	83332.Rv3458c	2866	11115
3010497	83332.Rv0564c	181	1541
3011133	83332.Rv1187	45.4	425
3012211	83332.Rv2253	53.1	162
3012922	83332.Rv2950c	46.0	578
3010212	83332.Rv0284	396	11669
3011865	83332.Rv1909c	36.0	95
3012216	83332.Rv2258c	894	4926
3011375	83332.Rv1427c	68.9	752
3012075	83332.Rv2119	6.34	26
3011352	83332.Rv1404	399	1453
3012637	83332.Rv2668	253	754
3011644	83332.Rv1690	9.59	15
3011626	83332.Rv1672c	4.1	35
3012848	83332.Rv2878c	846	3275
3012207	83332.Rv2250A	181	218
3010814	83332.Rv0873	791	12250
3013485	83332.Rv3502c	65.7	329
3012137	83332.Rv2180c	10.1	46
3009987	83332.Rv0062	182	1186
3010054	83332.Rv0128	29.4	64
3011166	83332.Rv1220c	262	1191
3012203	83332.Rv2246	1555	16021
3013028	83332.Rv3053c	1.43	3
3011194	83332.Rv1248c	642	15657
3013388	83332.Rv3405c	3.54	12
3011641	83332.Rv1687c	10.3	92
3012515	83332.Rv2548	4.42	18
3012328	83332.Rv2364c	21.0	101
3011377	83332.Rv1429	20.6	189
3011169	83332.Rv1223	425	4934
3013149	83332.Rv3175	0.039	44
3011828	83332.Rv1873	3.06	13
3011702	83332.Rv1747	144	2815
3012252	83332.Rv2294	248	2527
3009993	83332.Rv0068	190	1795
3010746	83332.Rv0805	17.3	67
3012200	83332.Rv2243	262	1277
3011864	83332.Rv1908c	2436	40511
3013521	83332.Rv3538	5.57	15
3010158	83332.Rv0231	576	8092
3011438	83332.Rv1489	576	1449
3011473	83332.Rv1520	1.7	32
3012495	83332.Rv2529	3.4	37
3010789	83332.Rv0848	0.791	6
3010881	83332.Rv0940c	129	1035
3012751	83332.Rv2781c	73.3	350
3011724	83332.Rv1768	15.3	16
3013815	83332.Rv3826	177	3527
3010577	83332.Rv0640	1519	2052
3013506	83332.Rv3523	35.1	322
3012000	83332.Rv2043c	51.8	164
3013575	83332.Rv3591c	59.3	487
3010816	83332.Rv0875c	34.8	155
3011850	83332.Rv1894c	65.5	408
3010505	83332.Rv0572c	2.55	6
3012874	83332.Rv2904c	1167	2090
3013906	83332.Rv3917c	276	2342
3012490	83332.Rv2524c	656	38694
3010218	83332.Rv0290	212	1473
3012054	83332.Rv2096c	127	594
3011358	83332.Rv1410c	59.1	511
3012795	83332.Rv2825c	36.3	257
3011988	83332.Rv2031c	5987	15885
3012797	83332.Rv2827c	5.6	50
3011495	83332.Rv1542c	33.4	61
3013440	83332.Rv3457c	3020	19690
3010411	83332.Rv0481c	33.9	172
3012007	83332.Rv2050	873	1818
3010877	83332.Rv0936	25.3	100
3013662	83332.Rv3678A	544	561
3010211	83332.Rv0283	382	3975
3013656	83332.Rv3672c	72.9	293
3010159	83332.Rv0232	17.1	77
3012437	83332.Rv2471	1.0	10
3010854	83332.Rv0913c	84.1	716
3013373	83332.Rv3391	2.59	29
3011410	83332.Rv1462	200	1863
3013479	83332.Rv3496c	52.7	226
3010114	83332.Rv0188	255	477
3013095	83332.Rv3120	34.7	182
3013602	83332.Rv3618	68.0	437
3010829	83332.Rv0888	187	898
3011960	83332.Rv2003c	34.1	213
3013465	83332.Rv3482c	28.6	136
3012423	83332.Rv2457c	205	1830
3010491	83332.Rv0558	64.3	375
3010245	83332.Rv0317c	40.4	248
3012840	83332.Rv2870c	39.3	343
3012921	83332.Rv2949c	123	666
3011750	83332.Rv1795	259	2214
3010921	83332.Rv0980c	0.368	44
3010160	83332.Rv0233	92.8	807
3013092	83332.Rv3117	1714	19648
3011051	83332.Rv1107c	114	335
3010867	83332.Rv0926c	78.3	864
3011770	83332.Rv1815	350	709
3013426	83332.Rv3443c	873	2811
3011037	83332.Rv1093	617	5134
3012269	83332.Rv2307c	6.89	47
3012157	83332.Rv2200c	801	5031
3013243	83332.Rv3262	42.9	532
3012497	83332.Rv2530c	36.2	84
3010038	83332.Rv0112	15.1	116
3012870	83332.Rv2900c	11.6	191
3013227	83332.Rv3246c	981	5624
3010443	83332.Rv0510	69.5	447
3011038	83332.Rv1094	906	6858
3012090	83332.Rv2134c	94.1	333
3011802	83332.Rv1847	198	318
3013905	83332.Rv3916c	38.5	213
3011363	83332.Rv1415	160	1942
3013180	83332.Rv3203	39.5	231
3012578	83332.Rv2610c	8.86	56
3013461	83332.Rv3478	371	1542
3011620	83332.Rv1666c	10.6	75
3010963	83332.Rv1022	26.0	123
3012790	83332.Rv2820c	1.76	8
3012080	83332.Rv2124c	31.3	778
3011933	83332.Rv1977	29.3	273
3010522	83332.Rv0589	18.4	470
3013651	83332.Rv3667	191	2679
3013925	83332.Rv4011	23.8	38
3010335	83332.Rv0407	229	1986
3011734	83332.Rv1778c	102	393
3011183	83332.Rv1237	9.06	43
3012860	83332.Rv2890c	1802	9801
3010955	83332.Rv1014c	17.1	87
3011254	83332.Rv1307	801	7645
3011028	83332.Rv1086	19.7	118
3011220	83332.Rv1274	123	277
3009984	83332.Rv0059	101	453
3010651	83332.Rv0714	1842	2239
3012187	83332.Rv2229c	316	1725
3013167	83332.Rv3193c	394	7524
3010859	83332.Rv0918	2.98	15
3012041	83332.Rv2083	0.231	44
3011945	83332.Rv1989c	43.0	160
3011444	83332.Rv1494	21.5	47
3010275	83332.Rv0347	118	1008
3010469	83332.Rv0536	15.7	139
3010570	83332.Rv0634B	774	215
3013793	83332.Rv3804c	5669	27515
3010103	83332.Rv0177	107	444
3012390	83332.Rv2425c	6.95	78
3010496	83332.Rv0563	73.0	529
3011752	83332.Rv1797	117	807
3013879	83332.Rv3890c	829	988
3012809	83332.Rv2839c	282	5103
3010912	83332.Rv0972c	185	1458
3013633	83332.Rv3649	0.581	12
3013841	83332.Rv3852	1113	2739
3010625	83332.Rv0688	383	2981
3013115	83332.Rv3141	258	1429
3011118	83332.Rv1172c	44.3	145
3011500	83332.Rv1547	26.1	723
3011403	83332.Rv1455	51.1	253
3010940	83332.Rv0999	86.1	407
3013125	83332.Rv3151	330	5994
3013255	83332.Rv3274c	1393	11292
3013853	83332.Rv3864	705	2804
3012577	83332.Rv2609c	19.1	183
3010440	83332.Rv0507	5.42	380
3011340	83332.Rv1392	3367	25634
3011379	83332.Rv1431	28.8	393
3012025	83332.Rv2068c	344	2058
3010780	83332.Rv0839	27.5	140
3011188	83332.Rv1242	51.0	222
3011869	83332.Rv1913	1.53	8
3013907	83332.Rv3918c	34.4	258
3012483	83332.Rv2517c	9.92	21
3013171	83332.Rv3196A	654	1487
3012178	83332.Rv2220	3940	39157
3010842	83332.Rv0901	145	324
3012999	83332.Rv3024c	19.0	161
3012122	83332.Rv2165c	21.2	166
3013199	83332.Rv3221A	696	228
3010446	83332.Rv0513	339	637
3010975	83332.Rv1033c	25.9	138
3013246	83332.Rv3265c	77.3	508
3010862	83332.Rv0921	2.72	10
3013209	83332.Rv3228	24.1	141
3011224	83332.Rv1278	2.7	54
3013401	83332.Rv3418c	43112	95079
3010347	83332.Rv0419	90.8	980
3011066	83332.Rv1121	41.7	517
3011797	83332.Rv1842c	6.86	91
3010924	83332.Rv0983	300	2760
3010431	83332.Rv0500	659	2682
3011255	83332.Rv1308	2933	29017
3012330	83332.Rv2366c	34.6	259
3011257	83332.Rv1310	2658	32655
3012434	83332.Rv2468c	609	1307
3013110	83332.Rv3136	291	670
3010893	83332.Rv0953c	86.7	695
3011967	83332.Rv2010	12.7	42
3010056	83332.Rv0130	27.7	117
3010649	83332.Rv0712	119	900
3011654	83332.Rv1700	48.9	173
3013276	83332.Rv3295	495	2751
3010372	83332.Rv0444c	408	2155
3011430	83332.Rv1481	161	1295
3012256	83332.Rv2298	727	4381
3013700	83332.Rv3714c	7.38	27
3012891	83332.Rv2921c	203	1482
3012222	83332.Rv2264c	7.55	58
3012337	83332.Rv2373c	409	2735
3012023	83332.Rv2066	27.5	307
3013335	83332.Rv3353c	0.746	14
3011656	83332.Rv1702c	4.32	58
3010209	83332.Rv0281	340	3259
3010350	83332.Rv0422c	20.0	107
3013318	83332.Rv3336c	493	2296
3011615	83332.Rv1661	9.28	450
3012979	83332.Rv3005c	83.1	281
3010828	83332.Rv0887c	12.4	58
3010758	83332.Rv0817c	48.3	268
3010607	83332.Rv0670	530	1855
3012525	83332.Rv2558	129	779
3013830	83332.Rv3841	2788	10729
3010456	83332.Rv0523c	139	504
3012907	83332.Rv2936	109	979
3010751	83332.Rv0810c	489	687
3012367	83332.Rv2402	59.6	1048
3012954	83332.Rv2981c	155	1103
3013761	83332.Rv3772	149	1087
3012904	83332.Rv2933	156	8523
3010268	83332.Rv0340	21.7	43
3013755	83332.Rv3768	80.9	175
3013011	83332.Rv3036c	1375	3105
3010360	83332.Rv0432	2258	6264
3010588	83332.Rv0651	1575	5427
3012020	83332.Rv2063	51.5	88
3010271	83332.Rv0343	49.2	524
3010665	83332.Rv0727c	46.3	216
3011584	83332.Rv1631	82.1	622
3013667	83332.Rv3682	107	1784
3010776	83332.Rv0835	5.43	41
3013235	83332.Rv3254	20.7	154
3011932	83332.Rv1976c	5.74	22
3012527	83332.Rv2560	321	305
3010102	83332.Rv0176	151	1040
3010100	83332.Rv0174	460	3944
3013854	83332.Rv3865	1153	3781
3011097	83332.Rv1152	105	224
3013612	83332.Rv3628	2527	4484
3013866	83332.Rv3877	37.6	245
3013222	83332.Rv3241c	249	1243
3011240	83332.Rv1293	152	1814
3011982	83332.Rv2025c	0.91	9
3013693	83332.Rv3707c	7.7	40
3012064	83332.Rv2108	1.56	10
3011745	83332.Rv1789	30.9	66
3011237	83332.Rv1290c	17.0	81
3009990	83332.Rv0065	111	417
3011007	83332.Rv1065	1.25	5
3011005	83332.Rv1063c	30.3	216
3011140	83332.Rv1194c	50.6	432
3011055	83332.Rv1111c	62.1	361
3012073	83332.Rv2117	36.1	111
3010911	83332.Rv0971c	49.7	278
3011984	83332.Rv2027c	17.4	338
3011585	83332.Rv1632c	42.2	214
3012151	83332.Rv2194	401	1279
3012310	83332.Rv2346c	2162	26387
3009994	83332.Rv0069c	7.97	80
3013749	83332.Rv3762c	3.81	51
3011560	83332.Rv1607	23.0	136
3010471	83332.Rv0538	68.7	355
3010311	83332.Rv0383c	400	2439
3013668	83332.Rv3683	136	1163
3013548	83332.Rv3565	29.1	209
3012191	83332.Rv2234	39.5	114
3010014	83332.Rv0088	663	2989
3011483	83332.Rv1530	15.6	115
3010615	83332.Rv0678	215	673
3011856	83332.Rv1900c	45.7	471
3011892	83332.Rv1936	13.3	94
3011019	83332.Rv1077	483	5575
3010445	83332.Rv0512	134	1020
3012123	83332.Rv2166c	513	946
3011514	83332.Rv1561	47.2	151
3011918	83332.Rv1962c	69.7	242
3012851	83332.Rv2881c	80.0	425
3010457	83332.Rv0524	438	3886
3011436	83332.Rv1487	82.3	124
3010848	83332.Rv0907	16.2	164
3011464	83332.Rv1511	405	3600
3010338	83332.Rv0410c	131	2399
3013880	83332.Rv3891c	368	678
3011840	83332.Rv1885c	25.1	154
3012710	83332.Rv2740	415	1244
3011143	83332.Rv1197	1234	11774
3012814	83332.Rv2844	171	530
3010201	83332.Rv0273c	0.901	6
3010144	83332.Rv0217c	21.3	101
3013552	83332.Rv3568c	157	1032
3011665	83332.Rv1710	34.4	105
3011042	83332.Rv1098c	2024	11437
3012369	83332.Rv2404c	23.0	427
3012612	83332.Rv2643	5.32	37
3012627	83332.Rv2658c	97.0	292
3012610	83332.Rv2641	75.7	270
3011453	83332.Rv1502	9.25	71
3010552	83332.Rv0617	68.1	119
3010729	83332.Rv0788	226	1415
3011767	83332.Rv1812c	78.4	807
3012526	83332.Rv2559c	12.4	112
3012996	83332.Rv3022A	84.2	190
3012177	83332.Rv2219A	20.0	44
3013795	83332.Rv3806c	76.6	579
3013481	83332.Rv3498c	26.3	221
3011105	83332.Rv1159A	769	1527
3010747	83332.Rv0806c	0.828	6
3012432	83332.Rv2466c	245	1067
3010943	83332.Rv1002c	8.76	98
3012094	83332.Rv2138	122	791
3013676	83332.Rv3691	59.8	307
3011445	83332.Rv1495	51.0	128
3011054	83332.Rv1110	37.3	260
3010915	83332.Rv0975c	37.6	230
3013464	83332.Rv3481c	7.44	25
3012363	83332.Rv2399c	6.64	25
3010959	83332.Rv1018c	134	1696
3010632	83332.Rv0695	18.3	52
3012454	83332.Rv2488c	1.55	82
3011548	83332.Rv1595	82.8	762
3013492	83332.Rv3509c	780	7678
3011827	83332.Rv1872c	3504	35510
3010644	83332.Rv0707	1842	7286
3012382	83332.Rv2417c	32.0	191
3011125	83332.Rv1179c	36.2	669
3011278	83332.Rv1330c	7.68	66
3012172	83332.Rv2215	2190	24652
3010654	83332.Rv0717	1433	774
3013082	83332.Rv3107c	55.1	804
3010691	83332.Rv0752c	38.6	359
3010545	83332.Rv0610c	2.91	15
3013224	83332.Rv3243c	14.8	93
3013080	83332.Rv3105c	248	2245
3012829	83332.Rv2859c	388	1009
3010591	83332.Rv0654	211	2089
3010426	83332.Rv0495c	23.7	183
3010270	83332.Rv0342	118	1268
3012893	83332.Rv2922c	69.5	1667
3012422	83332.Rv2456c	7.43	29
3012029	83332.Rv2072c	4.22	34
3013294	83332.Rv3312c	1.46	12
3013546	83332.Rv3563	21.6	204
3009995	83332.Rv0070c	43.8	360
3013805	83332.Rv3816c	233	1111
3012765	83332.Rv2795c	18.9	135
3013476	83332.Rv3493c	335	1105
3012420	83332.Rv2454c	365	3762
3010434	83332.Rv0501	123	1065
3009938	83332.Rv0013	125	387
3010702	83332.Rv0762c	21.7	71
3009980	83332.Rv0055	1697	1381
3011529	83332.Rv1576c	3.23	20
3011452	83332.Rv1501	30.7	153
3011401	83332.Rv1453	0.369	6
3013565	83332.Rv3581c	177	622
3013037	83332.Rv3062	8.78	85
3012424	83332.Rv2458	12.5	85
3011511	83332.Rv1558	1009	3842
3011253	83332.Rv1306	1068	2661
3011207	83332.Rv1261c	629	1860
3013617	83332.Rv3633	156	1197
3013359	83332.Rv3377c	3.1	37
3011552	83332.Rv1599	230	963
3013742	83332.Rv3755c	266	743
3011172	83332.Rv1226c	0.942	6
3011718	83332.Rv1763	567	14101
3012236	83332.Rv2278	567	14101
3010675	83332.Rv0737	14.8	35
3010171	83332.Rv0243	1635	11558
3010088	83332.Rv0162c	55.1	540
3010134	83332.Rv0207c	71.7	351
3013691	83332.Rv3705c	415	716
3012338	83332.Rv2374c	82.7	733
3012278	83332.Rv2315c	205	2480
3011497	83332.Rv1544	525	2373
3012561	83332.Rv2594c	7.28	21
3013219	83332.Rv3238c	16.0	85
3010923	83332.Rv0982	13.2	156
3011957	83332.Rv2000	59.3	685
3011687	83332.Rv1732c	1215	2247
3011753	83332.Rv1798	48.0	748
3011571	83332.Rv1618	89.1	885
3010049	83332.Rv0123	148	307
3011239	83332.Rv1292	214	2820
3011043	83332.Rv1099c	444	2904
3011961	83332.Rv2004c	61.2	731
3011178	83332.Rv1232c	99.9	684
3010617	83332.Rv0680c	61.8	120
3010830	83332.Rv0889c	579	3945
3010425	83332.Rv0494	2.92	14
3012825	83332.Rv2855	118	1069
3012697	83332.Rv2728c	52.7	293
3012704	83332.Rv2735c	2.7	17
3011729	83332.Rv1773c	13.8	83
3013484	83332.Rv3501c	31.8	151
3010508	83332.Rv0575c	2.79	20
3012103	83332.Rv2147c	30.6	130
3010129	83332.Rv0202c	55.3	734
3012193	83332.Rv2236c	1.74	12
3012953	83332.Rv2980	5.14	25
3009939	83332.Rv0014c	226	2908
3013233	83332.Rv3252c	1.76	16
3011553	83332.Rv1600	118	924
3013138	83332.Rv3164c	10.4	95
3011513	83332.Rv1560	8.02	6
3012040	83332.Rv2082	36.8	268
3011650	83332.Rv1696	13.3	122
3012459	83332.Rv2493	338	659
3013013	83332.Rv3038c	207	1555
3010413	83332.Rv0483	36.8	222
3010147	83332.Rv0220	2.32	18
3011376	83332.Rv1428c	63.9	422
3010222	83332.Rv0294	5.56	46
3010072	83332.Rv0146	184	1913
3012167	83332.Rv2210c	223	2631
3011888	83332.Rv1932	3452	9206
3013747	83332.Rv3760	6.11	14
3011268	83332.Rv1321	23.5	94
3011803	83332.Rv1848	79.2	160
3012502	83332.Rv2535c	281	2205
3012344	83332.Rv2380c	22.6	828
3012440	83332.Rv2474c	17.6	105
3010010	83332.Rv0084	6.26	14
3012648	83332.Rv2679	192	1217
3010811	83332.Rv0870c	113	154
3013635	83332.Rv3651	212	2001
3010303	83332.Rv0375c	1.55	12
3010462	83332.Rv0529	31.0	140
3013475	83332.Rv3492c	50.3	219
3012894	83332.Rv2923c	137	473
3013748	83332.Rv3761c	186	1651
3011637	83332.Rv1683	280	6034
3013504	83332.Rv3521	19.2	54
3012919	83332.Rv2947c	72.4	1104
3013477	83332.Rv3494c	44.4	374
3011866	83332.Rv1910c	50.8	121
3010361	83332.Rv0433	98.5	949
3011396	83332.Rv1448c	1261	7827
3010699	83332.Rv0759c	198	547
3010899	83332.Rv0959	5.41	65
3010548	83332.Rv0613c	226	3730
3013124	83332.Rv3150	207	2065
3013253	83332.Rv3272	68.1	683
3010600	83332.Rv0663	125	1413
3012935	83332.Rv2963	14.6	76
3013197	83332.Rv3219	130	95
3010094	83332.Rv0168	20.0	77
3010687	83332.Rv0749	21.3	53
3010711	83332.Rv0771	8.36	26
3010813	83332.Rv0872c	38.1	34
3013069	83332.Rv3094c	70.4	813
3010439	83332.Rv0506	6.48	31
3013059	83332.Rv3084	5.1	50
3012179	83332.Rv2221c	64.1	1528
3013228	83332.Rv3247c	20.3	118
3012287	83332.Rv2324	7.01	20
3009991	83332.Rv0066c	1185	16248
3013685	83332.Rv3700c	41.3	345
3013714	83332.Rv3727	1.22	26
3010874	83332.Rv0933	109	694
3012299	83332.Rv2335	18.8	76
3010805	83332.Rv0864	72.9	276
3010327	83332.Rv0399c	14.6	125
3011881	83332.Rv1925	774	10813
3013111	83332.Rv3137	200	754
3012705	83332.Rv2736c	1.26	6
3010412	83332.Rv0482	27.2	229
3011655	83332.Rv1701	2.49	24
3012478	83332.Rv2512c	0.565	40
3011316	83332.Rv1368	366	1929
3011406	83332.Rv1458c	80.0	557
3011608	83332.Rv1654	316	1624
3010023	83332.Rv0097	18.3	103
3010115	83332.Rv0189c	376	3809
3011210	83332.Rv1264	27.9	332
3013921	83332.Rv4007	535	861
3010106	83332.Rv0180c	294	1636
3010124	83332.Rv0197	4.57	68
3012714	83332.Rv2744c	2259	15185
3011913	83332.Rv1957	77.5	230
3012523	83332.Rv2556c	341	89
3012021	83332.Rv2064	2.83	60
3011111	83332.Rv1165	53.5	638
3013601	83332.Rv3617	23.1	198
3011628	83332.Rv1674c	6.14	40
3012845	83332.Rv2875	2803	4167
3012734	83332.Rv2764c	27.6	146
3013392	83332.Rv3409c	90.2	944
3010336	83332.Rv0408	44.3	575
3010032	83332.Rv0106	2.25	15
3011844	83332.Rv1888c	26.6	136
3011115	83332.Rv1169c	43.1	50
3011199	83332.Rv1253	9.12	115
3011242	83332.Rv1295	961	8291
3013679	83332.Rv3694c	3.27	25
3010198	83332.Rv0270	832	10642
3011408	83332.Rv1460	6.05	26
3012946	83332.Rv2973c	4.86	62
3012885	83332.Rv2915c	28.4	212
3011582	83332.Rv1629	144	3429
3010562	83332.Rv0627	21.4	70
3010205	83332.Rv0277c	7.5	30
3012095	83332.Rv2139	80.4	662
3012332	83332.Rv2368c	6.81	70
3012401	83332.Rv2436	0.889	7
3011766	83332.Rv1811	1.99	8
3012315	83332.Rv2351c	64.9	942
3012112	83332.Rv2156c	26.6	264
3012587	83332.Rv2618	6.37	21
3011597	83332.Rv1643	1136	2208
3010567	83332.Rv0632c	1729	7760
3012651	83332.Rv2682c	76.5	1289
3010241	83332.Rv0313	124	430
3011557	83332.Rv1604	9.85	40
3012937	83332.Rv2965c	170	819
3010948	83332.Rv1007c	195	2291
3011875	83332.Rv1919c	553	1724
3011950	83332.Rv1993c	417	1089
3010712	83332.Rv0772	125	1303
3011392	83332.Rv1444c	42.3	164
3012161	83332.Rv2204c	1453	5286
3011785	83332.Rv1830	143	388
3010449	83332.Rv0516c	104	405
3012557	83332.Rv2590	90.3	2051
3012585	83332.Rv2616	41.6	210
3012068	83332.Rv2112c	144	1725
3011407	83332.Rv1459c	17.5	274
3010754	83332.Rv0813c	206	1158
3013218	83332.Rv3237c	212	643
3012646	83332.Rv2677c	20.8	116
3010317	83332.Rv0389	142	1027
3011134	83332.Rv1188	4.87	45
3011397	83332.Rv1449c	1130	15366
3013832	83332.Rv3843c	60.8	357
3011298	83332.Rv1350	20.4	121
3013077	83332.Rv3102c	436	2055
3012756	83332.Rv2786c	57.6	301
3012318	83332.Rv2354	567	14101
3011107	83332.Rv1161	78.7	2548
3010386	83332.Rv0457c	75.8	1108
3012686	83332.Rv2717c	59.5	211
3013786	83332.Rv3797	55.0	735
3011364	83332.Rv1416	424	1845
3012053	83332.Rv2095c	79.6	564
3012204	83332.Rv2247	776	8554
3013500	83332.Rv3517	2.33	16
3013487	83332.Rv3504	40.2	390
3010851	83332.Rv0910	137	406
3012730	83332.Rv2760c	35.4	46
3009970	83332.Rv0045c	59.1	360
3010451	83332.Rv0518	30.1	198
3012672	83332.Rv2703	714	4704
3013311	83332.Rv3329	26.7	269
3011156	83332.Rv1210	8.69	40
3011595	83332.Rv1641	785	2019
3013826	83332.Rv3837c	49.0	249
3011294	83332.Rv1346	155	901
3011369	83332.Rv1421	61.1	455
3013127	83332.Rv3153	432	1860
3013120	83332.Rv3146	264	808
3010696	83332.Rv0756c	51.4	269
3010500	83332.Rv0567	20.3	169
3011677	83332.Rv1722	58.0	626
3012586	83332.Rv2617c	38.0	111
3011622	83332.Rv1668c	20.0	144
3010016	83332.Rv0090	2.28	15
3013307	83332.Rv3325	567	14101
3012342	83332.Rv2378c	1.24	39
3011233	83332.Rv1287	129	363
3010935	83332.Rv0994	108	1058
3011221	83332.Rv1275	438	1982
3011643	83332.Rv1689	121	1168
3013240	83332.Rv3259	37.9	83
3011284	83332.Rv1336	47.8	290
3010875	83332.Rv0934	6518	27163
3010091	83332.Rv0165c	0.725	4
3011763	83332.Rv1808	58.8	227
3011489	83332.Rv1536	199	3938
3013444	83332.Rv3461c	1615	259
3013074	83332.Rv3099c	667	3303
3013107	83332.Rv3133c	1028	3881
3012356	83332.Rv2392	188	987
3010824	83332.Rv0883c	1.01	5
3013512	83332.Rv3529c	8.99	98
3012671	83332.Rv2702	294	1838
3010608	83332.Rv0671	9.37	72
3010081	83332.Rv0155	358	3664
3010357	83332.Rv0429c	359	919
3012320	83332.Rv2356c	51.6	87
3012067	83332.Rv2111c	2056	2289
3010034	83332.Rv0108c	205	495
3011327	83332.Rv1379	101	374
3011518	83332.Rv1565c	1.35	28
3011175	83332.Rv1229c	158	1149
3011328	83332.Rv1380	202	1147
3013296	83332.Rv3314c	45.2	421
3010922	83332.Rv0981	97.3	397
3011947	83332.Rv1990c	37.9	154
3012606	83332.Rv2637	41.2	166
3011857	83332.Rv1901	122	1127
3011965	83332.Rv2008c	4.52	28
3012046	83332.Rv2088	21.8	243
3013212	83332.Rv3231c	124	357
3013809	83332.Rv3820c	40.5	315
3012543	83332.Rv2576c	383	844
3012311	83332.Rv2347c	1234	11774
3012298	83332.Rv2334	155	1182
3011426	83332.Rv1477	22.4	189
3011544	83332.Rv1591	51.0	270
3013259	83332.Rv3278c	93.6	254
3012852	83332.Rv2882c	1497	4548
3010692	83332.Rv0753c	323	3612
3011108	83332.Rv1162	68.4	779
3009927	83332.Rv0002	757	5078
3011686	83332.Rv1731	229	2529
3011838	83332.Rv1883c	225	837
3012758	83332.Rv2788	126	674
3010794	83332.Rv0853c	197	2216
3011180	83332.Rv1234	303	962
3012987	83332.Rv3013	54.1	279
3011880	83332.Rv1924c	53.7	147
3013702	83332.Rv3716c	3268	8600
3013372	83332.Rv3390	534	2554
3010197	83332.Rv0269c	10.0	110
3010444	83332.Rv0511	444	3702
3010467	83332.Rv0534c	4.42	25
3011491	83332.Rv1538c	74.4	623
3012950	83332.Rv2977c	33.7	271
3013466	83332.Rv3483c	30.8	126
3012898	83332.Rv2927c	493	2710
3009962	83332.Rv0037c	3.13	22
3013131	83332.Rv3157	46.1	397
3013508	83332.Rv3525c	14.5	61
3012822	83332.Rv2852c	59.4	674
3012341	83332.Rv2377c	27.3	24
3012583	83332.Rv2614c	243	3153
3011001	83332.Rv1059	45.2	243
3011135	83332.Rv1189	1.63	14
3012763	83332.Rv2793c	52.2	311
3013540	83332.Rv3557c	7.06	44
3012378	83332.Rv2413c	6.42	68
3010624	83332.Rv0687	62.7	377
3012936	83332.Rv2964	24.0	131
3010148	83332.Rv0221	36.6	453
3011420	83332.Rv1472	4.79	31
3010036	83332.Rv0110	15.3	52
3013560	83332.Rv3576	44.9	162
3011101	83332.Rv1156	30.5	101
3012679	83332.Rv2710	61.4	356
3012173	83332.Rv2216	254	1291
3013766	83332.Rv3777	104	509
3013571	83332.Rv3587c	1087	5566
3013135	83332.Rv3161c	105	1074
3011884	83332.Rv1928c	40.1	209
3013770	83332.Rv3781	58.2	362
3011787	83332.Rv1832	220	3730
3012215	83332.Rv2257c	97.7	652
3010897	83332.Rv0957	731	4322
3013439	83332.Rv3456c	1612	4743
3013236	83332.Rv3255c	361	2016
3013808	83332.Rv3819	38.3	102
3013274	83332.Rv3293	95.2	581
3013681	83332.Rv3696c	90.5	1248
3011027	83332.Rv1085c	17.5	82
3012553	83332.Rv2586c	194	1535
3013015	83332.Rv3040c	119	958
3012352	83332.Rv2388c	12.7	72
3013556	83332.Rv3572	678	1337
3012325	83332.Rv2361c	38.2	171
3012297	83332.Rv2333c	0.712	38
3012649	83332.Rv2680	195	764
3012058	83332.Rv2102	63.4	266
3011373	83332.Rv1425	31.6	236
3012500	83332.Rv2533c	104	385
3011337	83332.Rv1389	62.8	309
3011822	83332.Rv1867	26.3	267
3011606	83332.Rv1652	287	1679
3010314	83332.Rv0386	10.8	260
3010838	83332.Rv0897c	11.9	142
3011084	83332.Rv1138c	3.78	24
3010436	83332.Rv0503c	808	6751
3011300	83332.Rv1352	514	646
3012410	83332.Rv2444c	473	7121
3013398	83332.Rv3415c	4.03	23
3012641	83332.Rv2672	207	1521
3011427	83332.Rv1478	20.9	75
3013684	83332.Rv3699	895	3586
3012985	83332.Rv3011c	269	2004
3013265	83332.Rv3284	105	208
3011348	83332.Rv1400c	189	1085
3012722	83332.Rv2752c	41.4	461
3010410	83332.Rv0480c	108	661
3010109	83332.Rv0183	696	5259
3010363	83332.Rv0435c	81.0	1389
3012506	83332.Rv2539c	8.59	53
3012303	83332.Rv2339	5.74	285
3013811	83332.Rv3822	4.77	30
3013706	83332.Rv3720	290	2775
3011788	83332.Rv1833c	154	1132
3013298	83332.Rv3316	53.2	165
3013247	83332.Rv3266c	6.04	54
3012638	83332.Rv2669	4.29	16
3013010	83332.Rv3035	56.3	241
3010580	83332.Rv0643c	590	5916
3013705	83332.Rv3719	56.8	551
3011739	83332.Rv1783	137	1077
3011991	83332.Rv2034	8.55	20
3012905	83332.Rv2934	121	3734
3013914	83332.Rv4000	2.46	12
3013356	83332.Rv3374	5.52	10
3012910	83332.Rv2939	59.8	331
3013306	83332.Rv3324c	66.1	244
3011434	83332.Rv1485	27.8	166
3012209	83332.Rv2251	189	1610
3012343	83332.Rv2379c	4.96	186
3011563	83332.Rv1610	8.6	48
3012465	83332.Rv2499c	124	379
3011153	83332.Rv1207	3.98	28
3012364	83332.Rv2400c	83.1	693
3012847	83332.Rv2877c	7.87	27
3012388	83332.Rv2423	4.37	54
3011778	83332.Rv1823	10.2	52
3013875	83332.Rv3886c	83.6	789
3011735	83332.Rv1779c	11.8	140
3011347	83332.Rv1399c	70.6	382
3010895	83332.Rv0955	34.4	150
3012140	83332.Rv2183c	380	737
3011282	83332.Rv1334	340	1037
3013559	83332.Rv3575c	159	1118
3010590	83332.Rv0653c	12.2	68
3013257	83332.Rv3276c	302	2212
3013380	83332.Rv3397c	3.17	56
3013067	83332.Rv3092c	30.6	146
3013836	83332.Rv3847	6.33	21
3012188	83332.Rv2230c	49.5	265
3013134	83332.Rv3160c	21.7	96
3011543	83332.Rv1590	67.1	69
3011937	83332.Rv1981c	274	2137
3012998	83332.Rv3023c	0.565	40
3010351	83332.Rv0423c	241	2862
3011112	83332.Rv1166	70.9	595
3010390	83332.Rv0461	92.5	347
3013021	83332.Rv3046c	173	663
3013000	83332.Rv3025c	51.6	286
3013751	83332.Rv3764c	1.88	15
3010082	83332.Rv0156	370	302
3010970	83332.Rv1028c	1.25	18
3012899	83332.Rv2928	386	2914
3010358	83332.Rv0430	70.1	122
3011384	83332.Rv1436	2700	18571
3013181	83332.Rv3204	4.8	12
3011346	83332.Rv1398c	447	561
3013780	83332.Rv3791	320	1725
3011181	83332.Rv1235	138	1065
3011137	83332.Rv1191	160	1424
3012881	83332.Rv2911	543	1009
3011722	83332.Rv1766	21.6	37
3011350	83332.Rv1402	5.99	72
3011565	83332.Rv1612	545	3724
3010998	83332.Rv1056	227	1539
3011402	83332.Rv1454c	525	4432
3012098	83332.Rv2142c	51.4	152
3010964	83332.Rv1023	1719	11179
3010333	83332.Rv0405	0.709	18
3012206	83332.Rv2249c	47.6	418
3013843	83332.Rv3854c	105	1080
3012854	83332.Rv2884	1.09	16
3013572	83332.Rv3588c	334	1132
3012196	83332.Rv2239c	438	703
3011106	83332.Rv1160	17.7	63
3012253	83332.Rv2295	53.6	225
3011647	83332.Rv1693	119	143
3011666	83332.Rv1711	27.3	165
3010888	83332.Rv0948c	47.4	54
3010279	83332.Rv0351	2544	8606
3012126	83332.Rv2169c	80.1	189
3010235	83332.Rv0307c	54.1	212
3010727	83332.Rv0787	159	864
3013019	83332.Rv3044	656	3748
3012644	83332.Rv2675c	155	683
3013683	83332.Rv3698	4.29	30
3013023	83332.Rv3048c	471	2790
3010732	83332.Rv0791c	51.7	477
3012903	83332.Rv2932	120	4871
3013206	83332.Rv3225c	8.18	117
3010370	83332.Rv0442c	6.09	11
3011791	83332.Rv1836c	538	5594
3013607	83332.Rv3623	759	3417
3011057	83332.Rv1113	188	221
3010042	83332.Rv0116c	31.5	65
3011488	83332.Rv1535	25.1	43
3011256	83332.Rv1309	1314	8869
3011277	83332.Rv1329c	0.211	3
3012306	83332.Rv2342	45.2	115
3012443	83332.Rv2477c	558	6687
3011830	83332.Rv1875	594	1554
3010145	83332.Rv0218	2.89	51
3012801	83332.Rv2831	736	3999
3010486	83332.Rv0553	18.1	72
3012066	83332.Rv2110c	935	4884
3011065	83332.Rv1120c	0.03	12
3012171	83332.Rv2214c	223	2018
3010763	83332.Rv0822c	6.39	100
3013271	83332.Rv3290c	50.9	452
3012139	83332.Rv2182c	124	633
3013740	83332.Rv3753c	169	319
3010221	83332.Rv0293c	37.8	346
3013822	83332.Rv3833	2.02	14
3013055	83332.Rv3080c	8.88	223
3012535	83332.Rv2568c	85.4	549
3012645	83332.Rv2676c	295	1893
3013425	83332.Rv3442c	2288	3290
3010766	83332.Rv0825c	56.7	332
3010768	83332.Rv0827c	0.669	3
3010024	83332.Rv0098	4.68	15
3010661	83332.Rv0724	193	2462
3012914	83332.Rv2943	1.47	18
3012726	83332.Rv2756c	24.5	380
3010210	83332.Rv0282	469	5420
3011416	83332.Rv1468c	1.57	4
3011232	83332.Rv1286	76.7	902
3012595	83332.Rv2626c	750	3167
3013463	83332.Rv3480c	39.9	416
3013486	83332.Rv3503c	341	400
3011761	83332.Rv1806	3.85	3
3010047	83332.Rv0121c	28.9	79
3011912	83332.Rv1956	3.13	8
3012113	83332.Rv2157c	165	1463
3011846	83332.Rv1890c	33.5	106
3011562	83332.Rv1609	213	2244
3012376	83332.Rv2411c	124	1709
3011424	83332.Rv1475c	1677	28698
3013735	83332.Rv3748	22.9	73
3010953	83332.Rv1012	0.053	3
3012462	83332.Rv2496c	102	968
3011737	83332.Rv1781c	10.5	172
3012324	83332.Rv2360c	59.3	200
3011126	83332.Rv1180	336	2438
3012002	83332.Rv2045c	3.83	41
3011589	83332.Rv1636	3005	12481
3010639	83332.Rv0702	1604	5141
3011291	83332.Rv1343c	5.44	20
3012719	83332.Rv2749	729	1408
3012733	83332.Rv2763c	44.5	106
3011517	83332.Rv1564c	69.2	869
3010318	83332.Rv0390	247	540
3012994	83332.Rv3020c	1.5	12
3013563	83332.Rv3579c	23.1	97
3013652	83332.Rv3668c	269	456
3013292	83332.Rv3311	547	3920
3011796	83332.Rv1841c	2.63	21
3010252	83332.Rv0324	45.3	199
3013239	83332.Rv3258c	15.8	46
3010506	83332.Rv0573c	9.29	82
3011039	83332.Rv1095	27.0	256
3011419	83332.Rv1471	176	423
3009976	83332.Rv0051	1.91	26
3013527	83332.Rv3544c	30.2	117
3013066	83332.Rv3091	78.4	1061
3013303	83332.Rv3321c	90.0	134
3011170	83332.Rv1224	36.8	96
3011712	83332.Rv1757c	567	14101
3010420	83332.Rv0490	23.9	233
3011289	83332.Rv1341	108	356
3009960	83332.Rv0035	15.4	197
3012074	83332.Rv2118c	86.8	727
3012426	83332.Rv2460c	1206	4722
3013899	83332.Rv3910	113	2833
3010992	83332.Rv1050	13.5	65
3012202	83332.Rv2245	2083	16372
3011882	83332.Rv1926c	2220	6708
3013003	83332.Rv3028c	4515	26897
3011308	83332.Rv1360	33.6	333
3013678	83332.Rv3693	34.2	389
3010095	83332.Rv0169	310	2564
3013694	83332.Rv3708c	666	4121
3011485	83332.Rv1532c	17.4	52
3013877	83332.Rv3888c	210	1790
3013581	83332.Rv3597c	2886	3306
3010074	83332.Rv0148	1916	13788
3010796	83332.Rv0855	107	627
3011691	83332.Rv1736c	14.8	385
3013874	83332.Rv3885c	13.1	143
3011269	83332.Rv1322	54.3	75
3010424	83332.Rv0493c	50.7	404
3011281	83332.Rv1333	69.6	326
3013051	83332.Rv3076	4.44	33
3011265	83332.Rv1318c	26.6	264
3011075	83332.Rv1130	76.2	855
3012667	83332.Rv2698	93.1	288
3011981	83332.Rv2024c	35.7	419
3012107	83332.Rv2151c	198	1252
3010718	83332.Rv0778	22.6	199
3010156	83332.Rv0229c	62.6	224
3011603	83332.Rv1649	84.9	459
3010046	83332.Rv0120c	398	6161
3011139	83332.Rv1193	183	1569
3010759	83332.Rv0818	377	2010
3011021	83332.Rv1079	443	3102
3013424	83332.Rv3441c	189	1854
3012640	83332.Rv2671	39.7	300
3010184	83332.Rv0256c	17.8	44
3013719	83332.Rv3732	93.1	551
3010801	83332.Rv0860	1886	24258
3012918	83332.Rv2946c	31.5	848
3011456	83332.Rv1505c	20.7	82
3011196	83332.Rv1250	0.486	6
3012556	83332.Rv2589	146	1587
3013229	83332.Rv3248c	2965	29312
3012218	83332.Rv2260	176	215
3013312	83332.Rv3330	51.0	347
3013767	83332.Rv3778c	313	2802
3013068	83332.Rv3093c	53.6	311
3012120	83332.Rv2163c	0.393	6
3010871	83332.Rv0930	2.3	6
3010821	83332.Rv0880	88.2	243
3010566	83332.Rv0631c	13.6	316
3010619	83332.Rv0682	1107	1177
3010179	83332.Rv0251c	1193	3161
3013390	83332.Rv3407	62.5	153
3011386	83332.Rv1438	649	3694
3010818	83332.Rv0877	225	678
3011161	83332.Rv1215c	91.8	1019
3012158	83332.Rv2201	65.2	892
3011855	83332.Rv1899c	270	1968
3010244	83332.Rv0316	142	390
3011250	83332.Rv1303	248	542
3011477	83332.Rv1524	20.9	281
3011989	83332.Rv2032	569	4231
3011609	83332.Rv1655	179	1386
3012233	83332.Rv2275	4.31	14
3010972	83332.Rv1030	4.33	66
3010045	83332.Rv0119	147	1351
3011790	83332.Rv1835c	9.59	114
3010459	83332.Rv0526	66.2	392
3011385	83332.Rv1437	750	6086
3011524	83332.Rv1571	32.8	148
3012642	83332.Rv2673	58.0	621
3012309	83332.Rv2345	171	2588
3012800	83332.Rv2830c	13.4	32
3011646	83332.Rv1692	48.0	290
3011441	83332.Rv1491c	1.15	6
3013284	83332.Rv3303c	157	1052
3013675	83332.Rv3690	75.3	291
3013926	83332.Rv4012	22.5	20
3012796	83332.Rv2826c	4.88	16
3013036	83332.Rv3061c	95.0	1416
3010778	83332.Rv0837c	3.22	23
3011165	83332.Rv1219c	14.3	85
3011601	83332.Rv1647	31.4	220
3011676	83332.Rv1721c	40.3	79
3013570	83332.Rv3586	59.6	463
3012984	83332.Rv3010c	588	2730
3013779	83332.Rv3790	108	1185
3011574	83332.Rv1621c	5.26	57
3013285	83332.Rv3304	126	512
3011261	83332.Rv1314c	483	1726
3013397	83332.Rv3414c	1.62	16
3010672	83332.Rv0734	280	1651
3012895	83332.Rv2924c	9.19	68
3012069	83332.Rv2113	93.0	690
3011765	83332.Rv1810	136	381
3010107	83332.Rv0181c	29.6	75
3011516	83332.Rv1563c	8.98	123
3011023	83332.Rv1081c	4.89	15
3010274	83332.Rv0346c	17.0	196
3012153	83332.Rv2196	371	3544
3011184	83332.Rv1238	133	1410
3010705	83332.Rv0765c	20.1	131
3012887	83332.Rv2917	0.877	10
3011145	83332.Rv1199c	0.565	40
3012085	83332.Rv2129c	465	3510
3012108	83332.Rv2152c	122	907
3010018	83332.Rv0092	16.1	270
3012345	83332.Rv2381c	4.53	106
3013283	83332.Rv3302c	90.2	1061
3013386	83332.Rv3403c	2.32	32
3012538	83332.Rv2571c	51.3	229
3012837	83332.Rv2867c	5.66	31
3010337	83332.Rv0409	45.8	429
3013824	83332.Rv3835	58.6	462
3013128	83332.Rv3154	149	546
3013686	83332.Rv3701c	23.4	210
3010760	83332.Rv0819	69.5	497
3010954	83332.Rv1013	145	1591
3013260	83332.Rv3279c	73.4	295
3012689	83332.Rv2720	397	1819
3010553	83332.Rv0618	2.3	8
3010722	83332.Rv0782	67.7	785
3012944	83332.Rv2971	1292	7881
3011998	83332.Rv2041c	14.6	157
3013403	83332.Rv3420c	8.42	38
3009971	83332.Rv0046c	409	3595
3012759	83332.Rv2789c	93.0	890
3013139	83332.Rv3165c	0.971	6
3013210	83332.Rv3229c	29.9	224
3013478	83332.Rv3495c	610	3937
3012242	83332.Rv2284	139	1148
3011152	83332.Rv1206	279	3891
3011309	83332.Rv1361c	322	2049
3010802	83332.Rv0861c	43.3	610
3010542	83332.Rv0608	140	110
3011567	83332.Rv1614	293	2679
3011551	83332.Rv1598c	328	1215
3010087	83332.Rv0161	101	1046
3013530	83332.Rv3547	756	2626
3011390	83332.Rv1442	35.4	489
3013699	83332.Rv3713	112	585
3011025	83332.Rv1083	136	360
3012723	83332.Rv2753c	443	2284
3012101	83332.Rv2145c	3087	18431
3010841	83332.Rv0900	14.8	16
3013122	83332.Rv3148	301	3086
3013768	83332.Rv3779	23.1	276
3010397	83332.Rv0468	835	6180
3013772	83332.Rv3783	11.1	96
3010289	83332.Rv0361	328	1241
3011616	83332.Rv1662	1.05	58
3013467	83332.Rv3484	6.49	57
3010676	83332.Rv0738	526	1794
3010950	83332.Rv1009	2.57	20
3010190	83332.Rv0262c	39.3	160
3010927	83332.Rv0986	67.1	272
3012190	83332.Rv2232	8.14	53
3010612	83332.Rv0675	234	1677
3011685	83332.Rv1730c	3.14	49
3011815	83332.Rv1860	3141	10513
3013507	83332.Rv3524	3.03	15
3010183	83332.Rv0255c	5.99	84
3012201	83332.Rv2244	9008	30710
3011842	83332.Rv1887	2.66	12
3012314	83332.Rv2350c	128	1910
3011122	83332.Rv1176c	4.15	15
3013904	83332.Rv3915	59.8	488
3010228	83332.Rv0300	51.1	76
3010092	83332.Rv0166	62.7	705
3012983	83332.Rv3009c	539	4891
3011162	83332.Rv1216c	39.1	119
3013534	83332.Rv3551	0.446	3
3012141	83332.Rv2184c	3.96	49
3013226	83332.Rv3245c	13.7	178
3010231	83332.Rv0303	138	691
3012065	83332.Rv2109c	786	3174
3013869	83332.Rv3880c	1285	2683
3010180	83332.Rv0252	0.808	18
3013814	83332.Rv3825c	346	15446
3012673	83332.Rv2704	20.5	54
3013647	83332.Rv3663c	3.99	44
3011824	83332.Rv1869c	522	4842
3011975	83332.Rv2018	26.5	206
3010170	83332.Rv0242c	1365	14711
3013215	83332.Rv3234c	49.2	261
3010429	83332.Rv0498	18.6	110
3010572	83332.Rv0635	983	4518
3009967	83332.Rv0042c	273	1049
3012785	83332.Rv2815c	567	14101
3010934	83332.Rv0993	339	1275
3012474	83332.Rv2508c	1.62	15
3011330	83332.Rv1382	41.0	129
3011762	83332.Rv1807	198	205
3012263	83332.Rv2305	81.3	797
3010364	83332.Rv0436c	3.72	21
3012254	83332.Rv2296	1009	7400
3010341	83332.Rv0413	21.9	134
3010292	83332.Rv0364	78.1	147
3013168	83332.Rv3194c	94.3	638
3013654	83332.Rv3670	19.4	150
3011451	83332.Rv1500	13.1	99
3011195	83332.Rv1249c	22.4	83
3012008	83332.Rv2051c	97.1	1631
3013511	83332.Rv3528c	204	981
3010627	83332.Rv0690c	15.7	143
3013918	83332.Rv4004	221	282
3011002	83332.Rv1060	127	490
3010470	83332.Rv0537c	44.0	486
3010466	83332.Rv0533c	130	874
3012812	83332.Rv2842c	102	332
3012322	83332.Rv2358	146	332
3012088	83332.Rv2132	24.6	48
3013191	83332.Rv3213c	405	2205
3012392	83332.Rv2427c	528	4002
3010135	83332.Rv0208c	58.7	350
3012091	83332.Rv2135c	119	640
3011854	83332.Rv1898	2.62	6
3012876	83332.Rv2906c	163	710
3011339	83332.Rv1391	160	1203
3011480	83332.Rv1527c	69.2	4817
3011814	83332.Rv1859	5.79	47
3010892	83332.Rv0952	2390	15431
3012214	83332.Rv2256c	3.45	14
3010060	83332.Rv0134	49.5	325
3010538	83332.Rv0604	87.2	458
3010834	83332.Rv0893c	19.9	392
3010748	83332.Rv0807	36.3	159
3012374	83332.Rv2409c	230	1013
3011951	83332.Rv1994c	7.69	31
3013207	83332.Rv3226c	11.6	88
3013731	83332.Rv3744	119	148
3011943	83332.Rv1987	48.4	240
3012481	83332.Rv2515c	1.06	12
3010650	83332.Rv0713	189	929
3012752	83332.Rv2782c	6.3	94
3013142	83332.Rv3168	108	940
3012964	83332.Rv2991	121	401
3011123	83332.Rv1177	1447	2770
3011202	83332.Rv1256c	16.1	86
3013221	83332.Rv3240c	393	7659
3010645	83332.Rv0708	1162	1706
3013807	83332.Rv3818	93.0	904
3013650	83332.Rv3666c	44.8	306
3012980	83332.Rv3006	411	3149
3012650	83332.Rv2681	54.9	376
3013172	83332.Rv3197	118	1164
3011776	83332.Rv1821	397	6132
3011128	83332.Rv1182	31.8	262
3010373	83332.Rv0445c	499	1960
3010059	83332.Rv0133	40.4	168
3013155	83332.Rv3181c	11.7	35
3010806	83332.Rv0865	90.8	130
3011705	83332.Rv1750c	10.6	161
3012159	83332.Rv2202c	1212	8160
3011130	83332.Rv1184c	45.0	217
3011272	83332.Rv1324	924	5980
3012550	83332.Rv2583c	54.1	812
3011479	83332.Rv1526c	24.2	262
3013044	83332.Rv3069	65.0	129
3012030	83332.Rv2073c	68.8	326
3011076	83332.Rv1131	86.4	636
3011894	83332.Rv1938	36.7	280
3010267	83332.Rv0339c	13.3	152
3010213	83332.Rv0285	1529	1417
3010653	83332.Rv0716	1401	4654
3012164	83332.Rv2207	129	831
3010006	83332.Rv0080	8.92	27
3013580	83332.Rv3596c	1073	18967
3013547	83332.Rv3564	109	464
3013434	83332.Rv3451	27.6	91
3012828	83332.Rv2858c	204	1496
3013858	83332.Rv3869	144	1580
3011147	83332.Rv1201c	1004	5041
3013258	83332.Rv3277	3.13	20
3013783	83332.Rv3794	78.0	1693
3013357	83332.Rv3375	7.59	75
3011521	83332.Rv1568	59.0	348
3010886	83332.Rv0945	18.3	87
3010735	83332.Rv0794c	111	1244
3013018	83332.Rv3043c	486	2688
3011499	83332.Rv1546	178	441
3010799	83332.Rv0858c	140	774
3012230	83332.Rv2272	52.2	152
3010262	83332.Rv0334	141	883
3010495	83332.Rv0562	328	2463
3010398	83332.Rv0469	526	4199
3010080	83332.Rv0154c	444	2903
3011983	83332.Rv2026c	23.1	162
3011425	83332.Rv1476	212	694
3011581	83332.Rv1628c	139	534
3013079	83332.Rv3104c	26.7	198
3013532	83332.Rv3549c	5.55	21
3012619	83332.Rv2650c	3.17	26
3013323	83332.Rv3341	27.7	189
3012131	83332.Rv2174	21.6	295
3012466	83332.Rv2500c	145	1445
3012476	83332.Rv2510c	92.5	1149
3012136	83332.Rv2179c	16.9	59
3010404	83332.Rv0474	253	1080
3013701	83332.Rv3715c	132	555
3011726	83332.Rv1770	247	2283
3011157	83332.Rv1211	2308	2330
3011862	83332.Rv1906c	161	208
3011041	83332.Rv1097c	301	812
3012664	83332.Rv2695	19.9	88
3011096	83332.Rv1151c	60.6	371
3010168	83332.Rv0240	18.3	97
3010755	83332.Rv0814c	4215	19451
3011285	83332.Rv1337	6.5	6
3010530	83332.Rv0596c	4.43	8
3012564	83332.Rv2597	175	711
3013754	83332.Rv3767c	65.2	774
3013185	83332.Rv3208	180	1052
3010240	83332.Rv0312	37.5	341
3013214	83332.Rv3233c	45.3	143
3013104	83332.Rv3130c	265	2307
3010223	83332.Rv0295c	70.0	415
3010447	83332.Rv0514	124	120
3012473	83332.Rv2507	50.5	110
3011730	83332.Rv1774	46.1	374
3013363	83332.Rv3381c	567	14101
3013804	83332.Rv3815c	8.41	51
3013321	83332.Rv3339c	145	1100
3010371	83332.Rv0443	288	1752
3010887	83332.Rv0946c	462	4688
3013035	83332.Rv3060c	0.616	7
3011411	83332.Rv1463	611	5045
3013708	83332.Rv3722c	684	5908
3012119	83332.Rv2162c	65.6	119
3013290	83332.Rv3309c	96.7	345
3013062	83332.Rv3087	28.5	357
3012959	83332.Rv2986c	5833	11228
3012520	83332.Rv2553c	37.6	356
3013241	83332.Rv3260c	39.6	98
3012901	83332.Rv2930	117	1723
3010707	83332.Rv0767c	6.47	34
3012154	83332.Rv2197c	207	452
3010979	83332.Rv1037c	2262	23222
3011011	83332.Rv1069c	47.4	550
3010204	83332.Rv0276	10.3	53
3012300	83332.Rv2336	6.54	56
3013007	83332.Rv3032	11.4	76
3012682	83332.Rv2713	129	1262
3010217	83332.Rv0289	8.37	55
3013338	83332.Rv3356c	384	2188
3010932	83332.Rv0991c	80.9	286
3012599	83332.Rv2630	3.38	10
3010850	83332.Rv0909	244	374
3010520	83332.Rv0587	102	496
3011512	83332.Rv1559	236	1350
3011682	83332.Rv1727	7.99	20
3012609	83332.Rv2640c	28.9	49
3013599	83332.Rv3615c	896	653
3010408	83332.Rv0478	84.3	349
3012864	83332.Rv2894c	7.05	42
3013460	83332.Rv3477	106	180
3011985	83332.Rv2028c	70.7	347
3012460	83332.Rv2494	23.0	96
3013915	83332.Rv4001	1762	1874
3013054	83332.Rv3079c	77.5	366
3010596	83332.Rv0659c	15.6	31
3013396	83332.Rv3413c	8.8	47
3013510	83332.Rv3527	8.22	28
3011223	83332.Rv1277	1.42	17
3010239	83332.Rv0311	1.75	15
3012929	83332.Rv2957	14.0	86
3012406	83332.Rv2440c	9.71	102
3011598	83332.Rv1644	7.12	51
3013064	83332.Rv3089	97.5	1192
3011003	83332.Rv1061	71.0	588
3011171	83332.Rv1225c	4.88	15
3013600	83332.Rv3616c	1034	3665
3010533	83332.Rv0599c	158	312
3010139	83332.Rv0212c	2.67	26
3013196	83332.Rv3218	49.5	364
3012924	83332.Rv2952	499	2732
3012132	83332.Rv2175c	263	829
3012594	83332.Rv2625c	155	849
3013302	83332.Rv3320c	64.8	253
3012102	83332.Rv2146c	11.7	40
3012554	83332.Rv2587c	160	1508
3009943	83332.Rv0018c	183	1526
3012897	83332.Rv2926c	37.6	176
3011948	83332.Rv1991c	60.5	154
3010800	83332.Rv0859	1263	10254
3013908	83332.Rv3919c	0.845	3
3011871	83332.Rv1915	391	2427
3011592	83332.Rv1638A	679	1429
3013718	83332.Rv3731	12.1	87
3011447	83332.Rv1497	12.5	121
3013238	83332.Rv3257c	118	1205
3012411	83332.Rv2445c	930	3576
3012009	83332.Rv2052c	48.1	405
3010529	83332.Rv0595c	14.8	59
3010526	83332.Rv0592	16.1	99
3010123	83332.Rv0196	132	573
3013273	83332.Rv3292	130	1000
3013456	83332.Rv3473c	3.29	18
3010200	83332.Rv0272c	79.1	742
3013513	83332.Rv3530c	2.92	22
3013523	83332.Rv3540c	3.57	25
3013533	83332.Rv3550	1.01	19
3013189	83332.Rv3211	154	1351
3011633	83332.Rv1679	165	1396
3010933	83332.Rv0992c	94.2	166
3011198	83332.Rv1252c	62.1	161
3013382	83332.Rv3399	39.4	422
3012208	83332.Rv2250c	11.7	31
3011604	83332.Rv1650	221	3683
3012086	83332.Rv2130c	113	1217
3009945	83332.Rv0020c	1207	11916
3011442	83332.Rv1492	70.0	807
3013771	83332.Rv3782	21.4	125
3013715	83332.Rv3728	11.6	225
3011777	83332.Rv1822	67.9	255
3013419	83332.Rv3436c	202	3232
3010104	83332.Rv0178	478	2628
3010765	83332.Rv0824c	1308	9767
3010476	83332.Rv0543c	45.5	157
3013387	83332.Rv3404c	173	1100
3011246	83332.Rv1299	141	1025
3011915	83332.Rv1959c	6.45	15
3010002	83332.Rv0077c	92.7	643
3010771	83332.Rv0830	149	1168
3011311	83332.Rv1363c	84.7	267
3010750	83332.Rv0809	198	1565
3013864	83332.Rv3875	8513	19604
3011014	83332.Rv1072	172	440
3012563	83332.Rv2596	21.6	45
3011638	83332.Rv1684	88.1	184
3013252	83332.Rv3271c	82.2	147
3010889	83332.Rv0949	38.0	595
3011150	83332.Rv1204c	13.2	176
3011213	83332.Rv1267c	160	1820
3012370	83332.Rv2405	44.6	248
3010176	83332.Rv0248c	825	11323
3013383	83332.Rv3400	479	2203
3013188	83332.Rv3210c	258	1387
3011898	83332.Rv1942c	39.1	121
3011849	83332.Rv1893	1183	1844
3013384	83332.Rv3401	265	4374
3013664	83332.Rv3679	192	1386
3013250	83332.Rv3269	4122	9911
3012961	83332.Rv2988c	141	1126
3010052	83332.Rv0126	200	2358
3012713	83332.Rv2743c	18.5	108
3010945	83332.Rv1004c	39.2	114
3009928	83332.Rv0003	12.4	98
3010388	83332.Rv0459	10.4	40
3012491	83332.Rv2525c	58.8	269
3012339	83332.Rv2375	39.0	120
3012823	83332.Rv2853	5.06	7
3012883	83332.Rv2913c	38.6	483
3011383	83332.Rv1435c	161	56
3011662	83332.Rv1707	27.9	166
3010589	83332.Rv0652	7657	11383
3010355	83332.Rv0427c	125	667
3011476	83332.Rv1523	40.2	357
3013803	83332.Rv3814c	123	669
3010093	83332.Rv0167	334	1389
3011335	83332.Rv1387	154	855
3010138	83332.Rv0211	909	11955
3013499	83332.Rv3516	67.4	345
3009946	83332.Rv0021c	1.02	6
3010097	83332.Rv0171	437	3585
3013782	83332.Rv3793	79.9	1310
3013093	83332.Rv3118	4215	19451
3012742	83332.Rv2772c	6.83	27
3010293	83332.Rv0365c	37.5	411
3013825	83332.Rv3836	12.1	30
3012639	83332.Rv2670c	3.69	31
3010914	83332.Rv0974c	51.4	504
3012355	83332.Rv2391	399	4184
3012349	83332.Rv2385	17.3	70
3011226	83332.Rv1280c	119	1038
3010697	83332.Rv0757	414	2892
3012083	83332.Rv2127	6.33	67
3010804	83332.Rv0863	532	751
3013623	83332.Rv3639c	0.452	5
3010633	83332.Rv0696	8.2	90
3010686	83332.Rv0748	54.8	109
3013568	83332.Rv3584	1341	4849
3010178	83332.Rv0250c	848	1881
3010860	83332.Rv0919	20.5	66
3013555	83332.Rv3571	5.25	55
3011805	83332.Rv1850	29.3	368
3011591	83332.Rv1638	102	2452
3012181	83332.Rv2223c	32.3	411
3013535	83332.Rv3552	13.9	71
3011045	83332.Rv1101c	91.1	514
3010714	83332.Rv0774c	208	474
3013032	83332.Rv3057c	56.9	424
3012070	83332.Rv2114	158	609
3012357	83332.Rv2393	3.04	20
3013813	83332.Rv3824c	25.2	292
3013469	83332.Rv3486	66.9	265
3012575	83332.Rv2607	277	1772
3012247	83332.Rv2289	324	1644
3011639	83332.Rv1685c	21.9	119
3012843	83332.Rv2873	1621	3866
3010614	83332.Rv0677c	117	446
3011129	83332.Rv1183	3.17	66
3013680	83332.Rv3695	21.9	95
3010111	83332.Rv0185	17.1	35
3010259	83332.Rv0331	209	1488
3012750	83332.Rv2780	550	4458
3011962	83332.Rv2005c	307	1639
3011099	83332.Rv1154c	11.9	65
3013203	83332.Rv3224	2254	12695
3011876	83332.Rv1920	56.7	257
3012384	83332.Rv2419c	110	568
3012259	83332.Rv2301	1844	1691
3010726	83332.Rv0786c	84.0	247
3011177	83332.Rv1231c	57.9	178
3012152	83332.Rv2195	773	7622
3011467	83332.Rv1514c	72.5	406
3010740	83332.Rv0799c	217	1515
3011154	83332.Rv1208	2.05	14
3012842	83332.Rv2872	22.8	50
3010610	83332.Rv0673	63.3	446
3010515	83332.Rv0582	29.4	37
3012571	83332.Rv2603c	552	1720
3012142	83332.Rv2185c	1747	7262
3011421	83332.Rv1473	14.6	147
3012391	83332.Rv2426c	124	869
3013400	83332.Rv3417c	3199	41007
3013542	83332.Rv3559c	38.5	239
3013198	83332.Rv3220c	57.9	687
3011684	83332.Rv1729c	4.56	38
3011208	83332.Rv1262c	6.07	20
3011368	83332.Rv1420	13.4	139
3011263	83332.Rv1316c	119	383
3012981	83332.Rv3007c	6.72	20
3010825	83332.Rv0884c	1156	6317
3011648	83332.Rv1694	4.13	22
3012839	83332.Rv2869c	59.2	439
3010643	83332.Rv0706	3093	3646
3011590	83332.Rv1637c	461	1690
3010461	83332.Rv0528	5.86	59
3010265	83332.Rv0337c	49.1	377
3010715	83332.Rv0775	0.036	10
3010249	83332.Rv0321	442	913
3013763	83332.Rv3774	1420	7849
3010166	83332.Rv0238	82.5	323
3011978	83332.Rv2021c	23.2	45
3012958	83332.Rv2985	28.8	228
3012221	83332.Rv2263	25.5	213
3012573	83332.Rv2605c	180	1168
3011860	83332.Rv1904	28.9	85
3012217	83332.Rv2259	369	2483
3012323	83332.Rv2359	235	743
3012498	83332.Rv2531c	67.7	1628
3011056	83332.Rv1112	75.8	730
3012597	83332.Rv2628	7.21	25
3013184	83332.Rv3207c	71.3	426
3010532	83332.Rv0598c	32.0	127
3013314	83332.Rv3332	45.5	419
3013324	83332.Rv3342	69.1	339
3012793	83332.Rv2823c	5.14	103
3012771	83332.Rv2801c	58.3	140
3010291	83332.Rv0363c	1917	14180
3012182	83332.Rv2224c	245	2426
3009999	83332.Rv0074	60.8	369
3012049	83332.Rv2091c	1257	3031
3012743	83332.Rv2773c	499	2577
3012727	83332.Rv2757c	5.8	25
3012052	83332.Rv2094c	1315	2613
3011987	83332.Rv2030c	260	4374
3010576	83332.Rv0639	672	3268
3010000	83332.Rv0075	56.3	516
3012486	83332.Rv2520c	821	1083
3011435	83332.Rv1486c	21.6	118
3011532	83332.Rv1579c	20.3	53
3012510	83332.Rv2543	13.0	73
3013619	83332.Rv3635	1.86	21
3012552	83332.Rv2585c	29.2	217
3010743	83332.Rv0802c	41.2	245
3011831	83332.Rv1876	904	4098
3010485	83332.Rv0552	39.2	388
3010781	83332.Rv0840c	8.2	43
3010084	83332.Rv0158	83.6	453
3011190	83332.Rv1244	74.9	397
3013550	83332.Rv3566c	80.0	455
3010559	83332.Rv0624	29.7	164
3011936	83332.Rv1980c	4726	15707
3013704	83332.Rv3718c	1163	3267
3010025	83332.Rv0099	28.5	205
3010280	83332.Rv0352	689	5928
3013350	83332.Rv3368c	359	2060
3013381	83332.Rv3398c	11.5	74
3010930	83332.Rv0989c	19.9	172
3010652	83332.Rv0715	1468	1386
3010574	83332.Rv0637	683	2515
3011851	83332.Rv1895	7.7	46
3010175	83332.Rv0247c	646	4266
3012312	83332.Rv2348c	11.6	14
3012404	83332.Rv2438c	214	2168
3010133	83332.Rv0206c	442	8286
3010670	83332.Rv0732	86.1	919
3013264	83332.Rv3283	567	4614
3013343	83332.Rv3361c	1.01	8
3010416	83332.Rv0486	3.2	36
3013438	83332.Rv3455c	16.1	110
3012371	83332.Rv2406c	918	2179
3010238	83332.Rv0310c	56.9	297
3011698	83332.Rv1743	91.4	1157
3011852	83332.Rv1896c	85.1	671
3012109	83332.Rv2153c	32.6	276
3012668	83332.Rv2699c	1321	2504
3013789	83332.Rv3800c	1736	54348
3010753	83332.Rv0812	9.84	100
3011077	83332.Rv1132	16.5	216
3011733	83332.Rv1777	0.417	25
3012127	83332.Rv2170	6.96	25
3012395	83332.Rv2430c	343	1013
3013025	83332.Rv3050c	159	623
3013848	83332.Rv3859c	188	5949
3010315	83332.Rv0387c	16.8	18
3010055	83332.Rv0129c	2118	9046
3013812	83332.Rv3823c	0.268	12
3010378	83332.Rv0450c	136	2633
3012472	83332.Rv2506	12.0	51
3010143	83332.Rv0216	284	1230
3011119	83332.Rv1173	13.1	290
3010641	83332.Rv0704	1696	6497
3013230	83332.Rv3249c	16.8	107
3013351	83332.Rv3369	505	1481
3012493	83332.Rv2527	27.9	63
3010898	83332.Rv0958	144	1345
3011219	83332.Rv1273c	1.07	10
3012549	83332.Rv2582	496	2649
3011559	83332.Rv1606	52.3	121
3011187	83332.Rv1241	24.7	41
3010367	83332.Rv0439c	417	3194
3012720	83332.Rv2750	81.1	253
3009926	83332.Rv0001	208	2188
3010745	83332.Rv0804	5.08	28
3013211	83332.Rv3230c	26.7	202
3011706	83332.Rv1751	192	2008
3010592	83332.Rv0655	986	7563
3009932	83332.Rv0007	1011	3378
3011413	83332.Rv1465	163	557
3012477	83332.Rv2511	155	496
3012859	83332.Rv2889c	2048	12934
3010620	83332.Rv0683	2928	7681
3011879	83332.Rv1923	168	1356
3011276	83332.Rv1328	804	11714
3013457	83332.Rv3474	567	14101
3012939	83332.Rv2967c	197	4523
3011325	83332.Rv1377c	186	890
3012617	83332.Rv2648	567	14101
3009968	83332.Rv0043c	46.9	225
3010307	83332.Rv0379	4315	4912
3010383	83332.Rv0455c	405	1646
3010956	83332.Rv1015c	945	1964
3011185	83332.Rv1239c	260	1425
3010868	83332.Rv0927c	183	653
3010272	83332.Rv0344c	28.7	106
3013004	83332.Rv3029c	3052	12617
3011959	83332.Rv2002	276	943
3011215	83332.Rv1269c	550	1207
3011332	83332.Rv1384	108	2092
3013502	83332.Rv3519	169	1028
3013670	83332.Rv3685c	10.7	108
3013518	83332.Rv3535c	98.2	574
3012967	83332.Rv2994	2.77	24
3010852	83332.Rv0911	90.0	401
3012060	83332.Rv2104c	17.5	32
3011466	83332.Rv1513	145	1128
3011371	83332.Rv1423	350	2226
3011484	83332.Rv1531	229	1064
3013299	83332.Rv3317	60.6	208
3009998	83332.Rv0073	80.1	1093
3013297	83332.Rv3315c	108	417
3009935	83332.Rv0010c	7.56	24
3013696	83332.Rv3710	388	5959
3011024	83332.Rv1082	95.5	723
3010582	83332.Rv0645c	175	1531
3010613	83332.Rv0676c	34.3	689
3012973	83332.Rv2999	106	898
3013029	83332.Rv3054c	144	392
3012820	83332.Rv2850c	30.0	349
3010756	83332.Rv0815c	1714	19648
3013279	83332.Rv3298c	17.9	96
3011697	83332.Rv1742	24.9	186
3011465	83332.Rv1512	165	703
3012245	83332.Rv2287	1.64	28
3013870	83332.Rv3881c	1472	10248
3013576	83332.Rv3592	795	2081
3011596	83332.Rv1642	1013	265
3010027	83332.Rv0101	6.9	456
3010604	83332.Rv0667	1168	28561
3011279	83332.Rv1331	32.0	100
3012831	83332.Rv2861c	251	943
3012960	83332.Rv2987c	293	2145
3012746	83332.Rv2776c	3.2	26
3011809	83332.Rv1854c	42.6	431
3010157	83332.Rv0230c	242	1227
3012546	83332.Rv2579	346	2352
3011486	83332.Rv1533	123	1084
3013663	83332.Rv3678c	1229	3599
3009973	83332.Rv0048c	228	1051
3011090	83332.Rv1144	416	2370
3012700	83332.Rv2731	328	2478
3013119	83332.Rv3145	76.7	130
3013876	83332.Rv3887c	21.0	180
3012210	83332.Rv2252	82.8	463
3009979	83332.Rv0054	2332	6990
3011953	83332.Rv1996	373	2860
3009948	83332.Rv0023	16.0	121
3013603	83332.Rv3619c	2262	23222
3012461	83332.Rv2495c	173	1491
3010869	83332.Rv0928	848	3806
3010414	83332.Rv0484c	171	1027
3012857	83332.Rv2887	113	318
3010393	83332.Rv0464c	412	2023
3012130	83332.Rv2173	15.6	93
3011026	83332.Rv1084	22.1	326
3012927	83332.Rv2955c	87.4	679
3010113	83332.Rv0187	231	1014
3010630	83332.Rv0693	16.2	99
3012559	83332.Rv2592c	14.6	96
3011823	83332.Rv1868	9.68	151
3013690	83332.Rv3705A	106	69
3012174	83332.Rv2217	38.6	130
3010163	83332.Rv0236A	316	383
3010278	83332.Rv0350	8718	90917
3013661	83332.Rv3677c	20.8	100
3010772	83332.Rv0831c	2140	14624
3010149	83332.Rv0222	214	1216
3012536	83332.Rv2569c	61.2	502
3012766	83332.Rv2796c	2.55	20
3011053	83332.Rv1109c	278	1469
3012807	83332.Rv2837c	139	1273
3011900	83332.Rv1944c	66.3	308
3010498	83332.Rv0565c	22.8	320
3010083	83332.Rv0157	382	2330
3011022	83332.Rv1080c	2106	7070
3010073	83332.Rv0147	690	6202
3011370	83332.Rv1422	27.4	184
3012194	83332.Rv2237	32.8	185
3011549	83332.Rv1596	1188	5566
3013710	83332.Rv3724A	11.9	12
3011547	83332.Rv1594	700	5182
3011580	83332.Rv1627c	243	2260
3011973	83332.Rv2016	10.8	59
3013030	83332.Rv3055	2.22	8
3011919	83332.Rv1963c	5.32	59
3011173	83332.Rv1227c	32.8	81
3011274	83332.Rv1326c	103	1853
3013839	83332.Rv3850	453	1278
3010477	83332.Rv0544c	9.78	37
3010366	83332.Rv0438c	68.3	413
3010878	83332.Rv0937c	18.7	141
3011519	83332.Rv1566c	194	697
3011493	83332.Rv1540	26.5	159
3013237	83332.Rv3256c	106	729
3012920	83332.Rv2948c	54.5	846
3012061	83332.Rv2105	567	14101
3011901	83332.Rv1945	5.16	111
3013818	83332.Rv3829c	47.6	478
3010464	83332.Rv0531	67.3	206
3011979	83332.Rv2022c	14.1	112
3013117	83332.Rv3143	376	1293
3013121	83332.Rv3147	392	2535
3011168	83332.Rv1222	28.1	130
3012051	83332.Rv2093c	5.8	27
3011963	83332.Rv2006	52.3	1204
3010346	83332.Rv0418	237	2102
3010681	83332.Rv0743c	15.7	71
3013862	83332.Rv3873	73.6	399
3011258	83332.Rv1311	622	1498
3011522	83332.Rv1569	17.8	145
3013734	83332.Rv3747	855	2640
3013347	83332.Rv3365c	56.9	956
3013539	83332.Rv3556c	244	1929
3011418	83332.Rv1470	26.8	60
3010331	83332.Rv0403c	13.9	36
3013472	83332.Rv3489	864	1236
3011449	83332.Rv1498c	98.7	503
3013844	83332.Rv3855	31.8	232
3011074	83332.Rv1129c	10.1	64
3012071	83332.Rv2115c	261	3096
3010571	83332.Rv0634c	207	922
3010276	83332.Rv0348	40.6	280
3013838	83332.Rv3849	2161	6756
3011704	83332.Rv1749c	54.4	181
3011412	83332.Rv1464	340	3151
3013616	83332.Rv3632	20.1	76
3010374	83332.Rv0446c	7.44	40
3013415	83332.Rv3432c	168	2060
3010809	83332.Rv0868c	13.4	31
3010153	83332.Rv0226c	11.7	161
3012504	83332.Rv2537c	142	337
3012602	83332.Rv2633c	76.2	349
3010253	83332.Rv0325	2.78	6
3012791	83332.Rv2821c	18.0	81
3013272	83332.Rv3291c	44.3	117
3013483	83332.Rv3500c	16.5	49
3010256	83332.Rv0328	35.2	154
3011954	83332.Rv1997	8.55	176
3013883	83332.Rv3894c	21.9	573
3013006	83332.Rv3031	10.3	153
3012463	83332.Rv2497c	77.5	616
3010435	83332.Rv0502	45.5	374
3010647	83332.Rv0710	1607	2374
3012329	83332.Rv2365c	11.6	19
3013090	83332.Rv3115	0.565	40
3010173	83332.Rv0245	23.3	102
3011437	83332.Rv1488	784	6517
3010762	83332.Rv0821c	298	1884
3010328	83332.Rv0400c	291	2933
3010795	83332.Rv0854	709	1635
3013208	83332.Rv3227	103	1029
3013764	83332.Rv3775	163	1501
3011047	83332.Rv1103c	242	291
3010065	83332.Rv0139	13.2	95
3010415	83332.Rv0485	2.04	15
3013301	83332.Rv3319	153	778
3010660	83332.Rv0723	1166	2792
3012138	83332.Rv2181	18.0	121
3011619	83332.Rv1665	78.0	826
3012452	83332.Rv2486	135	939
3010976	83332.Rv1034c	0.656	10
3013618	83332.Rv3634c	268	1584
3013375	83332.Rv3393	1.2	7
3012815	83332.Rv2845c	264	3903
3011211	83332.Rv1265	115	666
3012135	83332.Rv2178c	493	5533
3010070	83332.Rv0144	221	1294
3011792	83332.Rv1837c	1842	22789
3012195	83332.Rv2238c	118	434
3012019	83332.Rv2062c	17.4	506
3011808	83332.Rv1853	13.5	36
3011113	83332.Rv1167c	8.56	40
3013421	83332.Rv3438	147	719
3013160	83332.Rv3186	567	14101
3013769	83332.Rv3780	661	2542
3011679	83332.Rv1724c	2.33	8
3011353	83332.Rv1405c	6.5	41
3009975	83332.Rv0050	65.8	1058
3013263	83332.Rv3282	50.2	187
3012331	83332.Rv2367c	15.5	40
3010063	83332.Rv0137c	81.0	312
3010343	83332.Rv0415	30.3	203
3011837	83332.Rv1882c	39.0	188
3013861	83332.Rv3872	16.7	24
3010384	83332.Rv0456A	1.9	9
3010965	83332.Rv1024	18.7	77
3010286	83332.Rv0358	26.3	86
3012986	83332.Rv3012c	757	988
3010387	83332.Rv0458	379	4241
3011063	83332.Rv1118c	36.8	290
3013573	83332.Rv3589	2.42	24
3011799	83332.Rv1844c	111	906
3010831	83332.Rv0890c	3.25	60
3013609	83332.Rv3625c	5.29	32
3013154	83332.Rv3180c	24.1	61
3013505	83332.Rv3522	25.3	252
3011297	83332.Rv1349	1.35	12
3013716	83332.Rv3729	1.79	33
3012077	83332.Rv2121c	288	1945
3012467	83332.Rv2501c	51.9	675
3012830	83332.Rv2860c	173	1942
3010798	83332.Rv0857	24.3	86
3010960	83332.Rv1019	93.5	384
3010281	83332.Rv0353	41.1	116
3010463	83332.Rv0530	470	3323
3011780	83332.Rv1825	265	1342
3011394	83332.Rv1446c	114	707
3012450	83332.Rv2484c	25.8	246
3010141	83332.Rv0214	18.8	167
3010787	83332.Rv0846c	76.4	812
3013445	83332.Rv3462c	1135	1266
3013658	83332.Rv3674c	58.5	225
3011092	83332.Rv1146	1.59	22
3011847	83332.Rv1891	152	326
3010573	83332.Rv0636	2114	4279
3009952	83332.Rv0027	46.1	144
3010606	83332.Rv0669c	101	1123
3011252	83332.Rv1305	92.5	17
3012092	83332.Rv2136c	6.66	30
3011044	83332.Rv1100	92.1	578
3011367	83332.Rv1419	97.0	305
3011138	83332.Rv1192	119	778
3010820	83332.Rv0879c	26.9	52
3012821	83332.Rv2851c	37.8	182
3011613	83332.Rv1659	81.6	769
3010807	83332.Rv0866	119	432
3012696	83332.Rv2727c	2.03	16
3011094	83332.Rv1148c	6.56	123
3012721	83332.Rv2751	81.9	589
3013802	83332.Rv3813c	78.4	386
3010257	83332.Rv0329c	4.5	18
3012693	83332.Rv2724c	60.8	582
3011575	83332.Rv1622c	7.44	41
3010400	83332.Rv0470c	640	5870
3011993	83332.Rv2036	4.77	15
3011634	83332.Rv1680	110	633
3010261	83332.Rv0333	632	1543
3010130	83332.Rv0203	116	216
3010312	83332.Rv0384c	1011	17232
