#id: 107
#name: H.pylori - Whole organism, SC (Müller,J_Proteomics,2013)
#score: 10.83
#weight: 20%
#description: abundance based on Spectral counting, from<a href="http://www.ncbi.nlm.nih.gov/pubmed/23665149" target="_blank">Müller, J_Proteomics,2013</a><br/><b>Interaction consistency score</b>: 10.83&nbsp<b>Coverage</b>: 99
#organ: WHOLE_ORGANISM
#integrated: false
#coverage: 99
#publication_year: 2013
#filename: 85962-Helicobacter_pylori_SC_biomart_27551_E__5reps.txt
#
#internal_id	string_external_id	abundance	raw_spectral_count
3025046	85962.HP0947	122	27
3024216	85962.HP0106	196	106
3024468	85962.HP0360	764	535
3024143	85962.HP0031	553	133
3024206	85962.HP0096	847	480
3025557	85962.HP1460	237	658
3024233	85962.HP0123	576	718
3024717	85962.HP0614	1421	303
3024166	85962.HP0055	32.1	31
3025172	85962.HP1075	110	107
3024527	85962.HP0419	138	77
3024573	85962.HP0465	59.1	85
3025045	85962.HP0946	11.4	10
3024245	85962.HP0135	171	29
3024450	85962.HP0342	29.1	13
3024935	85962.HP0834	209	180
3024130	85962.HP0018	82.6	88
3024229	85962.HP0119	171	151
3025006	85962.HP0907	140	78
3024226	85962.HP0116	329	436
3024639	85962.HP0534	291	118
3024587	85962.HP0479	99.9	55
3024753	85962.HP0651	105	213
3024621	85962.HP0514	3686	831
3024881	85962.HP0780	1008	163
3024409	85962.HP0301	453	274
3024963	85962.HP0862	143	82
3024223	85962.HP0113	6.14	1
3025371	85962.HP1273	56.9	31
3024344	85962.HP0236	67.6	24
3025273	85962.HP1176	48.8	6
3024417	85962.HP0309	407	226
3025177	85962.HP1080	58.8	24
3025654	85962.HP1558	59.2	15
3025144	85962.HP1047	142	28
3025295	85962.HP1198	1698	8630
3024752	85962.HP0650	127	41
3025425	85962.HP1327	21.4	19
3024601	85962.HP0494	134	111
3024445	85962.HP0337	692	38
3024164	85962.HP0053	56.2	43
3025366	85962.HP1268	500	247
3024720	85962.HP0617	1045	1193
3025413	85962.HP1315	2940	525
3024662	85962.HP0558	1507	924
3025198	85962.HP1101	357	275
3025448	85962.HP1350	1592	1080
3024845	85962.HP0743	7.18	5
3024209	85962.HP0099	857	1291
3025003	85962.HP0903m	23.4	22
3025271	85962.HP1174	107	72
3024485	85962.HP0377	1663	592
3025417	85962.HP1319	3875	1169
3024153	85962.HP0042	26.1	15
3024330	85962.HP0222	1402	124
3025105	85962.HP1008	37.4	29
3024351	85962.HP0243	7881	2368
3025355	85962.HP1257	321	143
3025491	85962.HP1394	94.5	49
3025042	85962.HP0943	485	373
3024314	85962.HP0205	90.2	127
3025408	85962.HP1310	3031	218
3024541	85962.HP0433	14.9	7
3025478	85962.HP1381	18.7	5
3024473	85962.HP0365	338	11
3024838	85962.HP0736	325	226
3024873	85962.HP0772	39.9	34
3024390	85962.HP0282	132	155
3025522	85962.HP1425	36.3	7
3024507	85962.HP0399	1622	1555
3025500	85962.HP1403	36.0	61
3025406	85962.HP1308	4849	187
3025087	85962.HP0989	30.2	137
3025648	85962.HP1552	82.6	52
3025106	85962.HP1009	118	39
3025111	85962.HP1014	963	431
3024388	85962.HP0280	254	181
3024157	85962.HP0046	9.58	1
3024323	85962.HP0215	11.5	10
3024298	85962.HP0189	4.39	1
3025266	85962.HP1169	14.9	9
3025100	85962.HP1002	399	253
3025253	85962.HP1156	263	304
3025474	85962.HP1377	134	31
3024177	85962.HP0067	490	258
3025255	85962.HP1158	300	129
3024545	85962.HP0437	23.8	24
3025388	85962.HP1290	8.9	7
3025158	85962.HP1061	27.7	10
3025622	85962.HP1526	516	309
3024583	85962.HP0475	26.2	22
3024602	85962.HP0495	512	48
3025399	85962.HP1301	3937	497
3024658	85962.HP0554	497	260
3024531	85962.HP0423	16.2	26
3024463	85962.HP0355	209	295
3024795	85962.HP0693	3.1	2
3025634	85962.HP1538	547	319
3024254	85962.HP0145	812	423
3025385	85962.HP1287	340	143
3024412	85962.HP0304	169	97
3024168	85962.HP0057	112	14
3025503	85962.HP1406	328	245
3025329	85962.HP1231	50.7	25
3025348	85962.HP1250	89.4	44
3024801	85962.HP0699	143	116
3025075	85962.HP0977	369	250
3024952	85962.HP0851	3.41	3
3024458	85962.HP0350	179	38
3024814	85962.HP0712	16.5	5
3024227	85962.HP0117	190	115
3024904	85962.HP0803	80.1	34
3024943	85962.HP0842	105	54
3025243	85962.HP1146	46.1	19
3025156	85962.HP1059	188	160
3025297	85962.HP1200	4717	1235
3024725	85962.HP0623	208	211
3025641	85962.HP1545	137	90
3024916	85962.HP0815	430	108
3024242	85962.HP0132	221	202
3025066	85962.HP0967	109	27
3025318	85962.HP1220	277	144
3024349	85962.HP0241	5.24	1
3024820	85962.HP0718	7.51	4
3024661	85962.HP0557	289	188
3025126	85962.HP1029	637	186
3024180	85962.HP0070	380	120
3025386	85962.HP1288	12.7	3
3024482	85962.HP0374	216	100
3024774	85962.HP0672	966	642
3025314	85962.HP1216	35.9	64
3024203	85962.HP0093	63.1	8
3024472	85962.HP0364	384	266
3024255	85962.HP0146	16.0	3
3025104	85962.HP1006	32.2	10
3024798	85962.HP0696	6333	6658
3024494	85962.HP0386	99.2	20
3025313	85962.HP1215	69.8	11
3024843	85962.HP0741	81.7	25
3025533	85962.HP1436	29.7	6
3024428	85962.HP0320	165	21
3025056	85962.HP0957	65.1	67
3025554	85962.HP1457	344	113
3025486	85962.HP1389	43.5	5
3025048	85962.HP0949	58.7	24
3024501	85962.HP0393	237	166
3024833	85962.HP0731	201	223
3025542	85962.HP1445	241	61
3024506	85962.HP0398	23.5	11
3024382	85962.HP0274	102	31
3024503	85962.HP0395	189	95
3024437	85962.HP0329	140	91
3025521	85962.HP1424	130	62
3024777	85962.HP0675	24.6	18
3025036	85962.HP0937	46.3	25
3025162	85962.HP1065	73.8	27
3025610	85962.HP1513	146	135
3025280	85962.HP1183	13.8	15
3024479	85962.HP0371	1241	302
3025327	85962.HP1229	236	217
3024674	85962.HP0571	63.4	12
3025242	85962.HP1145	11.1	3
3024224	85962.HP0114	22.7	31
3024948	85962.HP0847	30.6	3
3024123	85962.HP0011	26353	1922
3024622	85962.HP0515	728	299
3025039	85962.HP0940	193	111
3025296	85962.HP1199	1778	322
3025182	85962.HP1085	21.5	4
3024214	85962.HP0104	289	342
3024648	85962.HP0543	710	232
3025483	85962.HP1386	231	109
3024292	85962.HP0183	579	483
3024201	85962.HP0091	88.9	67
3024318	85962.HP0210	1494	1787
3025149	85962.HP1052	82.7	45
3025319	85962.HP1221	136	78
3024634	85962.HP0528	299	331
3024783	85962.HP0681	65.3	28
3024934	85962.HP0833	45.0	33
3024828	85962.HP0726	60.2	47
3024399	85962.HP0291	71.2	13
3024888	85962.HP0787	123	100
3025336	85962.HP1238	279	199
3024989	85962.HP0889	2.94	2
3024649	85962.HP0544	265	439
3024124	85962.HP0012	96.2	123
3024769	85962.HP0667	15.4	3
3025309	85962.HP1211	35.3	9
3025234	85962.HP1137	237	86
3024504	85962.HP0396	387	485
3025123	85962.HP1026	67.2	63
3025027	85962.HP0928	489	137
3024422	85962.HP0314	206	14
3024125	85962.HP0013	386	240
3024274	85962.HP0165	69.7	22
3025185	85962.HP1088	391	453
3024326	85962.HP0218	1402	451
3024240	85962.HP0130	1620	833
3024761	85962.HP0659	404	250
3024484	85962.HP0376	109	75
3024886	85962.HP0785	651	237
3024993	85962.HP0893	1538	129
3025189	85962.HP1092	93.6	45
3025339	85962.HP1241	754	1359
3025602	85962.HP1505	89.6	82
3025526	85962.HP1429	177	121
3025090	85962.HP0992	309	55
3024516	85962.HP0408	703	201
3025147	85962.HP1050	198	102
3025165	85962.HP1068	72.5	50
3025479	85962.HP1382	34.7	12
3024118	85962.HP0005	450	194
3024704	85962.HP0601	61.7	98
3024280	85962.HP0171	214	135
3024147	85962.HP0035	723	166
3025132	85962.HP1035	145	148
3025349	85962.HP1251	88.5	31
3025095	85962.HP0997	28.8	137
3025152	85962.HP1055	122	91
3025420	85962.HP1322	40.9	23
3024488	85962.HP0380	620	544
3025281	85962.HP1184	29.5	23
3025646	85962.HP1550	294	365
3024889	85962.HP0788	47.9	60
3025360	85962.HP1262	544	318
3024901	85962.HP0800	76.2	27
3025175	85962.HP1078	44.9	16
3024353	85962.HP0245	133	22
3024117	85962.HP0004	3.48	2
3024396	85962.HP0288	33.9	16
3025269	85962.HP1172	918	495
3024523	85962.HP0415	130	198
3024405	85962.HP0297	2286	272
3024957	85962.HP0856	21.1	21
3025098	85962.HP1000	203	112
3024785	85962.HP0683	155	130
3025276	85962.HP1179	371	389
3025412	85962.HP1314	5696	910
3025595	85962.HP1498	12.9	11
3024543	85962.HP0435	52.7	19
3024647	85962.HP0542	135	30
3024650	85962.HP0545	419	185
3024831	85962.HP0729	182	108
3024367	85962.HP0259	105	105
3025335	85962.HP1237	357	282
3024347	85962.HP0239	149	99
3024172	85962.HP0062	109	22
3024846	85962.HP0745	92.7	62
3024241	85962.HP0131	1505	22
3024954	85962.HP0853	556	660
3024875	85962.HP0774	377	280
3025233	85962.HP1136	718	287
3025250	85962.HP1153	348	677
3024721	85962.HP0618	661	282
3024598	85962.HP0491	4592	309
3024884	85962.HP0783	1401	359
3024465	85962.HP0357	78.2	54
3024451	85962.HP0343	9.86	3
3024393	85962.HP0285	131	125
3025519	85962.HP1422	760	1476
3024231	85962.HP0121	657	1054
3024144	85962.HP0032	24.7	4
3025490	85962.HP1393	109	123
3024568	85962.HP0460	49.8	19
3025461	85962.HP1363	110	107
3025456	85962.HP1358	314	97
3025397	85962.HP1299	331	103
3024861	85962.HP0760	530	491
3024434	85962.HP0326	139	179
3024635	85962.HP0529	122	103
3024476	85962.HP0368	30.8	8
3025023	85962.HP0924	1556	157
3024898	85962.HP0797	3156	1408
3025443	85962.HP1345	1634	1501
3025615	85962.HP1518	92.6	7
3024510	85962.HP0402	392	654
3024733	85962.HP0631	756	337
3025134	85962.HP1037	3397	1882
3024190	85962.HP0080	225	142
3025513	85962.HP1416	57.8	64
3024259	85962.HP0150	187	95
3024305	85962.HP0196	666	254
3025476	85962.HP1379	628	1009
3025264	85962.HP1167	34.8	40
3024563	85962.HP0455	39.4	8
3025421	85962.HP1323	55.7	29
3025670	85962.HP1574	432	250
3025008	85962.HP0909	67.4	24
3024495	85962.HP0387	59.4	90
3024800	85962.HP0698	21.5	1
3025121	85962.HP1024	491	250
3025289	85962.HP1192	210	38
3025166	85962.HP1069	777	998
3025317	85962.HP1219	73.1	5
3024627	85962.HP0520	1813	285
3024511	85962.HP0403	360	199
3024851	85962.HP0750	64.2	40
3025321	85962.HP1223	615	171
3025353	85962.HP1255	48.9	13
3025578	85962.HP1481	207	90
3025666	85962.HP1570	129	48
3025624	85962.HP1528	436	7
3025034	85962.HP0935	64.4	23
3025080	85962.HP0982	19.2	6
3024849	85962.HP0748	151	78
3025378	85962.HP1280	155	117
3024276	85962.HP0167	192	58
3024211	85962.HP0101	182	117
3024373	85962.HP0265	9.26	3
3025262	85962.HP1165	7.92	6
3024230	85962.HP0120	158	150
3024980	85962.HP0879	54.7	19
3024300	85962.HP0191	1076	651
3024695	85962.HP0592	109	240
3024361	85962.HP0253	192	7
3025411	85962.HP1313	2774	813
3024746	85962.HP0644	18.3	4
3024805	85962.HP0703	168	149
3025107	85962.HP1010	215	331
3024215	85962.HP0105	1338	365
3024569	85962.HP0461	47.4	1
3025290	85962.HP1193	632	478
3025394	85962.HP1296	3197	691
3025440	85962.HP1342	439	1203
3024925	85962.HP0824	3579	1115
3024338	85962.HP0230	187	108
3025209	85962.HP1112	131	144
3024818	85962.HP0716	166	21
3025489	85962.HP1392	141	100
3024534	85962.HP0426	14.5	47
3025556	85962.HP1459	357	168
3024949	85962.HP0848	103	53
3025531	85962.HP1434	152	67
3024248	85962.HP0138	1121	802
3025636	85962.HP1540	1264	264
3024790	85962.HP0688	200	83
3024376	85962.HP0268	1672	228
3024713	85962.HP0610	75.6	361
3024906	85962.HP0805	58.4	40
3024747	85962.HP0645	93.3	113
3024281	85962.HP0172	188	135
3025323	85962.HP1225	21.9	4
3024324	85962.HP0216	220	117
3025409	85962.HP1311	3095	348
3025171	85962.HP1074	42.4	17
3025659	85962.HP1563	24894	10084
3025473	85962.HP1376	1506	439
3024174	85962.HP0064	93.8	19
3025315	85962.HP1217	58.0	9
3024593	85962.HP0486	1894	1854
3025051	85962.HP0952	179	75
3024631	85962.HP0525	217	172
3024325	85962.HP0217	319	222
3025183	85962.HP1086	96.9	27
3024844	85962.HP0742	430	354
3024435	85962.HP0327	50.4	22
3025487	85962.HP1390	156	38
3024965	85962.HP0864	241	111
3025139	85962.HP1042	318	232
3024862	85962.HP0761	33.8	14
3024291	85962.HP0182	492	424
3024173	85962.HP0063	84.9	80
3024834	85962.HP0732	49.5	7
3024609	85962.HP0502	13.0	1
3024403	85962.HP0295	24.6	49
3024836	85962.HP0734	97.2	93
3024126	85962.HP0014	561	420
3024302	85962.HP0193	289	133
3024308	85962.HP0199	150	26
3025030	85962.HP0931	36.8	18
3024171	85962.HP0061	239	83
3024841	85962.HP0739	111	38
3024667	85962.HP0564	2042	190
3024234	85962.HP0124	966	263
3024310	85962.HP0201	724	561
3024560	85962.HP0452	67.8	63
3025268	85962.HP1171	51.1	33
3025635	85962.HP1539	106	114
3024595	85962.HP0488	25.2	88
3024288	85962.HP0179	50.9	25
3024731	85962.HP0629	332	519
3024666	85962.HP0563	33.3	49
3025164	85962.HP1067	2987	655
3025363	85962.HP1265	166	115
3025414	85962.HP1316	2927	1325
3024262	85962.HP0153	1710	1205
3024282	85962.HP0173	5.4	2
3024588	85962.HP0480	1422	1428
3025484	85962.HP1387	116	83
3024378	85962.HP0270	121	43
3024821	85962.HP0719	3675	558
3025593	85962.HP1496	3643	1374
3024706	85962.HP0603	65.7	25
3025304	85962.HP1206	89.2	104
3024220	85962.HP0110	1953	633
3024192	85962.HP0082	581	1060
3024359	85962.HP0251	79.2	21
3025076	85962.HP0978	810	676
3024141	85962.HP0029	122	61
3025468	85962.HP1371	77.7	132
3024346	85962.HP0238	421	494
3024392	85962.HP0284	251	289
3025657	85962.HP1561	1830	1568
3024535	85962.HP0427	36.4	13
3024691	85962.HP0588	802	172
3024603	85962.HP0496	79.8	29
3025639	85962.HP1543	115	60
3024616	85962.HP0509	308	346
3024644	85962.HP0539	30.5	20
3024860	85962.HP0759	10.6	12
3025446	85962.HP1348	162	93
3025223	85962.HP1126	158	161
3024913	85962.HP0812	51.4	31
3024296	85962.HP0187	103	9
3025631	85962.HP1535	23.8	24
3025231	85962.HP1134	1618	1642
3024149	85962.HP0037	39.7	18
3025612	85962.HP1515	47.4	2
3024299	85962.HP0190	81.8	89
3025181	85962.HP1084	218	141
3025180	85962.HP1083	292	285
3024576	85962.HP0468	428	569
3024487	85962.HP0379	109	214
3024562	85962.HP0454	49.5	28
3025328	85962.HP1230	39.1	21
3024258	85962.HP0149	317	176
3024191	85962.HP0081	406	16
3024170	85962.HP0060	171	280
3024822	85962.HP0720	2690	142
3025343	85962.HP1245	1137	387
3025467	85962.HP1369m	45.5	68
3025650	85962.HP1554	1823	1051
3024864	85962.HP0763	359	264
3025229	85962.HP1132	1799	1853
3025404	85962.HP1306	7032	234
3025518	85962.HP1421	190	121
3024547	85962.HP0439	31.2	26
3024686	85962.HP0583	168	119
3024477	85962.HP0369	26.1	12
3025282	85962.HP1185	8.54	7
3024799	85962.HP0697	7222	1778
3025247	85962.HP1150	729	200
3024145	85962.HP0033	287	367
3024663	85962.HP0559	622	158
3025143	85962.HP1046	678	84
3024870	85962.HP0769	59.5	21
3025004	85962.HP0905	17.8	11
3024222	85962.HP0112	166	97
3025263	85962.HP1166	250	287
3025232	85962.HP1135	525	203
3025310	85962.HP1212	231	27
3024572	85962.HP0464	39.2	82
3025155	85962.HP1058	682	241
3024169	85962.HP0059	63.3	29
3024969	85962.HP0868	593	136
3024518	85962.HP0410	2533	1295
3024736	85962.HP0634	65.0	33
3024253	85962.HP0144	253	140
3024279	85962.HP0170	767	454
3025062	85962.HP0963	46.3	35
3025244	85962.HP1147	3726	577
3025237	85962.HP1140	98.4	63
3025555	85962.HP1458	7967	1108
3024517	85962.HP0409	445	494
3025359	85962.HP1261	433	155
3025170	85962.HP1073	1303	284
3024528	85962.HP0420	66.9	15
3024204	85962.HP0094	58.2	17
3024339	85962.HP0231	1636	894
3025074	85962.HP0976	57.4	58
3025410	85962.HP1312	3979	594
3024207	85962.HP0097	1205	409
3025211	85962.HP1114	163	204
3024675	85962.HP0572	672	245
3025620	85962.HP1524	524	134
3024163	85962.HP0052	13.0	12
3025502	85962.HP1405	278	15
3025320	85962.HP1222	266	563
3024360	85962.HP0252	887	810
3024116	85962.HP0003	1332	798
3024284	85962.HP0175	3626	1462
3025212	85962.HP1115	29.9	22
3024809	85962.HP0707	120	65
3025299	85962.HP1202	1894	474
3025435	85962.HP1337	51.9	28
3025514	85962.HP1417m	18.3	28
3024701	85962.HP0598	130	100
3025279	85962.HP1182	609	319
3025681	85962.HP1585	27.5	6
3024438	85962.HP0330	282	213
3025308	85962.HP1210	222	69
3025285	85962.HP1188	70.8	68
3024676	85962.HP0573	132	21
3025454	85962.HP1356	196	145
3024391	85962.HP0283	394	266
3025203	85962.HP1106	36.0	34
3024766	85962.HP0664	93.8	41
3025535	85962.HP1438	31.8	24
3025206	85962.HP1109	1582	416
3025403	85962.HP1305	1713	398
3024848	85962.HP0747	110	135
3025108	85962.HP1011	195	137
3025543	85962.HP1446	1297	220
3024400	85962.HP0292	105	66
3024159	85962.HP0048	138	175
3025470	85962.HP1373	620	435
3025382	85962.HP1284	147	93
3024664	85962.HP0561	3417	969
3024842	85962.HP0740	121	132
3024628	85962.HP0522	535	467
3024415	85962.HP0307	49.2	13
3025270	85962.HP1173	2703	993
3024646	85962.HP0541	27.6	11
3024899	85962.HP0798	281	103
3024273	85962.HP0164	143	86
3024945	85962.HP0844	38.6	14
3025395	85962.HP1297	7936	35
3024570	85962.HP0462	49.4	31
3025112	85962.HP1015	51.7	5
3025488	85962.HP1391	28.0	6
3024446	85962.HP0338	111	40
3024641	85962.HP0536	17.0	3
3024988	85962.HP0888	347	152
3025213	85962.HP1116	25.2	88
3025680	85962.HP1584	51.4	45
3024879	85962.HP0778	186	85
3025354	85962.HP1256	2024	409
3024293	85962.HP0184	1146	340
3025447	85962.HP1349	207	177
3024978	85962.HP0877	52.6	21
3024679	85962.HP0576	386	206
3025114	85962.HP1017	24.0	19
3025588	85962.HP1491	52.7	35
3025077	85962.HP0979	521	401
3025151	85962.HP1054	61.3	54
3025025	85962.HP0926	135	117
3025129	85962.HP1032	247	136
3025415	85962.HP1317	2918	336
3025392	85962.HP1294	3069	885
3024768	85962.HP0666	109	108
3025176	85962.HP1079	258	267
3024981	85962.HP0880	36.4	10
3024213	85962.HP0103	361	538
3024579	85962.HP0471	15.7	22
3024885	85962.HP0784	55.6	5
3024764	85962.HP0662	131	81
3025085	85962.HP0987	247	31
3025292	85962.HP1195	2004	3139
3024414	85962.HP0306	635	522
3024932	85962.HP0831	231	81
3024927	85962.HP0826	202	139
3025261	85962.HP1164	1209	804
3024956	85962.HP0855	19.5	26
3024498	85962.HP0390	4512	1550
3024859	85962.HP0758	14.4	5
3024421	85962.HP0313	8.91	2
3024196	85962.HP0086	1010	851
3024552	85962.HP0444	49.7	54
3024912	85962.HP0811	36.4	7
3025294	85962.HP1197	5562	689
3024304	85962.HP0195	686	398
3024739	85962.HP0637	70.1	11
3025332	85962.HP1234	29.0	11
3025120	85962.HP1023	51.8	56
3025683	85962.HP1587	45.3	21
3024128	85962.HP0016	163	4
3025341	85962.HP1243	885	2297
3024693	85962.HP0590	1822	922
3024759	85962.HP0657	521	492
3024179	85962.HP0069	481	275
3024321	85962.HP0213	361	398
3024938	85962.HP0837	639	90
3024742	85962.HP0640	51.8	48
3025300	85962.HP1203	748	285
3024384	85962.HP0276	207	65
3024459	85962.HP0351	210	265
3024865	85962.HP0764	57.9	43
3024987	85962.HP0887	3479	7394
3025032	85962.HP0933	147	56
3025260	85962.HP1163	9.12	2
3025119	85962.HP1022	58.0	26
3024757	85962.HP0655	362	733
3025671	85962.HP1575	167	21
3025174	85962.HP1077	114	86
3025381	85962.HP1283	127	167
3024198	85962.HP0088	423	498
3024375	85962.HP0267	509	530
3024161	85962.HP0050	24.1	14
3025463	85962.HP1365	87.1	37
3025201	85962.HP1104	2096	1361
3025383	85962.HP1285	3531	1164
3024334	85962.HP0226	13.0	7
3025109	85962.HP1012	753	624
3024754	85962.HP0652	96.7	37
3025240	85962.HP1143	176	134
3024150	85962.HP0038	14.8	8
3024758	85962.HP0656	359	244
3025418	85962.HP1320	1461	289
3024914	85962.HP0813	382	160
3025228	85962.HP1131	586	109
3025197	85962.HP1100	570	577
3024741	85962.HP0639	292	153
3025539	85962.HP1442	227	37
3024890	85962.HP0789	16.2	2
3025568	85962.HP1471	46.5	33
3024355	85962.HP0247	732	728
3025466	85962.HP1368	97.4	64
3024364	85962.HP0256	45.6	12
3025637	85962.HP1541	123	280
3024815	85962.HP0713	59.5	14
3024533	85962.HP0425	34.7	32
3025200	85962.HP1103	494	321
3024475	85962.HP0367	198	44
3025094	85962.HP0996	39.0	46
3024652	85962.HP0547	3146	6171
3024947	85962.HP0846	65.8	108
3024225	85962.HP0115	64.3	106
3024316	85962.HP0207	995	694
3024937	85962.HP0836	193	40
3025246	85962.HP1149	85.6	43
3024928	85962.HP0827	1094	177
3025326	85962.HP1228	190	59
3024496	85962.HP0388	156	90
3024553	85962.HP0445	703	38
3024401	85962.HP0293	43.6	51
3025570	85962.HP1473	89.0	35
3024251	85962.HP0141	38.7	33
3025352	85962.HP1254	52.0	33
3025603	85962.HP1506	42.5	33
3025649	85962.HP1553	302	586
3024773	85962.HP0671	2259	1234
3024905	85962.HP0804	460	327
3025305	85962.HP1207	153	84
3024249	85962.HP0139	716	401
3024968	85962.HP0867	166	102
3024311	85962.HP0202	464	362
3024335	85962.HP0227	439	1203
3025431	85962.HP1333	50.3	41
3025207	85962.HP1110	1352	1101
3024995	85962.HP0895	394	132
3024148	85962.HP0036	143	67
3025372	85962.HP1274	58.8	122
3025102	85962.HP1004	36.2	21
3024237	85962.HP0127	1817	1088
3024940	85962.HP0839	64.0	89
3024202	85962.HP0092	102	50
3024788	85962.HP0686	247	450
3024735	85962.HP0633	99.2	68
3024975	85962.HP0874	36.0	20
3024263	85962.HP0154	1895	1188
3025265	85962.HP1168	139	129
3025331	85962.HP1233	17.5	7
3025018	85962.HP0919	389	873
3025133	85962.HP1036	656	216
3025379	85962.HP1281	75.8	33
3025115	85962.HP1018	27.1	3
3024719	85962.HP0616	225	173
3025520	85962.HP1423	807	157
3024971	85962.HP0870	30.4	58
3025216	85962.HP1119	23.7	21
3025163	85962.HP1066	31.6	11
3025472	85962.HP1375	1123	514
3025505	85962.HP1408	36.4	13
3025146	85962.HP1049	355	31
3024887	85962.HP0786	649	1149
3025613	85962.HP1516	51.3	11
3024830	85962.HP0728	56.3	29
3024599	85962.HP0492	245	116
3025616	85962.HP1519	71.0	22
3025375	85962.HP1277	173	105
3024431	85962.HP0323	892	367
3024692	85962.HP0589	932	827
3024930	85962.HP0829	1520	1342
3024760	85962.HP0658	536	446
3024611	85962.HP0504	105	12
3025128	85962.HP1031	146	88
3024797	85962.HP0695	5083	7128
3024423	85962.HP0315	333	67
3024122	85962.HP0010	28264	26147
3025398	85962.HP1300	87.1	92
3025673	85962.HP1577	30.9	16
3025596	85962.HP1499	43.8	29
3025629	85962.HP1533	272	133
3024620	85962.HP0513	49.4	61
3024199	85962.HP0089	271	139
3025621	85962.HP1525	38.1	29
3025347	85962.HP1249	207	117
3024855	85962.HP0754	112	18
3024617	85962.HP0510	256	155
3024244	85962.HP0134	535	505
3024997	85962.HP0897	155	48
3024374	85962.HP0266	340	222
3024979	85962.HP0878	15.4	2
3024929	85962.HP0828	39.2	16
3024218	85962.HP0108	38.5	15
3024165	85962.HP0054	85.2	153
3024406	85962.HP0298	307	295
3025584	85962.HP1487	37.5	18
3025668	85962.HP1572	41.8	28
3025110	85962.HP1013	487	322
3024694	85962.HP0591	2395	718
3025187	85962.HP1090	169	316
3025047	85962.HP0948	262	152
3025303	85962.HP1205	7258	6538
3024175	85962.HP0065	212	54
3024942	85962.HP0841	147	117
3025496	85962.HP1399	1145	764
3025215	85962.HP1118	3336	3183
3024532	85962.HP0424	48.7	96
3024612	85962.HP0505	29.4	11
3025618	85962.HP1521	34.9	70
3024194	85962.HP0084	3517	633
3024632	85962.HP0526	397	185
3025275	85962.HP1178	432	239
3025057	85962.HP0958	522	216
3025686	85962.HP1590	218	47
3024931	85962.HP0830	596	324
3025298	85962.HP1201	2866	1013
3024712	85962.HP0609	42.6	99
3025238	85962.HP1141	142	85
3024986	85962.HP0886	433	443
3025523	85962.HP1426	114	32
3025219	85962.HP1122	735	74
3024114	85962.HP0001	97.9	33
3024668	85962.HP0565	269	110
3024394	85962.HP0286	137	167
3025153	85962.HP1056	163	105
3025256	85962.HP1159	202	110
3024730	85962.HP0628	1.91	1
3025131	85962.HP1034	279	120
3024920	85962.HP0819	202	63
3025591	85962.HP1494	322	326
3024877	85962.HP0776	2700	152
3024748	85962.HP0646	526	267
3025369	85962.HP1271	29.2	34
3024356	85962.HP0248	456	355
3024550	85962.HP0442	93.7	5
3025084	85962.HP0986	36.3	20
3024508	85962.HP0400	372	205
3024991	85962.HP0891	3437	777
3025498	85962.HP1401	63.2	28
3024892	85962.HP0791	391	552
3024208	85962.HP0098	647	711
3025609	85962.HP1512	1011	1822
3024824	85962.HP0722	40.3	131
3024724	85962.HP0622	105	30
3025509	85962.HP1412	16.2	26
3024115	85962.HP0002	806	238
3025552	85962.HP1455	359	44
3025361	85962.HP1263	388	414
3024880	85962.HP0779	2875	4101
3025362	85962.HP1264	428	51
3025040	85962.HP0941	59.6	44
3024369	85962.HP0261	32.7	11
3024689	85962.HP0586	209	499
3025019	85962.HP0920	65.1	29
3024424	85962.HP0316	187	96
3024363	85962.HP0255	533	352
3025159	85962.HP1062	151	115
3024893	85962.HP0792	125	152
3025283	85962.HP1186	737	351
3024816	85962.HP0714	64.0	65
3025541	85962.HP1444	167	46
3025227	85962.HP1130	193	57
3024489	85962.HP0381	112	58
3024850	85962.HP0749	94.0	58
3025625	85962.HP1529	153	165
3024591	85962.HP0484	72.6	51
3025064	85962.HP0965	55.4	47
3024592	85962.HP0485	1455	887
3025287	85962.HP1190	554	616
3024874	85962.HP0773	503	417
3025558	85962.HP1461	1361	1065
3024156	85962.HP0045	959	428
3025316	85962.HP1218	530	428
3025365	85962.HP1267	143	81
3025638	85962.HP1542	889	252
3025617	85962.HP1520	38.8	34
3024826	85962.HP0724	30.0	16
3025660	85962.HP1564	1200	605
3024714	85962.HP0611	15.8	6
3025044	85962.HP0945	11.5	4
3024295	85962.HP0186	38.0	42
3025665	85962.HP1569	53.6	22
3025450	85962.HP1352	76.7	63
3024140	85962.HP0028	454	133
3024791	85962.HP0689	400	82
3025071	85962.HP0973	1188	727
3024810	85962.HP0708	103	16
3024448	85962.HP0340	19.3	3
3024462	85962.HP0354	230	310
3025038	85962.HP0939	22.1	13
3024404	85962.HP0296	5239	497
3024960	85962.HP0859	674	444
3025632	85962.HP1536	655	3
3024188	85962.HP0078	23.8	5
3024653	85962.HP0549	132	59
3025462	85962.HP1364	64.3	60
3025067	85962.HP0969	57.6	125
3025068	85962.HP0970	204	149
3024796	85962.HP0694	109	81
3024633	85962.HP0527	298	707
3024586	85962.HP0478	45.7	52
3024536	85962.HP0428	52.6	16
3025430	85962.HP1332	362	212
3025081	85962.HP0983	384	233
3025142	85962.HP1045	883	1313
3025529	85962.HP1432	153	3
3024681	85962.HP0578	70.6	123
3025561	85962.HP1464	274	124
3025307	85962.HP1209	59.9	27
3024854	85962.HP0753	33.1	13
3024341	85962.HP0233	315	265
3024354	85962.HP0246	57.6	34
3024452	85962.HP0344	56.3	22
3024289	85962.HP0180	37.7	37
3024265	85962.HP0156	32.4	15
3024397	85962.HP0289	14.2	61
3024604	85962.HP0497	114	44
3025582	85962.HP1485	175	78
3024133	85962.HP0021	40.6	20
3025416	85962.HP1318	1876	528
3025193	85962.HP1096	23.8	24
3024269	85962.HP0160	773	537
3024556	85962.HP0448	33.8	9
3024471	85962.HP0363	318	89
3024303	85962.HP0194	600	297
3025195	85962.HP1098	1744	794
3024707	85962.HP0604	1829	955
3025658	85962.HP1562	2146	1847
3024187	85962.HP0077	195	119
3024555	85962.HP0447	55.1	44
3024512	85962.HP0404	382	98
3024973	85962.HP0872	44.9	8
3024808	85962.HP0706	2242	1051
3025130	85962.HP1033	59.7	15
3024129	85962.HP0017	81.3	149
3025586	85962.HP1489	199	215
3025663	85962.HP1567	251	108
3025342	85962.HP1244	12899	513
3024964	85962.HP0863	382	355
3025097	85962.HP0999	138	6
3025218	85962.HP1121	47.0	26
3025645	85962.HP1549	94.6	90
3024847	85962.HP0746	411	313
3024212	85962.HP0102	107	52
3024765	85962.HP0663	75.2	67
3024470	85962.HP0362	47.3	23
3025054	85962.HP0955	15.8	11
3025029	85962.HP0930	599	312
3024238	85962.HP0128	129	12
3024491	85962.HP0383	49.8	20
3024441	85962.HP0333	178	129
3024883	85962.HP0782	40.0	52
3025455	85962.HP1357	193	120
3025477	85962.HP1380	161	94
3024261	85962.HP0152	140	107
3024763	85962.HP0661	96.6	21
3024285	85962.HP0176	4279	2166
3024337	85962.HP0229	966	902
3024559	85962.HP0451	66.1	9
3025334	85962.HP1236	267	133
3024839	85962.HP0737	60.7	4
3024278	85962.HP0169	214	210
3025092	85962.HP0994	183	126
3024608	85962.HP0501	375	665
3025626	85962.HP1530	451	139
3025060	85962.HP0961	146	108
3024538	85962.HP0430	55.5	6
3024272	85962.HP0163	528	332
3024619	85962.HP0512	1395	1509
3025438	85962.HP1340	1359	165
3024832	85962.HP0730	55.9	12
3024853	85962.HP0752	102	181
3024685	85962.HP0582	157	69
3024372	85962.HP0264	1952	2356
3025059	85962.HP0960	253	120
3024866	85962.HP0765	74.5	18
3025669	85962.HP1573	134	82
3025537	85962.HP1440	27.6	11
3024178	85962.HP0068	1961	662
3024781	85962.HP0679	428	275
3024951	85962.HP0850	426	565
3025549	85962.HP1452	113	116
3025485	85962.HP1388	31.9	11
3024331	85962.HP0223	82.4	86
3025192	85962.HP1095	28.8	137
3024767	85962.HP0665	312	303
3024186	85962.HP0076	6666	145
3025096	85962.HP0998	23.8	24
3024381	85962.HP0273	159	70
3025058	85962.HP0959	68.0	51
3025684	85962.HP1588	8745	4067
3024636	85962.HP0530	309	210
3024416	85962.HP0308	167	9
3024852	85962.HP0751	463	90
3024672	85962.HP0569	501	414
3025370	85962.HP1272	142	48
3025367	85962.HP1269	1432	7
3024786	85962.HP0684	1.13	1
3024710	85962.HP0607	245	465
3025573	85962.HP1476	284	172
3024138	85962.HP0026	1471	1146
3024654	85962.HP0550	372	353
3025548	85962.HP1451	138	93
3025088	85962.HP0990	40.5	18
3024837	85962.HP0735	312	115
3024972	85962.HP0871	138	73
3024897	85962.HP0796	33.0	22
3025667	85962.HP1571	317	192
3025678	85962.HP1582	1191	651
3024793	85962.HP0691	833	236
3025538	85962.HP1441	1303	435
3025563	85962.HP1466	61.9	64
3024911	85962.HP0810	109	41
3024970	85962.HP0869	662	135
3025405	85962.HP1307	5717	1126
3025330	85962.HP1232	60.0	40
3024457	85962.HP0349	485	607
3025061	85962.HP0962	102	25
3024444	85962.HP0336	33.7	13
3025569	85962.HP1472	58.1	57
3025306	85962.HP1208	70.2	51
3024703	85962.HP0600	69.3	68
3024155	85962.HP0044	364	290
3024306	85962.HP0197	1114	928
3024385	85962.HP0277	195	57
3024442	85962.HP0334	72.5	22
3024267	85962.HP0158	16.3	16
3024407	85962.HP0299	138	51
3024817	85962.HP0715	67.8	44
3025259	85962.HP1162	40.9	17
3025311	85962.HP1213	293	344
3025278	85962.HP1181	9.87	8
3024856	85962.HP0755	111	35
3024219	85962.HP0109	6726	6167
3024567	85962.HP0459	31.7	59
3024643	85962.HP0538	129	76
3025495	85962.HP1398	525	413
3025199	85962.HP1102	253	147
3025677	85962.HP1581	6.95	6
3025459	85962.HP1361	11.7	11
3025664	85962.HP1568	194	85
3024630	85962.HP0524	187	271
3025389	85962.HP1291	61.2	44
3024398	85962.HP0290	223	195
3025530	85962.HP1433	163	333
3025576	85962.HP1479	93.9	182
3024389	85962.HP0281	122	93
3024268	85962.HP0159	170	96
3024921	85962.HP0820	71.3	18
3025043	85962.HP0944	558	138
3025525	85962.HP1428	202	139
3025546	85962.HP1449	38.2	11
3024872	85962.HP0771	11.4	5
3025507	85962.HP1410	28.0	27
3024497	85962.HP0389	3263	1712
3024368	85962.HP0260	50.9	37
3024387	85962.HP0279	50.9	44
3024917	85962.HP0816	40.9	21
3024907	85962.HP0806	98.2	42
3025277	85962.HP1180	58.4	40
3024283	85962.HP0174	12.2	4
3025007	85962.HP0908	30.6	48
3024715	85962.HP0612	174	21
3024660	85962.HP0556	27.2	3
3024119	85962.HP0006	317	236
3024922	85962.HP0821	70.9	72
3024682	85962.HP0579	2.31	1
3024990	85962.HP0890	86.3	59
3025284	85962.HP1187	121	164
3025222	85962.HP1125	939	274
3024794	85962.HP0692	1083	378
3024756	85962.HP0654	620	435
3024564	85962.HP0456	11.5	5
3025623	85962.HP1527	307	341
3025662	85962.HP1566	2.98	1
3025679	85962.HP1583	170	143
3024158	85962.HP0047	218	104
3025272	85962.HP1175	19.4	14
3024365	85962.HP0257	108	31
3025345	85962.HP1247	52.2	38
3025600	85962.HP1503	28.5	47
3024792	85962.HP0690	743	611
3024629	85962.HP0523	22.9	11
3025226	85962.HP1129	190	36
3024623	85962.HP0516	410	367
3025125	85962.HP1028	85.1	35
3025377	85962.HP1279	121	133
3024776	85962.HP0674	36.9	19
3025376	85962.HP1278	213	153
3024745	85962.HP0643	523	400
3024131	85962.HP0019	730	447
3025011	85962.HP0912	3659	2508
3025225	85962.HP1128	27.4	7
3025333	85962.HP1235	27.7	23
3025000	85962.HP0900	3109	1123
3025547	85962.HP1450	242	251
3024327	85962.HP0219	63.9	20
3025419	85962.HP1321	66.1	55
3025445	85962.HP1347	30.7	16
3025423	85962.HP1325	1764	1046
3025517	85962.HP1420	92.1	103
3025079	85962.HP0981	33.2	13
3024167	85962.HP0056	904	2326
3024600	85962.HP0493	10.7	5
3024829	85962.HP0727	142	111
3024184	85962.HP0074	7.26	3
3025508	85962.HP1411	48.7	96
3024266	85962.HP0157	230	90
3025471	85962.HP1374	574	607
3024350	85962.HP0242	232	51
3024716	85962.HP0613	247	139
3025116	85962.HP1019	1322	1036
3025457	85962.HP1359	238	117
3025184	85962.HP1087	126	77
3024577	85962.HP0469	477	159
3025449	85962.HP1351	218	149
3025574	85962.HP1477	106	53
3025224	85962.HP1127	122	54
3024515	85962.HP0407	228	397
3024121	85962.HP0009	152	455
3025532	85962.HP1435	387	263
3025358	85962.HP1260	103	24
3025063	85962.HP0964	37.0	35
3025157	85962.HP1060	76.3	28
3024958	85962.HP0857	703	271
3025274	85962.HP1177	5283	6759
3025577	85962.HP1480	375	313
3024683	85962.HP0580	31.2	29
3025672	85962.HP1576	185	163
3025551	85962.HP1454	730	499
3024744	85962.HP0642	329	168
3025179	85962.HP1082	81.4	107
3024454	85962.HP0346	27.2	10
3024673	85962.HP0570	2845	2506
3025606	85962.HP1509	189	77
3024420	85962.HP0312	126	67
3025127	85962.HP1030	202	120
3024581	85962.HP0473	283	146
3024529	85962.HP0421	317	226
3024432	85962.HP0324	143	103
3025160	85962.HP1063	218	76
3025065	85962.HP0966	109	112
3024709	85962.HP0606	919	496
3025002	85962.HP0902	726	144
3024858	85962.HP0757	190	151
3025009	85962.HP0910	34.9	24
3024871	85962.HP0770	96.8	45
3024185	85962.HP0075	343	251
3024137	85962.HP0025	4857	5608
3024738	85962.HP0636	21.5	3
3024277	85962.HP0168	131	18
3025254	85962.HP1157	274	307
3025021	85962.HP0922	35.9	143
3024751	85962.HP0649	1341	1150
3024513	85962.HP0405	159	195
3025136	85962.HP1039	23.5	25
3025257	85962.HP1160	42.4	11
3025221	85962.HP1124	642	427
3024900	85962.HP0799	368	174
3025086	85962.HP0988	23.8	24
3024626	85962.HP0519	100	51
3024728	85962.HP0626	764	406
3025661	85962.HP1565	25.4	33
3025402	85962.HP1304	2272	801
3024561	85962.HP0453	57.9	110
3025252	85962.HP1155	128	110
3025528	85962.HP1431	303	154
3025052	85962.HP0953	854	433
3024200	85962.HP0090	724	476
3024825	85962.HP0723	528	398
3024953	85962.HP0852	241	185
3024402	85962.HP0294	2043	1135
3025599	85962.HP1502	31.4	11
3024939	85962.HP0838	229	102
3025101	85962.HP1003	90.0	49
3024228	85962.HP0118	119	164
3024950	85962.HP0849	75.1	18
3025504	85962.HP1407	18.9	11
3025642	85962.HP1546	49.9	27
3025239	85962.HP1142	240	271
3024894	85962.HP0793	311	145
3025676	85962.HP1580	66.2	40
3025258	85962.HP1161	13520	3707
3024590	85962.HP0482	374	172
3025511	85962.HP1414	238	52
3024696	85962.HP0593	96.4	123
3025571	85962.HP1474	322	85
3024247	85962.HP0137	807	298
3024961	85962.HP0860	418	162
3024684	85962.HP0581	80.2	76
3024235	85962.HP0125	1942	125
3025482	85962.HP1385	807	448
3024466	85962.HP0358	248	306
3024152	85962.HP0041	75.2	21
3025567	85962.HP1470	487	764
3024992	85962.HP0892	257	35
3024896	85962.HP0795	1845	1201
3025493	85962.HP1396	70.7	43
3025214	85962.HP1117	217	103
3025118	85962.HP1021	399	224
3024966	85962.HP0865	363	123
3025169	85962.HP1072	136	177
3025469	85962.HP1372	79.9	35
3024711	85962.HP0608	44.5	16
3025078	85962.HP0980	6.49	2
3024811	85962.HP0709	376	178
3025619	85962.HP1523	64.7	114
3024688	85962.HP0585	145	62
3024985	85962.HP0885	6.45	5
3024919	85962.HP0818	55.1	85
3024771	85962.HP0669	80.4	159
3024320	85962.HP0212	223	182
3025614	85962.HP1517	199	549
3024447	85962.HP0339	42.7	14
3024677	85962.HP0574	229	82
3024804	85962.HP0702	25.5	5
3025194	85962.HP1097	79.6	4
3025050	85962.HP0951	47.8	27
3025236	85962.HP1139	533	244
3024910	85962.HP0809	944	267
3024418	85962.HP0310	1418	750
3025249	85962.HP1152	582	544
3024502	85962.HP0394	63.3	40
3025220	85962.HP1123	313	196
3024345	85962.HP0237	329	181
3025607	85962.HP1510	68.3	18
3025344	85962.HP1246	1724	503
3024803	85962.HP0701	349	606
3025550	85962.HP1453	55.6	95
3024301	85962.HP0192	1614	2235
3025475	85962.HP1378	229	89
3025592	85962.HP1495	426	303
3024994	85962.HP0894	172	26
3024605	85962.HP0498	29.3	11
3024410	85962.HP0302	361	184
3024135	85962.HP0023	152	4
3024867	85962.HP0766	18.6	11
3024755	85962.HP0653	1969	556
3024610	85962.HP0503	60.1	30
3025026	85962.HP0927	101	57
3025037	85962.HP0938	63.4	13
3024596	85962.HP0489	21.2	21
3025453	85962.HP1355	262	159
3024665	85962.HP0562	7276	225
3024702	85962.HP0599	1802	1685
3025380	85962.HP1282	131	178
3024544	85962.HP0436	37.7	10
3024217	85962.HP0107	632	254
3025357	85962.HP1259	141	55
3025141	85962.HP1044	170	112
3024256	85962.HP0147	826	311
3024827	85962.HP0725	52.8	141
3024197	85962.HP0087	242	224
3024946	85962.HP0845	183	65
3024941	85962.HP0840	303	242
3025424	85962.HP1326	398	71
3025575	85962.HP1478	180	272
3024343	85962.HP0235	799	591
3024772	85962.HP0670	21.9	23
3025499	85962.HP1402	90.2	194
3025248	85962.HP1151	4550	355
3025566	85962.HP1469	1407	819
3025161	85962.HP1064	51.8	21
3025024	85962.HP0925	76.7	38
3024554	85962.HP0446	44.2	19
3024440	85962.HP0332	255	50
3024464	85962.HP0356	49.2	28
3025016	85962.HP0917	208	5
3024193	85962.HP0083	3565	601
3025103	85962.HP1005	284	66
3024427	85962.HP0319	199	257
3025364	85962.HP1266	869	1551
3024492	85962.HP0384	130	74
3025560	85962.HP1463	477	242
3025124	85962.HP1027	1095	258
3024812	85962.HP0710	340	492
3024294	85962.HP0185	1095	496
3025091	85962.HP0993	354	47
3025368	85962.HP1270	93.3	20
3024275	85962.HP0166	1282	353
3025186	85962.HP1089	239	393
3024239	85962.HP0129	1264	281
3025647	85962.HP1551	1953	292
3024802	85962.HP0700	39.5	16
3025140	85962.HP1043	644	236
3024480	85962.HP0372	733	263
3025028	85962.HP0929	93.9	70
3024286	85962.HP0177	1502	456
3024708	85962.HP0605	419	469
3024823	85962.HP0721	3994	878
3024678	85962.HP0575	25.0	17
3024607	85962.HP0500	1071	990
3024565	85962.HP0457	181	9
3024923	85962.HP0822	323	261
3024977	85962.HP0876	125	238
3025020	85962.HP0921	180	138
3024655	85962.HP0551	2526	270
3024243	85962.HP0133	30.2	17
3025656	85962.HP1560	1.51	1
3025436	85962.HP1338	887	195
3024236	85962.HP0126	7294	438
3024687	85962.HP0584	49.5	14
3025633	85962.HP1537	13.5	6
3024698	85962.HP0595	194	151
3024976	85962.HP0875	6077	5354
3024614	85962.HP0507	144	70
3025291	85962.HP1194	2189	9
3024530	85962.HP0422	265	371
3024642	85962.HP0537	687	532
3025312	85962.HP1214	91.4	42
3024578	85962.HP0470	1194	1203
3025506	85962.HP1409	14.5	47
3024358	85962.HP0250	109	133
3025217	85962.HP1120	123	27
3025374	85962.HP1276	268	40
3025031	85962.HP0932	693	60
3024260	85962.HP0151	54.4	18
3024429	85962.HP0321	237	117
3024195	85962.HP0085	189	3
3025053	85962.HP0954	2276	955
3024370	85962.HP0262	85.1	27
3024455	85962.HP0347	67.9	36
3024863	85962.HP0762	160	57
3024232	85962.HP0122	137	15
3025460	85962.HP1362	147	200
3024461	85962.HP0353	270	146
3024645	85962.HP0540	38.7	27
3025340	85962.HP1242	4260	496
3024895	85962.HP0794	633	293
3025204	85962.HP1107	276	145
3024840	85962.HP0738	159	150
3024778	85962.HP0676	35.8	18
3025433	85962.HP1335	671	465
3025685	85962.HP1589	98.7	45
3025628	85962.HP1532	284	371
3024589	85962.HP0481	39.3	18
3024996	85962.HP0896	1012	2237
3025202	85962.HP1105	169	172
3024999	85962.HP0899	42.1	7
3025346	85962.HP1248	115	157
3024551	85962.HP0443	14.2	4
3024521	85962.HP0413	72.2	40
3024813	85962.HP0711	63.9	58
3024613	85962.HP0506	226	226
3024425	85962.HP0317	1256	2660
3025581	85962.HP1484	46.6	22
3025350	85962.HP1252	284	369
3024467	85962.HP0359	82.8	6
3024139	85962.HP0027	5154	3216
3024340	85962.HP0232	569	169
3025356	85962.HP1258	11.4	4
3025093	85962.HP0995	50.6	41
3024669	85962.HP0566	119	81
3025481	85962.HP1384	199	23
3024160	85962.HP0049	186	150
3025017	85962.HP0918	95.6	23
3024509	85962.HP0401	173	171
3024908	85962.HP0807	102	175
3025205	85962.HP1108	3824	1290
3024726	85962.HP0624	224	142
3025073	85962.HP0975	631	103
3024734	85962.HP0632	761	889
3024221	85962.HP0111	69.7	42
3024789	85962.HP0687	219	259
3024290	85962.HP0181	297	159
3024315	85962.HP0206	20.8	3
3025553	85962.HP1456	3058	730
3025188	85962.HP1091	16.4	20
3025055	85962.HP0956	45.0	29
3025168	85962.HP1071	9.83	4
3025492	85962.HP1395	1434	349
3024134	85962.HP0022	15.3	18
3025012	85962.HP0913	3379	1027
3024891	85962.HP0790	204	165
3025437	85962.HP1339	165	61
3024882	85962.HP0781	110	141
3024705	85962.HP0602	146	68
3024594	85962.HP0487	121	114
3025545	85962.HP1448	69.4	19
3025351	85962.HP1253	683	296
3025444	85962.HP1346	455	322
3025137	85962.HP1040	2114	207
3025135	85962.HP1038	2131	488
3025070	85962.HP0972	282	447
3024606	85962.HP0499	64.2	41
3024490	85962.HP0382	348	137
3024312	85962.HP0203	287	67
3024983	85962.HP0883	169	89
3024413	85962.HP0305	4783	1953
3025167	85962.HP1070	230	25
3025230	85962.HP1133	836	381
3025145	85962.HP1048	621	1044
3025497	85962.HP1400	176	332
3024500	85962.HP0392	1302	1685
3025651	85962.HP1555	3211	2149
3024700	85962.HP0597	190	275
3025324	85962.HP1226	76.3	66
3024732	85962.HP0630	2974	1087
3024618	85962.HP0511	19.4	1
3024918	85962.HP0817	25.1	6
3024548	85962.HP0440	77.7	116
3024348	85962.HP0240	291	197
3024787	85962.HP0685	126	29
3024624	85962.HP0517	86.0	52
3024750	85962.HP0648	116	117
3025432	85962.HP1334	630	242
3024317	85962.HP0209	24.1	26
3024944	85962.HP0843	79.1	41
3024478	85962.HP0370	720	544
3024377	85962.HP0269	437	383
3024499	85962.HP0391	1150	220
3024297	85962.HP0188	66.3	4
3025442	85962.HP1344	225	104
3024740	85962.HP0638	239	139
3024967	85962.HP0866	1391	385
3024546	85962.HP0438	28.8	137
3024371	85962.HP0263	36.3	16
3025072	85962.HP0974	323	425
3025601	85962.HP1504	80.7	31
3025452	85962.HP1354	57.1	83
3024697	85962.HP0594	15.8	1
3024580	85962.HP0472	476	254
3024549	85962.HP0441	35.6	62
3024120	85962.HP0008	162	10
3024342	85962.HP0234	98.7	46
3025391	85962.HP1293	1423	947
3024656	85962.HP0552	123	91
3024915	85962.HP0814	120	64
3024699	85962.HP0596	2954	1201
3024640	85962.HP0535	91.3	9
3024474	85962.HP0366	34.1	31
3024176	85962.HP0066	139	228
3024806	85962.HP0704	14.9	2
3024250	85962.HP0140	42.2	39
3024540	85962.HP0432	27.9	16
3024486	85962.HP0378	161	251
3024493	85962.HP0385	894	138
3025434	85962.HP1336	44.1	27
3024729	85962.HP0627	4.76	2
3024762	85962.HP0660	92.8	82
3025138	85962.HP1041	71.7	91
3025173	85962.HP1076	19.0	6
3024395	85962.HP0287	65.4	34
3024690	85962.HP0587	138	97
3025587	85962.HP1490	94.7	88
3024637	85962.HP0531	47.1	15
3024959	85962.HP0858	437	522
3025565	85962.HP1468	717	425
3024430	85962.HP0322	331	373
3024386	85962.HP0278	259	257
3024136	85962.HP0024	23.8	1
3024775	85962.HP0673	51.1	65
3025605	85962.HP1508	157	175
3024287	85962.HP0178	181	147
3025005	85962.HP0906	41.2	46
3025428	85962.HP1330	8.26	3
3024383	85962.HP0275	335	351
3025439	85962.HP1341	355	169
3024246	85962.HP0136	1471	518
3024411	85962.HP0303	235	142
3024329	85962.HP0221	1379	964
3025089	85962.HP0991	83.2	29
3024903	85962.HP0802	446	212
3024638	85962.HP0532	404	200
3024835	85962.HP0733	77.4	84
3024524	85962.HP0416	586	435
3025630	85962.HP1534	30.2	137
3024419	85962.HP0311	37.4	11
3025288	85962.HP1191	125	111
3025501	85962.HP1404	118	11
3025579	85962.HP1482	425	47
3024436	85962.HP0328	74.3	60
3024328	85962.HP0220	1317	1184
3025190	85962.HP1093	55.2	2
3024309	85962.HP0200	8877	41
3025534	85962.HP1437	43.3	25
3024615	85962.HP0508	778	524
3025010	85962.HP0911	27.2	41
3025597	85962.HP1500	121	8
3024257	85962.HP0148	231	35
3024909	85962.HP0808	147	18
3024597	85962.HP0490	186	143
3024525	85962.HP0417	490	679
3025585	85962.HP1488	269	179
3024933	85962.HP0832	836	539
3025069	85962.HP0971	155	142
3024142	85962.HP0030	118	135
3025427	85962.HP1329	25.0	61
3025122	85962.HP1025	197	44
3025580	85962.HP1483	287	178
3025655	85962.HP1559	375	91
3025640	85962.HP1544	56.4	49
3025590	85962.HP1493	136	72
3025400	85962.HP1302	1476	323
3024557	85962.HP0449	69.9	51
3025013	85962.HP0914	118	154
3024671	85962.HP0568	54.6	23
3024271	85962.HP0162	246	125
3025572	85962.HP1475	123	39
3024558	85962.HP0450	253	7
3025384	85962.HP1286	11284	2832
3024210	85962.HP0100	89.6	80
3024680	85962.HP0577	355	245
3024443	85962.HP0335	204	18
3024651	85962.HP0546	1095	241
3024659	85962.HP0555	337	215
3024770	85962.HP0668	37.1	48
3025325	85962.HP1227	1942	253
3025562	85962.HP1465	165	82
3025608	85962.HP1511	20.7	5
3025251	85962.HP1154	10.8	3
3024749	85962.HP0647	19.5	5
3025099	85962.HP1001	284	38
3024189	85962.HP0079	27.9	32
3025441	85962.HP1343	7.2	2
3024878	85962.HP0777	1424	651
3024657	85962.HP0553	252	160
3024876	85962.HP0775	338	503
3025426	85962.HP1328	35.1	60
3024625	85962.HP0518	293	215
3024984	85962.HP0884	229	264
3024998	85962.HP0898	95.3	80
3024737	85962.HP0635	133	126
3024313	85962.HP0204	1810	300
3024819	85962.HP0717	238	261
3025178	85962.HP1081	125	45
3025286	85962.HP1189	324	212
3024723	85962.HP0621	111	166
3024727	85962.HP0625	487	369
3025510	85962.HP1413	232	48
3025373	85962.HP1275	564	590
3024782	85962.HP0680	829	1375
3024962	85962.HP0861	4.06	1
3024584	85962.HP0476	393	398
3025401	85962.HP1303	1922	311
3024722	85962.HP0620	2345	422
3025674	85962.HP1578	116	87
3025117	85962.HP1020	113	95
3024264	85962.HP0155	70.9	14
3025390	85962.HP1292	6209	555
3025113	85962.HP1016	16.0	6
3024481	85962.HP0373	28.8	52
3025598	85962.HP1501	994	832
3024575	85962.HP0467	932	17
3025302	85962.HP1204	1227	54
3025015	85962.HP0916	44.2	21
3025154	85962.HP1057	174	84
3024182	85962.HP0072	18183	13259
3024955	85962.HP0854	357	208
3025564	85962.HP1467	155	70
3024539	85962.HP0431	17.0	10
3024252	85962.HP0142	28.8	23
3025594	85962.HP1497	151	81
3024408	85962.HP0300	457	88
3025494	85962.HP1397	168	107
3025338	85962.HP1240	171	63
3025675	85962.HP1579	29.9	10
3024439	85962.HP0331	659	320
3025033	85962.HP0934	67.5	39
3024582	85962.HP0474	4.4	3
3025407	85962.HP1309	4807	584
3024924	85962.HP0823	62.4	19
3025422	85962.HP1324	504	61
3025245	85962.HP1148	110	27
3025150	85962.HP1053	140	47
3024460	85962.HP0352	218	129
3024154	85962.HP0043	245	289
3025322	85962.HP1224	134	61
3024449	85962.HP0341	5.86	1
3024670	85962.HP0567	2.37	1
3025035	85962.HP0936	10.8	8
3025583	85962.HP1486	24.5	14
3024743	85962.HP0641	57.4	17
3025196	85962.HP1099	537	244
3025515	85962.HP1418	149	83
3025653	85962.HP1557	258	45
3025464	85962.HP1366	203	170
3025589	85962.HP1492	788	119
3025387	85962.HP1289	5.11	2
3024718	85962.HP0615	459	641
3024336	85962.HP0228	16.7	9
3024902	85962.HP0801	231	32
3025393	85962.HP1295	2086	225
3024868	85962.HP0767	22.7	1
3025083	85962.HP0985	21.0	3
3024146	85962.HP0034	293	100
3024571	85962.HP0463	28.3	32
3024566	85962.HP0458	2.5	1
3024426	85962.HP0318	3522	1778
3025235	85962.HP1138	339	213
3024319	85962.HP0211	1253	522
3025540	85962.HP1443	63.1	40
3025148	85962.HP1051	67.9	17
3025544	85962.HP1447	2420	58
3024132	85962.HP0020	239	170
3025627	85962.HP1531	120	22
3025527	85962.HP1430	768	1258
3024936	85962.HP0835	1005	149
3025014	85962.HP0915	21.6	28
3024352	85962.HP0244	86.1	75
3024453	85962.HP0345	45.4	7
3025604	85962.HP1507	637	549
3024322	85962.HP0214	139	95
3024926	85962.HP0825	3874	2333
3025536	85962.HP1439	48.3	11
3024542	85962.HP0434	40.5	28
3025559	85962.HP1462	331	142
3024456	85962.HP0348	43.4	48
3025682	85962.HP1586	63.5	10
3024366	85962.HP0258	61.8	36
3024505	85962.HP0397	828	1072
3024780	85962.HP0678	189	16
3024514	85962.HP0406	338	131
3024526	85962.HP0418	80.2	59
3024332	85962.HP0224	4455	2868
3025049	85962.HP0950	597	254
3024162	85962.HP0051	44.5	19
3024982	85962.HP0881	70.2	4
3024205	85962.HP0095	91.3	38
3025512	85962.HP1415	232	123
3024357	85962.HP0249	64.1	16
3024362	85962.HP0254	244	237
3024784	85962.HP0682	68.6	25
3025241	85962.HP1144	57.0	14
3025208	85962.HP1111	1490	668
3024869	85962.HP0768	151	95
3025652	85962.HP1556	47.0	75
3024433	85962.HP0325	71.3	27
3024151	85962.HP0039m	61.7	35
3025293	85962.HP1196	6984	746
3025480	85962.HP1383	18.2	10
3024307	85962.HP0198	3143	498
3024379	85962.HP0271	76.9	49
3025451	85962.HP1353	21.1	13
3025267	85962.HP1170	10.9	4
3024807	85962.HP0705	257	539
3025041	85962.HP0942	51.3	50
3025022	85962.HP0923	126	190
3024574	85962.HP0466	401	249
3025458	85962.HP1360	54.2	36
3024469	85962.HP0361	93.1	44
3025465	85962.HP1367	39.2	22
3025611	85962.HP1514	209	174
3024522	85962.HP0414	37.4	29
3025210	85962.HP1113	8.59	12
3024585	85962.HP0477	126	190
3025191	85962.HP1094	8.03	4
3025082	85962.HP0984	71.0	5
3024519	85962.HP0411	172	21
3024380	85962.HP0272	133	47
3025643	85962.HP1547	476	784
3025396	85962.HP1298	973	72
3024183	85962.HP0073	14229	4477
