#id: 202
#name: B.taurus - Whole organism, SC (PeptideAtlas,Dec,2011)
#score: 4.89
#weight: 40%
#description: abundance based on Spectral counting, from<a href="www.peptideatlas.org/builds/cow/201112/atlas_build_320.mysql.gz" target="_blank">PeptideAtlas, Dec,2011</a><br/><b>Interaction consistency score</b>: 4.89&nbsp<b>Coverage</b>: 12
#organ: WHOLE_ORGANISM
#integrated: false
#coverage: 12
#publication_year: 2011
#filename: 9913-cow_atlas_build_320.txt
#
#internal_id	string_external_id	abundance	raw_spectral_count
2044950	9913.ENSBTAP00000016111	11.6	12
2047104	9913.ENSBTAP00000021267	4.69	2
2038830	9913.ENSBTAP00000001373	6.47	15
2051577	9913.ENSBTAP00000036487	99.9	144
2053874	9913.ENSBTAP00000047554	78.5	20
2039328	9913.ENSBTAP00000002491	17.7	5
2050855	9913.ENSBTAP00000031959	21.9	3
2052762	9913.ENSBTAP00000042411	122	37
2042426	9913.ENSBTAP00000009864	51.5	23
2050602	9913.ENSBTAP00000030260	3.47	1
2042899	9913.ENSBTAP00000011016	44.3	2
2043538	9913.ENSBTAP00000012544	214	53
2040059	9913.ENSBTAP00000004181	2.12	1
2038974	9913.ENSBTAP00000001698	59.9	23
2044305	9913.ENSBTAP00000014560	361	442
2039077	9913.ENSBTAP00000001948	330	615
2055179	9913.ENSBTAP00000052086	12.0	4
2053400	9913.ENSBTAP00000044924	5.65	55
2041830	9913.ENSBTAP00000008386	437	146
2055102	9913.ENSBTAP00000051846	44.9	20
2046597	9913.ENSBTAP00000020092	16.2	2
2049446	9913.ENSBTAP00000026871	4.36	1
2055198	9913.ENSBTAP00000052124	5.71	3
2045252	9913.ENSBTAP00000016937	12.1	2
2040732	9913.ENSBTAP00000005782	109	28
2046420	9913.ENSBTAP00000019703	0.809	1
2046735	9913.ENSBTAP00000020363	93.8	21
2052740	9913.ENSBTAP00000042343	1.14	1
2056735	9913.ENSBTAP00000054759	261	394
2041492	9913.ENSBTAP00000007616	7.57	1
2057371	9913.ENSBTAP00000055574	21.4	3
2041655	9913.ENSBTAP00000007976	18.2	5
2051231	9913.ENSBTAP00000034349	25.2	4
2049735	9913.ENSBTAP00000027565	73.5	12
2048762	9913.ENSBTAP00000025318	30.6	6
2045431	9913.ENSBTAP00000017332	260	18
2051926	9913.ENSBTAP00000038769	3.14	6
2041658	9913.ENSBTAP00000007982	196	36
2045851	9913.ENSBTAP00000018307	0.27	1
2043732	9913.ENSBTAP00000013082	42.1	13
2044879	9913.ENSBTAP00000015944	2410	121
2055288	9913.ENSBTAP00000052392	14.5	2
2045473	9913.ENSBTAP00000017420	205	175
2051585	9913.ENSBTAP00000036521	15.5	76
2051822	9913.ENSBTAP00000038032	25.2	12
2048739	9913.ENSBTAP00000025254	16.7	11
2043630	9913.ENSBTAP00000012804	31.9	8
2048347	9913.ENSBTAP00000024301	172	209
2053711	9913.ENSBTAP00000046538	18.9	78
2046484	9913.ENSBTAP00000019854	6.76	1
2055505	9913.ENSBTAP00000053067	13.8	6
2051126	9913.ENSBTAP00000033723	5.43	3
2046319	9913.ENSBTAP00000019499	520	83
2049769	9913.ENSBTAP00000027666	6.14	1
2053662	9913.ENSBTAP00000046313	5.35	2
2039262	9913.ENSBTAP00000002349	39.4	4
2049061	9913.ENSBTAP00000025974	5.03	2
2043896	9913.ENSBTAP00000013467	7.08	1
2048245	9913.ENSBTAP00000024051	7.23	3
2057103	9913.ENSBTAP00000055225	17.2	78
2048318	9913.ENSBTAP00000024233	22.2	4
2042865	9913.ENSBTAP00000010928	706	80
2051029	9913.ENSBTAP00000033077	0.583	1
2050486	9913.ENSBTAP00000029502	27.6	4
2045547	9913.ENSBTAP00000017593	44.1	6
2052768	9913.ENSBTAP00000042428	507	675
2054019	9913.ENSBTAP00000048056	320	294
2050292	9913.ENSBTAP00000028983	42.5	16
2043340	9913.ENSBTAP00000012094	4.56	2
2043824	9913.ENSBTAP00000013288	2.43	1
2045361	9913.ENSBTAP00000017177	651	175
2052120	9913.ENSBTAP00000040129	1.55	6
2042933	9913.ENSBTAP00000011088	26.0	6
2051518	9913.ENSBTAP00000036057	66.7	33
2046323	9913.ENSBTAP00000019505	99.3	50
2048757	9913.ENSBTAP00000025308	152	77
2046677	9913.ENSBTAP00000020259	3.23	3
2053623	9913.ENSBTAP00000046095	35.6	72
2047929	9913.ENSBTAP00000023255	15.6	2
2055048	9913.ENSBTAP00000051689	129	5
2051660	9913.ENSBTAP00000037042	282	63
2041081	9913.ENSBTAP00000006613	5.28	1
2054826	9913.ENSBTAP00000050880	2.58	1
2052129	9913.ENSBTAP00000040182	108	5
2045333	9913.ENSBTAP00000017106	4.37	1
2056408	9913.ENSBTAP00000054352	10.9	55
2038555	9913.ENSBTAP00000000746	0.831	7
2043726	9913.ENSBTAP00000013075	2.46	1
2043695	9913.ENSBTAP00000012969	9.69	2
2041758	9913.ENSBTAP00000008207	14.0	34
2050211	9913.ENSBTAP00000028781	40.6	17
2044711	9913.ENSBTAP00000015581	9.4	2
2046055	9913.ENSBTAP00000018818	2.71	1
2045985	9913.ENSBTAP00000018663	68.2	16
2040364	9913.ENSBTAP00000004879	66.6	38
2038720	9913.ENSBTAP00000001130	0.67	1
2041024	9913.ENSBTAP00000006486	4.65	1
2040022	9913.ENSBTAP00000004094	6.99	1
2044853	9913.ENSBTAP00000015890	15.5	11
2046783	9913.ENSBTAP00000020469	44.2	23
2044065	9913.ENSBTAP00000013898	2.85	3
2047633	9913.ENSBTAP00000022558	56.0	29
2052081	9913.ENSBTAP00000039849	137	25
2042447	9913.ENSBTAP00000009904	4.13	2
2049089	9913.ENSBTAP00000026036	8.89	1
2052422	9913.ENSBTAP00000041246	198	174
2057438	9913.ENSBTAP00000055657	13.8	8
2046565	9913.ENSBTAP00000020036	139	60
2044747	9913.ENSBTAP00000015668	28.5	18
2044008	9913.ENSBTAP00000013734	19.6	3
2055707	9913.ENSBTAP00000053402	8.42	4
2050026	9913.ENSBTAP00000028280	22.7	6
2040445	9913.ENSBTAP00000005088	446	158
2053967	9913.ENSBTAP00000047900	2.55	1
2049347	9913.ENSBTAP00000026632	19.1	1
2048632	9913.ENSBTAP00000025007	12.9	4
2043880	9913.ENSBTAP00000013431	15.8	3
2050702	9913.ENSBTAP00000030898	4.14	2
2045375	9913.ENSBTAP00000017211	173	39
2057363	9913.ENSBTAP00000055564	116	35
2040343	9913.ENSBTAP00000004831	33.6	18
2042342	9913.ENSBTAP00000009681	17.0	3
2040143	9913.ENSBTAP00000004364	644	379
2039937	9913.ENSBTAP00000003907	12.6	2
2057279	9913.ENSBTAP00000055448	7.77	3
2050831	9913.ENSBTAP00000031784	614	91
2056990	9913.ENSBTAP00000055082	25.8	21
2051870	9913.ENSBTAP00000038330	18.8	3
2047559	9913.ENSBTAP00000022375	2586	380
2043645	9913.ENSBTAP00000012837	430	60
2051682	9913.ENSBTAP00000037175	1.71	1
2044020	9913.ENSBTAP00000013775	12.2	2
2056067	9913.ENSBTAP00000053922	4.43	2
2043670	9913.ENSBTAP00000012905	3.68	1
2044863	9913.ENSBTAP00000015911	5.51	3
2058201	9913.ENSBTAP00000056614	208	90
2044042	9913.ENSBTAP00000013841	4.45	1
2054288	9913.ENSBTAP00000048973	4.04	2
2039766	9913.ENSBTAP00000003514	58.6	2
2042488	9913.ENSBTAP00000009998	52.5	17
2052205	9913.ENSBTAP00000040497	2.01	1
2041689	9913.ENSBTAP00000008060	1.9	3
2049369	9913.ENSBTAP00000026694	9.03	3
2042816	9913.ENSBTAP00000010787	123	28
2048360	9913.ENSBTAP00000024319	21.8	11
2048564	9913.ENSBTAP00000024812	10.0	6
2043198	9913.ENSBTAP00000011735	0.951	2
2050406	9913.ENSBTAP00000029245	507	675
2044528	9913.ENSBTAP00000015136	4.87	1
2041763	9913.ENSBTAP00000008217	37.3	14
2052700	9913.ENSBTAP00000042228	130	49
2051060	9913.ENSBTAP00000033283	320	294
2050901	9913.ENSBTAP00000032258	26.7	3
2048073	9913.ENSBTAP00000023627	263	86
2051613	9913.ENSBTAP00000036739	7072	6210
2039377	9913.ENSBTAP00000002600	7.23	7
2042663	9913.ENSBTAP00000010444	2.68	1
2043407	9913.ENSBTAP00000012242	13.0	3
2048885	9913.ENSBTAP00000025586	97.4	37
2052522	9913.ENSBTAP00000041575	118	264
2042177	9913.ENSBTAP00000009272	4.41	4
2040751	9913.ENSBTAP00000005821	11.8	1
2048693	9913.ENSBTAP00000025152	4.23	2
2041922	9913.ENSBTAP00000008616	18.5	13
2045555	9913.ENSBTAP00000017607	4.38	1
2047027	9913.ENSBTAP00000021075	8.74	1
2041205	9913.ENSBTAP00000006924	4.41	5
2049100	9913.ENSBTAP00000026056	19.0	9
2044174	9913.ENSBTAP00000014167	3.05	3
2056641	9913.ENSBTAP00000054646	2.91	1
2057779	9913.ENSBTAP00000056088	44.1	5
2044116	9913.ENSBTAP00000014027	6.27	2
2053806	9913.ENSBTAP00000047181	2110	477
2038581	9913.ENSBTAP00000000815	39.1	52
2050927	9913.ENSBTAP00000032393	80.9	112
2047835	9913.ENSBTAP00000023026	27.0	2
2046929	9913.ENSBTAP00000020818	5.93	2
2041766	9913.ENSBTAP00000008225	373	238
2052136	9913.ENSBTAP00000040201	25.7	29
2052867	9913.ENSBTAP00000042747	2951	238
2046589	9913.ENSBTAP00000020081	92.6	11
2042145	9913.ENSBTAP00000009158	671	845
2054043	9913.ENSBTAP00000048143	5.09	6
2050134	9913.ENSBTAP00000028608	5.93	2
2047213	9913.ENSBTAP00000021529	164	76
2053222	9913.ENSBTAP00000044193	98.2	108
2052791	9913.ENSBTAP00000042481	2.22	1
2045632	9913.ENSBTAP00000017812	50.0	6
2056744	9913.ENSBTAP00000054770	201	61
2057354	9913.ENSBTAP00000055554	6.88	1
2055974	9913.ENSBTAP00000053789	12.6	2
2057671	9913.ENSBTAP00000055957	21.8	4
2039424	9913.ENSBTAP00000002691	570	100
2056530	9913.ENSBTAP00000054507	19.2	1
2050982	9913.ENSBTAP00000032779	1134	445
2041006	9913.ENSBTAP00000006440	0.549	7
2040771	9913.ENSBTAP00000005884	10.3	55
2038511	9913.ENSBTAP00000000630	216	64
2054049	9913.ENSBTAP00000048159	4.77	1
2053987	9913.ENSBTAP00000047947	2.97	2
2043121	9913.ENSBTAP00000011559	98.0	39
2054031	9913.ENSBTAP00000048099	10.1	55
2050088	9913.ENSBTAP00000028494	2.55	1
2056118	9913.ENSBTAP00000053982	4.77	1
2051520	9913.ENSBTAP00000036091	1.78	1
2054438	9913.ENSBTAP00000049501	115	209
2043997	9913.ENSBTAP00000013707	15.6	5
2050994	9913.ENSBTAP00000032864	1144	359
2043226	9913.ENSBTAP00000011801	19.3	14
2054314	9913.ENSBTAP00000049058	18.0	23
2049867	9913.ENSBTAP00000027893	13.5	4
2057832	9913.ENSBTAP00000056159	15.5	6
2040849	9913.ENSBTAP00000006069	7.45	15
2053011	9913.ENSBTAP00000043338	70.7	2
2041356	9913.ENSBTAP00000007278	297	177
2055077	9913.ENSBTAP00000051774	5.25	2
2039224	9913.ENSBTAP00000002279	275	77
2049618	9913.ENSBTAP00000027296	14.2	3
2046293	9913.ENSBTAP00000019429	30.1	10
2044899	9913.ENSBTAP00000015995	0.62	1
2039549	9913.ENSBTAP00000002978	11.3	1
2053134	9913.ENSBTAP00000043824	0.203	1
2042345	9913.ENSBTAP00000009687	4.09	1
2049569	9913.ENSBTAP00000027191	51.9	7
2053495	9913.ENSBTAP00000045456	5.95	3
2049124	9913.ENSBTAP00000026119	108	17
2046936	9913.ENSBTAP00000020833	2.11	4
2045770	9913.ENSBTAP00000018114	271	37
2041280	9913.ENSBTAP00000007090	12.3	2
2045131	9913.ENSBTAP00000016620	157	85
2045758	9913.ENSBTAP00000018091	14.3	2
2050627	9913.ENSBTAP00000030408	16.5	2
2051462	9913.ENSBTAP00000035695	237	78
2049724	9913.ENSBTAP00000027539	53.4	4
2056609	9913.ENSBTAP00000054604	8.38	3
2047826	9913.ENSBTAP00000022993	13.4	2
2045759	9913.ENSBTAP00000018092	23.5	10
2051781	9913.ENSBTAP00000037803	3.17	1
2043554	9913.ENSBTAP00000012592	6.0	2
2042864	9913.ENSBTAP00000010925	19.2	21
2047735	9913.ENSBTAP00000022782	229	156
2043526	9913.ENSBTAP00000012523	2932	113
2050545	9913.ENSBTAP00000029953	69.2	90
2042694	9913.ENSBTAP00000010525	10.6	2
2047491	9913.ENSBTAP00000022212	45.6	7
2049888	9913.ENSBTAP00000027944	22.8	5
2043369	9913.ENSBTAP00000012154	1335	428
2047751	9913.ENSBTAP00000022815	1.69	1
2051855	9913.ENSBTAP00000038262	87.0	152
2041279	9913.ENSBTAP00000007088	87.8	6
2056352	9913.ENSBTAP00000054283	2200	498
2055244	9913.ENSBTAP00000052260	5.29	10
2048499	9913.ENSBTAP00000024641	48.5	13
2038484	9913.ENSBTAP00000000573	5.09	2
2052526	9913.ENSBTAP00000041588	47.0	6
2046964	9913.ENSBTAP00000020897	1.16	1
2047492	9913.ENSBTAP00000022213	3.29	1
2038633	9913.ENSBTAP00000000935	5.67	1
2052352	9913.ENSBTAP00000040983	90.1	150
2047529	9913.ENSBTAP00000022299	93.3	71
2044846	9913.ENSBTAP00000015875	378	47
2038831	9913.ENSBTAP00000001374	683	119
2057395	9913.ENSBTAP00000055600	9.16	2
2051129	9913.ENSBTAP00000033750	1755	265
2053748	9913.ENSBTAP00000046840	4.5	1
2047123	9913.ENSBTAP00000021328	124	53
2057758	9913.ENSBTAP00000056062	115	187
2043237	9913.ENSBTAP00000011834	3.22	1
2057907	9913.ENSBTAP00000056243	14.0	2
2046953	9913.ENSBTAP00000020878	5.43	2
2057135	9913.ENSBTAP00000055266	3.07	1
2041722	9913.ENSBTAP00000008132	15816	9578
2042077	9913.ENSBTAP00000008987	29.6	16
2045625	9913.ENSBTAP00000017783	5.52	6
2045476	9913.ENSBTAP00000017425	19.5	8
2050085	9913.ENSBTAP00000028488	231	82
2049634	9913.ENSBTAP00000027339	743	101
2042912	9913.ENSBTAP00000011039	25.9	23
2044307	9913.ENSBTAP00000014563	41.7	2
2041731	9913.ENSBTAP00000008146	87.1	18
2046132	9913.ENSBTAP00000019038	24.8	6
2038914	9913.ENSBTAP00000001547	2.13	1
2045658	9913.ENSBTAP00000017860	20.9	2
2054060	9913.ENSBTAP00000048201	117	209
2042585	9913.ENSBTAP00000010257	31.1	6
2046404	9913.ENSBTAP00000019662	7.13	2
2039389	9913.ENSBTAP00000002626	121	35
2041075	9913.ENSBTAP00000006600	1.27	1
2055576	9913.ENSBTAP00000053211	2.09	1
2039609	9913.ENSBTAP00000003165	13.1	4
2041776	9913.ENSBTAP00000008253	51.7	8
2044554	9913.ENSBTAP00000015199	23.5	15
2039580	9913.ENSBTAP00000003071	23.4	2
2056807	9913.ENSBTAP00000054847	3.27	1
2041237	9913.ENSBTAP00000006990	120	12
2051447	9913.ENSBTAP00000035635	132	166
2055791	9913.ENSBTAP00000053520	8.56	82
2039415	9913.ENSBTAP00000002674	2481	579
2051509	9913.ENSBTAP00000036013	16.9	15
2047803	9913.ENSBTAP00000022939	5.22	4
2039644	9913.ENSBTAP00000003239	23.0	13
2045537	9913.ENSBTAP00000017580	57.1	35
2041856	9913.ENSBTAP00000008447	11.3	4
2046799	9913.ENSBTAP00000020512	312	62
2040558	9913.ENSBTAP00000005375	70.1	11
2046737	9913.ENSBTAP00000020365	98.4	45
2041619	9913.ENSBTAP00000007904	1.96	1
2043689	9913.ENSBTAP00000012955	3.56	1
2041001	9913.ENSBTAP00000006432	7.57	4
2042613	9913.ENSBTAP00000010318	10.9	5
2053329	9913.ENSBTAP00000044605	7.46	55
2038364	9913.ENSBTAP00000000289	1500	634
2038261	9913.ENSBTAP00000000046	15.9	3
2050589	9913.ENSBTAP00000030177	7.35	2
2043957	9913.ENSBTAP00000013636	29.9	21
2044628	9913.ENSBTAP00000015373	23.0	5
2054056	9913.ENSBTAP00000048179	17.7	53
2053663	9913.ENSBTAP00000046319	402	265
2054166	9913.ENSBTAP00000048567	12.7	12
2043541	9913.ENSBTAP00000012551	204	36
2041969	9913.ENSBTAP00000008727	5.92	1
2046511	9913.ENSBTAP00000019916	4.88	2
2038818	9913.ENSBTAP00000001346	4.2	3
2046133	9913.ENSBTAP00000019039	10.4	3
2049300	9913.ENSBTAP00000026533	12.2	7
2039581	9913.ENSBTAP00000003072	13.9	3
2047639	9913.ENSBTAP00000022576	247	113
2051575	9913.ENSBTAP00000036467	26.8	18
2051227	9913.ENSBTAP00000034331	7.82	1
2045222	9913.ENSBTAP00000016866	80.3	38
2047260	9913.ENSBTAP00000021638	87.7	17
2047978	9913.ENSBTAP00000023395	4.96	1
2043969	9913.ENSBTAP00000013663	232	121
2045337	9913.ENSBTAP00000017122	433	101
2047368	9913.ENSBTAP00000021909	38.2	10
2041310	9913.ENSBTAP00000007163	0.929	1
2051087	9913.ENSBTAP00000033435	1.66	1
2053712	9913.ENSBTAP00000046539	184	6
2045616	9913.ENSBTAP00000017763	175	34
2044911	9913.ENSBTAP00000016013	12.5	2
2046631	9913.ENSBTAP00000020150	408	20
2048285	9913.ENSBTAP00000024155	117	209
2057278	9913.ENSBTAP00000055447	6.87	1
2040529	9913.ENSBTAP00000005296	6.55	1
2045208	9913.ENSBTAP00000016839	125	94
2038800	9913.ENSBTAP00000001309	4.63	1
2038629	9913.ENSBTAP00000000927	4.22	1
2042547	9913.ENSBTAP00000010159	84.1	27
2056330	9913.ENSBTAP00000054254	8.55	1
2057448	9913.ENSBTAP00000055669	2.2	1
2040263	9913.ENSBTAP00000004638	15.1	3
2057781	9913.ENSBTAP00000056091	2.33	1
2052922	9913.ENSBTAP00000042947	33.4	11
2038941	9913.ENSBTAP00000001613	386	189
2043939	9913.ENSBTAP00000013600	2.35	1
2048261	9913.ENSBTAP00000024092	434	132
2041936	9913.ENSBTAP00000008650	25.5	17
2051856	9913.ENSBTAP00000038264	0.089	1
2046305	9913.ENSBTAP00000019461	4909	7917
2054847	9913.ENSBTAP00000050955	372	294
2056997	9913.ENSBTAP00000055092	18.0	6
2045698	9913.ENSBTAP00000017936	2.28	3
2047364	9913.ENSBTAP00000021896	5.09	3
2053195	9913.ENSBTAP00000044080	9.25	25
2038424	9913.ENSBTAP00000000453	13.8	5
2052630	9913.ENSBTAP00000041967	46.4	6
2043802	9913.ENSBTAP00000013229	20.6	5
2049773	9913.ENSBTAP00000027670	50.0	10
2054769	9913.ENSBTAP00000050667	622	395
2043962	9913.ENSBTAP00000013650	187	58
2045471	9913.ENSBTAP00000017416	102	21
2052902	9913.ENSBTAP00000042875	3.73	1
2041845	9913.ENSBTAP00000008424	6.64	2
2050570	9913.ENSBTAP00000030092	47.1	20
2051789	9913.ENSBTAP00000037834	289	35
2054104	9913.ENSBTAP00000048362	13.8	6
2038708	9913.ENSBTAP00000001095	23.0	4
2043618	9913.ENSBTAP00000012773	25.4	7
2051425	9913.ENSBTAP00000035453	5.13	2
2047021	9913.ENSBTAP00000021045	86.9	54
2050868	9913.ENSBTAP00000032073	13.1	4
2051785	9913.ENSBTAP00000037816	42.6	17
2052385	9913.ENSBTAP00000041125	10.9	2
2050750	9913.ENSBTAP00000031181	94.6	31
2050065	9913.ENSBTAP00000028427	41.4	5
2056610	9913.ENSBTAP00000054606	37.8	5
2038938	9913.ENSBTAP00000001597	3.86	1
2044923	9913.ENSBTAP00000016040	3.22	2
2056582	9913.ENSBTAP00000054569	13.8	6
2047762	9913.ENSBTAP00000022835	26.9	6
2058134	9913.ENSBTAP00000056524	15.8	76
2047016	9913.ENSBTAP00000021033	16.2	2
2042350	9913.ENSBTAP00000009697	12.4	2
2049638	9913.ENSBTAP00000027346	1.51	1
2042444	9913.ENSBTAP00000009896	1.3	1
2049319	9913.ENSBTAP00000026568	20.2	4
2058153	9913.ENSBTAP00000056554	34.8	1
2055530	9913.ENSBTAP00000053151	78.3	8
2040979	9913.ENSBTAP00000006383	651	116
2040268	9913.ENSBTAP00000004645	2.59	2
2040308	9913.ENSBTAP00000004737	32870	15560
2044030	9913.ENSBTAP00000013796	50.5	14
2038289	9913.ENSBTAP00000000096	33.6	7
2040162	9913.ENSBTAP00000004398	7.51	4
2050391	9913.ENSBTAP00000029211	4.93	1
2040237	9913.ENSBTAP00000004581	105	149
2054398	9913.ENSBTAP00000049320	17.4	6
2048520	9913.ENSBTAP00000024699	4.49	1
2046343	9913.ENSBTAP00000019538	173795	24155
2042376	9913.ENSBTAP00000009747	5.78	1
2050858	9913.ENSBTAP00000032002	3.31	1
2050200	9913.ENSBTAP00000028757	126	27
2042152	9913.ENSBTAP00000009185	532	186
2041656	9913.ENSBTAP00000007978	22.0	4
2039880	9913.ENSBTAP00000003779	21.4	3
2045121	9913.ENSBTAP00000016590	9.66	7
2041285	9913.ENSBTAP00000007107	19.0	2
2051777	9913.ENSBTAP00000037777	4.97	3
2045111	9913.ENSBTAP00000016570	175	44
2042855	9913.ENSBTAP00000010906	1.68	1
2038674	9913.ENSBTAP00000001034	234	211
2049058	9913.ENSBTAP00000025963	114	23
2040898	9913.ENSBTAP00000006189	68.3	4
2043557	9913.ENSBTAP00000012599	173	17
2041782	9913.ENSBTAP00000008272	86.2	17
2057559	9913.ENSBTAP00000055814	25.5	3
2038713	9913.ENSBTAP00000001108	720	451
2044725	9913.ENSBTAP00000015611	24.9	19
2047217	9913.ENSBTAP00000021544	16.4	4
2039341	9913.ENSBTAP00000002520	15.1	9
2055300	9913.ENSBTAP00000052427	18.9	22
2052266	9913.ENSBTAP00000040707	38.6	71
2044111	9913.ENSBTAP00000014015	13.2	6
2041414	9913.ENSBTAP00000007436	58.4	36
2053567	9913.ENSBTAP00000045833	48.5	21
2052953	9913.ENSBTAP00000043090	59.2	21
2045507	9913.ENSBTAP00000017500	492	299
2042478	9913.ENSBTAP00000009977	6.42	2
2040083	9913.ENSBTAP00000004227	13.8	1
2040865	9913.ENSBTAP00000006106	571	111
2042970	9913.ENSBTAP00000011202	7.77	1
2042193	9913.ENSBTAP00000009308	119	62
2053589	9913.ENSBTAP00000045951	2.64	1
2048313	9913.ENSBTAP00000024227	106	35
2040807	9913.ENSBTAP00000005987	35.6	2
2056601	9913.ENSBTAP00000054590	13.6	2
2053191	9913.ENSBTAP00000044069	222	191
2048489	9913.ENSBTAP00000024617	20.5	6
2042807	9913.ENSBTAP00000010765	27.5	9
2055866	9913.ENSBTAP00000053644	395	319
2039305	9913.ENSBTAP00000002436	0.509	3
2054414	9913.ENSBTAP00000049387	2.02	4
2051274	9913.ENSBTAP00000034568	313	69
2043376	9913.ENSBTAP00000012170	61.1	8
2045380	9913.ENSBTAP00000017232	80.1	23
2038279	9913.ENSBTAP00000000081	66.4	12
2052717	9913.ENSBTAP00000042274	37.1	15
2044211	9913.ENSBTAP00000014281	1.49	1
2043126	9913.ENSBTAP00000011569	3.35	9
2056959	9913.ENSBTAP00000055044	6.31	3
2043101	9913.ENSBTAP00000011505	216	48
2051867	9913.ENSBTAP00000038315	121	67
2054921	9913.ENSBTAP00000051209	73.0	21
2051593	9913.ENSBTAP00000036564	6.14	3
2045808	9913.ENSBTAP00000018202	3.73	5
2045221	9913.ENSBTAP00000016865	13.5	3
2042144	9913.ENSBTAP00000009155	62.4	31
2049158	9913.ENSBTAP00000026209	9.98	1
2048551	9913.ENSBTAP00000024788	609	15
2044123	9913.ENSBTAP00000014037	4.62	15
2039992	9913.ENSBTAP00000004031	47.3	11
2047562	9913.ENSBTAP00000022378	864	130
2056158	9913.ENSBTAP00000054034	3.12	6
2053618	9913.ENSBTAP00000046068	37.9	9
2040536	9913.ENSBTAP00000005324	4.35	1
2044365	9913.ENSBTAP00000014702	42.9	12
2050926	9913.ENSBTAP00000032384	1146	166
2055954	9913.ENSBTAP00000053760	1.87	1
2052252	9913.ENSBTAP00000040666	21.8	6
2046056	9913.ENSBTAP00000018822	4.31	1
2054368	9913.ENSBTAP00000049219	158	8
2052000	9913.ENSBTAP00000039284	11.2	2
2038521	9913.ENSBTAP00000000673	4547	767
2038262	9913.ENSBTAP00000000047	11.3	2
2040708	9913.ENSBTAP00000005730	140	34
2054892	9913.ENSBTAP00000051115	15.1	8
2044688	9913.ENSBTAP00000015499	1165	323
2043165	9913.ENSBTAP00000011669	0.724	1
2049571	9913.ENSBTAP00000027193	54.4	22
2048123	9913.ENSBTAP00000023735	26.5	2
2045317	9913.ENSBTAP00000017073	8.83	3
2038640	9913.ENSBTAP00000000950	111	25
2042581	9913.ENSBTAP00000010242	6.72	2
2047887	9913.ENSBTAP00000023162	1.87	1
2051483	9913.ENSBTAP00000035821	17.8	6
2042155	9913.ENSBTAP00000009191	148	38
2056050	9913.ENSBTAP00000053899	6.76	8
2045082	9913.ENSBTAP00000016495	5.04	3
2056337	9913.ENSBTAP00000054262	54.5	11
2054146	9913.ENSBTAP00000048506	97.3	19
2053375	9913.ENSBTAP00000044782	318	32
2048396	9913.ENSBTAP00000024391	66.8	7
2043015	9913.ENSBTAP00000011314	12.3	4
2047196	9913.ENSBTAP00000021495	21.3	10
2041826	9913.ENSBTAP00000008382	113	12
2049874	9913.ENSBTAP00000027913	54.3	10
2046069	9913.ENSBTAP00000018863	96.2	56
2055523	9913.ENSBTAP00000053143	20.1	1
2041674	9913.ENSBTAP00000008022	9.24	1
2055495	9913.ENSBTAP00000053034	507	675
2053010	9913.ENSBTAP00000043335	62.4	12
2049383	9913.ENSBTAP00000026725	0.682	2
2041853	9913.ENSBTAP00000008440	44.3	19
2055303	9913.ENSBTAP00000052439	4.06	2
2052152	9913.ENSBTAP00000040254	141	26
2049222	9913.ENSBTAP00000026356	13.3	5
2042175	9913.ENSBTAP00000009270	23.2	4
2039518	9913.ENSBTAP00000002914	540	137
2046604	9913.ENSBTAP00000020102	94.1	19
2041956	9913.ENSBTAP00000008696	95.0	5
2043338	9913.ENSBTAP00000012090	4.89	1
2045165	9913.ENSBTAP00000016718	308	43
2047177	9913.ENSBTAP00000021451	29.8	9
2044495	9913.ENSBTAP00000015049	1.51	1
2045596	9913.ENSBTAP00000017710	1760	805
2043310	9913.ENSBTAP00000012030	11.1	13
2052667	9913.ENSBTAP00000042130	2.86	9
2042064	9913.ENSBTAP00000008962	30.7	5
2053364	9913.ENSBTAP00000044733	42.3	14
2046475	9913.ENSBTAP00000019834	21.7	15
2054409	9913.ENSBTAP00000049378	3.79	1
2047765	9913.ENSBTAP00000022848	41.5	5
2049301	9913.ENSBTAP00000026534	333	97
2053127	9913.ENSBTAP00000043804	716	182
2052369	9913.ENSBTAP00000041066	1399	146
2047554	9913.ENSBTAP00000022364	62.5	9
2054221	9913.ENSBTAP00000048750	78.5	12
2052183	9913.ENSBTAP00000040410	36.7	2
2043660	9913.ENSBTAP00000012872	69.4	18
2053228	9913.ENSBTAP00000044213	97.3	19
2040106	9913.ENSBTAP00000004272	575	180
2041325	9913.ENSBTAP00000007194	6.94	3
2047710	9913.ENSBTAP00000022732	155	65
2046462	9913.ENSBTAP00000019803	194	20
2041068	9913.ENSBTAP00000006586	5.32	1
2056275	9913.ENSBTAP00000054179	321	27
2053249	9913.ENSBTAP00000044292	13.3	3
2039963	9913.ENSBTAP00000003974	23.9	3
2040876	9913.ENSBTAP00000006132	97.8	14
2056287	9913.ENSBTAP00000054193	41.4	4
2039833	9913.ENSBTAP00000003660	48.8	8
2045637	9913.ENSBTAP00000017825	70.2	160
2042643	9913.ENSBTAP00000010393	0.887	3
2047144	9913.ENSBTAP00000021369	746	78
2057295	9913.ENSBTAP00000055471	2421	1298
2053474	9913.ENSBTAP00000045317	496	514
2043595	9913.ENSBTAP00000012704	122	104
2056157	9913.ENSBTAP00000054033	33.4	11
2047281	9913.ENSBTAP00000021683	87.6	22
2052893	9913.ENSBTAP00000042856	5.9	11
2040363	9913.ENSBTAP00000004878	30.5	5
2046182	9913.ENSBTAP00000019149	3.76	2
2044817	9913.ENSBTAP00000015804	83.7	39
2052811	9913.ENSBTAP00000042536	14.2	6
2050759	9913.ENSBTAP00000031255	9.15	3
2054839	9913.ENSBTAP00000050913	147	33
2046600	9913.ENSBTAP00000020096	80.5	14
2043189	9913.ENSBTAP00000011714	6.43	4
2041880	9913.ENSBTAP00000008502	34.9	4
2039622	9913.ENSBTAP00000003192	165	342
2042624	9913.ENSBTAP00000010348	5.01	1
2040043	9913.ENSBTAP00000004145	32.8	14
2040897	9913.ENSBTAP00000006187	16.0	3
2039729	9913.ENSBTAP00000003431	148	13
2038373	9913.ENSBTAP00000000315	227	56
2052983	9913.ENSBTAP00000043214	6.58	3
2040874	9913.ENSBTAP00000006129	93.9	86
2051005	9913.ENSBTAP00000032915	2196	340
2053176	9913.ENSBTAP00000043991	310	282
2043576	9913.ENSBTAP00000012655	3815	961
2040851	9913.ENSBTAP00000006074	90.0	69
2043688	9913.ENSBTAP00000012949	3.75	2
2041979	9913.ENSBTAP00000008749	8.45	3
2046205	9913.ENSBTAP00000019214	8.26	2
2050179	9913.ENSBTAP00000028699	20.4	10
2038669	9913.ENSBTAP00000001013	3.15	1
2048082	9913.ENSBTAP00000023649	2.55	1
2045938	9913.ENSBTAP00000018540	183	30
2057586	9913.ENSBTAP00000055845	4.31	2
2053585	9913.ENSBTAP00000045931	638	8
2042406	9913.ENSBTAP00000009810	0.895	1
2040319	9913.ENSBTAP00000004763	4.89	1
2041995	9913.ENSBTAP00000008799	34.7	12
2040755	9913.ENSBTAP00000005832	1.53	2
2058213	9913.ENSBTAP00000056626	59.9	36
2052707	9913.ENSBTAP00000042253	4.46	4
2050172	9913.ENSBTAP00000028685	23772	2460
2045079	9913.ENSBTAP00000016480	3.68	1
2042187	9913.ENSBTAP00000009299	1.65	2
2046456	9913.ENSBTAP00000019786	1.96	1
2048194	9913.ENSBTAP00000023926	0.998	2
2046890	9913.ENSBTAP00000020731	3.99	2
2038983	9913.ENSBTAP00000001710	2.02	1
2055368	9913.ENSBTAP00000052642	115	207
2044151	9913.ENSBTAP00000014091	94.1	51
2042111	9913.ENSBTAP00000009084	16.7	6
2044850	9913.ENSBTAP00000015883	8768	1249
2051668	9913.ENSBTAP00000037071	5.28	2
2051849	9913.ENSBTAP00000038184	216	437
2047697	9913.ENSBTAP00000022710	55.2	21
2043036	9913.ENSBTAP00000011364	2910	678
2041444	9913.ENSBTAP00000007504	5389	7978
2042681	9913.ENSBTAP00000010485	127	42
2053335	9913.ENSBTAP00000044619	1630	634
2048438	9913.ENSBTAP00000024487	8.13	4
2047778	9913.ENSBTAP00000022877	5.15	1
2048431	9913.ENSBTAP00000024473	6.51	6
2046690	9913.ENSBTAP00000020285	77.0	26
2054361	9913.ENSBTAP00000049200	8.66	2
2042590	9913.ENSBTAP00000010269	130	12
2046273	9913.ENSBTAP00000019351	8.55	5
2057747	9913.ENSBTAP00000056050	31.9	6
2051026	9913.ENSBTAP00000033048	85.6	10
2054637	9913.ENSBTAP00000050205	55.2	4
2049736	9913.ENSBTAP00000027570	5.76	2
2046581	9913.ENSBTAP00000020065	50.4	4
2048071	9913.ENSBTAP00000023622	4.17	3
2054856	9913.ENSBTAP00000050994	13.8	6
2046378	9913.ENSBTAP00000019607	2.08	1
2050084	9913.ENSBTAP00000028486	12.9	3
2043999	9913.ENSBTAP00000013713	58.5	16
2042222	9913.ENSBTAP00000009379	65.2	4
2044898	9913.ENSBTAP00000015994	3.46	1
2044463	9913.ENSBTAP00000014951	4.46	5
2048848	9913.ENSBTAP00000025501	80.1	18
2047179	9913.ENSBTAP00000021456	534	297
2042260	9913.ENSBTAP00000009469	8769	2027
2051603	9913.ENSBTAP00000036650	72.6	29
2047099	9913.ENSBTAP00000021260	841	1273
2041496	9913.ENSBTAP00000007622	15.1	5
2041742	9913.ENSBTAP00000008177	38.1	7
2046836	9913.ENSBTAP00000020622	14.3	33
2045945	9913.ENSBTAP00000018566	215	46
2045280	9913.ENSBTAP00000016989	33.2	19
2047837	9913.ENSBTAP00000023029	201	22
2048482	9913.ENSBTAP00000024600	5.91	1
2041377	9913.ENSBTAP00000007336	24.7	6
2049391	9913.ENSBTAP00000026750	3121	716
2052789	9913.ENSBTAP00000042479	351	287
2051659	9913.ENSBTAP00000037041	47.1	20
2054786	9913.ENSBTAP00000050728	14.8	7
2050705	9913.ENSBTAP00000030923	10.2	6
2049948	9913.ENSBTAP00000028093	200	38
2049910	9913.ENSBTAP00000027991	7.55	3
2056900	9913.ENSBTAP00000054964	59.7	28
2054744	9913.ENSBTAP00000050581	4.08	2
2039113	9913.ENSBTAP00000002023	67.7	16
2058197	9913.ENSBTAP00000056610	98.4	5
2051431	9913.ENSBTAP00000035516	15.4	4
2044423	9913.ENSBTAP00000014853	4.75	1
2045046	9913.ENSBTAP00000016376	15.3	8
2048474	9913.ENSBTAP00000024572	2398	1125
2048585	9913.ENSBTAP00000024875	1.21	1
2044787	9913.ENSBTAP00000015750	17.7	1
2053965	9913.ENSBTAP00000047890	3.73	1
2043887	9913.ENSBTAP00000013448	2.66	1
2041323	9913.ENSBTAP00000007189	3.73	1
2041402	9913.ENSBTAP00000007404	2.38	1
2051931	9913.ENSBTAP00000038807	2.78	2
2045836	9913.ENSBTAP00000018273	22.5	3
2046347	9913.ENSBTAP00000019547	25.9	6
2042107	9913.ENSBTAP00000009073	18.2	4
2043323	9913.ENSBTAP00000012054	8.04	3
2044363	9913.ENSBTAP00000014699	5.81	2
2043415	9913.ENSBTAP00000012259	11.4	1
2050268	9913.ENSBTAP00000028914	12.1	4
2043161	9913.ENSBTAP00000011658	98.2	24
2040806	9913.ENSBTAP00000005983	38.2	6
2041199	9913.ENSBTAP00000006902	1.88	2
2047537	9913.ENSBTAP00000022314	40.8	9
2045835	9913.ENSBTAP00000018269	2.9	3
2043129	9913.ENSBTAP00000011576	83.7	30
2053072	9913.ENSBTAP00000043570	0.985	1
2054645	9913.ENSBTAP00000050234	12.0	2
2053643	9913.ENSBTAP00000046224	63.4	12
2052028	9913.ENSBTAP00000039503	117	209
2056072	9913.ENSBTAP00000053927	158	8
2041537	9913.ENSBTAP00000007711	123	26
2043892	9913.ENSBTAP00000013453	354	465
2052684	9913.ENSBTAP00000042181	182	44
2052276	9913.ENSBTAP00000040732	37.2	6
2040371	9913.ENSBTAP00000004892	762	234
2053753	9913.ENSBTAP00000046882	96.1	17
2057228	9913.ENSBTAP00000055384	14.1	76
2056128	9913.ENSBTAP00000053994	4.93	4
2048477	9913.ENSBTAP00000024584	193	91
2052441	9913.ENSBTAP00000041298	573	65
2039959	9913.ENSBTAP00000003962	269	53
2039148	9913.ENSBTAP00000002111	50.6	5
2045287	9913.ENSBTAP00000016997	5.09	1
2052781	9913.ENSBTAP00000042461	320	294
2051059	9913.ENSBTAP00000033281	507	675
2039818	9913.ENSBTAP00000003618	18.6	4
2040868	9913.ENSBTAP00000006112	12.6	1
2057806	9913.ENSBTAP00000056127	51.1	10
2047541	9913.ENSBTAP00000022319	2.92	2
2048271	9913.ENSBTAP00000024122	8.98	2
2042401	9913.ENSBTAP00000009800	44.6	19
2052821	9913.ENSBTAP00000042572	5.33	1
2048345	9913.ENSBTAP00000024299	523	27
2055316	9913.ENSBTAP00000052479	99.8	207
2046516	9913.ENSBTAP00000019928	8.58	1
2047490	9913.ENSBTAP00000022210	100	161
2049361	9913.ENSBTAP00000026669	6.09	1
2045723	9913.ENSBTAP00000017995	710	92
2048924	9913.ENSBTAP00000025663	62.3	31
2039044	9913.ENSBTAP00000001859	460	182
2038607	9913.ENSBTAP00000000869	77.5	40
2057429	9913.ENSBTAP00000055644	35.8	2
2054957	9913.ENSBTAP00000051372	11.4	76
2041182	9913.ENSBTAP00000006866	128	43
2042301	9913.ENSBTAP00000009564	1622	969
2055016	9913.ENSBTAP00000051595	11.0	44
2053433	9913.ENSBTAP00000045075	6.19	3
2050294	9913.ENSBTAP00000028988	1243	385
2050845	9913.ENSBTAP00000031879	39.5	32
2050464	9913.ENSBTAP00000029374	3.97	1
2050163	9913.ENSBTAP00000028671	8.31	2
2048760	9913.ENSBTAP00000025313	18.1	2
2053718	9913.ENSBTAP00000046594	27.0	3
2039290	9913.ENSBTAP00000002398	9.13	2
2046106	9913.ENSBTAP00000018947	16.9	13
2047105	9913.ENSBTAP00000021268	308	47
2043467	9913.ENSBTAP00000012396	4.3	2
2057112	9913.ENSBTAP00000055238	444	564
2050111	9913.ENSBTAP00000028559	2.12	1
2040775	9913.ENSBTAP00000005894	10.2	2
2056032	9913.ENSBTAP00000053875	81.2	17
2054512	9913.ENSBTAP00000049731	52.8	30
2050349	9913.ENSBTAP00000029103	67.4	12
2045999	9913.ENSBTAP00000018701	12.7	9
2047728	9913.ENSBTAP00000022772	15.4	7
2045414	9913.ENSBTAP00000017298	1.62	1
2053977	9913.ENSBTAP00000047915	13.8	6
2046479	9913.ENSBTAP00000019842	3.36	1
2045620	9913.ENSBTAP00000017775	516	125
2045633	9913.ENSBTAP00000017816	11.8	2
2052049	9913.ENSBTAP00000039621	23.6	5
2051574	9913.ENSBTAP00000036460	39.7	48
2052048	9913.ENSBTAP00000039615	123	4
2046605	9913.ENSBTAP00000020103	17.6	29
2040744	9913.ENSBTAP00000005802	229	33
2041251	9913.ENSBTAP00000007028	96.2	13
2048988	9913.ENSBTAP00000025810	502	669
2052879	9913.ENSBTAP00000042806	47.1	20
2042413	9913.ENSBTAP00000009832	13.0	4
2052325	9913.ENSBTAP00000040892	39.4	7
2053871	9913.ENSBTAP00000047550	691	49
2039097	9913.ENSBTAP00000001988	366	126
2043745	9913.ENSBTAP00000013112	11.7	12
2052083	9913.ENSBTAP00000039862	54.4	13
2047057	9913.ENSBTAP00000021161	1.52	1
2048717	9913.ENSBTAP00000025191	18.3	11
2051214	9913.ENSBTAP00000034238	150	45
2054642	9913.ENSBTAP00000050222	9.89	6
2046032	9913.ENSBTAP00000018777	9.69	2
2055049	9913.ENSBTAP00000051695	179	151
2041982	9913.ENSBTAP00000008754	319	52
2041134	9913.ENSBTAP00000006760	24.2	7
2054633	9913.ENSBTAP00000050170	67.9	18
2057685	9913.ENSBTAP00000055974	17.3	16
2049653	9913.ENSBTAP00000027375	1.98	1
2052326	9913.ENSBTAP00000040894	450	85
2052779	9913.ENSBTAP00000042458	89.9	18
2047969	9913.ENSBTAP00000023373	789	394
2043381	9913.ENSBTAP00000012182	5.48	2
2048539	9913.ENSBTAP00000024749	1715	178
2048237	9913.ENSBTAP00000024034	105	12
2052710	9913.ENSBTAP00000042257	16.8	12
2056098	9913.ENSBTAP00000053961	1.0	1
2055821	9913.ENSBTAP00000053569	0.541	1
2042452	9913.ENSBTAP00000009921	55.6	11
2040466	9913.ENSBTAP00000005143	154	27
2056031	9913.ENSBTAP00000053873	13.6	78
2048633	9913.ENSBTAP00000025008	20.8	81
2038396	9913.ENSBTAP00000000359	9.31	3
2056252	9913.ENSBTAP00000054151	11.7	12
2050743	9913.ENSBTAP00000031126	125	21
2055939	9913.ENSBTAP00000053740	34.0	36
2049378	9913.ENSBTAP00000026715	24.9	4
2038718	9913.ENSBTAP00000001121	31.6	6
2038290	9913.ENSBTAP00000000097	7.77	4
2057092	9913.ENSBTAP00000055209	9.89	6
2050773	9913.ENSBTAP00000031396	5.19	1
2048759	9913.ENSBTAP00000025311	18.1	2
2057056	9913.ENSBTAP00000055166	14.2	78
2045681	9913.ENSBTAP00000017905	443	19
2045650	9913.ENSBTAP00000017848	2.11	1
2050461	9913.ENSBTAP00000029363	13.3	2
2049286	9913.ENSBTAP00000026501	7.2	1
2052329	9913.ENSBTAP00000040899	29.4	6
2050061	9913.ENSBTAP00000028410	61.5	52
2041212	9913.ENSBTAP00000006947	10.7	4
2052263	9913.ENSBTAP00000040702	0.497	1
2040387	9913.ENSBTAP00000004927	693	163
2054387	9913.ENSBTAP00000049262	23.1	7
2047960	9913.ENSBTAP00000023347	1.99	1
2042232	9913.ENSBTAP00000009403	0.229	1
2040436	9913.ENSBTAP00000005068	2.29	1
2043667	9913.ENSBTAP00000012896	17.7	3
2050884	9913.ENSBTAP00000032173	71.7	33
2040050	9913.ENSBTAP00000004161	123	2
2041416	9913.ENSBTAP00000007442	485	355
2048266	9913.ENSBTAP00000024101	31.3	9
2050962	9913.ENSBTAP00000032603	3.81	1
2046077	9913.ENSBTAP00000018878	3.49	1
2042526	9913.ENSBTAP00000010108	17.0	3
2050796	9913.ENSBTAP00000031532	23.1	4
2057023	9913.ENSBTAP00000055125	0.885	1
2042831	9913.ENSBTAP00000010835	25.0	4
2038929	9913.ENSBTAP00000001576	3.03	4
2056757	9913.ENSBTAP00000054785	6.82	2
2042642	9913.ENSBTAP00000010391	0.866	3
2039652	9913.ENSBTAP00000003259	1072	436
2056084	9913.ENSBTAP00000053944	17.1	4
2054507	9913.ENSBTAP00000049717	1.66	1
2047325	9913.ENSBTAP00000021785	5.75	6
2047806	9913.ENSBTAP00000022949	7.49	1
2053119	9913.ENSBTAP00000043756	202	43
2048832	9913.ENSBTAP00000025469	2.01	1
2045721	9913.ENSBTAP00000017991	81.7	12
2054335	9913.ENSBTAP00000049139	39.5	4
2040482	9913.ENSBTAP00000005174	31.5	6
2038459	9913.ENSBTAP00000000518	64.8	14
2049017	9913.ENSBTAP00000025874	69.8	16
2042366	9913.ENSBTAP00000009723	6.18	3
2047939	9913.ENSBTAP00000023297	20.0	21
2048938	9913.ENSBTAP00000025691	316	55
2039789	9913.ENSBTAP00000003559	76.9	19
2045592	9913.ENSBTAP00000017694	51.9	18
2040063	9913.ENSBTAP00000004188	107	13
2049845	9913.ENSBTAP00000027852	82.1	18
2045918	9913.ENSBTAP00000018491	95.7	9
2047565	9913.ENSBTAP00000022382	22.1	3
2051978	9913.ENSBTAP00000039139	1146	166
2047890	9913.ENSBTAP00000023165	3.26	2
2043199	9913.ENSBTAP00000011737	40.2	6
2055238	9913.ENSBTAP00000052235	507	675
2038480	9913.ENSBTAP00000000566	115	20
2054294	9913.ENSBTAP00000048995	53.7	18
2050388	9913.ENSBTAP00000029203	1.99	1
2054432	9913.ENSBTAP00000049474	321	102
2052151	9913.ENSBTAP00000040253	4.4	3
2044060	9913.ENSBTAP00000013889	351	46
2048324	9913.ENSBTAP00000024253	43.4	10
2046754	9913.ENSBTAP00000020401	7.23	4
2051057	9913.ENSBTAP00000033278	320	294
2044286	9913.ENSBTAP00000014520	24.1	2
2056777	9913.ENSBTAP00000054810	11.4	1
2051753	9913.ENSBTAP00000037577	5349	699
2043643	9913.ENSBTAP00000012835	253	68
2043728	9913.ENSBTAP00000013077	615	314
2039545	9913.ENSBTAP00000002972	3.28	3
2051831	9913.ENSBTAP00000038073	10.2	53
2046958	9913.ENSBTAP00000020886	21.8	6
2054114	9913.ENSBTAP00000048393	20.2	24
2041914	9913.ENSBTAP00000008604	5.71	3
2040510	9913.ENSBTAP00000005240	1.54	1
2047975	9913.ENSBTAP00000023384	11.2	5
2046780	9913.ENSBTAP00000020456	3.03	1
2040665	9913.ENSBTAP00000005628	120	14
2049349	9913.ENSBTAP00000026635	229	53
2049841	9913.ENSBTAP00000027845	5.34	1
2049225	9913.ENSBTAP00000026366	85.4	16
2050212	9913.ENSBTAP00000028783	7.01	5
2043697	9913.ENSBTAP00000012973	117	25
2048053	9913.ENSBTAP00000023581	93.7	21
2040853	9913.ENSBTAP00000006079	1309	324
2049072	9913.ENSBTAP00000025997	18.2	4
2041415	9913.ENSBTAP00000007438	3.88	1
2055296	9913.ENSBTAP00000052422	1037	478
2052683	9913.ENSBTAP00000042180	6.79	5
2047680	9913.ENSBTAP00000022664	16.8	14
2040368	9913.ENSBTAP00000004885	6.76	2
2040595	9913.ENSBTAP00000005469	127	41
2046044	9913.ENSBTAP00000018803	7.19	1
2056520	9913.ENSBTAP00000054495	47.4	15
2045328	9913.ENSBTAP00000017097	3.46	1
2041518	9913.ENSBTAP00000007681	51.9	9
2044128	9913.ENSBTAP00000014044	493	207
2042362	9913.ENSBTAP00000009715	22.7	8
2046536	9913.ENSBTAP00000019973	33.1	6
2039740	9913.ENSBTAP00000003457	9.96	2
2044161	9913.ENSBTAP00000014120	28.2	18
2047226	9913.ENSBTAP00000021570	10.7	10
2050102	9913.ENSBTAP00000028540	32.5	17
2042417	9913.ENSBTAP00000009844	189	59
2056485	9913.ENSBTAP00000054453	17.9	76
2046576	9913.ENSBTAP00000020055	17.4	5
2038696	9913.ENSBTAP00000001071	17.4	4
2044031	9913.ENSBTAP00000013799	2.53	1
2056842	9913.ENSBTAP00000054886	0.694	2
2053248	9913.ENSBTAP00000044281	13.8	6
2048887	9913.ENSBTAP00000025588	8.37	3
2049753	9913.ENSBTAP00000027628	23.2	1
2043490	9913.ENSBTAP00000012454	868	106
2051424	9913.ENSBTAP00000035448	66.7	17
2052119	9913.ENSBTAP00000040120	0.804	3
2049743	9913.ENSBTAP00000027602	25.9	9
2052305	9913.ENSBTAP00000040820	10.9	4
2054251	9913.ENSBTAP00000048849	61.3	31
2047122	9913.ENSBTAP00000021327	19.7	13
2038590	9913.ENSBTAP00000000841	42.1	9
2039135	9913.ENSBTAP00000002080	15.0	4
2047813	9913.ENSBTAP00000022970	64.2	10
2041302	9913.ENSBTAP00000007150	1193	329
2051741	9913.ENSBTAP00000037526	18.5	3
2042058	9913.ENSBTAP00000008948	678	241
2047032	9913.ENSBTAP00000021088	58.9	3
2051655	9913.ENSBTAP00000037030	2.63	1
2047502	9913.ENSBTAP00000022237	11.6	2
2045480	9913.ENSBTAP00000017435	159	16
2046556	9913.ENSBTAP00000020020	199	83
2043147	9913.ENSBTAP00000011612	1.67	2
2054846	9913.ENSBTAP00000050952	13.8	6
2046608	9913.ENSBTAP00000020108	10.3	3
2053158	9913.ENSBTAP00000043937	235	16
2051082	9913.ENSBTAP00000033405	4.07	1
2054473	9913.ENSBTAP00000049613	60.1	9
2050967	9913.ENSBTAP00000032645	1.57	1
2047203	9913.ENSBTAP00000021512	1.01	1
2045543	9913.ENSBTAP00000017588	18.1	15
2057848	9913.ENSBTAP00000056179	141	37
2042986	9913.ENSBTAP00000011240	3.96	1
2042627	9913.ENSBTAP00000010356	2.89	1
2044837	9913.ENSBTAP00000015850	27.1	21
2053268	9913.ENSBTAP00000044368	365	113
2039235	9913.ENSBTAP00000002300	2.32	2
2038313	9913.ENSBTAP00000000147	7.57	1
2044101	9913.ENSBTAP00000013990	7.76	1
2038861	9913.ENSBTAP00000001432	4.09	3
2053192	9913.ENSBTAP00000044075	11.4	1
2048986	9913.ENSBTAP00000025807	31.6	7
2046586	9913.ENSBTAP00000020078	45.1	9
2044585	9913.ENSBTAP00000015277	149	95
2043547	9913.ENSBTAP00000012570	16.8	18
2052531	9913.ENSBTAP00000041617	4714	1093
2054781	9913.ENSBTAP00000050719	6.13	1
2043569	9913.ENSBTAP00000012635	155	6
2048417	9913.ENSBTAP00000024437	274	89
2057688	9913.ENSBTAP00000055977	572	32
2046533	9913.ENSBTAP00000019970	336	183
2050158	9913.ENSBTAP00000028661	76.4	3
2044852	9913.ENSBTAP00000015889	21.9	4
2054194	9913.ENSBTAP00000048654	309	275
2047723	9913.ENSBTAP00000022763	35547	21107
2057172	9913.ENSBTAP00000055313	102	184
2046801	9913.ENSBTAP00000020520	4914	5789
2043835	9913.ENSBTAP00000013320	1.8	2
2046285	9913.ENSBTAP00000019411	66.7	33
2044175	9913.ENSBTAP00000014176	15.5	8
2052888	9913.ENSBTAP00000042843	140	39
2045995	9913.ENSBTAP00000018688	8.12	12
2039768	9913.ENSBTAP00000003517	21.7	93
2056845	9913.ENSBTAP00000054889	28.4	6
2042936	9913.ENSBTAP00000011095	306	65
2052300	9913.ENSBTAP00000040793	472	54
2045923	9913.ENSBTAP00000018501	6.71	1
2045343	9913.ENSBTAP00000017141	27.0	5
2042208	9913.ENSBTAP00000009346	67.4	12
2049123	9913.ENSBTAP00000026118	191	131
2056823	9913.ENSBTAP00000054865	362	209
2047262	9913.ENSBTAP00000021641	2.56	1
2052269	9913.ENSBTAP00000040717	28.7	71
2046733	9913.ENSBTAP00000020360	0.614	3
2049829	9913.ENSBTAP00000027811	8.18	3
2038268	9913.ENSBTAP00000000063	2.54	3
2040677	9913.ENSBTAP00000005656	12.5	9
2046449	9913.ENSBTAP00000019771	21.8	6
2039835	9913.ENSBTAP00000003662	23.8	13
2047828	9913.ENSBTAP00000023001	4.27	2
2042088	9913.ENSBTAP00000009019	9.69	15
2039853	9913.ENSBTAP00000003716	926	244
2052449	9913.ENSBTAP00000041323	54.6	41
2043803	9913.ENSBTAP00000013230	3.63	5
2055149	9913.ENSBTAP00000051979	46.8	3
2044075	9913.ENSBTAP00000013932	10.7	3
2040653	9913.ENSBTAP00000005600	121	23
2043197	9913.ENSBTAP00000011734	2.45	2
2046997	9913.ENSBTAP00000020985	2.91	1
2050097	9913.ENSBTAP00000028520	78.0	19
2044622	9913.ENSBTAP00000015358	327	45
2057537	9913.ENSBTAP00000055781	219	45
2045140	9913.ENSBTAP00000016645	38.0	29
2038338	9913.ENSBTAP00000000209	13.4	2
2046424	9913.ENSBTAP00000019719	631	306
2050812	9913.ENSBTAP00000031665	7.4	3
2052270	9913.ENSBTAP00000040718	35.1	71
2042143	9913.ENSBTAP00000009152	62.4	31
2056880	9913.ENSBTAP00000054935	32.1	9
2040314	9913.ENSBTAP00000004752	5.59	1
2056846	9913.ENSBTAP00000054890	4.31	3
2046820	9913.ENSBTAP00000020580	4.01	1
2039728	9913.ENSBTAP00000003429	65.8	14
2046849	9913.ENSBTAP00000020644	14.8	6
2056141	9913.ENSBTAP00000054012	1030	313
2053674	9913.ENSBTAP00000046374	68.4	11
2043795	9913.ENSBTAP00000013208	49.3	8
2043372	9913.ENSBTAP00000012161	5.11	2
2056377	9913.ENSBTAP00000054314	110	186
2040350	9913.ENSBTAP00000004843	28.3	13
2055705	9913.ENSBTAP00000053400	29.6	2
2046650	9913.ENSBTAP00000020196	78.2	23
2045324	9913.ENSBTAP00000017090	2.93	1
2040378	9913.ENSBTAP00000004912	53.6	19
2052367	9913.ENSBTAP00000041048	9.04	7
2048476	9913.ENSBTAP00000024583	124	9
2055181	9913.ENSBTAP00000052092	6.89	1
2056189	9913.ENSBTAP00000054069	54.3	1
2050526	9913.ENSBTAP00000029826	358	144
2054554	9913.ENSBTAP00000049889	117	209
2055382	9913.ENSBTAP00000052689	19.8	8
2043680	9913.ENSBTAP00000012929	59.9	29
2052208	9913.ENSBTAP00000040521	6.12	2
2039165	9913.ENSBTAP00000002142	9.42	1
2051378	9913.ENSBTAP00000035184	17.5	1
2044631	9913.ENSBTAP00000015385	1.55	1
2042402	9913.ENSBTAP00000009802	9.06	2
2046515	9913.ENSBTAP00000019927	1.17	1
2055352	9913.ENSBTAP00000052573	17.9	11
2048371	9913.ENSBTAP00000024335	413	151
2054175	9913.ENSBTAP00000048590	8.89	1
2051205	9913.ENSBTAP00000034180	9.93	2
2040687	9913.ENSBTAP00000005677	3.6	2
2055233	9913.ENSBTAP00000052226	28.8	15
2054518	9913.ENSBTAP00000049745	2.29	1
2050223	9913.ENSBTAP00000028802	25.4	5
2053681	9913.ENSBTAP00000046390	13.0	2
2040177	9913.ENSBTAP00000004431	89.9	23
2049366	9913.ENSBTAP00000026686	3.68	2
2052110	9913.ENSBTAP00000040053	63.2	13
2045058	9913.ENSBTAP00000016410	9.74	2
2050688	9913.ENSBTAP00000030820	12.1	4
2041390	9913.ENSBTAP00000007367	7.29	1
2041989	9913.ENSBTAP00000008774	43.7	18
2043374	9913.ENSBTAP00000012167	23.5	7
2057778	9913.ENSBTAP00000056087	230	43
2042049	9913.ENSBTAP00000008925	70.6	20
2042326	9913.ENSBTAP00000009636	4.84	1
2052733	9913.ENSBTAP00000042323	37.3	2
2045254	9913.ENSBTAP00000016940	4.94	1
2046363	9913.ENSBTAP00000019577	38.4	4
2051534	9913.ENSBTAP00000036224	4.19	2
2039402	9913.ENSBTAP00000002650	3.1	1
2055492	9913.ENSBTAP00000053019	8.5	8
2048730	9913.ENSBTAP00000025235	30.9	12
2039897	9913.ENSBTAP00000003815	2.45	1
2048252	9913.ENSBTAP00000024072	4.01	1
2052243	9913.ENSBTAP00000040641	320	294
2042584	9913.ENSBTAP00000010255	0.184	1
2045858	9913.ENSBTAP00000018329	10.8	4
2045088	9913.ENSBTAP00000016505	7.68	2
2045925	9913.ENSBTAP00000018505	65.4	17
2041171	9913.ENSBTAP00000006847	89.8	47
2044131	9913.ENSBTAP00000014050	3.05	2
2048578	9913.ENSBTAP00000024854	3.79	1
2040963	9913.ENSBTAP00000006347	9.17	2
2039529	9913.ENSBTAP00000002944	3.3	10
2045841	9913.ENSBTAP00000018284	91.7	7
2040441	9913.ENSBTAP00000005078	8.86	1
2056731	9913.ENSBTAP00000054753	4.31	3
2057329	9913.ENSBTAP00000055515	1363	365
2049188	9913.ENSBTAP00000026278	115	10
2040252	9913.ENSBTAP00000004617	101	19
2048942	9913.ENSBTAP00000025698	27.3	6
2041530	9913.ENSBTAP00000007701	24577	1440
2051063	9913.ENSBTAP00000033290	320	294
2047872	9913.ENSBTAP00000023111	0.353	2
2045829	9913.ENSBTAP00000018252	2.26	1
2045752	9913.ENSBTAP00000018076	23.1	2
2050496	9913.ENSBTAP00000029554	4.8	3
2040443	9913.ENSBTAP00000005080	77.5	2
2049209	9913.ENSBTAP00000026323	31.4	6
2052394	9913.ENSBTAP00000041157	28.9	10
2039637	9913.ENSBTAP00000003219	5.18	3
2040253	9913.ENSBTAP00000004619	74.6	139
2053096	9913.ENSBTAP00000043669	12.9	3
2038305	9913.ENSBTAP00000000134	11.6	2
2047170	9913.ENSBTAP00000021436	15.0	4
2058082	9913.ENSBTAP00000056456	3.49	1
2052693	9913.ENSBTAP00000042200	49.4	8
2039574	9913.ENSBTAP00000003040	7.05	2
2041133	9913.ENSBTAP00000006754	7.58	4
2046046	9913.ENSBTAP00000018806	828	138
2039168	9913.ENSBTAP00000002151	1.98	1
2052419	9913.ENSBTAP00000041242	14.2	4
2054779	9913.ENSBTAP00000050704	21.8	5
2053482	9913.ENSBTAP00000045395	19.8	6
2048735	9913.ENSBTAP00000025246	4.65	1
2050000	9913.ENSBTAP00000028234	7.66	5
2052160	9913.ENSBTAP00000040298	2.21	5
2048305	9913.ENSBTAP00000024203	386	74
2056129	9913.ENSBTAP00000053996	2.71	1
2052665	9913.ENSBTAP00000042121	65.1	10
2047919	9913.ENSBTAP00000023221	148	44
2046121	9913.ENSBTAP00000018997	1.58	1
2056342	9913.ENSBTAP00000054269	4756	538
2050699	9913.ENSBTAP00000030886	3.09	1
2041371	9913.ENSBTAP00000007324	321	105
2047889	9913.ENSBTAP00000023164	5.04	1
2045526	9913.ENSBTAP00000017556	1.08	4
2049933	9913.ENSBTAP00000028053	17.3	3
2050194	9913.ENSBTAP00000028740	3.35	2
2045915	9913.ENSBTAP00000018479	20.6	50
2052443	9913.ENSBTAP00000041308	48.2	6
2057419	9913.ENSBTAP00000055632	114	26
2041848	9913.ENSBTAP00000008431	374	157
2050557	9913.ENSBTAP00000030018	8.01	26
2046644	9913.ENSBTAP00000020184	10.3	2
2049708	9913.ENSBTAP00000027507	14.9	3
2050242	9913.ENSBTAP00000028853	140	41
2056312	9913.ENSBTAP00000054228	15.8	76
2044811	9913.ENSBTAP00000015790	5.41	1
2049547	9913.ENSBTAP00000027139	2.33	1
2038893	9913.ENSBTAP00000001503	3.78	1
2052133	9913.ENSBTAP00000040191	31.9	2
2053309	9913.ENSBTAP00000044536	273	42
2041291	9913.ENSBTAP00000007127	2523	8
2049959	9913.ENSBTAP00000028116	11.9	3
2055487	9913.ENSBTAP00000053002	17.7	53
2052596	9913.ENSBTAP00000041845	33.7	10
2056722	9913.ENSBTAP00000054743	15.5	76
2054605	9913.ENSBTAP00000050051	1052	330
2049277	9913.ENSBTAP00000026482	3.47	2
2050874	9913.ENSBTAP00000032105	3.44	3
2046655	9913.ENSBTAP00000020206	6.99	3
2042870	9913.ENSBTAP00000010949	34.9	7
2052706	9913.ENSBTAP00000042250	74.8	28
2045743	9913.ENSBTAP00000018050	6.96	2
2043337	9913.ENSBTAP00000012088	6.78	5
2049883	9913.ENSBTAP00000027932	29.5	23
2050546	9913.ENSBTAP00000029956	9.14	3
2038457	9913.ENSBTAP00000000515	0.245	1
2054122	9913.ENSBTAP00000048421	6.85	4
2056894	9913.ENSBTAP00000054954	30.8	2
2051859	9913.ENSBTAP00000038271	0.259	1
2055826	9913.ENSBTAP00000053578	2.73	3
2050857	9913.ENSBTAP00000031993	42.2	7
2042036	9913.ENSBTAP00000008894	7.98	4
2054928	9913.ENSBTAP00000051230	18.6	78
2047149	9913.ENSBTAP00000021386	59.3	15
2056713	9913.ENSBTAP00000054731	46.9	72
2052619	9913.ENSBTAP00000041939	10.2	13
2053179	9913.ENSBTAP00000044006	92.3	6
2056471	9913.ENSBTAP00000054436	133	6
2046685	9913.ENSBTAP00000020272	36.7	19
2049674	9913.ENSBTAP00000027423	16.8	3
2057379	9913.ENSBTAP00000055583	4.64	2
2041603	9913.ENSBTAP00000007860	167	86
2044841	9913.ENSBTAP00000015866	8.31	1
2039397	9913.ENSBTAP00000002642	164	17
2051873	9913.ENSBTAP00000038344	116	207
2043804	9913.ENSBTAP00000013231	786	16
2043763	9913.ENSBTAP00000013144	109	20
2044748	9913.ENSBTAP00000015669	2.86	1
2041624	9913.ENSBTAP00000007918	16.4	2
2044830	9913.ENSBTAP00000015834	101	53
2046318	9913.ENSBTAP00000019496	4.57	1
2041144	9913.ENSBTAP00000006785	25.2	5
2041633	9913.ENSBTAP00000007933	507	40
2055315	9913.ENSBTAP00000052478	198	38
2040064	9913.ENSBTAP00000004190	72.4	12
2039748	9913.ENSBTAP00000003472	1.67	1
2055934	9913.ENSBTAP00000053733	36.8	12
2043632	9913.ENSBTAP00000012807	1.68	9
2046076	9913.ENSBTAP00000018877	40.2	4
2055792	9913.ENSBTAP00000053521	0.902	4
2046925	9913.ENSBTAP00000020809	62.3	16
2047997	9913.ENSBTAP00000023455	10.1	1
2047992	9913.ENSBTAP00000023441	2.01	1
2052663	9913.ENSBTAP00000042110	7.24	3
2055598	9913.ENSBTAP00000053242	61.9	28
2042620	9913.ENSBTAP00000010330	83.4	56
2042020	9913.ENSBTAP00000008857	0.24	1
2045654	9913.ENSBTAP00000017854	1788	358
2050382	9913.ENSBTAP00000029176	169	64
2053605	9913.ENSBTAP00000046014	61.0	17
2056943	9913.ENSBTAP00000055018	13.1	76
2042333	9913.ENSBTAP00000009652	35.1	1
2056671	9913.ENSBTAP00000054682	0.958	1
2049407	9913.ENSBTAP00000026786	1.59	1
2049390	9913.ENSBTAP00000026747	2291	166
2057473	9913.ENSBTAP00000055696	91.9	31
2051869	9913.ENSBTAP00000038329	11.6	9
2054663	9913.ENSBTAP00000050291	13.8	6
2050412	9913.ENSBTAP00000029256	5.34	1
2051929	9913.ENSBTAP00000038799	2.23	8
2040169	9913.ENSBTAP00000004410	98.3	14
2047721	9913.ENSBTAP00000022761	8.4	9
2048803	9913.ENSBTAP00000025405	2.43	1
2039519	9913.ENSBTAP00000002916	240	55
2046913	9913.ENSBTAP00000020785	2.21	3
2051861	9913.ENSBTAP00000038284	0.68	4
2051079	9913.ENSBTAP00000033386	281	66
2053930	9913.ENSBTAP00000047761	507	675
2057212	9913.ENSBTAP00000055366	29.0	20
2047225	9913.ENSBTAP00000021569	10.1	6
2043508	9913.ENSBTAP00000012495	18.0	9
2046144	9913.ENSBTAP00000019064	3.21	1
2046040	9913.ENSBTAP00000018795	43.7	6
2054565	9913.ENSBTAP00000049914	6.74	2
2041427	9913.ENSBTAP00000007465	1.46	1
2043132	9913.ENSBTAP00000011586	364	36
2055200	9913.ENSBTAP00000052127	121	40
2051902	9913.ENSBTAP00000038633	0.952	1
2047592	9913.ENSBTAP00000022455	19.8	5
2046711	9913.ENSBTAP00000020326	135	21
2043438	9913.ENSBTAP00000012326	24.8	13
2040408	9913.ENSBTAP00000004984	59.6	9
2053140	9913.ENSBTAP00000043851	5.67	2
2041790	9913.ENSBTAP00000008298	2.45	5
2038857	9913.ENSBTAP00000001426	8.0	5
2048106	9913.ENSBTAP00000023702	44.2	5
2051077	9913.ENSBTAP00000033383	238	57
2044844	9913.ENSBTAP00000015873	98.6	27
2046932	9913.ENSBTAP00000020825	52.1	25
2051279	9913.ENSBTAP00000034581	13.8	6
2043658	9913.ENSBTAP00000012866	391	64
2055162	9913.ENSBTAP00000052019	2.09	3
2048639	9913.ENSBTAP00000025024	34.0	20
2052288	9913.ENSBTAP00000040759	23.6	1
2040704	9913.ENSBTAP00000005713	52.2	18
2050695	9913.ENSBTAP00000030869	517	725
2039294	9913.ENSBTAP00000002408	4.61	2
2041277	9913.ENSBTAP00000007086	9.42	2
2039684	9913.ENSBTAP00000003333	4.1	2
2055374	9913.ENSBTAP00000052671	32.7	8
2046705	9913.ENSBTAP00000020318	22.8	1
2052484	9913.ENSBTAP00000041451	614	66
2053059	9913.ENSBTAP00000043502	3874	828
2041721	9913.ENSBTAP00000008130	15.8	2
2048128	9913.ENSBTAP00000023750	42.0	13
2050107	9913.ENSBTAP00000028551	14.9	2
2040879	9913.ENSBTAP00000006139	255	68
2045942	9913.ENSBTAP00000018554	17.3	5
2050742	9913.ENSBTAP00000031125	2.92	4
2057362	9913.ENSBTAP00000055563	9.97	1
2040590	9913.ENSBTAP00000005452	0.64	1
2049849	9913.ENSBTAP00000027861	0.544	3
2049522	9913.ENSBTAP00000027078	8.67	5
2056014	9913.ENSBTAP00000053848	2.28	1
2044986	9913.ENSBTAP00000016204	2.58	3
2046013	9913.ENSBTAP00000018741	211	55
2049071	9913.ENSBTAP00000025996	47.4	21
2041258	9913.ENSBTAP00000007041	568	309
2053075	9913.ENSBTAP00000043577	0.91	1
2047183	9913.ENSBTAP00000021466	199	6
2057447	9913.ENSBTAP00000055668	22.6	76
2053907	9913.ENSBTAP00000047677	14.4	7
2054877	9913.ENSBTAP00000051060	6.36	53
2054086	9913.ENSBTAP00000048299	5.34	1
2054267	9913.ENSBTAP00000048915	36.3	6
2045487	9913.ENSBTAP00000017450	46.0	9
2046234	9913.ENSBTAP00000019278	12.0	3
2047121	9913.ENSBTAP00000021325	6.33	2
2041642	9913.ENSBTAP00000007950	2.13	1
2051366	9913.ENSBTAP00000035103	5.35	1
2042400	9913.ENSBTAP00000009799	15.6	3
2045034	9913.ENSBTAP00000016346	109	63
2053630	9913.ENSBTAP00000046146	17.2	3
2057588	9913.ENSBTAP00000055847	41.9	52
2056476	9913.ENSBTAP00000054441	27.4	6
2051476	9913.ENSBTAP00000035774	0.263	1
2047294	9913.ENSBTAP00000021719	112	39
2050436	9913.ENSBTAP00000029302	29.2	5
2043831	9913.ENSBTAP00000013310	69.3	27
2047777	9913.ENSBTAP00000022876	15.1	1
2052790	9913.ENSBTAP00000042480	101	61
2044243	9913.ENSBTAP00000014390	78.0	7
2052799	9913.ENSBTAP00000042500	9.32	2
2044723	9913.ENSBTAP00000015606	27.2	19
2048507	9913.ENSBTAP00000024666	433	50
2047670	9913.ENSBTAP00000022642	11.0	6
2047811	9913.ENSBTAP00000022960	68.7	47
2039582	9913.ENSBTAP00000003073	132	42
2058019	9913.ENSBTAP00000056381	4.77	1
2040092	9913.ENSBTAP00000004245	7.14	1
2043082	9913.ENSBTAP00000011469	20.3	6
2051843	9913.ENSBTAP00000038149	29.2	2
2041238	9913.ENSBTAP00000006992	48.1	25
2039408	9913.ENSBTAP00000002658	1.99	1
2046093	9913.ENSBTAP00000018917	17.7	16
2040250	9913.ENSBTAP00000004615	653	133
2040309	9913.ENSBTAP00000004739	25.2	2
2043276	9913.ENSBTAP00000011952	61.8	19
2042683	9913.ENSBTAP00000010491	2.29	2
2058070	9913.ENSBTAP00000056437	196	30
2054621	9913.ENSBTAP00000050126	86.7	16
2057647	9913.ENSBTAP00000055925	1.59	1
2049832	9913.ENSBTAP00000027820	6.01	1
2048036	9913.ENSBTAP00000023541	3.38	2
2057353	9913.ENSBTAP00000055553	466	151
2048009	9913.ENSBTAP00000023484	79.9	7
2057374	9913.ENSBTAP00000055578	22.1	4
2041786	9913.ENSBTAP00000008292	15.2	5
2053505	9913.ENSBTAP00000045490	552	412
2048667	9913.ENSBTAP00000025094	5.76	2
2045506	9913.ENSBTAP00000017497	850	386
2046265	9913.ENSBTAP00000019338	3.9	3
2056393	9913.ENSBTAP00000054334	93.8	40
2039653	9913.ENSBTAP00000003261	51.5	17
2044998	9913.ENSBTAP00000016242	368	654
2055178	9913.ENSBTAP00000052078	71.1	19
2046330	9913.ENSBTAP00000019518	2.86	4
2047267	9913.ENSBTAP00000021647	5.69	3
2049793	9913.ENSBTAP00000027728	23.5	4
2045105	9913.ENSBTAP00000016549	6.44	2
2041553	9913.ENSBTAP00000007758	31.7	5
2051338	9913.ENSBTAP00000034926	6.4	2
2044402	9913.ENSBTAP00000014801	18.6	1
2047788	9913.ENSBTAP00000022902	1.93	2
2046645	9913.ENSBTAP00000020185	2.53	4
2046218	9913.ENSBTAP00000019242	8.74	3
2043463	9913.ENSBTAP00000012391	13.0	4
2045947	9913.ENSBTAP00000018574	3.39	1
2039121	9913.ENSBTAP00000002045	45.3	7
2041891	9913.ENSBTAP00000008523	3031	304
2045803	9913.ENSBTAP00000018185	1.59	9
2043223	9913.ENSBTAP00000011795	1.7	3
2046666	9913.ENSBTAP00000020229	29.7	2
2050262	9913.ENSBTAP00000028899	77.0	174
2050051	9913.ENSBTAP00000028364	4.22	1
2042119	9913.ENSBTAP00000009097	74.1	27
2051456	9913.ENSBTAP00000035657	5.81	2
2044900	9913.ENSBTAP00000015996	2430	165
2051143	9913.ENSBTAP00000033805	10.5	9
2041701	9913.ENSBTAP00000008081	3.81	1
2039719	9913.ENSBTAP00000003414	953	208
2038799	9913.ENSBTAP00000001303	48.0	10
2051465	9913.ENSBTAP00000035716	103	29
2049828	9913.ENSBTAP00000027808	23.2	6
2052912	9913.ENSBTAP00000042908	0.512	1
2047401	9913.ENSBTAP00000022015	5.94	4
2054655	9913.ENSBTAP00000050261	718	363
2043791	9913.ENSBTAP00000013200	48.9	4
2043602	9913.ENSBTAP00000012724	5.37	1
2051837	9913.ENSBTAP00000038110	1.36	1
2044343	9913.ENSBTAP00000014649	363	81
2045294	9913.ENSBTAP00000017009	32.6	2
2054933	9913.ENSBTAP00000051256	1091	318
2046112	9913.ENSBTAP00000018963	22.6	11
2038544	9913.ENSBTAP00000000731	64.4	32
2056763	9913.ENSBTAP00000054792	5.42	53
2046795	9913.ENSBTAP00000020504	13.4	2
2052156	9913.ENSBTAP00000040280	1094	110
2041568	9913.ENSBTAP00000007787	8.98	16
2048920	9913.ENSBTAP00000025659	4.75	1
2049057	9913.ENSBTAP00000025959	31.7	12
2038956	9913.ENSBTAP00000001646	105	112
2046611	9913.ENSBTAP00000020111	1704	326
2058066	9913.ENSBTAP00000056432	182	44
2052838	9913.ENSBTAP00000042634	117	209
2039028	9913.ENSBTAP00000001830	17.3	5
2052948	9913.ENSBTAP00000043065	681	688
2055419	9913.ENSBTAP00000052799	23.7	2
2044545	9913.ENSBTAP00000015172	219	119
2055038	9913.ENSBTAP00000051657	13.5	4
2038934	9913.ENSBTAP00000001588	2.41	2
2039258	9913.ENSBTAP00000002342	8.96	6
2039627	9913.ENSBTAP00000003201	401	19
2047269	9913.ENSBTAP00000021651	18.6	3
2040438	9913.ENSBTAP00000005072	24.5	6
2049804	9913.ENSBTAP00000027753	16.3	2
2053914	9913.ENSBTAP00000047687	117	209
2042142	9913.ENSBTAP00000009151	67.0	9
2044408	9913.ENSBTAP00000014810	23.0	4
2039117	9913.ENSBTAP00000002033	117	39
2055035	9913.ENSBTAP00000051651	10.9	6
2048195	9913.ENSBTAP00000023927	1.72	9
2054075	9913.ENSBTAP00000048245	116	207
2050685	9913.ENSBTAP00000030808	13.3	3
2057210	9913.ENSBTAP00000055364	3.2	1
2048282	9913.ENSBTAP00000024149	41.5	15
2047585	9913.ENSBTAP00000022428	25.4	9
2050741	9913.ENSBTAP00000031119	3.99	2
2047046	9913.ENSBTAP00000021129	7.06	3
2046072	9913.ENSBTAP00000018869	2.65	1
2056661	9913.ENSBTAP00000054670	56.9	8
2040535	9913.ENSBTAP00000005323	22.7	7
2044975	9913.ENSBTAP00000016177	3.21	1
2055566	9913.ENSBTAP00000053200	48.1	31
2047106	9913.ENSBTAP00000021272	7.3	2
2038311	9913.ENSBTAP00000000144	114	58
2040313	9913.ENSBTAP00000004751	2666	350
2055632	9913.ENSBTAP00000053290	22.6	4
2049183	9913.ENSBTAP00000026269	50.0	27
2047205	9913.ENSBTAP00000021516	108	163
2051406	9913.ENSBTAP00000035330	1017	1389
2046512	9913.ENSBTAP00000019921	72.9	19
2039329	9913.ENSBTAP00000002492	53.8	16
2039501	9913.ENSBTAP00000002882	11.1	2
2052046	9913.ENSBTAP00000039600	20.3	3
2052109	9913.ENSBTAP00000040049	0.721	3
2041968	9913.ENSBTAP00000008726	47.2	4
2049406	9913.ENSBTAP00000026785	34.4	15
2055552	9913.ENSBTAP00000053182	3.81	2
2039297	9913.ENSBTAP00000002419	65.4	6
2048902	9913.ENSBTAP00000025617	385	64
2056214	9913.ENSBTAP00000054104	71.2	13
2055255	9913.ENSBTAP00000052296	160	23
2045528	9913.ENSBTAP00000017563	2.39	4
2051672	9913.ENSBTAP00000037091	124	53
2041355	9913.ENSBTAP00000007277	4.97	1
2048259	9913.ENSBTAP00000024086	13.5	44
2057677	9913.ENSBTAP00000055964	30.9	10
2050197	9913.ENSBTAP00000028746	6.02	1
2043673	9913.ENSBTAP00000012910	2.18	1
2042516	9913.ENSBTAP00000010081	1.82	1
2047423	9913.ENSBTAP00000022054	12.9	5
2043050	9913.ENSBTAP00000011388	106	19
2049760	9913.ENSBTAP00000027649	179	50
2043592	9913.ENSBTAP00000012701	4.09	1
2048557	9913.ENSBTAP00000024797	37.3	71
2052321	9913.ENSBTAP00000040872	32.8	13
2055364	9913.ENSBTAP00000052626	6.68	2
2047740	9913.ENSBTAP00000022789	83.3	17
2038469	9913.ENSBTAP00000000541	12.1	1
2040533	9913.ENSBTAP00000005311	1.97	1
2043741	9913.ENSBTAP00000013107	1.36	8
2051528	9913.ENSBTAP00000036133	69.0	12
2044242	9913.ENSBTAP00000014388	11.3	32
2042752	9913.ENSBTAP00000010661	600	197
2054273	9913.ENSBTAP00000048925	15.4	7
2045090	9913.ENSBTAP00000016514	14.1	13
2053494	9913.ENSBTAP00000045455	1.8	2
2050335	9913.ENSBTAP00000029075	23.6	6
2051887	9913.ENSBTAP00000038468	9.46	7
2041028	9913.ENSBTAP00000006494	16.3	6
2045200	9913.ENSBTAP00000016813	1.32	1
2042235	9913.ENSBTAP00000009406	36.4	17
2044083	9913.ENSBTAP00000013951	3.37	13
2040663	9913.ENSBTAP00000005625	11.8	13
2049843	9913.ENSBTAP00000027850	243	24
2044339	9913.ENSBTAP00000014641	352	239
2038864	9913.ENSBTAP00000001439	5.55	1
2039641	9913.ENSBTAP00000003229	10.7	11
2043107	9913.ENSBTAP00000011521	1127	352
2041713	9913.ENSBTAP00000008107	109	64
2046671	9913.ENSBTAP00000020243	70.8	14
2055888	9913.ENSBTAP00000053669	0.024	1
2052675	9913.ENSBTAP00000042153	247	20
2051738	9913.ENSBTAP00000037503	181	59
2049432	9913.ENSBTAP00000026841	28.2	3
2046298	9913.ENSBTAP00000019445	8.63	3
2053955	9913.ENSBTAP00000047865	878	179
2039259	9913.ENSBTAP00000002344	8.05	6
2053051	9913.ENSBTAP00000043475	3.87	1
2042759	9913.ENSBTAP00000010674	41.7	3
2051262	9913.ENSBTAP00000034522	2.33	2
2044613	9913.ENSBTAP00000015339	4.14	2
2045071	9913.ENSBTAP00000016453	196	14
2048126	9913.ENSBTAP00000023744	47.8	54
2057471	9913.ENSBTAP00000055694	9.57	55
2050312	9913.ENSBTAP00000029026	2.2	1
2044003	9913.ENSBTAP00000013719	10.4	3
2054057	9913.ENSBTAP00000048183	245	52
2044352	9913.ENSBTAP00000014666	47.4	10
2046691	9913.ENSBTAP00000020286	50.3	15
2054085	9913.ENSBTAP00000048297	123	42
2051220	9913.ENSBTAP00000034269	108	43
2050427	9913.ENSBTAP00000029284	81.0	8
2053632	9913.ENSBTAP00000046157	29.8	9
2052247	9913.ENSBTAP00000040659	0.656	7
2041946	9913.ENSBTAP00000008670	4.11	2
2044764	9913.ENSBTAP00000015703	8.66	4
2044620	9913.ENSBTAP00000015354	94.1	19
2040769	9913.ENSBTAP00000005874	3.31	1
2050352	9913.ENSBTAP00000029116	10.4	1
2048941	9913.ENSBTAP00000025697	47.4	10
2039076	9913.ENSBTAP00000001947	181	55
2050090	9913.ENSBTAP00000028498	277	44
2038493	9913.ENSBTAP00000000589	2743	76
2042001	9913.ENSBTAP00000008809	14.5	6
2056538	9913.ENSBTAP00000054517	232	81
2047397	9913.ENSBTAP00000022005	2.87	3
2054851	9913.ENSBTAP00000050975	4.9	1
2048077	9913.ENSBTAP00000023642	907	242
2041120	9913.ENSBTAP00000006715	40.9	2
2043281	9913.ENSBTAP00000011963	17.7	1
2042475	9913.ENSBTAP00000009971	31.7	11
2038496	9913.ENSBTAP00000000596	1.63	1
2054347	9913.ENSBTAP00000049165	213	449
2047925	9913.ENSBTAP00000023242	0.843	1
2041036	9913.ENSBTAP00000006510	2.56	1
2040942	9913.ENSBTAP00000006291	6.8	1
2045066	9913.ENSBTAP00000016432	4.53	3
2053197	9913.ENSBTAP00000044089	3.23	1
2056231	9913.ENSBTAP00000054125	17.7	3
2055398	9913.ENSBTAP00000052728	22.2	9
2047415	9913.ENSBTAP00000022037	543	514
2042430	9913.ENSBTAP00000009871	41.6	7
2055404	9913.ENSBTAP00000052749	117	209
2052809	9913.ENSBTAP00000042524	137	34
2049223	9913.ENSBTAP00000026358	1379	384
2038814	9913.ENSBTAP00000001338	15.2	4
2042665	9913.ENSBTAP00000010451	97.6	52
2039263	9913.ENSBTAP00000002350	3.04	2
2057674	9913.ENSBTAP00000055960	57.2	31
2051202	9913.ENSBTAP00000034171	0.362	5
2048550	9913.ENSBTAP00000024787	66.3	24
2039248	9913.ENSBTAP00000002326	2116	135
2057517	9913.ENSBTAP00000055757	15.8	53
2057590	9913.ENSBTAP00000055850	104	8
2040656	9913.ENSBTAP00000005606	5.74	4
2045824	9913.ENSBTAP00000018242	3.11	1
2042740	9913.ENSBTAP00000010644	287	153
2050842	9913.ENSBTAP00000031863	7.85	5
2051642	9913.ENSBTAP00000036917	394	110
2054454	9913.ENSBTAP00000049550	106	10
2045342	9913.ENSBTAP00000017140	4474	1029
2052755	9913.ENSBTAP00000042399	31.5	5
2042053	9913.ENSBTAP00000008936	32.6	26
2049157	9913.ENSBTAP00000026202	84.1	23
2044218	9913.ENSBTAP00000014304	2650	362
2047381	9913.ENSBTAP00000021952	2.99	1
2048423	9913.ENSBTAP00000024453	15.4	44
2039532	9913.ENSBTAP00000002951	2.62	1
2045116	9913.ENSBTAP00000016581	23.3	2
2054219	9913.ENSBTAP00000048748	374	8
2051910	9913.ENSBTAP00000038681	5.91	2
2046245	9913.ENSBTAP00000019298	2.55	1
2048740	9913.ENSBTAP00000025255	22.6	7
2045589	9913.ENSBTAP00000017685	2.26	1
2051221	9913.ENSBTAP00000034278	4.14	3
2040714	9913.ENSBTAP00000005747	107	25
2044442	9913.ENSBTAP00000014894	186	199
2050852	9913.ENSBTAP00000031937	30.3	7
2050038	9913.ENSBTAP00000028330	27.2	4
2042403	9913.ENSBTAP00000009803	7.87	2
2038825	9913.ENSBTAP00000001360	0.777	2
2046312	9913.ENSBTAP00000019475	3.18	2
2039946	9913.ENSBTAP00000003930	702	52
2040642	9913.ENSBTAP00000005581	175	87
2053509	9913.ENSBTAP00000045494	22.1	2
2044827	9913.ENSBTAP00000015828	164	502
2045768	9913.ENSBTAP00000018110	2.97	1
2055064	9913.ENSBTAP00000051734	10.3	10
2052729	9913.ENSBTAP00000042312	5.35	1
2054279	9913.ENSBTAP00000048950	79.3	16
2044125	9913.ENSBTAP00000014039	3.24	3
2039976	9913.ENSBTAP00000003999	133	66
2044760	9913.ENSBTAP00000015695	21.8	1
2056348	9913.ENSBTAP00000054275	44.1	6
2041437	9913.ENSBTAP00000007481	65.5	7
2043608	9913.ENSBTAP00000012740	0.465	1
2044300	9913.ENSBTAP00000014549	17.6	7
2051717	9913.ENSBTAP00000037356	1.26	2
2049179	9913.ENSBTAP00000026261	3.7	2
2056586	9913.ENSBTAP00000054574	54.7	26
2038835	9913.ENSBTAP00000001383	31.9	19
2041805	9913.ENSBTAP00000008336	5.86	2
2039620	9913.ENSBTAP00000003190	133	7
2052784	9913.ENSBTAP00000042466	507	675
2056469	9913.ENSBTAP00000054434	34.6	4
2043729	9913.ENSBTAP00000013079	62.7	15
2054562	9913.ENSBTAP00000049910	143	18
2053016	9913.ENSBTAP00000043357	309	275
2043452	9913.ENSBTAP00000012357	61.9	34
2038924	9913.ENSBTAP00000001568	9.85	2
2056978	9913.ENSBTAP00000055067	10.9	23
2041585	9913.ENSBTAP00000007823	7.58	3
2042104	9913.ENSBTAP00000009064	19.5	22
2048030	9913.ENSBTAP00000023522	34.0	20
2053899	9913.ENSBTAP00000047648	0.643	1
2056583	9913.ENSBTAP00000054571	8.35	7
2055211	9913.ENSBTAP00000052168	117	209
2048934	9913.ENSBTAP00000025683	4.59	1
2046885	9913.ENSBTAP00000020716	2.7	1
2051858	9913.ENSBTAP00000038270	0.33	1
2048630	9913.ENSBTAP00000025005	106	149
2041378	9913.ENSBTAP00000007338	370	118
2049098	9913.ENSBTAP00000026053	165	15
2055281	9913.ENSBTAP00000052370	109	11
2041315	9913.ENSBTAP00000007170	28.9	13
2051468	9913.ENSBTAP00000035741	2.49	3
2054907	9913.ENSBTAP00000051164	3.27	1
2050071	9913.ENSBTAP00000028441	0.339	1
2044452	9913.ENSBTAP00000014926	2.22	2
2048111	9913.ENSBTAP00000023709	20.0	6
2050652	9913.ENSBTAP00000030521	985	265
2057091	9913.ENSBTAP00000055208	15.5	76
2052420	9913.ENSBTAP00000041243	26.0	22
2038958	9913.ENSBTAP00000001650	3.41	1
2056779	9913.ENSBTAP00000054812	3635	1645
2048466	9913.ENSBTAP00000024553	8.76	11
2050881	9913.ENSBTAP00000032150	13.3	10
2047687	9913.ENSBTAP00000022687	6.64	4
2057731	9913.ENSBTAP00000056029	379	669
2052201	9913.ENSBTAP00000040479	225	16
2040871	9913.ENSBTAP00000006116	2.62	1
2050508	9913.ENSBTAP00000029667	4.19	1
2055094	9913.ENSBTAP00000051820	5.27	2
2044800	9913.ENSBTAP00000015769	19.4	14
2045767	9913.ENSBTAP00000018109	5.61	1
2045203	9913.ENSBTAP00000016830	1.1	1
2040737	9913.ENSBTAP00000005789	2.93	1
2042120	9913.ENSBTAP00000009098	7.02	4
2046192	9913.ENSBTAP00000019184	206	17
2049232	9913.ENSBTAP00000026377	337	190
2041851	9913.ENSBTAP00000008434	4.05	3
2039383	9913.ENSBTAP00000002616	360	54
2054365	9913.ENSBTAP00000049208	13.8	6
2044792	9913.ENSBTAP00000015759	13.1	6
2052839	9913.ENSBTAP00000042635	320	294
2047223	9913.ENSBTAP00000021559	9.38	2
2042329	9913.ENSBTAP00000009643	68.8	6
2041672	9913.ENSBTAP00000008019	12.0	1
2050905	9913.ENSBTAP00000032276	79.7	25
2055002	9913.ENSBTAP00000051513	7.51	53
2049621	9913.ENSBTAP00000027308	117	209
2052524	9913.ENSBTAP00000041580	70.2	16
2041116	9913.ENSBTAP00000006703	4.89	1
2039720	9913.ENSBTAP00000003415	3.05	1
2058101	9913.ENSBTAP00000056478	17.8	24
2053431	9913.ENSBTAP00000045066	18.7	32
2040299	9913.ENSBTAP00000004721	2.87	1
2041542	9913.ENSBTAP00000007723	44.6	9
2050920	9913.ENSBTAP00000032359	171	13
2045887	9913.ENSBTAP00000018403	45.8	7
2057328	9913.ENSBTAP00000055514	117	209
2051723	9913.ENSBTAP00000037386	28.3	6
2042308	9913.ENSBTAP00000009599	4.08	2
2046812	9913.ENSBTAP00000020559	4.36	2
2054654	9913.ENSBTAP00000050256	2424	1663
2046122	9913.ENSBTAP00000018998	91.8	19
2044580	9913.ENSBTAP00000015264	0.908	3
2039932	9913.ENSBTAP00000003897	49.0	14
2046612	9913.ENSBTAP00000020113	19.1	1
2050918	9913.ENSBTAP00000032338	4.71	1
2052704	9913.ENSBTAP00000042244	154	24
2044848	9913.ENSBTAP00000015881	6.69	6
2044958	9913.ENSBTAP00000016137	32.0	25
2039205	9913.ENSBTAP00000002240	1.37	1
2057889	9913.ENSBTAP00000056225	76.2	120
2042522	9913.ENSBTAP00000010103	9.25	1
2038637	9913.ENSBTAP00000000943	38.1	3
2044027	9913.ENSBTAP00000013791	1.51	3
2052547	9913.ENSBTAP00000041673	7.74	5
2053841	9913.ENSBTAP00000047423	5.24	3
2053276	9913.ENSBTAP00000044384	3.93	6
2050460	9913.ENSBTAP00000029362	3.94	2
2042858	9913.ENSBTAP00000010912	6.3	1
2052601	9913.ENSBTAP00000041860	1149	104
2051980	9913.ENSBTAP00000039145	224	119
2051410	9913.ENSBTAP00000035354	1.15	2
2038523	9913.ENSBTAP00000000677	3.55	8
2043228	9913.ENSBTAP00000011803	20.1	6
2048893	9913.ENSBTAP00000025599	18.3	4
2044010	9913.ENSBTAP00000013737	321	492
2042453	9913.ENSBTAP00000009923	585	269
2047952	9913.ENSBTAP00000023325	39.2	12
2047095	9913.ENSBTAP00000021256	5469	1256
2055011	9913.ENSBTAP00000051545	12.6	5
2040836	9913.ENSBTAP00000006033	209	89
2048844	9913.ENSBTAP00000025496	51.6	24
2057409	9913.ENSBTAP00000055621	4.84	1
2055209	9913.ENSBTAP00000052160	117	209
2052455	9913.ENSBTAP00000041335	8.79	6
2049529	9913.ENSBTAP00000027098	32.2	9
2050164	9913.ENSBTAP00000028674	795	259
2042832	9913.ENSBTAP00000010838	1731	148
2045618	9913.ENSBTAP00000017770	30.9	10
2052274	9913.ENSBTAP00000040728	25.1	6
2046955	9913.ENSBTAP00000020880	47.0	11
2041399	9913.ENSBTAP00000007398	141	17
2040596	9913.ENSBTAP00000005472	41.7	18
2038968	9913.ENSBTAP00000001674	6.31	4
2052029	9913.ENSBTAP00000039506	140	38
2041639	9913.ENSBTAP00000007943	2571	763
2055577	9913.ENSBTAP00000053212	6.11	4
2051945	9913.ENSBTAP00000038955	11.7	3
2046436	9913.ENSBTAP00000019747	4.07	1
2048653	9913.ENSBTAP00000025055	2.19	2
2046481	9913.ENSBTAP00000019848	2.04	3
2051643	9913.ENSBTAP00000036928	74.3	23
2042389	9913.ENSBTAP00000009775	2.14	1
2039923	9913.ENSBTAP00000003875	92.1	16
2049801	9913.ENSBTAP00000027749	0.706	7
2050559	9913.ENSBTAP00000030027	197	159
2055127	9913.ENSBTAP00000051920	26.3	14
2049264	9913.ENSBTAP00000026449	50.3	24
2047819	9913.ENSBTAP00000022979	193	217
2054777	9913.ENSBTAP00000050702	151	54
2043347	9913.ENSBTAP00000012108	9.27	5
2052418	9913.ENSBTAP00000041239	93.8	30
2038462	9913.ENSBTAP00000000527	7.45	1
2050549	9913.ENSBTAP00000029965	25.5	7
2049599	9913.ENSBTAP00000027246	48.2	23
2045646	9913.ENSBTAP00000017839	1498	601
2039735	9913.ENSBTAP00000003441	2.84	1
2039528	9913.ENSBTAP00000002938	5.3	1
2049312	9913.ENSBTAP00000026553	1.23	1
2051121	9913.ENSBTAP00000033696	86.9	23
2052761	9913.ENSBTAP00000042409	507	675
2049643	9913.ENSBTAP00000027359	41.4	8
2045987	9913.ENSBTAP00000018669	75.8	17
2048853	9913.ENSBTAP00000025507	8.99	5
2041517	9913.ENSBTAP00000007680	27.2	5
2046418	9913.ENSBTAP00000019699	27.7	14
2040808	9913.ENSBTAP00000005988	0.486	2
2045322	9913.ENSBTAP00000017086	43.2	10
2058010	9913.ENSBTAP00000056371	154	27
2043059	9913.ENSBTAP00000011403	293	68
2039578	9913.ENSBTAP00000003058	4.67	2
2043072	9913.ENSBTAP00000011447	361	188
2045072	9913.ENSBTAP00000016461	65.4	16
2050027	9913.ENSBTAP00000028282	251	18
2039336	9913.ENSBTAP00000002506	52.0	4
2047481	9913.ENSBTAP00000022185	2.12	4
2044472	9913.ENSBTAP00000014978	165	138
2053347	9913.ENSBTAP00000044670	8.28	1
2039473	9913.ENSBTAP00000002822	6.57	7
2047966	9913.ENSBTAP00000023364	3.32	6
2047984	9913.ENSBTAP00000023406	432	79
2046256	9913.ENSBTAP00000019318	610	427
2048268	9913.ENSBTAP00000024107	1365	272
2039956	9913.ENSBTAP00000003959	19.0	1
2053130	9913.ENSBTAP00000043814	81.9	25
2055189	9913.ENSBTAP00000052105	178	32
2052657	9913.ENSBTAP00000042081	0.851	1
2041837	9913.ENSBTAP00000008410	13.0	1
2057413	9913.ENSBTAP00000055625	21.5	78
2053008	9913.ENSBTAP00000043331	12.7	1
2038742	9913.ENSBTAP00000001187	942	241
2056349	9913.ENSBTAP00000054280	131	139
2054973	9913.ENSBTAP00000051428	117	209
2052940	9913.ENSBTAP00000043043	1.57	1
2047063	9913.ENSBTAP00000021174	143	35
2042540	9913.ENSBTAP00000010141	11.9	2
2057294	9913.ENSBTAP00000055469	2288	267
2042261	9913.ENSBTAP00000009471	320	294
2057930	9913.ENSBTAP00000056274	130	22
2057236	9913.ENSBTAP00000055395	9.96	53
2056356	9913.ENSBTAP00000054289	8.51	3
2045508	9913.ENSBTAP00000017503	282	141
2047361	9913.ENSBTAP00000021893	4.54	5
2052453	9913.ENSBTAP00000041333	2.25	2
2052220	9913.ENSBTAP00000040572	2.41	1
2042995	9913.ENSBTAP00000011257	19.6	2
2052785	9913.ENSBTAP00000042467	507	675
2042352	9913.ENSBTAP00000009699	1980	170
2041296	9913.ENSBTAP00000007135	9.51	3
2057681	9913.ENSBTAP00000055969	33.4	11
2047208	9913.ENSBTAP00000021519	3.09	7
2043231	9913.ENSBTAP00000011811	231	287
2045204	9913.ENSBTAP00000016832	4.36	5
2039861	9913.ENSBTAP00000003732	4.59	1
2038745	9913.ENSBTAP00000001190	18.9	21
2042552	9913.ENSBTAP00000010176	584	114
2048351	9913.ENSBTAP00000024307	14.0	5
2039762	9913.ENSBTAP00000003503	108	23
2052431	9913.ENSBTAP00000041265	51.2	17
2053935	9913.ENSBTAP00000047778	13.2	76
2039140	9913.ENSBTAP00000002092	202	43
2044421	9913.ENSBTAP00000014850	61.7	15
2056555	9913.ENSBTAP00000054540	9.22	55
2050539	9913.ENSBTAP00000029915	14.7	3
2044146	9913.ENSBTAP00000014072	59.1	12
2049066	9913.ENSBTAP00000025985	4.74	3
2055756	9913.ENSBTAP00000053480	5.51	2
2049601	9913.ENSBTAP00000027250	311	33
2048506	9913.ENSBTAP00000024663	32.0	65
2046674	9913.ENSBTAP00000020252	32.6	15
2042608	9913.ENSBTAP00000010311	47.3	12
2052750	9913.ENSBTAP00000042386	922	143
2045355	9913.ENSBTAP00000017167	10.9	2
2043262	9913.ENSBTAP00000011906	1.03	1
2057215	9913.ENSBTAP00000055370	38.4	21
2054485	9913.ENSBTAP00000049648	507	675
2040031	9913.ENSBTAP00000004114	9.75	4
2046682	9913.ENSBTAP00000020266	7.87	2
2044712	9913.ENSBTAP00000015583	5.89	2
2040659	9913.ENSBTAP00000005618	1090	299
2042026	9913.ENSBTAP00000008877	80.9	34
2040886	9913.ENSBTAP00000006167	170	170
2043362	9913.ENSBTAP00000012138	80.6	11
2041918	9913.ENSBTAP00000008609	295	42
2046362	9913.ENSBTAP00000019575	14.0	5
2038628	9913.ENSBTAP00000000926	17.5	1
2054959	9913.ENSBTAP00000051376	117	209
2040693	9913.ENSBTAP00000005684	85.5	49
2042964	9913.ENSBTAP00000011175	1.31	1
2054015	9913.ENSBTAP00000048046	8.76	55
2040226	9913.ENSBTAP00000004559	3.67	1
2053516	9913.ENSBTAP00000045533	160	31
2046172	9913.ENSBTAP00000019134	41.1	10
2047577	9913.ENSBTAP00000022411	551	365
2050129	9913.ENSBTAP00000028602	1527	246
2054370	9913.ENSBTAP00000049230	27.3	11
2044641	9913.ENSBTAP00000015408	26.3	3
2038680	9913.ENSBTAP00000001045	5.95	2
2050287	9913.ENSBTAP00000028966	8.46	1
2047945	9913.ENSBTAP00000023309	17.9	3
2046167	9913.ENSBTAP00000019121	2.55	2
2042566	9913.ENSBTAP00000010206	5.35	1
2044163	9913.ENSBTAP00000014123	320	294
2039894	9913.ENSBTAP00000003805	18.0	12
2053120	9913.ENSBTAP00000043763	12.5	7
2056181	9913.ENSBTAP00000054061	6.32	23
2039864	9913.ENSBTAP00000003743	4.11	1
2054021	9913.ENSBTAP00000048062	13.8	6
2039178	9913.ENSBTAP00000002170	8.01	2
2044302	9913.ENSBTAP00000014552	204	7
2057788	9913.ENSBTAP00000056098	42.1	23
2052816	9913.ENSBTAP00000042551	83.6	22
2046394	9913.ENSBTAP00000019643	11.2	1
2050435	9913.ENSBTAP00000029301	18.4	8
2052832	9913.ENSBTAP00000042612	1158	40
2039074	9913.ENSBTAP00000001942	6.45	1
2056632	9913.ENSBTAP00000054635	507	675
2044081	9913.ENSBTAP00000013947	249	46
2050966	9913.ENSBTAP00000032642	11.5	2
2047289	9913.ENSBTAP00000021701	8.68	2
2044733	9913.ENSBTAP00000015635	24.3	14
2045726	9913.ENSBTAP00000017999	10.0	2
2045968	9913.ENSBTAP00000018618	214	114
2046080	9913.ENSBTAP00000018888	43.2	2
2045229	9913.ENSBTAP00000016884	102	11
2046928	9913.ENSBTAP00000020817	10.9	3
2051067	9913.ENSBTAP00000033317	6.55	53
2040934	9913.ENSBTAP00000006275	493	28
2058011	9913.ENSBTAP00000056372	30.6	11
2057836	9913.ENSBTAP00000056163	228	61
2057250	9913.ENSBTAP00000055412	107	110
2054210	9913.ENSBTAP00000048719	13.8	6
2053740	9913.ENSBTAP00000046733	507	675
2055387	9913.ENSBTAP00000052701	136	57
2038277	9913.ENSBTAP00000000079	1911	284
2041045	9913.ENSBTAP00000006532	4707	7528
2042987	9913.ENSBTAP00000011242	8.94	2
2048171	9913.ENSBTAP00000023860	115	3
2046296	9913.ENSBTAP00000019438	9.06	1
2054022	9913.ENSBTAP00000048068	1.39	2
2054135	9913.ENSBTAP00000048477	169	625
2046247	9913.ENSBTAP00000019302	129	47
2049429	9913.ENSBTAP00000026836	2.0	1
2041924	9913.ENSBTAP00000008621	249	48
2040859	9913.ENSBTAP00000006094	5.49	1
2045336	9913.ENSBTAP00000017120	30.0	8
2053135	9913.ENSBTAP00000043833	4630	72
2041978	9913.ENSBTAP00000008744	137	3
2057418	9913.ENSBTAP00000055631	21.3	31
2054746	9913.ENSBTAP00000050594	23.2	14
2055693	9913.ENSBTAP00000053383	354	17
2043298	9913.ENSBTAP00000012002	4.16	2
2052687	9913.ENSBTAP00000042184	7.3	1
2039295	9913.ENSBTAP00000002416	40.1	51
2042575	9913.ENSBTAP00000010230	12.4	3
2043641	9913.ENSBTAP00000012827	20.7	21
2045916	9913.ENSBTAP00000018484	124	19
2054357	9913.ENSBTAP00000049194	34.9	3
2039662	9913.ENSBTAP00000003277	8.35	1
2039690	9913.ENSBTAP00000003343	103	161
2041016	9913.ENSBTAP00000006465	1052	330
2042886	9913.ENSBTAP00000010988	1.76	1
2046708	9913.ENSBTAP00000020323	55.9	3
2039125	9913.ENSBTAP00000002055	72.2	33
2047900	9913.ENSBTAP00000023183	26.8	2
2039139	9913.ENSBTAP00000002088	202	43
2053240	9913.ENSBTAP00000044260	64.2	20
2039406	9913.ENSBTAP00000002654	141	29
2053395	9913.ENSBTAP00000044884	9.02	6
2044341	9913.ENSBTAP00000014645	34.8	7
2042672	9913.ENSBTAP00000010466	3.37	1
2042914	9913.ENSBTAP00000011042	18.3	4
2044205	9913.ENSBTAP00000014273	3.13	3
2049972	9913.ENSBTAP00000028152	2.55	1
2044895	9913.ENSBTAP00000015991	2.41	1
2048984	9913.ENSBTAP00000025803	18.1	3
2041480	9913.ENSBTAP00000007589	40.7	24
2046493	9913.ENSBTAP00000019872	12.2	4
2038368	9913.ENSBTAP00000000304	42.5	2
2057149	9913.ENSBTAP00000055286	57.3	14
2049734	9913.ENSBTAP00000027556	2.09	1
2039668	9913.ENSBTAP00000003305	1128	65
2053054	9913.ENSBTAP00000043489	20.7	4
2057617	9913.ENSBTAP00000055887	817	713
2050990	9913.ENSBTAP00000032857	45.3	14
2047206	9913.ENSBTAP00000021517	1.37	1
2053857	9913.ENSBTAP00000047510	10.2	2
2047414	9913.ENSBTAP00000022034	23758	5540
2047584	9913.ENSBTAP00000022422	7.56	3
2053094	9913.ENSBTAP00000043661	461	128
2053204	9913.ENSBTAP00000044105	1331	131
2057043	9913.ENSBTAP00000055150	111	11
2055160	9913.ENSBTAP00000052015	12.3	6
2038580	9913.ENSBTAP00000000814	387	28
2038540	9913.ENSBTAP00000000721	140	11
2042424	9913.ENSBTAP00000009857	36.0	2
2049823	9913.ENSBTAP00000027793	27.9	6
2039054	9913.ENSBTAP00000001890	179	11
2047567	9913.ENSBTAP00000022386	33.5	9
2048840	9913.ENSBTAP00000025484	347	24
2057871	9913.ENSBTAP00000056204	47.1	20
2052490	9913.ENSBTAP00000041467	5.66	2
2042071	9913.ENSBTAP00000008979	52.8	12
2046616	9913.ENSBTAP00000020121	3.7	1
2042148	9913.ENSBTAP00000009173	62.5	32
2051689	9913.ENSBTAP00000037200	165	25
2045161	9913.ENSBTAP00000016712	2267	129
2042387	9913.ENSBTAP00000009771	10.6	9
2039167	9913.ENSBTAP00000002145	457	270
2049956	9913.ENSBTAP00000028111	103	22
2047912	9913.ENSBTAP00000023206	22.6	8
2047259	9913.ENSBTAP00000021637	16.8	4
2054455	9913.ENSBTAP00000049552	2.59	3
2049067	9913.ENSBTAP00000025989	10.8	1
2051110	9913.ENSBTAP00000033613	3.69	1
2048514	9913.ENSBTAP00000024683	4.04	4
2051828	9913.ENSBTAP00000038059	24.5	18
2049640	9913.ENSBTAP00000027348	3637	1131
2053610	9913.ENSBTAP00000046041	1947	359
2055573	9913.ENSBTAP00000053207	20.1	14
2054818	9913.ENSBTAP00000050842	1.32	2
2046629	9913.ENSBTAP00000020148	3353	107
2041555	9913.ENSBTAP00000007761	24.1	1
2041070	9913.ENSBTAP00000006590	8447	2195
2044973	9913.ENSBTAP00000016173	0.569	3
2054983	9913.ENSBTAP00000051456	117	209
2047802	9913.ENSBTAP00000022936	8.34	1
2044437	9913.ENSBTAP00000014883	897	240
2043888	9913.ENSBTAP00000013449	1.5	1
2049424	9913.ENSBTAP00000026826	53.6	16
2039027	9913.ENSBTAP00000001829	18.1	5
2044705	9913.ENSBTAP00000015564	70.6	16
2040625	9913.ENSBTAP00000005542	165	42
2041455	9913.ENSBTAP00000007527	357	83
2045609	9913.ENSBTAP00000017739	11.8	2
2047825	9913.ENSBTAP00000022991	1490	170
2040267	9913.ENSBTAP00000004644	2.77	2
2048549	9913.ENSBTAP00000024782	43.8	9
2054911	9913.ENSBTAP00000051168	56.0	69
2053239	9913.ENSBTAP00000044257	30.2	5
2055929	9913.ENSBTAP00000053727	2.62	5
2049015	9913.ENSBTAP00000025870	9.68	1
2056253	9913.ENSBTAP00000054152	11.8	2
2047795	9913.ENSBTAP00000022919	168	114
2052780	9913.ENSBTAP00000042460	507	675
2053598	9913.ENSBTAP00000045984	5.6	2
2049899	9913.ENSBTAP00000027964	12.6	5
2044639	9913.ENSBTAP00000015403	14.8	4
2050419	9913.ENSBTAP00000029271	200	18
2047517	9913.ENSBTAP00000022266	11.5	2
2045678	9913.ENSBTAP00000017901	103	11
2041900	9913.ENSBTAP00000008569	774	60
2050590	9913.ENSBTAP00000030179	274	461
2054285	9913.ENSBTAP00000048970	97.3	19
2043626	9913.ENSBTAP00000012786	10.8	22
2040709	9913.ENSBTAP00000005733	8.23	2
2044351	9913.ENSBTAP00000014665	85.1	5
2049961	9913.ENSBTAP00000028125	1.0	1
2039782	9913.ENSBTAP00000003545	19.6	3
2052346	9913.ENSBTAP00000040954	55.5	7
2052124	9913.ENSBTAP00000040143	17.2	6
2040228	9913.ENSBTAP00000004562	57.7	22
2045019	9913.ENSBTAP00000016300	124	31
2056533	9913.ENSBTAP00000054511	4.55	1
2045556	9913.ENSBTAP00000017614	13.2	5
2046372	9913.ENSBTAP00000019596	92.2	54
2054922	9913.ENSBTAP00000051210	6.57	10
2039016	9913.ENSBTAP00000001791	151	19
2041950	9913.ENSBTAP00000008678	3.86	1
2048015	9913.ENSBTAP00000023493	161	23
2042146	9913.ENSBTAP00000009160	51.1	14
2048390	9913.ENSBTAP00000024376	1175	57
2043206	9913.ENSBTAP00000011757	16.1	3
2052190	9913.ENSBTAP00000040445	17.9	1
2048105	9913.ENSBTAP00000023700	62.5	15
2039716	9913.ENSBTAP00000003409	76386	4611
2054962	9913.ENSBTAP00000051388	78.7	10
2044941	9913.ENSBTAP00000016093	37.7	20
2040899	9913.ENSBTAP00000006190	68.5	7
2041890	9913.ENSBTAP00000008518	10.0	14
2052426	9913.ENSBTAP00000041259	11.7	1
2047013	9913.ENSBTAP00000021025	256	29
2041884	9913.ENSBTAP00000008508	9.9	2
2050437	9913.ENSBTAP00000029304	297	48
2049178	9913.ENSBTAP00000026259	112	13
2050415	9913.ENSBTAP00000029264	25.0	92
2049248	9913.ENSBTAP00000026409	13.6	9
2050302	9913.ENSBTAP00000029007	5.87	1
2049711	9913.ENSBTAP00000027510	110	32
2056956	9913.ENSBTAP00000055037	3.73	1
2048421	9913.ENSBTAP00000024448	70.5	46
2039122	9913.ENSBTAP00000002051	48.3	21
2051833	9913.ENSBTAP00000038081	35.3	2
2039860	9913.ENSBTAP00000003728	1.52	1
2050655	9913.ENSBTAP00000030543	15.0	45
2041822	9913.ENSBTAP00000008372	578	693
2053645	9913.ENSBTAP00000046226	4.25	23
2055805	9913.ENSBTAP00000053540	2.0	1
2046048	9913.ENSBTAP00000018808	11.3	3
2043866	9913.ENSBTAP00000013405	8.67	1
2040969	9913.ENSBTAP00000006358	8.89	2
2045388	9913.ENSBTAP00000017251	27.3	7
2050230	9913.ENSBTAP00000028825	44.6	12
2040548	9913.ENSBTAP00000005346	503	721
2055052	9913.ENSBTAP00000051709	13.8	6
2057277	9913.ENSBTAP00000055446	8.95	6
2044990	9913.ENSBTAP00000016216	8.62	2
2051455	9913.ENSBTAP00000035656	4.42	1
2046878	9913.ENSBTAP00000020709	25.7	9
2046154	9913.ENSBTAP00000019090	83.9	6
2050005	9913.ENSBTAP00000028239	21.2	8
2051413	9913.ENSBTAP00000035361	1.18	2
2047476	9913.ENSBTAP00000022178	18.5	8
2055417	9913.ENSBTAP00000052791	0.642	1
2051607	9913.ENSBTAP00000036691	27.5	1
2051058	9913.ENSBTAP00000033280	507	675
2055543	9913.ENSBTAP00000053169	12.8	11
2053620	9913.ENSBTAP00000046086	2.12	1
2040379	9913.ENSBTAP00000004913	2.33	1
2052636	9913.ENSBTAP00000042008	7.8	3
2057119	9913.ENSBTAP00000055245	61.9	22
2047232	9913.ENSBTAP00000021587	223	18
2043818	9913.ENSBTAP00000013271	3.14	2
2041863	9913.ENSBTAP00000008460	60.4	4
2056297	9913.ENSBTAP00000054206	15.6	2
2056104	9913.ENSBTAP00000053967	4.44	1
2052290	9913.ENSBTAP00000040769	3.51	3
2039384	9913.ENSBTAP00000002617	70.8	13
2044173	9913.ENSBTAP00000014162	334	30
2040805	9913.ENSBTAP00000005982	914	352
2045719	9913.ENSBTAP00000017988	207	87
2045919	9913.ENSBTAP00000018492	20.2	5
2044675	9913.ENSBTAP00000015473	2.15	1
2051539	9913.ENSBTAP00000036252	351	210
2049628	9913.ENSBTAP00000027332	1.75	3
2051739	9913.ENSBTAP00000037506	22.1	13
2038928	9913.ENSBTAP00000001575	5.25	2
2049428	9913.ENSBTAP00000026834	30.7	16
2038378	9913.ENSBTAP00000000323	3.16	5
2038900	9913.ENSBTAP00000001518	391	10
2041625	9913.ENSBTAP00000007922	14.1	7
2044282	9913.ENSBTAP00000014511	6.05	1
2048145	9913.ENSBTAP00000023778	27.4	8
2051857	9913.ENSBTAP00000038266	66.9	21
2044024	9913.ENSBTAP00000013787	78.9	17
2049684	9913.ENSBTAP00000027444	13.0	10
2052709	9913.ENSBTAP00000042255	3022	594
2048188	9913.ENSBTAP00000023912	125	50
2042173	9913.ENSBTAP00000009264	53.9	60
2054407	9913.ENSBTAP00000049374	14.4	53
2047812	9913.ENSBTAP00000022964	1.86	1
2048640	9913.ENSBTAP00000025026	10.3	1
2043865	9913.ENSBTAP00000013402	81.2	17
2050456	9913.ENSBTAP00000029348	35.5	76
2051023	9913.ENSBTAP00000033015	379	114
2043171	9913.ENSBTAP00000011678	10.0	5
2046551	9913.ENSBTAP00000020009	42.4	8
2046943	9913.ENSBTAP00000020859	9.29	1
2049788	9913.ENSBTAP00000027713	85.1	10
2047445	9913.ENSBTAP00000022103	0.721	1
2044559	9913.ENSBTAP00000015208	175	25
2040110	9913.ENSBTAP00000004280	46.7	13
2053287	9913.ENSBTAP00000044462	2.51	1
2047772	9913.ENSBTAP00000022858	2.9	3
2039339	9913.ENSBTAP00000002513	43.5	16
2051045	9913.ENSBTAP00000033188	1.57	7
2053009	9913.ENSBTAP00000043333	3.64	1
2050264	9913.ENSBTAP00000028902	116	34
2049750	9913.ENSBTAP00000027623	193	54
2047829	9913.ENSBTAP00000023005	56.1	31
2041010	9913.ENSBTAP00000006450	115	67
2043749	9913.ENSBTAP00000013121	2.11	2
2050452	9913.ENSBTAP00000029336	6.66	4
2052396	9913.ENSBTAP00000041167	3.9	2
2052471	9913.ENSBTAP00000041398	213	449
2048710	9913.ENSBTAP00000025179	2.49	1
2055167	9913.ENSBTAP00000052035	81.3	90
2038541	9913.ENSBTAP00000000722	8.82	1
2057562	9913.ENSBTAP00000055818	5.19	23
2045366	9913.ENSBTAP00000017188	13.5	4
2045893	9913.ENSBTAP00000018414	109	11
2044574	9913.ENSBTAP00000015248	138	32
2045483	9913.ENSBTAP00000017442	83.5	19
2039531	9913.ENSBTAP00000002948	3.73	1
2039816	9913.ENSBTAP00000003616	2.99	2
2047598	9913.ENSBTAP00000022470	0.86	2
2055711	9913.ENSBTAP00000053409	0.255	3
2052416	9913.ENSBTAP00000041235	4.62	1
2040168	9913.ENSBTAP00000004408	1.62	1
2047344	9913.ENSBTAP00000021848	62.4	5
2052792	9913.ENSBTAP00000042482	29.0	4
2050488	9913.ENSBTAP00000029508	21.1	92
2048818	9913.ENSBTAP00000025437	3.73	1
2049242	9913.ENSBTAP00000026395	2.57	1
2049982	9913.ENSBTAP00000028188	49.6	135
2038348	9913.ENSBTAP00000000240	18.1	2
2048364	9913.ENSBTAP00000024326	131	23
2054107	9913.ENSBTAP00000048368	49.4	17
2043563	9913.ENSBTAP00000012612	9.68	6
2049535	9913.ENSBTAP00000027115	84.3	27
2048262	9913.ENSBTAP00000024094	258	38
2055245	9913.ENSBTAP00000052261	320	294
2055131	9913.ENSBTAP00000051926	10.2	53
2051924	9913.ENSBTAP00000038763	3.49	3
2041905	9913.ENSBTAP00000008580	35.2	9
2052946	9913.ENSBTAP00000043063	29832	6081
2042171	9913.ENSBTAP00000009261	23.7	10
2057163	9913.ENSBTAP00000055302	9.36	1
2050185	9913.ENSBTAP00000028712	121	15
2045779	9913.ENSBTAP00000018131	38.3	10
2046278	9913.ENSBTAP00000019385	137	99
2050732	9913.ENSBTAP00000031070	153	67
2048306	9913.ENSBTAP00000024208	254	38
2041814	9913.ENSBTAP00000008358	59.0	23
2044770	9913.ENSBTAP00000015716	176	41
2047953	9913.ENSBTAP00000023326	3.52	15
2049886	9913.ENSBTAP00000027941	2316	889
2046380	9913.ENSBTAP00000019612	0.807	1
2054416	9913.ENSBTAP00000049395	1.4	1
2046078	9913.ENSBTAP00000018886	3.6	2
2052417	9913.ENSBTAP00000041236	2.36	1
2046291	9913.ENSBTAP00000019422	19.5	5
2055129	9913.ENSBTAP00000051924	13.8	6
2053038	9913.ENSBTAP00000043445	3.53	3
2055493	9913.ENSBTAP00000053020	13.8	6
2047793	9913.ENSBTAP00000022911	3.23	5
2051513	9913.ENSBTAP00000036036	83.4	18
2043710	9913.ENSBTAP00000013014	8.64	4
2040538	9913.ENSBTAP00000005327	350	304
2044320	9913.ENSBTAP00000014585	18.7	2
2046443	9913.ENSBTAP00000019758	3.77	1
2038710	9913.ENSBTAP00000001098	98.8	6
2047162	9913.ENSBTAP00000021425	408	43
2042041	9913.ENSBTAP00000008907	114	50
2048272	9913.ENSBTAP00000024127	0.355	1
2038965	9913.ENSBTAP00000001667	29.2	8
2040566	9913.ENSBTAP00000005398	24.6	7
2039079	9913.ENSBTAP00000001950	217	440
2057439	9913.ENSBTAP00000055658	10.8	1
2047468	9913.ENSBTAP00000022158	1067	1363
2044097	9913.ENSBTAP00000013985	2.28	1
2039337	9913.ENSBTAP00000002508	873	195
2054995	9913.ENSBTAP00000051492	13.8	6
2055488	9913.ENSBTAP00000053003	168	114
2041379	9913.ENSBTAP00000007339	1.17	1
2047714	9913.ENSBTAP00000022744	1.72	4
2057111	9913.ENSBTAP00000055237	10.9	76
2038525	9913.ENSBTAP00000000683	277	39
2041000	9913.ENSBTAP00000006430	6.58	7
2050600	9913.ENSBTAP00000030232	507	675
2044538	9913.ENSBTAP00000015160	19.9	4
2051721	9913.ENSBTAP00000037374	23758	5540
2046778	9913.ENSBTAP00000020452	224	19
2057982	9913.ENSBTAP00000056335	20.2	4
2050367	9913.ENSBTAP00000029147	62.4	9
2038988	9913.ENSBTAP00000001723	3.39	8
2038315	9913.ENSBTAP00000000159	333	104
2040202	9913.ENSBTAP00000004503	30.6	4
2049767	9913.ENSBTAP00000027662	38.3	15
2053979	9913.ENSBTAP00000047927	3.84	3
2042640	9913.ENSBTAP00000010389	33.6	5
2047782	9913.ENSBTAP00000022881	2.43	1
2053791	9913.ENSBTAP00000047104	13.8	11
2038979	9913.ENSBTAP00000001704	545	459
2048411	9913.ENSBTAP00000024424	30.9	10
2039744	9913.ENSBTAP00000003467	7.76	3
2049929	9913.ENSBTAP00000028048	5.63	2
2044171	9913.ENSBTAP00000014154	42.0	25
2048570	9913.ENSBTAP00000024825	11.4	2
2043890	9913.ENSBTAP00000013451	116	22
2043750	9913.ENSBTAP00000013123	9.11	3
2039875	9913.ENSBTAP00000003769	62.2	17
2042359	9913.ENSBTAP00000009712	129	3
2052135	9913.ENSBTAP00000040198	1.6	1
2048091	9913.ENSBTAP00000023664	29.0	2
2055081	9913.ENSBTAP00000051780	16.4	2
2048449	9913.ENSBTAP00000024514	4.24	5
2040129	9913.ENSBTAP00000004332	5.73	1
2048875	9913.ENSBTAP00000025561	5918	335
2051193	9913.ENSBTAP00000034086	13.8	6
2048811	9913.ENSBTAP00000025422	53.8	13
2046264	9913.ENSBTAP00000019336	289	161
2039595	9913.ENSBTAP00000003129	31.2	1
2052530	9913.ENSBTAP00000041616	603	205
2046549	9913.ENSBTAP00000020003	2.38	2
2050547	9913.ENSBTAP00000029960	74.7	13
2052769	9913.ENSBTAP00000042429	320	294
2046916	9913.ENSBTAP00000020790	40.3	9
2047885	9913.ENSBTAP00000023156	1.11	7
2046751	9913.ENSBTAP00000020395	23.3	47
2047855	9913.ENSBTAP00000023082	7.43	6
2040457	9913.ENSBTAP00000005119	2.18	1
2045450	9913.ENSBTAP00000017366	101	91
2051654	9913.ENSBTAP00000037026	25.2	2
2045278	9913.ENSBTAP00000016986	112	55
2042884	9913.ENSBTAP00000010982	164	10
2054840	9913.ENSBTAP00000050917	1.97	1
2052795	9913.ENSBTAP00000042488	234	87
2044497	9913.ENSBTAP00000015052	33.3	9
2047719	9913.ENSBTAP00000022759	32.9	13
2041265	9913.ENSBTAP00000007057	6.85	2
2038405	9913.ENSBTAP00000000396	200	189
2045950	9913.ENSBTAP00000018580	200	28
2054410	9913.ENSBTAP00000049380	8.89	12
2044767	9913.ENSBTAP00000015713	98.5	49
2056831	9913.ENSBTAP00000054873	82.2	139
2050281	9913.ENSBTAP00000028958	52.9	14
2038876	9913.ENSBTAP00000001463	635	154
2057265	9913.ENSBTAP00000055431	1976	705
2043306	9913.ENSBTAP00000012026	10.5	7
2049118	9913.ENSBTAP00000026109	11.1	2
2047341	9913.ENSBTAP00000021838	28.1	16
2038472	9913.ENSBTAP00000000556	176	27
2052787	9913.ENSBTAP00000042470	320	294
2039603	9913.ENSBTAP00000003145	4.49	1
2048467	9913.ENSBTAP00000024555	423	11
2054987	9913.ENSBTAP00000051462	149	27
2043895	9913.ENSBTAP00000013466	2.02	1
2055456	9913.ENSBTAP00000052906	28.3	9
2051848	9913.ENSBTAP00000038183	309	601
2048377	9913.ENSBTAP00000024348	6.29	3
2054574	9913.ENSBTAP00000049952	2.28	1
2048413	9913.ENSBTAP00000024427	122	13
2044933	9913.ENSBTAP00000016073	5.43	2
2041954	9913.ENSBTAP00000008683	1.51	1
2044939	9913.ENSBTAP00000016090	7.34	4
2049150	9913.ENSBTAP00000026183	22.1	4
2049241	9913.ENSBTAP00000026393	3.82	3
2049302	9913.ENSBTAP00000026535	4.88	1
2048156	9913.ENSBTAP00000023810	59.4	1
2038967	9913.ENSBTAP00000001671	13.3	2
2044134	9913.ENSBTAP00000014053	47.2	9
2053886	9913.ENSBTAP00000047589	320	294
2048102	9913.ENSBTAP00000023689	8.3	1
2048394	9913.ENSBTAP00000024387	149	8
2048229	9913.ENSBTAP00000024015	5.51	1
2056288	9913.ENSBTAP00000054195	5.34	1
2046060	9913.ENSBTAP00000018840	9.0	3
2045594	9913.ENSBTAP00000017696	132	16
2046457	9913.ENSBTAP00000019791	193	32
2050343	9913.ENSBTAP00000029090	6.68	2
2038550	9913.ENSBTAP00000000738	0.791	1
2045044	9913.ENSBTAP00000016368	84.9	38
2050280	9913.ENSBTAP00000028955	5.44	1
2054064	9913.ENSBTAP00000048213	16.4	4
2048923	9913.ENSBTAP00000025662	135	64
2053625	9913.ENSBTAP00000046113	0.736	2
2052777	9913.ENSBTAP00000042450	273	54
2058219	9913.ENSBTAP00000056632	8.83	4
2038714	9913.ENSBTAP00000001113	4.6	2
2051311	9913.ENSBTAP00000034743	34.4	78
2044992	9913.ENSBTAP00000016224	132	21
2044376	9913.ENSBTAP00000014734	37.0	1
2049497	9913.ENSBTAP00000027023	4.73	4
2053199	9913.ENSBTAP00000044091	22.0	1
2051061	9913.ENSBTAP00000033286	320	294
2039631	9913.ENSBTAP00000003206	45.6	13
2046259	9913.ENSBTAP00000019322	22.8	9
2057953	9913.ENSBTAP00000056302	66.0	9
2045314	9913.ENSBTAP00000017069	2.27	1
2053913	9913.ENSBTAP00000047685	0.557	1
2042098	9913.ENSBTAP00000009044	50.1	9
2053092	9913.ENSBTAP00000043654	6.22	2
2057705	9913.ENSBTAP00000055998	4.48	3
2051203	9913.ENSBTAP00000034172	4.77	1
2049974	9913.ENSBTAP00000028162	386	90
2041866	9913.ENSBTAP00000008473	155	45
2043123	9913.ENSBTAP00000011563	23.5	10
2044377	9913.ENSBTAP00000014735	17.8	6
2042472	9913.ENSBTAP00000009965	34.8	6
2054461	9913.ENSBTAP00000049583	73.3	184
2049515	9913.ENSBTAP00000027067	57.6	15
2051135	9913.ENSBTAP00000033771	41.2	45
2049217	9913.ENSBTAP00000026345	93.0	28
2043713	9913.ENSBTAP00000013018	9.45	2
2044104	9913.ENSBTAP00000013994	20.1	5
2039642	9913.ENSBTAP00000003234	71.1	70
2055228	9913.ENSBTAP00000052209	27.1	13
2045544	9913.ENSBTAP00000017590	37.7	4
2047701	9913.ENSBTAP00000022718	23.0	6
2051090	9913.ENSBTAP00000033452	2.52	1
2046066	9913.ENSBTAP00000018855	2898	338
2049139	9913.ENSBTAP00000026146	89.1	13
2049121	9913.ENSBTAP00000026116	5.23	1
2048519	9913.ENSBTAP00000024695	95.0	13
2054445	9913.ENSBTAP00000049531	55.1	17
2053826	9913.ENSBTAP00000047307	4.21	1
2054018	9913.ENSBTAP00000048055	175	20
2047726	9913.ENSBTAP00000022768	2.72	2
2055242	9913.ENSBTAP00000052244	13.8	6
2049419	9913.ENSBTAP00000026816	1.01	1
2041589	9913.ENSBTAP00000007832	15.0	3
2041125	9913.ENSBTAP00000006728	2.35	1
2046909	9913.ENSBTAP00000020778	31.1	3
2049712	9913.ENSBTAP00000027511	7.81	2
2043205	9913.ENSBTAP00000011751	19.5	8
2046642	9913.ENSBTAP00000020170	7.86	2
2041342	9913.ENSBTAP00000007231	3.56	1
2040557	9913.ENSBTAP00000005370	3.26	3
2054488	9913.ENSBTAP00000049659	271	35
2038993	9913.ENSBTAP00000001733	16.7	7
2046227	9913.ENSBTAP00000019264	2.54	9
2040261	9913.ENSBTAP00000004635	162	57
2045190	9913.ENSBTAP00000016774	2099	168
2044866	9913.ENSBTAP00000015924	1485	172
2040685	9913.ENSBTAP00000005672	18.5	15
2041472	9913.ENSBTAP00000007571	245	25
2055636	9913.ENSBTAP00000053295	379	128
2038398	9913.ENSBTAP00000000364	29.4	7
2049396	9913.ENSBTAP00000026762	1.56	1
2043091	9913.ENSBTAP00000011484	36.7	9
2054411	9913.ENSBTAP00000049383	63.6	23
2048095	9913.ENSBTAP00000023671	58.1	10
2049327	9913.ENSBTAP00000026582	28.8	6
2042441	9913.ENSBTAP00000009890	0.547	3
2054472	9913.ENSBTAP00000049611	6.69	2
2054595	9913.ENSBTAP00000050026	7.2	53
2047059	9913.ENSBTAP00000021166	56.7	22
2053861	9913.ENSBTAP00000047520	41.0	24
2042794	9913.ENSBTAP00000010730	2.59	2
2048996	9913.ENSBTAP00000025832	3.44	4
2048935	9913.ENSBTAP00000025685	5.99	3
2048960	9913.ENSBTAP00000025744	3.94	2
2053772	9913.ENSBTAP00000046975	28.7	6
2042531	9913.ENSBTAP00000010119	64471	11247
2055147	9913.ENSBTAP00000051974	25.4	23
2054740	9913.ENSBTAP00000050572	5.34	4
2042264	9913.ENSBTAP00000009477	2.08	1
2056839	9913.ENSBTAP00000054883	40.6	7
2045340	9913.ENSBTAP00000017131	63.5	19
2042249	9913.ENSBTAP00000009440	151	59
2044379	9913.ENSBTAP00000014745	18.8	8
2052588	9913.ENSBTAP00000041817	57.2	7
2045351	9913.ENSBTAP00000017158	49.6	8
2053218	9913.ENSBTAP00000044176	7.0	3
2041746	9913.ENSBTAP00000008186	5.19	2
2041008	9913.ENSBTAP00000006445	161	91
2052937	9913.ENSBTAP00000043007	2.94	1
2054013	9913.ENSBTAP00000048042	237	47
2038685	9913.ENSBTAP00000001053	8.28	3
2047497	9913.ENSBTAP00000022227	191	31
2042497	9913.ENSBTAP00000010022	105	28
2043843	9913.ENSBTAP00000013354	839	178
2047769	9913.ENSBTAP00000022854	861	402
2042156	9913.ENSBTAP00000009208	11.4	24
2043743	9913.ENSBTAP00000013110	18.2	10
2047197	9913.ENSBTAP00000021497	37.7	10
2051545	9913.ENSBTAP00000036271	6.37	2
2053254	9913.ENSBTAP00000044312	6.92	2
2045041	9913.ENSBTAP00000016359	2218	337
2046474	9913.ENSBTAP00000019827	7.44	6
2053776	9913.ENSBTAP00000046999	7.51	1
2038719	9913.ENSBTAP00000001128	45.5	4
2052077	9913.ENSBTAP00000039829	114	26
2051080	9913.ENSBTAP00000033392	32870	15560
2041710	9913.ENSBTAP00000008101	14.5	5
2040078	9913.ENSBTAP00000004215	13.8	2
2041804	9913.ENSBTAP00000008335	170	63
2051258	9913.ENSBTAP00000034497	2202	182
2046358	9913.ENSBTAP00000019566	15.3	4
2051062	9913.ENSBTAP00000033288	507	675
2050817	9913.ENSBTAP00000031700	120	9
2047865	9913.ENSBTAP00000023094	510	81
2041451	9913.ENSBTAP00000007519	57.7	17
2043355	9913.ENSBTAP00000012121	3.04	1
2041909	9913.ENSBTAP00000008593	3.09	2
2053934	9913.ENSBTAP00000047776	4.88	1
2043605	9913.ENSBTAP00000012735	72.1	19
2055812	9913.ENSBTAP00000053553	163	31
2039477	9913.ENSBTAP00000002828	167	5
2045733	9913.ENSBTAP00000018026	1.39	1
2039158	9913.ENSBTAP00000002124	347	145
2051571	9913.ENSBTAP00000036438	16.4	93
2054873	9913.ENSBTAP00000051040	23.0	20
2049531	9913.ENSBTAP00000027104	9.19	5
2039790	9913.ENSBTAP00000003560	84.6	11
2045725	9913.ENSBTAP00000017997	27.1	92
2038481	9913.ENSBTAP00000000568	366	517
2050535	9913.ENSBTAP00000029889	32.4	12
2047578	9913.ENSBTAP00000022412	4.26	6
2058038	9913.ENSBTAP00000056401	460	348
2045436	9913.ENSBTAP00000017339	4.82	2
2053938	9913.ENSBTAP00000047792	171	26
2041873	9913.ENSBTAP00000008487	7.29	1
2040216	9913.ENSBTAP00000004538	7.1	4
2052572	9913.ENSBTAP00000041770	230	299
2048558	9913.ENSBTAP00000024799	1.46	1
2046588	9913.ENSBTAP00000020080	203	36
2043285	9913.ENSBTAP00000011976	12.8	2
2053575	9913.ENSBTAP00000045871	43.0	1
2043681	9913.ENSBTAP00000012930	211	52
2056884	9913.ENSBTAP00000054939	18.1	5
2051178	9913.ENSBTAP00000033996	272	121
2058229	9913.ENSBTAP00000056644	87.4	44
2044619	9913.ENSBTAP00000015353	3.81	1
2050109	9913.ENSBTAP00000028556	66.4	5
2038288	9913.ENSBTAP00000000094	5.46	4
2045047	9913.ENSBTAP00000016378	16.4	2
2051259	9913.ENSBTAP00000034498	360	40
2045644	9913.ENSBTAP00000017835	62.5	7
2051934	9913.ENSBTAP00000038825	16.7	7
2043668	9913.ENSBTAP00000012897	4.17	2
2038569	9913.ENSBTAP00000000790	31.1	2
2042237	9913.ENSBTAP00000009410	97.8	45
2050138	9913.ENSBTAP00000028617	3.2	3
