#name: S.enterica - Whole organism, SC (GPM,Aug,2014)
#score: 9.6
#weight: 90%
#description: abundance based on Spectral counting, from<a href="http://www.thegpm.org/" target="_blank">GPM,Aug,2014</a><br/><b>Interaction consistency score</b>: 9.6&nbsp<b>Coverage</b>: 38
#organ: WHOLE_ORGANISM
#integrated: false
#coverage: 38
#publication_year: 2014
#filename: 99287_GPM_201408.txt
#
#internal_id	string_external_id	abundance	raw_spectral_count
3094743	99287.STM2501	1.47	3
3093242	99287.STM0950	545	334
3093249	99287.STM0957	11.9	19
3093067	99287.STM0772	3983	2288
3095417	99287.STM3200	173	265
3093250	99287.STM0958	521	523
3093746	99287.STM1468	82.8	173
3096302	99287.STM4123	35.3	43
3093073	99287.STM0778	5.19	14
3093380	99287.STM1088	2.85	4
3093379	99287.STM1087	2.92	4
3093533	99287.STM1249	514	200
3093984	99287.STM1712	548	1411
3093532	99287.STM1246	3840	3029
3093983	99287.STM1711	75.6	27
3093988	99287.STM1716	51.8	48
3093989	99287.STM1717	97.5	56
3093986	99287.STM1714	9.01	24
3094149	99287.STM1883	23.0	39
3094146	99287.STM1880	11.2	10
3094147	99287.STM1881	1626	372
3094152	99287.STM1886	72.0	113
3094153	99287.STM1887	5.44	6
3094150	99287.STM1884	492	220
3094154	99287.STM1888	299	424
3092762	99287.STM0449	369	383
3092761	99287.STM0448	218	191
3092758	99287.STM0445	516	179
3092760	99287.STM0447	1981	2484
3092756	99287.STM0443	407	451
3092755	99287.STM0442	20.1	29
3096280	99287.STM4100	59.6	54
3096281	99287.STM4101	15.2	47
3096283	99287.STM4103	0.994	9
3093684	99287.STM1402	7.19	6
3096285	99287.STM4105	6.58	10
3096286	99287.STM4106	117	203
3093683	99287.STM1401	210	44
3096288	99287.STM4108	23.3	24
3096289	99287.STM4109	216	143
3095260	99287.STM3041c	4.78	3
3093690	99287.STM1408	954	368
3093691	99287.STM1409	55.3	57
3096492	99287.STM4329	6523	1906
3096485	99287.STM4322	21.0	20
3096488	99287.STM4325	4.19	9
3096489	99287.STM4326	1425	2097
3093055	99287.STM0759	7561	1594
3096003	99287.STM3802	25.2	20
3096006	99287.STM3805	3.25	3
3093934	99287.STM1661	602	456
3093357	99287.STM1064	74.6	66
3092377	99287.STM0048	3.44	4
3092907	99287.STM0599	8.43	3
3092906	99287.STM0598	12.7	6
3093355	99287.STM1062	11.3	8
3096213	99287.STM4034	5.12	4
3096215	99287.STM4036	6.98	11
3096216	99287.STM4037	41.7	143
3092905	99287.STM0597	15.8	17
3092902	99287.STM0594	13.1	19
3096418	99287.STM4254	11.1	26
3096420	99287.STM4256	597	367
3096414	99287.STM4250	4.52	4
3096422	99287.STM4258	25.6	36
3096423	99287.STM4259	189	311
3092929	99287.STM0621	2.68	6
3092930	99287.STM0622	24.9	18
3096121	99287.STM3935	258	264
3096122	99287.STM3936	451	555
3092937	99287.STM0629	2885	463
3092936	99287.STM0628	92.8	58
3093120	99287.STM0828	59.0	52
3093116	99287.STM0823	66.4	32
3093115	99287.STM0822	34.2	30
3095210	99287.STM2991	4.77	6
3093118	99287.STM0826	4.62	3
3095211	99287.STM2992	39.4	51
3092457	99287.STM0131	3.68	3
3092456	99287.STM0130	59.8	44
3095460	99287.STM3244	5.94	10
3092458	99287.STM0132	70.5	101
3095458	99287.STM3242	7.55	12
3095459	99287.STM3243	11.3	20
3095456	99287.STM3240	16.4	23
3095457	99287.STM3241	33.2	239
3092465	99287.STM0139	5.65	5
3095463	99287.STM3248	170	140
3095464	99287.STM3249	76.4	25
3094445	99287.STM2194	54.3	31
3094441	99287.STM2190	2059	1945
3094444	99287.STM2193	11.3	5
3094450	99287.STM2199	15.8	36
3095329	99287.STM3111	51.0	12
3092748	99287.STM0435	979	499
3094619	99287.STM2370	190	147
3094627	99287.STM2378	718	1040
3092745	99287.STM0432	24.6	24
3095958	99287.STM3757	6.76	14
3095193	99287.STM2971	18.1	57
3095969	99287.STM3769.S	5.85	4
3094171	99287.STM1905	17.9	16
3096565	99287.STM4405	22.2	18
3094818	99287.STM2578	36.2	25
3096567	99287.STM4407	8.23	10
3096320	99287.STM4152	16568	4428
3096319	99287.STM4151	4875	1554
3094654	99287.STM2406	35.2	34
3094653	99287.STM2405	92.9	180
3094651	99287.STM2403	239	198
3094657	99287.STM2409	24.3	39
3096464	99287.STM4300	23.7	59
3095055	99287.STM2831	75.2	80
3095061	99287.STM2837	12.1	8
3096107	99287.STM3917	1036	1111
3095059	99287.STM2835	23.0	16
3093559	99287.STM1275	30.8	7
3094572	99287.STM2323.S	589	1010
3094145	99287.STM1879	11.5	16
3094141	99287.STM1875	35.3	8
3094139	99287.STM1873	322	157
3093471	99287.STM1183	13.3	17
3093469	99287.STM1181	5.87	10
3093468	99287.STM1180	10.0	8
3093474	99287.STM1187	6.94	4
3093473	99287.STM1185	192	480
3093472	99287.STM1184	26.5	35
3092765	99287.STM0452	434	652
3092763	99287.STM0450	245	470
3092764	99287.STM0451	20195	2032
3093751	99287.STM1473	67.5	567
3093752	99287.STM1475	24.3	9
3093756	99287.STM1479	392	441
3093755	99287.STM1478	556	606
3096309	99287.STM4131	4.31	6
3096308	99287.STM4130	126	334
3096259	99287.STM4079.S	23.2	10
3093504	99287.STM1217.S	12.8	17
3096640	99287.STM4486	54.5	94
3096634	99287.STM4480	26.4	30
3096039	99287.STM3839	702	9
3096038	99287.STM3838	11.1	11
3096035	99287.STM3835	136	288
3096037	99287.STM3837	17.8	21
3096031	99287.STM3831	29.9	32
3095153	99287.STM2931	39.9	13
3093969	99287.STM1698	567	680
3093967	99287.STM1696	3.54	4
3093962	99287.STM1691	13.9	10
3093961	99287.STM1690	794	252
3096187	99287.STM4009	358	447
3093348	99287.STM1055	21.9	29
3093785	99287.STM1509	95.8	15
3093784	99287.STM1508	6.52	10
3096180	99287.STM4001	32.1	23
3093351	99287.STM1058	107	126
3096182	99287.STM4003	21.2	12
3093780	99287.STM1503	86.6	35
3096183	99287.STM4004	14.2	13
3096186	99287.STM4007	278	449
3093777	99287.STM1500	96.8	42
3096424	99287.STM4260	2.21	4
3096426	99287.STM4262	6.13	16
3096431	99287.STM4267	27.8	26
3096433	99287.STM4269	4.47	4
3096432	99287.STM4268	2.95	6
3096100	99287.STM3909	240	339
3092941	99287.STM0633	52.9	38
3092939	99287.STM0631	32.5	24
3092944	99287.STM0636	367	134
3092945	99287.STM0637	132	185
3096094	99287.STM3903	148	127
3092947	99287.STM0639	3.72	3
3096096	99287.STM3905	9.27	16
3096095	99287.STM3904	79.6	123
3096483	99287.STM4319	2101	1362
3095561	99287.STM3349	34.6	45
3095560	99287.STM3348	644	590
3095559	99287.STM3347	765	436
3095557	99287.STM3345	1212	399
3095556	99287.STM3344	2688	484
3095554	99287.STM3342	360	187
3095553	99287.STM3341	229	78
3093130	99287.STM0838	13.3	16
3095209	99287.STM2988	63.0	54
3093122	99287.STM0830	1365	913
3093123	99287.STM0831	12018	5235
3093125	99287.STM0833	2915	2351
3095208	99287.STM2987	13.8	7
3093129	99287.STM0837	503	383
3094878	99287.STM2638	15.8	22
3095449	99287.STM3233	115	95
3093531	99287.STM1244	140	10
3095446	99287.STM3230	8.78	4
3092454	99287.STM0128	82.3	102
3092455	99287.STM0129	113	99
3092452	99287.STM0126	16.9	16
3092448	99287.STM0122	16.3	27
3092449	99287.STM0123	107	126
3092446	99287.STM0120	23.9	20
3095901	99287.STM3699	10.3	8
3094434	99287.STM2183	113	94
3095386	99287.STM3169	33.5	30
3094435	99287.STM2184	34.3	22
3095378	99287.STM3161	9.77	10
3094440	99287.STM2189	18.7	30
3095896	99287.STM3694	180	241
3095382	99287.STM3165	1015	689
3095381	99287.STM3164	43.8	45
3095509	99287.STM3296	509	1064
3093093	99287.STM0800	6.21	20
3095792	99287.STM3589	20.2	23
3095787	99287.STM3584	30.0	17
3095790	99287.STM3587	8.01	8
3095783	99287.STM3580	454	347
3095961	99287.STM3761	62.4	36
3094617	99287.STM2368	5.33	3
3094618	99287.STM2369	479	275
3094615	99287.STM2366	205	170
3094613	99287.STM2364	19.1	19
3094614	99287.STM2365	40.7	33
3094611	99287.STM2362	71.6	118
3095770	99287.STM3567	345	365
3095768	99287.STM3565	17.0	6
3095767	99287.STM3564	110	155
3095764	99287.STM3561	29.8	15
3095763	99287.STM3560	26.7	28
3095772	99287.STM3569	62.1	61
3095189	99287.STM2967	34.6	27
3095183	99287.STM2960	51.1	47
3095186	99287.STM2963	10.3	5
3095191	99287.STM2969	157	206
3094801	99287.STM2561	21.8	10
3094803	99287.STM2563	82.9	37
3094804	99287.STM2564	5.6	5
3094805	99287.STM2565	100	444
3094661	99287.STM2415	132	168
3093546	99287.STM1263	8.47	8
3093544	99287.STM1260	19.6	19
3093545	99287.STM1261	18.7	6
3093552	99287.STM1269	178	100
3095439	99287.STM3223	18.8	6
3093688	99287.STM1406	1072	480
3093689	99287.STM1407	67.8	32
3094131	99287.STM1867	757	528
3093478	99287.STM1191	281	40
3093480	99287.STM1193	144	138
3093481	99287.STM1194	216	198
3093482	99287.STM1195	1498	1096
3093483	99287.STM1196	537	123
3093484	99287.STM1197	407	663
3093743	99287.STM1463	151	165
3093682	99287.STM1400	150	253
3093744	99287.STM1466	490	737
3093745	99287.STM1467	197	198
3096301	99287.STM4122	176	92
3093747	99287.STM1469	488	687
3096299	99287.STM4120	174	266
3096304	99287.STM4126	71.8	132
3096303	99287.STM4125	44.9	49
3096644	99287.STM4491	3.55	6
3096649	99287.STM4496	19.3	63
3096650	99287.STM4497	16.0	4
3096647	99287.STM4494	18.3	14
3096651	99287.STM4498	6.9	6
3096652	99287.STM4499	6.97	5
3096020	99287.STM3820	29.9	37
3094253	99287.STM1995	46.1	334
3094254	99287.STM1996	5.04	11
3093959	99287.STM1688	23.2	12
3093960	99287.STM1689	50.5	20
3093957	99287.STM1686	326	110
3093952	99287.STM1681	12.1	7
3093953	99287.STM1682	1952	1088
3093790	99287.STM1514	45.5	33
3093791	99287.STM1515	582	235
3093337	99287.STM1044	2644	896
3093787	99287.STM1511	696	460
3093788	99287.STM1512	8.08	16
3093789	99287.STM1513	11996	1315
3093224	99287.STM0931	56.5	50
3093223	99287.STM0930	54.2	34
3096439	99287.STM4275	368	773
3093228	99287.STM0935	145	294
3093227	99287.STM0934	34.3	18
3093230	99287.STM0937	3.91	6
3094082	99287.STM1815	972	503
3096105	99287.STM3914	41.0	82
3096106	99287.STM3915	652	259
3094423	99287.STM2171	247	150
3095173	99287.STM2951	11.4	7
3096109	99287.STM3919	246	221
3094031	99287.STM1764	180	675
3092796	99287.STM0483	167	96
3092798	99287.STM0485	504	110
3092797	99287.STM0484	6.21	13
3092799	99287.STM0486	7.39	4
3092802	99287.STM0489	41.2	39
3092801	99287.STM0488	1586	636
3096261	99287.STM4081	756	804
3095571	99287.STM3359	4442	3931
3093096	99287.STM0803	141	100
3096265	99287.STM4085	31.9	32
3092484	99287.STM0158	536	1318
3095444	99287.STM3228	2670	465
3095445	99287.STM3229	4116	934
3092476	99287.STM0150	18.8	24
3092480	99287.STM0154	2247	2186
3095396	99287.STM3179	12.4	8
3095389	99287.STM3172	12.7	14
3095391	99287.STM3174	10.1	24
3095393	99287.STM3176	675	123
3095303	99287.STM3084.S	50.2	29
3095106	99287.STM2883	21.2	22
3095105	99287.STM2882	23.7	55
3095109	99287.STM2886	55.6	40
3095108	99287.STM2885	67.2	153
3095107	99287.STM2884	374	451
3095801	99287.STM3598	15.0	13
3095794	99287.STM3591	3152	1235
3095799	99287.STM3596	25.4	21
3095800	99287.STM3597	154	205
3095797	99287.STM3594	259	527
3095798	99287.STM3595	744	1017
3095973	99287.STM3773	0.756	4
3094567	99287.STM2318	1.51	4
3095974	99287.STM3774	1025	428
3094561	99287.STM2312	8.29	3
3094560	99287.STM2311	4182	1318
3094563	99287.STM2314	61.3	64
3095779	99287.STM3576	24.7	49
3095780	99287.STM3577	199	615
3095773	99287.STM3570	243	126
3095774	99287.STM3571	38.1	46
3094334	99287.STM2083	7.25	17
3094333	99287.STM2082	4.8	7
3094332	99287.STM2081	654	962
3094331	99287.STM2080	218	248
3095888	99287.STM3686	333	307
3095175	99287.STM2953	249	416
3095174	99287.STM2952	5408	6779
3095884	99287.STM3682	19.1	34
3095882	99287.STM3680	2364	2990
3095179	99287.STM2956	8.65	23
3095007	99287.STM2777	30.1	97
3095001	99287.STM2771	6841	20566
3094478	99287.STM2227	263	95
3094477	99287.STM2226	27.3	41
3094797	99287.STM2557	4.27	7
3094475	99287.STM2224	4789	858
3094473	99287.STM2222	6.74	4
3094799	99287.STM2559	160	445
3094479	99287.STM2228	11.0	24
3095023	99287.STM2795	15595	4974
3095020	99287.STM2792	247	370
3095019	99287.STM2791	523	634
3095018	99287.STM2790	3.32	4
3095027	99287.STM2799	2813	776
3095026	99287.STM2798	162	38
3094670	99287.STM2428	61.6	51
3093360	99287.STM1067	221	65
3093499	99287.STM1212	50.3	37
3093498	99287.STM1211	21.7	47
3093497	99287.STM1210	322	185
3093503	99287.STM1216	6.06	22
3093501	99287.STM1214	1022	266
3093505	99287.STM1218	66.1	52
3092372	99287.STM0043	6748	588
3093361	99287.STM1068	7.8	15
3092375	99287.STM0046	129	315
3094118	99287.STM1851	188	59
3093612	99287.STM1328	422	282
3093611	99287.STM1327	2.8	6
3093610	99287.STM1326	335	384
3093608	99287.STM1324	10.7	5
3093607	99287.STM1323	22.6	11
3093606	99287.STM1322	80.1	71
3093732	99287.STM1452	1.91	4
3092943	99287.STM0635.S	4.55	3
3096623	99287.STM4469	151	162
3096621	99287.STM4467	79.3	108
3096620	99287.STM4466	85.5	78
3096619	99287.STM4465	90.7	96
3096615	99287.STM4460	103	83
3096243	99287.STM4063	291	214
3096242	99287.STM4062	515	702
3096244	99287.STM4064	364	434
3094017	99287.STM1746.S	495	796
3096148	99287.STM3963	0.707	3
3096147	99287.STM3962	15.7	12
3096152	99287.STM3967	90.2	66
3096150	99287.STM3965	47.2	112
3096153	99287.STM3968	409	460
3094327	99287.STM2076	93.3	66
3095886	99287.STM3684	771	400
3093435	99287.STM1147	19.6	11
3095887	99287.STM3685	81.2	229
3092811	99287.STM0498	194	320
3092807	99287.STM0494	69.5	142
3092641	99287.STM0327	69.2	26
3092637	99287.STM0320	10.7	79
3092638	99287.STM0321	78.3	93
3092639	99287.STM0322	5.52	9
3093105	99287.STM0812	9.66	11
3095580	99287.STM3368	84.6	76
3093109	99287.STM0816	1.52	3
3096666	99287.STM4512	534	569
3096664	99287.STM4510	8.01	6
3095573	99287.STM3361	28.7	13
3095572	99287.STM3360	21.8	18
3093111	99287.STM0818	379	340
3095883	99287.STM3681	20.1	23
3096673	99287.STM4519	1628	2295
3096124	99287.STM3938	3.76	3
3095430	99287.STM3214	9.13	3
3095433	99287.STM3217	216	481
3095432	99287.STM3216	397	819
3094795	99287.STM2555	1894	1526
3094417	99287.STM2165	1181	1038
3094418	99287.STM2166	28.8	83
3094419	99287.STM2167	55.3	125
3094415	99287.STM2163	34.8	27
3095114	99287.STM2891	7.14	8
3095115	99287.STM2892	5.61	7
3095117	99287.STM2894	2.26	3
3095118	99287.STM2895	174	121
3095119	99287.STM2896	5.72	11
3095121	99287.STM2898	93.2	183
3093049	99287.STM0748	179	224
3094549	99287.STM2300	38.8	27
3094556	99287.STM2307	177	119
3094349	99287.STM2098	670	541
3093255	99287.STM0963	324	399
3094341	99287.STM2090	1120	947
3094342	99287.STM2091	149	159
3094343	99287.STM2092	13.6	8
3094344	99287.STM2093	6.16	6
3094345	99287.STM2094	47.5	26
3094346	99287.STM2095	51.2	35
3094348	99287.STM2097	28.1	42
3092543	99287.STM0217	4075	2968
3095364	99287.STM3147	116	158
3095357	99287.STM3140	63.4	45
3095170	99287.STM2948	24.8	49
3095168	99287.STM2946	9.66	10
3095169	99287.STM2947	71.0	91
3092539	99287.STM0213	365	437
3095366	99287.STM3149	47.8	58
3094782	99287.STM2542	28.5	24
3094783	99287.STM2543	133	212
3094786	99287.STM2546	52.3	39
3094482	99287.STM2232	14.7	32
3094785	99287.STM2545	12.6	11
3095014	99287.STM2786	905	678
3095008	99287.STM2780	383	488
3095009	99287.STM2781	22.5	22
3095010	99287.STM2782	14.7	9
3095017	99287.STM2789	319	232
3094890	99287.STM2650	3.35	3
3095910	99287.STM3708	327	230
3096451	99287.STM4287.S	54.9	18
3094674	99287.STM2432	815	1261
3094675	99287.STM2433	4628	2316
3094672	99287.STM2430	1731	1716
3094673	99287.STM2431	3854	699
3093488	99287.STM1201	3.3	4
3093490	99287.STM1203	304	362
3093492	99287.STM1205	943	295
3093493	99287.STM1206	18.9	6
3093494	99287.STM1207	132	130
3093774	99287.STM1497	48.0	74
3093728	99287.STM1448	82.0	40
3093729	99287.STM1449	94.3	165
3093621	99287.STM1338	154	364
3093622	99287.STM1339	2042	317
3093722	99287.STM1442	27.0	20
3093619	99287.STM1336	193	15
3093620	99287.STM1337	123	155
3093614	99287.STM1330	25.9	31
3093724	99287.STM1444	507	268
3093616	99287.STM1333	243	329
3094462	99287.STM2211.S	96.9	34
3096633	99287.STM4479	17.7	14
3096629	99287.STM4475	147	411
3096631	99287.STM4477	242	314
3096624	99287.STM4470	151	32
3093742	99287.STM1462.S	131	135
3093091	99287.STM0797	119	55
3093085	99287.STM0791	34.0	66
3093087	99287.STM0793	20.7	36
3093086	99287.STM0792	155	91
3096252	99287.STM4072	6.71	19
3096254	99287.STM4074	0.738	3
3092336	99287.STM0008	40.2	21
3093805	99287.STM1530	49.5	315
3096257	99287.STM4077	1439	1406
3096258	99287.STM4078	763	663
3092332	99287.STM0004	411	609
3092335	99287.STM0007	1830	1818
3092459	99287.STM0133	2244	3124
3093813	99287.STM1538	9.66	45
3092330	99287.STM0002	46.6	126
3094113	99287.STM1846	111	75
3094114	99287.STM1847	126	73
3094111	99287.STM1844	95.0	51
3094109	99287.STM1842	288	171
3093253	99287.STM0961	185	151
3093318	99287.STM1025	8.96	3
3094116	99287.STM1849	44.9	142
3092462	99287.STM0136	129	309
3096155	99287.STM3970	104	102
3096157	99287.STM3972	8.13	20
3096158	99287.STM3973	226	58
3096159	99287.STM3974	45.2	39
3096163	99287.STM3978	27.8	26
3096164	99287.STM3979	5.93	3
3096072	99287.STM3873.S	49.2	22
3092635	99287.STM0318	26.7	43
3093438	99287.STM1150	47.2	97
3093439	99287.STM1151	48.7	155
3093441	99287.STM1153	470	86
3092628	99287.STM0310	419	159
3092634	99287.STM0317	33.6	15
3092633	99287.STM0316	702	870
3096658	99287.STM4505	87.3	49
3096653	99287.STM4500	7.95	13
3095275	99287.STM3056	2.12	4
3095273	99287.STM3054	2156	526
3095272	99287.STM3053	536	1372
3094310	99287.STM2059	3419	390
3092497	99287.STM0171	331	245
3095335	99287.STM3118	10.6	14
3094099	99287.STM1832	200	268
3094098	99287.STM1831	18.1	8
3093245	99287.STM0953	311	65
3093071	99287.STM0776	139	162
3093070	99287.STM0775	1.98	3
3093069	99287.STM0774	56.4	54
3093068	99287.STM0773	59.1	79
3093248	99287.STM0956	42.2	56
3095419	99287.STM3202	5.7	4
3095420	99287.STM3203	120	81
3093251	99287.STM0959	142	102
3095418	99287.STM3201	2.53	6
3095424	99287.STM3207	5.66	4
3093074	99287.STM0779	88.4	56
3092541	99287.STM0215	46.1	42
3095330	99287.STM3112	10.9	18
3094404	99287.STM2153	25.4	16
3094403	99287.STM2152	43.5	28
3094406	99287.STM2155	115	219
3094405	99287.STM2154	20.7	32
3095277	99287.STM3058	197	190
3093676	99287.STM1394	70.9	121
3095589	99287.STM3376	27.0	41
3095590	99287.STM3377	7.88	13
3095586	99287.STM3374	526	409
3093673	99287.STM1391	6.12	7
3095592	99287.STM3379	227	57
3095996	99287.STM3796	3.97	8
3092374	99287.STM0045	6.64	5
3095760	99287.STM3557	1188	1496
3095757	99287.STM3554	8.17	15
3095755	99287.STM3552	3374	1814
3093757	99287.STM1480	289	299
3095754	99287.STM3551	67.0	101
3095369	99287.STM3152	166	525
3095367	99287.STM3150	7.91	15
3095374	99287.STM3157	1876	1920
3095155	99287.STM2933	37.5	24
3095375	99287.STM3158	35.5	6
3095376	99287.STM3159	85.7	50
3095157	99287.STM2935	69.2	44
3095156	99287.STM2934	102	146
3094455	99287.STM2204	41.5	85
3094457	99287.STM2206	59.0	62
3094584	99287.STM2335	28.3	19
3094583	99287.STM2334	23.6	17
3094586	99287.STM2337	508	556
3094580	99287.STM2331	20.2	17
3094579	99287.STM2330	4.38	4
3094587	99287.STM2338	676	1449
3094685	99287.STM2443	22.0	13
3094683	99287.STM2441	27.5	34
3094689	99287.STM2447	35.2	24
3094688	99287.STM2446	15.4	11
3094687	99287.STM2445	657	340
3094686	99287.STM2444	767	717
3094372	99287.STM2121	19.2	11
3096694	99287.STM4540.S	171	184
3093525	99287.STM1238	3777	2784
3093523	99287.STM1236	60.9	16
3093518	99287.STM1231	1386	1041
3093517	99287.STM1230	16.9	25
3093520	99287.STM1233	50.5	34
3093519	99287.STM1232	234	268
3093592	99287.STM1308	2097	767
3093584	99287.STM1300	72.3	36
3093587	99287.STM1303	327	326
3093586	99287.STM1302	4.82	5
3093589	99287.STM1305	109	123
3093588	99287.STM1304	52.4	56
3093590	99287.STM1306	45.3	83
3093768	99287.STM1491	3.89	4
3093770	99287.STM1493	14.3	10
3094209	99287.STM1949	12.1	4
3094208	99287.STM1947	3.0	3
3096354	99287.STM4190	21.4	13
3094204	99287.STM1940	37.8	82
3093913	99287.STM1640	59.4	54
3093083	99287.STM0788	7.01	5
3093914	99287.STM1641	8.33	20
3093078	99287.STM0783	74.7	63
3093076	99287.STM0781	204	142
3093081	99287.STM0786	204	185
3093080	99287.STM0785	4.45	9
3093817	99287.STM1542	9.38	14
3093815	99287.STM1540	186	212
3092340	99287.STM0012	1614	3359
3096224	99287.STM4044	9.36	13
3092859	99287.STM0546	1.5	5
3093310	99287.STM1018	19.0	7
3092855	99287.STM0542	158	49
3092856	99287.STM0543	3.18	3
3094051	99287.STM1784	170	205
3094054	99287.STM1787	1.76	16
3094097	99287.STM1830	1544	1727
3094104	99287.STM1837	4001	1006
3094047	99287.STM1780	564	688
3096131	99287.STM3946	40.0	10
3092624	99287.STM0306	36.1	38
3092625	99287.STM0307	521	273
3092626	99287.STM0308	11.6	9
3092627	99287.STM0309	11.8	32
3093448	99287.STM1160	25.9	27
3093451	99287.STM1163	132	137
3093453	99287.STM1165	1531	979
3093452	99287.STM1164	39.3	29
3093457	99287.STM1169	5.26	3
3093456	99287.STM1168	33.3	28
3096684	99287.STM4530	104	119
3096687	99287.STM4533	500	1190
3096686	99287.STM4532	15.0	46
3096689	99287.STM4535	15.0	8
3096693	99287.STM4539	5.26	3
3092488	99287.STM0162	9.2	11
3092489	99287.STM0163	10.7	13
3092492	99287.STM0166	33.9	39
3092490	99287.STM0164	17.2	10
3092491	99287.STM0165	34.9	31
3092494	99287.STM0168	125	131
3092495	99287.STM0169	173	377
3093233	99287.STM0940	22.3	21
3093234	99287.STM0941	124	85
3093235	99287.STM0942	1.79	5
3093236	99287.STM0943	17.9	9
3096385	99287.STM4221	470	849
3096384	99287.STM4220	46.3	57
3096393	99287.STM4229	511	645
3095625	99287.STM3418	4580	953
3095624	99287.STM3417	611	275
3095623	99287.STM3416	4383	1624
3095622	99287.STM3415	1322	1408
3095621	99287.STM3414	5229	773
3095311	99287.STM3093	37.2	32
3095308	99287.STM3090	380	390
3095313	99287.STM3095	170	172
3095312	99287.STM3094	42.0	44
3095515	99287.STM3303	1485	165
3095514	99287.STM3301	91.8	92
3095513	99287.STM3300	6.05	8
3095519	99287.STM3307	301	348
3095517	99287.STM3305	103	71
3095516	99287.STM3304	558	229
3095192	99287.STM2970	26.5	33
3095728	99287.STM3523	34.4	25
3095731	99287.STM3526	984	1213
3095730	99287.STM3525	7.7	3
3094397	99287.STM2146	76.2	77
3095151	99287.STM2929	108	33
3094391	99287.STM2140	142	77
3094392	99287.STM2141	2286	1987
3095146	99287.STM2924	11.7	10
3095147	99287.STM2925	81.8	44
3094399	99287.STM2148	164	76
3094470	99287.STM2219	22.0	42
3094467	99287.STM2216	0.888	3
3094464	99287.STM2213	3.97	5
3095834	99287.STM3630	424	603
3095504	99287.STM3290.S	22.4	38
3095079	99287.STM2855	56.9	49
3094570	99287.STM2321	37.2	19
3094575	99287.STM2326	148	400
3094576	99287.STM2327	118	123
3094573	99287.STM2324	293	390
3094574	99287.STM2325	246	86
3093056	99287.STM0760	164	121
3094577	99287.STM2328	79.6	82
3093238	99287.STM0945	44.0	106
3094700	99287.STM2458	33.1	22
3096736	99287.STM4585	8.35	8
3094698	99287.STM2456	29.8	17
3094699	99287.STM2457	2.94	3
3096738	99287.STM4587	36.3	22
3093731	99287.STM1451	2233	1032
3093730	99287.STM1450	114	76
3093516	99287.STM1229	63.4	57
3093509	99287.STM1222	254	233
3093507	99287.STM1220	2.21	4
3093508	99287.STM1221	8.23	9
3093513	99287.STM1226	27.3	51
3093514	99287.STM1227	32.6	33
3093511	99287.STM1224	10.7	16
3093598	99287.STM1314	73.3	16
3093594	99287.STM1310	584	371
3093595	99287.STM1311	1841	698
3093602	99287.STM1318	493	937
3096353	99287.STM4189	3.47	4
3094219	99287.STM1959	7781	22856
3093766	99287.STM1489	8.0	4
3094214	99287.STM1954	1837	1159
3094215	99287.STM1955	19.2	4
3094216	99287.STM1956	8.66	3
3096347	99287.STM4183	515	704
3096348	99287.STM4184	471	733
3094211	99287.STM1951	51.6	23
3094212	99287.STM1952	3.35	3
3093758	99287.STM1481	4.46	3
3095603	99287.STM3390	7.62	31
3092886	99287.STM0578	75.4	45
3096238	99287.STM4058	17.7	22
3096239	99287.STM4059	76.1	30
3093829	99287.STM1554	2.02	3
3093295	99287.STM1004	10.1	10
3093833	99287.STM1558	159	399
3092878	99287.STM0570	117	157
3093300	99287.STM1009	0.283	19
3096235	99287.STM4055	880	338
3094087	99287.STM1820	23.1	13
3094063	99287.STM1796	842	1368
3094064	99287.STM1797	211	14
3094093	99287.STM1826	68.6	110
3094062	99287.STM1795	398	525
3094066	99287.STM1799	3.53	4
3092984	99287.STM0683	20.0	34
3092983	99287.STM0682	4.47	7
3092982	99287.STM0681	33.9	31
3092981	99287.STM0680	45.2	63
3092988	99287.STM0687	159	118
3092987	99287.STM0686	159	193
3092986	99287.STM0685	96.7	146
3092985	99287.STM0684	618	558
3096137	99287.STM3952	89.6	120
3096141	99287.STM3956	75.2	11
3096142	99287.STM3957	76.0	86
3092686	99287.STM0372	153	94
3092684	99287.STM0370	28.2	26
3092691	99287.STM0377	6.62	8
3092690	99287.STM0376	9.19	13
3096611	99287.STM4456	62.3	117
3096607	99287.STM4452	3.86	6
3093466	99287.STM1178	7.95	9
3093467	99287.STM1179	24.0	16
3093464	99287.STM1176	7.01	5
3093465	99287.STM1177	491	370
3093460	99287.STM1172	2139	477
3093461	99287.STM1173	11.2	6
3096613	99287.STM4458	2332	707
3096614	99287.STM4459	4.14	3
3096679	99287.STM4525	16.2	30
3092518	99287.STM0192	13.8	8
3092517	99287.STM0191	451	1214
3092516	99287.STM0190	81.1	228
3096396	99287.STM4232	439	210
3096397	99287.STM4233	28.7	14
3096394	99287.STM4230	42.9	53
3096395	99287.STM4231	93.6	154
3093270	99287.STM0979	18.7	10
3093269	99287.STM0978	1.47	3
3092535	99287.STM0209	2125	1933
3096399	99287.STM4235	46.1	127
3092533	99287.STM0207	62.4	58
3093265	99287.STM0974	20.3	27
3093268	99287.STM0977	750	569
3096083	99287.STM3884	2594	2064
3092528	99287.STM0202	270	351
3093264	99287.STM0973	1567	3672
3093263	99287.STM0972	155	206
3095615	99287.STM3408	20.5	18
3095616	99287.STM3409	15.2	28
3093422	99287.STM1133	4.16	7
3095613	99287.STM3406	28.2	28
3095614	99287.STM3407	53.2	43
3095608	99287.STM3401	39.5	39
3095609	99287.STM3402	37.8	22
3093287	99287.STM0996	199	158
3093285	99287.STM0994	35.3	158
3093284	99287.STM0993	42.4	23
3093290	99287.STM0999	315	804
3093289	99287.STM0998	971	835
3095305	99287.STM3086	90.6	108
3095522	99287.STM3310	56.7	35
3095523	99287.STM3311	76.3	44
3095525	99287.STM3313	63.3	45
3095527	99287.STM3315	34.0	25
3095528	99287.STM3316	15.7	9
3095529	99287.STM3317	39.9	24
3095531	99287.STM3319	251	197
3092716	99287.STM0402	2557	2013
3094296	99287.STM2045	431	168
3094293	99287.STM2042	328	105
3094292	99287.STM2041	197	95
3094291	99287.STM2040	121	182
3095742	99287.STM3538	62.4	181
3095743	99287.STM3539	412	394
3095738	99287.STM3534	18.4	44
3095739	99287.STM3535	331	580
3095740	99287.STM3536	73.0	107
3095140	99287.STM2918	15.7	19
3094382	99287.STM2131	13.1	7
3094381	99287.STM2130	25.2	28
3094386	99287.STM2136	4.78	5
3094389	99287.STM2139	563	62
3096317	99287.STM4149	2086	1035
3094518	99287.STM2269	3.85	15
3093604	99287.STM1320	91.4	151
3094512	99287.STM2262	33.0	32
3094183	99287.STM1917	48.3	45
3094517	99287.STM2267	3619	4383
3094516	99287.STM2266	140	139
3095827	99287.STM3624	69.1	64
3095830	99287.STM3626	51.6	38
3095831	99287.STM3627	4.11	5
3095823	99287.STM3620	4.65	4
3095825	99287.STM3622	21.3	49
3096570	99287.STM4410	31.1	115
3095085	99287.STM2861	879	822
3095086	99287.STM2862	320	258
3095089	99287.STM2865	11.4	11
3094919	99287.STM2685	13.7	6
3094916	99287.STM2681	189	123
3094917	99287.STM2683	52.9	35
3094707	99287.STM2465	371	113
3094702	99287.STM2460	5.98	4
3094705	99287.STM2463	9.79	10
3095689	99287.STM3483	179	112
3092707	99287.STM0393	64.3	20
3094902	99287.STM2667	39.1	41
3094900	99287.STM2665	142	47
3094899	99287.STM2663	396	375
3094898	99287.STM2662	52.2	30
3094897	99287.STM2661	7.71	3
3094896	99287.STM2660	913	2142
3092711	99287.STM0397	145	128
3095428	99287.STM3211.S	388	309
3093647	99287.STM1365	15.3	52
3093651	99287.STM1369	83.0	24
3095062	99287.STM2838.S	20.6	20
3094398	99287.STM2147	99.4	100
3094228	99287.STM1969	9.96	22
3094227	99287.STM1968	31.6	10
3094221	99287.STM1961	26.6	10
3094220	99287.STM1960	22.1	33
3094222	99287.STM1962	41.6	7
3094224	99287.STM1964	114	55
3093012	99287.STM0711	82.2	82
3093844	99287.STM1569	1.32	3
3093840	99287.STM1565	3935	470
3093842	99287.STM1567	1820	1956
3093013	99287.STM0712	144	73
3093836	99287.STM1561	11.3	13
3093835	99287.STM1560	146	181
3093838	99287.STM1563	372	124
3093837	99287.STM1562	99.2	88
3094086	99287.STM1819	337	319
3094085	99287.STM1818	1.36	4
3094036	99287.STM1769	45.2	11
3094034	99287.STM1767	65.8	22
3094083	99287.STM1816	92.0	43
3094030	99287.STM1763	192	217
3094077	99287.STM1810	685	67
3094080	99287.STM1813	13.1	4
3094079	99287.STM1812	23.0	16
3093862	99287.STM1587	97.0	195
3093861	99287.STM1586	176	179
3093858	99287.STM1583	41.4	48
3096264	99287.STM4084	70.9	37
3096266	99287.STM4086	1011	1821
3096269	99287.STM4089	93.4	80
3096268	99287.STM4088	470	120
3093864	99287.STM1589	497	469
3092994	99287.STM0693	261	150
3092995	99287.STM0694	37.5	33
3092997	99287.STM0696	68.2	29
3092998	99287.STM0697	123	83
3092999	99287.STM0698	798	1407
3092674	99287.STM0360	106	115
3092678	99287.STM0364	7.7	22
3092680	99287.STM0366	4088	946
3092682	99287.STM0368	75.9	57
3092683	99287.STM0369	16.9	21
3096585	99287.STM4426	23.1	44
3092808	99287.STM0495	71.5	33
3092515	99287.STM0189	2.93	5
3092510	99287.STM0184	3.26	5
3092511	99287.STM0185	3.52	3
3092512	99287.STM0186	359	144
3092506	99287.STM0180	15.1	8
3092507	99287.STM0181	9.95	12
3092544	99287.STM0218	189	149
3092545	99287.STM0219	2313	619
3093885	99287.STM1611	2.48	3
3093050	99287.STM0749	2601	1786
3093254	99287.STM0962	5.17	10
3093048	99287.STM0747	87.5	56
3092542	99287.STM0216	2370	1404
3093046	99287.STM0745	62.1	48
3092537	99287.STM0211	5558	876
3093041	99287.STM0740	491	911
3093042	99287.STM0741	65.5	93
3095646	99287.STM3439	1241	551
3095645	99287.STM3438	492	74
3096670	99287.STM4516	7.0	17
3095638	99287.STM3431	553	162
3095637	99287.STM3430	1024	292
3095640	99287.STM3433	5156	992
3095639	99287.STM3432	6266	802
3095642	99287.STM3435	4314	807
3095641	99287.STM3434	4195	1581
3095644	99287.STM3437	2577	1287
3095643	99287.STM3436	2015	487
3093275	99287.STM0984	71.7	126
3093276	99287.STM0985	9.49	12
3093271	99287.STM0980	122	79
3093272	99287.STM0981	2557	3920
3093273	99287.STM0982	5828	585
3093279	99287.STM0988	2.0	3
3093110	99287.STM0817	4.31	10
3093108	99287.STM0815	20.4	23
3096168	99287.STM3983	10.3	30
3096167	99287.STM3982	16.9	28
3096169	99287.STM3984	203	226
3095539	99287.STM3327	139	79
3095575	99287.STM3363	64.6	17
3095535	99287.STM3323	167	92
3095534	99287.STM3322	137	80
3095711	99287.STM3505	25.1	5
3095710	99287.STM3504	22.0	51
3095274	99287.STM3055	309	392
3095712	99287.STM3506	44.8	97
3095707	99287.STM3501	3.85	7
3095706	99287.STM3500	1178	1738
3095270	99287.STM3051	1.5	4
3095708	99287.STM3502	663	441
3094301	99287.STM2050	29.1	34
3094302	99287.STM2051	69.6	86
3094304	99287.STM2053	2.68	6
3095123	99287.STM2900	5.21	4
3095128	99287.STM2905	1.62	9
3095131	99287.STM2909	3.15	8
3094371	99287.STM2120	32.4	64
3095405	99287.STM3188	5.11	8
3094373	99287.STM2122	3.28	4
3095398	99287.STM3181	7.42	9
3095397	99287.STM3180	873	53
3095402	99287.STM3185	7.22	3
3095404	99287.STM3187	72.5	33
3095403	99287.STM3186	2243	4207
3094527	99287.STM2278	175	171
3094519	99287.STM2270	327	185
3094520	99287.STM2271	3.39	15
3094521	99287.STM2272	106	196
3094525	99287.STM2276	81.6	62
3094526	99287.STM2277	105	226
3095813	99287.STM3610	139	298
3095816	99287.STM3613	42.5	62
3095815	99287.STM3612	9.42	19
3095818	99287.STM3615	8.22	31
3095817	99287.STM3614	10.6	14
3095820	99287.STM3617	2.05	5
3095819	99287.STM3616	45.7	236
3095821	99287.STM3618	184	396
3095102	99287.STM2878	29.4	45
3095100	99287.STM2876	17.6	32
3095098	99287.STM2874	38.3	55
3095099	99287.STM2875	2.78	3
3095096	99287.STM2872	58.0	24
3095097	99287.STM2873	2065	549
3095095	99287.STM2871	117	116
3094714	99287.STM2472	596	1184
3094715	99287.STM2473	960	903
3094716	99287.STM2474	814	1486
3094717	99287.STM2475	76.1	21
3094721	99287.STM2479	0.987	10
3094911	99287.STM2676	2814	327
3094912	99287.STM2677	141	139
3094905	99287.STM2670	95.1	87
3094908	99287.STM2673	4146	889
3094825	99287.STM2585	197	176
3094822	99287.STM2582	148	178
3094823	99287.STM2583	34.3	58
3094821	99287.STM2581	16.1	8
3096718	99287.STM4567	332	248
3093652	99287.STM1370	2.54	5
3093653	99287.STM1371	54.1	44
3093654	99287.STM1372	16.5	18
3093655	99287.STM1373	59.9	68
3093657	99287.STM1375	175	161
3093658	99287.STM1376	5163	3230
3093659	99287.STM1377	20924	5534
3093660	99287.STM1378	1269	1660
3096719	99287.STM4568	192	201
3092823	99287.STM0510	16.7	17
3092829	99287.STM0516	17.5	14
3093853	99287.STM1578	39.3	95
3093847	99287.STM1572	814	1618
3093845	99287.STM1570	8.84	24
3093852	99287.STM1577	38.6	226
3094076	99287.STM1809	3177	302
3094045	99287.STM1778	317	148
3094046	99287.STM1779	6.2	6
3094070	99287.STM1803	185	252
3094043	99287.STM1776	6.41	10
3094037	99287.STM1770	351	39
3094039	99287.STM1772	1454	1078
3093869	99287.STM1594	2.5	9
3093870	99287.STM1595	2.86	6
3093872	99287.STM1597	329	523
3093867	99287.STM1592	60.0	17
3093868	99287.STM1593	4.23	7
3096276	99287.STM4096	41.6	14
3096272	99287.STM4092	198	67
3093874	99287.STM1599	328	290
3096271	99287.STM4091	381	413
3094067	99287.STM1800	21.2	13
3092742	99287.STM0429	50.7	47
3092737	99287.STM0424	96.5	29
3092736	99287.STM0423	5.5	4
3092667	99287.STM0353	7.04	11
3093410	99287.STM1118	82.4	16
3093411	99287.STM1119	2921	1537
3094231	99287.STM1972	10.1	19
3094229	99287.STM1970	28.5	30
3094230	99287.STM1971	7.33	4
3096593	99287.STM4438	184	237
3096594	99287.STM4439	3942	1074
3093404	99287.STM1112	61.5	34
3093409	99287.STM1117	404	578
3096703	99287.STM4549	5.39	6
3096695	99287.STM4541	50.2	111
3096696	99287.STM4542	102	27
3092555	99287.STM0229	7.31	11
3092554	99287.STM0228	65.7	27
3093040	99287.STM0739	609	868
3093881	99287.STM1607	211	143
3093876	99287.STM1602	30.2	17
3093034	99287.STM0733	64.2	70
3092549	99287.STM0223	21.6	28
3093031	99287.STM0730	621	1153
3093038	99287.STM0737	1516	1421
3093037	99287.STM0736	412	1292
3092553	99287.STM0227	1574	411
3093035	99287.STM0734	668	1601
3093873	99287.STM1598	63.5	87
3096273	99287.STM4093	5.66	8
3092955	99287.STM0647	992	328
3095551	99287.STM3339	257	233
3096178	99287.STM3998	35.5	16
3096179	99287.STM3999	78.7	185
3096177	99287.STM3997	509	321
3095542	99287.STM3330	39.5	147
3096175	99287.STM3995	326	37
3095549	99287.STM3337	54.1	35
3095547	99287.STM3335	30.7	25
3095719	99287.STM3513	6.07	8
3095717	99287.STM3511	67.6	87
3095259	99287.STM3040	1325	1553
3095720	99287.STM3514	1.76	3
3095262	99287.STM3043	113	66
3094313	99287.STM2062	3.2	4
3095267	99287.STM3048	435	418
3094315	99287.STM2064	19.3	14
3094317	99287.STM2066	1.29	5
3095412	99287.STM3195	63.2	51
3094050	99287.STM1783.S	19.0	6
3094244	99287.STM1986	38.8	16
3095633	99287.STM3426	2047	498
3095631	99287.STM3424	4920	768
3095632	99287.STM3425	2964	1910
3095629	99287.STM3422	1774	139
3095630	99287.STM3423	4004	2289
3095628	99287.STM3421	4261	1283
3095635	99287.STM3428	6349	2137
3095636	99287.STM3429	2236	498
3095804	99287.STM3601	98.0	52
3092380	99287.STM0051	33.6	26
3095038	99287.STM2809	28.9	18
3095037	99287.STM2808	39.8	14
3095030	99287.STM2802	439	130
3094731	99287.STM2489	273	206
3094730	99287.STM2488	1101	660
3094729	99287.STM2487	223	192
3094728	99287.STM2486	80.7	70
3094725	99287.STM2483	3.53	3
3094724	99287.STM2482	122	24
3094883	99287.STM2643	119	165
3092734	99287.STM0421	69.3	76
3094886	99287.STM2646	2542	707
3094888	99287.STM2648	11.7	9
3093345	99287.STM1051	29.4	33
3094236	99287.STM1977	67.6	24
3094495	99287.STM2245	6.42	8
3094491	99287.STM2241	29.3	75
3094499	99287.STM2249	4.96	16
3093350	99287.STM1057	186	319
3094741	99287.STM2499.S	147	117
3092893	99287.STM0585	84.5	232
3092894	99287.STM0586	11.7	18
3093632	99287.STM1349	482	885
3093628	99287.STM1345	14.5	10
3093627	99287.STM1344	11.2	12
3093624	99287.STM1341	439	291
3093625	99287.STM1342	5.21	5
3095051	99287.STM2827	164	420
3092814	99287.STM0501	339	278
3094639	99287.STM2390	53.5	25
3092817	99287.STM0504	15.2	10
3092818	99287.STM0505	6.72	8
3092819	99287.STM0506	20.8	20
3092821	99287.STM0508	1.84	4
3092822	99287.STM0509	3.93	9
3094019	99287.STM1749	864	3021
3093583	99287.STM1299	18.4	24
3094014	99287.STM1743	37.8	35
3094013	99287.STM1742	55.6	60
3093581	99287.STM1297	84.7	72
3093580	99287.STM1296	309	203
3093579	99287.STM1295	62.6	81
3093578	99287.STM1294	15.2	13
3093416	99287.STM1127	12.2	8
3093412	99287.STM1121	8693	992
3096558	99287.STM4398	15.5	27
3093414	99287.STM1123	155	120
3092747	99287.STM0434	5.88	5
3096554	99287.STM4394	3898	1354
3096557	99287.STM4397	35.9	25
3096551	99287.STM4391	3216	1190
3092744	99287.STM0431	33.4	30
3096553	99287.STM4393	6111	467
3092746	99287.STM0433	3.26	3
3094167	99287.STM1901	401	625
3096569	99287.STM4409	11.5	22
3096568	99287.STM4408	161	134
3096327	99287.STM4159	22.1	21
3096325	99287.STM4157	5.13	6
3096564	99287.STM4404	143	96
3094175	99287.STM1909	89.5	154
3096322	99287.STM4154	1116	4123
3096321	99287.STM4153	1202	4497
3096560	99287.STM4400	4.64	4
3096563	99287.STM4403	62.9	110
3096318	99287.STM4150	3002	2120
3096537	99287.STM4377	7.93	8
3093617	99287.STM1334.c	363	134
3096539	99287.STM4379	45.5	26
3092563	99287.STM0237	21.8	9
3095167	99287.STM2945	12.4	18
3092558	99287.STM0232	517	452
3096056	99287.STM3857	1098	1113
3096053	99287.STM3854	38.2	35
3096052	99287.STM3853	137	64
3092564	99287.STM0238	25.3	8
3096049	99287.STM3850	1066	339
3093904	99287.STM1631	85.5	152
3093030	99287.STM0729	2.1	19
3093906	99287.STM1633	737	517
3093908	99287.STM1635	54.1	26
3093911	99287.STM1638	17.2	9
3092946	99287.STM0638	102	86
3095507	99287.STM3294	125	118
3095510	99287.STM3297	9.74	4
3096093	99287.STM3902	7.91	4
3095506	99287.STM3293	213	104
3095512	99287.STM3299	140	65
3094784	99287.STM2544	264	132
3096728	99287.STM4577	25.1	17
3093039	99287.STM0738	2164	2476
3096721	99287.STM4570	717	626
3092961	99287.STM0653	32.9	15
3096730	99287.STM4579	9.15	18
3095290	99287.STM3071	8.93	6
3095289	99287.STM3070	12.1	14
3095296	99287.STM3077	66.7	48
3095295	99287.STM3076	1003	2009
3095297	99287.STM3078	534	555
3095511	99287.STM3298.S	569	67
3092551	99287.STM0225	4665	1802
3092550	99287.STM0224	265	793
3095660	99287.STM3453	1191	775
3095659	99287.STM3452	47.5	15
3095657	99287.STM3450	57.8	12
3093036	99287.STM0735	635	407
3095662	99287.STM3455	768	227
3095047	99287.STM2818	57.1	88
3094328	99287.STM2077	91.2	71
3094325	99287.STM2074	171	133
3094326	99287.STM2075	98.1	58
3094323	99287.STM2072	164	133
3094324	99287.STM2073	49.3	85
3094321	99287.STM2070	221	151
3094322	99287.STM2071	403	260
3095042	99287.STM2813	29.0	24
3095043	99287.STM2814	41.0	46
3094329	99287.STM2078	93.3	51
3094330	99287.STM2079	306	267
3094740	99287.STM2498	972	697
3094736	99287.STM2494	72.4	90
3094737	99287.STM2495	112	23
3094733	99287.STM2491	927	396
3095906	99287.STM3704	78.2	103
3095905	99287.STM3703	204	88
3095904	99287.STM3702	257	104
3095903	99287.STM3701	1619	564
3095902	99287.STM3700	82.5	104
3094892	99287.STM2652	36.3	38
3095911	99287.STM3709	326	341
3094891	99287.STM2651	2.94	8
3094503	99287.STM2253	8.67	8
3094506	99287.STM2256	3.12	3
3095495	99287.STM3280.S	28.6	41
3094509	99287.STM2259	40.4	72
3095204	99287.STM2983	4462	1133
3095206	99287.STM2985	16.9	10
3093762	99287.STM1485	1024	313
3093256	99287.STM0964	74.4	203
3094213	99287.STM1953	114	92
3093257	99287.STM0965	48.0	74
3092467	99287.STM0141	53.7	39
3092847	99287.STM0534	237	115
3092850	99287.STM0537	35.7	35
3092849	99287.STM0536	1530	462
3092846	99287.STM0533	65.8	50
3094026	99287.STM1756	59.5	32
3094022	99287.STM1752	567	410
3094021	99287.STM1751	11443	2375
3093573	99287.STM1289	182	177
3093569	99287.STM1285	291	455
3093570	99287.STM1286	723	558
3093823	99287.STM1548.s	156	215
3093291	99287.STM1000	665	833
3092722	99287.STM0408	149	122
3093420	99287.STM1131	14.1	12
3093424	99287.STM1136	40.0	29
3093425	99287.STM1137	37.4	19
3093423	99287.STM1135	207	123
3096541	99287.STM4381	25.2	18
3092719	99287.STM0405	6.26	7
3092721	99287.STM0407	172	292
3092720	99287.STM0406	690	289
3094178	99287.STM1912	26.7	20
3094179	99287.STM1913	1.29	3
3096316	99287.STM4148	930	414
3094181	99287.STM1915	293	217
3094182	99287.STM1916	30.2	17
3093834	99287.STM1559	76.1	223
3096572	99287.STM4412	5.67	6
3094185	99287.STM1919	822	1707
3096314	99287.STM4146	19452	46938
3092956	99287.STM0648	147	304
3096576	99287.STM4416	4.14	6
3096577	99287.STM4417	15.7	7
3096574	99287.STM4414	2538	547
3096575	99287.STM4415	396	351
3096524	99287.STM4364	1164	1009
3092704	99287.STM0390	16.5	7
3096526	99287.STM4366	715	875
3092706	99287.STM0392	88.8	63
3096520	99287.STM4360	5.8	6
3096522	99287.STM4362	42.3	55
3096523	99287.STM4363	775	743
3092712	99287.STM0398	4.1	7
3096528	99287.STM4368	120	235
3096529	99287.STM4369	4.93	5
3095266	99287.STM3047	49.7	6
3092530	99287.STM0204.S	64.1	40
3092567	99287.STM0242	298	493
3092572	99287.STM0247	39.5	53
3092571	99287.STM0246	45.7	33
3092570	99287.STM0245	245	244
3092569	99287.STM0244	46.9	31
3092573	99287.STM0248	19.4	9
3096042	99287.STM3842	232	370
3092409	99287.STM0081	47.7	32
3092408	99287.STM0080	281	58
3092410	99287.STM0082	3674	1184
3093900	99287.STM1626	107	236
3093901	99287.STM1627	101	120
3093898	99287.STM1624	13.6	13
3093899	99287.STM1625	26.5	30
3093896	99287.STM1622	4.17	10
3093897	99287.STM1623	4.63	12
3094092	99287.STM1825	39.2	14
3095497	99287.STM3282	684	1127
3095498	99287.STM3283	224	81
3095496	99287.STM3281	13.2	18
3095501	99287.STM3286	473	918
3095502	99287.STM3287	212	343
3095500	99287.STM3285	71.8	15
3094316	99287.STM2065	16.9	37
3095503	99287.STM3288	138	25
3095899	99287.STM3697	9.27	12
3092969	99287.STM0661	16.4	23
3096711	99287.STM4560	6.02	10
3096712	99287.STM4561	19118	10345
3092973	99287.STM0665	832	822
3093178	99287.STM0888	15.2	5
3092975	99287.STM0667	9.37	4
3092974	99287.STM0666	2.33	4
3092977	99287.STM0669	91.5	71
3093177	99287.STM0887	483	414
3096720	99287.STM4569	504	718
3095287	99287.STM3068	2218	2044
3095288	99287.STM3069	3425	4050
3095286	99287.STM3067	59.5	89
3095284	99287.STM3065	1210	375
3095281	99287.STM3062	304	361
3095282	99287.STM3063	3358	1162
3095279	99287.STM3060	150	54
3093154	99287.STM0863	252	328
3093153	99287.STM0862	298	84
3095647	99287.STM3440	4464	1960
3095648	99287.STM3441	4015	931
3095650	99287.STM3443	864	469
3095652	99287.STM3445	19452	46938
3095653	99287.STM3446	3921	7665
3095654	99287.STM3447	6852	1929
3095655	99287.STM3448	102	36
3095865	99287.STM3663	132	118
3095867	99287.STM3665	4.12	3
3095869	99287.STM3667	22.8	24
3094641	99287.STM2392	277	291
3094640	99287.STM2391	351	500
3095050	99287.STM2826	952	166
3094643	99287.STM2395	1629	1375
3095053	99287.STM2829	203	275
3094262	99287.STM2009	8.78	8
3093266	99287.STM0975	4.18	10
3095912	99287.STM3710	356	473
3095913	99287.STM3711	10.6	16
3095914	99287.STM3712	13.7	13
3095915	99287.STM3713	4.67	15
3094862	99287.STM2622	18.7	7
3095413	99287.STM3196.S	563	72
3094776	99287.STM2536	51.5	64
3094773	99287.STM2533	268	215
3094772	99287.STM2532	7.78	39
3094779	99287.STM2539	4.48	8
3094778	99287.STM2538	41.6	27
3096009	99287.STM3809.S	17.5	15
3095963	99287.STM3763	691	1255
3095962	99287.STM3762	31.5	13
3092800	99287.STM0487.S	798	1243
3092479	99287.STM0153	516	1263
3096206	99287.STM4028	88.3	36
3093995	99287.STM1723	74.1	56
3093999	99287.STM1727	420	322
3093998	99287.STM1726	140	156
3093997	99287.STM1725	23.6	44
3093996	99287.STM1724	89.9	131
3094001	99287.STM1729	11164	4034
3094000	99287.STM1728	6861	1036
3093459	99287.STM1171	141	39
3092729	99287.STM0416	32.3	52
3092730	99287.STM0417	5162	1754
3092726	99287.STM0413	439	488
3093841	99287.STM1566	189	398
3092731	99287.STM0418	77.2	38
3092732	99287.STM0419	118	109
3093663	99287.STM1381	15.7	13
3094194	99287.STM1929	13.6	16
3094193	99287.STM1928	224	140
3093719	99287.STM1439	240	106
3093716	99287.STM1436	34.5	44
3094192	99287.STM1927	144	67
3096343	99287.STM4175	154	112
3094186	99287.STM1920	78.1	82
3094189	99287.STM1923	30.2	17
3096344	99287.STM4176	75.4	115
3096514	99287.STM4351	121	99
3096517	99287.STM4357	18.7	15
3096516	99287.STM4356	77.0	63
3092700	99287.STM0386	863	393
3096518	99287.STM4358	25.7	46
3092698	99287.STM0384	1302	364
3092697	99287.STM0383	2973	509
3092694	99287.STM0380	22.1	34
3096078	99287.STM3879	11.2	19
3093004	99287.STM0703	0.76	3
3093002	99287.STM0701	51.5	110
3093007	99287.STM0706	5.23	3
3092574	99287.STM0255	33.1	30
3093005	99287.STM0704	23.7	10
3093006	99287.STM0705	15.6	22
3092577	99287.STM0258	1.42	19
3096452	99287.STM4288	10.4	8
3096074	99287.STM3875	33.7	9
3096073	99287.STM3874	13.8	13
3096076	99287.STM3877	39.9	47
3092419	99287.STM0092	295	407
3092420	99287.STM0093	241	796
3092478	99287.STM0152	1761	4033
3092423	99287.STM0096	25.5	67
3092421	99287.STM0094	4.71	8
3093925	99287.STM1652	1468	625
3093924	99287.STM1651	17.4	55
3093929	99287.STM1656	4.51	7
3095487	99287.STM3272	166	63
3094091	99287.STM1824	67.7	39
3095960	99287.STM3759.S	4.01	4
3096749	99287.STM4598	424	308
3093182	99287.STM0892	597	391
3093180	99287.STM0890	868	621
3093181	99287.STM0891	18.7	17
3092978	99287.STM0670	20.1	25
3092979	99287.STM0671	6.17	11
3093521	99287.STM1234.S	34.6	36
3095231	99287.STM3011	29.7	22
3095230	99287.STM3010	1.93	5
3093165	99287.STM0874	27.5	21
3093168	99287.STM0877	32.5	38
3093163	99287.STM0872	135	19
3095593	99287.STM3380	548	765
3093169	99287.STM0878	7.5	18
3095598	99287.STM3385	1004	159
3093106	99287.STM0813	30.5	20
3095680	99287.STM3474	2.18	6
3095683	99287.STM3477	3.48	3
3095676	99287.STM3470	5.69	4
3095678	99287.STM3472	163	82
3095857	99287.STM3655	566	1062
3095858	99287.STM3656	161	197
3095853	99287.STM3650	69.0	45
3095543	99287.STM3331	61.9	91
3095702	99287.STM3496	7.94	4
3095701	99287.STM3495	9.61	14
3095699	99287.STM3493	17.8	38
3095704	99287.STM3498	87.0	115
3094632	99287.STM2383	9.87	14
3094633	99287.STM2384	163	145
3094634	99287.STM2385	296	128
3093051	99287.STM0750	36.6	10
3094637	99287.STM2388	10.5	23
3094638	99287.STM2389	39.8	49
3094266	99287.STM2015	15.1	25
3094267	99287.STM2016	2.2	4
3094270	99287.STM2019	3.56	6
3096401	99287.STM4237	44.3	32
3092896	99287.STM0588	25.2	82
3095923	99287.STM3721	6.82	5
3094879	99287.STM2639	63.9	37
3095925	99287.STM3723	32.5	36
3095924	99287.STM3722	62.0	33
3095927	99287.STM3725	19.7	8
3095426	99287.STM3209	1682	77
3095929	99287.STM3727	1125	100
3095930	99287.STM3728	2574	202
3094872	99287.STM2632	0.283	19
3096081	99287.STM3882	5.62	8
3093261	99287.STM0970	73.2	48
3093720	99287.STM1440	3144	1274
3094764	99287.STM2524	292	194
3094765	99287.STM2525	19.4	13
3094766	99287.STM2526	1419	514
3094760	99287.STM2520	101	168
3094761	99287.STM2521	140	72
3094762	99287.STM2522	111	166
3094763	99287.STM2523	279	305
3093725	99287.STM1445	3197	1743
3094826	99287.STM2585A	757	528
3093574	99287.STM1290	9879	8143
3094002	99287.STM1730	5394	2869
3094003	99287.STM1731	4307	2433
3094004	99287.STM1732	3796	2377
3094009	99287.STM1737	28.7	8
3094010	99287.STM1738	85.5	15
3092779	99287.STM0465	7952	3823
3092778	99287.STM0464	136	82
3092782	99287.STM0469	55.1	11
3096335	99287.STM4167	31.1	22
3096332	99287.STM4164	137	236
3096333	99287.STM4165	65.2	29
3096330	99287.STM4162	4.41	5
3096331	99287.STM4163	187	176
3096328	99287.STM4160	107	85
3096336	99287.STM4168	11.7	6
3093680	99287.STM1398	143	69
3093681	99287.STM1399	115	67
3093678	99287.STM1396	322	42
3093679	99287.STM1397	106	36
3093706	99287.STM1426	299	167
3093674	99287.STM1392	15.9	48
3094198	99287.STM1934	77.6	46
3094199	99287.STM1935	349	244
3096511	99287.STM4348	162	123
3096512	99287.STM4349	85.3	55
3096510	99287.STM4347	4.77	19
3096507	99287.STM4344	7.36	6
3096505	99287.STM4342	694	387
3096506	99287.STM4343	647	1427
3096504	99287.STM4341	15.6	10
3096065	99287.STM3866	934	693
3096066	99287.STM3867	3491	4825
3096063	99287.STM3864	617	244
3096064	99287.STM3865	5194	7739
3096061	99287.STM3862	27.9	53
3096060	99287.STM3861	72.6	146
3096067	99287.STM3868	678	451
3096068	99287.STM3869	2065	942
3096454	99287.STM4290	3.46	6
3096455	99287.STM4291	92.6	111
3096457	99287.STM4293	1.76	8
3092579	99287.STM0260	14.0	35
3093921	99287.STM1648	13.4	6
3092341	99287.STM0013	80.4	85
3092395	99287.STM0067	276	866
3092394	99287.STM0066	138	212
3092393	99287.STM0064	141	73
3093919	99287.STM1646	1.71	6
3093920	99287.STM1647	561	400
3095483	99287.STM3268	23.9	20
3095484	99287.STM3269	544	243
3095479	99287.STM3264	219	398
3095540	99287.STM3328	28.6	54
3095482	99287.STM3267	282	265
3092333	99287.STM0005	4.85	3
3092917	99287.STM0609	16.5	19
3092916	99287.STM0608	1856	1079
3092910	99287.STM0602	24.6	28
3096737	99287.STM4586	72.0	22
3092908	99287.STM0600	31.3	57
3092915	99287.STM0607	6.16	3
3096732	99287.STM4581	680	1166
3096733	99287.STM4582	13.3	10
3095228	99287.STM3008	54.8	37
3095220	99287.STM3001	29.5	17
3095221	99287.STM3002	14.2	11
3095227	99287.STM3007	88.2	20
3093133	99287.STM0841	2.87	3
3093134	99287.STM0842	4.06	3
3092331	99287.STM0003	9.49	8
3093138	99287.STM0846	69.6	97
3093141	99287.STM0849	58.6	97
3095605	99287.STM3392	133	24
3092443	99287.STM0117	22.9	8
3092442	99287.STM0116	13.3	21
3095674	99287.STM3468	242	337
3092439	99287.STM0113	5.4	7
3092438	99287.STM0112	101	86
3092437	99287.STM0111	11.1	13
3095668	99287.STM3462	6.95	8
3095672	99287.STM3466	616	459
3095670	99287.STM3464	42.8	43
3092444	99287.STM0118	64.1	73
3095352	99287.STM3135	15.2	22
3095353	99287.STM3136	11.8	13
3095354	99287.STM3137	16.8	25
3095849	99287.STM3646	67.9	44
3095850	99287.STM3647	31.3	20
3095848	99287.STM3645	278	246
3095852	99287.STM3649	87.7	22
3095355	99287.STM3138	119	110
3095356	99287.STM3139	12.9	21
3095691	99287.STM3485	190	184
3095692	99287.STM3486	104	135
3095693	99287.STM3487	73.0	47
3095687	99287.STM3481	626	487
3096338	99287.STM4170	27023	3873
3093715	99287.STM1435	48.2	9
3096089	99287.STM3898	398	80
3094187	99287.STM1921	243	547
3093712	99287.STM1432	4.39	3
3094280	99287.STM2029	52.7	43
3093711	99287.STM1431	134	106
3094276	99287.STM2025	11.5	10
3094275	99287.STM2024	12.2	12
3094278	99287.STM2027	18.3	9
3093710	99287.STM1430	9.01	12
3095634	99287.STM3427.S	6372	304
3094604	99287.STM2355	27.4	33
3094603	99287.STM2354	789	684
3094600	99287.STM2351	291	143
3094599	99287.STM2350	72.6	61
3095936	99287.STM3734	4.74	6
3095937	99287.STM3735	269	122
3095935	99287.STM3733	26.1	9
3095932	99287.STM3730	26.4	25
3095933	99287.STM3731	55.0	39
3096519	99287.STM4359	9.9	13
3094531	99287.STM2282	676	673
3094534	99287.STM2285	41.7	51
3094533	99287.STM2284	14.7	26
3094536	99287.STM2287	124	144
3094535	99287.STM2286	6.23	8
3094235	99287.STM1976	7.81	7
3094751	99287.STM2511	545	651
3094750	99287.STM2510	285	519
3094759	99287.STM2519	23.6	29
3096447	99287.STM4283	6.67	5
3093386	99287.STM1094	14.2	22
3093383	99287.STM1091	110	148
3096450	99287.STM4286	12.3	15
3093981	99287.STM1709	127	57
3093977	99287.STM1705	14396	2013
3093976	99287.STM1704	25.0	20
3093979	99287.STM1707	97.6	39
3096448	99287.STM4284	4.21	5
3093972	99287.STM1700	1616	1235
3093535	99287.STM1251	1331	627
3093974	99287.STM1702	63.9	103
3096070	99287.STM3871	11.2	7
3095721	99287.STM3515	2.0	6
3094161	99287.STM1895	20.1	5
3094157	99287.STM1891	47.5	42
3094165	99287.STM1899	119	136
3094851	99287.STM2610	987	407
3092788	99287.STM0475	230	747
3092789	99287.STM0476	1490	1329
3092791	99287.STM0478	3.05	11
3093443	99287.STM1155	27.6	22
3096298	99287.STM4119	190	362
3096297	99287.STM4118	21.6	47
3093700	99287.STM1418	70.9	42
3092418	99287.STM0091	10.4	13
3093693	99287.STM1411	7.3	7
3093694	99287.STM1412	54.8	21
3093697	99287.STM1415	7.71	18
3093696	99287.STM1414	9.21	20
3096502	99287.STM4339	9.73	4
3096494	99287.STM4331	840	257
3096493	99287.STM4330	17829	25755
3096499	99287.STM4336	1349	263
3096497	99287.STM4334	103	46
3096010	99287.STM3810	8.84	4
3096014	99287.STM3814	4.96	16
3096018	99287.STM3818	8.67	8
3093947	99287.STM1676	6.33	5
3093950	99287.STM1679	48.7	97
3093369	99287.STM1076	39.9	10
3093366	99287.STM1073	6.73	8
3096207	99287.STM4029	42.2	50
3093363	99287.STM1070	17664	15879
3096204	99287.STM4026	29.2	27
3093371	99287.STM1078	682	270
3096410	99287.STM4246	40.4	61
3096409	99287.STM4245	267	276
3096406	99287.STM4242	85.5	155
3096404	99287.STM4240	12939	686
3096413	99287.STM4249	150	101
3096412	99287.STM4248	0.977	3
3095046	99287.STM2817	787	556
3093713	99287.STM1433	372	185
3096119	99287.STM3929	24.5	20
3096115	99287.STM3925	71.0	70
3096656	99287.STM4503	29.1	15
3096112	99287.STM3922	2.99	20
3096111	99287.STM3921	36.1	45
3092922	99287.STM0614	1880	987
3092923	99287.STM0615	166	201
3092924	99287.STM0616	314	117
3092925	99287.STM0617	690	472
3093144	99287.STM0852	1.06	3
3092434	99287.STM0108	112	122
3095321	99287.STM3103	37.8	25
3095325	99287.STM3107	110	86
3095324	99287.STM3106	839	956
3095327	99287.STM3109	84.1	50
3095326	99287.STM3108	23.2	7
3096084	99287.STM3885	212	152
3094289	99287.STM2038	348	88
3095256	99287.STM3036	16.1	11
3094284	99287.STM2033	7.7	6
3095257	99287.STM3038	31.0	25
3094285	99287.STM2034	1.73	3
3094595	99287.STM2346	16.7	12
3094596	99287.STM2347	57.9	33
3094589	99287.STM2340	90.8	108
3094590	99287.STM2341	85.0	76
3094591	99287.STM2342	10.7	25
3094592	99287.STM2343	9.64	3
3094597	99287.STM2348	37.8	25
3095093	99287.STM2869	35.2	29
3095950	99287.STM3748	47.2	91
3095943	99287.STM3741	537	132
3095942	99287.STM3740	41.3	16
3092496	99287.STM0170	27.3	12
3094545	99287.STM2296	22.3	22
3094546	99287.STM2297	87.6	106
3094543	99287.STM2294	130	46
3094547	99287.STM2298	228	293
3094548	99287.STM2299	188	297
