#name: S.typhimurium - Whole organism, SC (Adkins,MCP,2006)
#score: 10.91
#weight: 100%
#description: abundance based on Spectral counting, from<a href="http://www.ncbi.nlm.nih.gov/pubmed/16684765" target="_blank">Adkins, MCP, 2006</a><br/><b>Interaction consistency score</b>: 10.91&nbsp<b>Coverage</b>: 56
#organ: WHOLE_ORGANISM
#integrated: false
#coverage: 56
#publication_year: 2006
#filename: SalmonellaTyphimurium_PRIDE.txt
#
#internal_id	string_external_id	abundance	raw_spectral_count
3093670	99287.STM1388	101	7
3093055	99287.STM0759	1481	260
3094748	99287.STM2508	23.7	6
3094744	99287.STM2502	36.2	79
3094742	99287.STM2500	18.6	19
3094743	99287.STM2501	96.9	253
3093299	99287.STM1008.S	10.9	32
3093244	99287.STM0952	5.82	9
3093070	99287.STM0775	82.7	121
3093069	99287.STM0774	318	327
3095148	99287.STM2926	89.0	71
3093249	99287.STM0957	39.7	67
3093067	99287.STM0772	2618	2082
3093743	99287.STM1463	206	260
3095417	99287.STM3200	208	352
3095418	99287.STM3201	11.0	42
3095663	99287.STM3456	132	23
3093746	99287.STM1468	664	1510
3093074	99287.STM0779	199	188
3093747	99287.STM1469	676	1103
3095882	99287.STM3680	1385	2072
3093380	99287.STM1088	8.59	13
3093376	99287.STM1083	33.6	14
3093373	99287.STM1080	100	135
3093377	99287.STM1084	22.3	12
3093990	99287.STM1718	80.2	79
3093991	99287.STM1719	108	98
3093533	99287.STM1249	80.4	32
3093984	99287.STM1712	599	1579
3093985	99287.STM1713	137	175
3093982	99287.STM1710	12.0	14
3093983	99287.STM1711	187	105
3093988	99287.STM1716	228	253
3093989	99287.STM1717	407	310
3093986	99287.STM1714	185	458
3093987	99287.STM1715	601	197
3096224	99287.STM4044	79.3	95
3094148	99287.STM1882	37.7	7
3094149	99287.STM1883	33.1	51
3094146	99287.STM1880	80.7	84
3094147	99287.STM1881	156	60
3094152	99287.STM1886	321	689
3094153	99287.STM1887	50.8	85
3094150	99287.STM1884	715	331
3094151	99287.STM1885	1.07	3
3094154	99287.STM1888	810	1212
3094155	99287.STM1889	52.0	59
3096161	99287.STM3976.S	28.1	31
3092762	99287.STM0449	494	736
3092761	99287.STM0448	399	371
3096236	99287.STM4056.S	59.8	67
3092758	99287.STM0445	563	284
3092760	99287.STM0447	2853	4107
3092759	99287.STM0446	122	55
3094014	99287.STM1743	146	214
3092756	99287.STM0443	496	617
3092755	99287.STM0442	340	390
3096280	99287.STM4100	25.5	37
3096281	99287.STM4101	50.1	200
3094013	99287.STM1742	74.9	107
3093684	99287.STM1402	20.0	12
3096285	99287.STM4105	6.67	10
3096286	99287.STM4106	276	624
3096288	99287.STM4108	294	269
3096289	99287.STM4109	233	199
3095260	99287.STM3041c	281	289
3094015	99287.STM1744	48.1	20
3095178	99287.STM2955.S	17.5	4
3096492	99287.STM4329	4216	1433
3096485	99287.STM4322	86.3	64
3096488	99287.STM4325	119	273
3096489	99287.STM4326	1704	2573
3096490	99287.STM4327	25.1	10
3096001	99287.STM3800	6.71	11
3096003	99287.STM3802	112	164
3096004	99287.STM3803	6.18	5
3096007	99287.STM3807	3.73	6
3093934	99287.STM1661	804	676
3093937	99287.STM1664	31.1	13
3093938	99287.STM1665	12.5	11
3092378	99287.STM0049	57.1	62
3092377	99287.STM0048	123	82
3093359	99287.STM1066	196	26
3093360	99287.STM1067	655	256
3096217	99287.STM4038	11.0	13
3093354	99287.STM1061	77.3	180
3093355	99287.STM1062	103	197
3096213	99287.STM4034	269	341
3092369	99287.STM0040	43.0	70
3096215	99287.STM4036	127	150
3092374	99287.STM0045	52.7	72
3093362	99287.STM1069	182	76
3092375	99287.STM0046	355	1108
3096418	99287.STM4254	91.0	275
3096420	99287.STM4256	647	506
3096421	99287.STM4257	12.1	8
3096414	99287.STM4250	58.1	53
3096415	99287.STM4251	102	41
3096422	99287.STM4258	290	474
3093204	99287.STM0912	8.21	17
3092934	99287.STM0626	7.18	7
3096124	99287.STM3938	194	264
3096121	99287.STM3935	323	408
3096122	99287.STM3936	394	629
3096123	99287.STM3937	34.2	25
3092937	99287.STM0629	3410	625
3092936	99287.STM0628	66.9	47
3092796	99287.STM0483	311	242
3093121	99287.STM0829	9.63	21
3093120	99287.STM0828	301	324
3095214	99287.STM2995	9.34	33
3095213	99287.STM2994	7.3	24
3093113	99287.STM0820	43.5	68
3095210	99287.STM2991	26.0	39
3093118	99287.STM0826	15.6	23
3095212	99287.STM2993	2.97	9
3095211	99287.STM2992	32.8	47
3095496	99287.STM3281	68.5	82
3092457	99287.STM0131	23.9	27
3095462	99287.STM3247	9.52	14
3095460	99287.STM3244	6.8	15
3092458	99287.STM0132	106	154
3095458	99287.STM3242	3.49	7
3095459	99287.STM3243	4.41	7
3095456	99287.STM3240	15.8	41
3095457	99287.STM3241	32.8	245
3092465	99287.STM0139	100	111
3095463	99287.STM3248	365	393
3095464	99287.STM3249	154	88
3094445	99287.STM2194	194	103
3094442	99287.STM2191	12.7	23
3094441	99287.STM2190	733	869
3094444	99287.STM2193	153	124
3095332	99287.STM3114	7.83	34
3095330	99287.STM3112	24.4	31
3095328	99287.STM3110	6.19	8
3095329	99287.STM3111	626	192
3095243	99287.STM3023	173	51
3092748	99287.STM0435	1289	770
3094619	99287.STM2370	270	339
3094628	99287.STM2379	15.5	48
3094627	99287.STM2378	934	1372
3095954	99287.STM3753	25.7	32
3095956	99287.STM3755	71.8	72
3095198	99287.STM2977	2.96	7
3095197	99287.STM2976	56.9	155
3095196	99287.STM2974	17.3	18
3095195	99287.STM2973	24.4	35
3095194	99287.STM2972	21.6	23
3095193	99287.STM2971	106	164
3094986	99287.STM2754	18.1	21
3096569	99287.STM4409	57.7	122
3095200	99287.STM2979	35.8	40
3095199	99287.STM2978	35.4	19
3094818	99287.STM2578	335	312
3094812	99287.STM2572	5.66	7
3094811	99287.STM2571	52.9	59
3096567	99287.STM4407	45.7	77
3094423	99287.STM2171	116	82
3096322	99287.STM4154	1065	4769
3096561	99287.STM4401	31.0	28
3096563	99287.STM4403	561	1142
3096318	99287.STM4150	5974	4441
3094654	99287.STM2406	120	150
3094653	99287.STM2405	38.4	77
3094651	99287.STM2403	297	298
3094650	99287.STM2402	56.1	82
3092333	99287.STM0005	292	227
3094657	99287.STM2409	14.2	23
3096441	99287.STM4277	40.4	79
3096439	99287.STM4275	463	1114
3095057	99287.STM2833	6.95	9
3095055	99287.STM2831	43.9	67
3096434	99287.STM4270	6.57	7
3095061	99287.STM2837	45.6	44
3095059	99287.STM2835	37.3	45
3095700	99287.STM3494.S	141	105
3093561	99287.STM1277	321	104
3094572	99287.STM2323.S	650	1703
3094145	99287.STM1879	11.8	30
3094142	99287.STM1876	271	28
3094141	99287.STM1875	575	82
3094139	99287.STM1873	55.2	35
3093471	99287.STM1183	94.7	198
3093469	99287.STM1181	13.9	20
3093468	99287.STM1180	41.8	47
3093474	99287.STM1187	85.6	77
3093473	99287.STM1185	597	1786
3093472	99287.STM1184	210	314
3092765	99287.STM0452	711	1367
3092763	99287.STM0450	642	1600
3092764	99287.STM0451	13559	1817
3092769	99287.STM0456	1.4	4
3092767	99287.STM0454	28.1	20
3092768	99287.STM0455	53.8	64
3093751	99287.STM1473	36.1	265
3093748	99287.STM1470	32.3	36
3096312	99287.STM4139	118	123
3096311	99287.STM4138	45.4	52
3093752	99287.STM1475	48.6	60
3096310	99287.STM4137	30.1	36
3093755	99287.STM1478	675	734
3096309	99287.STM4131	41.8	71
3096308	99287.STM4130	128	369
3096554	99287.STM4394	7373	3144
3096259	99287.STM4079.S	316	121
3096109	99287.STM3919	187	222
3096640	99287.STM4486	45.6	68
3096634	99287.STM4480	55.6	65
3096637	99287.STM4483	13.1	8
3096642	99287.STM4489	7.7	36
3094247	99287.STM1989	22.7	15
3096039	99287.STM3839	2190	40
3096038	99287.STM3838	86.4	139
3096035	99287.STM3835	343	1038
3096037	99287.STM3837	155	207
3096036	99287.STM3836	18.4	31
3096031	99287.STM3831	198	235
3095153	99287.STM2931	58.0	28
3096033	99287.STM3833	6.5	12
3094243	99287.STM1984	102	27
3095152	99287.STM2930	107	106
3092381	99287.STM0052	5.35	5
3093969	99287.STM1698	25.0	30
3093967	99287.STM1696	26.2	25
3093966	99287.STM1695	3.58	5
3093963	99287.STM1692	25.6	65
3093962	99287.STM1691	27.9	32
3093961	99287.STM1690	1297	610
3096187	99287.STM4009	765	1129
3092897	99287.STM0589	8.31	17
3093348	99287.STM1055	31.5	43
3093785	99287.STM1509	166	34
3093784	99287.STM1508	16.3	61
3096180	99287.STM4001	131	142
3092889	99287.STM0581	11.8	11
3096182	99287.STM4003	165	90
3092891	99287.STM0583	4.3	5
3096184	99287.STM4005	23.0	44
3096183	99287.STM4004	164	283
3096186	99287.STM4007	623	1172
3096185	99287.STM4006	20.3	28
3096425	99287.STM4261	27.7	600
3096424	99287.STM4260	40.4	55
3096426	99287.STM4262	14.4	37
3096431	99287.STM4267	23.8	28
3096433	99287.STM4269	7.3	12
3093197	99287.STM0905	5.88	4
3093195	99287.STM0903	3.63	3
3092565	99287.STM0239	5.33	6
3096100	99287.STM3909	257	508
3096099	99287.STM3908	16.3	22
3092939	99287.STM0631	15.6	21
3092944	99287.STM0636	419	170
3092945	99287.STM0637	344	534
3092942	99287.STM0634	17.1	23
3096092	99287.STM3901	14.8	25
3096094	99287.STM3903	289	296
3096096	99287.STM3905	61.0	128
3096095	99287.STM3904	146	271
3096478	99287.STM4314	61.7	19
3096481	99287.STM4317	92.3	31
3092798	99287.STM0485	870	250
3096483	99287.STM4319	646	543
3096482	99287.STM4318	22.1	16
3095561	99287.STM3349	41.1	45
3095560	99287.STM3348	579	664
3095559	99287.STM3347	512	313
3095558	99287.STM3346	28.2	45
3095557	99287.STM3345	4203	1360
3095556	99287.STM3344	2768	597
3095554	99287.STM3342	468	334
3095553	99287.STM3341	151	92
3095552	99287.STM3340	122	139
3093130	99287.STM0838	89.7	178
3095209	99287.STM2988	54.0	65
3093122	99287.STM0830	598	528
3093123	99287.STM0831	5578	3064
3095201	99287.STM2980	42.3	58
3093125	99287.STM0833	829	521
3093127	99287.STM0835	61.5	39
3095205	99287.STM2984	23.0	31
3093129	99287.STM0837	288	304
3094878	99287.STM2638	52.1	55
3095449	99287.STM3233	90.4	99
3095452	99287.STM3236	7.02	12
3095451	99287.STM3235	105	99
3092455	99287.STM0129	229	328
3092452	99287.STM0126	113	150
3092450	99287.STM0124	113	181
3092451	99287.STM0125	5.04	7
3092448	99287.STM0122	16.9	46
3093532	99287.STM1246	1120	787
3092446	99287.STM0120	264	235
3092447	99287.STM0121	39.0	20
3095901	99287.STM3699	96.5	116
3094434	99287.STM2183	143	140
3095386	99287.STM3169	86.4	75
3095385	99287.STM3168	5.31	17
3094437	99287.STM2186	110	168
3095278	99287.STM3059.S	22.9	15
3094435	99287.STM2184	43.1	31
3093097	99287.STM0804	67.5	34
3094250	99287.STM1992	14.2	28
3095895	99287.STM3693	12.3	17
3094440	99287.STM2189	175	319
3095897	99287.STM3695	39.5	31
3095896	99287.STM3694	307	545
3095899	99287.STM3697	147	216
3095898	99287.STM3696	15.8	21
3093529	99287.STM1242	110	63
3093094	99287.STM0801	46.8	49
3093093	99287.STM0800	29.6	76
3095792	99287.STM3589	48.8	63
3095791	99287.STM3588	10.3	17
3095787	99287.STM3584	127	65
3095790	99287.STM3587	128	149
3095783	99287.STM3580	439	465
3095964	99287.STM3764	11.0	17
3095961	99287.STM3761	18.8	19
3095963	99287.STM3763	209	432
3094618	99287.STM2369	222	215
3094615	99287.STM2366	723	616
3094613	99287.STM2364	40.5	47
3094614	99287.STM2365	148	165
3094611	99287.STM2362	91.1	188
3095968	99287.STM3768	1.73	3
3094609	99287.STM2360	11.7	18
3094610	99287.STM2361	17.7	32
3095770	99287.STM3567	44.2	56
3095768	99287.STM3565	54.9	33
3095767	99287.STM3564	15.5	28
3095772	99287.STM3569	53.4	71
3095187	99287.STM2964	8.75	9
3095188	99287.STM2965	15.4	8
3095189	99287.STM2967	61.1	59
3095183	99287.STM2960	157	301
3095184	99287.STM2961	53.3	92
3094978	99287.STM2746	72.7	120
3095186	99287.STM2963	168	96
3094980	99287.STM2748	93.0	41
3095190	99287.STM2968	80.0	63
3095191	99287.STM2969	240	527
3094808	99287.STM2568	23.5	18
3094801	99287.STM2561	590	217
3094802	99287.STM2562	65.2	105
3094803	99287.STM2563	39.2	18
3094804	99287.STM2564	10.9	18
3094805	99287.STM2565	148	707
3094579	99287.STM2330	52.8	54
3096169	99287.STM3984	278	486
3094660	99287.STM2414	192	63
3094661	99287.STM2415	478	759
3094659	99287.STM2413	147	42
3096551	99287.STM4391	3426	1646
3093115	99287.STM0822	109	149
3094244	99287.STM1986	16.7	11
3093546	99287.STM1263	21.1	18
3093544	99287.STM1260	9.39	19
3093552	99287.STM1269	52.4	33
3096469	99287.STM4305.S	20.5	51
3092484	99287.STM0158	1560	4692
3093477	99287.STM1190	92.0	61
3093478	99287.STM1191	20070	2236
3093479	99287.STM1192	4.43	5
3093480	99287.STM1193	241	281
3093481	99287.STM1194	478	459
3093482	99287.STM1195	869	862
3093483	99287.STM1196	1714	313
3093484	99287.STM1197	368	599
3093485	99287.STM1198	16.3	21
3093486	99287.STM1199	29.2	33
3096307	99287.STM4129	43.4	68
3093682	99287.STM1400	63.1	99
3093744	99287.STM1466	498	907
3093745	99287.STM1467	315	415
3096301	99287.STM4122	103	59
3096302	99287.STM4123	78.0	140
3096299	99287.STM4120	230	316
3096300	99287.STM4121	10.7	21
3096304	99287.STM4126	311	572
3096305	99287.STM4127	27.6	18
3096303	99287.STM4125	181	225
3096645	99287.STM4492	12.7	42
3096643	99287.STM4490	128	126
3096644	99287.STM4491	31.0	70
3096649	99287.STM4496	157	610
3096650	99287.STM4497	18.9	13
3096647	99287.STM4494	50.0	80
3096648	99287.STM4495	45.3	187
3096651	99287.STM4498	39.0	36
3096652	99287.STM4499	68.0	58
3096028	99287.STM3828	19.9	26
3093933	99287.STM1660.S	78.0	38
3096020	99287.STM3820	221	402
3094253	99287.STM1995	18.5	122
3096193	99287.STM4015	23.1	21
3093960	99287.STM1689	72.4	29
3093955	99287.STM1684	48.4	56
3093956	99287.STM1685	38.1	52
3093957	99287.STM1686	58.1	24
3093952	99287.STM1681	73.4	56
3093953	99287.STM1682	1667	1087
3093954	99287.STM1683	102	202
3093343	99287.STM1049	0.11	1
3093790	99287.STM1514	29.2	20
3093791	99287.STM1515	84.0	46
3093337	99287.STM1044	2286	665
3093786	99287.STM1510	21.1	23
3093787	99287.STM1511	553	393
3093788	99287.STM1512	55.4	155
3093789	99287.STM1513	1543	434
3093232	99287.STM0939	37.2	66
3095390	99287.STM3173	49.0	54
3096443	99287.STM4279	5.89	7
3093224	99287.STM0931	58.5	61
3093223	99287.STM0930	63.5	41
3093226	99287.STM0933	10.9	18
3093225	99287.STM0932	31.4	34
3093228	99287.STM0935	75.6	150
3093227	99287.STM0934	155	176
3093230	99287.STM0937	10.7	27
3096107	99287.STM3917	1181	1762
3096105	99287.STM3914	172	320
3096106	99287.STM3915	1207	441
3096103	99287.STM3912	12.9	38
3096104	99287.STM3913	16.6	36
3096101	99287.STM3910	185	90
3094033	99287.STM1766	6.61	10
3095394	99287.STM3177	39.8	25
3094032	99287.STM1765	13.4	18
3093504	99287.STM1217.S	14.7	26
3094083	99287.STM1816	1015	366
3094078	99287.STM1811	35.3	15
3096467	99287.STM4303	11.4	18
3096464	99287.STM4300	149	407
3096470	99287.STM4306	53.3	27
3092797	99287.STM0484	88.0	165
3092799	99287.STM0486	65.6	51
3092802	99287.STM0489	103	105
3092801	99287.STM0488	2486	1313
3096261	99287.STM4081	1905	1461
3093099	99287.STM0806	102	67
3095570	99287.STM3358	25.5	25
3095571	99287.STM3359	6431	6068
3093096	99287.STM0803	285	218
3093861	99287.STM1586	19.9	29
3095569	99287.STM3357	21.3	23
3096262	99287.STM4082	47.3	22
3096265	99287.STM4085	123	134
3096264	99287.STM4084	67.6	64
3096266	99287.STM4086	1014	1923
3095436	99287.STM3220	12.2	24
3095437	99287.STM3221	4.17	3
3092485	99287.STM0159	39.1	38
3095439	99287.STM3223	37.6	31
3095444	99287.STM3228	593	148
3095445	99287.STM3229	1093	367
3092477	99287.STM0151	180	84
3092480	99287.STM0154	3920	5458
3095395	99287.STM3178	1.36	3
3095396	99287.STM3179	197	152
3094429	99287.STM2178	110	99
3094428	99287.STM2177	45.6	41
3094426	99287.STM2175	12.3	27
3094425	99287.STM2174	3.05	4
3095391	99287.STM3174	113	289
3095393	99287.STM3176	1359	220
3095303	99287.STM3084.S	171	118
3095106	99287.STM2883	183	238
3095105	99287.STM2882	464	1194
3096202	99287.STM4024.S	12.6	10
3095109	99287.STM2886	360	263
3095108	99287.STM2885	678	1436
3095107	99287.STM2884	1625	2289
3095176	99287.STM2954	68.4	81
3095801	99287.STM3598	113	91
3094873	99287.STM2633.S	10.9	32
3095796	99287.STM3593	11.7	12
3095794	99287.STM3591	3863	1549
3095799	99287.STM3596	146	178
3095800	99287.STM3597	471	805
3095797	99287.STM3594	519	1264
3095798	99287.STM3595	110	167
3095973	99287.STM3773	11.8	43
3094567	99287.STM2318	11.3	28
3095974	99287.STM3774	46.3	22
3095975	99287.STM3775	20.6	36
3094562	99287.STM2313	19.3	19
3094561	99287.STM2312	85.8	46
3094560	99287.STM2311	1374	533
3094559	99287.STM2310	16.1	22
3094563	99287.STM2314	1139	1383
3095779	99287.STM3576	68.1	152
3095780	99287.STM3577	760	2171
3095773	99287.STM3570	170	131
3095774	99287.STM3571	201	335
3095775	99287.STM3572	24.6	10
3094334	99287.STM2083	106	219
3094333	99287.STM2082	26.8	53
3094332	99287.STM2081	1037	1608
3094331	99287.STM2080	108	173
3094338	99287.STM2087	8.4	16
3094337	99287.STM2086	17.1	23
3094336	99287.STM2085	27.3	32
3094335	99287.STM2084	96.3	106
3095179	99287.STM2956	136	406
3095888	99287.STM3686	579	693
3095175	99287.STM2953	571	1012
3095174	99287.STM2952	4403	6079
3095884	99287.STM3682	63.0	152
3095885	99287.STM3683	33.2	54
3095180	99287.STM2957	34.0	61
3095883	99287.STM3681	19.1	29
3095182	99287.STM2959	9.31	13
3095181	99287.STM2958	14.0	52
3095001	99287.STM2771	2122	7152
3095890	99287.STM3688	68.7	12
3095891	99287.STM3689	1298	178
3094478	99287.STM2227	150	65
3094477	99287.STM2226	150	224
3094797	99287.STM2557	19.1	38
3094475	99287.STM2224	4313	1125
3094474	99287.STM2223	3.35	8
3094473	99287.STM2222	92.6	70
3094793	99287.STM2553	3.52	7
3094471	99287.STM2220	21.3	14
3094799	99287.STM2559	46.1	136
3095389	99287.STM3172	17.5	51
3094479	99287.STM2228	32.6	74
3095023	99287.STM2795	1582	719
3095020	99287.STM2792	169	299
3095019	99287.STM2791	260	435
3095018	99287.STM2790	21.8	34
3095027	99287.STM2799	2378	919
3095026	99287.STM2798	77.6	35
3095665	99287.STM3458	17.6	13
3096297	99287.STM4118	90.5	195
3095971	99287.STM3771	11.8	6
3094669	99287.STM2427	103	255
3094670	99287.STM2428	231	180
3093357	99287.STM1064	62.3	98
3093358	99287.STM1065	59.4	48
3094322	99287.STM2071	160	143
3093353	99287.STM1060	34.0	52
3092370	99287.STM0041	3.33	8
3093498	99287.STM1211	88.0	165
3093497	99287.STM1210	544	357
3093503	99287.STM1216	96.9	397
3093502	99287.STM1215	6.98	11
3093501	99287.STM1214	88.7	35
3093506	99287.STM1219	22.7	24
3093505	99287.STM1218	144	133
3092372	99287.STM0043	8206	827
3093361	99287.STM1068	55.0	104
3096352	99287.STM4188.S	49.0	245
3094340	99287.STM2089	65.9	94
3094117	99287.STM1850	7.78	18
3094122	99287.STM1855	262	218
3094125	99287.STM1857	47.8	23
3093612	99287.STM1328	388	281
3093735	99287.STM1455	47.1	52
3093610	99287.STM1326	400	494
3093737	99287.STM1457	12.0	33
3093608	99287.STM1324	150	187
3093731	99287.STM1451	1270	867
3093730	99287.STM1450	135	134
3093733	99287.STM1453	22.5	21
3093604	99287.STM1320	13.0	25
3092943	99287.STM0635.S	13.6	15
3096623	99287.STM4469	132	178
3096621	99287.STM4467	336	560
3096620	99287.STM4466	133	120
3096619	99287.STM4465	174	222
3096615	99287.STM4460	119	145
3092534	99287.STM0208	50.3	71
3096243	99287.STM4063	11.2	11
3096242	99287.STM4062	305	462
3096240	99287.STM4060	15.6	8
3096247	99287.STM4067	73.9	84
3092364	99287.STM0035	18.9	31
3092365	99287.STM0036	0.175	1
3096244	99287.STM4064	468	572
3096248	99287.STM4068	19.3	22
3093804	99287.STM1528	31.1	28
3093331	99287.STM1038	0.51	3
3093800	99287.STM1524	7.66	13
3094017	99287.STM1746.S	870	1531
3096369	99287.STM4205	0.256	1
3096147	99287.STM3962	117	108
3096146	99287.STM3961	3.27	6
3096152	99287.STM3967	199	180
3096150	99287.STM3965	5.85	22
3096154	99287.STM3969	12.3	30
3096153	99287.STM3968	896	902
3095173	99287.STM2951	115	101
3095886	99287.STM3684	253	210
3093435	99287.STM1147	73.8	63
3095887	99287.STM3685	340	811
3092811	99287.STM0498	52.0	102
3092812	99287.STM0499	73.0	42
3092807	99287.STM0494	47.7	107
3092808	99287.STM0495	260	163
3092637	99287.STM0320	0.229	2
3092638	99287.STM0321	167	215
3092639	99287.STM0322	118	218
3092804	99287.STM0491	62.3	105
3095581	99287.STM3369	10.3	52
3095580	99287.STM3368	167	223
3096666	99287.STM4512	924	1132
3096665	99287.STM4511	11.0	15
3093108	99287.STM0815	9.11	8
3095572	99287.STM3360	34.1	24
3093111	99287.STM0818	96.6	123
3093112	99287.STM0819	9.0	8
3096673	99287.STM4519	495	852
3093219	99287.STM0926	1.19	3
3095435	99287.STM3219	38.1	107
3095434	99287.STM3218	46.2	73
3093213	99287.STM0920	299	182
3092511	99287.STM0185	9.75	11
3095431	99287.STM3215	41.7	26
3095430	99287.STM3214	4.05	7
3095433	99287.STM3217	621	1722
3095432	99287.STM3216	1868	3851
3095427	99287.STM3210	9.38	20
3093221	99287.STM0928	397	463
3095429	99287.STM3212	133	68
3094795	99287.STM2555	1863	1782
3094421	99287.STM2169	55.0	14
3094417	99287.STM2165	148	182
3094418	99287.STM2166	106	318
3094419	99287.STM2167	252	682
3094415	99287.STM2163	10.6	13
3095113	99287.STM2890	146	98
3095114	99287.STM2891	242	187
3095115	99287.STM2892	106	127
3094796	99287.STM2556	28.0	27
3095117	99287.STM2894	95.9	183
3095118	99287.STM2895	1127	619
3095119	99287.STM2896	149	218
3095120	99287.STM2897	8.44	9
3095121	99287.STM2898	419	790
3095122	99287.STM2899	10.8	10
3093886	99287.STM1612	26.3	46
3094557	99287.STM2308	11.4	9
3094558	99287.STM2309	16.5	35
3093049	99287.STM0748	306	443
3096731	99287.STM4580.S	71.5	118
3094549	99287.STM2300	26.0	24
3094550	99287.STM2301	5.12	17
3095985	99287.STM3785	27.5	17
3095984	99287.STM3784	19.1	14
3095983	99287.STM3783	186	57
3094554	99287.STM2305	3.74	7
3094555	99287.STM2306	13.5	28
3094556	99287.STM2307	161	162
3094349	99287.STM2098	252	307
3093254	99287.STM0962	55.5	93
3095746	99287.STM3543	69.1	83
3095745	99287.STM3542	24.9	15
3095748	99287.STM3545	87.3	119
3094071	99287.STM1804.S	21.7	31
3092541	99287.STM0215	226	182
3094341	99287.STM2090	1631	1581
3094342	99287.STM2091	373	475
3094343	99287.STM2092	449	303
3094344	99287.STM2093	83.1	122
3094345	99287.STM2094	208	205
3092542	99287.STM0216	3478	2541
3094347	99287.STM2096	188	147
3094348	99287.STM2097	211	244
3093046	99287.STM0745	106	84
3096050	99287.STM3851.S	8.03	8
3095364	99287.STM3147	190	378
3093041	99287.STM0740	536	1089
3095170	99287.STM2948	13.5	33
3095168	99287.STM2946	27.8	24
3095169	99287.STM2947	58.6	112
3095167	99287.STM2945	200	311
3095366	99287.STM3149	149	205
3095165	99287.STM2943	2.4	7
3095162	99287.STM2940	18.1	12
3094995	99287.STM2765	15.3	4
3094782	99287.STM2542	89.6	78
3094783	99287.STM2543	317	560
3094780	99287.STM2540	28.5	19
3094781	99287.STM2541	37.9	20
3094786	99287.STM2546	539	460
3094784	99287.STM2544	297	146
3094785	99287.STM2545	104	115
3094789	99287.STM2549	31.6	30
3094488	99287.STM2238	24.3	31
3094489	99287.STM2239	36.1	19
3093255	99287.STM0963	708	916
3095013	99287.STM2785	59.0	31
3095014	99287.STM2786	452	463
3095008	99287.STM2780	148	195
3095009	99287.STM2781	71.6	95
3095010	99287.STM2782	27.5	30
3095016	99287.STM2788	4.75	5
3095017	99287.STM2789	69.4	93
3095910	99287.STM3708	258	318
3096451	99287.STM4287.S	22.7	9
3094678	99287.STM2436	8.63	13
3094679	99287.STM2437	7.7	7
3094677	99287.STM2435	21.9	34
3094674	99287.STM2432	940	1783
3094675	99287.STM2433	2383	1281
3094672	99287.STM2430	1033	1114
3094673	99287.STM2431	4364	974
3093768	99287.STM1491	9.53	13
3093487	99287.STM1200	104	65
3093488	99287.STM1201	5.41	8
3093489	99287.STM1202	65.2	87
3093490	99287.STM1203	132	187
3093492	99287.STM1205	573	229
3093493	99287.STM1206	40.7	13
3093494	99287.STM1207	136	123
3093496	99287.STM1209	175	212
3095215	99287.STM2996	3.47	17
3093774	99287.STM1497	464	546
3093776	99287.STM1499	42.9	459
3096356	99287.STM4192	122	56
3096601	99287.STM4446	5.57	8
3093728	99287.STM1448	147	116
3093729	99287.STM1449	494	813
3093621	99287.STM1338	325	879
3093622	99287.STM1339	2678	496
3093722	99287.STM1442	19.0	22
3093619	99287.STM1336	5087	470
3093620	99287.STM1337	558	609
3093614	99287.STM1330	96.7	126
3093724	99287.STM1444	626	306
3093616	99287.STM1333	828	1390
3094462	99287.STM2211.S	292	120
3096633	99287.STM4479	37.7	52
3096629	99287.STM4475	416	1337
3096631	99287.STM4477	545	842
3096627	99287.STM4473	41.7	19
3093092	99287.STM0798	52.5	101
3093742	99287.STM1462.S	347	438
3093088	99287.STM0794	7.64	12
3093091	99287.STM0797	13.5	7
3093085	99287.STM0791	80.2	186
3093087	99287.STM0793	7.7	13
3093086	99287.STM0792	113	87
3096252	99287.STM4072	177	392
3096253	99287.STM4073	96.4	136
3096254	99287.STM4074	71.3	154
3093808	99287.STM1533	9.26	12
3096256	99287.STM4076	15.2	11
3096257	99287.STM4077	743	912
3096258	99287.STM4078	1260	1373
3092332	99287.STM0004	313	549
3092335	99287.STM0007	2036	2175
3092865	99287.STM0552	60.9	35
3093813	99287.STM1538	101	262
3093814	99287.STM1539	101	100
3094113	99287.STM1846	363	236
3094114	99287.STM1847	149	141
3094111	99287.STM1844	95.9	76
3094112	99287.STM1845	145	299
3094109	99287.STM1842	515	381
3093316	99287.STM1023	113	47
3093319	99287.STM1026	12.0	7
3094116	99287.STM1849	22.4	82
3092463	99287.STM0137	26.7	15
3092462	99287.STM0136	525	1584
3096155	99287.STM3970	196	199
3096156	99287.STM3971	21.6	10
3096157	99287.STM3972	66.3	119
3096158	99287.STM3973	583	178
3096159	99287.STM3974	60.9	50
3096162	99287.STM3977	10.3	12
3096163	99287.STM3978	198	268
3096164	99287.STM3979	155	116
3096072	99287.STM3873.S	103	66
3093304	99287.STM1012	326	310
3092636	99287.STM0319	40.5	28
3092635	99287.STM0318	152	266
3093444	99287.STM1156	7.18	8
3093445	99287.STM1157	82.8	83
3093438	99287.STM1150	282	459
3093439	99287.STM1151	86.2	298
3093441	99287.STM1153	229	58
3092629	99287.STM0311	55.6	43
3092628	99287.STM0310	631	408
3093824	99287.STM1549	66.4	39
3092634	99287.STM0317	473	222
3092633	99287.STM0316	810	1191
3096658	99287.STM4505	54.9	32
3096660	99287.STM4507	23.6	25
3096653	99287.STM4500	47.2	110
3095710	99287.STM3504	195	468
3096661	99287.STM4508	32.1	35
3093310	99287.STM1018	98.0	46
3095273	99287.STM3054	2804	688
3095272	99287.STM3053	651	2048
3095706	99287.STM3500	2587	5072
3092497	99287.STM0171	346	301
3095270	99287.STM3051	20.6	52
3094099	99287.STM1832	397	467
3095269	99287.STM3050	106	63
3092505	99287.STM0179	5.82	10
3093245	99287.STM0953	892	206
3093071	99287.STM0776	309	381
3093243	99287.STM0951	23.5	23
3093242	99287.STM0950	130	115
3093068	99287.STM0773	128	208
3093248	99287.STM0956	120	166
3093247	99287.STM0955	14.3	26
3095419	99287.STM3202	59.1	110
3095420	99287.STM3203	122	106
3093251	99287.STM0959	305	284
3093250	99287.STM0958	627	687
3095423	99287.STM3206	10.3	7
3095421	99287.STM3204	13.1	20
3093073	99287.STM0778	25.1	56
3094411	99287.STM2159	9.12	20
3095715	99287.STM3509	35.7	37
3094403	99287.STM2152	30.0	15
3094406	99287.STM2155	274	701
3094405	99287.STM2154	192	268
3094409	99287.STM2157	24.0	15
3095714	99287.STM3508	0.752	2
3095277	99287.STM3058	216	434
3093676	99287.STM1394	24.5	44
3096583	99287.STM4424.S	2.8	4
3093677	99287.STM1395	5.07	10
3095589	99287.STM3376	137	205
3095590	99287.STM3377	60.6	76
3095586	99287.STM3374	738	703
3095588	99287.STM3375	6.69	16
3095585	99287.STM3373	13.8	20
3095582	99287.STM3370	62.3	134
3095583	99287.STM3371	39.0	27
3092543	99287.STM0217	4832	4076
3096735	99287.STM4584	14.6	12
3095592	99287.STM3379	559	211
3095994	99287.STM3794	28.4	27
3095996	99287.STM3796	51.4	105
3095991	99287.STM3791	52.4	68
3095992	99287.STM3792	6.97	8
3095993	99287.STM3793	46.6	65
3095760	99287.STM3557	272	470
3095757	99287.STM3554	12.3	22
3095755	99287.STM3552	221	132
3095756	99287.STM3553	50.7	43
3095753	99287.STM3550	17.9	15
3095754	99287.STM3551	49.3	139
3095369	99287.STM3152	265	1348
3095367	99287.STM3150	223	352
3095373	99287.STM3156	97.6	52
3095374	99287.STM3157	337	387
3095371	99287.STM3154	72.9	53
3095372	99287.STM3155	213	117
3095375	99287.STM3158	36.1	7
3095376	99287.STM3159	36.4	33
3093165	99287.STM0874	141	112
3095157	99287.STM2935	28.1	28
3095156	99287.STM2934	29.6	55
3094452	99287.STM2201	76.2	80
3094454	99287.STM2203	101	93
3094456	99287.STM2205	12.2	18
3094455	99287.STM2204	51.2	103
3094457	99287.STM2206	52.5	80
3092880	99287.STM0572	9.1	19
3094584	99287.STM2335	159	120
3094583	99287.STM2334	242	187
3094586	99287.STM2337	1180	1604
3092539	99287.STM0213	628	778
3094580	99287.STM2331	112	151
3095066	99287.STM2842	4.43	9
3094581	99287.STM2332	118	67
3094587	99287.STM2338	922	2291
3094683	99287.STM2441	9.94	15
3094682	99287.STM2440	25.1	27
3094689	99287.STM2447	62.3	43
3094688	99287.STM2446	273	281
3094687	99287.STM2445	1147	725
3094686	99287.STM2444	45.9	64
3094372	99287.STM2121	289	140
3096694	99287.STM4540.S	356	396
3093525	99287.STM1238	3671	3859
3093522	99287.STM1235	17.8	13
3093524	99287.STM1237	15.2	11
3093518	99287.STM1231	1821	1555
3093517	99287.STM1230	76.9	142
3093520	99287.STM1233	56.5	44
3093519	99287.STM1232	440	543
3094691	99287.STM2449.S	145	79
3093256	99287.STM0964	330	1288
3093711	99287.STM1431	1594	1261
3093592	99287.STM1308	1009	469
3093587	99287.STM1303	137	182
3093586	99287.STM1302	288	326
3093589	99287.STM1305	53.1	82
3093588	99287.STM1304	74.9	82
3093590	99287.STM1306	46.0	75
3096604	99287.STM4449	34.5	5
3093770	99287.STM1493	38.0	42
3094209	99287.STM1949	127	53
3094208	99287.STM1947	23.4	22
3093775	99287.STM1498	27.8	395
3096354	99287.STM4190	320	197
3096600	99287.STM4445	5.8	13
3096602	99287.STM4447	25.9	22
3096358	99287.STM4194	403	49
3093913	99287.STM1640	298	218
3093083	99287.STM0788	55.2	81
3093084	99287.STM0789	28.0	20
3093914	99287.STM1641	28.2	125
3093078	99287.STM0783	127	138
3093076	99287.STM0781	108	112
3093081	99287.STM0786	244	300
3093082	99287.STM0787	46.7	72
3093079	99287.STM0784	23.2	28
3093080	99287.STM0785	156	229
3093817	99287.STM1542	29.5	36
3093816	99287.STM1541	46.4	38
3093815	99287.STM1540	98.6	148
3096229	99287.STM4049	2.77	5
3092862	99287.STM0549	21.4	19
3093819	99287.STM1544	14.8	25
3092340	99287.STM0012	2938	6198
3092858	99287.STM0545	11.9	11
3092859	99287.STM0546	2.44	7
3092860	99287.STM0547	6.7	7
3093311	99287.STM1019	10.6	6
3092854	99287.STM0541	39.4	12
3092855	99287.STM0542	189	113
3094052	99287.STM1785	10.3	12
3094051	99287.STM1784	396	591
3094054	99287.STM1787	5.11	36
3094097	99287.STM1830	1164	1363
3094048	99287.STM1781	10.3	15
3094047	99287.STM1780	843	1005
3094102	99287.STM1835	6.66	8
3094106	99287.STM1839	8.31	4
3096133	99287.STM3948	11.3	10
3096132	99287.STM3947	44.3	31
3096131	99287.STM3946	184	50
3096129	99287.STM3943	94.1	42
3092624	99287.STM0306	8.83	11
3092625	99287.STM0307	95.9	48
3092622	99287.STM0304	20.2	21
3094246	99287.STM1988.S	19.5	6
3092626	99287.STM0308	68.1	88
3092627	99287.STM0309	97.2	316
3093448	99287.STM1160	212	321
3093451	99287.STM1163	223	296
3093453	99287.STM1165	963	732
3093452	99287.STM1164	56.8	44
3093457	99287.STM1169	13.4	14
3093456	99287.STM1168	237	190
3096684	99287.STM4530	110	176
3096687	99287.STM4533	1051	3448
3096686	99287.STM4532	12.1	40
3096688	99287.STM4534	7.41	30
3096690	99287.STM4536	76.5	37
3096693	99287.STM4539	82.7	104
3096692	99287.STM4538	9.87	15
3092488	99287.STM0162	28.0	53
3092489	99287.STM0163	136	157
3092486	99287.STM0160	107	44
3092492	99287.STM0166	140	160
3092490	99287.STM0164	118	130
3092491	99287.STM0165	203	222
3092494	99287.STM0168	67.6	94
3092495	99287.STM0169	47.6	107
3093233	99287.STM0940	42.8	62
3093234	99287.STM0941	71.2	76
3093235	99287.STM0942	19.1	52
3096089	99287.STM3898	2607	556
3093237	99287.STM0944	13.4	5
3093238	99287.STM0945	200	534
3093058	99287.STM0762	7.12	11
3096393	99287.STM4229	320	470
3096392	99287.STM4228	1.9	5
3095625	99287.STM3418	7152	1661
3095624	99287.STM3417	3272	1130
3095623	99287.STM3416	7610	3501
3095622	99287.STM3415	1970	2386
3095621	99287.STM3414	3666	722
3095619	99287.STM3412	38.9	24
3095617	99287.STM3410	268	118
3095311	99287.STM3093	46.3	43
3095309	99287.STM3091	28.1	50
3095308	99287.STM3090	488	684
3095315	99287.STM3097	19.9	8
3095314	99287.STM3096	58.4	53
3095313	99287.STM3095	340	378
3095312	99287.STM3094	75.0	72
3095515	99287.STM3303	6467	969
3095514	99287.STM3301	174	225
3095513	99287.STM3300	33.5	69
3095519	99287.STM3307	166	286
3095517	99287.STM3305	144	168
3095516	99287.STM3304	1470	511
3095521	99287.STM3309	170	73
3095520	99287.STM3308	315	48
3095192	99287.STM2970	28.6	34
3095728	99287.STM3523	210	216
3095727	99287.STM3522	1.72	4
3095731	99287.STM3526	367	681
3095099	99287.STM2875	36.9	41
3095150	99287.STM2928	83.3	105
3095151	99287.STM2929	294	119
3094396	99287.STM2145	2.0	3
3094394	99287.STM2143	9.76	13
3094391	99287.STM2140	49.6	46
3094392	99287.STM2141	712	707
3095146	99287.STM2924	28.6	26
3095147	99287.STM2925	268	225
3094399	99287.STM2148	96.9	45
3095149	99287.STM2927	15.4	14
3094470	99287.STM2219	25.5	59
3094467	99287.STM2216	14.2	28
3094468	99287.STM2217	27.4	30
3094466	99287.STM2215	5.4	13
3094463	99287.STM2212	20.6	31
3094464	99287.STM2213	33.3	45
3095838	99287.STM3635	15.8	33
3095836	99287.STM3632	15.3	21
3095834	99287.STM3630	267	462
3095504	99287.STM3290.S	63.7	114
3094571	99287.STM2322	39.5	44
3095079	99287.STM2855	105	130
3095081	99287.STM2857	10.2	15
3094575	99287.STM2326	451	1248
3094576	99287.STM2327	179	195
3094573	99287.STM2324	572	931
3094574	99287.STM2325	280	179
3093056	99287.STM0760	270	347
3094577	99287.STM2328	265	188
3095082	99287.STM2858	13.9	20
3095083	99287.STM2859	3.37	7
3096384	99287.STM4220	53.4	107
3092720	99287.STM0406	1110	344
3094700	99287.STM2458	137	192
3094701	99287.STM2459	8.1	16
3096736	99287.STM4585	98.6	107
3094692	99287.STM2450	10.7	12
3094693	99287.STM2451	15.8	12
3094695	99287.STM2453	4.54	5
3094697	99287.STM2455	61.0	33
3094698	99287.STM2456	115	83
3094699	99287.STM2457	70.2	78
3096738	99287.STM4587	91.4	55
3096088	99287.STM3897	20.9	25
3096732	99287.STM4581	819	1679
3096008	99287.STM3808.S	43.4	26
3093606	99287.STM1322	154	167
3093516	99287.STM1229	134	143
3093509	99287.STM1222	231	250
3093507	99287.STM1220	30.0	46
3093508	99287.STM1221	328	269
3093513	99287.STM1226	19.9	39
3093514	99287.STM1227	221	323
3093511	99287.STM1224	7.78	9
3096344	99287.STM4176	168	317
3093600	99287.STM1316	12.0	27
3093601	99287.STM1317	12.4	11
3093598	99287.STM1314	64.4	35
3093596	99287.STM1312	67.5	21
3093594	99287.STM1310	714	588
3093595	99287.STM1311	704	310
3093602	99287.STM1318	277	679
3093420	99287.STM1131	132	90
3095606	99287.STM3399	153	127
3094080	99287.STM1813	154	69
3096353	99287.STM4189	16.4	29
3094218	99287.STM1958	137	236
3094219	99287.STM1959	2510	7997
3093765	99287.STM1488	11.3	17
3093766	99287.STM1489	74.3	36
3094214	99287.STM1954	305	286
3096345	99287.STM4181	97.2	28
3093761	99287.STM1484	11.0	8
3096347	99287.STM4183	524	931
3096348	99287.STM4184	384	749
3096349	99287.STM4185	5.37	16
3093757	99287.STM1480	322	373
3096351	99287.STM4187	139	186
3093141	99287.STM0849	126	204
3095604	99287.STM3391	0.541	5
3093825	99287.STM1550	21.6	7
3092886	99287.STM0578	502	410
3096238	99287.STM4058	53.5	88
3096239	99287.STM4059	470	307
3093829	99287.STM1554	79.1	156
3093295	99287.STM1004	6.17	8
3093833	99287.STM1558	44.6	136
3092878	99287.STM0570	41.9	65
3093300	99287.STM1009	1.74	14
3096235	99287.STM4055	1571	830
3094087	99287.STM1820	29.3	24
3094088	99287.STM1821	2.61	8
3094089	99287.STM1822	243	35
3094063	99287.STM1796	126	241
3094092	99287.STM1825	145	72
3094093	99287.STM1826	204	282
3094062	99287.STM1795	1390	2175
3094095	99287.STM1828	9.32	17
3094065	99287.STM1798	46.2	52
3094066	99287.STM1799	27.9	18
3092984	99287.STM0683	154	276
3092983	99287.STM0682	46.3	92
3096143	99287.STM3958	3.93	12
3092981	99287.STM0680	262	569
3092988	99287.STM0687	4.03	5
3092987	99287.STM0686	418	696
3092986	99287.STM0685	172	359
3092985	99287.STM0684	400	436
3096357	99287.STM4193	90.1	58
3096135	99287.STM3950	97.0	86
3096136	99287.STM3951	25.8	66
3096141	99287.STM3956	48.9	21
3096142	99287.STM3957	73.5	81
3092686	99287.STM0372	213	231
3092685	99287.STM0371	29.7	72
3092684	99287.STM0370	119	233
3092691	99287.STM0377	7.82	8
3092690	99287.STM0376	3.98	6
3096611	99287.STM4456	35.5	91
3096610	99287.STM4455	4.81	6
3096607	99287.STM4452	22.8	55
3096609	99287.STM4453	136	267
3093466	99287.STM1178	10.4	10
3093467	99287.STM1179	98.0	74
3093464	99287.STM1176	69.4	52
3093465	99287.STM1177	315	321
3093462	99287.STM1174	14.0	6
3093463	99287.STM1175	35.1	25
3093460	99287.STM1172	44.0	11
3093461	99287.STM1173	10.0	10
3096613	99287.STM4458	2963	1115
3096614	99287.STM4459	61.0	49
3092707	99287.STM0393	69.6	53
3096683	99287.STM4529	82.7	24
3096680	99287.STM4526	22.4	82
3096681	99287.STM4527	48.3	41
3096678	99287.STM4524	44.2	79
3096679	99287.STM4525	148	349
3095378	99287.STM3161	57.2	70
3092518	99287.STM0192	3.02	4
3092517	99287.STM0191	33.0	106
3092516	99287.STM0190	77.4	209
3096396	99287.STM4232	525	300
3093051	99287.STM0750	129	100
3096394	99287.STM4230	46.8	62
3096395	99287.STM4231	15.6	35
3093270	99287.STM0979	5.91	4
3093269	99287.STM0978	86.2	172
3092535	99287.STM0209	871	1080
3096399	99287.STM4235	170	533
3092533	99287.STM0207	214	256
3096080	99287.STM3881	63.8	53
3096081	99287.STM3882	12.2	26
3096083	99287.STM3884	635	579
3092528	99287.STM0202	201	305
3096085	99287.STM3886	18.1	19
3093263	99287.STM0972	96.8	135
3095615	99287.STM3408	43.1	41
3095616	99287.STM3409	48.3	94
3092722	99287.STM0408	101	105
3095613	99287.STM3406	203	186
3095614	99287.STM3407	133	167
3095608	99287.STM3401	170	195
3095609	99287.STM3402	120	74
3093288	99287.STM0997	189	119
3093286	99287.STM0995	19.3	35
3093285	99287.STM0994	265	1315
3093284	99287.STM0993	177	137
3093283	99287.STM0992	52.2	100
3093282	99287.STM0991	52.1	33
3093281	99287.STM0990	3.21	4
3093290	99287.STM0999	220	581
3093289	99287.STM0998	1037	1166
3095301	99287.STM3082	6.95	10
3095305	99287.STM3086	242	488
3095522	99287.STM3310	186	133
3095523	99287.STM3311	211	170
3095524	99287.STM3312	16.0	18
3095525	99287.STM3313	44.0	47
3095670	99287.STM3464	191	187
3095528	99287.STM3316	76.7	65
3095529	99287.STM3317	43.1	29
3095530	99287.STM3318	221	70
3095531	99287.STM3319	342	314
3095671	99287.STM3465	78.5	38
3094970	99287.STM2739	5.28	6
3092716	99287.STM0402	3054	2489
3095352	99287.STM3135	214	334
3094298	99287.STM2047	56.1	56
3092719	99287.STM0405	128	182
3094296	99287.STM2045	341	152
3094294	99287.STM2043	15.7	30
3094293	99287.STM2042	251	107
3094292	99287.STM2041	141	81
3094291	99287.STM2040	160	293
3095742	99287.STM3538	65.1	162
3095743	99287.STM3539	556	583
3095735	99287.STM3531	20.9	43
3095736	99287.STM3532	22.5	21
3095737	99287.STM3533	66.4	82
3095738	99287.STM3534	122	326
3095739	99287.STM3535	117	220
3095740	99287.STM3536	147	266
3095741	99287.STM3537	14.7	40
3095137	99287.STM2915	61.5	64
3095136	99287.STM2914	110	119
3095139	99287.STM2917	124	139
3095138	99287.STM2916	69.1	75
3095847	99287.STM3644	16.8	52
3095848	99287.STM3645	83.0	82
3095141	99287.STM2919	19.0	23
3095140	99287.STM2918	165	196
3094382	99287.STM2131	44.3	38
3094386	99287.STM2136	128	205
3094388	99287.STM2138	36.6	20
3096317	99287.STM4149	1060	610
3094518	99287.STM2269	24.2	85
3094512	99287.STM2262	42.4	43
3094517	99287.STM2267	4347	5625
3094516	99287.STM2266	103	137
3095827	99287.STM3624	49.1	80
3095830	99287.STM3626	31.3	33
3095831	99287.STM3627	9.1	13
3095823	99287.STM3620	68.7	66
3095825	99287.STM3622	24.0	53
3096314	99287.STM4146	11137	30269
3095691	99287.STM3485	237	291
3095085	99287.STM2861	317	367
3095086	99287.STM2862	35.6	38
3095089	99287.STM2865	5.55	10
3094922	99287.STM2688	40.0	26
3095090	99287.STM2866	5.16	7
3094919	99287.STM2685	123	41
3094916	99287.STM2681	908	502
3094915	99287.STM2680	22.3	13
3094917	99287.STM2683	59.2	53
3094707	99287.STM2465	933	245
3092705	99287.STM0391	37.2	24
3094709	99287.STM2467	15.3	17
3094708	99287.STM2466	13.3	13
3094705	99287.STM2463	57.9	78
3094704	99287.STM2462	11.5	13
3095689	99287.STM3483	436	373
3094710	99287.STM2468	77.4	59
3094902	99287.STM2667	155	194
3094900	99287.STM2665	1183	432
3092706	99287.STM0392	192	213
3094899	99287.STM2663	283	306
3094898	99287.STM2662	159	140
3094897	99287.STM2661	83.7	89
3094896	99287.STM2660	986	2840
3092709	99287.STM0395	13.7	57
3094904	99287.STM2669	142	137
3092711	99287.STM0397	86.3	94
3092710	99287.STM0396	6.54	13
3096397	99287.STM4233	90.4	59
3095428	99287.STM3211.S	760	820
3093261	99287.STM0970	153	148
3096529	99287.STM4369	91.8	117
3093649	99287.STM1367	195	72
3093648	99287.STM1366	23.5	13
3093647	99287.STM1365	58.3	215
3095062	99287.STM2838.S	116	131
3094228	99287.STM1969	153	279
3094227	99287.STM1968	55.2	22
3094221	99287.STM1961	149	54
3094220	99287.STM1960	224	388
3094222	99287.STM1962	55.5	31
3094224	99287.STM1964	308	197
3092875	99287.STM0567	23.6	26
3092872	99287.STM0564	13.1	28
3092871	99287.STM0563	4.72	7
3093012	99287.STM0711	414	430
3092877	99287.STM0569	81.5	115
3093844	99287.STM1569	8.52	10
3093014	99287.STM0713	52.6	54
3093840	99287.STM1565	1893	253
3093842	99287.STM1567	1569	1712
3093841	99287.STM1566	310	741
3093836	99287.STM1561	18.4	23
3093835	99287.STM1560	35.4	80
3093838	99287.STM1563	892	436
3093837	99287.STM1562	64.4	60
3094086	99287.STM1819	143	131
3094085	99287.STM1818	38.0	76
3094036	99287.STM1769	100	47
3094034	99287.STM1767	349	161
3094081	99287.STM1814	203	150
3094084	99287.STM1817	7.91	14
3094031	99287.STM1764	232	1224
3094030	99287.STM1763	206	359
3094029	99287.STM1762	44.1	47
3094028	99287.STM1761	13.9	19
3094079	99287.STM1812	117	86
3093862	99287.STM1587	2.85	8
3096260	99287.STM4080	82.5	81
3093859	99287.STM1584	8.77	14
3093858	99287.STM1583	14.5	13
3093857	99287.STM1582	30.4	32
3093856	99287.STM1581	24.8	29
3093855	99287.STM1580	2.0	3
3096269	99287.STM4089	519	336
3096268	99287.STM4088	2417	581
3093864	99287.STM1589	244	273
3093863	99287.STM1588	44.8	42
3092992	99287.STM0691	4.0	10
3092994	99287.STM0693	1020	534
3092995	99287.STM0694	465	312
3092997	99287.STM0696	282	190
3092998	99287.STM0697	318	262
3092999	99287.STM0698	789	1677
3092674	99287.STM0360	11.5	14
3092680	99287.STM0366	532	180
3092682	99287.STM0368	271	255
3092683	99287.STM0369	98.0	174
3096581	99287.STM4421	39.0	78
3096585	99287.STM4426	5.16	11
3096584	99287.STM4425	6.54	12
3093395	99287.STM1103	11.5	12
3093394	99287.STM1102	100	122
3093393	99287.STM1101	44.2	64
3093392	99287.STM1100	34.7	18
3093396	99287.STM1104	12.0	5
3096709	99287.STM4558	10.1	8
3093436	99287.STM1148.S	12.6	24
3096708	99287.STM4557	29.0	19
3096707	99287.STM4556	57.2	96
3092418	99287.STM0091	34.8	41
3092641	99287.STM0327	191	70
3092514	99287.STM0188	23.1	12
3092515	99287.STM0189	16.5	60
3092510	99287.STM0184	111	183
3092805	99287.STM0492	30.5	65
3092512	99287.STM0186	1148	443
3092513	99287.STM0187	22.9	15
3092506	99287.STM0180	111	54
3092507	99287.STM0181	158	178
3092508	99287.STM0182	86.2	64
3092509	99287.STM0183	29.0	15
3092544	99287.STM0218	488	451
3092545	99287.STM0219	1761	593
3093885	99287.STM1611	40.5	43
3093050	99287.STM0749	894	646
3092540	99287.STM0214	9.82	41
3093048	99287.STM0747	191	180
3093252	99287.STM0960	37.0	94
3093253	99287.STM0961	84.3	81
3092536	99287.STM0210	16.7	34
3092537	99287.STM0211	4672	1114
3093893	99287.STM1619	26.2	12
3093257	99287.STM0965	464	546
3095646	99287.STM3439	3519	1748
3095645	99287.STM3438	2374	489
3096670	99287.STM4516	7.23	15
3095638	99287.STM3431	1186	325
3095637	99287.STM3430	981	375
3095640	99287.STM3433	6043	1410
3095639	99287.STM3432	3523	612
3095642	99287.STM3435	7702	1902
3095641	99287.STM3434	4694	2150
3095644	99287.STM3437	2977	1865
3095643	99287.STM3436	3481	1062
3093275	99287.STM0984	109	202
3093276	99287.STM0985	24.4	33
3093278	99287.STM0987	115	34
3093271	99287.STM0980	121	123
3093272	99287.STM0981	5027	8262
3093273	99287.STM0982	3899	619
3093279	99287.STM0988	157	147
3093280	99287.STM0989	48.2	58
3093110	99287.STM0817	10.1	17
3095935	99287.STM3733	115	89
3096168	99287.STM3983	224	694
3096167	99287.STM3982	72.4	177
3095540	99287.STM3328	137	377
3096172	99287.STM3987	162	105
3095536	99287.STM3324	16.3	8
3095539	99287.STM3327	220	171
3095533	99287.STM3321	1869	320
3095532	99287.STM3320	13.1	16
3095535	99287.STM3323	365	293
3095534	99287.STM3322	377	257
3095276	99287.STM3057	25.0	35
3095275	99287.STM3056	38.9	52
3095274	99287.STM3055	616	876
3095712	99287.STM3506	9.0	19
3095707	99287.STM3501	11.0	22
3094310	99287.STM2059	2009	292
3095709	99287.STM3503	42.7	22
3095708	99287.STM3502	589	485
3094305	99287.STM2054	15.1	11
3094306	99287.STM2055	18.6	9
3094301	99287.STM2050	12.8	17
3094302	99287.STM2051	45.8	72
3094303	99287.STM2052	16.7	15
3094304	99287.STM2053	27.5	43
3093418	99287.STM1129	66.0	68
3095123	99287.STM2900	161	129
3095127	99287.STM2904	28.1	10
3095128	99287.STM2905	21.6	16
3095131	99287.STM2909	134	403
3094371	99287.STM2120	44.9	134
3095405	99287.STM3188	60.9	102
3094373	99287.STM2122	154	107
3094376	99287.STM2125	16.8	24
3095398	99287.STM3181	47.9	119
3095397	99287.STM3180	781	67
3095400	99287.STM3183	32.4	43
3095402	99287.STM3185	31.6	25
3095404	99287.STM3187	167	108
3095403	99287.STM3186	417	975
3094527	99287.STM2278	492	597
3094519	99287.STM2270	383	293
3094520	99287.STM2271	7.94	35
3094521	99287.STM2272	362	897
3094525	99287.STM2276	152	126
3094526	99287.STM2277	384	1181
3095814	99287.STM3611	9.95	12
3095813	99287.STM3610	77.8	158
3095816	99287.STM3613	101	162
3095815	99287.STM3612	141	210
3095818	99287.STM3615	4.95	17
3095817	99287.STM3614	67.0	85
3095820	99287.STM3617	9.29	13
3095819	99287.STM3616	18.7	97
3095822	99287.STM3619	2.22	6
3095821	99287.STM3618	133	346
3094570	99287.STM2321	373	181
3095102	99287.STM2878	202	384
3095100	99287.STM2876	344	725
3095098	99287.STM2874	383	461
3094924	99287.STM2691	0.229	3
3095096	99287.STM2872	168	89
3095097	99287.STM2873	1389	405
3095094	99287.STM2870	46.6	50
3095095	99287.STM2871	281	354
3094714	99287.STM2472	691	1698
3094715	99287.STM2473	472	538
3094716	99287.STM2474	248	645
3094717	99287.STM2475	457	143
3094720	99287.STM2478	30.3	38
3094721	99287.STM2479	5.63	13
3094909	99287.STM2674	54.8	57
3094910	99287.STM2675	178	161
3094911	99287.STM2676	4107	680
3094912	99287.STM2677	479	593
3094905	99287.STM2670	84.1	123
3094908	99287.STM2673	4438	1237
3094914	99287.STM2679	4.17	5
3092771	99287.STM0458	8.15	13
3092772	99287.STM0459	3.74	3
3094822	99287.STM2582	264	330
3094823	99287.STM2583	178	374
3094820	99287.STM2580	130	131
3094821	99287.STM2581	291	242
3094829	99287.STM2588	0.121	1
3093476	99287.STM1189	53.8	60
3096711	99287.STM4560	165	310
3096712	99287.STM4561	4408	2692
3096717	99287.STM4566	11.8	30
3096718	99287.STM4567	403	374
3096715	99287.STM4564	12.8	12
3093652	99287.STM1370	4.86	13
3093653	99287.STM1371	29.6	29
3093654	99287.STM1372	16.0	25
3093655	99287.STM1373	15.4	35
3093657	99287.STM1375	171	158
3093658	99287.STM1376	516	412
3093659	99287.STM1377	2069	839
3093660	99287.STM1378	812	1282
3093661	99287.STM1379	6.37	10
3096729	99287.STM4578	77.9	98
3094750	99287.STM2510	514	1020
3092471	99287.STM0145	39.2	40
3092473	99287.STM0147	1.92	4
3093756	99287.STM1479	369	582
3096385	99287.STM4221	524	1154
3092826	99287.STM0513	30.7	41
3092824	99287.STM0511	6.45	8
3092823	99287.STM0510	21.2	18
3092830	99287.STM0517	11.0	18
3092829	99287.STM0516	160	161
3096423	99287.STM4259	222	390
3093853	99287.STM1578	14.4	77
3093847	99287.STM1572	4040	5023
3093851	99287.STM1576	0.61	2
3093852	99287.STM1577	34.4	362
3094076	99287.STM1809	4801	580
3094045	99287.STM1778	208	178
3094046	99287.STM1779	44.5	40
3094069	99287.STM1802	64.6	102
3094042	99287.STM1775	4.04	4
3094043	99287.STM1776	112	152
3094044	99287.STM1777	5.73	9
3094037	99287.STM1770	411	48
3094039	99287.STM1772	917	916
3094072	99287.STM1805	104	115
3093869	99287.STM1594	82.4	269
3093870	99287.STM1595	110	233
3093872	99287.STM1597	137	261
3093867	99287.STM1592	59.0	19
3096279	99287.STM4099	235	112
3096276	99287.STM4096	736	144
3096274	99287.STM4094	33.5	49
3096275	99287.STM4095	11.1	42
3093873	99287.STM1598	49.2	75
3096273	99287.STM4093	66.3	91
3096271	99287.STM4091	768	1070
3094070	99287.STM1803	274	459
3094067	99287.STM1800	69.5	62
3094068	99287.STM1801	15.9	35
3092673	99287.STM0359	1092	42
3092742	99287.STM0429	5.46	7
3094073	99287.STM1806	11.9	24
3092738	99287.STM0425	94.1	126
3092737	99287.STM0424	825	242
3092736	99287.STM0423	112	98
3092735	99287.STM0422	69.3	141
3092734	99287.STM0421	238	266
3093410	99287.STM1118	895	211
3093411	99287.STM1119	638	472
3094233	99287.STM1974	20.4	20
3094234	99287.STM1975	215	146
3094231	99287.STM1972	77.7	151
3096590	99287.STM4435	28.1	28
3094229	99287.STM1970	208	245
3096592	99287.STM4437	412	179
3096593	99287.STM4438	272	560
3096594	99287.STM4439	1016	331
3093404	99287.STM1112	361	299
3093409	99287.STM1117	710	1070
3096703	99287.STM4549	44.3	38
3096695	99287.STM4541	70.1	168
3096696	99287.STM4542	69.3	28
3096697	99287.STM4543	19.0	14
3096698	99287.STM4544	4.57	5
3095110	99287.STM2887	3.71	9
3093868	99287.STM1593	59.3	123
3093878	99287.STM1604	9.59	19
3092554	99287.STM0228	886	332
3093040	99287.STM0739	1111	1427
3093039	99287.STM0738	2335	3006
3093875	99287.STM1601	5.69	4
3093034	99287.STM0733	108	109
3092546	99287.STM0220	20.8	34
3092549	99287.STM0223	20.4	30
3093031	99287.STM0730	1903	3258
3092551	99287.STM0225	3119	1016
3093037	99287.STM0736	1248	4008
3092553	99287.STM0227	865	467
3092552	99287.STM0226	55.9	48
3096272	99287.STM4092	430	176
3093874	99287.STM1599	199	221
3092955	99287.STM0647	464	207
3092954	99287.STM0646	6.94	8
3095550	99287.STM3338	8.51	12
3095551	99287.STM3339	758	750
3092950	99287.STM0642	99.3	42
3092949	99287.STM0641	86.7	47
3092948	99287.STM0640	20.8	55
3096176	99287.STM3996	32.5	47
3096177	99287.STM3997	123	135
3095542	99287.STM3330	48.8	248
3096175	99287.STM3995	1554	241
3095548	99287.STM3336	114	125
3096173	99287.STM3993	34.4	13
3095546	99287.STM3334	89.3	118
3095547	99287.STM3335	271	163
3095263	99287.STM3044	15.4	17
3095719	99287.STM3513	44.5	100
3095266	99287.STM3047	316	53
3095259	99287.STM3040	1084	1758
3095723	99287.STM3517	206	44
3095261	99287.STM3042	45.0	91
3095262	99287.STM3043	142	85
3094312	99287.STM2061	181	79
3095258	99287.STM3039	25.9	20
3095267	99287.STM3048	370	372
3094315	99287.STM2064	157	147
3094318	99287.STM2067	62.5	125
3094317	99287.STM2066	68.6	216
3095412	99287.STM3195	266	236
3095410	99287.STM3193	7.2	5
3094050	99287.STM1783.S	348	200
3096030	99287.STM3830	79.5	41
3095633	99287.STM3426	5807	1206
3095631	99287.STM3424	6111	1241
3095632	99287.STM3425	2505	1714
3095629	99287.STM3422	4721	440
3095630	99287.STM3423	2588	1647
3095627	99287.STM3420	51.1	75
3095628	99287.STM3421	2092	840
3095635	99287.STM3428	4350	1976
3095636	99287.STM3429	8255	2071
3094188	99287.STM1922	99.9	138
3095811	99287.STM3608	17.3	18
3095807	99287.STM3604	47.5	79
3095805	99287.STM3602	3.51	5
3095806	99287.STM3603	4.34	12
3095803	99287.STM3600	91.7	54
3095804	99287.STM3601	350	245
3092380	99287.STM0051	127	131
3095038	99287.STM2809	162	150
3095031	99287.STM2803	1.52	4
3095030	99287.STM2802	567	183
3092671	99287.STM0357	79.8	196
3094731	99287.STM2489	422	399
3094730	99287.STM2488	457	490
3094729	99287.STM2487	344	339
3094728	99287.STM2486	61.2	57
3094726	99287.STM2484	211	47
3094725	99287.STM2483	97.9	119
3094724	99287.STM2482	306	153
3094723	99287.STM2481	0.075	1
3094722	99287.STM2480	7.72	17
3094880	99287.STM2640	51.2	28
3094883	99287.STM2643	317	501
3094882	99287.STM2642	4.48	4
3094887	99287.STM2647	89.5	82
3094886	99287.STM2646	1762	572
3094889	99287.STM2649	52.6	34
3094888	99287.STM2648	198	197
3094235	99287.STM1976	162	208
3094236	99287.STM1977	280	101
3094497	99287.STM2247	6.56	20
3094496	99287.STM2246	104	93
3094491	99287.STM2241	3.08	9
3095986	99287.STM3786	7.12	6
3094499	99287.STM2249	15.7	92
3094498	99287.STM2248	22.3	56
3094232	99287.STM1973	17.0	6
3093013	99287.STM0712	103	50
3093350	99287.STM1057	317	890
3094230	99287.STM1971	184	115
3092888	99287.STM0580	23.4	9
3093783	99287.STM1506	21.0	22
3093782	99287.STM1505	11.6	25
3094741	99287.STM2499.S	114	131
3096719	99287.STM4568	243	373
3093780	99287.STM1503	213	90
3093779	99287.STM1502	137	100
3093778	99287.STM1501	15.9	20
3095747	99287.STM3544	34.5	40
3095749	99287.STM3546	32.1	17
3095789	99287.STM3586.S	5.88	21
3093631	99287.STM1348	68.0	76
3093628	99287.STM1345	15.0	19
3093627	99287.STM1344	8.17	8
3093630	99287.STM1347	27.8	34
3093624	99287.STM1341	93.3	79
3094346	99287.STM2095	167	220
3096432	99287.STM4268	5.17	6
3094640	99287.STM2391	166	247
3092814	99287.STM0501	242	315
3092815	99287.STM0502	57.1	37
3094639	99287.STM2390	107	56
3092817	99287.STM0504	157	195
3092818	99287.STM0505	73.0	103
3092819	99287.STM0506	47.4	67
3092820	99287.STM0507	25.3	32
3092821	99287.STM0508	3.67	10
3092822	99287.STM0509	2.44	5
3095049	99287.STM2820	82.1	59
3094019	99287.STM1749	678	2488
3093583	99287.STM1299	181	315
3093582	99287.STM1298	13.9	29
3093577	99287.STM1293	24.7	11
3093576	99287.STM1292	129	46
3093575	99287.STM1291	193	133
3093574	99287.STM1290	6052	5485
3094016	99287.STM1745	29.6	34
3093580	99287.STM1296	408	302
3093579	99287.STM1295	83.2	150
3093578	99287.STM1294	97.9	117
3096045	99287.STM3846.s	14.6	18
3093415	99287.STM1125	89.6	184
3093416	99287.STM1127	11.6	13
3093412	99287.STM1121	2061	383
3096558	99287.STM4398	18.6	35
3093414	99287.STM1123	96.0	91
3092747	99287.STM0434	55.2	67
3092657	99287.STM0343	5.04	10
3096557	99287.STM4397	292	240
3096556	99287.STM4396	24.3	21
3092743	99287.STM0430	13.9	7
3094198	99287.STM1934	90.4	66
3096553	99287.STM4393	10660	887
3092746	99287.STM0433	46.5	34
3094169	99287.STM1903	38.0	38
3094168	99287.STM1902	15.5	18
3094167	99287.STM1901	480	1092
3094173	99287.STM1907	40.7	47
3094172	99287.STM1906	28.6	49
3094171	99287.STM1905	81.8	100
3096565	99287.STM4405	57.4	37
3096564	99287.STM4404	238	192
3094175	99287.STM1909	307	733
3094174	99287.STM1908	25.0	20
3096321	99287.STM4153	1300	5381
3096320	99287.STM4152	14330	3984
3096319	99287.STM4151	2488	1082
3095357	99287.STM3140	111	98
3096537	99287.STM4377	28.9	52
3092940	99287.STM0632	53.1	14
3092672	99287.STM0358.S	46.4	158
3093617	99287.STM1334.c	948	413
3092941	99287.STM0633	253	285
3096539	99287.STM4379	43.4	34
3092562	99287.STM0236	11.9	24
3092563	99287.STM0237	105	56
3092560	99287.STM0234	5.02	15
3092561	99287.STM0235	297	154
3092558	99287.STM0232	761	892
3092557	99287.STM0231	11.1	55
3096056	99287.STM3857	319	423
3096053	99287.STM3854	89.4	75
3096052	99287.STM3853	286	194
3096051	99287.STM3852	26.2	22
3092564	99287.STM0238	380	135
3094997	99287.STM2767	41.1	113
3093904	99287.STM1631	45.4	94
3093906	99287.STM1633	44.4	47
3093911	99287.STM1638	300	166
3095163	99287.STM2941	34.0	40
3092946	99287.STM0638	187	140
3095508	99287.STM3295	99.9	123
3095507	99287.STM3294	249	360
3095510	99287.STM3297	89.4	68
3095509	99287.STM3296	601	1551
3095506	99287.STM3293	95.8	58
3095512	99287.STM3299	893	408
3092555	99287.STM0229	26.7	47
3094482	99287.STM2232	63.3	121
3096728	99287.STM4577	10.4	9
3096727	99287.STM4576	46.9	69
3096721	99287.STM4570	1096	1066
3092961	99287.STM0653	194	133
3096730	99287.STM4579	22.0	57
3092967	99287.STM0659	2.8	7
3095290	99287.STM3071	24.8	12
3095289	99287.STM3070	149	159
3095293	99287.STM3074	0.37	1
3095296	99287.STM3077	90.4	84
3095295	99287.STM3076	1116	2403
3095297	99287.STM3078	286	348
3095511	99287.STM3298.S	353	77
3092547	99287.STM0221	15.1	13
3093038	99287.STM0737	3263	3361
3092550	99287.STM0224	285	922
3095660	99287.STM3453	1238	851
3095659	99287.STM3452	220	115
3094868	99287.STM2628	326	310
3093036	99287.STM0735	1018	865
3095662	99287.STM3455	1006	356
3095661	99287.STM3454	33.2	12
3095666	99287.STM3459	68.5	134
3093035	99287.STM0734	1511	3849
3095426	99287.STM3209	5523	336
3093539	99287.STM1255	56.0	113
3095880	99287.STM3678	5.08	5
3095875	99287.STM3673	6.3	7
3094327	99287.STM2076	72.3	61
3094328	99287.STM2077	108	100
3094325	99287.STM2074	99.3	93
3094326	99287.STM2075	96.4	78
3094323	99287.STM2072	96.9	100
3094324	99287.STM2073	28.2	48
3094321	99287.STM2070	171	177
3096049	99287.STM3850	523	266
3095039	99287.STM2810	26.7	11
3095040	99287.STM2811	136	153
3095042	99287.STM2813	200	131
3095043	99287.STM2814	17.4	32
3094329	99287.STM2078	57.8	53
3094330	99287.STM2079	192	244
3094740	99287.STM2498	780	582
3094736	99287.STM2494	129	205
3094737	99287.STM2495	893	265
3094738	99287.STM2496	10.2	7
3094732	99287.STM2490	35.1	23
3094733	99287.STM2491	1442	755
3095908	99287.STM3706	46.0	58
3095907	99287.STM3705	36.1	44
3095906	99287.STM3704	146	279
3095905	99287.STM3703	656	335
3095904	99287.STM3702	397	135
3095903	99287.STM3701	1385	504
3095902	99287.STM3700	116	209
3094892	99287.STM2652	72.3	121
3095911	99287.STM3709	640	741
3094891	99287.STM2651	37.7	138
3094500	99287.STM2250	52.2	92
3094506	99287.STM2256	60.4	33
3094504	99287.STM2254	27.3	60
3094505	99287.STM2255	30.2	26
3095495	99287.STM3280.S	88.8	164
3094509	99287.STM2259	276	733
3095203	99287.STM2982	25.1	33
3095204	99287.STM2983	565	132
3095208	99287.STM2987	46.3	43
3094215	99287.STM1955	143	80
3095206	99287.STM2985	74.1	48
3094216	99287.STM1956	114	103
3094211	99287.STM1951	151	100
3093641	99287.STM1358	69.2	64
3094212	99287.STM1952	9.67	11
3092466	99287.STM0140	161	127
3094213	99287.STM1953	250	211
3093639	99287.STM1356	6.73	8
3092467	99287.STM0141	274	324
3092848	99287.STM0535	8.22	11
3092847	99287.STM0534	171	94
3092850	99287.STM0537	400	560
3092849	99287.STM0536	1819	608
3092846	99287.STM0533	85.3	101
3094026	99287.STM1756	366	271
3094024	99287.STM1754	11.7	16
3094192	99287.STM1927	183	121
3094022	99287.STM1752	378	429
3094023	99287.STM1753	9.23	11
3094020	99287.STM1750	148	106
3094021	99287.STM1751	5299	1609
3092953	99287.STM0645	15.6	10
3093572	99287.STM1288	43.1	51
3093573	99287.STM1289	233	282
3092952	99287.STM0644	18.0	26
3093566	99287.STM1282	191	89
3093568	99287.STM1284	33.1	47
3093569	99287.STM1285	334	703
3093570	99287.STM1286	527	511
3093823	99287.STM1548.s	37.1	62
3092454	99287.STM0128	73.6	117
3093826	99287.STM1551	35.9	26
3096179	99287.STM3999	329	1094
3093291	99287.STM1000	872	1309
3096174	99287.STM3994	22.9	13
3093422	99287.STM1133	122	187
3093419	99287.STM1130	13.7	26
3095543	99287.STM3331	104	149
3093424	99287.STM1136	201	230
3093425	99287.STM1137	99.3	61
3093423	99287.STM1135	236	276
3092715	99287.STM0401	5.72	20
3096540	99287.STM4380	46.6	51
3096541	99287.STM4381	39.5	47
3096546	99287.STM4386	17.2	20
3092718	99287.STM0404	68.7	69
3092721	99287.STM0407	206	483
3095549	99287.STM3337	459	344
3094179	99287.STM1913	25.3	66
3096316	99287.STM4148	989	545
3094181	99287.STM1915	1044	820
3094182	99287.STM1916	1237	538
3094183	99287.STM1917	684	768
3094184	99287.STM1918	121	133
3094185	99287.STM1919	1745	4379
3096570	99287.STM4410	56.3	239
3096571	99287.STM4411	32.2	19
3096576	99287.STM4416	179	283
3096577	99287.STM4417	148	134
3096574	99287.STM4414	4365	1342
3096575	99287.STM4415	626	649
3096524	99287.STM4364	1239	1188
3092704	99287.STM0390	20.1	11
3096526	99287.STM4366	703	1062
3096527	99287.STM4367	30.6	15
3096520	99287.STM4360	45.5	45
3096521	99287.STM4361	26.3	11
3096522	99287.STM4362	132	217
3096523	99287.STM4363	694	780
3092712	99287.STM0398	20.9	32
3096528	99287.STM4368	365	1048
3094431	99287.STM2180	15.0	15
3095717	99287.STM3511	234	203
3092530	99287.STM0204.S	209	121
3094438	99287.STM2187	73.3	94
3092567	99287.STM0242	566	1127
3092572	99287.STM0247	50.8	66
3095720	99287.STM3514	81.5	234
3092570	99287.STM0245	573	536
3092569	99287.STM0244	75.0	50
3092573	99287.STM0248	134	76
3096040	99287.STM3840	83.8	27
3096042	99287.STM3842	350	601
3096043	99287.STM3843	90.2	155
3092414	99287.STM0087	147	68
3092413	99287.STM0086	1.82	5
3092409	99287.STM0081	10.6	9
3092408	99287.STM0080	19.1	6
3092410	99287.STM0082	218	99
3093900	99287.STM1626	416	1072
3093901	99287.STM1627	145	218
3093898	99287.STM1624	75.7	114
3093899	99287.STM1625	81.3	117
3092416	99287.STM0089	17.5	8
3092415	99287.STM0088	55.0	54
3095497	99287.STM3282	1139	2272
3095498	99287.STM3283	5872	988
3095894	99287.STM3692	10.5	24
3095501	99287.STM3286	948	2283
3095502	99287.STM3287	747	1351
3095499	99287.STM3284	62.2	52
3095500	99287.STM3285	376	123
3095384	99287.STM3167	197	96
3095382	99287.STM3165	175	184
3096630	99287.STM4476.S	77.5	34
3095381	99287.STM3164	395	493
3092969	99287.STM0661	123	126
3092971	99287.STM0663	2.79	5
3092970	99287.STM0662	401	178
3092973	99287.STM0665	1160	1292
3093178	99287.STM0888	3.74	4
3092975	99287.STM0667	148	106
3092974	99287.STM0666	13.9	35
3092977	99287.STM0669	100	115
3093177	99287.STM0887	65.0	78
3096720	99287.STM4569	481	896
3095287	99287.STM3068	2251	2251
3095288	99287.STM3069	3049	3981
3095286	99287.STM3067	32.0	51
3095283	99287.STM3064	51.3	38
3095284	99287.STM3065	601	239
3095281	99287.STM3062	295	398
3095282	99287.STM3063	779	374
3095279	99287.STM3060	218	103
3095280	99287.STM3061	20.0	16
3093158	99287.STM0867	19.0	13
3093155	99287.STM0864	17.9	22
3093154	99287.STM0863	301	481
3093153	99287.STM0862	602	302
3094082	99287.STM1815	2515	1567
3095647	99287.STM3440	2699	1748
3095648	99287.STM3441	4086	1190
3095650	99287.STM3443	244	193
3095652	99287.STM3445	11137	30269
3095653	99287.STM3446	3927	8569
3095654	99287.STM3447	7170	2217
3095655	99287.STM3448	2223	465
3095870	99287.STM3668	7.05	7
3093029	99287.STM0728	25.6	29
3095862	99287.STM3660	17.2	31
3095863	99287.STM3661	47.6	79
3095867	99287.STM3665	7.35	8
3095869	99287.STM3667	47.0	43
3094641	99287.STM2392	139	145
3095051	99287.STM2827	503	1523
3095050	99287.STM2826	1259	176
3094645	99287.STM2397	2.35	7
3094644	99287.STM2396	30.5	22
3094643	99287.STM2395	121	149
3094646	99287.STM2398	16.9	15
3095053	99287.STM2829	452	596
3092982	99287.STM0681	126	157
3094258	99287.STM2001	160	62
3094207	99287.STM1946	19.8	41
3094262	99287.STM2009	240	277
3093266	99287.STM0975	32.0	70
3095916	99287.STM3714	66.7	62
3096137	99287.STM3952	56.7	85
3095918	99287.STM3716	51.1	28
3095919	99287.STM3717	18.8	20
3095912	99287.STM3710	719	1021
3095913	99287.STM3711	80.8	111
3095914	99287.STM3712	25.6	29
3095915	99287.STM3713	9.57	31
3094862	99287.STM2622	96.1	46
3094861	99287.STM2621	10.6	6
3095920	99287.STM3718	27.5	51
3095921	99287.STM3719	38.8	46
3092989	99287.STM0688	92.8	51
3094370	99287.STM2119	16.8	32
3095413	99287.STM3196.S	564	122
3094776	99287.STM2536	331	553
3094775	99287.STM2535	147	82
3094773	99287.STM2533	513	455
3094772	99287.STM2532	37.2	223
3094770	99287.STM2530	1.11	11
3094779	99287.STM2539	96.1	244
3094778	99287.STM2538	105	64
3096009	99287.STM3809.S	295	218
3094617	99287.STM2368	52.9	51
3094204	99287.STM1940	49.4	115
3095962	99287.STM3762	48.4	23
3092800	99287.STM0487.S	1168	2292
3092479	99287.STM0153	1096	2474
3096206	99287.STM4028	122	59
3093896	99287.STM1622	52.0	130
3092841	99287.STM0528	28.2	32
3092836	99287.STM0523	18.6	23
3092839	99287.STM0526	89.0	72
3092840	99287.STM0527	57.0	104
3092838	99287.STM0525	9.24	16
3093995	99287.STM1723	54.6	75
3093993	99287.STM1721	4.26	5
3093992	99287.STM1720	295	234
3093999	99287.STM1727	170	180
3093998	99287.STM1726	225	255
3093997	99287.STM1725	29.5	46
3093996	99287.STM1724	27.9	53
3094001	99287.STM1729	1317	631
3094000	99287.STM1728	1481	412
3093897	99287.STM1623	7.74	20
3095575	99287.STM3363	17.5	8
3093459	99287.STM1171	496	243
3092729	99287.STM0416	69.0	114
3092730	99287.STM0417	5092	1525
3092727	99287.STM0414	19.7	15
3092728	99287.STM0415	689	215
3092726	99287.STM0413	741	825
3092725	99287.STM0411	85.3	37
3092731	99287.STM0418	351	148
3092732	99287.STM0419	80.0	83
3093663	99287.STM1381	111	100
3093662	99287.STM1380	12.5	20
3093665	99287.STM1383	2.1	12
3094194	99287.STM1929	36.3	39
3094193	99287.STM1928	116	140
3093719	99287.STM1439	208	165
3093668	99287.STM1386	5.45	20
3093717	99287.STM1437	7.55	7
3093716	99287.STM1436	259	336
3093715	99287.STM1435	1098	145
3093714	99287.STM1434	91.3	59
3096343	99287.STM4175	116	125
3096342	99287.STM4174	29.4	28
3094189	99287.STM1923	253	156
3093710	99287.STM1430	129	186
3096514	99287.STM4351	136	146
3096513	99287.STM4350	122	88
3096517	99287.STM4357	67.1	61
3092703	99287.STM0389	32.1	6
3092700	99287.STM0386	361	220
3092701	99287.STM0387	36.8	19
3092698	99287.STM0384	86.6	41
3092697	99287.STM0383	969	257
3092694	99287.STM0380	163	239
3096751	99287.STM4600	37.9	24
3096412	99287.STM4248	82.4	125
3093003	99287.STM0702	22.1	16
3093004	99287.STM0703	2.15	8
3093002	99287.STM0701	83.4	238
3092574	99287.STM0255	80.4	101
3092575	99287.STM0256	7.48	11
3096448	99287.STM4284	3.49	5
3096070	99287.STM3871	134	83
3092578	99287.STM0259	10.7	12
3096453	99287.STM4289	367	76
3096452	99287.STM4288	11.9	12
3096073	99287.STM3874	44.3	96
3096076	99287.STM3877	134	138
3096075	99287.STM3876	17.9	12
3092419	99287.STM0092	383	585
3092420	99287.STM0093	230	817
3093932	99287.STM1659	27.9	17
3092478	99287.STM0152	1757	4604
3092423	99287.STM0096	128	447
3092421	99287.STM0094	48.0	67
3093925	99287.STM1652	4532	1876
3093924	99287.STM1651	28.9	125
3093930	99287.STM1657	4.83	88
3093929	99287.STM1656	5.04	7
3093928	99287.STM1655	4.93	9
3093927	99287.STM1654	32.2	43
3095491	99287.STM3276	24.5	31
3095489	99287.STM3274	3.65	5
3095488	99287.STM3273	11.7	7
3095487	99287.STM3272	324	159
3094969	99287.STM2738	65.2	46
3094091	99287.STM1824	78.1	114
3093189	99287.STM0898	44.4	44
3096749	99287.STM4598	1363	757
3093182	99287.STM0892	441	293
3093180	99287.STM0890	255	243
3093181	99287.STM0891	69.5	44
3092978	99287.STM0670	176	334
3092979	99287.STM0671	50.6	78
3095239	99287.STM3019	19.5	28
3093521	99287.STM1234.S	136	169
3095233	99287.STM3013	10.6	25
3095231	99287.STM3011	105	121
3095230	99287.STM3010	31.2	82
3095237	99287.STM3017	6.82	7
3095235	99287.STM3015	22.5	28
3095234	99287.STM3014	4.38	9
3094158	99287.STM1892.S	23.3	21
3093168	99287.STM0877	42.0	67
3093163	99287.STM0872	642	138
3095596	99287.STM3383	29.2	11
3095593	99287.STM3380	736	1173
3093169	99287.STM0878	1.42	3
3095598	99287.STM3385	200	59
3095597	99287.STM3384	2.9	5
3093106	99287.STM0813	10.1	8
3093236	99287.STM0943	125	51
3095681	99287.STM3475	20.6	13
3095680	99287.STM3474	20.8	67
3095683	99287.STM3477	73.0	106
3095677	99287.STM3471	85.4	15
3095676	99287.STM3470	19.9	20
3095678	99287.STM3472	239	152
3095857	99287.STM3655	680	1718
3095858	99287.STM3656	178	241
3095854	99287.STM3651	43.5	22
3095853	99287.STM3650	4.24	3
3095338	99287.STM3121	26.0	26
3095855	99287.STM3652	76.1	14
3095346	99287.STM3129	1.78	4
3095345	99287.STM3128	3.07	4
3095703	99287.STM3497	172	37
3095702	99287.STM3496	11.9	13
3095701	99287.STM3495	57.0	91
3095699	99287.STM3493	58.2	175
3095704	99287.STM3498	121	164
3094629	99287.STM2380	31.7	10
3094630	99287.STM2381	13.7	13
3095054	99287.STM2830	25.1	21
3094632	99287.STM2383	7.8	11
3094633	99287.STM2384	127	139
3094634	99287.STM2385	124	81
3094635	99287.STM2386	5.45	6
3094636	99287.STM2387	36.6	12
3094637	99287.STM2388	79.1	190
3094638	99287.STM2389	41.1	66
3095063	99287.STM2839	3.95	14
3094266	99287.STM2015	59.0	89
3094267	99287.STM2016	95.8	173
3095425	99287.STM3208	66.1	66
3094269	99287.STM2018	38.0	14
3094270	99287.STM2019	6.36	15
3096401	99287.STM4237	208	152
3093052	99287.STM0756	4.48	6
3095923	99287.STM3721	44.9	39
3094879	99287.STM2639	62.4	48
3095925	99287.STM3723	124	142
3095924	99287.STM3722	85.3	89
3095927	99287.STM3725	248	137
3095926	99287.STM3724	63.4	87
3095929	99287.STM3727	7912	814
3095928	99287.STM3726	15.5	13
3095930	99287.STM3728	5195	643
3094872	99287.STM2632	1.74	14
3093268	99287.STM0977	780	713
3094876	99287.STM2636	2.75	5
3096084	99287.STM3885	397	331
3093264	99287.STM0973	975	2608
3093720	99287.STM1440	682	307
3093726	99287.STM1446	45.7	55
3094764	99287.STM2524	278	232
3094765	99287.STM2525	40.9	66
3094766	99287.STM2526	1933	925
3094760	99287.STM2520	346	470
3094761	99287.STM2521	273	159
3094762	99287.STM2522	278	499
3094763	99287.STM2523	386	583
3093725	99287.STM1445	1612	760
3094319	99287.STM2068	1.67	3
3093732	99287.STM1452	8.78	20
3094002	99287.STM1730	497	417
3094003	99287.STM1731	608	386
3094004	99287.STM1732	2515	1818
3094011	99287.STM1739	10.3	20
3093581	99287.STM1297	161	215
3093834	99287.STM1559	37.8	136
3092956	99287.STM0648	321	880
3092774	99287.STM0461	2.81	9
3092773	99287.STM0460	6.06	17
3092779	99287.STM0465	1371	731
3092778	99287.STM0464	165	147
3092782	99287.STM0469	45.8	19
3092781	99287.STM0468	3.87	6
3096334	99287.STM4166	15.5	21
3096335	99287.STM4167	104	118
3096333	99287.STM4165	121	78
3096336	99287.STM4168	47.0	30
3096337	99287.STM4169	54.3	58
3094202	99287.STM1938	93.1	86
3093680	99287.STM1398	43.3	24
3093681	99287.STM1399	116	80
3093678	99287.STM1396	124	46
3093679	99287.STM1397	914	264
3093706	99287.STM1426	399	272
3093707	99287.STM1427	64.5	102
3093674	99287.STM1392	82.5	266
3093704	99287.STM1422	8.05	9
3094199	99287.STM1935	943	706
3096511	99287.STM4348	262	270
3096512	99287.STM4349	124	148
3096510	99287.STM4347	17.1	65
3096507	99287.STM4344	110	132
3096505	99287.STM4342	824	636
3096506	99287.STM4343	629	1550
3096504	99287.STM4341	73.4	53
3096065	99287.STM3866	1582	1397
3096066	99287.STM3867	2092	3281
3096063	99287.STM3864	1038	475
3096064	99287.STM3865	3522	5826
3096061	99287.STM3862	412	641
3096060	99287.STM3861	461	972
3096067	99287.STM3868	592	393
3096068	99287.STM3869	3486	2061
3096454	99287.STM4290	30.0	36
3096455	99287.STM4291	107	125
3096456	99287.STM4292	267	215
3096457	99287.STM4293	47.8	91
3096460	99287.STM4296	9.52	22
3096462	99287.STM4298	42.4	76
3092583	99287.STM0264	29.7	17
3092580	99287.STM0261	88.4	102
3092582	99287.STM0263	31.0	24
3092341	99287.STM0013	297	368
3092395	99287.STM0067	154	598
3092394	99287.STM0066	103	174
3093915	99287.STM1642	34.9	31
3092393	99287.STM0064	226	192
3093919	99287.STM1646	3.05	12
3093920	99287.STM1647	320	294
3095483	99287.STM3268	15.0	16
3095484	99287.STM3269	296	179
3095479	99287.STM3264	179	410
3095481	99287.STM3266	48.6	48
3092449	99287.STM0123	168	257
3095477	99287.STM3262	22.2	14
3095478	99287.STM3263	120	130
3092336	99287.STM0008	204	138
3093805	99287.STM1530	23.2	230
3092868	99287.STM0558	32.4	23
3092867	99287.STM0557	7.35	13
3092917	99287.STM0609	194	369
3092916	99287.STM0608	2179	1508
3092911	99287.STM0603	17.3	25
3092910	99287.STM0602	23.6	29
3096737	99287.STM4586	93.2	67
3092908	99287.STM0600	60.7	114
3092915	99287.STM0607	144	116
3092914	99287.STM0606	4.5	6
3096733	99287.STM4582	55.3	116
3096734	99287.STM4583	104	41
3095228	99287.STM3008	93.3	119
3094104	99287.STM1837	1672	497
3095220	99287.STM3001	245	149
3095221	99287.STM3002	55.9	59
3095222	99287.STM3003	32.5	76
3094316	99287.STM2065	141	403
3095227	99287.STM3007	92.0	19
3093133	99287.STM0841	7.01	15
3093132	99287.STM0840	1.21	3
3093134	99287.STM0842	37.1	45
3093137	99287.STM0845	26.4	31
3092331	99287.STM0003	4.39	4
3093139	99287.STM0847	24.3	48
3093138	99287.STM0846	141	238
3095603	99287.STM3390	4.65	17
3093140	99287.STM0848	19.8	53
3092330	99287.STM0002	62.3	211
3094103	99287.STM1836	0.088	1
3094299	99287.STM2048	10.5	5
3092443	99287.STM0117	23.5	11
3092442	99287.STM0116	8.29	19
3095674	99287.STM3468	105	179
3095675	99287.STM3469	31.7	30
3092439	99287.STM0113	38.9	85
3092438	99287.STM0112	93.1	84
3092437	99287.STM0111	68.0	91
3092436	99287.STM0110	24.0	12
3095668	99287.STM3462	6.58	9
3095667	99287.STM3461	148	43
3095672	99287.STM3466	779	621
3095673	99287.STM3467	7.1	19
3092445	99287.STM0119	28.0	19
3092444	99287.STM0118	163	201
3095845	99287.STM3642	70.3	44
3095846	99287.STM3643	42.3	36
3095353	99287.STM3136	133	270
3095354	99287.STM3137	168	350
3095849	99287.STM3646	113	133
3095850	99287.STM3647	446	247
3095349	99287.STM3132	116	110
3095350	99287.STM3133	16.3	17
3095851	99287.STM3648	19.0	5
3095852	99287.STM3649	191	51
3095355	99287.STM3138	600	696
3095356	99287.STM3139	29.6	68
3095690	99287.STM3484	45.1	39
3094191	99287.STM1925	7.53	4
3095692	99287.STM3486	237	326
3095693	99287.STM3487	556	336
3095687	99287.STM3481	584	628
3095688	99287.STM3482	104	82
3096338	99287.STM4170	22568	4354
3095047	99287.STM2818	98.7	198
3096341	99287.STM4173	9.38	15
3094187	99287.STM1921	778	1805
3094186	99287.STM1920	560	392
3094280	99287.STM2029	133	121
3094279	99287.STM2028	23.7	34
3094276	99287.STM2025	18.4	24
3094275	99287.STM2024	127	135
3094278	99287.STM2027	112	99
3094277	99287.STM2026	22.4	21
3094271	99287.STM2020	5.39	7
3095634	99287.STM3427.S	13269	795
3094605	99287.STM2356	42.9	43
3094604	99287.STM2355	61.3	67
3094603	99287.STM2354	382	391
3094600	99287.STM2351	114	103
3094599	99287.STM2350	89.1	73
3094607	99287.STM2358	1.79	4
3095936	99287.STM3734	176	141
3095937	99287.STM3735	276	212
3095934	99287.STM3732	53.8	35
3093881	99287.STM1607	526	354
3095932	99287.STM3730	198	304
3095933	99287.STM3731	134	93
3096516	99287.STM4356	91.3	140
3094538	99287.STM2289	46.4	25
3096519	99287.STM4359	22.7	45
3095482	99287.STM3267	354	319
3096518	99287.STM4358	10.7	24
3094530	99287.STM2281	18.3	27
3094532	99287.STM2283	69.1	130
3094531	99287.STM2282	736	962
3094534	99287.STM2285	37.0	66
3094533	99287.STM2284	40.9	86
3094536	99287.STM2287	63.2	58
3094535	99287.STM2286	9.21	12
3093673	99287.STM1391	157	122
3094751	99287.STM2511	640	952
3092456	99287.STM0130	113	145
3094752	99287.STM2512	46.6	80
3094754	99287.STM2514	2.69	27
3094759	99287.STM2519	261	330
3096568	99287.STM4408	120	96
3092459	99287.STM0133	696	1107
3096087	99287.STM3888	21.5	18
3093822	99287.STM1547	36.7	15
3095256	99287.STM3036	30.9	29
3096078	99287.STM3879	41.4	78
3092460	99287.STM0134	61.3	71
3093351	99287.STM1058	115	167
3093391	99287.STM1099	12.4	27
3093386	99287.STM1094	4.44	9
3093389	99287.STM1097	26.5	13
3093383	99287.STM1091	815	1707
3093382	99287.STM1090	5068	1060
3096450	99287.STM4286	84.0	114
3093980	99287.STM1708	20.3	31
3093977	99287.STM1705	8182	806
3093976	99287.STM1704	113	102
3093979	99287.STM1707	181	123
3093978	99287.STM1706	46.8	14
3093972	99287.STM1700	933	848
3093535	99287.STM1251	2111	1411
3093974	99287.STM1702	179	426
3095721	99287.STM3515	7.37	26
3093632	99287.STM1349	921	2077
3094161	99287.STM1895	107	24
3094160	99287.STM1894	44.0	59
3094157	99287.STM1891	146	149
3094165	99287.STM1899	292	240
3094595	99287.STM2346	200	118
3092784	99287.STM0471	38.3	13
3092786	99287.STM0473	111	17
3092788	99287.STM0475	143	574
3092789	99287.STM0476	609	738
3092791	99287.STM0478	28.9	95
3093047	99287.STM0746	110	34
3096290	99287.STM4110	0.799	3
3093443	99287.STM1155	15.5	23
3096298	99287.STM4119	215	656
3093882	99287.STM1608	120	67
3092417	99287.STM0090	52.4	78
3093700	99287.STM1418	31.6	25
3093931	99287.STM1658	66.9	41
3093693	99287.STM1411	111	115
3093694	99287.STM1412	76.5	60
3093697	99287.STM1415	59.5	128
3093696	99287.STM1414	19.7	31
3096502	99287.STM4339	46.4	35
3096495	99287.STM4332	3.89	4
3096494	99287.STM4331	212	66
3096493	99287.STM4330	10242	17304
3096500	99287.STM4337	42.4	23
3096499	99287.STM4336	508	118
3096497	99287.STM4334	558	264
3096013	99287.STM3813	22.3	56
3096012	99287.STM3812	5.16	18
3096011	99287.STM3811	18.0	28
3096015	99287.STM3815	52.2	92
3096014	99287.STM3814	15.7	92
3096019	99287.STM3819	27.3	60
3093946	99287.STM1675	34.4	36
3093947	99287.STM1676	57.0	79
3093950	99287.STM1679	138	269
3093949	99287.STM1678	2.09	4
3093369	99287.STM1076	234	109
3093368	99287.STM1075	29.6	83
3093366	99287.STM1073	8.56	25
3096207	99287.STM4029	112	140
3093363	99287.STM1070	3673	4098
3096204	99287.STM4026	232	175
3096203	99287.STM4025	66.7	85
3092398	99287.STM0070	51.2	39
3096200	99287.STM4022	1.72	3
3093372	99287.STM1079	16.4	9
3093371	99287.STM1078	360	191
3096411	99287.STM4247	20.1	30
3096410	99287.STM4246	58.5	105
3096409	99287.STM4245	183	275
3096407	99287.STM4243	71.1	99
3096406	99287.STM4242	5.63	15
3096405	99287.STM4241	46.0	29
3096404	99287.STM4240	3125	246
3095466	99287.STM3251	71.3	80
3095465	99287.STM3250	41.3	96
3095468	99287.STM3253	4.41	4
3095467	99287.STM3252	38.4	35
3092617	99287.STM0299	18.4	8
3096413	99287.STM4249	411	330
3096079	99287.STM3880	5.5	13
3095046	99287.STM2817	493	351
3093713	99287.STM1433	429	263
3096119	99287.STM3929	30.1	27
3096117	99287.STM3927	27.8	45
3096115	99287.STM3925	89.1	121
3096656	99287.STM4503	256	199
3096113	99287.STM3923	90.7	38
3096112	99287.STM3922	44.6	56
3096111	99287.STM3921	106	149
3096110	99287.STM3920	98.3	114
3095527	99287.STM3315	173	185
3095946	99287.STM3744	36.0	74
3092922	99287.STM0614	4536	2510
3092923	99287.STM0615	49.7	96
3092924	99287.STM0616	393	183
3092925	99287.STM0617	191	155
3093150	99287.STM0858	4.97	14
3093144	99287.STM0852	104	171
3093671	99287.STM1389	6.61	8
3093042	99287.STM0741	143	141
3092434	99287.STM0108	12.5	17
3092435	99287.STM0109	3.12	7
3092972	99287.STM0664	26.4	30
3095318	99287.STM3100	116	110
3095321	99287.STM3103	218	139
3095320	99287.STM3102	29.3	11
3095322	99287.STM3104	3.78	6
3095325	99287.STM3107	161	128
3095324	99287.STM3106	1213	1607
3095327	99287.STM3109	130	124
3095326	99287.STM3108	379	151
3093741	99287.STM1461.S	80.0	17
3094289	99287.STM2038	517	157
3094290	99287.STM2039	363	278
3095251	99287.STM3030	37.3	35
3094284	99287.STM2033	123	119
3094281	99287.STM2030	18.1	15
3094282	99287.STM2031	40.6	39
3094287	99287.STM2036	1.7	3
3095257	99287.STM3038	15.6	15
3094286	99287.STM2035	7.46	19
3094593	99287.STM2344	41.3	27
3094594	99287.STM2345	6.36	6
3094851	99287.STM2610	163	85
3094596	99287.STM2347	126	90
3094589	99287.STM2340	243	336
3094590	99287.STM2341	264	307
3094855	99287.STM2614	20.7	18
3094592	99287.STM2343	181	58
3094597	99287.STM2348	43.0	41
3094598	99287.STM2349	18.7	12
3095093	99287.STM2869	153	156
3095950	99287.STM3748	69.6	124
3095945	99287.STM3743	9.56	9
3095944	99287.STM3742	45.2	141
3095943	99287.STM3741	1721	462
3095942	99287.STM3740	247	200
3092496	99287.STM0170	661	353
3094546	99287.STM2297	212	316
3094543	99287.STM2294	179	82
3094542	99287.STM2293	26.5	45
3094540	99287.STM2291	34.3	50
3092498	99287.STM0172	67.8	71
3094547	99287.STM2298	234	343
3094548	99287.STM2299	351	798
3094957	99287.STM2726	325	329
3094956	99287.STM2724	150	311
