#name: M.musculus - Platelet, SC (Kruger,Cell,2008)
#score: 2.61
#weight: 100%
#description: abundance based on Spectral counting, from<a href="http://www.sciencedirect.com/science/article/pii/S0092867408006958" target="_blank">Kruger,Cell,2008</a><br/><b>Interaction consistency score</b>: 2.61&nbsp<b>Coverage</b>: 1
#organ: PLATELET
#integrated: false
#coverage: 1
#publication_year: 2008
#filename: Mouse_platelets_Kruger2008_cell.txt
#
#internal_id	string_external_id	abundance	raw_spectral_count
2111843	10090.ENSMUSP00000109348	362	4
2112984	10090.ENSMUSP00000123799	2668	2
2111434	10090.ENSMUSP00000106180	2278	2
2101564	10090.ENSMUSP00000047008	1521	2
2098607	10090.ENSMUSP00000032898	219	2
2109542	10090.ENSMUSP00000096775	235	3
2105283	10090.ENSMUSP00000070019	1993	9
2096220	10090.ENSMUSP00000025218	1340	2
2112852	10090.ENSMUSP00000120976	1534	4
2098880	10090.ENSMUSP00000033775	1398	2
2110770	10090.ENSMUSP00000101651	904	2
2096071	10090.ENSMUSP00000024739	3840	13
2112319	10090.ENSMUSP00000112998	892	3
2094209	10090.ENSMUSP00000014578	1844	4
2110099	10090.ENSMUSP00000098997	4811	25
2095732	10090.ENSMUSP00000023116	2114	4
2094511	10090.ENSMUSP00000018437	14430	7
2112349	10090.ENSMUSP00000113213	845	4
2110773	10090.ENSMUSP00000101659	606	5
2097224	10090.ENSMUSP00000028517	2321	2
2107186	10090.ENSMUSP00000080608	2610	2
2096436	10090.ENSMUSP00000025851	2195	4
2106900	10090.ENSMUSP00000078940	854	2
2095047	10090.ENSMUSP00000021028	2679	7
2110238	10090.ENSMUSP00000099534	8401	2
2093456	10090.ENSMUSP00000003079	2272	3
2098145	10090.ENSMUSP00000031314	10714	22
2106580	10090.ENSMUSP00000077342	4165	5
2110158	10090.ENSMUSP00000099364	1676	5
2098711	10090.ENSMUSP00000033185	1289	3
2093313	10090.ENSMUSP00000001989	970	5
2107283	10090.ENSMUSP00000081141	2281	4
2095882	10090.ENSMUSP00000023590	1176	3
2111010	10090.ENSMUSP00000103546	6139	9
2097145	10090.ENSMUSP00000028233	875	4
2107701	10090.ENSMUSP00000084713	1716	8
2102182	10090.ENSMUSP00000050289	1521	2
2113434	10090.ENSMUSP00000127250	1348	4
2093740	10090.ENSMUSP00000005826	3123	3
2093255	10090.ENSMUSP00000001566	4229	5
2109161	10090.ENSMUSP00000095316	3404	3
2115003	10090.ENSMUSP00000136544	4210	7
2112507	10090.ENSMUSP00000114578	1290	3
2099882	10090.ENSMUSP00000037858	4104	8
2093399	10090.ENSMUSP00000002663	1485	2
2097768	10090.ENSMUSP00000030164	2579	7
2095466	10090.ENSMUSP00000022322	2746	3
2094316	10090.ENSMUSP00000015855	2927	3
2093827	10090.ENSMUSP00000006629	268	6
2094799	10090.ENSMUSP00000020238	4163	10
2103482	10090.ENSMUSP00000057956	705	5
2108421	10090.ENSMUSP00000090844	1295	2
2102632	10090.ENSMUSP00000052912	1620	2
2099574	10090.ENSMUSP00000036178	1264	4
2095562	10090.ENSMUSP00000022616	2447	3
2108188	10090.ENSMUSP00000088729	393	3
2095990	10090.ENSMUSP00000023934	4927	6
2107126	10090.ENSMUSP00000080302	4210	7
2096947	10090.ENSMUSP00000027579	2775	2
2095645	10090.ENSMUSP00000022842	1962	2
2099306	10090.ENSMUSP00000034947	15035	7
2112676	10090.ENSMUSP00000117677	376	2
2105660	10090.ENSMUSP00000072195	2644	7
2099179	10090.ENSMUSP00000034588	16519	6
2097274	10090.ENSMUSP00000028683	3121	5
2100195	10090.ENSMUSP00000039472	4037	7
2097273	10090.ENSMUSP00000028681	1606	4
2097011	10090.ENSMUSP00000027810	2555	3
2095879	10090.ENSMUSP00000023583	1577	3
2093840	10090.ENSMUSP00000006703	2359	6
2107526	10090.ENSMUSP00000083204	748	4
2107409	10090.ENSMUSP00000082130	3783	6
2097148	10090.ENSMUSP00000028239	13258	11
2095881	10090.ENSMUSP00000023589	1420	3
2102313	10090.ENSMUSP00000051033	1862	8
2096447	10090.ENSMUSP00000025891	1633	4
2100496	10090.ENSMUSP00000041135	837	2
2099724	10090.ENSMUSP00000037018	7650	13
2112037	10090.ENSMUSP00000110673	6309	7
2106042	10090.ENSMUSP00000074317	623	4
2103484	10090.ENSMUSP00000057965	1003	2
2105514	10090.ENSMUSP00000071486	6546	8
2096922	10090.ENSMUSP00000027498	1079	3
2097202	10090.ENSMUSP00000028386	638	2
2100074	10090.ENSMUSP00000038838	1137	2
2094928	10090.ENSMUSP00000020630	818	2
2101897	10090.ENSMUSP00000048667	3356	7
2094930	10090.ENSMUSP00000020637	4983	8
2094929	10090.ENSMUSP00000020634	763	4
2115391	10090.ENSMUSP00000137236	1328	3
2095897	10090.ENSMUSP00000023629	1009	3
2093445	10090.ENSMUSP00000003017	1543	3
2093682	10090.ENSMUSP00000005234	9210	8
2101178	10090.ENSMUSP00000044903	2880	10
2093237	10090.ENSMUSP00000001460	733	2
2098626	10090.ENSMUSP00000032949	2446	3
2100686	10090.ENSMUSP00000042095	7247	10
2095867	10090.ENSMUSP00000023538	329	2
2097225	10090.ENSMUSP00000028522	1086	5
2093151	10090.ENSMUSP00000000804	421	3
2112304	10090.ENSMUSP00000112920	696	2
2106867	10090.ENSMUSP00000078746	843	3
2113524	10090.ENSMUSP00000127808	4669	27
2115145	10090.ENSMUSP00000136791	1151	2
2105930	10090.ENSMUSP00000073695	3726	6
2106798	10090.ENSMUSP00000078429	2227	2
2104421	10090.ENSMUSP00000063714	2929	2
2098419	10090.ENSMUSP00000032228	1553	11
2109937	10090.ENSMUSP00000098066	6546	8
2111084	10090.ENSMUSP00000103965	615	2
2096632	10090.ENSMUSP00000026495	2737	5
2112212	10090.ENSMUSP00000112174	1542	4
2111618	10090.ENSMUSP00000107760	7248	27
2106137	10090.ENSMUSP00000074783	7588	3
2110979	10090.ENSMUSP00000103267	6113	8
2105129	10090.ENSMUSP00000068971	2928	4
2096187	10090.ENSMUSP00000025083	270	3
2113584	10090.ENSMUSP00000128187	683	4
2097776	10090.ENSMUSP00000030187	11293	53
2110514	10090.ENSMUSP00000100503	244	2
2096485	10090.ENSMUSP00000025999	2821	3
2102025	10090.ENSMUSP00000049355	3032	4
2096155	10090.ENSMUSP00000024988	2771	16
2106271	10090.ENSMUSP00000075513	4858	11
2101800	10090.ENSMUSP00000048183	1109	2
2106448	10090.ENSMUSP00000076521	5879	10
2099372	10090.ENSMUSP00000035163	2226	5
2094835	10090.ENSMUSP00000020334	689	3
2095182	10090.ENSMUSP00000021443	915	2
2093127	10090.ENSMUSP00000000590	1728	2
2093640	10090.ENSMUSP00000004784	6798	5
2105433	10090.ENSMUSP00000070993	1827	2
2094385	10090.ENSMUSP00000016678	1014	2
2110368	10090.ENSMUSP00000099819	3090	2
2113058	10090.ENSMUSP00000124551	760	2
2100634	10090.ENSMUSP00000041857	346	2
2094273	10090.ENSMUSP00000015460	1967	2
2110161	10090.ENSMUSP00000099368	1379	2
2100750	10090.ENSMUSP00000042457	8622	10
2108819	10090.ENSMUSP00000093101	3874	6
2114050	10090.ENSMUSP00000130858	1741	2
2104320	10090.ENSMUSP00000062996	3594	4
2105471	10090.ENSMUSP00000071231	838	2
2098420	10090.ENSMUSP00000032233	2059	2
2095103	10090.ENSMUSP00000021197	1648	3
2103420	10090.ENSMUSP00000057563	1384	2
2107840	10090.ENSMUSP00000085913	2416	2
2098640	10090.ENSMUSP00000032992	944	2
2104756	10090.ENSMUSP00000066181	1710	6
2108430	10090.ENSMUSP00000090895	9441	5
2105868	10090.ENSMUSP00000073268	1674	3
2108431	10090.ENSMUSP00000090897	9441	5
2095659	10090.ENSMUSP00000022894	6588	5
2108962	10090.ENSMUSP00000093945	4004	7
2102447	10090.ENSMUSP00000051888	2728	2
2094634	10090.ENSMUSP00000019323	2436	2
2111766	10090.ENSMUSP00000108804	2158	4
2101019	10090.ENSMUSP00000044033	1014	2
2095600	10090.ENSMUSP00000022706	1016	2
2093624	10090.ENSMUSP00000004646	5480	5
2107157	10090.ENSMUSP00000080469	1530	11
2093376	10090.ENSMUSP00000002436	2992	2
2111511	10090.ENSMUSP00000106859	2498	2
2099471	10090.ENSMUSP00000035579	1081	2
2105117	10090.ENSMUSP00000068895	3126	7
2101952	10090.ENSMUSP00000048918	1266	4
2093052	10090.ENSMUSP00000000049	694	2
2114417	10090.ENSMUSP00000133117	4235	8
2094389	10090.ENSMUSP00000016771	2778	42
2104748	10090.ENSMUSP00000066068	3100	9
2108482	10090.ENSMUSP00000091317	1077	3
2095187	10090.ENSMUSP00000021459	324	2
2110302	10090.ENSMUSP00000099671	2745	42
2111580	10090.ENSMUSP00000107492	2132	4
2107032	10090.ENSMUSP00000079727	4858	11
2093555	10090.ENSMUSP00000003912	6487	6
2093096	10090.ENSMUSP00000000329	1475	3
2105344	10090.ENSMUSP00000070427	6867	8
2102920	10090.ENSMUSP00000054556	8622	10
2107723	10090.ENSMUSP00000084918	837	2
2108078	10090.ENSMUSP00000087947	3236	6
2108963	10090.ENSMUSP00000093955	1347	2
2098894	10090.ENSMUSP00000033824	1422	2
2094006	10090.ENSMUSP00000009356	3511	5
2098186	10090.ENSMUSP00000031411	4534	6
2108018	10090.ENSMUSP00000087457	968	3
2101501	10090.ENSMUSP00000046636	4700	5
2098766	10090.ENSMUSP00000033444	855	3
2110202	10090.ENSMUSP00000099461	5377	3
2098458	10090.ENSMUSP00000032344	3631	2
2106692	10090.ENSMUSP00000077909	3794	6
2110414	10090.ENSMUSP00000099908	1482	2
2094674	10090.ENSMUSP00000019649	715	2
2095481	10090.ENSMUSP00000022369	10005	29
2100664	10090.ENSMUSP00000041975	13361	13
2098709	10090.ENSMUSP00000033182	5826	8
2109057	10090.ENSMUSP00000094778	1945	8
2096616	10090.ENSMUSP00000026459	2697	6
2098192	10090.ENSMUSP00000031423	1218	5
2095039	10090.ENSMUSP00000021001	360	2
2100602	10090.ENSMUSP00000041732	417	2
2095565	10090.ENSMUSP00000022622	259	4
2093239	10090.ENSMUSP00000001480	602	2
2098149	10090.ENSMUSP00000031320	44516	4
2099371	10090.ENSMUSP00000035158	6580	27
2106305	10090.ENSMUSP00000075690	6999	7
2093087	10090.ENSMUSP00000000299	1395	3
2105372	10090.ENSMUSP00000070588	433	2
2106911	10090.ENSMUSP00000079022	3298	5
2093062	10090.ENSMUSP00000000137	3817	5
2093981	10090.ENSMUSP00000008991	308	6
2096223	10090.ENSMUSP00000025229	725	2
2097946	10090.ENSMUSP00000030739	2164	5
2102796	10090.ENSMUSP00000053891	742	3
2101716	10090.ENSMUSP00000047756	986	3
2108744	10090.ENSMUSP00000092698	805	4
2107800	10090.ENSMUSP00000085580	1716	8
2095716	10090.ENSMUSP00000023072	4577	5
2101317	10090.ENSMUSP00000045571	89755	3
2105750	10090.ENSMUSP00000072652	3726	6
2099021	10090.ENSMUSP00000034189	2913	6
2094310	10090.ENSMUSP00000015800	16771	15
2095266	10090.ENSMUSP00000021698	1695	9
2105717	10090.ENSMUSP00000072483	2199	2
2105038	10090.ENSMUSP00000068260	10457	14
2110428	10090.ENSMUSP00000099945	5213	5
2108057	10090.ENSMUSP00000087756	2998	42
2094367	10090.ENSMUSP00000016463	3265	3
2098308	10090.ENSMUSP00000031793	1916	2
2110383	10090.ENSMUSP00000099853	3953	3
2099594	10090.ENSMUSP00000036288	896	2
2111474	10090.ENSMUSP00000106481	2087	3
2095217	10090.ENSMUSP00000021554	5491	14
2111822	10090.ENSMUSP00000109190	1960	3
2093290	10090.ENSMUSP00000001809	553	3
2100711	10090.ENSMUSP00000042215	1000	3
2112688	10090.ENSMUSP00000117987	13919	5
2093460	10090.ENSMUSP00000003121	344	2
2096514	10090.ENSMUSP00000026122	3030	7
2112487	10090.ENSMUSP00000114180	286	2
2106038	10090.ENSMUSP00000074293	628	2
2093459	10090.ENSMUSP00000003117	1138	2
2099177	10090.ENSMUSP00000034585	4117	6
2113693	10090.ENSMUSP00000128803	6999	4
2101546	10090.ENSMUSP00000046906	316	2
2110498	10090.ENSMUSP00000100212	7040	3
2096416	10090.ENSMUSP00000025804	332	2
2105550	10090.ENSMUSP00000071686	13919	5
2112332	10090.ENSMUSP00000113071	2686	3
2099407	10090.ENSMUSP00000035261	402	3
2098830	10090.ENSMUSP00000033617	1452	4
2112778	10090.ENSMUSP00000119609	1423	5
2096908	10090.ENSMUSP00000027467	4021	4
2104764	10090.ENSMUSP00000066238	8302	5
2113447	10090.ENSMUSP00000127330	291	2
2110632	10090.ENSMUSP00000100794	881	4
2109278	10090.ENSMUSP00000095794	4927	6
2104735	10090.ENSMUSP00000065987	1746	3
2093518	10090.ENSMUSP00000003575	5200	9
2093516	10090.ENSMUSP00000003572	763	2
2097075	10090.ENSMUSP00000028004	1532	3
2102448	10090.ENSMUSP00000051895	1021	2
2107714	10090.ENSMUSP00000084846	2258	5
2105050	10090.ENSMUSP00000068349	5159	3
2096458	10090.ENSMUSP00000025918	1528	2
2111521	10090.ENSMUSP00000106963	2843	4
2098826	10090.ENSMUSP00000033608	2786	5
2097288	10090.ENSMUSP00000028755	2363	5
2095085	10090.ENSMUSP00000021142	1048	5
2102256	10090.ENSMUSP00000050698	799	4
2099000	10090.ENSMUSP00000034131	1534	4
2112267	10090.ENSMUSP00000112665	1128	2
2105136	10090.ENSMUSP00000069011	2720	7
2096954	10090.ENSMUSP00000027602	1981	2
2110163	10090.ENSMUSP00000099375	502	2
2098399	10090.ENSMUSP00000032175	302	2
2110035	10090.ENSMUSP00000098639	2648	6
2097101	10090.ENSMUSP00000028102	261	3
2112171	10090.ENSMUSP00000111560	1218	5
2097087	10090.ENSMUSP00000028059	4416	3
2107956	10090.ENSMUSP00000086852	2610	2
2104208	10090.ENSMUSP00000062392	2382	9
2110182	10090.ENSMUSP00000099409	1487	2
2099261	10090.ENSMUSP00000034834	6316	8
2106490	10090.ENSMUSP00000076777	1945	8
2100738	10090.ENSMUSP00000042364	2416	2
2112218	10090.ENSMUSP00000112259	10214	4
2097139	10090.ENSMUSP00000028222	4499	8
2102911	10090.ENSMUSP00000054499	192	2
2093449	10090.ENSMUSP00000003038	749	2
2093985	10090.ENSMUSP00000009036	1328	3
2093997	10090.ENSMUSP00000009234	1481	5
