#name: M.musculus - Erythrocyte, SC (Kruger,Cell,2008)
#score: 2.22
#weight: 100%
#description: abundance based on Spectral counting, from<a href="http://www.sciencedirect.com/science/article/pii/S0092867408006958" target="_blank">Kruger,Cell,2008</a><br/><b>Interaction consistency score</b>: 2.22&nbsp<b>Coverage</b>: 1
#organ: ERYTHROCYTE
#integrated: false
#coverage: 1
#publication_year: 2008
#filename: Mouse_erythrocytes_Kruger2008_cell.txt
#
#internal_id	string_external_id	abundance	raw_spectral_count
2101700	10090.ENSMUSP00000047678	772	2
2111434	10090.ENSMUSP00000106180	2467	4
2098339	10090.ENSMUSP00000031899	2084	3
2096366	10090.ENSMUSP00000025668	2280	2
2094668	10090.ENSMUSP00000019615	4497	2
2109542	10090.ENSMUSP00000096775	804	7
2093238	10090.ENSMUSP00000001479	4173	7
2096220	10090.ENSMUSP00000025218	1860	2
2113401	10090.ENSMUSP00000127034	1719	3
2107956	10090.ENSMUSP00000086852	4331	2
2098880	10090.ENSMUSP00000033775	3638	4
2110770	10090.ENSMUSP00000101651	1523	3
2096603	10090.ENSMUSP00000026425	4477	5
2108137	10090.ENSMUSP00000088320	3576	3
2107071	10090.ENSMUSP00000079967	1131	5
2107758	10090.ENSMUSP00000085244	9507	19
2097224	10090.ENSMUSP00000028517	2750	2
2107186	10090.ENSMUSP00000080608	4331	2
2106923	10090.ENSMUSP00000079070	1179	5
2093846	10090.ENSMUSP00000006749	6619	9
2096436	10090.ENSMUSP00000025851	3138	4
2106900	10090.ENSMUSP00000078940	1128	2
2108145	10090.ENSMUSP00000088358	1375	4
2104819	10090.ENSMUSP00000066621	4095	3
2098145	10090.ENSMUSP00000031314	11777	18
2095217	10090.ENSMUSP00000021554	417	2
2094588	10090.ENSMUSP00000018992	2435	3
2099157	10090.ENSMUSP00000034529	909	2
2101403	10090.ENSMUSP00000046101	4564	6
2093313	10090.ENSMUSP00000001989	3647	17
2093997	10090.ENSMUSP00000009234	3973	5
2113948	10090.ENSMUSP00000130195	4645	2
2104056	10090.ENSMUSP00000061493	685	2
2109543	10090.ENSMUSP00000096777	2076	4
2098394	10090.ENSMUSP00000032165	1427	2
2095885	10090.ENSMUSP00000023599	1698	3
2107701	10090.ENSMUSP00000084713	643	2
2095592	10090.ENSMUSP00000022696	1840	4
2108302	10090.ENSMUSP00000089728	4792	5
2095591	10090.ENSMUSP00000022694	5467	6
2111597	10090.ENSMUSP00000107607	1858	6
2109278	10090.ENSMUSP00000095794	7747	6
2099882	10090.ENSMUSP00000037858	2229	3
2105720	10090.ENSMUSP00000072510	1923	2
2097768	10090.ENSMUSP00000030164	8238	15
2114031	10090.ENSMUSP00000130738	2176	4
2096410	10090.ENSMUSP00000025786	1721	3
2111580	10090.ENSMUSP00000107492	6247	9
2094799	10090.ENSMUSP00000020238	2935	6
2104320	10090.ENSMUSP00000062996	4856	7
2110942	10090.ENSMUSP00000103012	686	2
2095055	10090.ENSMUSP00000021049	3608	5
2093717	10090.ENSMUSP00000005620	1669	2
2113539	10090.ENSMUSP00000127885	2378	5
2095990	10090.ENSMUSP00000023934	7747	6
2095646	10090.ENSMUSP00000022849	3074	3
2112750	10090.ENSMUSP00000119242	3469	5
2107126	10090.ENSMUSP00000080302	5830	9
2096700	10090.ENSMUSP00000026704	3061	5
2097145	10090.ENSMUSP00000028233	1483	4
2105046	10090.ENSMUSP00000068328	2958	7
2099122	10090.ENSMUSP00000034441	5943	17
2097274	10090.ENSMUSP00000028683	2266	3
2097273	10090.ENSMUSP00000028681	1362	2
2097011	10090.ENSMUSP00000027810	2399	2
2097014	10090.ENSMUSP00000027817	15557	77
2095878	10090.ENSMUSP00000023580	623	3
2095879	10090.ENSMUSP00000023583	1723	2
2101237	10090.ENSMUSP00000045216	9383	3
2107409	10090.ENSMUSP00000082130	2240	4
2097409	10090.ENSMUSP00000029078	4143	3
2095881	10090.ENSMUSP00000023589	1647	5
2104973	10090.ENSMUSP00000067708	497	2
2112879	10090.ENSMUSP00000121358	8312	12
2101740	10090.ENSMUSP00000047872	746	3
2103820	10090.ENSMUSP00000059801	4567	4
2112676	10090.ENSMUSP00000117677	486	2
2093249	10090.ENSMUSP00000001544	1873	3
2101129	10090.ENSMUSP00000044616	1481	4
2104638	10090.ENSMUSP00000065275	4010	3
2096655	10090.ENSMUSP00000026560	3749	5
2105514	10090.ENSMUSP00000071486	791	4
2106213	10090.ENSMUSP00000075178	964	3
2114562	10090.ENSMUSP00000134825	1270	5
2096360	10090.ENSMUSP00000025649	1509	4
2094928	10090.ENSMUSP00000020630	9377	21
2096920	10090.ENSMUSP00000027494	1157	2
2095443	10090.ENSMUSP00000022256	3027	3
2095266	10090.ENSMUSP00000021698	3447	12
2094835	10090.ENSMUSP00000020334	5876	14
2094893	10090.ENSMUSP00000020522	1230	2
2106112	10090.ENSMUSP00000074658	850	4
2100686	10090.ENSMUSP00000042095	4480	7
2113524	10090.ENSMUSP00000127808	7742	24
2115145	10090.ENSMUSP00000136791	1593	2
2105930	10090.ENSMUSP00000073695	2000	4
2106054	10090.ENSMUSP00000074392	739	2
2097954	10090.ENSMUSP00000030769	2812	4
2098419	10090.ENSMUSP00000032228	10765	26
2102498	10090.ENSMUSP00000052146	1710	2
2109937	10090.ENSMUSP00000098066	791	4
2111084	10090.ENSMUSP00000103965	6288	17
2096632	10090.ENSMUSP00000026495	1698	2
2106458	10090.ENSMUSP00000076575	5862	4
2096447	10090.ENSMUSP00000025891	6162	11
2095226	10090.ENSMUSP00000021595	3067	2
2097344	10090.ENSMUSP00000028909	1859	2
2114459	10090.ENSMUSP00000133523	2812	2
2094434	10090.ENSMUSP00000017572	6262	6
2105129	10090.ENSMUSP00000068971	4344	3
2096187	10090.ENSMUSP00000025083	948	7
2100328	10090.ENSMUSP00000040220	3328	2
2101283	10090.ENSMUSP00000045409	1149	3
2106271	10090.ENSMUSP00000075513	4109	8
2105191	10090.ENSMUSP00000069418	1915	3
2107723	10090.ENSMUSP00000084918	5721	8
2093127	10090.ENSMUSP00000000590	3954	3
2095061	10090.ENSMUSP00000021063	3660	4
2113290	10090.ENSMUSP00000126449	2120	5
2101697	10090.ENSMUSP00000047665	1578	2
2096665	10090.ENSMUSP00000026576	7017	3
2098184	10090.ENSMUSP00000031402	9493	5
2107913	10090.ENSMUSP00000086542	2370	3
2109177	10090.ENSMUSP00000095433	178	2
2100529	10090.ENSMUSP00000041299	2330	6
2107362	10090.ENSMUSP00000081782	2276	5
2102025	10090.ENSMUSP00000049355	1721	5
2107687	10090.ENSMUSP00000084572	622	2
2095845	10090.ENSMUSP00000023486	6229	9
2093449	10090.ENSMUSP00000003038	2471	4
2110432	10090.ENSMUSP00000099953	625	3
2094903	10090.ENSMUSP00000020538	4205	8
2109769	10090.ENSMUSP00000097444	2418	5
2108387	10090.ENSMUSP00000090565	4099	6
2111563	10090.ENSMUSP00000107388	1637	2
2112212	10090.ENSMUSP00000112174	1235	2
2107283	10090.ENSMUSP00000081141	4603	5
2100750	10090.ENSMUSP00000042457	14038	8
2097214	10090.ENSMUSP00000028469	2533	2
2108819	10090.ENSMUSP00000093101	1776	4
2110158	10090.ENSMUSP00000099364	8216	12
2108962	10090.ENSMUSP00000093945	2143	3
2102313	10090.ENSMUSP00000051033	669	2
2107219	10090.ENSMUSP00000080791	7235	18
2093838	10090.ENSMUSP00000006697	1918	4
2109852	10090.ENSMUSP00000097623	1722	5
2107082	10090.ENSMUSP00000080058	4672	9
2098640	10090.ENSMUSP00000032992	1744	3
2107800	10090.ENSMUSP00000085580	643	2
2108430	10090.ENSMUSP00000090895	8378	5
2108431	10090.ENSMUSP00000090897	8378	5
2110210	10090.ENSMUSP00000099475	2821	10
2095186	10090.ENSMUSP00000021458	13234	63
2096155	10090.ENSMUSP00000024988	5462	19
2101808	10090.ENSMUSP00000048218	976	4
2111766	10090.ENSMUSP00000108804	4562	4
2101800	10090.ENSMUSP00000048183	2189	3
2107853	10090.ENSMUSP00000086017	341	3
2104426	10090.ENSMUSP00000063734	8390	7
2107717	10090.ENSMUSP00000084882	5070	4
2097776	10090.ENSMUSP00000030187	3943	21
2114417	10090.ENSMUSP00000133117	1389	3
2094389	10090.ENSMUSP00000016771	2682	18
2097075	10090.ENSMUSP00000028004	1484	2
2095484	10090.ENSMUSP00000022380	3390	4
2096470	10090.ENSMUSP00000025955	1396	3
2108415	10090.ENSMUSP00000090808	1761	2
2101178	10090.ENSMUSP00000044903	1298	4
2107032	10090.ENSMUSP00000079727	4109	8
2104081	10090.ENSMUSP00000061616	4467	3
2099558	10090.ENSMUSP00000036093	3269	4
2094310	10090.ENSMUSP00000015800	11212	13
2101396	10090.ENSMUSP00000046046	715	2
2108344	10090.ENSMUSP00000090227	5689	2
2113518	10090.ENSMUSP00000127774	6726	2
2110991	10090.ENSMUSP00000103402	1644	2
2105398	10090.ENSMUSP00000070751	2772	2
2095882	10090.ENSMUSP00000023590	5330	3
2108144	10090.ENSMUSP00000088349	1375	4
2105443	10090.ENSMUSP00000071054	6664	6
2094088	10090.ENSMUSP00000010899	975	3
2102911	10090.ENSMUSP00000054499	2714	10
2112171	10090.ENSMUSP00000111560	4370	17
2110414	10090.ENSMUSP00000099908	2186	2
2101479	10090.ENSMUSP00000046530	4201	6
2094674	10090.ENSMUSP00000019649	1179	2
2095481	10090.ENSMUSP00000022369	9851	21
2099390	10090.ENSMUSP00000035216	3090	7
2113530	10090.ENSMUSP00000127842	822	2
2095510	10090.ENSMUSP00000022496	2637	2
2109057	10090.ENSMUSP00000094778	619	2
2093840	10090.ENSMUSP00000006703	4204	8
2095182	10090.ENSMUSP00000021443	10760	22
2113362	10090.ENSMUSP00000126850	11256	4
2099126	10090.ENSMUSP00000034453	976	4
2108054	10090.ENSMUSP00000087736	976	4
2099371	10090.ENSMUSP00000035158	11233	24
2100195	10090.ENSMUSP00000039472	1421	2
2093239	10090.ENSMUSP00000001480	2659	4
2102627	10090.ENSMUSP00000052872	2028	11
2115369	10090.ENSMUSP00000137194	2076	4
2106692	10090.ENSMUSP00000077909	1797	4
2110445	10090.ENSMUSP00000099979	4166	9
2093062	10090.ENSMUSP00000000137	2829	3
2101982	10090.ENSMUSP00000049104	2464	3
2111618	10090.ENSMUSP00000107760	18810	32
2096223	10090.ENSMUSP00000025229	1017	2
2099398	10090.ENSMUSP00000035237	636	2
2099692	10090.ENSMUSP00000036881	1022	2
2104120	10090.ENSMUSP00000061851	1065	3
2099724	10090.ENSMUSP00000037018	3622	4
2110353	10090.ENSMUSP00000099785	3430	3
2110383	10090.ENSMUSP00000099853	7495	4
2111254	10090.ENSMUSP00000105028	1019	3
2097721	10090.ENSMUSP00000030018	2542	2
2107245	10090.ENSMUSP00000080974	4803	3
2099021	10090.ENSMUSP00000034189	2877	5
2098361	10090.ENSMUSP00000032069	1925	3
2096616	10090.ENSMUSP00000026459	1378	3
2110901	10090.ENSMUSP00000102724	2950	5
2101904	10090.ENSMUSP00000048704	3770	2
2097148	10090.ENSMUSP00000028239	2480	3
2104234	10090.ENSMUSP00000062496	2782	2
2098282	10090.ENSMUSP00000031697	3374	4
2114443	10090.ENSMUSP00000133341	139	2
2096362	10090.ENSMUSP00000025656	1021	2
2095282	10090.ENSMUSP00000021773	924	2
2099594	10090.ENSMUSP00000036288	3009	4
2093290	10090.ENSMUSP00000001809	1122	5
2113319	10090.ENSMUSP00000126623	219	2
2112332	10090.ENSMUSP00000113071	6995	3
2097101	10090.ENSMUSP00000028102	885	7
2109130	10090.ENSMUSP00000095197	4382	8
2110175	10090.ENSMUSP00000099397	377	3
2112487	10090.ENSMUSP00000114180	483	2
2106911	10090.ENSMUSP00000079022	6242	7
2110099	10090.ENSMUSP00000098997	479	4
2099177	10090.ENSMUSP00000034585	7013	9
2115003	10090.ENSMUSP00000136544	5830	9
2097256	10090.ENSMUSP00000028635	4391	5
2106490	10090.ENSMUSP00000076777	619	2
2113427	10090.ENSMUSP00000127198	1065	3
2110356	10090.ENSMUSP00000099790	6722	11
2106418	10090.ENSMUSP00000076336	1025	4
2110183	10090.ENSMUSP00000099411	6646	5
2100734	10090.ENSMUSP00000042342	964	3
2094270	10090.ENSMUSP00000015435	1483	2
2104774	10090.ENSMUSP00000066325	119	2
2097139	10090.ENSMUSP00000028222	4347	7
2107937	10090.ENSMUSP00000086716	2304	8
2101501	10090.ENSMUSP00000046636	4589	3
2098607	10090.ENSMUSP00000032898	6295	17
2096328	10090.ENSMUSP00000025546	1481	2
2095700	10090.ENSMUSP00000023043	2656	2
2111877	10090.ENSMUSP00000109630	1933	5
2095908	10090.ENSMUSP00000023684	2400	5
2108232	10090.ENSMUSP00000089212	244	3
2097946	10090.ENSMUSP00000030739	8966	16
2096485	10090.ENSMUSP00000025999	2941	2
2093756	10090.ENSMUSP00000005964	4924	2
2107714	10090.ENSMUSP00000084846	4867	7
2099291	10090.ENSMUSP00000034905	9483	10
2094996	10090.ENSMUSP00000020886	1966	2
2097248	10090.ENSMUSP00000028610	2678	4
2096071	10090.ENSMUSP00000024739	4837	15
2113057	10090.ENSMUSP00000124548	1741	5
2094830	10090.ENSMUSP00000020315	10360	28
2100820	10090.ENSMUSP00000042959	754	2
2097602	10090.ENSMUSP00000029669	1298	2
2101362	10090.ENSMUSP00000045841	1083	4
2100230	10090.ENSMUSP00000039657	853	2
2112406	10090.ENSMUSP00000113571	8359	28
2093889	10090.ENSMUSP00000007212	2462	4
2110035	10090.ENSMUSP00000098639	4670	7
2113015	10090.ENSMUSP00000124093	1445	3
2105750	10090.ENSMUSP00000072652	2000	4
2096897	10090.ENSMUSP00000027432	5305	14
2095126	10090.ENSMUSP00000021282	1590	3
2104824	10090.ENSMUSP00000066639	962	5
2114460	10090.ENSMUSP00000133564	4396	7
2097141	10090.ENSMUSP00000028224	2487	6
2105181	10090.ENSMUSP00000069318	2332	2
2098315	10090.ENSMUSP00000031822	2194	3
2095073	10090.ENSMUSP00000021091	3940	3
2110919	10090.ENSMUSP00000102857	3799	3
2104379	10090.ENSMUSP00000063389	3245	2
2112299	10090.ENSMUSP00000112871	762	2
2103885	10090.ENSMUSP00000060246	964	3
2095103	10090.ENSMUSP00000021197	3353	4
2095978	10090.ENSMUSP00000023873	1398	2
2095997	10090.ENSMUSP00000023994	1682	2
2094459	10090.ENSMUSP00000017851	4747	2
