#name: C.jejuni - Whole organism, SC (PRIDE,PRD000441,2011)
#score: 7.6
#weight: 100%
#description: abundance based on Spectral counting, from<a href="http://www.ebi.ac.uk/pride/archive/projects/PRD000441" target="_blank">PRIDE,PRD000441,2011</a><br/><b>Interaction consistency score</b>: 7.6&nbsp<b>Coverage</b>: 47
#organ: WHOLE_ORGANISM
#integrated: false
#coverage: 47
#publication_year: 2011
#filename: Campylobacter_jejuni_SC_biomart_17684_E__1reps.txt
#
#internal_id	string_external_id	abundance	raw_spectral_count
3469722	192222.Cj0265c	1393	29
3469492	192222.Cj0005c	57.8	3
3469506	192222.Cj0019c	509	44
3470081	192222.Cj0637c	35.2	1
3470897	192222.Cj1503c	121	14
3469656	192222.Cj0183	218	6
3470801	192222.Cj1403c	1683	71
3470363	192222.Cj0950c	383	7
3470902	192222.Cj1508c	919	31
3469817	192222.Cj0365c	734	42
3470479	192222.Cj1071	669	12
3470478	192222.Cj1070	4278	42
3470484	192222.Cj1076	39.7	1
3470483	192222.Cj1075	612	7
3469670	192222.Cj0197c	607	10
3470278	192222.Cj0856	53.9	1
3470201	192222.Cj0779	11682	271
3470200	192222.Cj0778	1551	33
3470406	192222.Cj0996	95.1	2
3469955	192222.Cj0508	68.9	6
3470507	192222.Cj1099	10.8	1
3469602	192222.Cj0127c	184	6
3469751	192222.Cj0298c	164	4
3470040	192222.Cj0595c	216	6
3469552	192222.Cj0075c	516	19
3470387	192222.Cj0977	132	2
3470433	192222.Cj1023c	906	35
3470843	192222.Cj1445c	249	11
3470310	192222.Cj0896c	485	44
3470120	192222.Cj0687c	64.0	2
3470481	192222.Cj1073c	475	37
3470675	192222.Cj1269c	264	15
3470696	192222.Cj1291c	1378	14
3470411	192222.Cj1001	128	7
3470057	192222.Cj0612c	3513	55
3470104	192222.Cj0665c	3339	112
3470832	192222.Cj1434c	154	10
3470759	192222.Cj1356c	158	3
3469785	192222.Cj0332c	3563	36
3470404	192222.Cj0994c	661	24
3470670	192222.Cj1264c	650	11
3470005	192222.Cj0559	1880	77
3469863	192222.Cj0411	24.6	2
3469866	192222.Cj0414	973	30
3469867	192222.Cj0415	1910	123
3469532	192222.Cj0053c	344	13
3469997	192222.Cj0551	1002	17
3470004	192222.Cj0558c	56.3	4
3469899	192222.Cj0450c	831	5
3469648	192222.Cj0175c	2033	68
3470000	192222.Cj0554	333	10
3470501	192222.Cj1093c	532	22
3469848	192222.Cj0396c	670	25
3470709	192222.Cj1304	972	3
3470957	192222.Cj1574c	501	10
3470713	192222.Cj1308	264	2
3470335	192222.Cj0922c	603	8
3470456	192222.Cj1046c	407	16
3470193	192222.Cj0771c	1485	27
3470881	192222.Cj1486c	910	2
3471083	192222.Cj1703c	223	3
3470744	192222.Cj1341c	29.2	5
3470185	192222.Cj0763c	57.7	1
3469749	192222.Cj0296c	426	8
3470886	192222.Cj1491c	403	14
3469852	192222.Cj0400	1870	29
3469711	192222.Cj0254	93.9	5
3469713	192222.Cj0256	44.6	2
3470619	192222.Cj1213c	219	15
3470502	192222.Cj1094c	579	5
3470429	192222.Cj1019c	2673	49
3470415	192222.Cj1005c	50.5	4
3469697	192222.Cj0239c	802	32
3470082	192222.Cj0638c	4838	56
3470940	192222.Cj1553c	71.5	4
3471062	192222.Cj1681c	58.1	2
3469666	192222.Cj0193c	7802	299
3469543	192222.Cj0064c	419	24
3470576	192222.Cj1170c	2774	133
3470226	192222.Cj0804	351	16
3470229	192222.Cj0807	963	32
3470228	192222.Cj0806	1101	31
3469627	192222.Cj0152c	559	19
3470225	192222.Cj0803	101	4
3470224	192222.Cj0802	60.1	3
3469692	192222.Cj0234c	4878	16
3471018	192222.Cj1635c	365	8
3469718	192222.Cj0261c	157	4
3470132	192222.Cj0699c	2294	97
3470991	192222.Cj1608	34.8	2
3470992	192222.Cj1609	103	5
3470639	192222.Cj1233	61.5	2
3470641	192222.Cj1235	170	4
3469556	192222.Cj0079c	332	8
3470983	192222.Cj1600	176	4
3470644	192222.Cj1238	316	8
3470985	192222.Cj1602	70.9	2
3470987	192222.Cj1604	232	4
3470990	192222.Cj1607	314	14
3470596	192222.Cj1190c	4333	247
3470076	192222.Cj0632	2900	101
3471079	192222.Cj1699c	1716	7
3469737	192222.Cj0281c	351	11
3469779	192222.Cj0326	790	29
3469780	192222.Cj0327	81.2	1
3470153	192222.Cj0720c	1256	28
3469908	192222.Cj0459c	433	3
3470604	192222.Cj1198	1734	34
3469637	192222.Cj0162c	300	5
3470109	192222.Cj0671	369	8
3470524	192222.Cj1116c	1109	67
3470490	192222.Cj1082c	112	3
3469545	192222.Cj0066c	353	5
3470528	192222.Cj1120c	15.7	1
3470343	192222.Cj0930	239	11
3470307	192222.Cj0893c	1972	100
3469892	192222.Cj0440c	118	5
3471007	192222.Cj1624c	1346	52
3470909	192222.Cj1516	680	39
3469952	192222.Cj0505c	39.5	2
3470366	192222.Cj0953c	163	10
3470911	192222.Cj1518	107	2
3470912	192222.Cj1519	218	10
3470967	192222.Cj1584c	187	11
3470689	192222.Cj1284	61.7	1
3470325	192222.Cj0912c	788	26
3470685	192222.Cj1279c	2441	97
3469516	192222.Cj0029	108	3
3469514	192222.Cj0027	437	24
3470589	192222.Cj1183c	57.9	3
3469511	192222.Cj0024	513	47
3469510	192222.Cj0023	643	31
3470694	192222.Cj1289	558	16
3470548	192222.Cj1140	74.2	2
3470578	192222.Cj1172c	550	10
3470625	192222.Cj1219c	589	58
3470828	192222.Cj1430c	268	5
3470961	192222.Cj1578c	83.2	2
3469789	192222.Cj0336c	538	15
3470196	192222.Cj0774c	335	12
3470469	192222.Cj1059c	788	33
3471086	192222.Cj1706c	1911	29
3471090	192222.Cj1710c	189	12
3470837	192222.Cj1439c	228	10
3470610	192222.Cj1204c	788	6
3470859	192222.Cj1462	37.9	2
3469771	192222.Cj0318	184	14
3471078	192222.Cj1698c	3211	12
3470464	192222.Cj1054c	307	10
3470814	192222.Cj1416c	54.2	2
3470798	192222.Cj1400c	1650	52
3470122	192222.Cj0689	2217	114
3470121	192222.Cj0688	1167	61
3470907	192222.Cj1514c	391	11
3469767	192222.Cj0314	126	4
3470115	192222.Cj0682	250	2
3470114	192222.Cj0681	156	1
3470889	192222.Cj1494c	488	21
3469818	192222.Cj0366c	501	41
3469769	192222.Cj0316	82.4	3
3470516	192222.Cj1108	132	8
3469588	192222.Cj0113	10735	156
3469587	192222.Cj0112	1188	53
3469586	192222.Cj0111	65.5	2
3469893	192222.Cj0441	564	6
3470357	192222.Cj0944c	23.6	1
3469590	192222.Cj0115	4223	83
3469589	192222.Cj0114	2165	58
3470884	192222.Cj1489c	3854	95
3471066	192222.Cj1686c	141	11
3469725	192222.Cj0268c	1240	64
3470220	192222.Cj0798c	42.2	2
3469741	192222.Cj0285c	6133	225
3470768	192222.Cj1365c	4.64	1
3469562	192222.Cj0087	11684	332
3469539	192222.Cj0060c	28.5	1
3469508	192222.Cj0021c	49.0	1
3470901	192222.Cj1507c	531	12
3470996	192222.Cj1613c	616	14
3471028	192222.Cj1645	361	28
3471024	192222.Cj1641	153	9
3470430	192222.Cj1020c	136	3
3471026	192222.Cj1643	223	12
3469680	192222.Cj0207	994	18
3470311	192222.Cj0897c	459	18
3469677	192222.Cj0204	75.4	3
3469703	192222.Cj0246c	250	85
3469816	192222.Cj0364	1496	18
3469812	192222.Cj0360	1102	57
3470186	192222.Cj0764c	205	11
3470850	192222.Cj1453c	61.8	2
3469643	192222.Cj0169	1048	27
3471022	192222.Cj1639	269	2
3469538	192222.Cj0059c	45.6	2
3470841	192222.Cj1443c	27.8	1
3469838	192222.Cj0386	161	8
3469898	192222.Cj0449c	2688	16
3470878	192222.Cj1483c	897	11
3470043	192222.Cj0598	533	22
3469621	192222.Cj0146c	544	16
3469840	192222.Cj0388	159	5
3469841	192222.Cj0389	1795	66
3470628	192222.Cj1222c	2.55	1
3471076	192222.Cj1696c	3299	11
3470535	192222.Cj1127c	129	4
3469548	192222.Cj0069	3769	128
3470654	192222.Cj1248	452	28
3470655	192222.Cj1249	71.4	5
3470142	192222.Cj0709	409	23
3470268	192222.Cj0846	62.3	2
3470135	192222.Cj0702	567	8
3470136	192222.Cj0703	490	10
3470133	192222.Cj0700	565	9
3470134	192222.Cj0701	124	5
3470139	192222.Cj0706	1434	29
3470370	192222.Cj0957c	25.1	1
3469820	192222.Cj0368c	68.5	2
3469822	192222.Cj0370	1261	7
3470899	192222.Cj1505c	133	4
3470817	192222.Cj1419c	1105	23
3470905	192222.Cj1511c	2909	296
3469828	192222.Cj0376	21.0	1
3470356	192222.Cj0943	126	3
3469756	192222.Cj0303c	239	6
3470447	192222.Cj1037c	1345	70
3471069	192222.Cj1689c	6993	52
3470743	192222.Cj1340c	30.4	5
3471082	192222.Cj1702c	4005	28
3470882	192222.Cj1487c	2252	53
3470646	192222.Cj1240c	47.3	1
3470054	192222.Cj0609c	39.4	2
3470791	192222.Cj1388	167	2
3469750	192222.Cj0297c	317	11
3470783	192222.Cj1380	2387	71
3469503	192222.Cj0016	34.8	1
3470555	192222.Cj1149c	272	6
3469500	192222.Cj0013	243	9
3471035	192222.Cj1652c	52.1	1
3470083	192222.Cj0639c	2616	67
3470930	192222.Cj1543	37.6	2
3470428	192222.Cj1018c	1177	23
3470928	192222.Cj1541	448	13
3470927	192222.Cj1540	922	25
3470439	192222.Cj1029c	1126	38
3469626	192222.Cj0151c	255	9
3470257	192222.Cj0835c	3698	329
3469550	192222.Cj0073c	2005	36
3470189	192222.Cj0767c	271	5
3469721	192222.Cj0264c	2218	184
3469689	192222.Cj0231c	417	14
3469853	192222.Cj0401	280	17
3470460	192222.Cj1050c	115	2
3469855	192222.Cj0403	402	11
3469854	192222.Cj0402	4714	181
3469856	192222.Cj0404	1579	21
3469861	192222.Cj0409	5048	340
3469860	192222.Cj0408	426	10
3470008	192222.Cj0562	75.7	4
3470595	192222.Cj1189c	1020	18
3470471	192222.Cj1061c	369	38
3470601	192222.Cj1195c	224	13
3470581	192222.Cj1175c	238	19
3470941	192222.Cj1555c	67.5	2
3470736	192222.Cj1332	91.2	2
3470737	192222.Cj1333	13.2	4
3470738	192222.Cj1334	14.4	4
3470739	192222.Cj1335	13.0	4
3470740	192222.Cj1337	59.6	7
3471063	192222.Cj1682c	2588	122
3469669	192222.Cj0196c	203	12
3470844	192222.Cj1447c	122	3
3470588	192222.Cj1182c	2678	76
3470797	192222.Cj1399c	57.4	4
3470337	192222.Cj0924c	102	2
3470633	192222.Cj1227c	126	3
3471075	192222.Cj1695c	3259	66
3469638	192222.Cj0163c	67.9	1
3470871	192222.Cj1476c	5178	502
3469525	192222.Cj0039c	1226	54
3471100	192222.Cj1720	187	3
3471105	192222.Cj1725	886	24
3471052	192222.Cj1670c	59.5	2
3469834	192222.Cj0382c	128	1
3471008	192222.Cj1625c	30.3	1
3469985	192222.Cj0539	145	2
3469984	192222.Cj0538	663	11
3469980	192222.Cj0534	2282	48
3469983	192222.Cj0537	1480	61
3469982	192222.Cj0536	2765	74
3469977	192222.Cj0531	1680	150
3469979	192222.Cj0533	3644	198
3470119	192222.Cj0686	465	21
3470102	192222.Cj0663c	622	10
3470761	192222.Cj1358c	68.5	1
3470684	192222.Cj1278c	40.6	2
3470262	192222.Cj0840c	1104	34
3470835	192222.Cj1437c	23.8	1
3470260	192222.Cj0838c	272	18
3470436	192222.Cj1026c	8795	90
3470195	192222.Cj0773c	101	2
3470825	192222.Cj1427c	1608	57
3470309	192222.Cj0895c	104	4
3470998	192222.Cj1615	27.2	1
3470671	192222.Cj1265c	754	13
3470981	192222.Cj1598	196	8
3470760	192222.Cj1357c	2028	147
3470994	192222.Cj1611	4880	6
3470977	192222.Cj1594	3054	57
3470978	192222.Cj1595	3468	121
3470979	192222.Cj1596	1367	13
3470192	192222.Cj0770c	544	15
3470974	192222.Cj1591	5770	1
3470975	192222.Cj1592	2232	30
3470976	192222.Cj1593	3491	20
3469787	192222.Cj0334	13158	282
3470615	192222.Cj1209	524	26
3470500	192222.Cj1092c	95.8	3
3470492	192222.Cj1084c	86.7	2
3469862	192222.Cj0410	2245	63
3470279	192222.Cj0857c	144	5
3470346	192222.Cj0933c	1491	96
3470027	192222.Cj0582	1389	47
3470031	192222.Cj0586	53.1	4
3470066	192222.Cj0621	49.8	3
3469695	192222.Cj0237	90.0	2
3470068	192222.Cj0623	615	10
3470958	192222.Cj1575c	1486	9
3470070	192222.Cj0625	58.1	2
3470071	192222.Cj0626	90.6	3
3469504	192222.Cj0017c	1436	72
3470222	192222.Cj0800c	75.8	5
3470316	192222.Cj0902	127	4
3470103	192222.Cj0664c	2046	27
3469592	192222.Cj0117	546	11
3469567	192222.Cj0092	1776	76
3470678	192222.Cj1272c	29.5	2
3470322	192222.Cj0909	196	4
3469591	192222.Cj0116	139	5
3470799	192222.Cj1401c	39.3	1
3469895	192222.Cj0443	399	15
3469894	192222.Cj0442	1156	50
3470895	192222.Cj1501	472	4
3469819	192222.Cj0367c	871	37
3470602	192222.Cj1196c	154	6
3471107	192222.Cj1727c	376	20
3470808	192222.Cj1410c	109	1
3470178	192222.Cj0755	247	19
3470697	192222.Cj1292	1135	24
3469523	192222.Cj0037c	1289	48
3470704	192222.Cj1299	536	5
3470181	192222.Cj0759	4160	231
3470180	192222.Cj0758	414	6
3469665	192222.Cj0192c	1249	17
3469719	192222.Cj0262c	3974	497
3469630	192222.Cj0155c	1120	11
3470253	192222.Cj0831c	30.5	2
3470577	192222.Cj1171c	2118	21
3470538	192222.Cj1130c	17.7	1
3471088	192222.Cj1708c	2710	20
3470437	192222.Cj1027c	687	57
3470425	192222.Cj1015c	119	5
3470584	192222.Cj1178c	177	12
3470354	192222.Cj0941c	83.1	4
3470773	192222.Cj1370	415	9
3470775	192222.Cj1372	48.4	1
3470327	192222.Cj0914c	371	19
3470320	192222.Cj0906c	243	10
3470656	192222.Cj1250	344	14
3469726	192222.Cj0269c	1103	34
3470597	192222.Cj1191c	573	10
3470692	192222.Cj1287c	2286	68
3470562	192222.Cj1156	804	49
3470982	192222.Cj1599	28.4	1
3470275	192222.Cj0853c	1783	70
3470818	192222.Cj1420c	2128	65
3469570	192222.Cj0095	74.5	1
3471041	192222.Cj1659	629	11
3470592	192222.Cj1186c	4469	50
3469897	192222.Cj0448c	4582	250
3469622	192222.Cj0147c	6116	95
3470158	192222.Cj0725c	1898	34
3470018	192222.Cj0573	232	3
3470017	192222.Cj0572	116	6
3470020	192222.Cj0575	1921	33
3470019	192222.Cj0574	35.8	2
3470021	192222.Cj0576	156	6
3471055	192222.Cj1673c	1655	57
3470556	192222.Cj1150c	90.2	5
3470300	192222.Cj0886c	130	14
3470741	192222.Cj1338c	4761	373
3469927	192222.Cj0478	1272	163
3469928	192222.Cj0479	1018	155
3470980	192222.Cj1597	427	15
3470988	192222.Cj1605c	124	4
3469919	192222.Cj0470	18522	844
3469920	192222.Cj0471	1396	6
3469922	192222.Cj0473	1354	26
3469923	192222.Cj0474	1784	23
3469924	192222.Cj0475	5539	133
3469560	192222.Cj0085c	74.0	3
3469926	192222.Cj0477	3003	32
3470265	192222.Cj0843c	71.3	6
3469808	192222.Cj0355c	5971	109
3470568	192222.Cj1162c	148	2
3470454	192222.Cj1044c	223	9
3470948	192222.Cj1565c	8.43	1
3471071	192222.Cj1691c	2569	30
3470205	192222.Cj0783	4545	97
3470202	192222.Cj0780	8422	767
3471040	192222.Cj1658	10.8	1
3470831	192222.Cj1433c	19.8	1
3470893	192222.Cj1498c	1469	54
3470210	192222.Cj0788	189	4
3470403	192222.Cj0993c	35.6	1
3470785	192222.Cj1382c	14890	146
3469730	192222.Cj0273	584	7
3469727	192222.Cj0270	370	2
3470836	192222.Cj1438c	179	18
3469733	192222.Cj0276	2175	58
3469734	192222.Cj0277	51.6	2
3469731	192222.Cj0274	592	10
3469732	192222.Cj0275	678	32
3469825	192222.Cj0373	427	18
3469824	192222.Cj0372	750	25
3469823	192222.Cj0371	2470	47
3470504	192222.Cj1096c	2055	68
3470559	192222.Cj1153	10757	88
3469826	192222.Cj0374	331	4
3471034	192222.Cj1651c	54.1	2
3470288	192222.Cj0872	351	9
3469644	192222.Cj0170	196	8
3470254	192222.Cj0832c	110	4
3470582	192222.Cj1176c	2058	12
3469842	192222.Cj0390	128	10
3470721	192222.Cj1316c	364	14
3469625	192222.Cj0150c	749	31
3469851	192222.Cj0399	51.3	2
3469850	192222.Cj0398	817	10
3470402	192222.Cj0992c	487	24
3470809	192222.Cj1411c	154	8
3470659	192222.Cj1253	465	39
3470658	192222.Cj1252	16.7	2
3470594	192222.Cj1188c	136	7
3470468	192222.Cj1058c	2334	133
3469569	192222.Cj0094	1553	15
3470563	192222.Cj1157	71.1	4
3470125	192222.Cj0692c	38.2	1
3469568	192222.Cj0093	246	16
3470665	192222.Cj1259	60446	1559
3471004	192222.Cj1621	969	27
3470151	192222.Cj0718	7.09	1
3471025	192222.Cj1642	488	7
3469565	192222.Cj0090	336	3
3470143	192222.Cj0710	2475	9
3470148	192222.Cj0715	5670	73
3470147	192222.Cj0714	2324	28
3470150	192222.Cj0717	187	2
3470149	192222.Cj0716	347	16
3469740	192222.Cj0284c	4736	326
3469696	192222.Cj0238	107	9
3470526	192222.Cj1118c	1026	14
3470767	192222.Cj1364c	1937	71
3470714	192222.Cj1309c	327	17
3469507	192222.Cj0020c	518	16
3470915	192222.Cj1523c	8.35	1
3469542	192222.Cj0063c	223	6
3470336	192222.Cj0923c	186	4
3470355	192222.Cj0942c	1178	109
3471070	192222.Cj1690c	3726	57
3470312	192222.Cj0898	280	5
3470693	192222.Cj1288c	542	31
3469973	192222.Cj0527c	74.1	4
3469494	192222.Cj0007	402	53
3469490	192222.Cj0003	710	48
3469489	192222.Cj0002	1681	93
3470842	192222.Cj1444c	857	46
3470937	192222.Cj1550c	24.7	2
3469496	192222.Cj0009	202	10
3469495	192222.Cj0008	117	7
3470959	192222.Cj1576c	112	5
3470305	192222.Cj0891c	906	59
3469618	192222.Cj0143c	986	29
3469890	192222.Cj0438	497	20
3469891	192222.Cj0439	527	21
3470822	192222.Cj1424c	459	8
3469886	192222.Cj0434	276	18
3469887	192222.Cj0435	2408	50
3469888	192222.Cj0436	130	3
3469889	192222.Cj0437	1644	89
3470989	192222.Cj1606c	1112	31
3470672	192222.Cj1266c	5040	301
3470612	192222.Cj1206c	439	6
3470499	192222.Cj1091c	417	33
3470007	192222.Cj0561c	76.3	2
3470405	192222.Cj0995c	305	13
3471081	192222.Cj1701c	4068	49
3470493	192222.Cj1085c	34.1	4
3469884	192222.Cj0432c	34.7	2
3471065	192222.Cj1685c	228	8
3470345	192222.Cj0932c	1289	74
3470418	192222.Cj1008c	85.5	4
3470730	192222.Cj1325	932	29
3470729	192222.Cj1324	487	23
3469553	192222.Cj0076c	489	12
3470816	192222.Cj1418c	242	21
3469978	192222.Cj0532	96.7	3
3469781	192222.Cj0328c	563	15
3470466	192222.Cj1056c	544	14
3470392	192222.Cj0982c	1618	52
3469566	192222.Cj0091	3618	54
3470084	192222.Cj0640c	1217	70
3470048	192222.Cj0603c	19.5	1
3470875	192222.Cj1480c	2339	31
3470921	192222.Cj1534c	2261	43
3470620	192222.Cj1214c	812	24
3469606	192222.Cj0131	554	30
3470695	192222.Cj1290c	1710	71
3470280	192222.Cj0858c	622	40
3469611	192222.Cj0136	543	44
3469614	192222.Cj0139	176	18
3469953	192222.Cj0506	375	26
3469712	192222.Cj0255c	208	6
3470523	192222.Cj1115c	44.9	1
3469746	192222.Cj0293	30.7	1
3470570	192222.Cj1164c	446	6
3470539	192222.Cj1131c	1057	49
3471044	192222.Cj1662	3.93	1
3471045	192222.Cj1663	373	2
3470972	192222.Cj1589	45.7	2
3469709	192222.Cj0252	95.0	2
3469551	192222.Cj0074c	2238	98
3470424	192222.Cj1014c	569	23
3470058	192222.Cj0613	73.6	3
3470371	192222.Cj0958c	59.1	2
3469499	192222.Cj0012c	17030	254
3470621	192222.Cj1215	118	5
3469687	192222.Cj0229	297	6
3471077	192222.Cj1697c	593	5
3470044	192222.Cj0599	55.7	2
3470839	192222.Cj1441c	380	17
3470042	192222.Cj0597	974	37
3470041	192222.Cj0596	9568	191
3469739	192222.Cj0283c	3923	68
3469684	192222.Cj0226	20.7	1
3470167	192222.Cj0734c	5872	149
3470159	192222.Cj0726c	26.3	1
3469645	192222.Cj0172c	540	23
3470662	192222.Cj1256c	373	10
3471074	192222.Cj1694c	424	1
3470250	192222.Cj0828c	19.1	1
3470515	192222.Cj1107	184	1
3470514	192222.Cj1106	325	11
3469845	192222.Cj0393c	381	16
3470352	192222.Cj0939c	63.9	1
3470587	192222.Cj1181c	1802	85
3470480	192222.Cj1072	137	1
3469835	192222.Cj0383c	362	5
3470187	192222.Cj0765c	373	13
3470368	192222.Cj0955c	182	12
3469836	192222.Cj0384c	1597	38
3469735	192222.Cj0279	1015	90
3470399	192222.Cj0989	129	1
3470243	192222.Cj0821	95.6	5
3470101	192222.Cj0662c	2064	79
3469994	192222.Cj0548	54.4	4
3470390	192222.Cj0980	181	5
3469581	192222.Cj0106	954	28
3470393	192222.Cj0983	366	20
3469764	192222.Cj0311	3109	57
3470906	192222.Cj1513c	775	4
3469576	192222.Cj0101	331	14
3470830	192222.Cj1432c	76.3	10
3470377	192222.Cj0964	94.1	3
3470745	192222.Cj1342c	10.8	1
3469795	192222.Cj0342c	98.5	11
3470667	192222.Cj1261	1407	24
3470198	192222.Cj0776c	1566	39
3470826	192222.Cj1428c	439	14
3471084	192222.Cj1704c	2598	41
3469791	192222.Cj0338c	93.5	9
3470698	192222.Cj1293	434	22
3470203	192222.Cj0781	265	6
3469993	192222.Cj0547	397	5
3470680	192222.Cj1274c	2207	57
3470771	192222.Cj1368	75.1	4
3470267	192222.Cj0845c	25.3	2
3470947	192222.Cj1564	3775	462
3470806	192222.Cj1408	981	15
3470800	192222.Cj1402c	905	36
3470935	192222.Cj1548c	173	8
3470939	192222.Cj1552c	20.1	1
3470434	192222.Cj1024c	401	20
3470803	192222.Cj1405	261	3
3470423	192222.Cj1013c	174	20
3469913	192222.Cj0464	2.88	1
3469912	192222.Cj0463	31.3	2
3469911	192222.Cj0462	269	12
3469909	192222.Cj0460	659	28
3471109	192222.Cj1729c	340	36
3469991	192222.Cj0545	116	3
3469992	192222.Cj0546	36.1	3
3470887	192222.Cj1492c	30.8	3
3469987	192222.Cj0541	106	4
3469918	192222.Cj0469	79.1	2
3469989	192222.Cj0543	399	27
3470603	192222.Cj1197c	1350	67
3469686	192222.Cj0228c	138	2
3470722	192222.Cj1317	152	4
3469520	192222.Cj0034c	2127	61
3470717	192222.Cj1312	142	4
3470716	192222.Cj1311	513	8
3470723	192222.Cj1318	13.0	4
3470194	192222.Cj0772c	3188	59
3470527	192222.Cj1119c	37.4	1
3470770	192222.Cj1367c	37.1	3
3469907	192222.Cj0458c	103	7
3470529	192222.Cj1121c	430	20
3469743	192222.Cj0287c	1053	26
3469636	192222.Cj0161c	105	4
3470212	192222.Cj0790	130	4
3469705	192222.Cj0248	614	22
3469604	192222.Cj0129c	571	45
3470557	192222.Cj1151c	755	30
3470968	192222.Cj1585c	70.0	8
3470575	192222.Cj1169c	459	4
3470313	192222.Cj0899c	1916	27
3470326	192222.Cj0913c	9572	83
3470184	192222.Cj0762c	878	41
3469942	192222.Cj0493	3501	274
3469940	192222.Cj0491	1400	6
3469619	192222.Cj0144	3246	429
3469946	192222.Cj0497	134	5
3470331	192222.Cj0918c	2045	75
3470455	192222.Cj1045c	1320	29
3470239	192222.Cj0817	382	13
3470954	192222.Cj1571c	1116	21
3470234	192222.Cj0812	476	24
3470232	192222.Cj0810	186	6
3469530	192222.Cj0044c	41.7	3
3469858	192222.Cj0406c	1144	30
3470742	192222.Cj1339c	17498	891
3470900	192222.Cj1506c	4488	337
3471054	192222.Cj1672c	3351	92
3470518	192222.Cj1110c	5060	230
3470640	192222.Cj1234	300	23
3470401	192222.Cj0991c	36.7	2
3470626	192222.Cj1220	14254	126
3470627	192222.Cj1221	24141	1266
3469564	192222.Cj0089	814	36
3470213	192222.Cj0791c	78.0	4
3470630	192222.Cj1224	58.4	1
3469849	192222.Cj0397c	191	5
3471017	192222.Cj1634c	75.8	3
3470549	192222.Cj1141	189	9
3470635	192222.Cj1229	154	4
3471016	192222.Cj1633	18.0	1
3470334	192222.Cj0921c	7022	153
3469772	192222.Cj0319	288	9
3470137	192222.Cj0704	193	5
3470984	192222.Cj1601	273	7
3469768	192222.Cj0315	31.3	1
3470090	192222.Cj0646	1596	27
3469770	192222.Cj0317	426	20
3470724	192222.Cj1319	90.3	2
3470087	192222.Cj0643	1462	51
3470956	192222.Cj1573c	567	63
3469765	192222.Cj0312	127	3
3469782	192222.Cj0329c	21.7	1
3470465	192222.Cj1055c	21.2	2
3469702	192222.Cj0245	13115	43
3470451	192222.Cj1041c	340	12
3470299	192222.Cj0884	974	8
3470890	192222.Cj1495c	638	12
3470342	192222.Cj0929	908	50
3470805	192222.Cj1407c	36.7	2
3470623	192222.Cj1217c	64.2	2
3469925	192222.Cj0476	1969	28
3470339	192222.Cj0926	795	6
3470340	192222.Cj0927	30.3	1
3470458	192222.Cj1048c	277	10
3469745	192222.Cj0289c	3513	90
3470442	192222.Cj1032	353	10
3470441	192222.Cj1031	219	10
3470923	192222.Cj1536c	303	9
3470449	192222.Cj1039	30.9	1
3469679	192222.Cj0206	410	24
3469522	192222.Cj0036	28.0	1
3469502	192222.Cj0015c	76.8	4
3471073	192222.Cj1693c	467	9
3470221	192222.Cj0799c	83.2	2
3470255	192222.Cj0833c	537	16
3470916	192222.Cj1529c	465	13
3470873	192222.Cj1478c	4575	150
3470583	192222.Cj1177c	42.3	2
3470506	192222.Cj1098	391	15
3470922	192222.Cj1535c	169	8
3470932	192222.Cj1545c	314	8
3469805	192222.Cj0352	70.1	3
3469691	192222.Cj0233c	251	3
3470417	192222.Cj1007c	12.8	1
3469872	192222.Cj0420	8164	189
3469878	192222.Cj0426	334	19
3470676	192222.Cj1270c	449	17
3469777	192222.Cj0324	71.9	2
3469513	192222.Cj0026c	502	12
3470852	192222.Cj1455	72.6	2
3470762	192222.Cj1359	337	25
3470848	192222.Cj1451	368	12
3470856	192222.Cj1459	454	18
3470758	192222.Cj1355	646	22
3469624	192222.Cj0149c	128	6
3470590	192222.Cj1184c	1804	79
3470666	192222.Cj1260c	45.1	1
3469941	192222.Cj0492	4632	70
3470904	192222.Cj1510c	821	22
3469956	192222.Cj0509c	715	55
3469961	192222.Cj0514	82.6	3
3469960	192222.Cj0513	485	4
3469959	192222.Cj0512	1352	36
3469958	192222.Cj0511	1924	70
3470127	192222.Cj0694	1098	46
3470128	192222.Cj0695	446	23
3470129	192222.Cj0696	409	19
3471085	192222.Cj1705c	947	7
3469965	192222.Cj0518	2593	134
3470634	192222.Cj1228c	4183	177
3469583	192222.Cj0108	878	14
3469584	192222.Cj0109	269	3
3469844	192222.Cj0392c	1740	82
3469579	192222.Cj0104	379	7
3469580	192222.Cj0105	4545	252
3470303	192222.Cj0889c	2.54	1
3469582	192222.Cj0107	4091	224
3469575	192222.Cj0100	194	4
3469902	192222.Cj0453	328	16
3469577	192222.Cj0102	633	7
3469578	192222.Cj0103	1182	20
3470100	192222.Cj0661c	35.5	1
3470677	192222.Cj1271c	645	27
3470874	192222.Cj1479c	5358	57
3470408	192222.Cj0998c	14203	207
3470197	192222.Cj0775c	325	27
3470960	192222.Cj1577c	385	8
3470152	192222.Cj0719c	248	4
3470440	192222.Cj1030c	191	11
3470829	192222.Cj1431c	79.5	6
3469533	192222.Cj0054c	730	15
3470748	192222.Cj1345c	165	7
3470769	192222.Cj1366c	449	36
3470683	192222.Cj1277c	487	13
3470823	192222.Cj1425c	161	6
3469698	192222.Cj0240c	1117	52
3471087	192222.Cj1707c	4879	68
3471056	192222.Cj1674	288	8
3469790	192222.Cj0337c	799	17
3470673	192222.Cj1267c	449	14
3471080	192222.Cj1700c	3908	36
3470613	192222.Cj1207c	261	8
3470052	192222.Cj0607	13.9	1
3470051	192222.Cj0606	202	8
3470050	192222.Cj0605	44.0	2
3470049	192222.Cj0604	36.3	1
3469811	192222.Cj0358	20649	540
3470498	192222.Cj1090c	31.1	1
3470494	192222.Cj1086c	1437	10
3469667	192222.Cj0194	1015	21
3470950	192222.Cj1567c	332	12
3470679	192222.Cj1273c	845	8
3470344	192222.Cj0931c	355	18
3471072	192222.Cj1692c	3107	45
