#name: A.thaliana - Whole organism, SC (Motohashi,Plant_Physiol,2012)
#score: 5.45
#weight: 10%
#description: abundance based on Spectral counting, from<a href="http://www.ncbi.nlm.nih.gov/pubmed/23027667" target="_blank">Motohashi,Plant_Physiol,2012</a><br/><b>Interaction consistency score</b>: 5.45&nbsp<b>Coverage</b>: 6
#organ: WHOLE_ORGANISM
#integrated: false
#coverage: 6
#publication_year: 2012
#filename: Arabidopsis_thaliana_SC_biomart_27037_E__1reps.txt
#
#internal_id	string_external_id	abundance	raw_spectral_count
120489	3702.AT1G62780.1	138	3
138024	3702.AT5G19090.1	183	8
127707	3702.AT3G11130.1	48.1	14
127782	3702.AT3G11830.1	157	12
139457	3702.AT5G39590.1	11.3	1
121500	3702.AT1G72370.1	678	23
138077	3702.AT5G19550.1	54.8	5
133806	3702.AT4G18100.1	244	5
127435	3702.AT3G08640.1	25.3	1
134469	3702.AT4G24190.1	594	68
129143	3702.AT3G23990.1	485	34
141968	3702.AT5G62670.1	30.5	6
139789	3702.AT5G42650.1	229	16
133583	3702.AT4G16143.1	36.2	3
137312	3702.AT5G11940.1	13.7	1
127748	3702.AT3G11510.1	170	5
116862	3702.AT1G15500.1	17.6	1
136812	3702.AT5G06860.1	38.9	1
130863	3702.AT3G52150.1	1301	24
117929	3702.AT1G26630.1	526	11
141836	3702.AT5G61410.1	437	19
131075	3702.AT3G54130.1	24.4	1
121764	3702.AT1G74920.1	140	6
137510	3702.AT5G14220.1	19.6	1
127143	3702.AT3G05560.1	478	6
130965	3702.AT3G53110.1	45.4	4
126996	3702.AT3G04260.1	10.5	2
120018	3702.AT1G56500.1	164	26
116295	3702.AT1G10290.1	16.1	2
121843	3702.AT1G75750.1	177	4
122274	3702.AT1G79920.1	176	15
122617	3702.AT2G03390.1	25.0	1
139730	3702.AT5G42150.1	24.6	1
132252	3702.AT4G01610.1	17.4	1
116923	3702.AT1G16080.1	714	47
118975	3702.AT1G44575.1	3143	86
127069	3702.AT3G04920.1	929	6
134255	3702.AT4G22240.1	2005	95
133743	3702.AT4G17560.1	265	2
116091	3702.AT1G08380.1	987	6
141534	3702.AT5G58510.1	7.39	1
135768	3702.AT4G36080.1	3.57	2
125311	3702.AT2G35840.1	27.9	1
132359	3702.AT4G02520.1	871	23
136044	3702.AT4G38740.1	93.1	2
136561	3702.AT5G04430.2	129	6
139239	3702.AT5G37510.2	136	17
119575	3702.AT1G52410.2	251	22
121477	3702.AT1G72150.1	984	65
133697	3702.AT4G17090.1	123	13
139955	3702.AT5G44070.1	33.5	2
134614	3702.AT4G25540.1	3.68	1
127950	3702.AT3G13330.1	2.9	1
121867	3702.AT1G76010.1	18.9	1
140805	3702.AT5G51820.1	285	33
123418	3702.AT2G18020.1	703	13
138190	3702.AT5G20630.1	1595	56
130518	3702.AT3G49010.1	3304	32
129736	3702.AT3G29320.1	359	46
135319	3702.AT4G31990.3	446	32
135580	3702.AT4G34350.1	10.3	1
137263	3702.AT5G11450.1	298	12
135367	3702.AT4G32400.1	15.5	1
134537	3702.AT4G24830.1	87.7	5
135834	3702.AT4G36760.1	109	10
139759	3702.AT5G42390.1	89.4	15
142353	3702.AT5G66190.1	8929	336
141729	3702.AT5G60390.1	2149	286
137322	3702.AT5G12040.1	115	5
116401	3702.AT1G11260.1	66.2	5
129297	3702.AT3G25530.1	994	41
138716	3702.AT5G26360.1	76.8	5
142560	3702.ATCG00710.1	2500	11
131125	3702.AT3G54640.1	470	18
119217	3702.AT1G48850.1	152	5
142039	3702.AT5G63310.1	205	5
123779	3702.AT2G21385.4	97.6	4
135269	3702.AT4G31530.2	18.2	1
128140	3702.AT3G14930.1	240	9
117793	3702.AT1G24510.1	85.7	4
123517	3702.AT2G18960.1	132	14
126714	3702.AT3G01670.1	21.5	2
131655	3702.AT3G59760.1	17.1	1
117582	3702.AT1G22530.1	354	45
136350	3702.AT5G02500.1	1340	83
117378	3702.AT1G20620.1	1611	86
119195	3702.AT1G48620.1	125	3
119970	3702.AT1G56050.1	16.9	1
116040	3702.AT1G07930.1	2149	286
138373	3702.AT5G23060.1	4961	196
116089	3702.AT1G08360.1	48.6	2
128636	3702.AT3G19420.1	7.05	1
115951	3702.AT1G07140.1	112	3
138632	3702.AT5G25460.1	25.4	1
129342	3702.AT3G25860.1	170	15
134968	3702.AT4G28750.1	1183	23
132759	3702.AT4G08850.1	5.57	1
140184	3702.AT5G46110.4	981	59
117599	3702.AT1G22710.1	18.9	1
119364	3702.AT1G50380.1	23.4	2
131811	3702.AT3G61220.2	637	22
115542	3702.AT1G03220.1	25.7	1
123995	3702.AT2G23420.1	10.0	1
136500	3702.AT5G03880.1	461	18
135008	3702.AT4G29130.1	13.2	1
119348	3702.AT1G50200.1	350	38
121883	3702.AT1G76160.1	108	9
119328	3702.AT1G49970.1	145	12
116360	3702.AT1G10840.1	43.2	1
118874	3702.AT1G41830.1	87.6	6
124613	3702.AT2G29450.1	63.2	2
121881	3702.AT1G76140.1	39.8	5
125007	3702.AT2G33040.1	988	28
130869	3702.AT3G52200.2	55.6	4
131034	3702.AT3G53730.1	221	12
127424	3702.AT3G08530.1	42.1	13
116359	3702.AT1G10830.1	50.1	1
142612	3702.ATMG00160.1	99.0	3
127386	3702.AT3G07720.1	121	8
141334	3702.AT5G56680.1	52.4	2
122829	3702.AT2G05990.1	1262	58
119767	3702.AT1G54100.1	32.0	3
138874	3702.AT5G28030.1	44.3	3
134826	3702.AT4G27520.1	1055	67
123615	3702.AT2G19940.1	169	15
131003	3702.AT3G53430.1	47.0	1
119212	3702.AT1G48790.1	98.1	9
132192	3702.AT4G01050.1	524	25
120799	3702.AT1G65650.1	41.0	1
120001	3702.AT1G56330.1	83.8	2
118450	3702.AT1G31800.1	9.15	1
116041	3702.AT1G07940.1	2149	286
121110	3702.AT1G68560.1	112	13
142137	3702.AT5G64290.1	191	10
139949	3702.AT5G44020.1	684	27
127616	3702.AT3G10350.2	61.6	4
131016	3702.AT3G53560.1	72.5	3
137625	3702.AT5G15350.1	51.5	2
142570	3702.ATCG00810.1	80.3	2
134771	3702.AT4G26970.1	191	20
124244	3702.AT2G25840.2	14.1	1
135231	3702.AT4G31180.1	45.5	5
141675	3702.AT5G59870.1	408	2
115578	3702.AT1G03600.1	909	20
121948	3702.AT1G76780.1	5.37	1
122161	3702.AT1G78820.1	113	6
131552	3702.AT3G58730.1	455	9
132338	3702.AT4G02350.1	15.0	1
126757	3702.AT3G02080.1	59.0	1
137285	3702.AT5G11670.1	363	26
133765	3702.AT4G17720.1	24.4	1
137833	3702.AT5G17310.2	41.8	3
115390	3702.AT1G01790.1	8.34	1
136677	3702.AT5G05580.1	23.9	1
120724	3702.AT1G64960.1	7.16	1
116475	3702.AT1G11910.1	440	33
135102	3702.AT4G30000.2	19.1	1
127026	3702.AT3G04550.1	62.8	4
126082	3702.AT2G42990.1	11.8	1
121721	3702.AT1G74470.1	680	39
116794	3702.AT1G14850.1	7.46	2
126100	3702.AT2G43160.1	79.6	2
119178	3702.AT1G48470.1	407	14
136121	3702.AT4G39520.1	18.3	1
118571	3702.AT1G32990.1	128	6
123301	3702.AT2G16950.1	23.8	3
141404	3702.AT5G57330.1	18.9	1
134741	3702.AT4G26690.1	238	30
135201	3702.AT4G30920.1	25.9	2
135749	3702.AT4G35900.1	53.4	1
137116	3702.AT5G10050.1	21.4	1
121303	3702.AT1G70410.2	508	19
118256	3702.AT1G29880.1	276	28
138710	3702.AT5G26290.1	18.0	1
119296	3702.AT1G49660.1	22.7	1
134967	3702.AT4G28740.1	19.4	1
128277	3702.AT3G16140.1	509	5
140539	3702.AT5G49360.1	402	45
130217	3702.AT3G46100.1	21.9	1
138409	3702.AT5G23400.1	12.2	1
118340	3702.AT1G30690.1	115	9
132358	3702.AT4G02510.1	285	58
130309	3702.AT3G46970.1	864	97
129564	3702.AT3G27820.1	12.1	1
142568	3702.ATCG00790.1	285	3
118585	3702.AT1G33120.1	344	13
129461	3702.AT3G26900.1	32.0	2
138530	3702.AT5G24490.1	1069	21
139902	3702.AT5G43600.1	20.0	1
131200	3702.AT3G55330.1	137	4
131036	3702.AT3G53750.1	15.8	2
115906	3702.AT1G06680.1	3037	106
139691	3702.AT5G41790.1	64.2	13
124685	3702.AT2G30110.1	254	36
125792	3702.AT2G40290.1	20.4	1
117083	3702.AT1G17650.1	659	29
137760	3702.AT5G16620.1	38.4	1
127793	3702.AT3G11940.1	29.1	1
124351	3702.AT2G26900.1	47.2	3
126842	3702.AT3G02870.1	579	15
138717	3702.AT5G26570.1	194	24
120584	3702.AT1G63610.2	30.5	2
140762	3702.AT5G51430.1	19.9	2
128088	3702.AT3G14420.1	1778	98
141612	3702.AT5G59250.1	24.0	1
118480	3702.AT1G32080.1	313	15
139270	3702.AT5G37830.1	54.8	10
123794	3702.AT2G21530.1	44.2	2
118586	3702.AT1G33140.1	344	13
129296	3702.AT3G25520.1	202	7
118010	3702.AT1G27310.1	39.2	1
133513	3702.AT4G15560.1	43.0	2
115659	3702.AT1G04410.1	3311	103
120426	3702.AT1G62180.1	14.8	1
136730	3702.AT5G06060.1	236	10
120452	3702.AT1G62390.1	51.7	6
131369	3702.AT3G56940.1	335	20
135254	3702.AT4G31390.1	20.1	2
132058	3702.AT3G63520.1	63.9	8
140726	3702.AT5G51070.1	19.1	3
130888	3702.AT3G52380.1	1634	46
135205	3702.AT4G30950.1	60.9	4
141178	3702.AT5G55220.1	268	25
117141	3702.AT1G18270.3	60.7	12
135137	3702.AT4G30310.2	50.5	4
133050	3702.AT4G11600.1	220	5
125341	3702.AT2G36145.1	41.1	2
131479	3702.AT3G58010.1	516	21
140218	3702.AT5G46430.1	48.8	1
130459	3702.AT3G48420.1	247	13
136595	3702.AT5G04810.1	8.75	1
128931	3702.AT3G22110.1	167	7
118929	3702.AT1G43670.1	840	26
132842	3702.AT4G09650.1	1573	58
129432	3702.AT3G26650.1	5016	191
128257	3702.AT3G15950.1	101	11
125562	3702.AT2G38170.3	12.4	1
117418	3702.AT1G20960.1	18.0	7
130698	3702.AT3G50670.1	33.0	1
138547	3702.AT5G24650.1	134	2
130491	3702.AT3G48730.1	378	23
127319	3702.AT3G07100.1	6.28	1
131066	3702.AT3G54050.1	1838	102
133955	3702.AT4G19410.2	111	9
136023	3702.AT4G38510.5	33.7	3
119816	3702.AT1G54570.1	10.1	1
125958	3702.AT2G41790.1	33.4	5
141055	3702.AT5G54110.1	36.7	1
120065	3702.AT1G57770.1	107	10
136104	3702.AT4G39330.1	360	19
142112	3702.AT5G64040.2	1075	36
142267	3702.AT5G65430.3	103	3
140550	3702.AT5G49460.1	12.2	1
120856	3702.AT1G66200.3	143	4
132278	3702.AT4G01850.1	38.7	2
127942	3702.AT3G13235.1	64.1	4
119224	3702.AT1G48920.1	19.9	2
128705	3702.AT3G20050.1	122	7
134818	3702.AT4G27440.1	190	10
136433	3702.AT5G03300.1	37.2	2
139102	3702.AT5G35970.1	6.26	1
121517	3702.AT1G72550.1	57.3	5
137450	3702.AT5G13650.2	530	35
142511	3702.ATCG00020.1	25280	669
118657	3702.AT1G34000.1	200	4
130129	3702.AT3G45245.1	231	2
127185	3702.AT3G05900.1	573	46
137897	3702.AT5G17920.1	5072	432
125656	3702.AT2G39080.1	25.8	2
139342	3702.AT5G38480.1	1503	42
134833	3702.AT4G27585.1	99.8	4
135862	3702.AT4G37000.1	351	19
142221	3702.AT5G65010.2	186	13
121247	3702.AT1G69830.1	56.6	6
115879	3702.AT1G06410.1	16.3	2
140983	3702.AT5G53480.1	118	11
122810	3702.AT2G05710.1	203	24
117464	3702.AT1G21440.1	20.8	1
119544	3702.AT1G52120.1	25.3	2
116512	3702.AT1G12240.1	11.6	1
119637	3702.AT1G53000.1	121	3
133247	3702.AT4G13430.1	92.6	10
137774	3702.AT5G16760.1	21.2	1
129015	3702.AT3G22890.1	224	11
119574	3702.AT1G52400.1	595	46
142531	3702.ATCG00340.1	5990	349
137063	3702.AT5G09590.1	84.5	8
123572	3702.AT2G19520.1	23.9	2
141465	3702.AT5G57870.1	32.0	5
116764	3702.AT1G14610.1	157	23
119907	3702.AT1G55490.1	422	29
141159	3702.AT5G55070.1	40.0	2
130862	3702.AT3G52140.4	75.8	13
118234	3702.AT1G29660.1	306	16
141970	3702.AT5G62690.1	23.8	3
141091	3702.AT5G54430.1	43.1	1
132052	3702.AT3G63460.1	255	33
116176	3702.AT1G09210.1	9.1	1
138379	3702.AT5G23120.1	1232	95
137435	3702.AT5G13490.1	49.1	2
117562	3702.AT1G22300.1	540	20
135696	3702.AT4G35450.5	153	6
117337	3702.AT1G20200.1	81.6	4
127973	3702.AT3G13490.1	12.0	1
136671	3702.AT5G05520.1	14.9	1
131018	3702.AT3G53580.1	124	9
121623	3702.AT1G73600.2	18.6	1
115604	3702.AT1G03870.1	96.3	3
126572	3702.AT2G47610.1	90.1	2
130474	3702.AT3G48560.1	15.9	2
119183	3702.AT1G48520.1	56.9	4
119438	3702.AT1G51110.1	84.7	3
116419	3702.AT1G11430.1	129	3
132197	3702.AT4G01100.2	18.4	1
116807	3702.AT1G14980.1	99.8	1
121114	3702.AT1G68590.1	829	12
138757	3702.AT5G26860.1	24.0	3
130242	3702.AT3G46350.1	13.0	1
129500	3702.AT3G27240.1	37.4	2
117890	3702.AT1G26230.1	11.4	1
133986	3702.AT4G19710.2	22.6	3
117725	3702.AT1G23900.1	18.3	1
140981	3702.AT5G53460.1	146	49
136193	3702.AT5G01010.2	18.9	1
125964	3702.AT2G41840.1	1242	33
115339	3702.AT1G01320.1	104	32
128245	3702.AT3G15840.1	21.3	2
116711	3702.AT1G14150.1	18.0	1
129189	3702.AT3G24430.1	7.73	1
131194	3702.AT3G55260.1	66.1	4
129096	3702.AT3G23600.1	279	10
131141	3702.AT3G54800.1	5.62	1
134405	3702.AT4G23600.1	586	36
129605	3702.AT3G28200.1	72.7	3
126492	3702.AT2G46820.1	1185	18
116687	3702.AT1G13900.1	8.27	1
116103	3702.AT1G08490.1	86.3	3
142289	3702.AT5G65620.1	65.3	8
124692	3702.AT2G30200.1	417	27
137520	3702.AT5G14320.1	61.5	2
142562	3702.ATCG00730.1	663	13
122854	3702.AT2G06850.1	739	32
141231	3702.AT5G55730.1	202	14
142564	3702.ATCG00750.1	373	6
120882	3702.AT1G66430.1	67.1	4
136507	3702.AT5G03940.1	173	15
115585	3702.AT1G03680.1	557	19
124773	3702.AT2G30950.1	399	37
132280	3702.AT4G01870.1	258	20
142090	3702.AT5G63840.1	30.0	4
139336	3702.AT5G38430.1	2395	57
122093	3702.AT1G78140.1	26.2	2
116236	3702.AT1G09750.1	23.7	1
128813	3702.AT3G21060.1	16.4	1
134359	3702.AT4G23180.1	44.0	5
128312	3702.AT3G16470.1	243	15
140793	3702.AT5G51720.1	44.6	1
128699	3702.AT3G20000.1	156	6
116511	3702.AT1G12230.2	54.8	3
120113	3702.AT1G58290.1	9.3	1
139170	3702.AT5G36790.1	1125	98
126304	3702.AT2G45060.1	34.6	1
126245	3702.AT2G44490.1	9.28	1
141876	3702.AT5G61780.1	142	24
142598	3702.ATCG01310.1	1292	54
123086	3702.AT2G14170.1	110	4
120794	3702.AT1G65590.1	9.59	1
125523	3702.AT2G37790.1	34.7	1
139176	3702.AT5G36880.2	6.97	1
126041	3702.AT2G42590.3	1331	36
117000	3702.AT1G16880.1	1614	53
118238	3702.AT1G29700.1	105	6
133312	3702.AT4G14030.1	21.6	2
138424	3702.AT5G23540.1	116	5
135660	3702.AT4G35100.1	404	11
125762	3702.AT2G40060.1	127	1
119052	3702.AT1G47260.1	351	10
121419	3702.AT1G71500.1	932	44
116154	3702.AT1G09020.1	14.1	1
124553	3702.AT2G28800.1	141	6
118258	3702.AT1G29900.1	561	77
127466	3702.AT3G08943.1	9.07	1
125262	3702.AT2G35410.1	831	29
142092	3702.AT5G63860.1	15.7	1
117612	3702.AT1G22840.1	64.3	1
116982	3702.AT1G16720.1	112	11
139750	3702.AT5G42310.1	9.29	1
128310	3702.AT3G16450.1	328	16
128234	3702.AT3G15730.1	252	30
124072	3702.AT2G24270.4	662	36
121269	3702.AT1G70070.1	33.0	6
126231	3702.AT2G44350.2	86.3	5
117046	3702.AT1G17290.1	26.1	1
121452	3702.AT1G71920.2	33.3	3
138311	3702.AT5G22510.1	17.0	2
133511	3702.AT4G15545.1	34.9	2
134350	3702.AT4G23100.1	17.4	1
135485	3702.AT4G33500.1	34.3	2
121763	3702.AT1G74910.1	54.2	4
128580	3702.AT3G18890.1	777	74
120172	3702.AT1G59700.1	29.8	1
136139	3702.AT4G39690.1	49.2	4
130516	3702.AT3G48990.1	578	34
118893	3702.AT1G42970.1	4442	317
115783	3702.AT1G05560.1	19.1	2
129938	3702.AT3G43300.1	49.2	10
136606	3702.AT5G04900.1	16.2	1
116469	3702.AT1G11860.1	2244	132
118329	3702.AT1G30580.1	54.3	3
121526	3702.AT1G72640.1	84.0	3
121568	3702.AT1G73060.1	308	19
135549	3702.AT4G34090.3	27.0	2
128331	3702.AT3G16640.1	270	11
133215	3702.AT4G13180.1	89.1	3
132139	3702.AT4G00620.1	155	4
116990	3702.AT1G16800.1	4.83	1
135846	3702.AT4G36870.1	10.5	1
131255	3702.AT3G55800.1	2516	124
124334	3702.AT2G26740.1	91.5	4
117757	3702.AT1G24180.1	43.9	2
116894	3702.AT1G15820.1	2635	80
115568	3702.AT1G03475.1	297	15
134045	3702.AT4G20260.4	2227	37
124726	3702.AT2G30520.1	24.6	2
118908	3702.AT1G43170.1	1071	37
138458	3702.AT5G23890.1	97.9	7
140411	3702.AT5G48230.2	110	4
124383	3702.AT2G27190.1	26.0	1
117987	3702.AT1G27090.1	39.5	3
136098	3702.AT4G39260.1	182	7
142530	3702.ATCG00330.1	220	2
140261	3702.AT5G46860.1	35.8	1
125221	3702.AT2G35030.1	15.3	1
134783	3702.AT4G27090.1	415	4
115314	3702.AT1G01090.1	97.1	5
125259	3702.AT2G35370.1	472	9
123774	3702.AT2G21330.1	3406	150
137159	3702.AT5G10470.2	135	22
142432	3702.AT5G66910.1	7.82	1
142518	3702.ATCG00130.1	2955	51
125521	3702.AT2G37770.2	69.9	2
141676	3702.AT5G59880.1	231	6
134931	3702.AT4G28430.1	9.18	1
137840	3702.AT5G17380.1	27.0	3
125520	3702.AT2G37760.1	62.3	3
132638	3702.AT4G05530.1	89.0	2
123160	3702.AT2G15290.1	147	6
128485	3702.AT3G18060.1	13.6	1
142523	3702.ATCG00180.1	9.56	1
119738	3702.AT1G53850.1	56.3	2
127429	3702.AT3G08590.1	136	10
136612	3702.AT5G04960.1	22.8	1
140355	3702.AT5G47690.3	4.9	1
125464	3702.AT2G37220.1	2056	61
119765	3702.AT1G54090.1	12.3	1
126692	3702.AT3G01480.1	661	32
116352	3702.AT1G10760.1	271	49
129439	3702.AT3G26720.1	5.22	1
119737	3702.AT1G53840.1	10.1	1
141530	3702.AT5G58470.1	18.6	1
127520	3702.AT3G09440.1	335	36
127053	3702.AT3G04790.1	1657	49
130284	3702.AT3G46740.1	82.5	11
127655	3702.AT3G10670.1	299	11
130829	3702.AT3G51840.1	71.3	4
136616	3702.AT5G05000.1	118	4
122865	3702.AT2G07050.1	4.73	1
138553	3702.AT5G24710.1	9.27	1
125159	3702.AT2G34430.1	88.8	2
128741	3702.AT3G20390.1	507	18
126169	3702.AT2G43790.1	23.0	1
119818	3702.AT1G54580.1	194	2
136617	3702.AT5G05010.1	23.1	1
116208	3702.AT1G09500.1	41.0	2
137157	3702.AT5G10450.4	723	24
136236	3702.AT5G01410.1	467	13
134528	3702.AT4G24750.1	245	7
140921	3702.AT5G52920.1	70.6	4
121770	3702.AT1G74970.1	975	23
117018	3702.AT1G17050.1	64.7	2
129663	3702.AT3G28715.1	70.0	3
131153	3702.AT3G54890.1	3038	65
116879	3702.AT1G15690.1	1495	123
122740	3702.AT2G04690.1	31.6	1
119664	3702.AT1G53240.1	1418	51
136529	3702.AT5G04140.2	3872	867
138845	3702.AT5G27770.1	319	4
121803	3702.AT1G75330.1	132	6
127139	3702.AT3G05530.1	83.2	3
131834	3702.AT3G61440.1	646	40
137597	3702.AT5G15090.1	1890	54
120714	3702.AT1G64860.1	20.6	2
129438	3702.AT3G26710.1	164	2
131837	3702.AT3G61470.1	2691	61
131403	3702.AT3G57260.1	92.8	3
125936	3702.AT2G41560.1	58.5	5
131232	3702.AT3G55610.1	63.2	5
123345	3702.AT2G17340.1	11.0	1
136695	3702.AT5G05740.1	91.2	4
117655	3702.AT1G23190.1	80.7	8
133073	3702.AT4G11820.2	35.8	2
127657	3702.AT3G10690.1	19.0	2
138944	3702.AT5G28840.1	395	20
126042	3702.AT2G42600.1	866	107
120516	3702.AT1G63000.1	94.5	4
116027	3702.AT1G07820.1	221	12
115745	3702.AT1G05190.1	502	13
129316	3702.AT3G25660.1	93.2	5
130029	3702.AT3G44310.1	164	9
119369	3702.AT1G50430.1	27.7	1
123593	3702.AT2G19730.1	493	5
131938	3702.AT3G62360.1	28.7	7
116584	3702.AT1G12900.1	1672	74
119371	3702.AT1G50450.1	23.9	1
126428	3702.AT2G46280.1	58.7	2
130872	3702.AT3G52230.1	191	2
130487	3702.AT3G48690.1	226	8
135962	3702.AT4G37930.1	2779	155
140255	3702.AT5G46800.1	575	33
128609	3702.AT3G19170.1	495	81
120088	3702.AT1G58080.1	120	3
115970	3702.AT1G07320.1	1695	58
116221	3702.AT1G09620.1	228	37
138680	3702.AT5G26000.1	2954	270
135433	3702.AT4G33010.1	1992	307
122820	3702.AT2G05830.1	34.2	2
126758	3702.AT3G02090.2	358	29
132389	3702.AT4G02770.1	492	12
128366	3702.AT3G16950.2	13.6	1
126210	3702.AT2G44160.1	85.3	7
120360	3702.AT1G61520.1	3744	59
135649	3702.AT4G35000.1	1302	41
115359	3702.AT1G01500.1	22.4	1
118182	3702.AT1G29150.1	34.3	2
138609	3702.AT5G25265.1	37.6	2
138156	3702.AT5G20290.1	2221	47
139160	3702.AT5G36700.1	1125	98
120752	3702.AT1G65230.1	21.7	1
125769	3702.AT2G40100.1	169	4
130319	3702.AT3G47070.1	133	2
126584	3702.AT2G47730.1	852	23
133270	3702.AT4G13640.2	80.4	3
116436	3702.AT1G11580.1	111	11
134782	3702.AT4G27080.2	12.9	1
124959	3702.AT2G32640.1	7.01	1
129552	3702.AT3G27690.1	655	6
140417	3702.AT5G48300.1	421	28
128192	3702.AT3G15360.1	162	6
140304	3702.AT5G47210.1	48.9	2
119554	3702.AT1G52220.1	157	2
133273	3702.AT4G13670.1	21.5	1
136273	3702.AT5G01750.2	160	5
133659	3702.AT4G16760.1	72.4	8
122539	3702.AT2G02560.1	24.4	4
126882	3702.AT3G03250.1	204	16
131418	3702.AT3G57410.1	4.78	1
135596	3702.AT4G34490.1	33.6	2
137786	3702.AT5G16880.1	31.2	1
118746	3702.AT1G35160.2	211	5
131420	3702.AT3G57430.1	11.6	1
134185	3702.AT4G21650.1	41.7	6
134545	3702.AT4G24930.1	27.6	1
125505	3702.AT2G37620.1	15.8	2
130592	3702.AT3G49680.1	69.5	3
141264	3702.AT5G56030.2	21.2	3
127603	3702.AT3G10220.1	40.7	1
126801	3702.AT3G02490.1	12.6	1
131676	3702.AT3G59970.3	369	33
121478	3702.AT1G72160.1	41.7	3
142027	3702.AT5G63190.1	15.6	2
117106	3702.AT1G17880.1	190	2
138816	3702.AT5G27470.1	122	6
120677	3702.AT1G64520.1	307	15
132561	3702.AT4G04870.1	14.6	1
120970	3702.AT1G67280.1	464	32
138742	3702.AT5G26742.2	250	32
132780	3702.AT4G09000.2	1376	43
139805	3702.AT5G42790.1	35.1	2
130719	3702.AT3G50820.1	1277	54
131107	3702.AT3G54460.1	3.66	1
134568	3702.AT4G25130.1	389	9
126557	3702.AT2G47470.1	88.0	4
127971	3702.AT3G13470.1	199	13
115543	3702.AT1G03230.1	70.1	4
130396	3702.AT3G47860.1	119	6
123728	3702.AT2G20890.1	567	22
116109	3702.AT1G08550.1	73.5	3
125727	3702.AT2G39770.1	21.3	1
135966	3702.AT4G37980.1	67.5	3
136115	3702.AT4G39460.1	160	6
141561	3702.AT5G58770.1	17.3	1
138521	3702.AT5G24400.1	78.4	3
121248	3702.AT1G69840.1	71.9	3
125568	3702.AT2G38230.1	1039	37
131438	3702.AT3G57610.1	234	13
140093	3702.AT5G45280.2	34.3	2
138753	3702.AT5G26830.1	94.2	7
126773	3702.AT3G02230.1	53.5	3
123639	3702.AT2G20190.1	3.94	1
136068	3702.AT4G38970.1	19472	679
129953	3702.AT3G43520.1	26.3	1
137577	3702.AT5G14910.1	203	3
131284	3702.AT3G56090.1	38.6	1
135631	3702.AT4G34830.1	4.77	1
131492	3702.AT3G58140.1	84.3	6
142549	3702.ATCG00580.1	637	5
122025	3702.AT1G77510.1	299	24
141128	3702.AT5G54770.1	976	56
133837	3702.AT4G18370.1	19.6	2
115313	3702.AT1G01080.2	368	21
130925	3702.AT3G52750.1	24.0	1
142388	3702.AT5G66530.1	326	20
132406	3702.AT4G02930.1	31.9	2
122162	3702.AT1G78830.1	333	21
141316	3702.AT5G56500.1	74.4	5
125034	3702.AT2G33280.1	30.0	1
137428	3702.AT5G13420.1	99.7	7
127753	3702.AT3G11560.2	22.6	2
125858	3702.AT2G40890.1	7.82	1
141017	3702.AT5G53780.1	11.7	1
120060	3702.AT1G57720.1	216	10
138155	3702.AT5G20280.1	38.8	5
123655	3702.AT2G20360.1	114	6
116571	3702.AT1G12800.1	150	9
122451	3702.AT2G01690.2	7.15	1
129078	3702.AT3G23400.1	2447	73
132809	3702.AT4G09320.1	366	11
137299	3702.AT5G11810.1	21.2	1
119007	3702.AT1G45145.1	152	3
128977	3702.AT3G22520.1	83.7	7
130239	3702.AT3G46320.1	221	12
131992	3702.AT3G62900.1	4.66	1
118886	3702.AT1G42550.1	114	12
131101	3702.AT3G54400.1	346	12
136439	3702.AT5G03350.1	94.1	3
134017	3702.AT4G19990.2	121	9
131410	3702.AT3G57330.1	12.1	1
116190	3702.AT1G09340.1	4552	271
126594	3702.AT2G47840.1	22.3	1
127537	3702.AT3G09630.1	221	11
142541	3702.ATCG00500.1	27.3	2
130783	3702.AT3G51420.1	26.3	1
127415	3702.AT3G08010.1	38.7	1
142386	3702.AT5G66510.2	255	5
137492	3702.AT5G14040.1	524	25
132499	3702.AT4G04020.1	1610	86
134515	3702.AT4G24620.1	187	14
121235	3702.AT1G69740.1	244	13
127480	3702.AT3G09050.1	104	2
128045	3702.AT3G14067.1	261	23
132718	3702.AT4G08390.1	849	33
142062	3702.AT5G63570.1	333	19
131972	3702.AT3G62700.1	11.0	2
127832	3702.AT3G12290.1	61.7	3
127947	3702.AT3G13300.1	9.37	2
120249	3702.AT1G60550.1	41.9	3
134056	3702.AT4G20360.1	5016	360
141420	3702.AT5G57490.1	105	3
119016	3702.AT1G45201.1	21.9	2
128023	3702.AT3G13870.1	8.91	1
134764	3702.AT4G26910.1	111	6
136754	3702.AT5G06290.1	183	8
118660	3702.AT1G34030.1	513	16
139361	3702.AT5G38660.2	57.1	3
126943	3702.AT3G03780.1	248	21
129364	3702.AT3G26060.2	996	26
115470	3702.AT1G02560.1	83.4	5
127238	3702.AT3G06350.1	88.7	11
128022	3702.AT3G13860.1	27.6	2
125601	3702.AT2G38540.1	1268	6
139660	3702.AT5G41520.1	90.2	2
129557	3702.AT3G27740.1	18.3	1
141521	3702.AT5G58390.1	22.0	1
133934	3702.AT4G19170.1	230	17
133198	3702.AT4G13010.1	305	10
115438	3702.AT1G02280.1	199	8
135242	3702.AT4G31300.2	89.9	2
126397	3702.AT2G45960.3	1015	35
137548	3702.AT5G14590.1	58.6	4
123606	3702.AT2G19860.1	27.1	2
138514	3702.AT5G24350.2	4.2	2
119194	3702.AT1G48610.1	217	4
136871	3702.AT5G07440.1	182	8
127465	3702.AT3G08940.2	858	36
117499	3702.AT1G21750.1	485	40
121320	3702.AT1G70570.2	10.9	1
129954	3702.AT3G43540.1	157	5
116149	3702.AT1G08980.1	62.8	4
135659	3702.AT4G35090.1	2566	134
119192	3702.AT1G48600.2	33.9	2
121936	3702.AT1G76680.2	79.3	3
137148	3702.AT5G10360.1	569	11
119533	3702.AT1G51980.1	58.9	2
120863	3702.AT1G66250.1	39.0	2
124969	3702.AT2G32730.1	89.2	9
135007	3702.AT4G29120.1	28.5	2
122751	3702.AT2G04842.1	23.1	3
121745	3702.AT1G74730.1	83.5	2
137800	3702.AT5G17020.1	18.6	2
134412	3702.AT4G23670.1	911	19
127860	3702.AT3G12580.1	60.3	6
132501	3702.AT4G04040.1	21.6	2
133290	3702.AT4G13850.1	149	3
128770	3702.AT3G20640.1	27.6	1
129416	3702.AT3G26520.1	4399	39
134533	3702.AT4G24800.1	32.1	3
121573	3702.AT1G73110.1	155	6
140582	3702.AT5G49760.1	12.9	2
134410	3702.AT4G23650.1	38.8	2
131666	3702.AT3G59870.1	24.2	1
135120	3702.AT4G30140.1	49.7	3
118493	3702.AT1G32220.1	444	19
116303	3702.AT1G10370.1	1028	23
132101	3702.AT4G00300.1	8.21	1
134429	3702.AT4G23850.1	55.9	3
131178	3702.AT3G55120.1	132	7
139086	3702.AT5G35790.1	9.51	1
133888	3702.AT4G18810.2	38.6	2
132781	3702.AT4G09010.1	2582	98
135348	3702.AT4G32260.1	718	26
120196	3702.AT1G59900.1	93.9	4
132170	3702.AT4G00893.1	43.9	1
123827	3702.AT2G21870.1	620	17
127760	3702.AT3G11630.1	933	37
139722	3702.AT5G42080.1	35.9	3
124851	3702.AT2G31610.1	196	6
139448	3702.AT5G39510.1	90.1	3
122416	3702.AT2G01350.1	24.3	1
131002	3702.AT3G53420.1	296	9
137423	3702.AT5G13370.1	13.9	2
136325	3702.AT5G02240.1	1372	31
125953	3702.AT2G41740.1	4.96	1
115947	3702.AT1G07110.1	45.1	6
127683	3702.AT3G10920.1	93.6	3
142213	3702.AT5G64940.1	78.7	7
122141	3702.AT1G78630.1	313	8
142604	3702.ATMG00070.1	18.1	1
139676	3702.AT5G41670.1	42.5	2
124338	3702.AT2G26780.1	3.03	1
117709	3702.AT1G23740.1	1509	87
119906	3702.AT1G55480.1	1685	74
123754	3702.AT2G21160.1	220	3
118496	3702.AT1G32240.1	47.3	1
136032	3702.AT4G38600.1	3.91	1
130183	3702.AT3G45780.1	22.6	4
122319	3702.AT1G80380.2	217	16
125946	3702.AT2G41680.1	165	11
133572	3702.AT4G16060.1	39.6	2
129198	3702.AT3G24503.1	52.8	4
127768	3702.AT3G11710.1	24.0	2
141793	3702.AT5G60980.2	39.6	2
121177	3702.AT1G69200.1	9.55	1
115581	3702.AT1G03630.1	172	11
128306	3702.AT3G16420.1	762	25
142348	3702.AT5G66140.1	137	4
128030	3702.AT3G13920.2	44.0	4
121340	3702.AT1G70770.1	21.4	2
139059	3702.AT5G35590.1	75.1	3
132604	3702.AT4G05180.1	1560	50
121756	3702.AT1G74850.1	24.5	2
136256	3702.AT5G01600.1	289	8
126380	3702.AT2G45790.1	111	4
136079	3702.AT4G39080.1	269	22
126725	3702.AT3G01780.1	4.46	1
130596	3702.AT3G49720.1	34.1	1
124293	3702.AT2G26340.2	41.7	1
136175	3702.AT4G39970.1	242	12
140596	3702.AT5G49910.1	607	47
137698	3702.AT5G16050.1	217	5
128828	3702.AT3G21200.1	33.2	2
129751	3702.AT3G29560.1	61.1	1
135125	3702.AT4G30190.2	55.5	8
119612	3702.AT1G52760.1	27.2	2
131290	3702.AT3G56150.1	133	19
118192	3702.AT1G29250.1	117	1
119501	3702.AT1G51710.1	41.9	3
117417	3702.AT1G20950.1	20.6	2
138000	3702.AT5G18860.1	5.23	1
135000	3702.AT4G29060.1	2574	242
120469	3702.AT1G62570.1	9.42	1
134724	3702.AT4G26530.1	2164	99
115660	3702.AT1G04420.1	255	20
117317	3702.AT1G20010.1	129	10
138590	3702.AT5G25090.1	201	6
124155	3702.AT2G25060.1	34.8	1
137563	3702.AT5G14740.1	3049	188
130116	3702.AT3G45140.1	1524	188
121017	3702.AT1G67730.1	33.6	1
117669	3702.AT1G23310.1	694	47
140561	3702.AT5G49555.1	10.3	1
131299	3702.AT3G56240.1	408	6
116823	3702.AT1G15130.1	16.4	2
123489	3702.AT2G18710.1	34.1	1
128642	3702.AT3G19480.1	45.0	4
139825	3702.AT5G42950.1	3.22	1
135567	3702.AT4G34240.1	12.2	1
122677	3702.AT2G04030.1	845	92
123868	3702.AT2G22250.2	19.1	1
126980	3702.AT3G04120.1	958	24
137608	3702.AT5G15200.1	999	13
132025	3702.AT3G63190.1	220	6
120755	3702.AT1G65260.1	1329	55
134177	3702.AT4G21580.1	143	7
137874	3702.AT5G17710.2	741	18
141110	3702.AT5G54600.1	321	8
123046	3702.AT2G13540.1	8.65	1
132914	3702.AT4G10320.1	67.5	11
137880	3702.AT5G17770.1	89.5	3
131211	3702.AT3G55440.1	2898	116
139831	3702.AT5G42980.1	443	9
129276	3702.AT3G25230.2	70.8	4
124440	3702.AT2G27720.2	399	2
137270	3702.AT5G11520.1	52.5	4
126217	3702.AT2G44210.2	19.1	1
134605	3702.AT4G25450.1	32.7	3
138040	3702.AT5G19220.1	95.0	7
125540	3702.AT2G37970.1	137	4
119786	3702.AT1G54270.1	13.6	1
120598	3702.AT1G63770.5	689	75
134935	3702.AT4G28470.1	8.83	1
122189	3702.AT1G79040.1	1812	21
119511	3702.AT1G51805.1	25.9	2
126805	3702.AT3G02520.1	327	8
133379	3702.AT4G14490.1	57.9	2
136389	3702.AT5G02870.1	289	12
128932	3702.AT3G22120.1	220	3
126458	3702.AT2G46520.1	7.39	1
142557	3702.ATCG00680.1	57546	2441
125651	3702.AT2G39020.1	30.7	1
132446	3702.AT4G03280.1	1358	44
126165	3702.AT2G43750.1	1130	89
123269	3702.AT2G16600.1	105	3
138224	3702.AT5G20990.1	19.6	2
124136	3702.AT2G24820.1	42.9	2
125017	3702.AT2G33150.1	250	15
132844	3702.AT4G09670.1	164	10
116466	3702.AT1G11820.2	11.8	1
135133	3702.AT4G30270.1	85.9	4
133132	3702.AT4G12390.1	24.1	1
134280	3702.AT4G22485.1	638	13
132218	3702.AT4G01310.1	1384	50
142521	3702.ATCG00160.1	204	4
119305	3702.AT1G49750.1	158	11
117275	3702.AT1G19570.1	228	6
116569	3702.AT1G12780.1	46.9	3
117284	3702.AT1G19670.1	180	5
115623	3702.AT1G04040.1	34.6	1
119669	3702.AT1G53280.1	35.3	3
128482	3702.AT3G18035.1	46.0	1
119306	3702.AT1G49760.1	33.4	2
135506	3702.AT4G33680.1	533	25
130353	3702.AT3G47470.1	5838	173
129865	3702.AT3G32980.1	104	5
136017	3702.AT4G38460.1	17.0	1
133337	3702.AT4G14210.1	10.8	1
140891	3702.AT5G52640.1	55.6	5
138105	3702.AT5G19820.1	136	22
137771	3702.AT5G16730.1	11.6	1
123352	3702.AT2G17420.1	111	6
127557	3702.AT3G09820.1	398	14
128412	3702.AT3G17390.1	67.4	5
136862	3702.AT5G07350.2	159	22
117023	3702.AT1G17100.1	34.4	1
137768	3702.AT5G16710.1	406	10
133429	3702.AT4G14880.1	1451	71
135127	3702.AT4G30210.1	14.8	2
130199	3702.AT3G45930.1	221	12
117032	3702.AT1G17170.1	56.7	1
130507	3702.AT3G48890.1	615	8
118823	3702.AT1G36160.1	5.94	2
139871	3702.AT5G43330.1	40.4	1
137514	3702.AT5G14260.1	14.2	1
125307	3702.AT2G35800.1	10.1	1
138073	3702.AT5G19510.1	1529	26
142534	3702.ATCG00380.1	213	4
119165	3702.AT1G48350.1	449	8
142524	3702.ATCG00190.1	23.8	4
118334	3702.AT1G30630.1	128	7
123541	3702.AT2G19190.1	8.13	1
121769	3702.AT1G74960.1	23.9	1
130089	3702.AT3G44880.1	37.3	4
141602	3702.AT5G59150.1	173	2
123414	3702.AT2G17980.1	9.52	1
118392	3702.AT1G31180.1	163	5
128638	3702.AT3G19440.1	14.9	1
126675	3702.AT3G01340.1	15.1	1
121695	3702.AT1G74230.1	277	4
123337	3702.AT2G17265.1	256	9
125815	3702.AT2G40490.1	748	34
127556	3702.AT3G09810.1	47.6	2
126383	3702.AT2G45820.1	1158	11
139727	3702.AT5G42130.1	22.0	1
134804	3702.AT4G27320.1	87.2	4
133739	3702.AT4G17520.1	36.7	1
135302	3702.AT4G31840.1	40.0	1
126687	3702.AT3G01440.1	83.3	1
126087	3702.AT2G43030.1	1288	45
128733	3702.AT3G20320.1	34.3	2
129883	3702.AT3G42170.1	22.6	3
131115	3702.AT3G54540.1	13.9	1
135287	3702.AT4G31700.1	651	12
127841	3702.AT3G12390.1	136	5
126050	3702.AT2G42690.1	205	9
142496	3702.AT5G67500.2	385	17
119972	3702.AT1G56070.1	1915	262
117654	3702.AT1G23180.1	9.39	1
131288	3702.AT3G56130.1	93.8	2
120908	3702.AT1G66670.1	673	23
126549	3702.AT2G47390.1	379	45
117484	3702.AT1G21640.2	5.91	1
125548	3702.AT2G38040.1	304	29
134563	3702.AT4G25080.1	557	34
127140	3702.AT3G05540.1	44.2	1
118522	3702.AT1G32470.1	187	4
132566	3702.AT4G04910.1	24.4	3
124762	3702.AT2G30870.1	111	4
139546	3702.AT5G40450.1	24.2	9
115491	3702.AT1G02780.1	3488	18
125025	3702.AT2G33210.1	102	6
124243	3702.AT2G25830.1	235	6
125383	3702.AT2G36530.1	1535	95
130951	3702.AT3G52990.1	79.7	5
128380	3702.AT3G17100.1	189	2
132325	3702.AT4G02230.1	366	3
115931	3702.AT1G06950.1	659	114
131755	3702.AT3G60750.1	11774	1313
119585	3702.AT1G52510.1	426	24
122033	3702.AT1G77590.1	12.8	1
130619	3702.AT3G49910.1	354	4
141184	3702.AT5G55280.1	192	11
133852	3702.AT4G18480.1	286	18
131671	3702.AT3G59920.1	27.2	2
138822	3702.AT5G27540.1	36.2	3
138505	3702.AT5G24300.1	38.2	3
138912	3702.AT5G28500.1	178	10
121850	3702.AT1G75820.1	14.3	2
138057	3702.AT5G19370.1	108	6
133213	3702.AT4G13160.1	24.4	1
131913	3702.AT3G62120.1	144	12
118460	3702.AT1G31860.1	98.4	3
137708	3702.AT5G16150.1	30.4	2
131787	3702.AT3G61050.1	51.4	3
133258	3702.AT4G13550.1	16.8	2
131815	3702.AT3G61260.1	997	8
132763	3702.AT4G08870.1	403	19
121051	3702.AT1G68010.2	5928	273
123568	3702.AT2G19480.1	323	8
122861	3702.AT2G06990.1	5.76	1
122207	3702.AT1G79230.1	14.5	1
139347	3702.AT5G38530.1	8.91	1
126501	3702.AT2G46910.1	334	12
142527	3702.ATCG00270.1	45936	1324
131127	3702.AT3G54660.1	185	10
135159	3702.AT4G30530.1	134	4
119215	3702.AT1G48830.1	1058	10
135892	3702.AT4G37270.1	12.5	1
121390	3702.AT1G71220.2	8.73	2
141098	3702.AT5G54500.2	47.7	1
124010	3702.AT2G23600.1	110	5
126003	3702.AT2G42210.2	70.1	1
130408	3702.AT3G48000.1	108	7
123689	3702.AT2G20610.1	41.5	2
116008	3702.AT1G07660.1	221	12
130105	3702.AT3G45030.1	30.1	1
133176	3702.AT4G12800.1	3389	85
141219	3702.AT5G55610.1	24.1	1
142567	3702.ATCG00780.1	200	3
140082	3702.AT5G45170.1	177	12
137856	3702.AT5G17530.3	57.1	4
135369	3702.AT4G32420.1	61.4	1
139798	3702.AT5G42740.1	89.5	10
132122	3702.AT4G00460.2	16.3	1
119172	3702.AT1G48410.2	41.8	6
123233	3702.AT2G16220.1	19.8	1
131170	3702.AT3G55040.1	358	10
116039	3702.AT1G07920.1	2149	286
141514	3702.AT5G58330.1	500	32
127257	3702.AT3G06510.2	24.3	3
116205	3702.AT1G09480.1	26.1	1
141203	3702.AT5G55480.1	129	18
120939	3702.AT1G66970.2	486	49
125351	3702.AT2G36250.1	104	6
139272	3702.AT5G37850.1	36.8	2
131006	3702.AT3G53460.4	484	23
118020	3702.AT1G27400.1	53.3	1
134098	3702.AT4G20850.1	313	75
142480	3702.AT5G67360.1	24.1	5
124267	3702.AT2G26080.1	581	77
116467	3702.AT1G11840.6	458	21
118407	3702.AT1G31330.1	2327	59
138220	3702.AT5G20950.1	67.2	5
134840	3702.AT4G27640.1	7.59	1
135677	3702.AT4G35260.1	129	5
128639	3702.AT3G19450.1	33.6	2
117165	3702.AT1G18500.1	20.0	2
138126	3702.AT5G20010.1	88.5	2
135623	3702.AT4G34740.1	22.2	1
134565	3702.AT4G25100.1	1873	33
120588	3702.AT1G63660.1	13.5	1
116530	3702.AT1G12410.1	113	6
116790	3702.AT1G14810.1	584	21
122171	3702.AT1G78900.1	1462	122
142135	3702.AT5G64270.1	11.9	2
136396	3702.AT5G02940.1	89.5	8
115626	3702.AT1G04080.3	77.3	7
115884	3702.AT1G06460.1	37.9	2
142572	3702.ATCG00830.1	1292	54
131014	3702.AT3G53540.1	10.7	1
135513	3702.AT4G33760.1	30.7	2
130419	3702.AT3G48110.1	66.1	9
142555	3702.ATCG00660.1	61.3	1
124761	3702.AT2G30860.1	913	40
129962	3702.AT3G43600.1	7.4	1
128074	3702.AT3G14310.1	316	32
142569	3702.ATCG00800.1	965	26
122395	3702.AT2G01140.1	450	17
135555	3702.AT4G34138.1	8.78	1
123767	3702.AT2G21250.1	336	9
118617	3702.AT1G33590.1	163	9
122250	3702.AT1G79690.1	17.1	2
140478	3702.AT5G48790.1	33.8	1
123722	3702.AT2G20840.1	55.0	1
142571	3702.ATCG00820.1	135	2
120486	3702.AT1G62750.1	1697	179
117864	3702.AT1G25490.1	48.1	4
139122	3702.AT5G36230.1	32.7	2
126318	3702.AT2G45180.1	70.6	1
122165	3702.AT1G78860.1	17.1	1
140202	3702.AT5G46290.3	673	35
142172	3702.AT5G64570.1	51.3	6
138084	3702.AT5G19620.1	27.5	2
141971	3702.AT5G62700.1	23.8	3
138101	3702.AT5G19780.1	101	12
118859	3702.AT1G37130.1	64.0	9
124491	3702.AT2G28240.1	10.1	1
135676	3702.AT4G35250.1	580	39
124054	3702.AT2G24090.1	173	3
137372	3702.AT5G12860.1	80.7	9
133509	3702.AT4G15530.5	365	38
126658	3702.AT3G01280.1	629	20
127502	3702.AT3G09260.1	1175	76
120687	3702.AT1G64600.1	30.5	3
122109	3702.AT1G78300.1	732	28
116327	3702.AT1G10585.1	38.1	1
136939	3702.AT5G08080.3	46.8	1
139247	3702.AT5G37600.1	90.0	3
122341	3702.AT1G80600.1	40.5	2
119535	3702.AT1G52000.1	375	31
139580	3702.AT5G40770.1	301	8
132515	3702.AT4G04350.1	25.0	4
140104	3702.AT5G45390.1	1645	47
125414	3702.AT2G36810.1	9.37	2
130505	3702.AT3G48870.1	149	16
131715	3702.AT3G60340.1	22.5	1
135737	3702.AT4G35790.1	13.0	2
134819	3702.AT4G27450.1	51.6	3
124548	3702.AT2G28740.1	221	12
127247	3702.AT3G06435.1	231	1
133668	3702.AT4G16830.1	39.6	1
130948	3702.AT3G52960.1	473	20
132961	3702.AT4G10750.1	20.4	1
122322	3702.AT1G80410.2	64.6	8
131657	3702.AT3G59780.1	83.9	9
137448	3702.AT5G13630.1	258	57
126199	3702.AT2G44060.1	53.3	2
132350	3702.AT4G02450.1	829	11
127293	3702.AT3G06860.1	20.3	1
127272	3702.AT3G06650.1	59.6	5
119791	3702.AT1G54320.1	75.3	2
139065	3702.AT5G35630.1	6246	284
140985	3702.AT5G53490.3	109	4
127585	3702.AT3G10060.1	61.5	2
132916	3702.AT4G10340.1	6763	303
141756	3702.AT5G60640.1	181	11
140405	3702.AT5G48180.1	16.7	1
138150	3702.AT5G20230.1	37.3	1
142415	3702.AT5G66760.1	26.7	3
126188	3702.AT2G43950.1	17.1	2
128577	3702.AT3G18860.1	24.9	2
137014	3702.AT5G08740.1	61.5	5
136255	3702.AT5G01590.1	21.0	2
138200	3702.AT5G20720.1	1735	56
119822	3702.AT1G54630.1	215	2
141132	3702.AT5G54810.1	24.2	1
137358	3702.AT5G12370.1	5.62	1
130938	3702.AT3G52880.2	512	33
134763	3702.AT4G26900.1	10.8	1
132931	3702.AT4G10480.1	359	11
125854	3702.AT2G40840.1	68.0	11
136432	3702.AT5G03290.1	87.4	4
138459	3702.AT5G23900.1	674	5
142540	3702.ATCG00490.1	119170	8836
124073	3702.AT2G24280.1	40.4	1
136473	3702.AT5G03630.1	143	9
135959	3702.AT4G37910.1	323	27
117125	3702.AT1G18080.1	1051	40
123917	3702.AT2G22780.1	672	22
134735	3702.AT4G26630.1	13.2	1
138344	3702.AT5G22800.1	320	53
115603	3702.AT1G03860.1	219	7
132858	3702.AT4G09800.1	513	16
127533	3702.AT3G09580.1	21.6	1
141434	3702.AT5G57610.1	8.99	1
115646	3702.AT1G04270.1	127	3
120613	3702.AT1G63940.2	883	59
122767	3702.AT2G05070.1	1332	12
127982	3702.AT3G13580.1	186	4
120451	3702.AT1G62380.1	289	9
140452	3702.AT5G48575.1	403	1
135991	3702.AT4G38220.2	186	10
123036	3702.AT2G13360.1	2530	126
121014	3702.AT1G67700.2	182	2
131191	3702.AT3G55250.1	76.4	4
141024	3702.AT5G53850.2	67.6	4
134099	3702.AT4G20860.1	27.2	2
132907	3702.AT4G10260.1	32.6	2
119374	3702.AT1G50480.1	169	17
116355	3702.AT1G10790.1	17.3	1
125265	3702.AT2G35450.1	20.7	1
125603	3702.AT2G38550.1	142	5
141980	3702.AT5G62790.2	236	15
122744	3702.AT2G04780.1	54.7	1
127158	3702.AT3G05680.2	4.43	1
137485	3702.AT5G13980.1	82.8	12
129614	3702.AT3G28270.1	407	18
139707	3702.AT5G41950.1	39.2	3
128499	3702.AT3G18190.1	23.5	2
118151	3702.AT1G28600.1	20.5	1
140729	3702.AT5G51100.1	86.4	4
124919	3702.AT2G32240.1	168	26
131771	3702.AT3G60900.1	127	8
122631	3702.AT2G03550.1	32.4	2
129662	3702.AT3G28710.1	96.5	4
119537	3702.AT1G52040.1	96.1	5
117723	3702.AT1G23880.1	26.0	3
134940	3702.AT4G28510.1	84.6	4
139959	3702.AT5G44110.1	54.1	2
115881	3702.AT1G06430.1	144	11
130578	3702.AT3G49560.1	101	2
139053	3702.AT5G35530.1	113	1
137693	3702.AT5G16010.1	158	3
142637	3702.ATMG00510.1	44.3	3
139961	3702.AT5G44130.1	62.3	2
139017	3702.AT5G35100.1	58.3	3
128788	3702.AT3G20820.1	61.6	5
123394	3702.AT2G17790.1	21.4	2
118077	3702.AT1G27970.2	102	2
139021	3702.AT5G35170.1	148	13
131203	3702.AT3G55360.1	190	5
126694	3702.AT3G01500.2	2828	176
138064	3702.AT5G19440.1	16.8	1
133135	3702.AT4G12420.1	193	17
119757	3702.AT1G54010.1	12.0	1
128597	3702.AT3G19050.1	2.82	1
128527	3702.AT3G18420.1	83.1	2
140848	3702.AT5G52240.1	278	4
126605	3702.AT2G47940.1	63.1	5
127004	3702.AT3G04340.1	11.6	2
120705	3702.AT1G64770.3	33.6	1
136249	3702.AT5G01530.1	8818	378
126640	3702.AT3G01120.1	21.2	2
134435	3702.AT4G23890.1	80.3	3
133387	3702.AT4G14570.1	11.6	1
142577	3702.ATCG00900.1	846	14
126160	3702.AT2G43710.1	16.5	1
135057	3702.AT4G29590.1	23.7	1
139715	3702.AT5G42020.1	41.0	3
131406	3702.AT3G57290.1	41.8	2
116238	3702.AT1G09770.1	11.4	1
137795	3702.AT5G16970.1	410	20
124454	3702.AT2G27860.1	51.0	3
116514	3702.AT1G12250.1	49.8	2
138527	3702.AT5G24460.1	22.7	1
140372	3702.AT5G47860.1	76.2	3
128141	3702.AT3G14940.1	22.7	4
120951	3702.AT1G67090.1	8377	237
142532	3702.ATCG00350.1	3513	171
128262	3702.AT3G16000.1	253	19
122768	3702.AT2G05100.1	121	1
129608	3702.AT3G28220.1	1247	48
123755	3702.AT2G21170.1	2250	89
115686	3702.AT1G04640.1	19.8	1
129164	3702.AT3G24170.1	43.9	2
127391	3702.AT3G07770.1	18.2	2
129137	3702.AT3G23940.1	74.3	10
138134	3702.AT5G20080.1	140	6
124179	3702.AT2G25280.1	38.4	2
127417	3702.AT3G08030.1	235	14
134303	3702.AT4G22670.1	20.7	1
138207	3702.AT5G20830.1	8.93	1
135505	3702.AT4G33670.1	354	5
142593	3702.ATCG01240.1	846	14
134824	3702.AT4G27500.1	45.0	4
128031	3702.AT3G13930.1	192	16
124063	3702.AT2G24200.1	122	10
118801	3702.AT1G35720.1	1182	51
116700	3702.AT1G14030.1	9.48	1
138099	3702.AT5G19760.1	1239	51
122023	3702.AT1G77490.1	323	14
117132	3702.AT1G18170.1	100	4
137901	3702.AT5G17970.1	12.8	1
124599	3702.AT2G29310.1	246	4
133647	3702.AT4G16660.1	97.5	10
130046	3702.AT3G44530.1	5.35	1
142545	3702.ATCG00540.1	5492	295
125422	3702.AT2G36880.1	123	7
126263	3702.AT2G44640.1	55.6	4
138100	3702.AT5G19770.1	101	12
134136	3702.AT4G21210.1	239	8
125270	3702.AT2G35500.1	18.7	1
135545	3702.AT4G34050.1	339	12
123738	3702.AT2G20990.3	34.0	2
133090	3702.AT4G11960.1	203	6
137368	3702.AT5G12470.1	311	14
132551	3702.AT4G04770.1	10.0	1
133097	3702.AT4G12020.2	7.92	1
123807	3702.AT2G21660.1	499	17
136005	3702.AT4G38350.2	4.99	1
129350	3702.AT3G25920.1	204	10
141075	3702.AT5G54270.1	3038	43
128680	3702.AT3G19820.1	81.0	7
116470	3702.AT1G11870.2	23.1	1
124633	3702.AT2G29630.1	10.6	1
138720	3702.AT5G26600.1	21.6	1
116153	3702.AT1G09010.1	20.8	3
136124	3702.AT4G39550.1	21.9	1
140293	3702.AT5G47110.1	242	5
119835	3702.AT1G54780.1	1368	28
123645	3702.AT2G20260.1	1323	19
125755	3702.AT2G39990.1	179	7
124755	3702.AT2G30790.1	620	7
133719	3702.AT4G17340.1	166	2
124256	3702.AT2G25970.1	478	17
134530	3702.AT4G24770.1	3887	85
127445	3702.AT3G08740.1	105	4
139584	3702.AT5G40810.1	106	6
135774	3702.AT4G36130.1	31.3	1
133002	3702.AT4G11150.1	230	7
141298	3702.AT5G56350.1	23.2	1
128492	3702.AT3G18130.1	18.6	1
123988	3702.AT2G23350.1	215	11
118799	3702.AT1G35680.1	98.7	2
117318	3702.AT1G20020.1	2645	152
132202	3702.AT4G01150.1	1615	36
133809	3702.AT4G18130.1	7.76	1
141656	3702.AT5G59690.1	221	12
137903	3702.AT5G17990.1	293	12
129721	3702.AT3G29185.2	19.4	1
126376	3702.AT2G45740.1	122	4
140027	3702.AT5G44650.1	320	9
136050	3702.AT4G38800.1	139	5
125223	3702.AT2G35040.1	146	9
140635	3702.AT5G50250.1	721	14
131539	3702.AT3G58610.1	837	74
129023	3702.AT3G22960.1	24.1	3
118102	3702.AT1G28200.1	34.5	3
132360	3702.AT4G02530.1	251	8
139599	3702.AT5G40950.1	119	4
125094	3702.AT2G33800.1	2350	57
127794	3702.AT3G11945.2	39.6	2
141751	3702.AT5G60600.1	398	43
124441	3702.AT2G27730.1	852	9
131339	3702.AT3G56650.1	22.7	1
127883	3702.AT3G12780.1	13683	792
140180	3702.AT5G46070.1	9.56	1
142520	3702.ATCG00150.1	690	7
129135	3702.AT3G23920.1	15.1	1
131320	3702.AT3G56460.1	130	4
127456	3702.AT3G08850.1	5.85	1
122976	3702.AT2G10940.1	427	19
134536	3702.AT4G24820.1	61.3	3
124465	3702.AT2G28000.1	3659	268
126379	3702.AT2G45770.2	65.0	4
137764	3702.AT5G16660.1	67.0	1
126348	3702.AT2G45470.1	560	25
122405	3702.AT2G01250.1	540	12
124157	3702.AT2G25080.1	257	7
130827	3702.AT3G51820.1	23.7	1
126833	3702.AT3G02780.1	129	4
127554	3702.AT3G09790.1	19.4	1
122211	3702.AT1G79280.2	4.18	1
138216	3702.AT5G20920.1	101	3
130825	3702.AT3G51800.2	46.9	3
116638	3702.AT1G13440.1	5524	138
126831	3702.AT3G02760.1	36.3	3
121668	3702.AT1G73990.1	9.52	1
123782	3702.AT2G21410.1	24.3	2
117350	3702.AT1G20340.1	1319	8
123190	3702.AT2G15620.1	640	65
138104	3702.AT5G19810.1	267	2
141224	3702.AT5G55660.1	34.7	2
140163	3702.AT5G45930.1	43.6	4
135840	3702.AT4G36810.1	268	6
117598	3702.AT1G22700.1	33.2	1
116224	3702.AT1G09640.1	219	12
133032	3702.AT4G11420.1	119	12
130972	3702.AT3G53180.1	17.3	2
121806	3702.AT1G75350.1	544	14
120973	3702.AT1G67310.1	10.3	1
135811	3702.AT4G36530.2	38.1	2
135611	3702.AT4G34620.1	350	5
137978	3702.AT5G18660.1	39.8	3
137734	3702.AT5G16390.1	104	4
131833	3702.AT3G61430.1	198	5
141848	3702.AT5G61510.1	37.5	2
136380	3702.AT5G02790.1	38.2	1
133297	3702.AT4G13930.1	53.6	5
125876	3702.AT2G41040.1	38.4	3
128318	3702.AT3G16530.1	202	8
126933	3702.AT3G03710.1	132	16
127836	3702.AT3G12345.1	50.3	1
129573	3702.AT3G27890.1	32.4	1
136861	3702.AT5G07340.2	23.6	2
117379	3702.AT1G20630.1	13.6	1
135716	3702.AT4G35630.1	33.4	2
135435	3702.AT4G33030.1	32.4	2
137782	3702.AT5G16840.2	51.5	2
120162	3702.AT1G59610.1	38.4	5
140712	3702.AT5G50920.1	1644	138
142538	3702.ATCG00470.1	2114	34
128072	3702.AT3G14290.1	28.1	1
118637	3702.AT1G33811.1	19.2	1
135560	3702.AT4G34180.1	113	3
139742	3702.AT5G42240.1	12.5	1
132366	3702.AT4G02580.1	62.8	2
123683	3702.AT2G20580.1	115	17
142245	3702.AT5G65220.1	215	4
137567	3702.AT5G14780.1	598	29
121426	3702.AT1G71695.1	108	6
136962	3702.AT5G08300.1	90.1	3
135085	3702.AT4G29840.1	156	11
128396	3702.AT3G17240.1	110	9
121678	3702.AT1G74070.1	146	6
140586	3702.AT5G49810.1	58.6	11
120707	3702.AT1G64790.2	15.6	7
118393	3702.AT1G31190.1	115	6
130568	3702.AT3G49470.1	651	23
140876	3702.AT5G52520.1	51.6	6
121981	3702.AT1G77090.1	51.7	2
134993	3702.AT4G29010.1	92.2	7
134382	3702.AT4G23400.1	196	8
133298	3702.AT4G13940.1	739	26
119173	3702.AT1G48420.1	15.8	1
134482	3702.AT4G24280.1	817	66
134698	3702.AT4G26300.1	15.2	1
129408	3702.AT3G26450.1	47.0	1
137819	3702.AT5G17190.1	142	1
138736	3702.AT5G26710.1	46.0	3
128362	3702.AT3G16910.1	62.1	3
137070	3702.AT5G09660.4	5121	187
116239	3702.AT1G09780.1	142	11
131167	3702.AT3G55010.1	201	8
131903	3702.AT3G62030.2	1980	72
126964	3702.AT3G03960.1	343	25
125469	3702.AT2G37270.1	29.1	1
120193	3702.AT1G59870.1	101	18
128734	3702.AT3G20330.1	16.1	1
137396	3702.AT5G13110.1	23.1	2
138832	3702.AT5G27640.2	10.3	1
132785	3702.AT4G09040.1	219	9
123836	3702.AT2G21960.1	353	16
135884	3702.AT4G37200.1	103	6
120002	3702.AT1G56340.1	143	8
125162	3702.AT2G34460.1	866	23
132336	3702.AT4G02330.1	12.6	1
132537	3702.AT4G04640.1	3388	188
123926	3702.AT2G22830.1	16.0	1
116106	3702.AT1G08520.1	314	25
134146	3702.AT4G21280.2	1864	62
118235	3702.AT1G29670.1	167	11
130493	3702.AT3G48750.1	94.5	2
124364	3702.AT2G27020.1	341	14
127922	3702.AT3G13120.1	137	3
135592	3702.AT4G34450.1	225	27
124199	3702.AT2G25450.1	42.3	3
141506	3702.AT5G58250.1	267	7
130308	3702.AT3G46960.1	4.58	1
132060	3702.AT3G63540.1	530	8
120940	3702.AT1G66980.1	30.6	5
125509	3702.AT2G37660.1	3189	112
125572	3702.AT2G38270.1	333	11
121523	3702.AT1G72610.1	74.3	1
139034	3702.AT5G35360.3	96.2	7
130288	3702.AT3G46780.1	1155	64
121277	3702.AT1G70150.1	10.7	2
138878	3702.AT5G28060.1	155	1
122328	3702.AT1G80480.1	48.8	3
132893	3702.AT4G10120.1	16.3	3
131466	3702.AT3G57890.2	14.1	1
124326	3702.AT2G26670.1	25.9	1
127120	3702.AT3G05350.1	141	12
128940	3702.AT3G22200.2	68.6	4
122114	3702.AT1G78370.1	278	9
126661	3702.AT3G01310.1	11.0	2
142528	3702.ATCG00280.1	22394	867
119132	3702.AT1G48030.1	949	59
122225	3702.AT1G79440.1	75.1	5
139115	3702.AT5G36170.1	21.7	1
116411	3702.AT1G11360.1	25.5	1
139346	3702.AT5G38520.2	63.9	3
119351	3702.AT1G50250.1	136	11
125723	3702.AT2G39730.1	34327	2095
119928	3702.AT1G55670.1	23.8	1
131529	3702.AT3G58510.1	18.3	2
142048	3702.AT5G63420.1	56.0	6
117607	3702.AT1G22780.1	513	16
132055	3702.AT3G63490.1	1668	71
123662	3702.AT2G20420.1	249	14
142566	3702.ATCG00770.1	344	6
141685	3702.AT5G59970.1	221	12
138119	3702.AT5G19940.1	21.6	1
121440	3702.AT1G71820.2	35.5	3
115907	3702.AT1G06690.1	326	18
133587	3702.AT4G16155.1	10.3	1
131161	3702.AT3G54960.1	38.6	3
125458	3702.AT2G37170.1	30.1	1
135179	3702.AT4G30720.1	10.6	1
116769	3702.AT1G14650.1	19.2	2
124423	3702.AT2G27530.1	98.7	3
133912	3702.AT4G19006.1	21.0	1
129365	3702.AT3G26070.1	191	6
120016	3702.AT1G56450.1	45.4	2
140868	3702.AT5G52440.1	20.0	1
131105	3702.AT3G54440.3	11.2	2
139905	3702.AT5G43630.1	9.25	1
125895	3702.AT2G41220.1	40.3	6
122533	3702.AT2G02500.1	89.0	6
122241	3702.AT1G79600.1	55.8	7
116916	3702.AT1G16020.1	10.4	1
137634	3702.AT5G15450.1	318	32
133316	3702.AT4G14070.1	9.61	1
115418	3702.AT1G02080.1	1.96	1
115941	3702.AT1G07040.1	26.9	2
119986	3702.AT1G56190.1	735	40
123880	3702.AT2G22400.1	12.0	1
136896	3702.AT5G07660.1	33.8	6
119674	3702.AT1G53310.1	91.1	9
129238	3702.AT3G24830.1	57.5	1
135551	3702.AT4G34110.1	94.2	6
117847	3702.AT1G25350.2	7.2	1
136828	3702.AT5G07020.1	1421	21
134505	3702.AT4G24520.1	25.1	2
116576	3702.AT1G12840.1	575	32
123878	3702.AT2G22360.1	18.5	1
119977	3702.AT1G56110.1	98.7	4
142539	3702.ATCG00480.1	14830	1360
136960	3702.AT5G08280.1	832	43
129578	3702.AT3G27925.1	431	19
124828	3702.AT2G31390.1	114	2
129166	3702.AT3G24190.1	20.8	2
139746	3702.AT5G42270.1	705	46
141440	3702.AT5G57655.2	22.6	2
115464	3702.AT1G02500.1	57.7	4
136993	3702.AT5G08540.1	80.3	3
117778	3702.AT1G24360.1	772	22
134329	3702.AT4G22890.1	616	23
121993	3702.AT1G77180.1	35.5	2
135246	3702.AT4G31340.1	26.4	1
128901	3702.AT3G21865.1	75.4	2
121336	3702.AT1G70730.3	277	27
130944	3702.AT3G52930.1	545	31
137069	3702.AT5G09650.1	905	42
127572	3702.AT3G09940.1	12.0	1
141061	3702.AT5G54160.1	102	6
117574	3702.AT1G22450.1	167	2
140821	3702.AT5G51970.1	354	18
118396	3702.AT1G31230.1	78.7	11
119045	3702.AT1G47128.1	652	21
130358	3702.AT3G47520.1	998	59
136574	3702.AT5G04590.1	548	27
139940	3702.AT5G43940.2	198	8
123395	3702.AT2G17800.1	453	7
127031	3702.AT3G04600.1	12.0	1
138213	3702.AT5G20890.1	43.6	4
142113	3702.AT5G64050.1	125	6
128188	3702.AT3G15356.1	408	17
142589	3702.ATCG01110.1	167	10
121750	3702.AT1G74790.1	24.5	2
124855	3702.AT2G31670.1	18.2	1
125370	3702.AT2G36390.1	63.8	8
128769	3702.AT3G20630.1	17.0	2
133283	3702.AT4G13780.1	18.0	2
134725	3702.AT4G26540.1	10.1	1
137088	3702.AT5G09810.1	95.6	7
118479	3702.AT1G32070.2	103	1
125269	3702.AT2G35490.1	547	21
128210	3702.AT3G15520.1	74.8	7
131697	3702.AT3G60190.1	11.4	1
141743	3702.AT5G60540.1	232	7
140704	3702.AT5G50850.1	252	13
126787	3702.AT3G02360.1	32.7	2
121349	3702.AT1G70850.1	82.8	2
121698	3702.AT1G74260.1	145	27
139220	3702.AT5G37360.1	281	10
125933	3702.AT2G41530.1	190	10
136935	3702.AT5G08050.1	502	4
122444	3702.AT2G01630.1	9.54	1
141241	3702.AT5G55830.1	21.5	1
132473	3702.AT4G03520.1	185	6
140498	3702.AT5G48960.1	15.3	2
137769	3702.AT5G16715.1	50.4	7
141929	3702.AT5G62300.1	30.1	1
116035	3702.AT1G07890.1	4676	109
124597	3702.AT2G29290.2	119	3
125732	3702.AT2G39800.1	338	29
135562	3702.AT4G34200.1	470	25
118305	3702.AT1G30360.1	360	34
140487	3702.AT5G48880.2	12.2	1
120965	3702.AT1G67230.1	49.9	5
134890	3702.AT4G28080.1	25.5	6
140302	3702.AT5G47190.1	282	2
133749	3702.AT4G17600.1	244	8
142392	3702.AT5G66570.1	1212	51
130005	3702.AT3G44100.1	291	4
138792	3702.AT5G27240.1	21.6	3
121875	3702.AT1G76080.1	990	33
126968	3702.AT3G04000.1	153	4
134480	3702.AT4G24270.2	8.29	1
131884	3702.AT3G61870.1	599	10
123770	3702.AT2G21280.1	155	6
124051	3702.AT2G24060.1	26.5	1
139119	3702.AT5G36210.1	26.3	3
137274	3702.AT5G11560.1	8.07	1
122115	3702.AT1G78380.1	595	17
139381	3702.AT5G38860.1	35.0	3
131433	3702.AT3G57560.1	366	14
119572	3702.AT1G52380.1	11.8	1
122705	3702.AT2G04280.1	29.8	2
125113	3702.AT2G34040.1	11.4	1
135405	3702.AT4G32760.2	17.0	1
123780	3702.AT2G21390.1	70.5	13
118491	3702.AT1G32200.1	16.2	1
142561	3702.ATCG00720.1	5676	180
135976	3702.AT4G38070.1	7.86	1
141510	3702.AT5G58290.1	22.0	1
115892	3702.AT1G06530.1	116	4
130766	3702.AT3G51260.1	498	13
136785	3702.AT5G06600.1	20.9	2
129875	3702.AT3G42050.1	121	8
141051	3702.AT5G54080.1	14.9	1
126806	3702.AT3G02530.1	12.0	1
134129	3702.AT4G21150.1	28.3	4
124602	3702.AT2G29340.1	235	5
128311	3702.AT3G16460.1	332	28
127195	3702.AT3G05970.1	30.4	3
128728	3702.AT3G20270.1	12.6	1
138969	3702.AT5G30510.1	833	48
125627	3702.AT2G38770.1	7.71	2
115536	3702.AT1G03160.1	16.6	2
126400	3702.AT2G45990.1	158	6
124604	3702.AT2G29360.1	37.6	1
141877	3702.AT5G61790.1	157	12
140506	3702.AT5G49030.3	24.9	6
116074	3702.AT1G08200.1	56.7	3
138701	3702.AT5G26210.1	89.0	1
127735	3702.AT3G11400.2	185	5
119809	3702.AT1G54500.1	21.5	1
124050	3702.AT2G24050.1	34.3	3
119706	3702.AT1G53580.1	127	4
119811	3702.AT1G54520.1	106	3
137144	3702.AT5G10330.1	33.3	3
137200	3702.AT5G10860.1	22.4	1
125995	3702.AT2G42130.4	497	19
116626	3702.AT1G13320.1	14.8	2
135365	3702.AT4G32380.1	9.87	1
125377	3702.AT2G36460.1	269	14
142588	3702.ATCG01100.1	478	13
139985	3702.AT5G44340.1	53.3	4
115391	3702.AT1G01800.1	393	16
117308	3702.AT1G19920.1	20.0	1
142556	3702.ATCG00670.1	538	11
142346	3702.AT5G66120.2	19.1	1
126206	3702.AT2G44120.2	437	10
137389	3702.AT5G13030.1	39.7	4
136138	3702.AT4G39680.1	8.84	1
116824	3702.AT1G15140.1	769	17
116164	3702.AT1G09130.3	473	27
132047	3702.AT3G63410.1	920	48
137437	3702.AT5G13510.1	272	5
126145	3702.AT2G43560.1	274	3
135741	3702.AT4G35830.1	310	37
141495	3702.AT5G58140.1	112	17
136083	3702.AT4G39120.1	26.9	1
126821	3702.AT3G02660.1	34.7	2
123865	3702.AT2G22230.1	109	3
136829	3702.AT5G07030.1	138	6
118478	3702.AT1G32060.1	3027	181
121346	3702.AT1G70820.1	72.6	6
122237	3702.AT1G79560.1	8.42	1
117489	3702.AT1G21680.1	26.8	3
125670	3702.AT2G39230.1	11.1	1
140001	3702.AT5G44490.1	13.3	1
126562	3702.AT2G47510.1	69.8	6
127063	3702.AT3G04870.1	39.3	3
124562	3702.AT2G28900.1	275	4
127496	3702.AT3G09200.1	999	25
127559	3702.AT3G09840.1	163	13
129273	3702.AT3G25210.1	26.4	2
142517	3702.ATCG00120.1	15938	778
127058	3702.AT3G04840.1	1828	37
124775	3702.AT2G30970.1	102	6
138353	3702.AT5G22880.1	283	3
142554	3702.ATCG00650.1	1831	6
142087	3702.AT5G63810.1	26.3	3
128147	3702.AT3G14990.1	458	26
125215	3702.AT2G34970.1	13.3	1
116959	3702.AT1G16460.2	21.6	1
140130	3702.AT5G45620.1	53.7	2
132133	3702.AT4G00570.1	86.8	8
116845	3702.AT1G15340.1	83.1	3
135406	3702.AT4G32770.1	11.2	1
135441	3702.AT4G33090.1	342	47
142046	3702.AT5G63400.1	711	23
139928	3702.AT5G43830.1	205	4
116183	3702.AT1G09270.1	18.7	1
139498	3702.AT5G39980.1	37.8	4
126291	3702.AT2G44920.2	115	4
137817	3702.AT5G17170.1	200	7
115693	3702.AT1G04690.1	240	9
131208	3702.AT3G55410.1	189	23
142445	3702.AT5G67030.1	86.1	11
142159	3702.AT5G64460.1	28.2	1
122287	3702.AT1G80070.1	4.94	2
122236	3702.AT1G79550.1	889	47
116486	3702.AT1G12000.1	114	6
130967	3702.AT3G53130.1	36.0	2
123050	3702.AT2G13560.1	9.31	1
142584	3702.ATCG01060.1	669	13
124436	3702.AT2G27680.1	326	22
117979	3702.AT1G27020.1	19.3	1
128087	3702.AT3G14415.2	914	59
118294	3702.AT1G30230.2	984	19
130303	3702.AT3G46910.1	123	6
121943	3702.AT1G76730.1	15.4	1
132273	3702.AT4G01800.2	504	83
131207	3702.AT3G55400.1	23.0	3
126874	3702.AT3G03170.1	157	3
126183	3702.AT2G43910.2	268	10
120828	3702.AT1G65930.1	1436	70
117037	3702.AT1G17220.1	360	42
141951	3702.AT5G62530.1	97.1	7
127428	3702.AT3G08580.1	1689	75
118333	3702.AT1G30620.1	18.6	1
121799	3702.AT1G75280.1	399	13
135616	3702.AT4G34670.1	1998	41
130030	3702.AT3G44320.1	23.1	1
133691	3702.AT4G17040.1	18.1	1
126810	3702.AT3G02560.1	977	9
132022	3702.AT3G63160.1	625	5
130090	3702.AT3G44890.1	568	7
132020	3702.AT3G63140.1	1251	74
126264	3702.AT2G44650.1	204	3
131294	3702.AT3G56190.1	17.6	1
117717	3702.AT1G23820.1	49.9	4
135635	3702.AT4G34870.1	197	6
126681	3702.AT3G01390.1	80.1	1
132260	3702.AT4G01690.1	138	11
