#name: E.coli - Whole organism, HCD,CID, SC (Mancuso,J-Proteomics,2012)
#score: 10.08
#weight: 30%
#description: abundance based on Spectral counting, HCD,CID, from<a href="http://www.sciencedirect.com/science/article/pii/S187439191200437X" target="_blank">Mancuso,J-Proteomics,2012</a><br/><b>Interaction consistency score</b>: 10.08&nbsp<b>Coverage</b>: 25
#organ: WHOLE_ORGANISM
#integrated: false
#coverage: 25
#publication_year: 2012
#filename: ecoli1_HCD_CID_PRIDE.txt
#
#internal_id	string_external_id	abundance	raw_spectral_count
6883949	511145.b3356	170	52
6883950	511145.b3357	184	129
6883948	511145.b3355	17.9	10
6883562	511145.b2926	14519	10701
6883563	511145.b2927	26.1	22
6883351	511145.b2696	237	22
6883352	511145.b2697	1096	2167
6884514	511145.b3983	6294	1762
6883354	511145.b2699	4374	3524
6883196	511145.b2511	53.7	41
6884511	511145.b3980	28416	58658
6884518	511145.b3987	6610	20780
6884517	511145.b3986	5578	1260
6884516	511145.b3985	7238	2409
6883952	511145.b3359	386	208
6884691	511145.b4172	1585	380
6884690	511145.b4171	0.475	1
6884519	511145.b3988	13841	49917
6882291	511145.b1538	70.1	117
6882292	511145.b1539	395	161
6884694	511145.b4175	81.1	44
6884693	511145.b4174	97.0	113
6880887	511145.b0003	1185	410
6884698	511145.b4179	15.9	28
6884367	511145.b3813	20.5	35
6880886	511145.b0002	834	1606
6882917	511145.b2215	367	323
6882919	511145.b2217	376	118
6882912	511145.b2210	21.0	29
6883560	511145.b2924	3.56	2
6881467	511145.b0642	739	1238
6883561	511145.b2925	1918	1225
6883796	511145.b3189	805	658
6884306	511145.b3734	4180	5741
6884307	511145.b3735	552	211
6881358	511145.b0522	57.6	42
6881359	511145.b0523	658	150
6881361	511145.b0525	672	221
6884304	511145.b3732	15976	18592
6883288	511145.b2608	8.55	4
6883287	511145.b2607	21.7	17
6883286	511145.b2606	531	114
6881323	511145.b0481	22.9	8
6883587	511145.b2954	706	156
6881755	511145.b0955	1.53	2
6881754	511145.b0954	201	63
6883281	511145.b2601	1445	1011
6883280	511145.b2600	372	375
6883788	511145.b3181	712	278
6883633	511145.b3011	139	73
6881260	511145.b0417	17.6	11
6882876	511145.b2171	46.2	11
6882794	511145.b2079	89.6	61
6883585	511145.b2952	4.59	4
6884039	511145.b3454	78.9	54
6882528	511145.b1787	31.6	7
6884401	511145.b3857	5.2	2
6884460	511145.b3919	2435	863
6883270	511145.b2585	32.2	22
6884457	511145.b3916	1953	1523
6884458	511145.b3917	94.9	74
6883265	511145.b2580	9.21	6
6883266	511145.b2581	214	87
6884455	511145.b3912	105	19
6884057	511145.b3472	8.46	9
6883148	511145.b2463	510	706
6881521	511145.b0712	2.86	2
6883759	511145.b3150	18.2	9
6883135	511145.b2450	130	73
6882607	511145.b1866	1536	3093
6884696	511145.b4177	4998	4415
6884099	511145.b3517	18.3	34
6882193	511145.b1430	1.09	1
6881886	511145.b1095	105	63
6881885	511145.b1094	1670	225
6881884	511145.b1093	748	441
6881883	511145.b1092	945	310
6881882	511145.b1091	450	309
6883249	511145.b2564	355	194
6881008	511145.b0131	361	55
6882593	511145.b1852	243	328
6882550	511145.b1809	35.5	5
6882654	511145.b1919	371	269
6881257	511145.b0414	14.2	16
6883432	511145.b2779	31605	24368
6884081	511145.b3498	175	173
6882051	511145.b1273	13.5	4
6884731	511145.b4213	18.1	23
6882049	511145.b1271	11.9	9
6884729	511145.b4211	2.13	1
6882055	511145.b1277	14.6	5
6881579	511145.b0778	94.0	42
6884732	511145.b4214	19.9	8
6882052	511145.b1274	22.0	73
6882214	511145.b1452	959	754
6881575	511145.b0774	38.1	31
6884154	511145.b3574	12.1	7
6884737	511145.b4219	96.1	36
6884152	511145.b3572	26.9	36
6882145	511145.b1377	25.3	118
6883242	511145.b2557	764	1995
6884855	511145.b4359	1.89	4
6881258	511145.b0415	2938	830
6884848	511145.b4352	1.44	1
6883780	511145.b3172	3430	4159
6882599	511145.b1858	32.7	17
6883783	511145.b3176	488	732
6883784	511145.b3177	88.5	67
6883782	511145.b3175	78.6	13
6883180	511145.b2495	249	48
6883785	511145.b3178	431	469
6882616	511145.b1875	56.4	25
6882540	511145.b1799	1.03	4
6881259	511145.b0416	46.4	16
6882617	511145.b1876	114	230
6883236	511145.b2551	17754	14263
6882401	511145.b1656	192	95
6882403	511145.b1658	311	271
6882533	511145.b1792	82.6	29
6883687	511145.b3070	517	179
6881671	511145.b0870	65.4	52
6882700	511145.b1973	1392	414
6883857	511145.b3253	160	100
6884657	511145.b4135	10.4	10
6883912	511145.b3319	3422	1417
6883859	511145.b3256	34.2	45
6883858	511145.b3255	600	159
6881152	511145.b0296	1744	258
6884277	511145.b3705	87.4	38
6884276	511145.b3704	150	31
6883903	511145.b3310	4481	986
6884278	511145.b3706	17.5	24
6881352	511145.b0515	50.2	17
6883910	511145.b3317	9421	4715
6884275	511145.b3703	748	20
6883908	511145.b3315	7611	1442
6882236	511145.b1479	320	388
6881502	511145.b0688	249	256
6884939	511145.b4506	744	16
6881494	511145.b0680	532	683
6881497	511145.b0683	20.9	8
6882425	511145.b1682	203	146
6881498	511145.b0684	760	175
6882519	511145.b1778	43.6	11
6882520	511145.b1779	16447	9572
6883009	511145.b2310	545	405
6883011	511145.b2312	88.1	78
6883976	511145.b3385	201	51
6883975	511145.b3384	808	418
6883977	511145.b3386	325	76
6883980	511145.b3389	504	334
6883017	511145.b2318	3.59	2
6884308	511145.b3736	884	312
6882955	511145.b2256	2.21	6
6884249	511145.b3671	103	90
6881489	511145.b0675	333	153
6881490	511145.b0676	19.6	29
6881491	511145.b0677	13.6	12
6882237	511145.b1480	1846	76
6881055	511145.b0179	12.5	10
6881054	511145.b0178	1812	507
6884332	511145.b3770	281	174
6884256	511145.b3678	12.6	31
6884334	511145.b3772	5.81	7
6881492	511145.b0678	174	108
6881048	511145.b0172	2163	486
6881047	511145.b0171	429	303
6881046	511145.b0170	4673	3945
6883465	511145.b2812	95.2	15
6883998	511145.b3407	97.4	155
6883464	511145.b2811	18.6	8
6883289	511145.b2609	1610	219
6884496	511145.b3956	2486	4898
6884497	511145.b3957	187	117
6884498	511145.b3958	151	59
6884499	511145.b3959	577	254
6883106	511145.b2421	174	123
6884305	511145.b3733	1555	995
6883110	511145.b2425	300	286
6881147	511145.b0291	5.76	16
6881364	511145.b0528	2.99	1
6881073	511145.b0197	1312	739
6884531	511145.b4000	5352	1026
6884537	511145.b4006	1337	1577
6884536	511145.b4005	382	295
6884350	511145.b3791	2.93	2
6880936	511145.b0054	4.99	8
6884364	511145.b3810	17.8	7
6883584	511145.b2951	181	82
6884366	511145.b3812	33.8	24
6881075	511145.b0199	57.5	41
6880934	511145.b0052	21.8	12
6880935	511145.b0053	572	486
6882615	511145.b1874	7.83	6
6881322	511145.b0480	239	354
6882993	511145.b2294	665	281
6881914	511145.b1123	214	145
6881707	511145.b0907	3197	2309
6881295	511145.b0452	19.9	14
6881705	511145.b0905	1.22	1
6881703	511145.b0903	978	2121
6882424	511145.b1681	67.6	53
6884078	511145.b3495	2769	446
6881756	511145.b0956	22.5	7
6883238	511145.b2553	393	126
6883237	511145.b2552	26.0	23
6881708	511145.b0908	440	489
6881850	511145.b1059	146	119
6882756	511145.b2041	208	201
6882755	511145.b2040	189	87
6882757	511145.b2042	653	470
6881757	511145.b0957	2222	1751
6881847	511145.b1056	131	91
6881090	511145.b0222	920	355
6881088	511145.b0220	540	191
6884464	511145.b3923	174	52
6884758	511145.b4244	2784	708
6882446	511145.b1703	1.93	1
6884470	511145.b3929	567	239
6884469	511145.b3928	908	218
6881020	511145.b0143	5.31	8
6881568	511145.b0767	327	122
6882751	511145.b2036	94.0	69
6884178	511145.b3599	17.6	16
6882753	511145.b2038	51.1	38
6882754	511145.b2039	240	193
6882996	511145.b2297	401	559
6884189	511145.b3610	246	65
6882353	511145.b1608	7.71	6
6884817	511145.b4316	10.9	8
6882349	511145.b1604	315	223
6884815	511145.b4314	343	54
6882347	511145.b1602	150	40
6882348	511145.b1603	155	111
6883484	511145.b2834	89.9	58
6881631	511145.b0830	96.7	80
6882059	511145.b1281	99.2	31
6882064	511145.b1286	422	718
6881636	511145.b0835	221	237
6882066	511145.b1288	655	282
6883654	511145.b3034	14.8	5
6883650	511145.b3030	15.9	12
6881903	511145.b1112	23.5	2
6881908	511145.b1117	23.7	9
6881905	511145.b1114	14.9	43
6882572	511145.b1831	981	369
6882571	511145.b1830	33.5	61
6881910	511145.b1119	2.76	2
6884759	511145.b4245	2630	2205
6882078	511145.b1300	1.88	1
6883805	511145.b3198	76.3	39
6882082	511145.b1304	66.6	26
6883803	511145.b3196	23.2	43
6883804	511145.b3197	19.8	13
6883797	511145.b3190	11.1	2
6884486	511145.b3945	37.7	18
6883799	511145.b3192	88.1	31
6883800	511145.b3193	20.1	11
6884874	511145.b4381	581	340
6884875	511145.b4382	1.69	1
6884876	511145.b4383	279	294
6884877	511145.b4384	398	257
6884879	511145.b4386	88.9	45
6881711	511145.b0911	913	911
6884772	511145.b4260	627	585
6884483	511145.b3942	366	537
6884125	511145.b3544	1065	1021
6884740	511145.b4222	38.3	7
6883103	511145.b2418	5.11	2
6884453	511145.b3910	75.9	34
6884402	511145.b3858	408	46
6882017	511145.b1237	5243	1242
6882016	511145.b1236	414	276
6881684	511145.b0884	188	26
6882012	511145.b1232	146	83
6881681	511145.b0880	180	27
6881456	511145.b0631	934	154
6881457	511145.b0632	79.3	103
6883629	511145.b3006	126	54
6884585	511145.b4059	287	104
6883099	511145.b2414	4470	2679
6881689	511145.b0889	520	234
6881462	511145.b0637	4.5	1
6881311	511145.b0469	742	266
6882045	511145.b1267	36.1	24
6880897	511145.b0014	16429	21238
6880898	511145.b0015	23.3	22
6884567	511145.b4041	6.49	12
6881237	511145.b0393	12.0	11
6883552	511145.b2916	339	181
6881305	511145.b0463	128	71
6883551	511145.b2914	2083	587
6883323	511145.b2661	40.5	34
6884575	511145.b4049	1.02	1
6883324	511145.b2662	16.1	19
6882188	511145.b1424	7.0	12
6884687	511145.b4168	20.7	8
6881561	511145.b0760	10.1	14
6882294	511145.b1541	165	51
6884271	511145.b3699	501	651
6881562	511145.b0761	90.9	42
6884682	511145.b4160	152	59
6884683	511145.b4161	62.7	56
6884684	511145.b4162	18.2	8
6883203	511145.b2518	1730	415
6882959	511145.b2260	0.725	1
6882961	511145.b2262	11.7	4
6882966	511145.b2267	51.0	15
6882965	511145.b2266	28.8	9
6882888	511145.b2183	151	68
6884016	511145.b3428	58.8	84
6882890	511145.b2185	2287	553
6882891	511145.b2186	96.9	86
6882892	511145.b2187	221	40
6884313	511145.b3741	18.2	17
6881002	511145.b0125	40.2	16
6881003	511145.b0126	339	145
6884314	511145.b3742	78.9	16
6880997	511145.b0120	243	159
6880998	511145.b0121	26.8	9
6880999	511145.b0122	24.1	7
6880967	511145.b0088	23.4	12
6883290	511145.b2610	102	81
6880965	511145.b0086	29.4	27
6880964	511145.b0085	20.8	19
6883292	511145.b2614	827	230
6883040	511145.b2343	221	52
6880960	511145.b0081	25.1	15
6881745	511145.b0945	252	218
6883488	511145.b2838	84.2	54
6881236	511145.b0391	370	43
6881077	511145.b0207	106	57
6882723	511145.b2007	1978	321
6882874	511145.b2169	28.9	14
6884396	511145.b3847	262	270
6884230	511145.b3651	15.4	9
6884392	511145.b3843	155	168
6884501	511145.b3961	46.7	34
6883615	511145.b2989	146	72
6884503	511145.b3963	9.31	4
6884502	511145.b3962	40.6	31
6883933	511145.b3340	7411	11263
6884845	511145.b4349	21.2	29
6883213	511145.b2528	37.7	8
6882004	511145.b1221	171	67
6883935	511145.b3342	15161	3863
6881250	511145.b0407	156	32
6884526	511145.b3995	4.05	1
6884528	511145.b3997	69.2	53
6883185	511145.b2500	99.8	48
6883153	511145.b2468	77.6	148
6883150	511145.b2465	19.6	74
6883149	511145.b2464	817	1284
6883193	511145.b2508	1611	1276
6882995	511145.b2296	710	626
6881535	511145.b0727	735	405
6881251	511145.b0408	75.7	200
6881875	511145.b1084	218	478
6884091	511145.b3509	529	136
6881878	511145.b1087	137	36
6881879	511145.b1088	94.1	44
6881880	511145.b1089	3233	319
6881249	511145.b0406	50.6	33
6883939	511145.b3346	75.2	33
6883819	511145.b3212	576	1543
6881584	511145.b0783	56.1	26
6883165	511145.b2480	1205	350
6882992	511145.b2293	59.4	24
6882808	511145.b2097	141	79
6882148	511145.b1380	82.9	46
6881026	511145.b0149	5.59	10
6881983	511145.b1200	99.7	78
6881729	511145.b0929	383	475
6883934	511145.b3341	12714	4971
6883417	511145.b2762	24.0	10
6883418	511145.b2763	683	759
6883419	511145.b2764	466	385
6883198	511145.b2513	125	46
6881814	511145.b1018	1031	820
6883670	511145.b3052	463	522
6882047	511145.b1269	149	68
6884577	511145.b4051	172	80
6882042	511145.b1264	180	203
6884743	511145.b4226	2460	677
6883709	511145.b3092	111	132
6882038	511145.b1260	4314	2289
6882039	511145.b1261	3029	1939
6882040	511145.b1262	480	436
6882041	511145.b1263	202	142
6883682	511145.b3064	38.5	26
6883683	511145.b3065	7627	419
6883685	511145.b3067	101	66
6884179	511145.b3600	87.3	62
6883758	511145.b3149	20.6	7
6883755	511145.b3146	47.8	24
6883341	511145.b2679	112	48
6883686	511145.b3068	24.6	5
6882605	511145.b1864	872	378
6882387	511145.b1642	733	273
6882646	511145.b1908	13.0	8
6881650	511145.b0849	14.9	3
6882386	511145.b1641	163	35
6884316	511145.b3744	203	167
6882392	511145.b1647	18.9	6
6882602	511145.b1861	20.1	3
6884049	511145.b3464	97.3	93
6882643	511145.b1905	849	187
6881710	511145.b0910	245	97
6884645	511145.b4122	18.1	47
6881313	511145.b0471	1317	356
6883852	511145.b3248	27.6	8
6880995	511145.b0118	160	408
6880992	511145.b0115	804	1147
6880991	511145.b0114	1321	2222
6880993	511145.b0116	1221	1046
6881344	511145.b0506	98.3	61
6884285	511145.b3713	488	165
6880990	511145.b0113	22.4	8
6882227	511145.b1468	0.201	1
6882481	511145.b1740	951	608
6883406	511145.b2751	422	422
6882487	511145.b1746	2.43	4
6883703	511145.b3086	1.38	2
6882490	511145.b1749	82.8	88
6882220	511145.b1461	259	32
6884960	511145.b4537	412	102
6883002	511145.b2303	188	90
6882999	511145.b2300	173	41
6881423	511145.b0595	1032	619
6883988	511145.b3397	49.1	33
6881425	511145.b0597	182	59
6881424	511145.b0596	509	255
6883008	511145.b2309	1116	571
6881044	511145.b0168	209	108
6881045	511145.b0169	4862	2919
6884239	511145.b3661	52.1	51
6881433	511145.b0605	4382	1799
6881435	511145.b0607	229	74
6881434	511145.b0606	338	355
6881038	511145.b0161	548	411
6881040	511145.b0163	1100	308
6881639	511145.b0838	337	198
6881042	511145.b0166	4443	2662
6882982	511145.b2283	39.0	64
6884020	511145.b3432	18.7	31
6884019	511145.b3431	5.04	5
6884018	511145.b3430	395	399
6882986	511145.b2287	26.5	26
6882985	511145.b2286	7.43	12
6883575	511145.b2942	5862	6047
6882983	511145.b2284	39.3	34
6883220	511145.b2535	0.609	1
6883876	511145.b3281	7.81	4
6884303	511145.b3731	275	39
6884024	511145.b3438	10.5	6
6883216	511145.b2531	1055	256
6883215	511145.b2530	1603	1656
6883218	511145.b2533	80.3	49
6883217	511145.b2532	81.0	42
6884897	511145.b4406	424	63
6881060	511145.b0184	0.307	4
6881061	511145.b0185	2114	1480
6884546	511145.b4019	58.0	178
6881056	511145.b0180	275	138
6881057	511145.b0181	105	39
6884541	511145.b4014	1061	965
6884542	511145.b4015	2467	2064
6880905	511145.b0023	4747	534
6880907	511145.b0025	2.3	1
6884261	511145.b3686	675	195
6880908	511145.b0026	379	773
6882580	511145.b1839	14.2	5
6883200	511145.b2515	521	439
6884434	511145.b3891	15.6	12
6881732	511145.b0932	142	213
6881731	511145.b0931	200	245
6881730	511145.b0930	2595	2368
6883916	511145.b3323	4.61	10
6883914	511145.b3321	3204	874
6883913	511145.b3320	3645	1674
6884442	511145.b3899	7.73	24
6882934	511145.b2234	129	182
6882935	511145.b2235	130	135
6882932	511145.b2232	131	63
6882931	511145.b2231	197	330
6883199	511145.b2514	317	337
6883407	511145.b2752	564	384
6884477	511145.b3936	349	53
6881187	511145.b0337	128	84
6881102	511145.b0238	277	60
6881103	511145.b0239	25.6	39
6884472	511145.b3931	489	543
6881101	511145.b0237	349	257
6883942	511145.b3349	269	61
6884479	511145.b3938	503	57
6884480	511145.b3939	307	184
6882573	511145.b1832	191	51
6883116	511145.b2431	36.2	21
6881315	511145.b0473	799	1283
6882073	511145.b1295	82.1	21
6883124	511145.b2439	161	49
6883817	511145.b3210	9.54	20
6882383	511145.b1638	81.8	49
6882462	511145.b1719	846	1422
6882382	511145.b1637	1022	800
6882381	511145.b1636	12.7	10
6882380	511145.b1635	324	177
6883787	511145.b3180	143	24
6884561	511145.b4034	21.0	27
6883648	511145.b3028	307	114
6883649	511145.b3029	570	72
6881606	511145.b0805	190	260
6881605	511145.b0804	527	268
6883644	511145.b3024	138	41
6883071	511145.b2379	13.5	10
6881602	511145.b0801	516	373
6881601	511145.b0800	62.0	59
6884273	511145.b3701	7.93	4
6881919	511145.b1128	30.3	18
6881918	511145.b1127	42.4	28
6881917	511145.b1126	81.5	86
6881840	511145.b1048	470	499
6882568	511145.b1827	107	74
6881911	511145.b1120	4.78	2
6884170	511145.b3590	6.06	9
6884171	511145.b3591	14.0	15
6884198	511145.b3619	715	772
6882447	511145.b1704	28.8	13
6882029	511145.b1251	941	65
6882445	511145.b1702	256	344
6881483	511145.b0658	11.2	9
6884191	511145.b3612	450	516
6884190	511145.b3611	230	97
6881480	511145.b0655	906	589
6883981	511145.b3390	106	49
6880969	511145.b0090	1.1	1
6880970	511145.b0091	67.4	76
6884868	511145.b4375	57.6	62
6884867	511145.b4374	18.8	10
6884869	511145.b4376	21.4	8
6884864	511145.b4371	96.5	72
6881422	511145.b0594	647	622
6883727	511145.b3114	120	786
6884021	511145.b3433	2302	1163
6880890	511145.b0006	24.9	14
6883726	511145.b3113	29.4	8
6883890	511145.b3297	2872	855
6883889	511145.b3296	7273	4112
6883888	511145.b3295	6315	6066
6883887	511145.b3294	3582	796
6881690	511145.b0890	24.6	37
6881532	511145.b0723	93.5	159
6881529	511145.b0720	1560	1394
6881693	511145.b0893	594	709
6881534	511145.b0726	258	522
6883676	511145.b3058	169	38
6881533	511145.b0724	118	71
6883531	511145.b2893	55.9	24
6882399	511145.b1654	1145	234
6883672	511145.b3054	2.26	2
6881536	511145.b0728	3145	3895
6881537	511145.b0729	797	578
6883528	511145.b2890	590	854
6883671	511145.b3053	5.71	13
6884083	511145.b3500	16.5	6
6883546	511145.b2908	49.0	56
6883547	511145.b2909	35.8	5
6884578	511145.b4052	82.2	92
6884579	511145.b4053	37.0	24
6884580	511145.b4054	326	278
6884583	511145.b4057	50.9	12
6883338	511145.b2676	147	72
6883539	511145.b2901	115	96
6881406	511145.b0578	627	334
6883542	511145.b2904	12.3	3
6883543	511145.b2905	177	97
6881316	511145.b0474	7405	4032
6882179	511145.b1413	1.64	5
6882178	511145.b1412	88.0	32
6882735	511145.b2019	2241	1178
6884513	511145.b3982	724	278
6884264	511145.b3689	6.99	27
6882181	511145.b1415	450	668
6882180	511145.b1414	173	83
6884139	511145.b3559	1301	2248
6882301	511145.b1550	691	109
6884262	511145.b3687	254	89
6883279	511145.b2599	250	216
6882054	511145.b1276	29.0	75
6880888	511145.b0004	1120	1004
6881031	511145.b0154	1877	1369
6881226	511145.b0381	47.4	36
6884787	511145.b4280	6.04	7
6882741	511145.b2025	717	548
6880977	511145.b0098	615	1196
6883808	511145.b3201	79.9	29
6883809	511145.b3202	6.11	5
6884323	511145.b3751	21.5	15
6883811	511145.b3204	202	82
6883812	511145.b3205	33.3	16
6881033	511145.b0156	83.0	17
6881036	511145.b0159	596	360
6883816	511145.b3209	391	121
6880971	511145.b0092	40.0	22
6880973	511145.b0094	25.0	10
6880974	511145.b0095	432	488
6882858	511145.b2153	1715	742
6881131	511145.b0273	87.9	104
6882862	511145.b2157	3.89	2
6881413	511145.b0585	80.5	76
6882860	511145.b2155	328	523
6882859	511145.b2154	69.8	27
6882144	511145.b1376	188	57
6882864	511145.b2159	33.2	24
6882732	511145.b2016	173	71
6883089	511145.b2400	524	624
6884552	511145.b4025	1802	2427
6880957	511145.b0077	75.4	101
6880954	511145.b0074	2665	3441
6884413	511145.b3870	1271	1339
6880952	511145.b0072	1849	1638
6880953	511145.b0073	2511	1594
6880951	511145.b0071	789	300
6884508	511145.b3972	4.32	2
6882521	511145.b1780	672	413
6880958	511145.b0078	1062	312
6882796	511145.b2081	59.9	54
6884551	511145.b4024	757	638
6884414	511145.b3871	141	141
6883163	511145.b2478	770	435
6881231	511145.b0386	42.0	25
6883259	511145.b2574	1.12	2
6881227	511145.b0382	496	92
6883261	511145.b2576	47.1	42
6883264	511145.b2579	2708	989
6883156	511145.b2471	68.8	28
6881233	511145.b0388	121	24
6883161	511145.b2476	2629	1509
6883096	511145.b2411	11.6	21
6881279	511145.b0436	3976	4671
6881280	511145.b0437	516	159
6883201	511145.b2516	10.9	5
6883874	511145.b3279	13.7	7
6883580	511145.b2947	187	144
6884381	511145.b3829	14426	20508
6883192	511145.b2507	2258	2359
6881275	511145.b0432	114	72
6881362	511145.b0526	501	549
6883183	511145.b2498	3641	1775
6883184	511145.b2499	574	312
6882421	511145.b1678	55.4	22
6882745	511145.b2029	2466	2404
6881274	511145.b0431	8.66	3
6883448	511145.b2795	79.4	119
6881801	511145.b1002	4.36	4
6883179	511145.b2494	117	61
6881803	511145.b1004	428	134
6883443	511145.b2790	28.6	9
6881683	511145.b0882	77.8	187
6882002	511145.b1219	62.8	7
6881560	511145.b0759	6.35	3
6881065	511145.b0189	11.4	2
6884515	511145.b3984	4517	2938
6883581	511145.b2948	70.8	34
6884747	511145.b4232	551	462
6884748	511145.b4233	75.7	75
6881998	511145.b1215	1853	1143
6884750	511145.b4235	35.3	43
6881556	511145.b0755	6109	3493
6883472	511145.b2822	3.31	15
6883850	511145.b3244	4.48	5
6881281	511145.b0438	5682	6934
6881963	511145.b1180	38.8	23
6881282	511145.b0439	120	178
6884045	511145.b3460	7967	2897
6881655	511145.b0854	113	91
6883634	511145.b3012	56.2	41
6881652	511145.b0851	43.9	10
6883639	511145.b3019	12.3	21
6883765	511145.b3156	255	67
6881957	511145.b1174	1085	391
6881958	511145.b1175	785	444
6881959	511145.b1176	2.47	1
6882591	511145.b1850	1611	436
6882598	511145.b1857	2549	1251
6881365	511145.b0529	17.5	7
6882595	511145.b1854	134	142
6882419	511145.b1676	1099	1011
6881688	511145.b0888	733	386
6881961	511145.b1178	950	245
6881962	511145.b1179	65.7	21
6883100	511145.b2415	1598	195
6883550	511145.b2913	1739	1070
6882101	511145.b1324	3215	1177
6884301	511145.b3729	197	230
6884300	511145.b3728	86.3	69
6884894	511145.b4401	598	280
6882100	511145.b1323	14.5	25
6880986	511145.b0109	62.7	28
6883837	511145.b3231	3457	871
6883836	511145.b3230	1009	254
6883839	511145.b3233	249	84
6882106	511145.b1329	15.0	19
6883840	511145.b3234	297	146
6883843	511145.b3237	39.3	6
6884296	511145.b3724	11.2	7
6884357	511145.b3802	30.8	23
6882436	511145.b1693	74.3	51
6884358	511145.b3803	9.1	9
6882495	511145.b1754	1.78	2
6883331	511145.b2669	1453	446
6884757	511145.b4243	4086	390
6882396	511145.b1651	60.6	25
6881414	511145.b0586	499	1214
6884451	511145.b3908	1378	404
6881412	511145.b0584	342	401
6882395	511145.b1650	7.47	7
6884681	511145.b4159	1.87	10
6884652	511145.b4129	301	504
6883029	511145.b2330	18.6	9
6882397	511145.b1652	47.3	24
6883740	511145.b3129	19.3	7
6884133	511145.b3553	1107	512
6884234	511145.b3655	0.543	1
6884540	511145.b4013	433	322
6884026	511145.b3440	63.9	51
6881277	511145.b0434	37.4	22
6882611	511145.b1870	6.14	5
6883347	511145.b2687	3107	1487
6883940	511145.b3347	462	258
6883344	511145.b2684	128	62
6883569	511145.b2935	1146	1080
6884017	511145.b3429	183	112
6883571	511145.b2937	182	78
6883214	511145.b2529	334	131
6883211	511145.b2526	17.4	16
6883572	511145.b2938	179	247
6883209	511145.b2524	101	23
6883210	511145.b2525	508	94
6882989	511145.b2290	32.0	15
6883208	511145.b2523	401	421
6883348	511145.b2688	102	84
6884595	511145.b4069	16.9	23
6884669	511145.b4147	518	176
6884666	511145.b4144	173	28
6884664	511145.b4142	3191	742
6884665	511145.b4143	37454	44034
6880914	511145.b0032	604	465
6880915	511145.b0033	1504	3339
6883548	511145.b2910	319	94
6880913	511145.b0031	508	420
6883688	511145.b3071	30.2	9
6880893	511145.b0009	1.95	1
6882998	511145.b2299	5.21	1
6881728	511145.b0928	1102	1000
6884430	511145.b3887	123	23
6881724	511145.b0924	191	705
6884269	511145.b3697	62.7	46
6884431	511145.b3888	35.6	22
6881727	511145.b0927	77.1	29
6882777	511145.b2062	2.36	9
6882781	511145.b2066	2.16	3
6882780	511145.b2065	48.5	19
6880892	511145.b0008	4004	4419
6883401	511145.b2746	151	48
6883080	511145.b2388	82.9	71
6883399	511145.b2744	32.3	17
6883400	511145.b2745	81.8	51
6883273	511145.b2592	3691	7658
6881176	511145.b0325	4.93	3
6882564	511145.b1823	1513	293
6883275	511145.b2594	10.8	3
6881105	511145.b0241	19.8	111
6881104	511145.b0240	251	85
6881107	511145.b0243	185	198
6881106	511145.b0242	41.7	35
6883490	511145.b2840	2.23	1
6883126	511145.b2441	5.19	6
6883905	511145.b3312	5846	723
6884766	511145.b4254	434	328
6882825	511145.b2114	876	1494
6882824	511145.b2113	69.2	34
6883206	511145.b2521	87.7	42
6883906	511145.b3313	6710	1183
6883072	511145.b2380	5.95	21
6883904	511145.b3311	3748	314
6883909	511145.b3316	6757	1820
6884569	511145.b4043	52.8	25
6883907	511145.b3314	7141	3226
6881899	511145.b1108	87.5	57
6882558	511145.b1817	37.3	19
6881620	511145.b0819	600	183
6881334	511145.b0492	171	61
6881612	511145.b0811	401	291
6881613	511145.b0812	52.1	20
6881615	511145.b0814	898	237
6882706	511145.b1983	108	50
6882559	511145.b1818	38.8	9
6881283	511145.b0440	4747	837
6881825	511145.b1033	211	137
6882705	511145.b1982	67.7	36
6881827	511145.b1035	182	77
6881826	511145.b1034	96.4	83
6881921	511145.b1130	323	231
6881922	511145.b1131	524	432
6881924	511145.b1133	11.8	3
6883468	511145.b2818	31.9	15
6881927	511145.b1136	3957	2872
6881076	511145.b0200	58.8	13
6882453	511145.b1710	37.1	17
6884719	511145.b4200	8688	2069
6884722	511145.b4203	7585	3587
6884721	511145.b4202	1551	147
6881585	511145.b0784	271	35
6881586	511145.b0785	117	27
6883558	511145.b2922	231	106
6882460	511145.b1717	1738	101
6882461	511145.b1718	3193	1036
6881438	511145.b0611	1.58	1
6883911	511145.b3318	1243	295
6881485	511145.b0660	245	185
6882110	511145.b1333	245	105
6884140	511145.b3560	202	142
6882251	511145.b1494	4.68	9
6883835	511145.b3229	175	100
6883794	511145.b3187	17.3	11
6881421	511145.b0593	629	440
6883793	511145.b3186	849	254
6883881	511145.b3288	223	138
6883769	511145.b3160	2.94	1
6883771	511145.b3162	43.7	50
6883774	511145.b3165	5554	688
6883773	511145.b3164	1233	1861
6883776	511145.b3167	363	110
6883778	511145.b3169	623	725
6883777	511145.b3168	2172	4755
6883877	511145.b3282	111	61
6883880	511145.b3287	327	149
6882186	511145.b1422	11.5	7
6882370	511145.b1625	4.22	1
6882694	511145.b1967	18.5	8
6881501	511145.b0687	127	59
6882367	511145.b1622	24.0	29
6882368	511145.b1623	3.39	1
6884092	511145.b3510	1140	118
6883820	511145.b3213	710	740
6881667	511145.b0866	184	32
6882524	511145.b1783	0.643	2
6881661	511145.b0860	434	267
6881664	511145.b0863	210	92
6881519	511145.b0710	593	320
6883902	511145.b3309	3837	748
6883901	511145.b3308	4962	1843
6883661	511145.b3042	195	59
6883864	511145.b3261	312	13
6883894	511145.b3301	3025	1137
6881393	511145.b0565	247	228
6883896	511145.b3303	5741	2385
6883895	511145.b3302	2560	345
6883898	511145.b3305	4892	2254
6883897	511145.b3304	4194	693
6883900	511145.b3307	3161	189
6883899	511145.b3306	4801	1515
6882506	511145.b1765	534	235
6882505	511145.b1764	493	329
6882502	511145.b1761	1996	2122
6883014	511145.b2315	25.7	20
6884947	511145.b4517	233	55
6881011	511145.b0134	584	169
6884942	511145.b4511	1080	153
6882509	511145.b1768	89.4	33
6884628	511145.b4105	14.8	11
6881760	511145.b0960	28.7	62
6882470	511145.b1729	9.11	6
6881762	511145.b0962	0.297	1
6881763	511145.b0963	111	20
6881765	511145.b0965	201	71
6882948	511145.b2249	35.0	20
6883015	511145.b2316	1752	1173
6884385	511145.b3833	197	98
6883061	511145.b2369	27.0	17
6880961	511145.b0082	78.8	59
6884184	511145.b3605	17.6	17
6884186	511145.b3607	1.54	1
6883337	511145.b2675	55.6	92
6883037	511145.b2340	8.87	2
6884181	511145.b3602	4.63	1
6881022	511145.b0145	317	130
6884473	511145.b3932	81.0	30
6881025	511145.b0148	4.43	14
6884328	511145.b3764	746	159
6884187	511145.b3608	90.4	46
6884188	511145.b3609	1959	394
6881747	511145.b0947	31.8	20
6884005	511145.b3414	572	208
6884008	511145.b3417	3.24	6
6883457	511145.b2804	230	49
6884482	511145.b3941	609	458
6884481	511145.b3940	67.7	119
6883101	511145.b2416	1466	1582
6883102	511145.b2417	757	243
6883855	511145.b3251	734	451
6884318	511145.b3746	32.3	33
6881583	511145.b0782	514	260
6884659	511145.b4137	19.6	2
6882848	511145.b2143	52.7	20
6884346	511145.b3787	2.26	1
6881217	511145.b0369	236	113
6884341	511145.b3781	944	359
6884340	511145.b3780	259	286
6884342	511145.b3783	1697	1838
6884408	511145.b3865	204	136
6884409	511145.b3866	10.1	5
6883598	511145.b2965	2.16	3
6883595	511145.b2962	718	224
6883660	511145.b3041	103	90
6883593	511145.b2960	67.8	39
6882021	511145.b1243	1337	1276
6881488	511145.b0674	182	209
6884767	511145.b4255	111	12
6882807	511145.b2096	135	63
6884725	511145.b4207	202	79
6882805	511145.b2094	96.0	17
6882806	511145.b2095	3.78	4
6884383	511145.b3831	736	202
6883996	511145.b3405	128	63
6882019	511145.b1241	1285	2207
6881500	511145.b0686	1.58	1
6882250	511145.b1493	18.3	34
6881717	511145.b0917	208	20
6883251	511145.b2566	43.1	32
6883252	511145.b2567	27.4	19
6881284	511145.b0441	67.6	112
6881712	511145.b0912	2637	538
6883254	511145.b2569	21.6	33
6881718	511145.b0918	61.7	46
6883388	511145.b2733	16.6	38
6882239	511145.b1482	1134	195
6884382	511145.b3830	48.4	18
6884407	511145.b3863	52.0	80
6881858	511145.b1067	1146	580
6881855	511145.b1064	389	168
6881853	511145.b1062	2256	1180
6881053	511145.b0177	2.11	6
6882456	511145.b1713	770	1165
6882873	511145.b2168	7.11	2
6884333	511145.b3771	161	222
6884770	511145.b4258	555	1129
6883541	511145.b2903	48.0	57
6880982	511145.b0104	966	583
6883536	511145.b2898	687	575
6882358	511145.b1613	191	175
6884336	511145.b3774	12342	13399
6881269	511145.b0426	1096	547
6883529	511145.b2891	1159	657
6884337	511145.b3775	309	94
6882743	511145.b2027	6.66	4
6882742	511145.b2026	117	25
6882457	511145.b1714	1055	906
6882740	511145.b2024	133	62
6882739	511145.b2023	243	77
6882738	511145.b2022	203	163
6882737	511145.b2021	894	705
6882736	511145.b2020	1385	760
6883437	511145.b2784	0.496	1
6883433	511145.b2780	1501	1751
6884823	511145.b4322	12.2	10
6881207	511145.b0357	116	36
6882364	511145.b1619	91.1	55
6881267	511145.b0424	80.3	45
6881986	511145.b1203	355	353
6884829	511145.b4328	26.6	17
6882356	511145.b1611	21.1	22
6881990	511145.b1207	1410	1070
6881987	511145.b1204	16.8	11
6882357	511145.b1612	69.4	121
6883614	511145.b2988	39.0	56
6881981	511145.b1198	73.9	86
6881982	511145.b1199	61.6	31
6884500	511145.b3960	682	784
6883994	511145.b3403	301	266
6881622	511145.b0821	10.7	8
6881621	511145.b0820	71.1	64
6883932	511145.b3339	28416	58658
6884043	511145.b3458	863	745
6881266	511145.b0423	3.64	2
6881628	511145.b0827	268	168
6882655	511145.b1920	199	176
6881629	511145.b0828	27.8	25
6883630	511145.b3008	150	107
6883992	511145.b3401	15.0	9
6883842	511145.b3236	21111	10171
6882459	511145.b1716	2931	374
6882663	511145.b1928	38.6	16
6881891	511145.b1100	40.2	26
6881894	511145.b1103	573	128
6881893	511145.b1102	1.84	3
6882589	511145.b1848	154	21
6882590	511145.b1849	273	212
6881900	511145.b1109	25.6	35
6882406	511145.b1661	52.7	73
6882407	511145.b1662	212	79
6881590	511145.b0789	13.0	66
6882840	511145.b2133	12.7	20
6882410	511145.b1667	196	65
6883790	511145.b3183	386	182
6883834	511145.b3228	192	57
6882839	511145.b2132	32.6	50
6884218	511145.b3639	45.2	34
6884972	511145.b4554	53.7	10
6883792	511145.b3185	1901	243
6883882	511145.b3289	190	191
6881010	511145.b0133	114	90
6884749	511145.b4234	40.7	11
6884216	511145.b3637	4244	550
6884215	511145.b3636	4935	365
6881557	511145.b0756	270	125
6884890	511145.b4397	24.5	4
6882427	511145.b1684	18.3	3
6882428	511145.b1685	38.0	8
6884886	511145.b4393	226	50
6882426	511145.b1683	79.5	96
6882423	511145.b1680	270	179
6884883	511145.b4390	15.5	30
6884884	511145.b4391	167	248
6882464	511145.b1723	251	165
6881555	511145.b0754	1124	757
6884764	511145.b4252	35.3	8
6882468	511145.b1727	59.1	50
6883028	511145.b2329	192	178
6881265	511145.b0422	594	112
6881070	511145.b0194	1014	1348
6883019	511145.b2320	86.0	57
6884223	511145.b3644	63.6	36
6883022	511145.b2323	656	342
6883023	511145.b2324	5.22	51
6882455	511145.b1712	2279	477
6884227	511145.b3648	125	86
6884228	511145.b3649	1116	178
6884105	511145.b3523	7.97	2
6881548	511145.b0740	884	714
6883891	511145.b3298	5009	1564
6881550	511145.b0742	43.6	6
6884108	511145.b3526	6.87	3
6884219	511145.b3640	563	116
6883862	511145.b3259	58.7	16
6881450	511145.b0623	497	119
6883018	511145.b2319	71.8	27
