#name: D.rerio - Embryo, 120hr, SC (Kelkar,MCP,2014)
#score: 9.09
#weight: 100%
#description: abundance based on Spectral counting, 120hr, from<a href="http://www.ncbi.nlm.nih.gov/pubmed/25060758" target="_blank">Kelkar,MCP,2014</a><br/><b>Interaction consistency score</b>: 9.09&nbsp<b>Coverage</b>: 9
#organ: EMBRYO
#integrated: false
#coverage: 9
#publication_year: 2014
#filename: ZF_Embryo120hr_Kelkar_2014_SEQUEST.txt
#
#internal_id	string_external_id	abundance	raw_spectral_count
1495465	7955.ENSDARP00000099928	284	21
1500275	7955.ENSDARP00000109497	2841	53
1490628	7955.ENSDARP00000076797	0.197	1
1484148	7955.ENSDARP00000028718	275	5
1483952	7955.ENSDARP00000026575	110	2
1503252	7955.ENSDARP00000115723	261	41
1483670	7955.ENSDARP00000023871	111	3
1493719	7955.ENSDARP00000094506	9.07	2
1483671	7955.ENSDARP00000023877	63.5	6
1495144	7955.ENSDARP00000099156	33.4	1
1505999	7955.ENSDARP00000122796	585	84
1482444	7955.ENSDARP00000012264	43.7	6
1484877	7955.ENSDARP00000038658	1426	37
1504601	7955.ENSDARP00000119183	16.0	1
1505310	7955.ENSDARP00000121047	3.16	1
1490632	7955.ENSDARP00000076810	64.2	8
1483902	7955.ENSDARP00000026086	26.0	7
1482327	7955.ENSDARP00000011269	1861	5918
1486345	7955.ENSDARP00000053266	594	23
1481495	7955.ENSDARP00000003468	335	48
1484402	7955.ENSDARP00000032422	111	14
1505221	7955.ENSDARP00000120798	31.9	12
1506459	7955.ENSDARP00000124085	2581	6
1498224	7955.ENSDARP00000105906	17.1	1
1499858	7955.ENSDARP00000108764	276	122
1498223	7955.ENSDARP00000105905	0.84	1
1490535	7955.ENSDARP00000076389	1286	85
1493714	7955.ENSDARP00000094479	73.1	9
1483640	7955.ENSDARP00000023678	4.82	1
1494042	7955.ENSDARP00000095870	12.5	8
1503079	7955.ENSDARP00000115290	38.9	2
1486152	7955.ENSDARP00000052103	15.0	1
1495786	7955.ENSDARP00000100684	7.44	1
1497224	7955.ENSDARP00000104054	1.64	1
1481520	7955.ENSDARP00000003666	1.95	1
1484279	7955.ENSDARP00000030680	554	44
1485110	7955.ENSDARP00000041348	2383	109
1489566	7955.ENSDARP00000072012	32.9	1
1482512	7955.ENSDARP00000012767	40.5	16
1502356	7955.ENSDARP00000113373	12.6	13
1504598	7955.ENSDARP00000119179	25.9	16
1505408	7955.ENSDARP00000121318	14.4	10
1486946	7955.ENSDARP00000056986	51.9	2
1490596	7955.ENSDARP00000076637	6.89	2
1495585	7955.ENSDARP00000100195	5821	2385
1485427	7955.ENSDARP00000044689	148	19
1505042	7955.ENSDARP00000120317	452	28
1484014	7955.ENSDARP00000027118	1226	170
1486564	7955.ENSDARP00000054690	216	48
1492903	7955.ENSDARP00000091027	1006	53
1484013	7955.ENSDARP00000027115	585	36
1506279	7955.ENSDARP00000123536	289	125
1486311	7955.ENSDARP00000053075	5.73	1
1482373	7955.ENSDARP00000011642	49.1	6
1482678	7955.ENSDARP00000014456	2341	135
1506281	7955.ENSDARP00000123538	161	11
1497990	7955.ENSDARP00000105496	810	338
1485243	7955.ENSDARP00000042693	16.5	3
1488617	7955.ENSDARP00000067004	9.28	2
1481935	7955.ENSDARP00000007628	114	10
1484002	7955.ENSDARP00000027027	0.814	1
1501096	7955.ENSDARP00000110906	23.6	1
1493657	7955.ENSDARP00000094251	18.0	1
1486112	7955.ENSDARP00000051798	79.2	8
1481706	7955.ENSDARP00000005448	44.6	6
1502495	7955.ENSDARP00000113739	30.3	3
1504002	7955.ENSDARP00000117673	1475	84
1488820	7955.ENSDARP00000067953	5110	205
1488775	7955.ENSDARP00000067775	207	10
1488162	7955.ENSDARP00000064201	18.8	4
1485763	7955.ENSDARP00000048394	82.8	25
1498410	7955.ENSDARP00000106212	32.0	2
1503455	7955.ENSDARP00000116241	30.6	5
1488964	7955.ENSDARP00000068663	11.5	7
1488963	7955.ENSDARP00000068662	6.0	1
1486266	7955.ENSDARP00000052760	9877	4
1488082	7955.ENSDARP00000063788	1459	50
1481317	7955.ENSDARP00000001565	413	24
1492250	7955.ENSDARP00000088115	4.5	1
1488081	7955.ENSDARP00000063785	53.8	8
1487508	7955.ENSDARP00000060309	4798	506
1506197	7955.ENSDARP00000123323	339	211
1487507	7955.ENSDARP00000060303	97.4	6
1481674	7955.ENSDARP00000005224	1848	812
1488187	7955.ENSDARP00000064375	73.9	3
1492758	7955.ENSDARP00000090402	140	18
1492015	7955.ENSDARP00000086779	139	7
1492804	7955.ENSDARP00000090576	227	10
1498430	7955.ENSDARP00000106245	810	338
1487285	7955.ENSDARP00000058970	54.4	2
1488102	7955.ENSDARP00000063876	219	15
1482813	7955.ENSDARP00000015805	243	60
1485329	7955.ENSDARP00000043659	20.4	4
1496541	7955.ENSDARP00000102443	8.06	3
1483839	7955.ENSDARP00000025522	70.5	11
1481826	7955.ENSDARP00000006624	1705	34
1497887	7955.ENSDARP00000105313	268	47
1481424	7955.ENSDARP00000002982	106	5
1481425	7955.ENSDARP00000002983	8.57	4
1495405	7955.ENSDARP00000099755	256	18
1487476	7955.ENSDARP00000060159	551	41
1493362	7955.ENSDARP00000093074	44.7	16
1500635	7955.ENSDARP00000110129	1.46	1
1502325	7955.ENSDARP00000113290	114	545
1502326	7955.ENSDARP00000113292	329	111
1482831	7955.ENSDARP00000015937	57.7	29
1492850	7955.ENSDARP00000090794	257	108
1494967	7955.ENSDARP00000098757	135	10
1496634	7955.ENSDARP00000102682	257	108
1497629	7955.ENSDARP00000104851	15.9	1
1492578	7955.ENSDARP00000089645	775	114
1489499	7955.ENSDARP00000071634	498	13
1504169	7955.ENSDARP00000118068	13.9	14
1500692	7955.ENSDARP00000110237	89.6	11
1484438	7955.ENSDARP00000032935	23.9	5
1487851	7955.ENSDARP00000062538	23.5	1
1486261	7955.ENSDARP00000052729	1080	24
1486100	7955.ENSDARP00000051749	301	29
1493554	7955.ENSDARP00000093850	20.9	3
1491122	7955.ENSDARP00000080221	181	18
1503983	7955.ENSDARP00000117628	1290	82
1489177	7955.ENSDARP00000069759	6.82	3
1501568	7955.ENSDARP00000111723	115	18
1484059	7955.ENSDARP00000027635	1.2	1
1490138	7955.ENSDARP00000074556	7.32	1
1489355	7955.ENSDARP00000070658	10.1	1
1483693	7955.ENSDARP00000024102	92.8	4
1483694	7955.ENSDARP00000024104	220	19
1502550	7955.ENSDARP00000113905	590	107
1486019	7955.ENSDARP00000051183	313	47
1488220	7955.ENSDARP00000064557	70.5	14
1485386	7955.ENSDARP00000044202	0.54	1
1488318	7955.ENSDARP00000065205	1.46	5
1481375	7955.ENSDARP00000002502	8.02	2
1483420	7955.ENSDARP00000021749	3.63	5
1485499	7955.ENSDARP00000045487	0.772	1
1501337	7955.ENSDARP00000111298	339	211
1506381	7955.ENSDARP00000123814	7.68	3
1490932	7955.ENSDARP00000078889	291	13
1502602	7955.ENSDARP00000114025	87.7	5
1506379	7955.ENSDARP00000123810	0.248	1
1490931	7955.ENSDARP00000078883	44.3	6
1483641	7955.ENSDARP00000023679	215	28
1493274	7955.ENSDARP00000092617	539	15
1483706	7955.ENSDARP00000024210	137	135
1501506	7955.ENSDARP00000111618	0.059	1
1485637	7955.ENSDARP00000046972	643	59
1493269	7955.ENSDARP00000092585	216	95
1485681	7955.ENSDARP00000047408	9.61	64
1500174	7955.ENSDARP00000109315	316	211
1506310	7955.ENSDARP00000123619	257	108
1497293	7955.ENSDARP00000104196	83.0	16
1486696	7955.ENSDARP00000055491	13.2	2
1506145	7955.ENSDARP00000123183	1604	84
1489905	7955.ENSDARP00000073460	55.1	5
1484207	7955.ENSDARP00000029635	31.1	7
1481463	7955.ENSDARP00000003276	49.1	12
1483457	7955.ENSDARP00000022089	27.3	1
1493845	7955.ENSDARP00000095046	4.48	1
1505883	7955.ENSDARP00000122475	99.2	16
1506553	7955.ENSDARP00000124366	9.93	69
1493843	7955.ENSDARP00000095043	31.5	5
1483667	7955.ENSDARP00000023845	69.8	2
1484838	7955.ENSDARP00000038205	124	13
1496831	7955.ENSDARP00000103152	199	14
1496830	7955.ENSDARP00000103150	23.2	16
1499990	7955.ENSDARP00000109007	75.0	4
1486042	7955.ENSDARP00000051361	5118	12237
1491456	7955.ENSDARP00000082673	351	14
1499991	7955.ENSDARP00000109008	6.6	1
1489278	7955.ENSDARP00000070277	5.76	1
1485678	7955.ENSDARP00000047390	1399	33
1485504	7955.ENSDARP00000045554	11.5	3
1488367	7955.ENSDARP00000065447	36.4	2
1489653	7955.ENSDARP00000072390	59.7	4
1491536	7955.ENSDARP00000083250	3.79	1
1489001	7955.ENSDARP00000068889	7.01	2
1487095	7955.ENSDARP00000057912	0.347	1
1484768	7955.ENSDARP00000037326	99.6	19
1482697	7955.ENSDARP00000014732	4.75	1
1491253	7955.ENSDARP00000081244	44.6	7
1485831	7955.ENSDARP00000049108	431	27
1486302	7955.ENSDARP00000052988	51.7	4
1494190	7955.ENSDARP00000096468	70.2	2
1486723	7955.ENSDARP00000055622	42.0	2
1496806	7955.ENSDARP00000103080	344	44
1499818	7955.ENSDARP00000108688	383	61
1490360	7955.ENSDARP00000075688	46.3	8
1486536	7955.ENSDARP00000054468	62.9	1
1485466	7955.ENSDARP00000045125	16.7	12
1482131	7955.ENSDARP00000009538	103	6
1497879	7955.ENSDARP00000105296	110	8
1482735	7955.ENSDARP00000015027	15.9	1
1496425	7955.ENSDARP00000102203	908	88
1494727	7955.ENSDARP00000098207	21.2	2
1491693	7955.ENSDARP00000084389	0.656	1
1484340	7955.ENSDARP00000031650	1072	25
1505006	7955.ENSDARP00000120230	748	62
1495576	7955.ENSDARP00000100180	11.3	1
1505383	7955.ENSDARP00000121255	120	5
1499527	7955.ENSDARP00000108190	325	27
1499532	7955.ENSDARP00000108197	391	12
1499087	7955.ENSDARP00000107424	5.08	1
1486560	7955.ENSDARP00000054663	53.9	2
1493898	7955.ENSDARP00000095260	28.9	3
1484010	7955.ENSDARP00000027102	434	24
1501849	7955.ENSDARP00000112199	2634	105
1488941	7955.ENSDARP00000068586	3663	228
1486868	7955.ENSDARP00000056539	824	31
1501845	7955.ENSDARP00000112194	1396	161
1498082	7955.ENSDARP00000105646	275	211
1499047	7955.ENSDARP00000107355	11.0	3
1488058	7955.ENSDARP00000063661	5213	335
1481292	7955.ENSDARP00000000803	1886	834
1498635	7955.ENSDARP00000106591	23.2	5
1498636	7955.ENSDARP00000106592	182	19
1486594	7955.ENSDARP00000054866	12.1	1
1484329	7955.ENSDARP00000031494	14.1	1
1493919	7955.ENSDARP00000095312	41.1	1
1483570	7955.ENSDARP00000023022	233	31
1483013	7955.ENSDARP00000017569	809	75
1488817	7955.ENSDARP00000067945	257	108
1498768	7955.ENSDARP00000106848	44.7	16
1488816	7955.ENSDARP00000067943	718	87
1488274	7955.ENSDARP00000064895	398	32
1484667	7955.ENSDARP00000035977	1.63	1
1488818	7955.ENSDARP00000067948	339	211
1483346	7955.ENSDARP00000020860	89.3	9
1491330	7955.ENSDARP00000081732	31.8	2
1487538	7955.ENSDARP00000060465	30.3	2
1488961	7955.ENSDARP00000068656	21.2	1
1496374	7955.ENSDARP00000102064	469	59
1483602	7955.ENSDARP00000023337	107	12
1493629	7955.ENSDARP00000094134	162	7
1491769	7955.ENSDARP00000084961	114	18
1482055	7955.ENSDARP00000008736	0.296	1
1488098	7955.ENSDARP00000063848	168	124
1492889	7955.ENSDARP00000090963	29.6	6
1504497	7955.ENSDARP00000118904	79.2	30
1491796	7955.ENSDARP00000085166	42.7	6
1485175	7955.ENSDARP00000041938	2.31	2
1485210	7955.ENSDARP00000042310	0.724	1
1484960	7955.ENSDARP00000039656	4803	393
1502498	7955.ENSDARP00000113756	240	59
1492798	7955.ENSDARP00000090560	25.5	6
1507124	7955.ENSDARP00000125799	535	6
1497508	7955.ENSDARP00000104628	5.13	2
1485301	7955.ENSDARP00000043311	979	32
1485303	7955.ENSDARP00000043316	157	4
1487280	7955.ENSDARP00000058963	298	10
1483241	7955.ENSDARP00000019826	206	15
1506574	7955.ENSDARP00000124424	52.6	6
1503916	7955.ENSDARP00000117456	11.9	1
1483996	7955.ENSDARP00000026992	10.1	3
1489315	7955.ENSDARP00000070471	1919	119
1497047	7955.ENSDARP00000103634	21.8	1
1482966	7955.ENSDARP00000017189	848	98
1502452	7955.ENSDARP00000113629	30.8	1
1489165	7955.ENSDARP00000069695	1585	2916
1484241	7955.ENSDARP00000030050	118	98
1485434	7955.ENSDARP00000044836	55.8	26
1502343	7955.ENSDARP00000113335	146	8
1483837	7955.ENSDARP00000025516	48.4	3
1493361	7955.ENSDARP00000093069	175	16
1494553	7955.ENSDARP00000097785	34.0	1
1495919	7955.ENSDARP00000100985	4.32	1
1495918	7955.ENSDARP00000100984	378	108
1494714	7955.ENSDARP00000098182	825	83
1483252	7955.ENSDARP00000019915	125	25
1494718	7955.ENSDARP00000098188	21.3	7
1494959	7955.ENSDARP00000098745	9.74	2
1486081	7955.ENSDARP00000051620	8.19	1
1496733	7955.ENSDARP00000102922	3.41	2
1503737	7955.ENSDARP00000116987	2.55	1
1506088	7955.ENSDARP00000123023	8.07	5
1496736	7955.ENSDARP00000102928	64.6	7
1494309	7955.ENSDARP00000096921	5.43	1
1489504	7955.ENSDARP00000071656	91.4	3
1486000	7955.ENSDARP00000050970	37.5	7
1483297	7955.ENSDARP00000020358	2158	34
1483463	7955.ENSDARP00000022120	83.8	9
1485177	7955.ENSDARP00000041959	1071	139
1487906	7955.ENSDARP00000062819	12.7	8
1494141	7955.ENSDARP00000096322	43.2	2
1487245	7955.ENSDARP00000058741	160	8
1493390	7955.ENSDARP00000093201	2.47	1
1498085	7955.ENSDARP00000105649	1808	17
1486551	7955.ENSDARP00000054598	1.21	1
1482103	7955.ENSDARP00000009258	932	111
1497140	7955.ENSDARP00000103854	117	98
1481929	7955.ENSDARP00000007588	12.4	1
1484125	7955.ENSDARP00000028465	37.9	2
1481928	7955.ENSDARP00000007584	52.3	3
1482563	7955.ENSDARP00000013244	68.9	19
1505814	7955.ENSDARP00000122318	5.03	1
1483829	7955.ENSDARP00000025466	589	65
1488215	7955.ENSDARP00000064522	1045	69
1495726	7955.ENSDARP00000100503	325	27
1494122	7955.ENSDARP00000096258	301	7
1501316	7955.ENSDARP00000111268	631	14
1490871	7955.ENSDARP00000078382	0.315	1
1500592	7955.ENSDARP00000110047	286	33
1496011	7955.ENSDARP00000101178	698	85
1493905	7955.ENSDARP00000095276	3.34	5
1482419	7955.ENSDARP00000012048	505	107
1484108	7955.ENSDARP00000028134	87.2	15
1484139	7955.ENSDARP00000028641	50.5	3
1502821	7955.ENSDARP00000114580	96.2	545
1482491	7955.ENSDARP00000012595	2.3	1
1482918	7955.ENSDARP00000016769	32.5	5
1500429	7955.ENSDARP00000109765	18.7	2
1485618	7955.ENSDARP00000046783	32.4	2
1490075	7955.ENSDARP00000074169	2000	64
1482861	7955.ENSDARP00000016160	61.3	7
1483243	7955.ENSDARP00000019829	1171	176
1493275	7955.ENSDARP00000092621	345	106
1483705	7955.ENSDARP00000024204	59.8	1
1502512	7955.ENSDARP00000113805	3.65	1
1495696	7955.ENSDARP00000100434	5118	2910
1485256	7955.ENSDARP00000042866	0.715	1
1487874	7955.ENSDARP00000062670	726	400
1481345	7955.ENSDARP00000002223	195	14
1486698	7955.ENSDARP00000055503	1037	41
1483455	7955.ENSDARP00000022077	1799	238
1486402	7955.ENSDARP00000053595	19.6	1
1490345	7955.ENSDARP00000075639	5.82	3
1483734	7955.ENSDARP00000024433	33.9	3
1487165	7955.ENSDARP00000058363	3450	76
1503349	7955.ENSDARP00000115964	2582	7076
1484205	7955.ENSDARP00000029607	1348	154
1493746	7955.ENSDARP00000094626	148	137
1483552	7955.ENSDARP00000022858	8.13	1
1481636	7955.ENSDARP00000004866	61.5	7
1493245	7955.ENSDARP00000092488	410	25
1493244	7955.ENSDARP00000092484	9.63	1
1506274	7955.ENSDARP00000123530	340	26
1484755	7955.ENSDARP00000037150	558	26
1499751	7955.ENSDARP00000108560	548	31
1504771	7955.ENSDARP00000119651	6.1	2
1484428	7955.ENSDARP00000032748	41.7	4
1505315	7955.ENSDARP00000121065	313	234
1504774	7955.ENSDARP00000119658	245	12
1494243	7955.ENSDARP00000096674	4306	1275
1494242	7955.ENSDARP00000096673	0.898	1
1501346	7955.ENSDARP00000111314	14.2	1
1503105	7955.ENSDARP00000115363	13.3	2
1493702	7955.ENSDARP00000094415	409	23
1504082	7955.ENSDARP00000117879	1382	91
1493701	7955.ENSDARP00000094413	187	45
1499849	7955.ENSDARP00000108742	3.91	2
1499966	7955.ENSDARP00000108965	2775	71
1499964	7955.ENSDARP00000108963	110	18
1482429	7955.ENSDARP00000012139	49.0	3
1485824	7955.ENSDARP00000049002	515	100
1483092	7955.ENSDARP00000018197	3098	153
1499632	7955.ENSDARP00000108361	92.7	2
1485832	7955.ENSDARP00000049134	847	69
1494051	7955.ENSDARP00000095894	11.3	1
1490608	7955.ENSDARP00000076726	116	5
1481516	7955.ENSDARP00000003646	64.1	10
1483912	7955.ENSDARP00000026192	9.69	1
1481515	7955.ENSDARP00000003641	554	19
1488483	7955.ENSDARP00000066229	2.82	1
1505081	7955.ENSDARP00000120420	230	10
1483487	7955.ENSDARP00000022320	730	27
1498799	7955.ENSDARP00000106906	395	23
1501061	7955.ENSDARP00000110851	829	598
1481623	7955.ENSDARP00000004738	761	83
1482738	7955.ENSDARP00000015055	77.6	5
1505422	7955.ENSDARP00000121339	651	30
1492307	7955.ENSDARP00000088354	3185	213
1505420	7955.ENSDARP00000121336	102	5
1499525	7955.ENSDARP00000108188	151	11
1482928	7955.ENSDARP00000016831	612	61
1493857	7955.ENSDARP00000095097	54.9	5
1483761	7955.ENSDARP00000024694	51.5	7
1498102	7955.ENSDARP00000105678	389	42
1486864	7955.ENSDARP00000056522	4.45	3
1485845	7955.ENSDARP00000049263	62.6	5
1481994	7955.ENSDARP00000008118	86.7	12
1498932	7955.ENSDARP00000107162	3.89	1
1483767	7955.ENSDARP00000024751	81.2	3
1488733	7955.ENSDARP00000067559	7.45	1
1498935	7955.ENSDARP00000107168	111	3
1488473	7955.ENSDARP00000066176	1384	599
1481864	7955.ENSDARP00000006973	218	17
1481569	7955.ENSDARP00000004139	762	84
1486595	7955.ENSDARP00000054875	44.4	3
1498551	7955.ENSDARP00000106443	810	338
1482649	7955.ENSDARP00000014182	10.7	1
1484030	7955.ENSDARP00000027342	2756	48
1486281	7955.ENSDARP00000052861	13.4	1
1498381	7955.ENSDARP00000106164	144	113
1498380	7955.ENSDARP00000106163	4.99	1
1498379	7955.ENSDARP00000106162	214	22
1482840	7955.ENSDARP00000015985	7.38	3
1488693	7955.ENSDARP00000067373	527	44
1484972	7955.ENSDARP00000039821	11.2	1
1501748	7955.ENSDARP00000112034	810	338
1485401	7955.ENSDARP00000044385	71.4	13
1488762	7955.ENSDARP00000067688	0.265	1
1488099	7955.ENSDARP00000063856	42.8	3
1498482	7955.ENSDARP00000106325	12.5	3
1497876	7955.ENSDARP00000105290	257	108
1492887	7955.ENSDARP00000090957	14.3	2
1503692	7955.ENSDARP00000116865	87.3	34
1504500	7955.ENSDARP00000118910	329	18
1488177	7955.ENSDARP00000064310	577	13
1491285	7955.ENSDARP00000081474	37.6	5
1492692	7955.ENSDARP00000090133	7.9	4
1485202	7955.ENSDARP00000042254	35.9	4
1484367	7955.ENSDARP00000032005	5.59	3
1485203	7955.ENSDARP00000042258	25.1	2
1481807	7955.ENSDARP00000006424	5.69	4
1503994	7955.ENSDARP00000117653	0.164	1
1487278	7955.ENSDARP00000058955	1512	151
1484969	7955.ENSDARP00000039795	95.3	5
1483886	7955.ENSDARP00000025885	116	56
1490745	7955.ENSDARP00000077564	35.4	6
1486799	7955.ENSDARP00000056088	8.92	4
1486149	7955.ENSDARP00000052090	13.7	2
1492389	7955.ENSDARP00000088722	55.7	4
1486150	7955.ENSDARP00000052096	25.5	1
1487581	7955.ENSDARP00000060744	2723	213
1505632	7955.ENSDARP00000121882	167	20
1483834	7955.ENSDARP00000025501	316	33
1488409	7955.ENSDARP00000065680	1075	174
1483287	7955.ENSDARP00000020214	60.9	12
1490996	7955.ENSDARP00000079424	988	132
1500830	7955.ENSDARP00000110454	794	58
1503757	7955.ENSDARP00000117024	203	14
1481818	7955.ENSDARP00000006510	351	47
1483164	7955.ENSDARP00000018980	1736	57
1503622	7955.ENSDARP00000116684	73.8	22
1494712	7955.ENSDARP00000098175	66.1	7
1482828	7955.ENSDARP00000015917	1694	414
1485065	7955.ENSDARP00000040787	24.8	5
1482222	7955.ENSDARP00000010406	11.3	7
1490788	7955.ENSDARP00000077832	810	338
1496727	7955.ENSDARP00000102911	2.76	4
1486227	7955.ENSDARP00000052528	837	15
1486885	7955.ENSDARP00000056644	30.8	4
1487314	7955.ENSDARP00000059193	152	4
1483298	7955.ENSDARP00000020361	44.1	4
1489219	7955.ENSDARP00000070002	534	52
1502670	7955.ENSDARP00000114220	89.7	21
1489068	7955.ENSDARP00000069178	6.77	1
1481440	7955.ENSDARP00000003107	460	44
1482836	7955.ENSDARP00000015966	157	4
1487352	7955.ENSDARP00000059359	16.6	3
1487009	7955.ENSDARP00000057421	24.2	2
1495415	7955.ENSDARP00000099772	5941	13882
1484062	7955.ENSDARP00000027654	249	8
1500971	7955.ENSDARP00000110694	389	42
1486104	7955.ENSDARP00000051762	3029	136
1486430	7955.ENSDARP00000053796	106	13
1490412	7955.ENSDARP00000075883	196	24
1490142	7955.ENSDARP00000074570	89.7	10
1505809	7955.ENSDARP00000122305	28.3	2
1492955	7955.ENSDARP00000091324	116	46
1495973	7955.ENSDARP00000101100	1086	155
1481865	7955.ENSDARP00000007002	18.2	2
1483963	7955.ENSDARP00000026697	0.788	1
1493419	7955.ENSDARP00000093301	6.9	3
1493421	7955.ENSDARP00000093303	10.1	1
1500451	7955.ENSDARP00000109807	928	730
1489312	7955.ENSDARP00000070462	541	25
1484860	7955.ENSDARP00000038446	71.9	2
1500446	7955.ENSDARP00000109800	2.43	3
1485619	7955.ENSDARP00000046791	0.196	1
1484099	7955.ENSDARP00000028033	11.3	2
1493396	7955.ENSDARP00000093235	46.4	2
1488761	7955.ENSDARP00000067677	41.5	2
1483712	7955.ENSDARP00000024272	269	207
1504683	7955.ENSDARP00000119407	22.0	18
1482978	7955.ENSDARP00000017258	18.8	2
1502516	7955.ENSDARP00000113812	170	9
1505799	7955.ENSDARP00000122279	43.4	1
1482474	7955.ENSDARP00000012454	616	84
1487203	7955.ENSDARP00000058554	284	32
1490642	7955.ENSDARP00000076844	272	34
1483453	7955.ENSDARP00000022064	6.99	2
1482901	7955.ENSDARP00000016622	35.1	9
1489915	7955.ENSDARP00000073486	2.21	6
1493135	7955.ENSDARP00000092016	12.6	3
1484186	7955.ENSDARP00000029343	28.5	4
1500061	7955.ENSDARP00000109119	5.58	1
1490829	7955.ENSDARP00000078114	0.824	1
1482747	7955.ENSDARP00000015132	353	29
1492750	7955.ENSDARP00000090374	37.1	3
1505708	7955.ENSDARP00000122059	15.4	3
1482398	7955.ENSDARP00000011837	160	17
1483106	7955.ENSDARP00000018348	67.1	3
1500329	7955.ENSDARP00000109592	107	5
1483778	7955.ENSDARP00000024900	3118	531
1493706	7955.ENSDARP00000094422	31.5	10
1505454	7955.ENSDARP00000121430	0.77	1
1502815	7955.ENSDARP00000114570	1.28	1
1507342	7955.ENSDARP00000126355	21.6	4
1505456	7955.ENSDARP00000121437	1974	125
1502820	7955.ENSDARP00000114578	528	4
1505271	7955.ENSDARP00000120922	390	26
1494182	7955.ENSDARP00000096449	466	135
1499417	7955.ENSDARP00000107998	810	338
1481620	7955.ENSDARP00000004706	11.4	2
1486929	7955.ENSDARP00000056884	300	86
1488283	7955.ENSDARP00000064973	50.8	3
1505184	7955.ENSDARP00000120695	4.43	2
1483499	7955.ENSDARP00000022440	749	72
1506324	7955.ENSDARP00000123652	203	20
1482658	7955.ENSDARP00000014260	119	17
1481621	7955.ENSDARP00000004708	744	48
1490619	7955.ENSDARP00000076769	9.71	1
1484720	7955.ENSDARP00000036699	22.0	3
1485568	7955.ENSDARP00000046171	2440	78
1485882	7955.ENSDARP00000049650	23.7	3
1505425	7955.ENSDARP00000121344	0.315	1
1502773	7955.ENSDARP00000114456	0.311	1
1485101	7955.ENSDARP00000041268	2794	194
1484307	7955.ENSDARP00000031098	69.4	2
1486396	7955.ENSDARP00000053541	223	9
1503277	7955.ENSDARP00000115796	500	5
1505044	7955.ENSDARP00000120324	1.44	1
1486284	7955.ENSDARP00000052897	11.0	1
1498937	7955.ENSDARP00000107173	19.8	2
1498090	7955.ENSDARP00000105660	19.1	12
1481537	7955.ENSDARP00000003814	123	9
1492920	7955.ENSDARP00000091097	2.68	1
1504946	7955.ENSDARP00000120100	4.63	1
1489416	7955.ENSDARP00000071046	67.2	14
1505202	7955.ENSDARP00000120742	2003	195
1504996	7955.ENSDARP00000120213	65.9	17
1488536	7955.ENSDARP00000066567	37.5	7
1496962	7955.ENSDARP00000103445	26.4	3
1485186	7955.ENSDARP00000042064	28.1	13
1504477	7955.ENSDARP00000118861	245	27
1488542	7955.ENSDARP00000066589	3.99	1
1488544	7955.ENSDARP00000066619	64.6	28
1487496	7955.ENSDARP00000060243	66.9	10
1482364	7955.ENSDARP00000011562	1125	53
1492735	7955.ENSDARP00000090306	629	2585
1493277	7955.ENSDARP00000092636	38.2	2
1496347	7955.ENSDARP00000102004	6.72	1
1485360	7955.ENSDARP00000043931	10751	2354
1482083	7955.ENSDARP00000009096	1171	45
1482971	7955.ENSDARP00000017217	737	56
1506581	7955.ENSDARP00000124448	208	30
1483121	7955.ENSDARP00000018579	128	3
1492882	7955.ENSDARP00000090943	58.4	3
1485212	7955.ENSDARP00000042339	55.8	1
1492883	7955.ENSDARP00000090944	18.3	16
1496313	7955.ENSDARP00000101928	1.14	1
1498373	7955.ENSDARP00000106154	43.6	5
1483031	7955.ENSDARP00000017693	290	65
1498374	7955.ENSDARP00000106156	6.82	4
1486659	7955.ENSDARP00000055273	4.83	5
1483265	7955.ENSDARP00000020027	3351	119
1502086	7955.ENSDARP00000112646	205	7
1481962	7955.ENSDARP00000007836	1.49	1
1488665	7955.ENSDARP00000067187	1.41	3
1493092	7955.ENSDARP00000091899	2926	89
1482146	7955.ENSDARP00000009659	0.34	1
1497962	7955.ENSDARP00000105443	16447	460
1496646	7955.ENSDARP00000102718	15.5	7
1485333	7955.ENSDARP00000043687	16.3	2
1483323	7955.ENSDARP00000020595	278	3
1488584	7955.ENSDARP00000066862	12.6	2
1500828	7955.ENSDARP00000110449	26.3	1
1484563	7955.ENSDARP00000034534	494	16
1492031	7955.ENSDARP00000086858	12.1	1
1503932	7955.ENSDARP00000117497	1331	106
1497784	7955.ENSDARP00000105113	10.8	5
1485804	7955.ENSDARP00000048827	351	262
1506620	7955.ENSDARP00000124595	43.7	1
1501691	7955.ENSDARP00000111930	810	338
1495958	7955.ENSDARP00000101062	410	21
1492762	7955.ENSDARP00000090434	1659	104
1483273	7955.ENSDARP00000020119	1.93	1
1506689	7955.ENSDARP00000124846	51.3	22
1481409	7955.ENSDARP00000002844	707	60
1482223	7955.ENSDARP00000010413	118	98
1482983	7955.ENSDARP00000017326	730	480
1496628	7955.ENSDARP00000102672	811	83
1494425	7955.ENSDARP00000097494	474	31
1497753	7955.ENSDARP00000105059	810	338
1487353	7955.ENSDARP00000059365	17389	1555
1494481	7955.ENSDARP00000097617	10.1	1
1500967	7955.ENSDARP00000110687	40.3	5
1489179	7955.ENSDARP00000069762	192	10
1505111	7955.ENSDARP00000120492	66.5	7
1494766	7955.ENSDARP00000098301	57.8	3
1506680	7955.ENSDARP00000124804	436	8
1496388	7955.ENSDARP00000102098	267	99
1484064	7955.ENSDARP00000027662	605	39
1496714	7955.ENSDARP00000102878	15.1	1
1504816	7955.ENSDARP00000119785	16.1	1
1481924	7955.ENSDARP00000007548	4.3	1
1489609	7955.ENSDARP00000072235	117	10
1488335	7955.ENSDARP00000065277	12.8	1
1492505	7955.ENSDARP00000089263	10.0	4
1504178	7955.ENSDARP00000118091	374	84
1487132	7955.ENSDARP00000058161	257	42
1485260	7955.ENSDARP00000042894	26.8	4
1482916	7955.ENSDARP00000016749	146	25
1500166	7955.ENSDARP00000109299	810	338
1482595	7955.ENSDARP00000013511	8.78	1
1482543	7955.ENSDARP00000013042	58.1	79
1482596	7955.ENSDARP00000013512	5.72	3
1486404	7955.ENSDARP00000053608	33.6	1
1487803	7955.ENSDARP00000062277	50.3	3
1496561	7955.ENSDARP00000102491	43.6	1
1487919	7955.ENSDARP00000062873	794	31
1482952	7955.ENSDARP00000016984	242	26
1494370	7955.ENSDARP00000097279	99.1	19
1504300	7955.ENSDARP00000118414	2.06	3
1486829	7955.ENSDARP00000056277	129	6
1504686	7955.ENSDARP00000119413	1646	205
1481857	7955.ENSDARP00000006888	70.9	32
1482714	7955.ENSDARP00000014897	366	4
1484501	7955.ENSDARP00000033622	1170	108
1493481	7955.ENSDARP00000093555	59.2	20
1493482	7955.ENSDARP00000093557	1.08	1
1481460	7955.ENSDARP00000003250	7.52	1
1494007	7955.ENSDARP00000095652	625	369
1506409	7955.ENSDARP00000123911	46.2	4
1504263	7955.ENSDARP00000118326	98.3	83
1504261	7955.ENSDARP00000118321	0.338	3
1487169	7955.ENSDARP00000058383	3756	226
1493267	7955.ENSDARP00000092578	149	17
1506127	7955.ENSDARP00000123136	45.5	2
1489473	7955.ENSDARP00000071510	4.38	1
1504251	7955.ENSDARP00000118280	208	43
1490041	7955.ENSDARP00000074035	133	12
1483808	7955.ENSDARP00000025226	456	19
1481634	7955.ENSDARP00000004843	4.19	1
1481485	7955.ENSDARP00000003398	22.0	1
1489226	7955.ENSDARP00000070021	357	10
1496183	7955.ENSDARP00000101609	5.46	10
1506769	7955.ENSDARP00000125089	490	2464
1506768	7955.ENSDARP00000125088	3.23	6
1499720	7955.ENSDARP00000108502	789	325
1483206	7955.ENSDARP00000019416	2.97	5
1485505	7955.ENSDARP00000045564	46.9	3
1501360	7955.ENSDARP00000111335	2554	192
1484759	7955.ENSDARP00000037198	0.333	1
1482942	7955.ENSDARP00000016922	16.7	5
1501358	7955.ENSDARP00000111333	1496	838
1484793	7955.ENSDARP00000037624	87.0	12
1482324	7955.ENSDARP00000011226	16.3	1
1499841	7955.ENSDARP00000108727	325	199
1502041	7955.ENSDARP00000112527	332	211
1481643	7955.ENSDARP00000004932	5046	249
1485961	7955.ENSDARP00000050602	398	15
1499676	7955.ENSDARP00000108433	179	18
1483517	7955.ENSDARP00000022550	1222	137
1507338	7955.ENSDARP00000126346	29.2	2
1489875	7955.ENSDARP00000073344	0.712	1
1489876	7955.ENSDARP00000073345	1.64	1
1486122	7955.ENSDARP00000051889	13.0	2
1483604	7955.ENSDARP00000023354	242	24
1498828	7955.ENSDARP00000106960	11.0	2
1483481	7955.ENSDARP00000022302	423	117
1482519	7955.ENSDARP00000012808	44.0	7
1485866	7955.ENSDARP00000049461	508	25
1491491	7955.ENSDARP00000082917	4.92	6
1485469	7955.ENSDARP00000045176	0.535	1
1501868	7955.ENSDARP00000112233	43.4	5
1483577	7955.ENSDARP00000023121	2367	140
1496017	7955.ENSDARP00000101193	1980	94
1506258	7955.ENSDARP00000123487	47.5	4
1482367	7955.ENSDARP00000011595	10.1	1
1507294	7955.ENSDARP00000126238	3.77	1
1486737	7955.ENSDARP00000055709	158	13
1488503	7955.ENSDARP00000066372	1048	63
1483198	7955.ENSDARP00000019373	0.468	1
1495673	7955.ENSDARP00000100395	2.32	1
1485102	7955.ENSDARP00000041278	1502	758
1484412	7955.ENSDARP00000032575	2295	230
1501909	7955.ENSDARP00000112301	257	108
1484668	7955.ENSDARP00000036006	204	36
1498924	7955.ENSDARP00000107144	363	10
1488606	7955.ENSDARP00000066972	41.9	7
1483774	7955.ENSDARP00000024860	80.3	22
1498577	7955.ENSDARP00000106496	810	338
1498926	7955.ENSDARP00000107148	810	338
1492915	7955.ENSDARP00000091082	3447	196
1487954	7955.ENSDARP00000063054	15.4	1
1489641	7955.ENSDARP00000072337	631	138
1498616	7955.ENSDARP00000106566	435	8
1486979	7955.ENSDARP00000057256	68.6	6
1486980	7955.ENSDARP00000057257	48.5	10
1492931	7955.ENSDARP00000091159	10.5	1
1499155	7955.ENSDARP00000107547	810	338
1482125	7955.ENSDARP00000009474	234	59
1483794	7955.ENSDARP00000025096	139	15
1483515	7955.ENSDARP00000022542	5.68	1
1489105	7955.ENSDARP00000069336	11.0	4
1482214	7955.ENSDARP00000010317	4.35	1
1496990	7955.ENSDARP00000103515	1.11	1
1482387	7955.ENSDARP00000011778	256	14
1484607	7955.ENSDARP00000035106	34.5	8
1488770	7955.ENSDARP00000067735	0.658	1
1484609	7955.ENSDARP00000035109	15.7	2
1485147	7955.ENSDARP00000041699	1015	53
1501091	7955.ENSDARP00000110895	532	127
1499063	7955.ENSDARP00000107383	74.4	11
1490261	7955.ENSDARP00000075216	3.75	1
1507060	7955.ENSDARP00000125631	146	2
1489208	7955.ENSDARP00000069977	188	6
1506585	7955.ENSDARP00000124457	6.89	1
1484291	7955.ENSDARP00000030881	3232	331
1497510	7955.ENSDARP00000104630	257	108
1488026	7955.ENSDARP00000063522	35.6	1
1488027	7955.ENSDARP00000063524	274	25
1488754	7955.ENSDARP00000067646	10.5	1
1485081	7955.ENSDARP00000041034	7.84	4
1498658	7955.ENSDARP00000106634	810	338
1490012	7955.ENSDARP00000073910	102	5
1486802	7955.ENSDARP00000056104	4.08	1
1482507	7955.ENSDARP00000012722	1.08	1
1486113	7955.ENSDARP00000051803	41.4	2
1485586	7955.ENSDARP00000046430	64.6	8
1486114	7955.ENSDARP00000051806	225	7
1490295	7955.ENSDARP00000075371	49.5	5
1492374	7955.ENSDARP00000088646	598	99
1487584	7955.ENSDARP00000060765	58.0	14
1502331	7955.ENSDARP00000113307	1980	94
1492636	7955.ENSDARP00000089879	431	213
1502463	7955.ENSDARP00000113657	42.8	2
1490258	7955.ENSDARP00000075208	25.1	3
1481719	7955.ENSDARP00000005578	379	13
1495314	7955.ENSDARP00000099551	45.0	2
1495313	7955.ENSDARP00000099550	275	211
1491616	7955.ENSDARP00000083835	517	27
1492686	7955.ENSDARP00000090111	13.3	1
1483974	7955.ENSDARP00000026816	0.076	3
1492687	7955.ENSDARP00000090113	165	27
1483973	7955.ENSDARP00000026810	89.4	5
1486197	7955.ENSDARP00000052382	1187	41
1490974	7955.ENSDARP00000079241	5.01	1
1488940	7955.ENSDARP00000068574	8.09	4
1506615	7955.ENSDARP00000124587	183	27
1494493	7955.ENSDARP00000097644	2073	84
1488939	7955.ENSDARP00000068572	80.3	7
1504043	7955.ENSDARP00000117799	8.23	1
1497657	7955.ENSDARP00000104899	0.881	3
1482228	7955.ENSDARP00000010427	104	10
1483757	7955.ENSDARP00000024670	1.17	1
1482985	7955.ENSDARP00000017331	159	2
1484374	7955.ENSDARP00000032142	1.52	1
1502319	7955.ENSDARP00000113278	580	17
1488208	7955.ENSDARP00000064511	7.99	1
1492119	7955.ENSDARP00000087462	1340	88
1492120	7955.ENSDARP00000087463	21.4	1
1487674	7955.ENSDARP00000061365	68.0	16
1504037	7955.ENSDARP00000117775	0.481	1
1481632	7955.ENSDARP00000004830	1539	77
1483407	7955.ENSDARP00000021569	439	312
1481372	7955.ENSDARP00000002475	1042	62
1481947	7955.ENSDARP00000007716	907	27
1486459	7955.ENSDARP00000053962	9.14	2
1494779	7955.ENSDARP00000098331	9.89	5
1506115	7955.ENSDARP00000123109	9.93	2
1496685	7955.ENSDARP00000102802	88.9	11
1484065	7955.ENSDARP00000027672	318	13
1493543	7955.ENSDARP00000093817	295	69
1482956	7955.ENSDARP00000017029	31.9	5
1482107	7955.ENSDARP00000009285	67.2	7
1481761	7955.ENSDARP00000006001	103	13
1485789	7955.ENSDARP00000048675	76.3	8
1483354	7955.ENSDARP00000020942	83.5	10
1492197	7955.ENSDARP00000087881	65.5	2
1484252	7955.ENSDARP00000030237	6.63	1
1501608	7955.ENSDARP00000111786	810	338
1487406	7955.ENSDARP00000059711	21.6	1
1501604	7955.ENSDARP00000111782	162	6
1483925	7955.ENSDARP00000026327	5.93	1
1487219	7955.ENSDARP00000058628	5527	2925
1500157	7955.ENSDARP00000109284	185	11
1487800	7955.ENSDARP00000062263	97.7	6
1482858	7955.ENSDARP00000016138	108	10
1493583	7955.ENSDARP00000093966	6.96	2
1482575	7955.ENSDARP00000013329	2642	204
1489062	7955.ENSDARP00000069157	1.07	1
1493531	7955.ENSDARP00000093780	257	108
1493532	7955.ENSDARP00000093781	1173	90
1490431	7955.ENSDARP00000075994	848	103
1493534	7955.ENSDARP00000093787	257	108
1502421	7955.ENSDARP00000113541	339	211
1488226	7955.ENSDARP00000064608	35.1	9
1482227	7955.ENSDARP00000010426	35.9	2
1500196	7955.ENSDARP00000109355	810	338
1481335	7955.ENSDARP00000002122	1516	125
1481915	7955.ENSDARP00000007446	243	12
1482110	7955.ENSDARP00000009320	875	670
1494198	7955.ENSDARP00000096512	828	63
1481524	7955.ENSDARP00000003700	1018	32
1481525	7955.ENSDARP00000003705	56.1	5
1486027	7955.ENSDARP00000051233	0.587	1
1486026	7955.ENSDARP00000051230	117	30
1495492	7955.ENSDARP00000099976	0.715	1
1506412	7955.ENSDARP00000123920	45.4	6
1494004	7955.ENSDARP00000095645	4.26	2
1486028	7955.ENSDARP00000051235	0.549	1
1494755	7955.ENSDARP00000098279	118	11
1493262	7955.ENSDARP00000092565	289	44
1489476	7955.ENSDARP00000071527	2726	141
1485721	7955.ENSDARP00000047843	5.2	3
1505894	7955.ENSDARP00000122502	360	2293
1481483	7955.ENSDARP00000003389	2088	88
1490574	7955.ENSDARP00000076519	147	21
1489856	7955.ENSDARP00000073228	16.7	3
1486376	7955.ENSDARP00000053431	365	17
1499736	7955.ENSDARP00000108536	340	1392
1504780	7955.ENSDARP00000119683	845	8
1482870	7955.ENSDARP00000016261	96.0	10
1505266	7955.ENSDARP00000120909	2814	41
1501354	7955.ENSDARP00000111326	5721	13541
1482163	7955.ENSDARP00000009865	58.2	2
1502371	7955.ENSDARP00000113417	283	8
1506503	7955.ENSDARP00000124211	2.48	2
1506504	7955.ENSDARP00000124217	4079	181
1499467	7955.ENSDARP00000108086	0.572	1
1505974	7955.ENSDARP00000122726	2.15	1
1498258	7955.ENSDARP00000105955	473	75
1499469	7955.ENSDARP00000108089	1758	69
1504581	7955.ENSDARP00000119118	582	41
1502134	7955.ENSDARP00000112824	1980	94
1500344	7955.ENSDARP00000109625	2039	762
1490732	7955.ENSDARP00000077445	31.7	8
1486642	7955.ENSDARP00000055185	768	8
1497378	7955.ENSDARP00000104399	257	108
1505360	7955.ENSDARP00000121180	227	35
1502811	7955.ENSDARP00000114555	273	22
1494171	7955.ENSDARP00000096421	288	14
1501072	7955.ENSDARP00000110869	257	108
1485468	7955.ENSDARP00000045149	20.4	4
1506335	7955.ENSDARP00000123676	8.18	3
1483484	7955.ENSDARP00000022310	442	27
1506332	7955.ENSDARP00000123671	137	6
1505351	7955.ENSDARP00000121163	121	16
1482739	7955.ENSDARP00000015065	117	10
1505349	7955.ENSDARP00000121161	297	22
1490497	7955.ENSDARP00000076240	11.5	1
1499830	7955.ENSDARP00000108711	1223	205
1505141	7955.ENSDARP00000120580	63.7	2
1499837	7955.ENSDARP00000108718	4.52	1
1499563	7955.ENSDARP00000108249	332	4
1505053	7955.ENSDARP00000120344	1382	91
1501914	7955.ENSDARP00000112313	45.5	3
1496968	7955.ENSDARP00000103461	13.7	5
1489715	7955.ENSDARP00000072618	311	18
1490180	7955.ENSDARP00000074827	15.6	8
1489968	7955.ENSDARP00000073748	228	9
1482674	7955.ENSDARP00000014422	4.14	1
1482308	7955.ENSDARP00000011148	1955	60
1484419	7955.ENSDARP00000032688	564	55
1485122	7955.ENSDARP00000041423	8.27	2
1486753	7955.ENSDARP00000055809	146	10
1495536	7955.ENSDARP00000100078	62.1	19
1485525	7955.ENSDARP00000045696	102	3
1485130	7955.ENSDARP00000041514	118	8
1487760	7955.ENSDARP00000061954	894	60
1484819	7955.ENSDARP00000037871	14706	1415
1496518	7955.ENSDARP00000102398	125	24
1487761	7955.ENSDARP00000061957	671	17
1483207	7955.ENSDARP00000019419	2.56	1
1503141	7955.ENSDARP00000115443	82.6	1
1483518	7955.ENSDARP00000022552	476	10
1506186	7955.ENSDARP00000123299	379	345
1486325	7955.ENSDARP00000053151	23.0	3
1485666	7955.ENSDARP00000047205	91.7	19
1486937	7955.ENSDARP00000056918	77.4	30
1485665	7955.ENSDARP00000047200	500	358
1491824	7955.ENSDARP00000085343	28.6	3
1481284	7955.ENSDARP00000000392	8.31	5
1497313	7955.ENSDARP00000104241	54.6	3
1489381	7955.ENSDARP00000070818	0.133	1
1491835	7955.ENSDARP00000085485	3.19	5
1488688	7955.ENSDARP00000067349	78.3	5
1488706	7955.ENSDARP00000067432	56.1	5
1482361	7955.ENSDARP00000011545	335	9
1490257	7955.ENSDARP00000075204	162	17
1485219	7955.ENSDARP00000042420	125	31
1490259	7955.ENSDARP00000075209	22.0	1
1481992	7955.ENSDARP00000008099	7.25	1
1507056	7955.ENSDARP00000125625	203	19
1482363	7955.ENSDARP00000011549	0.731	1
1483730	7955.ENSDARP00000024411	5.0	1
1487057	7955.ENSDARP00000057651	63.1	7
1485049	7955.ENSDARP00000040644	211	26
1482822	7955.ENSDARP00000015877	3.51	2
1484590	7955.ENSDARP00000034885	27.9	2
1485229	7955.ENSDARP00000042511	76.8	5
1484369	7955.ENSDARP00000032037	38.7	1
1482259	7955.ENSDARP00000010788	18.4	4
1481695	7955.ENSDARP00000005361	401	8
1483321	7955.ENSDARP00000020578	268	23
1486620	7955.ENSDARP00000055063	95.8	12
1486619	7955.ENSDARP00000055061	4096	77
1485288	7955.ENSDARP00000043179	1.11	1
1485164	7955.ENSDARP00000041841	747	28
1483334	7955.ENSDARP00000020775	616	70
1485287	7955.ENSDARP00000043172	3931	72
1491912	7955.ENSDARP00000086058	29.9	4
1492125	7955.ENSDARP00000087500	561	21
1488863	7955.ENSDARP00000068144	57.9	17
1483278	7955.ENSDARP00000020173	27.2	1
1492683	7955.ENSDARP00000090100	5.66	4
1483972	7955.ENSDARP00000026805	426	44
1483258	7955.ENSDARP00000019957	336	1895
1488931	7955.ENSDARP00000068542	3.75	1
1483755	7955.ENSDARP00000024660	722	47
1491754	7955.ENSDARP00000084839	6.85	2
1492573	7955.ENSDARP00000089612	195	10
1485440	7955.ENSDARP00000044908	80.0	7
1481348	7955.ENSDARP00000002260	16.5	5
1487623	7955.ENSDARP00000061000	4936	253
1491066	7955.ENSDARP00000079877	45.0	8
1494392	7955.ENSDARP00000097371	97.3	6
1485269	7955.ENSDARP00000043001	106	11
1489128	7955.ENSDARP00000069494	11.7	1
1495356	7955.ENSDARP00000099639	382	29
1493355	7955.ENSDARP00000093027	84.5	48
1489168	7955.ENSDARP00000069708	320	4
1492195	7955.ENSDARP00000087879	89.3	9
1497128	7955.ENSDARP00000103819	257	108
1492190	7955.ENSDARP00000087874	1427	21
1492189	7955.ENSDARP00000087873	271	4
1492188	7955.ENSDARP00000087872	1797	28
1497124	7955.ENSDARP00000103810	53.1	8
1492186	7955.ENSDARP00000087870	124	5
1506118	7955.ENSDARP00000123118	57.5	7
1481758	7955.ENSDARP00000005968	1016	54
1496044	7955.ENSDARP00000101257	533	16
1493538	7955.ENSDARP00000093801	224	211
1500741	7955.ENSDARP00000110315	13.9	1
1481867	7955.ENSDARP00000007032	444	40
1493136	7955.ENSDARP00000092020	38.3	2
1486014	7955.ENSDARP00000051138	3.49	1
1489510	7955.ENSDARP00000071683	2.21	1
1483691	7955.ENSDARP00000024085	84.1	2
1492419	7955.ENSDARP00000088880	4.04	3
1494729	7955.ENSDARP00000098211	7.57	1
1493536	7955.ENSDARP00000093791	339	211
1493535	7955.ENSDARP00000093790	1173	90
1497933	7955.ENSDARP00000105380	2.32	1
1495715	7955.ENSDARP00000100479	14.3	1
1504309	7955.ENSDARP00000118435	14.7	1
1492452	7955.ENSDARP00000089045	279	2
1505783	7955.ENSDARP00000122226	40.6	4
1488239	7955.ENSDARP00000064671	157	15
1504782	7955.ENSDARP00000119693	19.9	1
1484270	7955.ENSDARP00000030555	147	24
1481528	7955.ENSDARP00000003738	1719	182
1504784	7955.ENSDARP00000119696	1.06	1
1493530	7955.ENSDARP00000093778	33.6	5
1487297	7955.ENSDARP00000059038	3.45	11
1494196	7955.ENSDARP00000096504	4836	441
1484500	7955.ENSDARP00000033600	642	5
1487868	7955.ENSDARP00000062630	32.5	2
1500213	7955.ENSDARP00000109385	8.09	4
1503030	7955.ENSDARP00000115147	1513	35
1483450	7955.ENSDARP00000022030	84.1	4
1481464	7955.ENSDARP00000003281	477	29
1493253	7955.ENSDARP00000092510	382	29
1497774	7955.ENSDARP00000105094	2129	903
1493164	7955.ENSDARP00000092179	227	10
1483722	7955.ENSDARP00000024338	104	8
1500404	7955.ENSDARP00000109722	0.846	5
1500403	7955.ENSDARP00000109720	165	23
1482720	7955.ENSDARP00000014929	4.99	1
1484142	7955.ENSDARP00000028689	243	35
1482884	7955.ENSDARP00000016353	8.22	7
1504335	7955.ENSDARP00000118509	13.6	3
1483719	7955.ENSDARP00000024334	7.6	5
1482900	7955.ENSDARP00000016602	454	24
1481374	7955.ENSDARP00000002483	1762	238
1489220	7955.ENSDARP00000070003	17.9	2
1499314	7955.ENSDARP00000107807	105	10
1490572	7955.ENSDARP00000076508	93.6	4
1488244	7955.ENSDARP00000064708	6.94	1
1486503	7955.ENSDARP00000054289	256	25
1482873	7955.ENSDARP00000016279	13.4	1
1488443	7955.ENSDARP00000065939	553	29
1499185	7955.ENSDARP00000107585	810	338
1483918	7955.ENSDARP00000026241	30.9	10
1506520	7955.ENSDARP00000124266	83.3	33
1504574	7955.ENSDARP00000119108	2.58	1
1482513	7955.ENSDARP00000012776	1064	125
1506519	7955.ENSDARP00000124263	9.04	6
1482533	7955.ENSDARP00000012950	332	20
1493229	7955.ENSDARP00000092429	165	15
1493881	7955.ENSDARP00000095187	1162	91
1486292	7955.ENSDARP00000052916	65.6	4
1491552	7955.ENSDARP00000083378	1.23	2
1483663	7955.ENSDARP00000023819	16.0	2
1499665	7955.ENSDARP00000108417	257	108
1499394	7955.ENSDARP00000107946	810	338
1495455	7955.ENSDARP00000099895	5.11	1
1484997	7955.ENSDARP00000040104	1.26	1
1493174	7955.ENSDARP00000092224	0.441	1
1502023	7955.ENSDARP00000112495	3.05	1
1502024	7955.ENSDARP00000112496	211	55
1493173	7955.ENSDARP00000092223	1568	157
1498819	7955.ENSDARP00000106947	29.3	9
1492833	7955.ENSDARP00000090718	12.1	1
1498815	7955.ENSDARP00000106941	8.87	1
1493909	7955.ENSDARP00000095293	11.4	1
1490203	7955.ENSDARP00000074907	21.6	2
1496933	7955.ENSDARP00000103385	7.8	2
1505358	7955.ENSDARP00000121177	9.38	1
1491461	7955.ENSDARP00000082703	15.3	1
1499928	7955.ENSDARP00000108896	58.3	18
1497275	7955.ENSDARP00000104169	43.8	3
1497274	7955.ENSDARP00000104168	382	33
1482810	7955.ENSDARP00000015781	243	16
1496099	7955.ENSDARP00000101401	49.7	1
1485828	7955.ENSDARP00000049044	3981	374
1496102	7955.ENSDARP00000101406	363	16
1486278	7955.ENSDARP00000052852	2.94	5
1485564	7955.ENSDARP00000046121	70.8	25
1499250	7955.ENSDARP00000107702	339	211
1491521	7955.ENSDARP00000083081	4.3	2
1487783	7955.ENSDARP00000062145	178	34
1483194	7955.ENSDARP00000019311	23.3	3
1481501	7955.ENSDARP00000003519	134	5
1486272	7955.ENSDARP00000052801	400	32
1484003	7955.ENSDARP00000027046	260	16
1487901	7955.ENSDARP00000062792	4.99	4
1482170	7955.ENSDARP00000009909	453	46
1493777	7955.ENSDARP00000094762	202	13
1483070	7955.ENSDARP00000018009	68.1	8
1493778	7955.ENSDARP00000094764	146	11
1492241	7955.ENSDARP00000088086	672	783
1498074	7955.ENSDARP00000105632	606	110
1498913	7955.ENSDARP00000107125	22.3	1
1498911	7955.ENSDARP00000107122	1153	697
1484305	7955.ENSDARP00000031042	218	27
1484348	7955.ENSDARP00000031737	106	3
1488563	7955.ENSDARP00000066759	345	30
1485128	7955.ENSDARP00000041502	11.0	5
1489935	7955.ENSDARP00000073595	22.1	1
1493877	7955.ENSDARP00000095167	174	2
1483204	7955.ENSDARP00000019407	155	9
1488723	7955.ENSDARP00000067530	127	9
1488726	7955.ENSDARP00000067534	15.0	5
1482043	7955.ENSDARP00000008646	483	93
1487968	7955.ENSDARP00000063095	1769	59
1498975	7955.ENSDARP00000107232	251	108
1488638	7955.ENSDARP00000067081	242	7
1482264	7955.ENSDARP00000010840	1.52	1
1488639	7955.ENSDARP00000067085	127	7
1498977	7955.ENSDARP00000107234	257	108
1484298	7955.ENSDARP00000030953	3.35	5
1491672	7955.ENSDARP00000084220	7.06	1
1504913	7955.ENSDARP00000120028	132	14
1491873	7955.ENSDARP00000085809	11.1	3
1499915	7955.ENSDARP00000108873	117	10
1485722	7955.ENSDARP00000047864	3.75	2
1489334	7955.ENSDARP00000070548	35.4	1
1482139	7955.ENSDARP00000009605	263	28
1489321	7955.ENSDARP00000070488	331	56
1484026	7955.ENSDARP00000027276	79.1	10
1485656	7955.ENSDARP00000047100	8.29	4
1482821	7955.ENSDARP00000015866	22.0	9
1489399	7955.ENSDARP00000070950	117	11
1487478	7955.ENSDARP00000060165	919	108
1482973	7955.ENSDARP00000017229	146	6
1498319	7955.ENSDARP00000106056	64.7	5
1498316	7955.ENSDARP00000106050	172	22
1492825	7955.ENSDARP00000090664	362	5
1500185	7955.ENSDARP00000109333	91.2	12
1489801	7955.ENSDARP00000072971	827	66
1498648	7955.ENSDARP00000106617	250	17
1492236	7955.ENSDARP00000088060	32.2	1
1489661	7955.ENSDARP00000072408	60.0	1
1506032	7955.ENSDARP00000122887	28.8	6
1483588	7955.ENSDARP00000023215	1.49	1
1506643	7955.ENSDARP00000124670	116	8
1485589	7955.ENSDARP00000046453	3.81	2
1486958	7955.ENSDARP00000057089	571	25
1507414	7955.ENSDARP00000126522	7.64	1
1487646	7955.ENSDARP00000061164	1352	685
1485166	7955.ENSDARP00000041857	32.8	1
1503428	7955.ENSDARP00000116175	18.0	3
1495305	7955.ENSDARP00000099532	330	2001
1483046	7955.ENSDARP00000017792	121	12
1481687	7955.ENSDARP00000005284	7.23	1
1507155	7955.ENSDARP00000125872	2.91	2
1481686	7955.ENSDARP00000005281	135	10
1486742	7955.ENSDARP00000055741	38.7	9
1491750	7955.ENSDARP00000084821	5.07	1
1494498	7955.ENSDARP00000097665	389	42
1488112	7955.ENSDARP00000063949	115	22
1497081	7955.ENSDARP00000103712	0.574	3
1487372	7955.ENSDARP00000059488	1.8	1
1487625	7955.ENSDARP00000061012	250	1
1503822	7955.ENSDARP00000117208	2.3	2
1500699	7955.ENSDARP00000110252	0.078	1
1490949	7955.ENSDARP00000079047	1.82	2
1503821	7955.ENSDARP00000117207	23.1	5
1481838	7955.ENSDARP00000006738	4.2	5
1481950	7955.ENSDARP00000007739	9.3	1
1482034	7955.ENSDARP00000008513	374	69
1482824	7955.ENSDARP00000015884	333	11
1482825	7955.ENSDARP00000015887	212	7
1503202	7955.ENSDARP00000115582	71.4	13
1481949	7955.ENSDARP00000007735	1111	99
1490210	7955.ENSDARP00000074935	557	121
1488791	7955.ENSDARP00000067865	1912	21
1484067	7955.ENSDARP00000027695	118	8
1481766	7955.ENSDARP00000006028	2082	92
1500940	7955.ENSDARP00000110639	86.3	3
1483371	7955.ENSDARP00000021124	57.9	10
1502529	7955.ENSDARP00000113858	1627	571
1489838	7955.ENSDARP00000073113	67.0	27
1486245	7955.ENSDARP00000052638	28.2	5
1494925	7955.ENSDARP00000098667	8.41	1
1502710	7955.ENSDARP00000114313	7.56	1
1481433	7955.ENSDARP00000003038	129	30
1493307	7955.ENSDARP00000092760	345	18
1481430	7955.ENSDARP00000003030	321	30
1497178	7955.ENSDARP00000103937	312	211
1494890	7955.ENSDARP00000098596	1.55	2
1487243	7955.ENSDARP00000058736	663	21
1489023	7955.ENSDARP00000068983	19.1	3
1484531	7955.ENSDARP00000034077	11.1	12
1482405	7955.ENSDARP00000011882	72.0	8
1484423	7955.ENSDARP00000032730	586	98
1493523	7955.ENSDARP00000093747	243	108
1493293	7955.ENSDARP00000092698	219	102
1489651	7955.ENSDARP00000072376	593	25
1493291	7955.ENSDARP00000092691	167	35
1494206	7955.ENSDARP00000096532	62.6	19
1490116	7955.ENSDARP00000074466	19.1	6
1486499	7955.ENSDARP00000054237	551	11
1490115	7955.ENSDARP00000074464	594	47
1482042	7955.ENSDARP00000008636	13.9	2
1500524	7955.ENSDARP00000109930	1.04	1
1486859	7955.ENSDARP00000056465	70.5	26
1482415	7955.ENSDARP00000012018	54.9	3
1484857	7955.ENSDARP00000038400	90.5	4
1487843	7955.ENSDARP00000062517	379	19
1504135	7955.ENSDARP00000117990	207	6
1499325	7955.ENSDARP00000107832	55.5	1
1485934	7955.ENSDARP00000050295	312	6
1482065	7955.ENSDARP00000008860	34.2	1
1493167	7955.ENSDARP00000092183	0.483	1
1495782	7955.ENSDARP00000100670	13.1	1
1493169	7955.ENSDARP00000092188	468	29
1502994	7955.ENSDARP00000115047	276	122
1482406	7955.ENSDARP00000011898	0.28	1
1482756	7955.ENSDARP00000015262	27.0	2
1491297	7955.ENSDARP00000081533	267	131
1483565	7955.ENSDARP00000022971	32.9	4
1506525	7955.ENSDARP00000124278	46.0	6
1505743	7955.ENSDARP00000122141	1702	38
1505855	7955.ENSDARP00000122416	41.2	8
1497372	7955.ENSDARP00000104379	810	338
1485967	7955.ENSDARP00000050670	139	15
1490539	7955.ENSDARP00000076404	127	9
1499695	7955.ENSDARP00000108465	257	108
1498217	7955.ENSDARP00000105884	16.2	2
1481396	7955.ENSDARP00000002746	2.13	3
1494607	7955.ENSDARP00000097937	69.1	5
1497474	7955.ENSDARP00000104575	410	62
1499697	7955.ENSDARP00000108469	165	44
1482929	7955.ENSDARP00000016840	10.9	4
1486921	7955.ENSDARP00000056848	697	2459
1487088	7955.ENSDARP00000057866	592	38
1487089	7955.ENSDARP00000057868	7.94	2
1489894	7955.ENSDARP00000073415	532	2378
1483655	7955.ENSDARP00000023774	117	11
1481624	7955.ENSDARP00000004741	24.7	3
1483505	7955.ENSDARP00000022486	432	35
1506307	7955.ENSDARP00000123611	33.0	1
1493784	7955.ENSDARP00000094800	599	73
1496810	7955.ENSDARP00000103087	322	8
1483585	7955.ENSDARP00000023177	935	31
1507233	7955.ENSDARP00000126061	0.701	1
1496132	7955.ENSDARP00000101478	123	6
1497251	7955.ENSDARP00000104119	12.0	4
1484134	7955.ENSDARP00000028571	658	82
1506876	7955.ENSDARP00000125277	122	3
1482007	7955.ENSDARP00000008262	43.5	2
1481847	7955.ENSDARP00000006831	23.0	1
1499587	7955.ENSDARP00000108289	450	332
1483522	7955.ENSDARP00000022579	4.01	1
1488594	7955.ENSDARP00000066929	2079	98
1497506	7955.ENSDARP00000104621	213	6
1488508	7955.ENSDARP00000066383	159	9
1482276	7955.ENSDARP00000010925	506	78
1482275	7955.ENSDARP00000010921	275	121
1495618	7955.ENSDARP00000100272	264	9
1502475	7955.ENSDARP00000113682	92.1	5
1498770	7955.ENSDARP00000106853	67.7	15
1488559	7955.ENSDARP00000066721	230	6
1485131	7955.ENSDARP00000041530	162	5
1498855	7955.ENSDARP00000107004	247	26
1485132	7955.ENSDARP00000041532	5.07	11
1493878	7955.ENSDARP00000095170	92.6	3
1485237	7955.ENSDARP00000042623	3.35	1
1485087	7955.ENSDARP00000041087	272	16
1493744	7955.ENSDARP00000094621	9.57	1
1489558	7955.ENSDARP00000071946	2.2	3
1483608	7955.ENSDARP00000023429	43.0	19
1504919	7955.ENSDARP00000120039	0.275	1
1488640	7955.ENSDARP00000067092	57.1	1
1498971	7955.ENSDARP00000107227	17.5	1
1485150	7955.ENSDARP00000041713	126	22
1504915	7955.ENSDARP00000120032	94.5	9
1484947	7955.ENSDARP00000039450	16.0	2
1485672	7955.ENSDARP00000047268	1382	91
1492909	7955.ENSDARP00000091059	0.227	1
1486770	7955.ENSDARP00000055912	339	211
1498549	7955.ENSDARP00000106441	2256	6970
1485247	7955.ENSDARP00000042754	405	56
1492908	7955.ENSDARP00000091054	102	25
1496463	7955.ENSDARP00000102286	300	61
1485195	7955.ENSDARP00000042199	2630	258
1494197	7955.ENSDARP00000096509	890	173
1489201	7955.ENSDARP00000069948	7730	580
1492379	7955.ENSDARP00000088691	43.5	4
1489398	7955.ENSDARP00000070941	50.2	11
1483248	7955.ENSDARP00000019888	1550	887
1482893	7955.ENSDARP00000016494	32.1	4
1488042	7955.ENSDARP00000063576	0.879	3
1488804	7955.ENSDARP00000067896	1173	90
1488803	7955.ENSDARP00000067895	257	108
1488802	7955.ENSDARP00000067894	718	87
1488801	7955.ENSDARP00000067893	257	108
1488800	7955.ENSDARP00000067891	257	108
1487553	7955.ENSDARP00000060575	395	16
1487554	7955.ENSDARP00000060576	237	9
1498675	7955.ENSDARP00000106669	339	211
1495214	7955.ENSDARP00000099321	1173	90
1496660	7955.ENSDARP00000102754	23.2	1
1506038	7955.ENSDARP00000122897	13.9	1
1496293	7955.ENSDARP00000101872	11.0	2
1484163	7955.ENSDARP00000028970	83.3	13
1487576	7955.ENSDARP00000060713	232	27
1492867	7955.ENSDARP00000090874	30.3	1
1481720	7955.ENSDARP00000005582	101	5
1497961	7955.ENSDARP00000105441	445	45
1502232	7955.ENSDARP00000113048	184	6
1482050	7955.ENSDARP00000008690	800	115
1487052	7955.ENSDARP00000057637	115	27
1498325	7955.ENSDARP00000106067	222	54
1486190	7955.ENSDARP00000052354	196	53
1485338	7955.ENSDARP00000043714	21.9	5
1483276	7955.ENSDARP00000020154	27.9	8
1501715	7955.ENSDARP00000111973	339	211
1487261	7955.ENSDARP00000058876	5.11	1
1487260	7955.ENSDARP00000058875	38.3	10
1482027	7955.ENSDARP00000008455	39.5	4
1485642	7955.ENSDARP00000047007	38.8	7
1494482	7955.ENSDARP00000097619	15.3	2
1486631	7955.ENSDARP00000055138	460	43
1487450	7955.ENSDARP00000060004	45.0	1
1503586	7955.ENSDARP00000116589	11.8	1
1486630	7955.ENSDARP00000055135	6520	3026
1484925	7955.ENSDARP00000039143	438	14
1495349	7955.ENSDARP00000099617	2.61	1
1503823	7955.ENSDARP00000117212	41.0	8
1483123	7955.ENSDARP00000018594	1505	9
1494335	7955.ENSDARP00000097050	507	91
1494661	7955.ENSDARP00000098055	27.7	4
1483445	7955.ENSDARP00000021993	14.5	1
1491445	7955.ENSDARP00000082599	23.1	2
1504529	7955.ENSDARP00000118986	1759	509
1496697	7955.ENSDARP00000102837	15.4	5
1494935	7955.ENSDARP00000098692	26.2	2
1497811	7955.ENSDARP00000105168	810	338
1506138	7955.ENSDARP00000123163	19.5	1
1482194	7955.ENSDARP00000010116	86.0	4
1485981	7955.ENSDARP00000050864	66.5	4
1502419	7955.ENSDARP00000113539	31.4	2
1494304	7955.ENSDARP00000096898	683	125
1500753	7955.ENSDARP00000110335	11.3	1
1484434	7955.ENSDARP00000032834	38.7	4
1489042	7955.ENSDARP00000069055	2.75	1
1493465	7955.ENSDARP00000093487	30.8	3
1500756	7955.ENSDARP00000110339	970	87
1492416	7955.ENSDARP00000088868	24.4	20
1482111	7955.ENSDARP00000009325	15.4	3
1497163	7955.ENSDARP00000103901	7.67	1
1497925	7955.ENSDARP00000105368	68.9	19
1481744	7955.ENSDARP00000005837	2145	13
1489477	7955.ENSDARP00000071531	122	6
1485724	7955.ENSDARP00000047901	25.0	5
1483364	7955.ENSDARP00000021064	104	24
1484421	7955.ENSDARP00000032726	8.11	5
1485167	7955.ENSDARP00000041860	191	14
1501009	7955.ENSDARP00000110759	235	108
1502766	7955.ENSDARP00000114437	19.2	72
1489647	7955.ENSDARP00000072363	135	11
1486425	7955.ENSDARP00000053774	243	60
1487194	7955.ENSDARP00000058502	1066	38
1490778	7955.ENSDARP00000077786	0.678	1
1487821	7955.ENSDARP00000062382	1397	148
1494838	7955.ENSDARP00000098474	108	5
1489218	7955.ENSDARP00000070001	1.3	3
1483725	7955.ENSDARP00000024354	11.1	3
1484235	7955.ENSDARP00000029935	91.9	11
1500141	7955.ENSDARP00000109257	810	338
1488403	7955.ENSDARP00000065658	104	3
1492518	7955.ENSDARP00000089334	0.769	1
1502614	7955.ENSDARP00000114052	32.4	9
1494169	7955.ENSDARP00000096413	778	31
1505531	7955.ENSDARP00000121623	43.5	4
1501483	7955.ENSDARP00000111579	416	87
1506514	7955.ENSDARP00000124248	321	11
1500032	7955.ENSDARP00000109071	810	338
1493219	7955.ENSDARP00000092401	56.6	4
1503242	7955.ENSDARP00000115690	16.6	1
1497819	7955.ENSDARP00000105182	27.6	3
1503322	7955.ENSDARP00000115906	5.63	1
1497822	7955.ENSDARP00000105186	383	20
1501693	7955.ENSDARP00000111935	21.6	1
1503325	7955.ENSDARP00000115909	0.302	1
1481987	7955.ENSDARP00000008085	362	24
1485340	7955.ENSDARP00000043742	518	194
1483171	7955.ENSDARP00000019087	203	31
1482766	7955.ENSDARP00000015328	19.7	1
1491631	7955.ENSDARP00000083959	15.2	1
1486553	7955.ENSDARP00000054618	188	23
1493731	7955.ENSDARP00000094561	268	6
1486922	7955.ENSDARP00000056852	1912	3397
1485862	7955.ENSDARP00000049424	185	19
1494038	7955.ENSDARP00000095811	183	88
1482334	7955.ENSDARP00000011311	29.3	5
1499781	7955.ENSDARP00000108614	2.74	11
1503205	7955.ENSDARP00000115589	54.6	3
1492624	7955.ENSDARP00000089804	17.4	2
1496128	7955.ENSDARP00000101467	810	338
1490510	7955.ENSDARP00000076305	5.55	2
1487816	7955.ENSDARP00000062362	966	64
1507313	7955.ENSDARP00000126276	31.3	6
1495495	7955.ENSDARP00000099983	21.0	1
1487818	7955.ENSDARP00000062369	5118	2910
1481507	7955.ENSDARP00000003571	426	27
1485090	7955.ENSDARP00000041141	10.3	69
1495031	7955.ENSDARP00000098905	37.4	12
1503903	7955.ENSDARP00000117418	489	173
1499593	7955.ENSDARP00000108297	4.45	1
1481594	7955.ENSDARP00000004352	2233	283
1493936	7955.ENSDARP00000095384	15.7	7
1488518	7955.ENSDARP00000066429	4796	2724
1482225	7955.ENSDARP00000010419	23.4	1
1486873	7955.ENSDARP00000056582	445	22
1499478	7955.ENSDARP00000108108	272	16
1489378	7955.ENSDARP00000070803	100	3
1489379	7955.ENSDARP00000070807	844	80
1497214	7955.ENSDARP00000104033	3.79	2
1482298	7955.ENSDARP00000011083	123	14
1486338	7955.ENSDARP00000053207	621	12
1483429	7955.ENSDARP00000021850	18.5	1
1486973	7955.ENSDARP00000057215	0.206	1
1501757	7955.ENSDARP00000112050	22.5	1
1501760	7955.ENSDARP00000112054	12.1	1
1482046	7955.ENSDARP00000008663	232	26
1482266	7955.ENSDARP00000010862	123	15
1490233	7955.ENSDARP00000075079	3.92	3
1498155	7955.ENSDARP00000105768	51.8	7
1492907	7955.ENSDARP00000091049	242	7
1486610	7955.ENSDARP00000054986	4193	1342
1481596	7955.ENSDARP00000004394	54.2	47
1498841	7955.ENSDARP00000106981	37.0	16
1488009	7955.ENSDARP00000063383	1137	99
1487433	7955.ENSDARP00000059917	9.07	1
1485447	7955.ENSDARP00000045014	232	24
1496912	7955.ENSDARP00000103347	37.7	11
1481619	7955.ENSDARP00000004700	136	7
1481984	7955.ENSDARP00000008063	40.8	6
1493692	7955.ENSDARP00000094384	35.1	9
1484604	7955.ENSDARP00000035090	2.84	1
1481359	7955.ENSDARP00000002360	204	45
1482976	7955.ENSDARP00000017246	132	24
1503666	7955.ENSDARP00000116808	20.5	2
1486324	7955.ENSDARP00000053138	366	4
1488744	7955.ENSDARP00000067603	148	41
1487551	7955.ENSDARP00000060549	336	10
1484564	7955.ENSDARP00000034536	368	14
1492723	7955.ENSDARP00000090249	67.0	20
1496656	7955.ENSDARP00000102749	257	108
1486119	7955.ENSDARP00000051848	1698	88
1503504	7955.ENSDARP00000116372	517	2511
1485347	7955.ENSDARP00000043811	28.2	2
1496359	7955.ENSDARP00000102029	25.5	1
1493601	7955.ENSDARP00000094034	10.7	1
1483751	7955.ENSDARP00000024635	3.25	1
1484618	7955.ENSDARP00000035273	302	5
1496601	7955.ENSDARP00000102600	856	22
1483112	7955.ENSDARP00000018458	106	16
1502389	7955.ENSDARP00000113453	150	14
1487577	7955.ENSDARP00000060722	14.1	1
1483313	7955.ENSDARP00000020522	269	40
1481777	7955.ENSDARP00000006133	149	11
1487644	7955.ENSDARP00000061148	1642	746
1488200	7955.ENSDARP00000064461	22.3	6
1507133	7955.ENSDARP00000125818	125	31
1503580	7955.ENSDARP00000116574	257	108
1501709	7955.ENSDARP00000111963	1089	126
1498331	7955.ENSDARP00000106078	37.5	7
1483872	7955.ENSDARP00000025776	18.3	2
1489134	7955.ENSDARP00000069533	37.2	2
1483156	7955.ENSDARP00000018923	149	36
1483260	7955.ENSDARP00000019981	56.0	5
1485643	7955.ENSDARP00000047012	38.2	2
1481754	7955.ENSDARP00000005930	775	67
1483702	7955.ENSDARP00000024189	796	13
1483280	7955.ENSDARP00000020181	54.3	10
1503589	7955.ENSDARP00000116598	152	13
1492332	7955.ENSDARP00000088454	86.1	11
1506132	7955.ENSDARP00000123149	174	16
1486433	7955.ENSDARP00000053833	309	22
1481347	7955.ENSDARP00000002234	171	15
1482837	7955.ENSDARP00000015972	113	1
1484592	7955.ENSDARP00000034904	266	19
1503595	7955.ENSDARP00000116609	72.2	7
1502589	7955.ENSDARP00000113988	1601	1817
1500820	7955.ENSDARP00000110439	15.9	5
1492663	7955.ENSDARP00000090024	1832	94
1501626	7955.ENSDARP00000111817	247	9
1503905	7955.ENSDARP00000117422	54.6	2
1494528	7955.ENSDARP00000097735	127	3
1482992	7955.ENSDARP00000017410	469	19
1483766	7955.ENSDARP00000024748	103	13
1488194	7955.ENSDARP00000064399	718	87
1483765	7955.ENSDARP00000024741	529	35
1503316	7955.ENSDARP00000115888	83.0	8
1484518	7955.ENSDARP00000033828	64.5	7
1492093	7955.ENSDARP00000087338	168	44
1495894	7955.ENSDARP00000100931	20.4	2
1483819	7955.ENSDARP00000025342	161	11
1481767	7955.ENSDARP00000006047	36.0	6
1487324	7955.ENSDARP00000059227	21.3	4
1487323	7955.ENSDARP00000059226	236	12
1485784	7955.ENSDARP00000048631	8.22	2
1489085	7955.ENSDARP00000069260	0.23	1
1487831	7955.ENSDARP00000062422	825	20
1490387	7955.ENSDARP00000075802	1062	65
1490386	7955.ENSDARP00000075800	0.2	1
1500761	7955.ENSDARP00000110348	9.81	2
1494315	7955.ENSDARP00000096950	124	22
1499120	7955.ENSDARP00000107491	493	213
1504441	7955.ENSDARP00000118756	54.2	6
1486007	7955.ENSDARP00000051054	161	5
1489372	7955.ENSDARP00000070780	136	6
1484529	7955.ENSDARP00000034052	27.5	2
1497929	7955.ENSDARP00000105375	1.87	1
1488347	7955.ENSDARP00000065355	73.4	20
1487856	7955.ENSDARP00000062555	308	11
1481529	7955.ENSDARP00000003744	477	69
1482587	7955.ENSDARP00000013441	440	67
1483900	7955.ENSDARP00000026070	60.0	3
1481555	7955.ENSDARP00000003969	9.99	2
1491375	7955.ENSDARP00000082090	3.14	5
1491992	7955.ENSDARP00000086620	3.27	2
1489044	7955.ENSDARP00000069063	74.0	20
1482726	7955.ENSDARP00000014978	1055	193
1483701	7955.ENSDARP00000024168	24.4	2
1486838	7955.ENSDARP00000056318	937	16
1490042	7955.ENSDARP00000074043	17.5	1
1490045	7955.ENSDARP00000074048	175	9
1488250	7955.ENSDARP00000064737	54.8	1
1491949	7955.ENSDARP00000086334	505	20
1483937	7955.ENSDARP00000026454	11.6	1
1481397	7955.ENSDARP00000002761	144	22
1502796	7955.ENSDARP00000114513	10.5	8
1502795	7955.ENSDARP00000114512	40.6	1
1503001	7955.ENSDARP00000115067	164	9
1487173	7955.ENSDARP00000058402	1557	151
1484094	7955.ENSDARP00000027982	142	2
1504052	7955.ENSDARP00000117814	69.4	5
1494032	7955.ENSDARP00000095774	113	59
1505987	7955.ENSDARP00000122764	1602	201
1506516	7955.ENSDARP00000124254	446	38
1485932	7955.ENSDARP00000050257	225	33
1499769	7955.ENSDARP00000108591	673	97
1482774	7955.ENSDARP00000015404	12.3	6
1502659	7955.ENSDARP00000114191	44.4	13
1500225	7955.ENSDARP00000109404	27.5	2
1483802	7955.ENSDARP00000025160	399	30
1484110	7955.ENSDARP00000028148	358	146
1505567	7955.ENSDARP00000121708	11.3	1
1486747	7955.ENSDARP00000055756	0.415	1
1497837	7955.ENSDARP00000105220	1173	90
1501803	7955.ENSDARP00000112123	115	7
1490656	7955.ENSDARP00000076893	98.4	3
1486276	7955.ENSDARP00000052837	5015	2891
1489664	7955.ENSDARP00000072424	9.67	8
1494037	7955.ENSDARP00000095806	328	137
1493794	7955.ENSDARP00000094826	66.1	2
1502155	7955.ENSDARP00000112866	11.1	2
1500367	7955.ENSDARP00000109662	7.62	2
1491405	7955.ENSDARP00000082327	810	338
1498281	7955.ENSDARP00000105990	52.2	3
1505298	7955.ENSDARP00000121014	2.96	5
1486716	7955.ENSDARP00000055592	1.22	3
1499273	7955.ENSDARP00000107737	1173	90
1490899	7955.ENSDARP00000078619	132	10
1506561	7955.ENSDARP00000124383	367	22
1484514	7955.ENSDARP00000033785	4.23	2
1499191	7955.ENSDARP00000107596	1.88	1
1497861	7955.ENSDARP00000105266	161	4
1499937	7955.ENSDARP00000108912	1727	79
1483524	7955.ENSDARP00000022592	45.1	3
1483525	7955.ENSDARP00000022595	87.9	4
1490464	7955.ENSDARP00000076115	23.8	5
1496287	7955.ENSDARP00000101862	810	338
1490192	7955.ENSDARP00000074862	1480	97
1494820	7955.ENSDARP00000098432	339	211
1499493	7955.ENSDARP00000108138	259	28
1499494	7955.ENSDARP00000108139	69.7	6
1496152	7955.ENSDARP00000101525	339	211
1488486	7955.ENSDARP00000066258	56.5	1
1490484	7955.ENSDARP00000076204	40.1	2
1499789	7955.ENSDARP00000108629	1345	57
1482013	7955.ENSDARP00000008331	3.8	1
1482936	7955.ENSDARP00000016879	1001	76
1484404	7955.ENSDARP00000032453	1008	34
1498863	7955.ENSDARP00000107028	810	338
1486344	7955.ENSDARP00000053239	158	15
1484405	7955.ENSDARP00000032456	350	48
1482356	7955.ENSDARP00000011506	865	43
1489562	7955.ENSDARP00000071963	2193	165
1482688	7955.ENSDARP00000014578	197	24
1482185	7955.ENSDARP00000010055	1771	64
1482269	7955.ENSDARP00000010878	657	72
1488077	7955.ENSDARP00000063773	7.38	3
1485900	7955.ENSDARP00000049899	130	6
1488079	7955.ENSDARP00000063778	42.7	7
1485403	7955.ENSDARP00000044410	53.3	7
1498905	7955.ENSDARP00000107110	2049	214
1487782	7955.ENSDARP00000062142	250	54
1492852	7955.ENSDARP00000090804	72.6	14
1484821	7955.ENSDARP00000037906	39.2	4
1499890	7955.ENSDARP00000108828	257	108
1496564	7955.ENSDARP00000102498	222	46
1496672	7955.ENSDARP00000102775	339	211
1489402	7955.ENSDARP00000070966	1018	86
1485139	7955.ENSDARP00000041608	60.8	4
1481288	7955.ENSDARP00000000514	115	24
1497667	7955.ENSDARP00000104918	257	108
1481735	7955.ENSDARP00000005740	21.9	1
1501139	7955.ENSDARP00000110972	502	48
1499333	7955.ENSDARP00000107846	118	7
1501580	7955.ENSDARP00000111742	1121	225
1491678	7955.ENSDARP00000084277	1980	94
1506295	7955.ENSDARP00000123565	589	60
1492965	7955.ENSDARP00000091381	1613	130
1501808	7955.ENSDARP00000112131	148	16
1483743	7955.ENSDARP00000024560	1188	129
1482477	7955.ENSDARP00000012500	543	46
1496284	7955.ENSDARP00000101855	326	126
1488676	7955.ENSDARP00000067292	15.3	1
1493067	7955.ENSDARP00000091816	1000	148
1497617	7955.ENSDARP00000104823	688	90
1484617	7955.ENSDARP00000035261	24.7	1
1483113	7955.ENSDARP00000018463	200	5
1483019	7955.ENSDARP00000017613	192	28
1493065	7955.ENSDARP00000091811	455	8
1483315	7955.ENSDARP00000020535	29.5	4
1503705	7955.ENSDARP00000116905	282	36
1498333	7955.ENSDARP00000106080	418	32
1488277	7955.ENSDARP00000064925	132	18
1489133	7955.ENSDARP00000069525	317	160
1484314	7955.ENSDARP00000031181	278	7
1486830	7955.ENSDARP00000056279	11.7	2
1486181	7955.ENSDARP00000052330	517	10
1489341	7955.ENSDARP00000070563	69.6	2
1481407	7955.ENSDARP00000002825	68.6	19
1493101	7955.ENSDARP00000091921	43.0	26
1484533	7955.ENSDARP00000034116	26.3	4
1488126	7955.ENSDARP00000064030	8.16	8
1491959	7955.ENSDARP00000086433	20.1	2
1481301	7955.ENSDARP00000001158	853	51
1494515	7955.ENSDARP00000097708	30.9	10
1483149	7955.ENSDARP00000018865	956	34
1501634	7955.ENSDARP00000111828	136	3
1492240	7955.ENSDARP00000088082	37.9	2
1491660	7955.ENSDARP00000084122	12.4	1
1496028	7955.ENSDARP00000101216	6.21	2
1483768	7955.ENSDARP00000024752	1129	215
1485031	7955.ENSDARP00000040421	537	32
1491249	7955.ENSDARP00000081202	0.244	1
1486185	7955.ENSDARP00000052345	241	27
1492442	7955.ENSDARP00000089001	564	30
1502429	7955.ENSDARP00000113553	1599	42
1483825	7955.ENSDARP00000025377	34.6	5
1489088	7955.ENSDARP00000069273	2516	92
1484436	7955.ENSDARP00000032856	5.62	9
1494914	7955.ENSDARP00000098653	0.152	1
1482617	7955.ENSDARP00000013803	528	52
1482615	7955.ENSDARP00000013777	3117	127
1500865	7955.ENSDARP00000110511	339	211
1481941	7955.ENSDARP00000007676	1192	74
1493372	7955.ENSDARP00000093111	22.0	9
1485661	7955.ENSDARP00000047158	4956	116
1489162	7955.ENSDARP00000069676	3.84	2
1487403	7955.ENSDARP00000059695	20.3	12
1483873	7955.ENSDARP00000025779	319	36
1492412	7955.ENSDARP00000088840	6707	14680
1485045	7955.ENSDARP00000040554	0.263	1
1497907	7955.ENSDARP00000105344	896	166
1492413	7955.ENSDARP00000088849	6.98	1
1482086	7955.ENSDARP00000009133	389	19
1488346	7955.ENSDARP00000065340	18.7	1
1481340	7955.ENSDARP00000002175	1519	566
1481450	7955.ENSDARP00000003173	9.44	1
1481451	7955.ENSDARP00000003177	29.5	8
1482890	7955.ENSDARP00000016453	2999	352
1495168	7955.ENSDARP00000099212	5.19	5
1481554	7955.ENSDARP00000003956	38.4	4
1501259	7955.ENSDARP00000111175	810	338
1489628	7955.ENSDARP00000072300	218	8
1505801	7955.ENSDARP00000122284	1996	129
1482550	7955.ENSDARP00000013110	137	8
1493278	7955.ENSDARP00000092644	292	44
1501261	7955.ENSDARP00000111179	11.1	2
1500153	7955.ENSDARP00000109278	110	22
1482476	7955.ENSDARP00000012488	48.9	5
1487227	7955.ENSDARP00000058679	256	29
1505841	7955.ENSDARP00000122377	11.3	2
1506398	7955.ENSDARP00000123883	1561	202
1481547	7955.ENSDARP00000003884	21.7	1
1506488	7955.ENSDARP00000124162	268	86
1491390	7955.ENSDARP00000082159	982	109
1488252	7955.ENSDARP00000064746	116	5
1506401	7955.ENSDARP00000123888	0.314	1
1500723	7955.ENSDARP00000110287	0.263	1
1504829	7955.ENSDARP00000119816	638	41
1487936	7955.ENSDARP00000062982	1579	62
1505477	7955.ENSDARP00000121484	360	2293
1505475	7955.ENSDARP00000121481	8.34	5
1482063	7955.ENSDARP00000008834	348	61
1501475	7955.ENSDARP00000111558	80.4	6
1495770	7955.ENSDARP00000100627	401	21
1503003	7955.ENSDARP00000115072	517	2511
1486039	7955.ENSDARP00000051312	249	19
1500017	7955.ENSDARP00000109050	1710	35
1501387	7955.ENSDARP00000111391	584	1
1485926	7955.ENSDARP00000050220	778	35
1501438	7955.ENSDARP00000111487	219	5
1504288	7955.ENSDARP00000118388	16.5	3
1485630	7955.ENSDARP00000046921	7.42	4
1506426	7955.ENSDARP00000123973	14.7	1
1505734	7955.ENSDARP00000122114	8.34	3
1501439	7955.ENSDARP00000111488	0.949	1
1481383	7955.ENSDARP00000002576	3.61	5
1485026	7955.ENSDARP00000040389	241	18
1484366	7955.ENSDARP00000031994	1.19	1
1503593	7955.ENSDARP00000116604	44.8	6
1490352	7955.ENSDARP00000075658	919	163
1505237	7955.ENSDARP00000120842	19.8	2
1483527	7955.ENSDARP00000022612	4.48	1
1484442	7955.ENSDARP00000033029	10.0	1
1483528	7955.ENSDARP00000022617	22.6	3
1489501	7955.ENSDARP00000071646	631	136
1484196	7955.ENSDARP00000029462	87.7	3
1490314	7955.ENSDARP00000075490	638	341
1484887	7955.ENSDARP00000038757	26.7	8
1505983	7955.ENSDARP00000122750	6701	448
1489264	7955.ENSDARP00000070225	446	35
1481617	7955.ENSDARP00000004687	7.43	1
1499446	7955.ENSDARP00000108050	21.6	2
1504766	7955.ENSDARP00000119636	14.9	4
1502150	7955.ENSDARP00000112851	988	132
1500384	7955.ENSDARP00000109694	34.7	5
1489359	7955.ENSDARP00000070677	414	6
1489900	7955.ENSDARP00000073437	64.5	6
1489901	7955.ENSDARP00000073439	1010	73
1494265	7955.ENSDARP00000096763	0.584	3
1487097	7955.ENSDARP00000057943	969	17
1484896	7955.ENSDARP00000038835	570	35
1485886	7955.ENSDARP00000049719	0.476	1
1498782	7955.ENSDARP00000106877	257	108
1485560	7955.ENSDARP00000046076	289	29
1483619	7955.ENSDARP00000023524	70.1	15
1482645	7955.ENSDARP00000014106	514	40
1490194	7955.ENSDARP00000074872	599	43
1496419	7955.ENSDARP00000102182	26.8	3
1497520	7955.ENSDARP00000104653	104	28
1490463	7955.ENSDARP00000076104	259	19
1490489	7955.ENSDARP00000076216	114	7
1485115	7955.ENSDARP00000041384	458	20
1490487	7955.ENSDARP00000076212	3.99	1
1485114	7955.ENSDARP00000041380	1.97	1
1485519	7955.ENSDARP00000045668	35.3	26
1493866	7955.ENSDARP00000095128	23.3	15
1506532	7955.ENSDARP00000124289	0.657	1
1485858	7955.ENSDARP00000049374	1.85	1
1487890	7955.ENSDARP00000062723	33.1	3
1481983	7955.ENSDARP00000008048	12.8	3
1483214	7955.ENSDARP00000019505	1.72	1
1505014	7955.ENSDARP00000120260	244	7
1499000	7955.ENSDARP00000107272	216	17
1499037	7955.ENSDARP00000107331	7.84	1
1498142	7955.ENSDARP00000105746	339	211
1486158	7955.ENSDARP00000052125	108	10
1492911	7955.ENSDARP00000091063	148	16
1492910	7955.ENSDARP00000091060	87.9	8
1496920	7955.ENSDARP00000103363	9.18	1
1491339	7955.ENSDARP00000081816	59.9	9
1483498	7955.ENSDARP00000022438	2.43	6
1484020	7955.ENSDARP00000027159	178	8
1488711	7955.ENSDARP00000067447	330	20
1485591	7955.ENSDARP00000046497	1.81	3
1487078	7955.ENSDARP00000057822	155	14
1488551	7955.ENSDARP00000066664	1.46	2
1486146	7955.ENSDARP00000052081	544	13
1488258	7955.ENSDARP00000064800	548	18
1489730	7955.ENSDARP00000072687	1689	1821
1485479	7955.ENSDARP00000045286	6.71	2
1492225	7955.ENSDARP00000088020	70.8	25
1491191	7955.ENSDARP00000080761	36.7	6
1482235	7955.ENSDARP00000010482	208	9
1484470	7955.ENSDARP00000033328	69.9	12
1483746	7955.ENSDARP00000024612	3.83	2
1485646	7955.ENSDARP00000047038	88.9	24
1485917	7955.ENSDARP00000050129	11.4	1
1481725	7955.ENSDARP00000005640	135	11
1489250	7955.ENSDARP00000070141	38.0	2
1482454	7955.ENSDARP00000012359	12.9	1
1481809	7955.ENSDARP00000006445	1050	48
1496342	7955.ENSDARP00000101995	87.4	15
1504074	7955.ENSDARP00000117864	480	8
1495200	7955.ENSDARP00000099283	415	109
1485539	7955.ENSDARP00000045887	510	44
1491237	7955.ENSDARP00000081148	11.3	3
1495263	7955.ENSDARP00000099444	4.33	1
1483017	7955.ENSDARP00000017597	395	21
1489131	7955.ENSDARP00000069513	1316	39
1483016	7955.ENSDARP00000017590	2.4	1
1484634	7955.ENSDARP00000035453	68.0	16
1493105	7955.ENSDARP00000091935	32.9	7
1487660	7955.ENSDARP00000061292	315	402
1492487	7955.ENSDARP00000089179	5272	193
1487458	7955.ENSDARP00000060055	2320	204
1487456	7955.ENSDARP00000060050	35.2	2
1481781	7955.ENSDARP00000006201	166	17
1503780	7955.ENSDARP00000117083	32.5	5
1481782	7955.ENSDARP00000006207	915	83
1492201	7955.ENSDARP00000087919	48.6	20
1492844	7955.ENSDARP00000090756	69.8	2
1495369	7955.ENSDARP00000099664	216	12
1501636	7955.ENSDARP00000111831	19.1	1
1492613	7955.ENSDARP00000089772	2349	57
1494642	7955.ENSDARP00000098004	392	241
1497842	7955.ENSDARP00000105230	257	42
1483643	7955.ENSDARP00000023685	647	38
1493635	7955.ENSDARP00000094162	4.12	1
1488450	7955.ENSDARP00000065997	1.68	1
1503893	7955.ENSDARP00000117394	21.8	7
1482442	7955.ENSDARP00000012238	91.5	15
1481829	7955.ENSDARP00000006665	2.74	1
1490081	7955.ENSDARP00000074190	291	31
1481957	7955.ENSDARP00000007799	19.1	2
1502424	7955.ENSDARP00000113544	3.27	1
1496586	7955.ENSDARP00000102559	254	11
1488142	7955.ENSDARP00000064110	227	5
1481953	7955.ENSDARP00000007792	17.1	1
1486677	7955.ENSDARP00000055379	2137	736
1504083	7955.ENSDARP00000117880	7.49	1
1494459	7955.ENSDARP00000097572	458	20
1487826	7955.ENSDARP00000062405	4.31	2
1500773	7955.ENSDARP00000110363	17.0	3
1486091	7955.ENSDARP00000051678	1.49	1
1489192	7955.ENSDARP00000069881	20.4	4
1493376	7955.ENSDARP00000093124	2.28	2
1496075	7955.ENSDARP00000101333	2.21	3
1504448	7955.ENSDARP00000118774	540	187
1488352	7955.ENSDARP00000065374	1.11	1
1488351	7955.ENSDARP00000065372	784	13
1499357	7955.ENSDARP00000107877	127	12
1494155	7955.ENSDARP00000096373	921	50
1481448	7955.ENSDARP00000003163	554	35
1483362	7955.ENSDARP00000021016	1066	619
1481449	7955.ENSDARP00000003167	34.8	1
1494587	7955.ENSDARP00000097880	314	129
1482624	7955.ENSDARP00000013902	690	39
1490421	7955.ENSDARP00000075918	83.0	4
1490111	7955.ENSDARP00000074422	381	34
1489172	7955.ENSDARP00000069744	330	38
1492345	7955.ENSDARP00000088494	0.596	1
1501591	7955.ENSDARP00000111762	4.62	2
1493300	7955.ENSDARP00000092727	19.6	12
1506144	7955.ENSDARP00000123181	435	14
1498017	7955.ENSDARP00000105540	0.528	1
1492433	7955.ENSDARP00000088945	51.6	2
1481548	7955.ENSDARP00000003894	34.9	2
1490753	7955.ENSDARP00000077647	124	21
1495956	7955.ENSDARP00000101059	24.2	1
1484553	7955.ENSDARP00000034327	44.0	2
1491952	7955.ENSDARP00000086356	18.1	4
1486136	7955.ENSDARP00000052011	37.7	1
1494623	7955.ENSDARP00000097975	2.79	1
1485744	7955.ENSDARP00000048163	17.3	3
1494094	7955.ENSDARP00000096118	236	27
1499374	7955.ENSDARP00000107913	25.9	4
1483168	7955.ENSDARP00000019054	75.9	6
1481633	7955.ENSDARP00000004838	5.89	1
1484749	7955.ENSDARP00000037108	2.42	3
1486296	7955.ENSDARP00000052929	352	26
1501382	7955.ENSDARP00000111380	852	78
1485929	7955.ENSDARP00000050237	2802	2295
1485928	7955.ENSDARP00000050236	339	211
1487522	7955.ENSDARP00000060362	966	49
1500012	7955.ENSDARP00000109044	810	338
1500255	7955.ENSDARP00000109464	52.4	15
1485632	7955.ENSDARP00000046933	210	7
1501443	7955.ENSDARP00000111493	339	211
1483211	7955.ENSDARP00000019477	1536	53
1487282	7955.ENSDARP00000058966	4.34	1
1482470	7955.ENSDARP00000012437	179	23
1482469	7955.ENSDARP00000012436	88.5	8
1481381	7955.ENSDARP00000002544	8.27	4
1485027	7955.ENSDARP00000040396	2526	80
1500099	7955.ENSDARP00000109196	8.22	2
1486684	7955.ENSDARP00000055414	210	8
1486483	7955.ENSDARP00000054142	709	71
1500101	7955.ENSDARP00000109199	118	98
1493836	7955.ENSDARP00000095008	4.14	2
1494264	7955.ENSDARP00000096752	95.7	3
1483949	7955.ENSDARP00000026546	805	78
1500631	7955.ENSDARP00000110121	245	50
1484083	7955.ENSDARP00000027892	38.1	7
1484408	7955.ENSDARP00000032505	171	13
1493415	7955.ENSDARP00000093291	55.1	3
1481854	7955.ENSDARP00000006875	110	16
1486749	7955.ENSDARP00000055770	12.2	3
1493189	7955.ENSDARP00000092275	25.5	1
1491423	7955.ENSDARP00000082459	12.7	1
1498188	7955.ENSDARP00000105829	48.7	6
1484909	7955.ENSDARP00000038939	19.6	1
1496821	7955.ENSDARP00000103118	32.2	5
1507218	7955.ENSDARP00000126028	375	6
1503115	7955.ENSDARP00000115391	1.94	1
1500379	7955.ENSDARP00000109682	146	25
1504754	7955.ENSDARP00000119608	4.7	2
1485485	7955.ENSDARP00000045328	98.7	1
1484507	7955.ENSDARP00000033698	42.1	4
1497423	7955.ENSDARP00000104481	3.89	1
1500559	7955.ENSDARP00000109990	56.6	3
1500560	7955.ENSDARP00000109993	10.6	1
1486712	7955.ENSDARP00000055576	7.49	1
1493834	7955.ENSDARP00000094997	3.14	5
1496857	7955.ENSDARP00000103201	270	12
1485018	7955.ENSDARP00000040327	205	108
1482808	7955.ENSDARP00000015775	151	16
1496859	7955.ENSDARP00000103208	296	211
1506365	7955.ENSDARP00000123766	2.74	1
1493670	7955.ENSDARP00000094289	53.6	7
1485558	7955.ENSDARP00000046065	0.896	1
1497414	7955.ENSDARP00000104468	540	187
1493666	7955.ENSDARP00000094282	69.9	9
1491562	7955.ENSDARP00000083454	464	43
1488489	7955.ENSDARP00000066277	10.5	1
1496158	7955.ENSDARP00000101541	242	7
1503480	7955.ENSDARP00000116310	75.8	3
1493871	7955.ENSDARP00000095139	156	2
1482948	7955.ENSDARP00000016957	633	6
1498870	7955.ENSDARP00000107042	148	24
1493868	7955.ENSDARP00000095135	208	8
1490651	7955.ENSDARP00000076883	1153	64
1499879	7955.ENSDARP00000108805	3817	154
1505464	7955.ENSDARP00000121453	311	8
1482635	7955.ENSDARP00000014003	25.1	4
1484345	7955.ENSDARP00000031690	1180	39
1491107	7955.ENSDARP00000080159	4.84	1
1488840	7955.ENSDARP00000068070	44.3	7
1488531	7955.ENSDARP00000066500	11.3	5
1486752	7955.ENSDARP00000055793	137	3
1499109	7955.ENSDARP00000107467	377	17
1505175	7955.ENSDARP00000120670	1.11	1
1504986	7955.ENSDARP00000120183	115	4
1498524	7955.ENSDARP00000106400	111	4
1483496	7955.ENSDARP00000022426	18.8	2
1488712	7955.ENSDARP00000067454	104	18
1482420	7955.ENSDARP00000012049	39.3	4
1505468	7955.ENSDARP00000121459	339	211
1484109	7955.ENSDARP00000028137	73.1	7
1482999	7955.ENSDARP00000017456	1565	212
1504249	7955.ENSDARP00000118276	17.3	1
1485142	7955.ENSDARP00000041626	119	9
1493802	7955.ENSDARP00000094849	77.9	62
1496326	7955.ENSDARP00000101961	2.29	1
1483053	7955.ENSDARP00000017859	121	8
1489615	7955.ENSDARP00000072253	9.66	2
1501124	7955.ENSDARP00000110951	1.44	1
1483051	7955.ENSDARP00000017853	65.3	3
1496405	7955.ENSDARP00000102154	351	88
1485483	7955.ENSDARP00000045298	153	10
1490477	7955.ENSDARP00000076180	1.98	1
1501887	7955.ENSDARP00000112265	418	12
1490230	7955.ENSDARP00000075074	132	5
1496275	7955.ENSDARP00000101838	59.6	15
1498010	7955.ENSDARP00000105530	14.1	1
1484615	7955.ENSDARP00000035207	550	17
1482090	7955.ENSDARP00000009149	12.7	4
1482089	7955.ENSDARP00000009148	2.62	5
1487075	7955.ENSDARP00000057787	246	211
1498359	7955.ENSDARP00000106130	4.39	1
1491292	7955.ENSDARP00000081514	19.3	7
1492856	7955.ENSDARP00000090833	269	19
1484521	7955.ENSDARP00000033907	753	101
1488751	7955.ENSDARP00000067634	1270	77
1484583	7955.ENSDARP00000034822	63.5	18
1488969	7955.ENSDARP00000068697	39.8	4
1490002	7955.ENSDARP00000073858	3.75	6
1488275	7955.ENSDARP00000064900	27.8	7
1485368	7955.ENSDARP00000043999	3.99	1
1504456	7955.ENSDARP00000118803	16.3	2
1489323	7955.ENSDARP00000070509	1489	63
1482383	7955.ENSDARP00000011707	284	21
1482381	7955.ENSDARP00000011705	11.5	1
1503940	7955.ENSDARP00000117524	27.9	1
1495279	7955.ENSDARP00000099474	255	31
1506598	7955.ENSDARP00000124511	137	8
1483861	7955.ENSDARP00000025702	260	44
1485028	7955.ENSDARP00000040404	68.9	15
1493094	7955.ENSDARP00000091902	51.1	1
1493096	7955.ENSDARP00000091908	21.5	5
1485029	7955.ENSDARP00000040408	551	31
1484928	7955.ENSDARP00000039188	98.4	4
1483899	7955.ENSDARP00000026065	438	133
1505796	7955.ENSDARP00000122263	4193	1342
1507179	7955.ENSDARP00000125918	4.4	59
1488921	7955.ENSDARP00000068470	355	31
1495085	7955.ENSDARP00000099017	0.819	1
1485439	7955.ENSDARP00000044895	114	30
1502365	7955.ENSDARP00000113396	19.1	1
1488085	7955.ENSDARP00000063805	350	63
1488251	7955.ENSDARP00000064738	1740	36
1486173	7955.ENSDARP00000052292	84.4	1
1504512	7955.ENSDARP00000118941	4.21	2
1490079	7955.ENSDARP00000074184	9.13	2
1490080	7955.ENSDARP00000074186	74.0	16
1484566	7955.ENSDARP00000034555	89.3	3
1487679	7955.ENSDARP00000061405	11.4	1
1497897	7955.ENSDARP00000105328	158	6
1495393	7955.ENSDARP00000099727	77.6	8
1495388	7955.ENSDARP00000099721	6.44	3
1485764	7955.ENSDARP00000048398	14.2	5
1500780	7955.ENSDARP00000110377	5593	437
1482568	7955.ENSDARP00000013286	20.7	18
1504003	7955.ENSDARP00000117676	78.0	14
1500907	7955.ENSDARP00000110577	1300	114
1481841	7955.ENSDARP00000006783	187	7
1495964	7955.ENSDARP00000101076	339	78
1484074	7955.ENSDARP00000027770	211	4
1482418	7955.ENSDARP00000012040	2.34	6
1491298	7955.ENSDARP00000081539	949	277
1494320	7955.ENSDARP00000096969	194	17
1501476	7955.ENSDARP00000111561	120	11
1487251	7955.ENSDARP00000058788	72.1	3
1494152	7955.ENSDARP00000096363	116	9
1486009	7955.ENSDARP00000051080	273	87
1494858	7955.ENSDARP00000098524	23.5	1
1493518	7955.ENSDARP00000093711	212	20
1493402	7955.ENSDARP00000093249	95.7	12
1500494	7955.ENSDARP00000109883	61.2	45
1487144	7955.ENSDARP00000058259	379	20
1487303	7955.ENSDARP00000059091	90.5	2
1501247	7955.ENSDARP00000111156	4.05	5
1499385	7955.ENSDARP00000107930	382	29
1482613	7955.ENSDARP00000013759	20.9	1
1489054	7955.ENSDARP00000069096	2139	75
1484552	7955.ENSDARP00000034317	160	4
1482171	7955.ENSDARP00000009915	2.37	1
1491710	7955.ENSDARP00000084512	3.24	1
1483347	7955.ENSDARP00000020867	12.7	5
1485692	7955.ENSDARP00000047524	3331	186
1485693	7955.ENSDARP00000047527	31.2	15
1485542	7955.ENSDARP00000045900	1560	46
1500567	7955.ENSDARP00000110003	166	18
1487793	7955.ENSDARP00000062219	114	7
1481745	7955.ENSDARP00000005843	2221	88
1494104	7955.ENSDARP00000096178	1303	36
1500478	7955.ENSDARP00000109857	703	78
1483932	7955.ENSDARP00000026420	270	8
1500476	7955.ENSDARP00000109853	4.36	1
1500291	7955.ENSDARP00000109529	2.74	1
1502981	7955.ENSDARP00000115012	1750	1815
1494020	7955.ENSDARP00000095720	549	362
1482604	7955.ENSDARP00000013624	951	43
1500248	7955.ENSDARP00000109451	1.42	3
1490768	7955.ENSDARP00000077740	4.67	1
1485937	7955.ENSDARP00000050331	252	36
1501182	7955.ENSDARP00000111051	2456	109
1493258	7955.ENSDARP00000092551	178	14
1494133	7955.ENSDARP00000096295	117	12
1502745	7955.ENSDARP00000114387	225	18
1505583	7955.ENSDARP00000121735	2.38	1
1494131	7955.ENSDARP00000096291	74.7	28
1494263	7955.ENSDARP00000096745	26.1	6
1501414	7955.ENSDARP00000111447	312	211
1482897	7955.ENSDARP00000016544	59.2	4
1484444	7955.ENSDARP00000033049	31.4	2
1482896	7955.ENSDARP00000016540	53.8	14
1485089	7955.ENSDARP00000041113	498	16
1501987	7955.ENSDARP00000112435	37.9	3
1503353	7955.ENSDARP00000115968	1.49	1
1484806	7955.ENSDARP00000037759	4020	93
1484805	7955.ENSDARP00000037758	67.1	3
1485924	7955.ENSDARP00000050204	684	31
1490585	7955.ENSDARP00000076580	68.9	19
1493851	7955.ENSDARP00000095074	273	36
1500533	7955.ENSDARP00000109944	4.31	1
1505693	7955.ENSDARP00000122009	339	211
1494222	7955.ENSDARP00000096581	260	157
1485374	7955.ENSDARP00000044084	0.669	1
1494223	7955.ENSDARP00000096586	87.2	13
1486429	7955.ENSDARP00000053793	269	5
1489903	7955.ENSDARP00000073455	129	10
1487807	7955.ENSDARP00000062323	926	104
1493522	7955.ENSDARP00000093734	459	216
1493956	7955.ENSDARP00000095458	39.3	1
1488718	7955.ENSDARP00000067511	91.9	6
1482350	7955.ENSDARP00000011444	4.88	1
1483575	7955.ENSDARP00000023098	136	19
1499497	7955.ENSDARP00000108143	347	113
1505460	7955.ENSDARP00000121443	359	31
1502187	7955.ENSDARP00000112940	0.618	1
1490616	7955.ENSDARP00000076763	26.7	9
1483090	7955.ENSDARP00000018158	27.9	3
1499233	7955.ENSDARP00000107677	121	3
1498891	7955.ENSDARP00000107078	13.1	2
1500715	7955.ENSDARP00000110274	85.7	18
1498530	7955.ENSDARP00000106409	25.5	2
1485134	7955.ENSDARP00000041563	0.589	1
1489579	7955.ENSDARP00000072076	48.9	11
1506668	7955.ENSDARP00000124772	14.3	2
1498732	7955.ENSDARP00000106781	312	211
1501790	7955.ENSDARP00000112099	160	18
1506670	7955.ENSDARP00000124776	145	9
1483074	7955.ENSDARP00000018027	242	27
1486352	7955.ENSDARP00000053303	1497	867
1498736	7955.ENSDARP00000106788	41.9	3
1501783	7955.ENSDARP00000112092	339	211
1501784	7955.ENSDARP00000112093	3.09	1
1491703	7955.ENSDARP00000084449	134	6
1482669	7955.ENSDARP00000014384	34.2	7
1505483	7955.ENSDARP00000121492	26.1	14
1481855	7955.ENSDARP00000006882	87.3	9
1499083	7955.ENSDARP00000107419	41.0	6
1494405	7955.ENSDARP00000097447	372	27
1492898	7955.ENSDARP00000091007	52.6	13
1503178	7955.ENSDARP00000115525	18.0	1
1504492	7955.ENSDARP00000118893	1.51	1
1505166	7955.ENSDARP00000120649	92.8	22
1486157	7955.ENSDARP00000052123	14.7	1
1496890	7955.ENSDARP00000103300	71.4	3
1490033	7955.ENSDARP00000073993	6.45	1
1486949	7955.ENSDARP00000057020	166	16
1484601	7955.ENSDARP00000035057	1.11	1
1482997	7955.ENSDARP00000017443	8.11	1
1499032	7955.ENSDARP00000107323	4.64	2
1488715	7955.ENSDARP00000067488	244	6
1487537	7955.ENSDARP00000060457	18.7	2
1498986	7955.ENSDARP00000107250	3.36	2
1498988	7955.ENSDARP00000107253	38.1	7
1487429	7955.ENSDARP00000059885	1225	102
1503880	7955.ENSDARP00000117370	311	39
1482208	7955.ENSDARP00000010256	1.08	1
1498466	7955.ENSDARP00000106301	7.17	1
1484469	7955.ENSDARP00000033318	241	21
1500894	7955.ENSDARP00000110558	585	84
1484296	7955.ENSDARP00000030937	7.8	1
1485821	7955.ENSDARP00000048976	5.85	1
1506268	7955.ENSDARP00000123510	23.6	2
1482000	7955.ENSDARP00000008156	2.91	1
1489329	7955.ENSDARP00000070533	68.0	4
1482581	7955.ENSDARP00000013402	145	18
1503883	7955.ENSDARP00000117378	7.5	3
1488655	7955.ENSDARP00000067158	6.7	3
1488656	7955.ENSDARP00000067159	4382	245
1491291	7955.ENSDARP00000081505	1423	171
1503526	7955.ENSDARP00000116425	0.657	1
1502271	7955.ENSDARP00000113146	0.461	1
1493049	7955.ENSDARP00000091733	43.6	9
1484954	7955.ENSDARP00000039570	48.3	23
1481971	7955.ENSDARP00000007913	30.8	7
1503644	7955.ENSDARP00000116739	339	211
1484036	7955.ENSDARP00000027385	122	9
1498163	7955.ENSDARP00000105782	8.1	2
1495273	7955.ENSDARP00000099464	220	10
1484037	7955.ENSDARP00000027389	1731	187
1497017	7955.ENSDARP00000103576	257	108
1493559	7955.ENSDARP00000093898	1323	113
1491244	7955.ENSDARP00000081180	255	35
1488779	7955.ENSDARP00000067802	4256	226
1485608	7955.ENSDARP00000046647	25.2	2
1487658	7955.ENSDARP00000061273	2701	26
1496585	7955.ENSDARP00000102557	26.7	2
1503775	7955.ENSDARP00000117068	1156	25
1483439	7955.ENSDARP00000021916	21.8	1
1484595	7955.ENSDARP00000034945	36.8	3
1503606	7955.ENSDARP00000116646	4.67	3
1503773	7955.ENSDARP00000117066	337	69
1489678	7955.ENSDARP00000072482	135	16
1482325	7955.ENSDARP00000011243	999	58
1487270	7955.ENSDARP00000058912	197	40
1485604	7955.ENSDARP00000046625	32.5	4
1489681	7955.ENSDARP00000072488	62.7	5
1501647	7955.ENSDARP00000111851	1173	90
1483236	7955.ENSDARP00000019813	150	5
1490237	7955.ENSDARP00000075110	4947	2880
1489301	7955.ENSDARP00000070408	111	18
1497900	7955.ENSDARP00000105335	9.13	2
1502106	7955.ENSDARP00000112736	5.62	1
1502351	7955.ENSDARP00000113362	1.23	1
1481713	7955.ENSDARP00000005519	14.2	2
1492360	7955.ENSDARP00000088564	0.492	1
1503857	7955.ENSDARP00000117293	6.29	2
1483412	7955.ENSDARP00000021652	304	28
1484497	7955.ENSDARP00000033554	7.9	3
1488894	7955.ENSDARP00000068317	3.31	2
1489077	7955.ENSDARP00000069226	50.9	4
1495916	7955.ENSDARP00000100979	36.0	30
1481770	7955.ENSDARP00000006085	546	39
1491615	7955.ENSDARP00000083822	0.199	1
1500886	7955.ENSDARP00000110548	0.643	1
1497112	7955.ENSDARP00000103790	24.9	2
1497114	7955.ENSDARP00000103794	445	95
1483572	7955.ENSDARP00000023063	5370	475
1489099	7955.ENSDARP00000069316	163	7
1500884	7955.ENSDARP00000110546	1485	162
1487038	7955.ENSDARP00000057576	12.9	3
1481894	7955.ENSDARP00000007240	229	33
1482115	7955.ENSDARP00000009356	13.0	9
1496068	7955.ENSDARP00000101311	810	338
1484640	7955.ENSDARP00000035541	39.9	1
1486494	7955.ENSDARP00000054207	112	6
1494148	7955.ENSDARP00000096352	101	83
1486498	7955.ENSDARP00000054236	9.16	1
1482860	7955.ENSDARP00000016158	1392	30
1493411	7955.ENSDARP00000093277	955	51
1501517	7955.ENSDARP00000111631	68.0	16
1507350	7955.ENSDARP00000126369	27.0	3
1501239	7955.ENSDARP00000111142	6.57	1
1506750	7955.ENSDARP00000125036	8.8	64
1487416	7955.ENSDARP00000059795	82.4	10
1483698	7955.ENSDARP00000024129	102	8
1494278	7955.ENSDARP00000096823	0.107	1
1490866	7955.ENSDARP00000078354	46.4	6
1505532	7955.ENSDARP00000121626	119	7
1490150	7955.ENSDARP00000074623	341	12
1489489	7955.ENSDARP00000071587	340	22
1484551	7955.ENSDARP00000034301	55.0	5
1492071	7955.ENSDARP00000087157	19.2	17
1492072	7955.ENSDARP00000087158	19.5	16
1501464	7955.ENSDARP00000111526	810	338
1483120	7955.ENSDARP00000018567	14.7	1
1487411	7955.ENSDARP00000059755	14.7	2
1481544	7955.ENSDARP00000003850	206	10
1483465	7955.ENSDARP00000022134	121	12
1490162	7955.ENSDARP00000074719	1159	51
1484089	7955.ENSDARP00000027947	5220	489
1481733	7955.ENSDARP00000005719	1006	20
1493285	7955.ENSDARP00000092672	20.4	12
1493289	7955.ENSDARP00000092677	582	63
1501200	7955.ENSDARP00000111083	102	8
1484170	7955.ENSDARP00000029079	218	8
1490771	7955.ENSDARP00000077752	17.8	11
1500243	7955.ENSDARP00000109442	122	38
1486896	7955.ENSDARP00000056711	5.89	1
1502747	7955.ENSDARP00000114396	161	15
1491327	7955.ENSDARP00000081684	0.209	1
1501416	7955.ENSDARP00000111451	314	51
1506548	7955.ENSDARP00000124348	3.7	1
1483950	7955.ENSDARP00000026560	85.5	15
1505251	7955.ENSDARP00000120878	79.4	4
1484892	7955.ENSDARP00000038799	1243	34
1498177	7955.ENSDARP00000105809	673	97
1506562	7955.ENSDARP00000124384	12.5	1
1484199	7955.ENSDARP00000029491	270	60
1503077	7955.ENSDARP00000115285	144	15
1493840	7955.ENSDARP00000095029	26.6	7
1491326	7955.ENSDARP00000081681	3.44	2
1503076	7955.ENSDARP00000115283	5.93	1
1484574	7955.ENSDARP00000034733	583	100
1505560	7955.ENSDARP00000121692	125	7
1499750	7955.ENSDARP00000108556	221	20
1499876	7955.ENSDARP00000108798	597	46
1486467	7955.ENSDARP00000054055	121	4
1489594	7955.ENSDARP00000072130	37.7	23
1495833	7955.ENSDARP00000100781	194	5
1505117	7955.ENSDARP00000120506	1213	75
1493861	7955.ENSDARP00000095111	2481	87
1482328	7955.ENSDARP00000011271	472	55
1499308	7955.ENSDARP00000107798	68.7	42
1490336	7955.ENSDARP00000075599	41.2	1
1484265	7955.ENSDARP00000030476	16.1	3
1483086	7955.ENSDARP00000018100	8.18	3
1496165	7955.ENSDARP00000101565	205	16
1484017	7955.ENSDARP00000027139	23.2	2
1489565	7955.ENSDARP00000072006	1457	802
1490277	7955.ENSDARP00000075289	87.4	5
1484775	7955.ENSDARP00000037410	170	48
1488583	7955.ENSDARP00000066858	1153	697
1506666	7955.ENSDARP00000124761	0.198	1
1493806	7955.ENSDARP00000094885	50.7	2
1482291	7955.ENSDARP00000011017	78.4	19
1506045	7955.ENSDARP00000122906	331	53
1483738	7955.ENSDARP00000024492	974	69
1487944	7955.ENSDARP00000063009	2.32	1
1489555	7955.ENSDARP00000071929	2.91	1
1485875	7955.ENSDARP00000049587	176	7
1483891	7955.ENSDARP00000025940	172	14
1485848	7955.ENSDARP00000049290	1.14	1
1492816	7955.ENSDARP00000090632	257	108
1497543	7955.ENSDARP00000104687	59.7	5
1491736	7955.ENSDARP00000084725	1.72	2
1498542	7955.ENSDARP00000106429	81.3	4
1484808	7955.ENSDARP00000037780	193	21
1493769	7955.ENSDARP00000094733	11.5	4
1506489	7955.ENSDARP00000124165	32.6	2
1496897	7955.ENSDARP00000103318	257	108
1503172	7955.ENSDARP00000115512	586	85
1503174	7955.ENSDARP00000115519	51.4	1
1501039	7955.ENSDARP00000110807	24.6	14
1506271	7955.ENSDARP00000123522	77.8	8
1488023	7955.ENSDARP00000063483	138	65
1506273	7955.ENSDARP00000123525	2.35	1
1482375	7955.ENSDARP00000011656	831	94
1499491	7955.ENSDARP00000108133	18.3	8
1499040	7955.ENSDARP00000107339	295	18
1485793	7955.ENSDARP00000048721	11.9	6
1493019	7955.ENSDARP00000091586	656	12
1487533	7955.ENSDARP00000060443	272	2
1499108	7955.ENSDARP00000107466	1.96	1
1482220	7955.ENSDARP00000010384	138	13
1486590	7955.ENSDARP00000054848	107	14
1501115	7955.ENSDARP00000110935	810	338
1499151	7955.ENSDARP00000107538	380	11
1488625	7955.ENSDARP00000067039	64.3	6
1497014	7955.ENSDARP00000103568	289	6
1498487	7955.ENSDARP00000106332	28.0	5
1493654	7955.ENSDARP00000094244	217	34
1489727	7955.ENSDARP00000072678	1371	1520
1493656	7955.ENSDARP00000094247	114	9
1493653	7955.ENSDARP00000094243	250	54
1489783	7955.ENSDARP00000072903	169	26
1483128	7955.ENSDARP00000018627	11.8	3
1488448	7955.ENSDARP00000065984	74.0	5
1487491	7955.ENSDARP00000060202	70.1	11
1485063	7955.ENSDARP00000040770	326	3
1484664	7955.ENSDARP00000035957	3.06	1
1487492	7955.ENSDARP00000060204	185	19
1488167	7955.ENSDARP00000064214	12.4	1
1495851	7955.ENSDARP00000100811	89.9	3
1491136	7955.ENSDARP00000080352	0.796	1
1498408	7955.ENSDARP00000106208	91.7	19
1481318	7955.ENSDARP00000001575	70.2	16
1487567	7955.ENSDARP00000060684	266	11
1484579	7955.ENSDARP00000034804	133	6
1498170	7955.ENSDARP00000105799	48.2	10
1497006	7955.ENSDARP00000103549	30.1	15
1492248	7955.ENSDARP00000088108	38.1	4
1489777	7955.ENSDARP00000072874	2017	103
1504463	7955.ENSDARP00000118823	33.1	3
1488083	7955.ENSDARP00000063799	7660	483
1504465	7955.ENSDARP00000118825	8.34	1
1492194	7955.ENSDARP00000087878	17.3	1
1497161	7955.ENSDARP00000103895	236	13
1485889	7955.ENSDARP00000049792	350	23
1496582	7955.ENSDARP00000102549	173	2
1506103	7955.ENSDARP00000123077	23.7	1
1493339	7955.ENSDARP00000092924	14.5	5
1484942	7955.ENSDARP00000039324	1078	248
1499548	7955.ENSDARP00000108224	5089	12271
1492699	7955.ENSDARP00000090161	1.21	1
1502506	7955.ENSDARP00000113777	10.7	8
1503386	7955.ENSDARP00000116075	4559	12081
1486442	7955.ENSDARP00000053867	28.4	9
1506731	7955.ENSDARP00000124979	6.93	2
1489685	7955.ENSDARP00000072498	0.484	3
1507198	7955.ENSDARP00000125972	1382	91
1484737	7955.ENSDARP00000036958	2.43	2
1485662	7955.ENSDARP00000047174	647	8
1488101	7955.ENSDARP00000063869	670	23
1483851	7955.ENSDARP00000025613	555	26
1483850	7955.ENSDARP00000025611	64.0	3
1483852	7955.ENSDARP00000025616	175	3
1486910	7955.ENSDARP00000056766	66.7	5
1499549	7955.ENSDARP00000108226	165	39
1481794	7955.ENSDARP00000006320	108	16
1483841	7955.ENSDARP00000025539	49.9	7
1502212	7955.ENSDARP00000112997	314	129
1486512	7955.ENSDARP00000054339	1329	38
1488156	7955.ENSDARP00000064171	47.9	4
1488444	7955.ENSDARP00000065940	127	15
1485268	7955.ENSDARP00000042973	1.45	1
1492847	7955.ENSDARP00000090766	1779	357
1488928	7955.ENSDARP00000068525	48.4	3
1503620	7955.ENSDARP00000116678	10.9	12
1489095	7955.ENSDARP00000069300	1267	47
1486225	7955.ENSDARP00000052510	1431	77
1483303	7955.ENSDARP00000020399	395	17
1494836	7955.ENSDARP00000098468	0.324	1
1494950	7955.ENSDARP00000098726	257	108
1485599	7955.ENSDARP00000046586	31.3	6
1487039	7955.ENSDARP00000057580	58.0	3
1504847	7955.ENSDARP00000119857	31.1	3
1481943	7955.ENSDARP00000007698	232	15
1486493	7955.ENSDARP00000054204	108	3
1481800	7955.ENSDARP00000006378	66.6	4
1489822	7955.ENSDARP00000073057	1651	147
1483944	7955.ENSDARP00000026495	74.6	4
1489867	7955.ENSDARP00000073298	211	23
1485508	7955.ENSDARP00000045587	2.4	3
1495293	7955.ENSDARP00000099498	1.69	3
1501499	7955.ENSDARP00000111602	71.3	6
1501576	7955.ENSDARP00000111738	52.2	3
1494782	7955.ENSDARP00000098342	232	211
1494786	7955.ENSDARP00000098348	1122	56
1488590	7955.ENSDARP00000066897	601	17
1501574	7955.ENSDARP00000111734	64.1	10
1489932	7955.ENSDARP00000073585	34.6	2
1485007	7955.ENSDARP00000040203	791	482
1495747	7955.ENSDARP00000100563	96.4	5
1485989	7955.ENSDARP00000050915	143	29
1494465	7955.ENSDARP00000097580	5.27	1
1500437	7955.ENSDARP00000109780	583	117
1486198	7955.ENSDARP00000052384	6.37	3
1486041	7955.ENSDARP00000051359	2571	7944
1495429	7955.ENSDARP00000099813	339	211
1490159	7955.ENSDARP00000074706	0.257	1
1501686	7955.ENSDARP00000111924	934	73
1483964	7955.ENSDARP00000026717	45.5	4
1490066	7955.ENSDARP00000074146	30.1	15
1500167	7955.ENSDARP00000109300	9.41	3
1484225	7955.ENSDARP00000029821	5.99	1
