NOG04000	4010413	3706380	3324395
NOG04001	3323751	3708902	4014456
NOG04002	3707002	3324769	4011051	4013172	4010835
NOG04003	3393024	3322894
NOG04004	3324764	4011715	3708589
NOG04005	4010384	3706350	3322723
NOG04006	3322669	3706276	4010318
NOG04007	4015541	3709586	3323510
NOG04008	4011423	3708614	3323539	4010351	3706315
NOG04009	4015027	3324666	3709950
NOG04010	4014725	3709282	3323862
NOG04011	3392747	3322947
NOG04012	4014401	3707371	3322538
NOG04013	4013233	3324299
NOG04014	3391748	3323749
NOG04015	4013686	3706565	3324071	4011421	3706934
NOG04016	3323427	4013927	3707921
NOG04017	3324801	3390328
NOG04018	3323480	3708054	4013802
NOG04019	3323580	3708268	4010863
NOG04020	4015249	3322939	3709897
NOG04021	4013953	3323400	3707890
NOG04022	3710465	3324088	4012889
NOG04023	4015160	3708132	3323528	4015161	4015149
NOG04024	3324775	3709331	4014785
NOG04025	3391660	3324512
NOG04026	3709092	4014511	3322641
NOG04027	4013989	3707851	3323371
NOG04028	4015220	3322955	3709772
NOG04029	3324244	3322254	4010975
NOG04030	3392264	3324225
NOG04031	3391373	3322572
NOG04032	4014165	3709796	3322398
NOG04033	3324591	3709390	4014268
NOG04034	4014437	3323732	3708875
NOG04035	3709911	4015272	3322933
NOG04036	4014447	3708890	3323742
NOG04037	3709393	4014273	3324592
NOG04038	3322870	4012314	3707025	3324860
NOG04039	3709863	3322823	4012075
NOG04040	3392170	3323624
NOG04041	3322223	3390722
NOG04042	3323385	3707876	4013966
NOG04043	3707919	3323425	4013929
NOG04044	3391511	3323321
NOG04045	3390651	3322849
NOG04046	3322330	3391911
NOG04047	3322436	3709957
NOG04048	3323394	3392097
NOG04049	3323318	3391508
NOG04050	3392862	3324852
NOG04051	3709320	4014770	3323139
NOG04052	3392113	3323376
NOG04053	3323018	3709650	4015090	4015091
NOG04054	3323654	3708651	4011659
NOG04055	4014244	3323669	3708700
NOG04056	3391896	3323920
NOG04057	3709647	3323021	4015089
NOG04058	3322809	3324605	3392628	3391082
NOG04059	3708734	4014294	3323676
NOG04060	3323614	4014890
NOG04061	3709029	3324312	4011891
NOG04062	3323566	4012524	3707985	4013898
NOG04063	3324075	4010566	3706928
NOG04064	4013616	3710061	3324446	4010830
NOG04065	3323899	3391875
NOG04066	3323532	4011640
NOG04067	3323164	4011370
NOG04068	3392243	3323578
NOG04069	3322952	3392734
NOG04070	3323448	3391608
NOG04071	3323815	3391814
NOG04072	3323802	4014541	3709125
NOG04073	3707975	3323445	4013907
NOG04074	3323360	3392308
NOG04075	3710053	3324456
NOG04076	3324353	3707014
NOG04077	3707301	3324536	4011019
NOG04078	3324249	4010513	3706710
NOG04079	4013871	3323463
NOG04080	4014986	3323966	3709450
NOG04081	3324266	4015371	3710067
NOG04082	3322728	3392928
NOG04083	3708265	4011603	3707218	3322639	4012319
NOG04084	4011754	3708546	3323612
NOG04085	3322644	3707181	4010575
NOG04086	3708266	3324487	4013566
NOG04087	3323367	3707848	4013992
NOG04088	3323278	3391089
NOG04089	3708622	4011688	3323643
NOG04090	3391564	3323527
NOG04091	3323590	4014399
NOG04092	3322589	3391388
NOG04093	4012218	3323902
NOG04094	4010557	3706915	3323245
NOG04095	4014546	3323807	3709131
NOG04096	4014689	3709230	3323319
NOG04097	3708778	4014323	3323691
NOG04098	3708754	3323687	4014310
NOG04099	4013865	3323470	3708011
NOG04100	3710192	3324089	4011464
NOG04101	3707198	4011229	3323473
NOG04102	3707130	3324037	4010767
NOG04103	3323833	3709179	4014596
NOG04104	3710412	4010606	3322562
NOG04105	3322188	3706244	4010291
NOG04106	3391804	3323808
NOG04107	3707624	3323186
NOG04108	3392778	3324255
NOG04109	4011552	3323110	3710249
NOG04110	3390601	3390544	3390303	3322448
NOG04111	4014330	3708785	3323239
NOG04112	3322875	3709022	4011067	3708752
NOG04113	3322539	3391956
NOG04114	3708157	4012465	3708156	3322361	3709569	3708155	3708154	3706593
NOG04115	3323375	3392114
NOG04116	3324226	3392265
NOG04117	3707304	4013669	3322757
NOG04118	3323663	4011652	3708660
NOG04119	3322501	3324837	4012687
NOG04120	3709751	3324611	3709761
NOG04121	3710515	4015568	3324877
NOG04122	3323689	3708756	4014312
NOG04123	3709660	4015113	3322413
NOG04124	3323936	4015116	3706563	3709663
NOG04125	3709955	4015352	3322817
NOG04126	3324006	3392491
NOG04127	3324497	3710340	4013692
NOG04128	3322680	3706292	4010332
NOG04129	3323866	4010932	3324604	3709424	3706825	3709075
NOG04130	4013429	3324672	3710409
NOG04131	3322769	4015471	3710161
NOG04132	4011691	3708617	4013000	3323638
NOG04133	3323906	4014816	3709349
NOG04134	3709451	4014987	3323222
NOG04135	3323872	3392191
NOG04136	3322784	3710155	4015461
NOG04137	4012341	3323599	3708527
NOG04138	4014461	3323756	3708906
NOG04139	4013922	3707960	3323432
NOG04140	3324419	4010535	3706904
NOG04141	3710448	4015550	3322203
NOG04142	3707406	4011363	3323161
NOG04143	4012099	3322303
NOG04144	3710344	3324302	4012016	4014240
NOG04145	3322697	4010359	3706323
NOG04146	3322868	3706665	4012138
NOG04147	3710449	4015551	3322202
NOG04148	3322679	3706291	4010331
NOG04149	3322510	3392247
NOG04150	4010872	3322655	3707047
NOG04151	3391698	3322902
NOG04152	3709410	3322839
NOG04153	3391563	3323526
NOG04154	3391897	3323921
NOG04155	3708878	4014439	3323734
NOG04156	3323205	3707294	4011286
NOG04157	3323241	3706910	4010552
NOG04158	3709362	3323917	4014834
NOG04159	4012617	3322269	3322228
NOG04160	3707581	3323898	3709675
NOG04161	3322540	4014402	3707461
NOG04162	3322927	3391236	3392794
NOG04163	4014885	3323932	3709419
NOG04164	3390503	3322691
NOG04165	3706564	3324720	3710173	4010571
NOG04166	3324550	3707291	4011928
NOG04167	3392181	3323629
NOG04168	3322492	3392616
NOG04169	3323960	4014900	3709427
NOG04170	3323500	3706625
NOG04171	3324033	4010775	3707138
NOG04172	4013133	3706653	3323776
NOG04173	3324352	3392848
NOG04174	3710292	3322923	4013836
NOG04175	4014210	3322881	3709882
NOG04176	3708167	4010774	3322652
NOG04177	4011651	3323664	3708661
NOG04178	3322880	3707741	4013811
NOG04179	3709253	3322733
NOG04180	4011498	3323201	3707643
NOG04181	4014442	3323738	3708884
NOG04182	3391385	3322586
NOG04183	3322899	4012990	3706994
NOG04184	4010878	3709151	3323190	4012893
NOG04185	3706867	3324196	4010533
NOG04186	3392904	3324413
NOG04187	3392128	3323592
NOG04188	3392766	3322936
NOG04189	3323875	3391853
NOG04190	3323127	3709537
NOG04191	3323414	4013938	3707909
NOG04192	4010314	3706272	3322665
NOG04193	4013619	3324475	3709089	3707495
NOG04194	3324404	3706371	4010404
NOG04195	3392735	3322951
NOG04196	3323438	3707967	4013915
NOG04197	4013720	3323515	3708107
NOG04198	3390583	3324355
NOG04199	3707151	3323507
NOG04200	3392724	3322960
NOG04201	3706314	3322693	4010350
NOG04202	4014709	3324621	3709255
NOG04203	3707752	4014133	3323264
NOG04204	3323404	4013949	3707896
NOG04205	3322321	4014242	3708699
NOG04206	3323391	3392099
NOG04207	3322883	4010478	3709277	4014251	3323957	3709721	4015167	4013445
NOG04208	3323652	3708644	4011670
NOG04209	3323308	3392460
NOG04210	3324582	4012569
NOG04211	3706312	4010349	3322692
NOG04212	3324048	4010590	3707746
NOG04213	3710233	4014677	3323257
NOG04214	3322201	3710450	4015552
NOG04215	3709267	3323853	4014714
NOG04216	4015001	3322423	3706552	4012044
NOG04217	3392078	3323411
NOG04218	4011551	3323111	3710250
NOG04219	3707892	3324696	4014291
NOG04220	3707822	3323195	4014011
NOG04221	3324396	4010412	3706379	4012802
NOG04222	3392953	3324245	3322253
NOG04223	3323867	3709290	4014735
NOG04224	3390392	3391928	3324035
NOG04225	3707585	3707416	3323165	4010468	4011371
NOG04226	3708055	3323481	4013800
NOG04227	3323022	4015088	3709646
NOG04228	4010636	3324809
NOG04229	3707413	4011367	3323174
NOG04230	3323134	3390769	3392746	3392511
NOG04231	3322948	3392743
NOG04232	3709583	3323119	4015034
NOG04233	3322491	4015451
NOG04234	3707425	4011382	3323178
NOG04235	3324528	3392857
NOG04236	3391552	3323424
NOG04237	3709281	4014724	3323860
NOG04238	3322812	3709445	4013217
NOG04239	3392225	3323665
NOG04240	4010556	3323244	3706914
NOG04241	3706339	3322712	4010373
NOG04242	4010637	3706676	3324420
NOG04243	3323700	3708799	4014346
NOG04244	3708491	4013305	3323536
NOG04245	3392315	3323355
NOG04246	3707994	3323453	4013883
NOG04247	3324489	3707087
NOG04248	4010371	3322710	3706337
NOG04249	4011744	3708550	3323613
NOG04250	4010605	3322561	3710413
NOG04251	3706299	3322685	4010338
NOG04252	3323144	3707331	4011328
NOG04253	3709598	4012086	3323502
NOG04254	3323281	3391701
NOG04255	4010289	3706242	3322186
NOG04256	3323688	3708755	4014311
NOG04257	3706859	3324214	4010528
NOG04258	3323184	3707434	4011388
NOG04259	3323747	4014452	3708899
NOG04260	3324012	3392497
NOG04261	3706837	3324793	4014487	3707210
NOG04262	3708608	3323537	4012998
NOG04263	3710105	3324291	4015418
NOG04264	4013987	3323373	3707853
NOG04265	3324518	3392863
NOG04266	3709322	3323881	4014777
NOG04267	3323843	4014605	3709188
NOG04268	3709067	4012370	3322786
NOG04269	3709335	3322368	3709033	4013173
NOG04270	4010976	3324243	3322255
NOG04271	3322673	3706282	4010323
NOG04272	3324616	3706456
NOG04273	3322825	3710304	4013033
NOG04274	4015531	3707032	3324083
NOG04275	3392468	3323167
NOG04276	3707976	4013906	3323446
NOG04277	3323736	4015022
NOG04278	3710339	4013693	3322192
NOG04279	4015093	3709652	3323016
NOG04280	3393064	3322541
NOG04281	3323171	4011135
NOG04282	3391869	3323885
NOG04283	3707814	4014016	3323351
NOG04284	4014416	3323559
NOG04285	3709643	4015085	3323025
NOG04286	3391680	3323469
NOG04287	3708656	4013330	3323894
NOG04288	3708579	4011723	3323622	4012442
NOG04289	3707915	4013933	3323419
NOG04290	3709183	3323838	4014600
NOG04291	3708811	3323708	4014375
NOG04292	4011407	3323188	3707445
NOG04293	3323512	4013729	3708103
NOG04294	4012567	3322370
NOG04295	4011608	3324492
NOG04296	3708583	3323626	4014696
NOG04297	4015398	3710081	3324278
NOG04298	3709764	3709754	4012383	3324614
NOG04299	4015555	3322198	3710460
NOG04300	4014009	3707825	3323357
NOG04301	4010945	3322730	3709304	3324495	3710351	4011554
NOG04302	4010464	3324521	3706831	3324600
NOG04303	3323564	3707744	4012991
NOG04304	4015250	3322938	3709898
NOG04305	3708118	3323522	4013659
NOG04306	3324765	3708590	4011714
NOG04307	3323466	4013869	3708007
NOG04308	3322653	3708166
NOG04309	4013808	3323477	3708043
NOG04310	4011666	3708645	3323136
NOG04311	3324221	3392260
NOG04312	3706356	4010390	3322729
NOG04313	4015427	3708768	3322535
NOG04314	4010748	3707039	3323896
NOG04315	4013945	3323408	3707900
NOG04316	4015354	3322345
NOG04317	4013932	3707916	3323420
NOG04318	3707966	3323437	4013916
NOG04319	3392045	3323246
NOG04320	3324855	3391661
NOG04321	3324066	3706941	4010594
NOG04322	3324373	3392282
NOG04323	3322830	4011178
NOG04324	3323386	4013965	3707877
NOG04325	3322734	4010861
NOG04326	3323130	3392653
NOG04327	3709211	4014621	3323325
NOG04328	4015389	3324269	3710072
NOG04329	3322438	3391364	3322434
NOG04330	4011680	3323646	3708630
NOG04331	3392439	3322399
NOG04332	3324415	4010393	3706360
NOG04333	3392259	3324220
NOG04334	3391678	3323462
NOG04335	3391723	3323726
NOG04336	3709858	4015238	3322945
NOG04337	3710087	3324282	4015408
NOG04338	3708923	3323768	4014476
NOG04339	3324064	3708721	4014296	3708737
NOG04340	3707753	4014132	3323265
NOG04341	3324390	4010419	3706387
NOG04342	3324210	3391793
NOG04343	4012246	4013612	3707729	4014859	3324439
NOG04344	3706483	3710254	3322735
NOG04345	3392615	3322493
NOG04346	4013963	3707879	3323390
NOG04347	3323905	4014805	3709346
NOG04348	3323704	4014356	3708807
NOG04349	4014127	3323270	3707760
NOG04350	3324507	3707258	4014647
NOG04351	3322185	3390286
NOG04352	3323153	3392482
NOG04353	4014796	3323889	3709340
NOG04354	3323162	3707407	4011364
NOG04355	3322418	3391538
NOG04356	3324224	3392263
NOG04357	3390520	3322708
NOG04358	3391789	3323792
NOG04359	3323871	4014738	3709293
NOG04360	4014539	3709122	3323799
NOG04361	4010441	3324320	3706422
NOG04362	3322324	4013724
NOG04363	3391381	3322581
NOG04364	3324323	3706666
NOG04365	4012062	3322520
NOG04366	3324531	4013015
NOG04367	4010553	3706911	3324077
NOG04368	3391958	3322537
NOG04369	3323924	3391902	3391901
NOG04370	3392539	3323149
NOG04371	3322409	4010758
NOG04372	3324223	3392262
NOG04373	3392527	3324026
NOG04374	3709274	4014720	3323857
NOG04375	3391699	3322903
NOG04376	3324685	4011221
NOG04377	3323806	3391801
NOG04378	4011122	3707289	3323538
NOG04379	3323145	3707332	4011329
NOG04380	3391086	3323275
NOG04381	3323572	4011594	3708686
NOG04382	3323585	4011443
NOG04383	3706793	3323943
NOG04384	4015560	3710505	3322544
NOG04385	4011525	3322908	3707670
NOG04386	3322373	3706414	4011055
NOG04387	3709578	3323120	4015030
NOG04388	3322315	3323724	4014421	3708857
NOG04389	3324726	3707653	3710164	4014190
NOG04390	3324581	3706630
NOG04391	3710127	4015447	3322788
NOG04392	3323701	4013973	3708800	4014347
NOG04393	4014876	3709402	3323930
NOG04394	3710516	3324878	4015569
NOG04395	4014655	3323323	3709216
NOG04396	3322940	4015246	3709881
NOG04397	3323198	3391265
NOG04398	4014540	3323801	3709124
NOG04399	3324331	3706398	4010429
NOG04400	3706711	3324248	4010514
NOG04401	3391133	3324250
NOG04402	4015087	3709645	3323023
NOG04403	4010788	3707161	3324025
NOG04404	3322658	3392978
NOG04405	3391905	3323544
NOG04406	3322469	3390346
NOG04407	3324020	3709680	4011899
NOG04408	3324011	3392496
NOG04409	3324844	3709872	4011582
NOG04410	3324074	4010567	3706929
NOG04411	3709725	3324786
NOG04412	3322200	4015553	3710452
NOG04413	4011938	3323565	3709220
NOG04414	3322811	3392124
NOG04415	4010301	3322737	3706254
NOG04416	3322670	4010320	3706278
NOG04417	3323878	3391855
NOG04418	3324451	4013142	3706704
NOG04419	3322704	4010362	3706327
NOG04420	4012256	3706573	3324566
NOG04421	3324046	4010684
NOG04422	3324175	3709482	4011566
NOG04423	3708810	3323707	4014374
NOG04424	3707135	3324036	4010771
NOG04425	3323907	3391877
NOG04426	3710418	3324693
NOG04427	3323152	3709080	3324733
NOG04428	3709108	4014527	3323789
NOG04429	3393021	3322193
NOG04430	4014392	3707183	3322564
NOG04431	3323226	4014163	3707700
NOG04432	3323805	3709129	4014544
NOG04433	4010611	3322828
NOG04434	4014415	3323558	3708850
NOG04435	4010335	3322683	3706296
NOG04436	3323440	3391599
NOG04437	4015489	3709599	3323501
NOG04438	3390296	3322772
NOG04439	3324807	3707478
NOG04440	3323392	4013961	3707881
NOG04441	3391503	3392738	3324718
NOG04442	4013146	3322500
NOG04443	3324228	3392267
NOG04444	3323460	3391676
NOG04445	3323798	3391791
NOG04446	3710126	3324554	4012249
NOG04447	3324208	4010989	3710200
NOG04448	4010838	3324082	3709549
NOG04449	3323291	3707788	4014103
NOG04450	4014555	3709141	3323811
NOG04451	3707392	4014284	3322365
NOG04452	4013952	3323401	3707893
NOG04453	3709365	3323919	4014837
NOG04454	3324712	3391692
NOG04455	3323183	3391244
NOG04456	3707312	3324494
NOG04457	3322904	4012999	4011693	3708609
NOG04458	3390575	3323200
NOG04459	3323283	3707768	4014115
NOG04460	3324467	3708706	4011898
NOG04461	3709616	3708553	4011741	3322570
NOG04462	4013917	3707965	3323436
NOG04463	4012237	3324562	3710121
NOG04464	3323458	3707999	4013877
NOG04465	3706797	3707358	4012742	3322290
NOG04466	3393073	3324322
NOG04467	3706421	3324327	4010439
NOG04468	3323429	3707923	4013925
NOG04469	3709426	3323959	4014899
NOG04470	3322283	3393094
NOG04471	4015472	3710162	3322768
NOG04472	4010385	3706351	3322724
NOG04473	4015390	3710073	3324270
NOG04474	3322707	3706331	4010366
NOG04475	3706764	3324637
NOG04476	3323378	3707860	4013980
NOG04477	3707038	4015438	3324057
NOG04478	3322580	3391380
NOG04479	4013723	3322323
NOG04480	3708741	4014297	3323684
NOG04481	3323879	3709565	4010834	4014763
NOG04482	4014737	3323870	3709292
NOG04483	3706365	3324410	4010398
NOG04484	3393092	3323608	3322285
NOG04485	3324330	4010436	3710438
NOG04486	3710423	3324682
NOG04487	4015391	3324271	3710074
NOG04488	4010328	3322676	3706287
NOG04489	3322706	4010364	3706329
NOG04490	3709319	4014769	3323138
NOG04491	3323431	3391934
NOG04492	3322761	3390941
NOG04493	3324711	3391104
NOG04494	3708809	4014373	3323706
NOG04495	3390781	3392942	3322426
NOG04496	4014125	3323272	3707762
NOG04497	4011230	3707199	3323474
NOG04498	3391374	3322573
NOG04499	3323556	4015542
NOG04500	3322727	4010388	3706354
NOG04501	3324598	3710407	4010435
NOG04502	3322439	3391354	3322435
NOG04503	3707991	3323450	4013891
NOG04504	3323925	4014845	3709377
NOG04505	4011590	3324471
NOG04506	3323148	4011008
NOG04507	4010554	3706912	3323242
NOG04508	3709184	3323839	4014601
NOG04509	3707920	3323426	4013928
NOG04510	3709453	3323220	4014989
NOG04511	3709857	4015237	3322946
NOG04512	3322705	3390515
NOG04513	4012493	3324449
NOG04514	3322582	3391382
NOG04515	4015173	3322918
NOG04516	4010437	3706419	3324329
NOG04517	3707283	3324001	4011270
NOG04518	4013983	3707857	3323377
NOG04519	3708607	3323636	4012997
NOG04520	4013798	3708057	3323483
NOG04521	3709143	3323812	4014557
NOG04522	3323116	3709593	4015046
NOG04523	3707667	3322892	4011522
NOG04524	3706921	4010562	3323250
NOG04525	4012244	3324434	4013615	3710060
NOG04526	3324303	3322320	3392271
NOG04527	3323168	4010476	4010477	4011993	4013631	4013629	4012154	4013630	4011375	4012911	4011369
NOG04528	3706936	4010582	3324069
NOG04529	3709295	3323873	4014741
NOG04530	3323864	4014730	3709285
NOG04531	3323416	3391356
NOG04532	3323417	4013935	3707911
NOG04533	3323249	4010561	3706920
NOG04534	3322401	3392436
NOG04535	3322322	4013722
NOG04536	3324867	3322841	3392390	3392024
NOG04537	3390299	3323236
NOG04538	3324723	3709731	4013823
NOG04539	4012881	3322901	3708251
NOG04540	3323627	4011717	3708587
NOG04541	3392825	3391210	3322884
NOG04542	3707690	3324704	4014205
NOG04543	3706427	4013210	3322634
NOG04544	3392333	3323292
NOG04545	3323101	3392678
NOG04546	3323647	3392213
NOG04547	3392810	3324275
NOG04548	4010928	3322907	4010853	3706612
NOG04549	4010610	3322829
NOG04550	3323135	3710440	4011339
NOG04551	4011626	3322844	3707573
NOG04552	3322395	4014170	3710281
NOG04553	3708855	4014419	3323723	4012583	4012712	4013125
NOG04554	3324073	3392035
NOG04555	3322770	4015470	3710159
NOG04556	4015078	3709606	3323102
NOG04557	3323459	3391675
NOG04558	3391173	3324231
NOG04559	3392469	3323166
NOG04560	3324612	3709762	3709752
NOG04561	4011268	3324003	3707281
NOG04562	3322590	3391389
NOG04563	3322827	3709709	4015463
NOG04564	3322953	3392733
NOG04565	4014430	3708868	3323728
NOG04566	4010321	3322671	3706279
NOG04567	3391935	3323430
NOG04568	3392939	3322429
NOG04569	3392381	3324716
NOG04570	3322408	4010757
NOG04571	4013434	3708735	3323677
NOG04572	3391268	3323199	3391269
NOG04573	3707901	4013944	3323409
NOG04574	4014113	3707778	3323285
NOG04575	3391001	3324705
NOG04576	3323449	4011785	4013894	3707988
NOG04577	3322432	3390786
NOG04578	3391655	3323586
NOG04579	3710410	4010446	3324671
NOG04580	3710093	4015412	3324284
NOG04581	3706638	4010481	3324422	4014854
NOG04582	3707443	4010971	3707728	3324442	4014861	4012245
NOG04583	3323729	4014431	3708869
NOG04584	3323695	3708784	4014329
NOG04585	4015417	3324290	3710103
NOG04586	3324081	3391370
NOG04587	3391732	3323733
NOG04588	4010859	3708006	3322731
NOG04589	3323911	4014826
NOG04590	3324216	3706858	4010527
NOG04591	4014136	3323569	3707719
NOG04592	3707962	4013920	3323434
NOG04593	3391749	3323750
NOG04594	3323277	3391088
NOG04595	3706251	3322699	4010297
NOG04596	3322286	4011020	3708898
NOG04597	4011673	3323648	3708637
NOG04598	3322941	3392757
NOG04599	4015192	3709743	3322959
NOG04600	4012616	3322270
NOG04601	3709193	3323845	4014611
NOG04602	3324174	3707840	3708305	4012399	4010743
NOG04603	4014512	3709093	3322640
NOG04604	4015282	3322346	3324277	3709949	4015351
NOG04605	3707479	3706850	3709964	3324808
NOG04606	3323531	4013413	3709488
NOG04607	3323754	3391753
NOG04608	4015567	3710514	3324876
NOG04609	3709860	3322944	4015241
NOG04610	4011710	3323630	3708593
NOG04611	3709291	4014736	3323868
NOG04612	3390574	3322206
NOG04613	3322442	3709265	4015528
NOG04614	3709235	4014697	3323314
NOG04615	3708894	3323744
NOG04616	3710345	4012015	3322701
NOG04617	4015415	3324287	3710100
NOG04618	4012269	3707005	3322900
NOG04619	3324027	3392526
NOG04620	3323260	3391280
NOG04621	3322437	3391363	3322433
NOG04622	3322661	4010311	4014119	3706267	3707764
NOG04623	3707816	3323353	4014015
NOG04624	4010370	3706336	3322709
NOG04625	3323271	3391331
NOG04626	3707046	3322654	4010871
NOG04627	3322518	3706458	4010901
NOG04628	3322349	4012894	3708262	4013600
NOG04629	4014532	3323790	3709117
NOG04630	3324532	3322292	3706553
NOG04631	3707874	3323383	4013968
NOG04632	4010898	3323172
NOG04633	4013926	3323428	3707922
NOG04634	4015221	3322954	3709773
NOG04635	3323237	3390298
NOG04636	3322430	3392937
NOG04637	3322934	4015271	3709910
NOG04638	3709508	3323140	4015005
NOG04639	3324779	3709478
NOG04640	3391383	3322583
NOG04641	4010766	3707129	3324038
NOG04642	3322660	3392976
NOG04643	4012007	3706682	3324606
NOG04644	4013870	3323464
NOG04645	4010327	3706286	3322675
NOG04646	3323187	4010938	3707437
NOG04647	3322882	3709502	3707226	3708830	4010848	3707229	4013424	3709024
NOG04648	3709101	3323783	4014520
NOG04649	3323910	3391882
NOG04650	3323521	4010796	3709378	4015323
NOG04651	4011895	3706579	3322631
NOG04652	4014877	3709405	3323931
NOG04653	4014521	3323784	3709102
NOG04654	4011269	3324002	3707282
NOG04655	3324803	3707771
NOG04656	3324625	3706926	4013687
NOG04657	3323262	3709442	4015307
NOG04658	3391329	3323269
NOG04659	3390324	3324798
NOG04660	3393093	3322284
NOG04661	3391634	3323698
NOG04662	3710108	4015421	3324293
NOG04663	3323403	3392086
NOG04664	3322288	3390761
NOG04665	3708674	4014265	3323938
NOG04666	4013986	3323374	3707854
NOG04667	3323852	3391077
NOG04668	4012276	3323601	3708533
NOG04669	4010633	3709501	3323679
NOG04670	3706389	4010421	3324388
NOG04671	3709356	4014829	3323913
NOG04672	4013311	3708515	3322515	3708160
NOG04673	4010931	3322326
NOG04674	3390562	3324783
NOG04675	4014554	3323810	3709140
NOG04676	3708621	4011689	3323642
NOG04677	3390649	3322525
NOG04678	3707740	3322879	4013812
NOG04679	4014257	3323121	3709577
NOG04680	4011524	3322890	3707669
NOG04681	4011442	3323584	3708267
NOG04682	3322393	4012344	3709735
NOG04683	3322754	4013060
NOG04684	3709283	3323863	4014726
NOG04685	4012553	3323610
NOG04686	3709612	3323099	4011633
NOG04687	3391602	3323443
NOG04688	3706516	4011671	3323651
NOG04689	4015123	3707575	3323609
NOG04690	3323395	4013958	3707884
NOG04691	4015065	3323107	3709602
NOG04692	3322487	4012175	4011037	4010929	4014687	4011615
NOG04693	3708163	3322391
NOG04694	4013880	3323455
NOG04695	4010295	3322571	3706249
NOG04696	4015399	3710082	3324279
NOG04697	3324638	3710387
NOG04698	3323865	4014731	3709286
NOG04699	3706628	4015185	3322915
NOG04700	4014788	3323886	3709334
NOG04701	3322863	4011561	3709487	4010546
NOG04702	3324416	3392907
NOG04703	3706918	3323247	4010559
NOG04704	3708341	3322912	3708049	4011535
NOG04705	3392237	3392665	3324538
NOG04706	3322190	3706247	4010293
NOG04707	4014519	3709100	3323782
NOG04708	3322271	4010595	3707070
NOG04709	3323915	4014832	3709359
NOG04710	3322414	3709661	4015114
NOG04711	3324746	3391147
NOG04712	4014635	3323170	4010502	3707409
NOG04713	4013552	3706457	3323137
NOG04714	4012385	3324799
NOG04715	4010457	3322642	4010573
NOG04716	3709186	3323841	4014603
NOG04717	4014535	3709120	3323793
NOG04718	3324230	3391176
NOG04719	4013514	3324482	3706450
NOG04720	3709194	3323846	4014612
NOG04721	3322325	4013725
NOG04722	3323169	4010896
NOG04723	4012367	3707201	3324018
NOG04724	3323834	4014597	3709180
NOG04725	4010825	4012197	3707219	3706782	3322698
NOG04726	3322509	3391754
NOG04727	3708712	3323672	4014250
NOG04728	3324171	4010917
NOG04729	3391498	3323313
NOG04730	4014313	3708757	3323690
NOG04731	3324427	4015522	3706939
NOG04732	3392031	3324068
NOG04733	4014744	3709299	3323874
NOG04734	3709771	3322956	4015219
NOG04735	3391570	3323475
NOG04736	3707019	3324341
NOG04737	4014104	3323290	3707787
NOG04738	3322913	4015187	3706626
NOG04739	4010447	3323683	3708736
NOG04740	3322366	3707391	4014285
NOG04741	3710381	3322781	3706524	4012121
NOG04742	3706346	4010380	3322719
NOG04743	3323693	3391640
NOG04744	3323356	3707824	4014010
NOG04745	4012236	3324563	3710122
NOG04746	3324237	4010519	3706718	4012191	3708077
NOG04747	3392023	3324868	3392391	3322842
NOG04748	3322189	3390291
NOG04749	3323324	3709215	4014654
NOG04750	3322911	3708343	3708048	4011534
NOG04751	4011056	3322374	3706412
NOG04752	3323616	3708564	4011733
NOG04753	3392446	3391093	3323098
NOG04754	3392875	3324387
NOG04755	3323405	3707897	4013948
NOG04756	3391087	3323276
NOG04757	3707020	3324342
NOG04758	3706760	3323794
NOG04759	4014802	3709343	3323903
NOG04761	4013972	3323382	3707870
NOG04762	3706426	4013211	3322633
NOG04763	3392448	3322417
NOG04764	4014166	3709797	3322397
NOG04765	3324067	3392030
NOG04766	4011586	3324839	3709868
NOG04767	3706636	3324770	4010586
NOG04768	3392750	3391143	3324657
NOG04769	3390773	3324760
NOG04770	4014417	3323560
NOG04771	4012716	3324850
NOG04772	3324747	3391031
NOG04773	3709815	3322334
NOG04774	3706654	3323775
NOG04775	4013081	3322579
NOG04776	3324496	4013691	3710341
NOG04777	3392867	3324366
NOG04778	3390819	3324358
NOG04779	4010569	3706931	3324072
NOG04780	4010864	3323581	3708269
NOG04781	4013214	3710246	3323218
NOG04782	3322720	3706347	4010381
NOG04783	3323844	3391835
NOG04784	4012134	3322504	3706535	3710206
NOG04785	3323748	3708900	4014453
NOG04786	3323407	4013946	3707899
NOG04787	3323730	3708872	4014434
NOG04788	3324542	3390927	3391341
NOG04789	3323020	4015240
NOG04790	4013934	3323418	3707912
NOG04791	3709270	4014716	3323854
NOG04792	3322488	4014648
NOG04793	3323343	3324800	3391864	3390321
NOG04794	3708278	3324862	4013605
NOG04795	3392786	3322932
NOG04796	3706533	4014427	3323727
NOG04797	3322718	4010379	3706345
NOG04798	3709929	3322930	4015276
NOG04799	4014167	3322396	3709798
NOG04800	3323312	3709238	4014699
NOG04801	3391854	3323877
NOG04802	3324234	3706724
NOG04803	3323359	4014004	3707833
NOG04804	3324580	4011084	3706606
NOG04805	3322748	4013850
NOG04806	3323100	4011625	3709611
NOG04807	4013852	3322277
NOG04808	4013370	3323252	3707615
NOG04809	3324227	4011579	3709196
NOG04810	3392990	3322864
NOG04811	3322191	3391899
NOG04812	3706779	3324615
NOG04813	3392467	3323175
NOG04814	3323541	3391908
NOG04815	3707963	4013919	3323435
NOG04816	3390450	3322667
NOG04817	4011018	3709970	4013633	4012090	4010845	3323232
NOG04818	3323851	3392062
NOG04819	4011692	3323637	3708616
NOG04820	4011724	3708578	3323621
NOG04821	4010337	3322684	3706298
NOG04822	3323379	4013979	3707861
NOG04823	3391654	3323587
NOG04824	4010407	3706374	3324401
NOG04825	3706392	4010424	3324385
NOG04826	3323235	3390300
NOG04827	3324795	3392708
NOG04828	4013285	3322826	4010491	3710284
NOG04829	3706907	3324080	4013422
NOG04830	3707260	4011213	3324013
NOG04831	3709035	4011862	3322194
NOG04832	3391212	3324024
NOG04833	3323670	3708702	4014246
NOG04834	3707843	4013997	3323362
NOG04835	3710228	4013200	3324708	4012527
NOG04836	3324391	4010418	3706386
NOG04837	3322949	3707116	4010762
NOG04838	3707049	4013386	3324689
NOG04839	3709234	3323315	4014693
NOG04840	4014656	3709217	3323322
NOG04841	3322445	4015525	3709262
NOG04842	4010298	3706252	3322700
NOG04843	3706590	3322751
NOG04844	3710207	4011791	3322563
NOG04845	4011893	3706774	3324700
NOG04846	4013280	4012076	3324527
NOG04847	3323883	4014779	3709324
NOG04848	3323904	3709344	4014803
NOG04849	3707576	4011220	3322519
NOG04850	3323597	4012350
NOG04851	4013428	3707592	3324090
NOG04852	3392703	3324251	3392702
NOG04853	3323452	3391669
NOG04854	3392651	3323132
NOG04855	3323767	4014475	3708922
NOG04856	3322716	3390529
NOG04857	3323770	3391771
NOG04858	3392789	3322929
NOG04859	4015186	3706627	3322914
NOG04860	4014082	3323301	3707807
NOG04861	4011637	3708294	3324304	3322318
NOG04862	3392890	3324399
NOG04863	3323735	4014440	3708879
NOG04864	3322389	4014633
NOG04865	3323596	3708513	4011972
NOG04866	3324300	3391565
NOG04867	3323937	3708673	4014266
NOG04868	3323194	4010759	3708537
NOG04869	3324053	3391299
NOG04870	3323108	4015011	3709848
NOG04871	4014369	3324102	4012241
NOG04873	3323918	3709363	4014835
NOG04874	3393075	3322499
NOG04875	4010529	3324213	3706861
NOG04876	3323718	4014409	3708840
NOG04877	3322762	3391504	3390672
NOG04878	4010406	3324402	3706373
NOG04879	3324409	4010399	3706366
NOG04880	3324875	3710513	4015566
NOG04881	3707411	4011132	3323173
NOG04882	3324691	3390701
NOG04883	3323503	3709597	4012087
NOG04884	3707756	3323267	4014129
NOG04885	3324406	3392897
NOG04886	4014263	3323940	3708676
NOG04887	3706353	3322726	4010387
NOG04888	3324260	4010972	3707444
NOG04889	3392909	3392874	3324386
NOG04890	3706318	3322694	4010354
NOG04891	4010443	3710408	3324673
NOG04892	3322871	4013208
NOG04893	3324692	3710419
NOG04894	3324209	4010991
NOG04895	4014301	3708746	3323685
NOG04896	3323632	4011703	3709503
NOG04897	3707333	3323518	4012455
NOG04898	3707737	3322380	4015339	3709707	4011031
NOG04899	3323017	3392693
NOG04900	3322416	3709228	4011288	4012049	4014664	3707296
NOG04902	4015413	3324285	3710098
NOG04903	3323396	3392933	3392095
NOG04904	3391865	3322367
NOG04905	4010833	3322410
NOG04906	3707345	3323146	4011337
NOG04907	3324397	3706378	4010411
NOG04908	3390502	3322690
NOG04909	3709051	3324784	3710309	3707030	4010804
NOG04910	3706707	3324583	3706901	4012412
NOG04911	4010570	3323884	4011157
NOG04912	3323534	3390724
NOG04913	3322818	4015353	3709956
NOG04914	3324034	3391963
NOG04915	3391303	3324476
NOG04916	3322422	4011622	3707595
NOG04917	3323686	4014306	3708750
NOG04918	4013921	3707961	3323433
NOG04919	4010855	3707110	3322296
NOG04920	4012909	4011549	3323113	3710252
NOG04921	3323219	4014990	3709454
NOG04922	3710032	4011021	4013352	3324432	4012443
NOG04923	3707302	3707021	3324343	3323215
NOG04924	4015188	3322916	3706629
NOG04925	3706796	3322289	4012744
NOG04926	3710119	4012239	3324560
NOG04927	3708751	3322906	4014952
NOG04928	3323882	3391859
NOG04929	3709844	4015153	3322860
NOG04930	3390846	3324842
NOG04931	3707357	4012108	3323004
NOG04932	3323939	4014264	3708675
NOG04933	4015086	3323024	3709644
NOG04934	3323849	3709258	4014711
NOG04935	4014680	3323310
NOG04936	3709971	3322740	4012709	3710016
NOG04937	4014964	3709852	4014579	3324791	4012674
NOG04938	4014470	3323762	3708917
NOG04939	4011627	3707574	3322843
NOG04940	4013859	3710358	3322457
NOG04941	3323680	4014164
NOG04942	4012967	3707152	3322354
NOG04943	3324617	3709819
NOG04944	3323300	3392328
NOG04945	3706393	4010425	3324384
NOG04946	3323759	4014466	3708913
NOG04947	3707109	4012358	3322297	4010854
NOG04948	3710427	3322208	4015544
NOG04949	3323191	3391254
NOG04950	3323504	4015481	3710359
NOG04951	3323372	4013988	3707852
NOG04952	3323227	3391272
NOG04953	3392856	3322489	3392646
NOG04954	3391824	3323820
NOG04955	3323393	3392098
NOG04956	4014789	3709336	3323887
NOG04957	3324506	3707259	4014646
NOG04958	3708670	3323667	4014213
NOG04959	3324392	3706385	4010417
NOG04960	3709420	4014886	3323933
NOG04961	3324748	4012046
NOG04962	3322584	3391384
NOG04963	3390539	3322722
NOG04964	3324568	3709314
NOG04965	3391390	3322592
NOG04966	3322643	3390566
NOG04967	3390563	3324782
NOG04968	3323797	3391792
NOG04969	3710226	3324258	4010639
NOG04970	3322813	4013218	3709447
NOG04971	3324087	3709550	4012363
NOG04972	3390335	3324205
NOG04973	3322295	4010856	3707111
NOG04974	3392647	3392855	3324525	3322490
NOG04975	3710259	3707477	3322513	4011023
NOG04976	4011426	3323542
NOG04977	4010525	3706856	3324218
NOG04978	3322524	3390648
NOG04979	3391960	3324030
NOG04980	3323309	3392459
NOG04981	3391673	3323457
NOG04982	3323326	3391516
NOG04983	3323561	4014418
NOG04984	4010304	3322739	3706258
NOG04985	3392180	3323628
NOG04986	3391296	3323563
NOG04987	4011472	3324019	3707435	4011389	3707191
NOG04988	3324283	4015411	3710092
NOG04989	3324383	4010426	3706394
NOG04990	4015562	3322542	3707722
NOG04991	4014239	3707066	3324513
NOG04992	3324675	3391081
NOG04993	3392833	3323229
NOG04994	3709816	3710011	3324829	3322332
NOG04995	3391884	3323912
NOG04996	3324031	3391961
NOG04997	3709657	3323012	4015097
NOG04998	3391758	3323758
NOG04999	4011197	3324232	3706726
NOG05000	3323641	4011690	3708620
NOG05001	4011085	3706605	3324579
NOG05002	3391948	3324572	3390438
NOG05003	3324417	4010391	3706358
NOG05004	3324280	3710083	4015400
NOG05005	3708570	4015403	3323594
NOG05006	3709409	3322840
NOG05007	3324162	3392600
NOG05008	4015458	3710146	3322785
NOG05009	4015258	3322522
NOG05010	3324201	4014189	3707652
NOG05011	3322327	4013726
NOG05012	4011074	3709068	3707051	3324044
NOG05013	4013813	3707739	3322878
NOG05014	3323248	3706919	4010560
NOG05015	3323289	3391348	3392962
NOG05016	4012071	3324200	4013443
NOG05017	3323897	4010488	3707225
NOG05018	3390336	3324206
NOG05019	3324265	3710025	4015350
NOG05020	3706512	3324856	4013128
NOG05021	3324767	3324372	4011096	3709986
NOG05022	3707987	3323567	4013896
NOG05023	4011672	3708638	3323650
NOG05024	4010312	3706268	3322662
NOG05025	3322773	3390297
NOG05026	4013670	3707305	3322756
NOG05027	3323352	3392318
NOG05028	3390855	3391180	3322446	3390653
NOG05029	3323415	4013937	3707910
NOG05030	4012368	3324017	4015496	3707202
NOG05031	3391773	3323781
NOG05032	4015485	4011539	3324680	3707178	3324100
NOG05033	3323831	3709175	4014593
NOG05034	4015405	3709994	3324825
NOG05035	3322547	3392584	3324151	3390330
NOG05036	4010333	3322682	3706294
NOG05037	3323604	3708543
NOG05038	3709959	3322821
NOG05039	3391839	3323856
NOG05040	3391983	3324052
NOG05041	3324828	3322333	3710010
NOG05042	3322790	3709695	4014683	4014508
NOG05043	3324727	3391277
NOG05044	3706255	4010302	3322738
NOG05045	3707248	3324015	4011091
NOG05046	4010719	4013759	4014051	3324134
NOG05047	3323525	3391561
NOG05048	3322961	3392723
NOG05049	3323692	4014324	3708779
NOG05050	3323923	3392617
NOG05051	3323282	4014117	3707766
NOG05052	3709479	3324780
NOG05053	3393037	3390319	3324356	3390655	3393057	3392982	3392958	3391179
NOG05054	3324450	3710365	4010612	3322982
NOG05055	4011429	3708610	3323545
NOG05056	3323423	3707917	4013931
NOG05057	4012586	3322453	3707354	3707325	4013301
NOG05058	3322593	3391391
NOG05059	3323240	3392052
NOG05060	4010482	3709720	3324444
NOG05061	3322468	3709561
NOG05062	4014467	3323760	3708914
NOG05063	3708924	3323769	4014477
NOG05064	3323888	3391872
NOG05065	4014389	3323715	3708827
NOG05066	3323635	3708606	4011694
NOG05067	4014717	3323855	3709271
NOG05068	3708554	4011740	3322569
NOG05069	3708535	3323479	4012230
NOG05070	4014707	3707171	3324519
NOG05071	3393047	3393062	3323529	3392711
NOG05072	3324440	4014860	3706860
NOG05073	3322443	4015527	3709264
NOG05074	3323779	4013134	3706657
NOG05075	3322231	3322266	3709011	4011016
NOG05076	3707334	4012456	3323519
NOG05077	3391085	3323274
NOG05078	3322891	3707668
NOG05079	3322311	4011759	3709944
NOG05080	3324054	3391298
NOG05081	4010638	3324259	3710227
NOG05082	3708887	3323741	4014445
NOG05083	3706884	3324207	4010988
NOG05084	3706494	3324678	3707516	4013286
NOG05085	3709808	3322440	3709810
NOG05086	3709883	3322750	3706480	4014209
NOG05087	3324319	3707839
NOG05088	3323780	3706656	4013135
NOG05089	4012161	3324679	3707636	4011045	3708140
NOG05090	3392652	3322301	3393015
NOG05091	3324229	3391177
NOG05092	4011720	3323625	3708582
NOG05093	4015243	3322942	3709877
NOG05094	4013951	3323402	3707894
NOG05095	3324407	4010401	3706368
NOG05096	3323381	4012565
NOG05097	3324257	3391656	3393128
NOG05098	3391810	3323813
NOG05099	4013381	3322877	3707483
NOG05100	3391671	3323454
NOG05101	3323361	4013998	3707842
NOG05102	3322222	3706783
NOG05103	3324367	3392868
NOG05104	4012098	3322302
NOG05105	3323447	3391607
NOG05106	3392221	3323657
NOG05107	3391799	3323804
NOG05108	3323294	3392332
NOG05109	3322925	3390858
NOG05110	4012811	3324058
NOG05111	3709960	3322816	4015505	4012928
NOG05112	3324721	3390943
NOG05113	4015155	3324062
NOG05114	4012856	3324502
NOG05115	3710036	3322369
NOG05116	4010329	3706288	3322677
NOG05117	3324906	4013006
NOG05118	3706420	4010438	3324328
NOG05119	3323233	3390820
NOG05120	4010483	3709719	3324445
NOG05121	3323752	3708903	4014457
NOG05122	4013744	4014035	3324121
NOG05123	4012655	3324607
NOG05124	3709933	4015280	3322928
NOG05125	4014533	3323791	3709118
NOG05126	3324845	3709873	4011581
NOG05127	3324510	3391205
NOG05128	3709127	3323803
NOG05129	3707889	4013954	3323399
NOG05130	3322681	3706293
NOG05131	3323816	3391817
NOG05132	3710110	3322415	3708766	4015424	4015425	4012625	3708148
NOG05133	3707272	4011247	3324007
NOG05134	3708919	4014472	3323764
NOG05135	4013908	3323444	3707974
NOG05136	3323671	4014249	3708710
NOG05137	3323716	3708834	4014407
NOG05138	3323154	3707214	3710288
NOG05139	3706363	4010396	3324412
NOG05140	3391989	3322360	3392319
NOG05141	3323633	3392196
NOG05142	3707731	4013611	4014857	3324437	4012247
NOG05143	3392880	3324389
NOG05144	3322663	3706269
NOG05145	3323766	3708921	4014474
NOG05146	3708697	3322822	4015473	4010296	4014231	3706250
NOG05147	3322702	3706325	4010360
NOG05148	4015437	4013492	3322459	3323491	3709791
NOG05149	3323439	4013914	3707968
NOG05150	3322381	3707738	4015338	4011030
NOG05151	3322689	3706308	4010345
NOG05152	3708249	4015434	3323495	3709788
NOG05153	4010786	3324043
NOG05154	3390647	3322526
NOG05155	3323842	4014604	3709187
NOG05156	3322450	3709978	4010905
NOG05157	3323471	4011228	3707197
NOG05158	3324235	4010521	3706720
NOG05159	4010313	3322664	3706271
NOG05160	3323935	4014893	3709422
NOG05161	3710001	3322782	4015261
NOG05162	4014988	3323221	3709452
NOG05163	4011985	3323476
NOG05164	3323745	3708895
NOG05165	3709321	3324441	4014898
NOG05166	3322523	4014823	3706671
NOG05167	3323619	3392165
NOG05168	3391227	3391228	3324354
NOG05169	4010408	3324400	3706375
NOG05170	3322635	3706430	4013212
NOG05171	3324076	3706925
NOG05172	3391220	3324305
NOG05173	3324684	4013684	3708286
NOG05174	3322199	3710459	4015554
NOG05175	3708678	3707742	3323143	4013137	4011327	3706648	3707318	4013936
NOG05176	4011130	3324633	4014632
NOG05177	3707428	4011383	3323179
NOG05178	3323645	3392210
NOG05179	4015493	3707001	3323349
NOG05180	4011584	3324841	3709870
NOG05181	3322688	3390501
NOG05182	3706571	4011600	3707867	3324564	4012254
NOG05183	3707323	3324370	4013298
NOG05184	3323858	3709278	4014721
NOG05185	3322672	3390470
NOG05186	3392608	3322243
NOG05187	4014081	3324195	3706736	4010691
NOG05188	3392176	3324763
NOG05189	3392329	3323299
NOG05190	3323523	3708123	4013652
NOG05191	3323765	4014473	3708920
NOG05192	4012717	3324849
NOG05193	3324677	3709736
NOG05194	3392952	3324246	3322252
NOG05195	3323365	3392304
NOG05196	3322441	4012257
NOG05197	3322331	3324830	4011756	3710012	3709817
NOG05198	3707086	3324490
NOG05199	3707886	3323397	4013956
NOG05200	3392136	3323595
NOG05202	3322310	3391360
NOG05203	4011057	3322372
NOG05204	3709103	3323785	4014522
NOG05205	3710287	3323158
NOG05206	3324557	3709931
NOG05207	3323891	3707232
NOG05208	4014334	3708789	3323699
NOG05209	3708597	3323631	4011706
NOG05210	3390925	3323368	3324688
NOG05211	3708526	3323598	4012342
NOG05212	3324411	3392902
NOG05213	3323859	4014723	3709280
NOG05214	3708113	3323517	4013704
NOG05215	4012955	3324296
NOG05216	4012268	3708534	3324256
NOG05217	3706320	3322696	4010356
NOG05218	4015142	3707387	3323150
NOG05219	3322831	3392970
NOG05220	4014063	3324499	4012155	3708101
NOG05221	3391075	3324853
NOG05222	3708075	3322994	3708503
NOG05223	3390612	3391107	3322248
NOG05224	4011562	3324098
NOG05225	3390295	3322771
NOG05226	3323003	3391521
NOG05227	3324589	3709394
NOG05228	3323787	3709106	4014525
NOG05229	3391909	3323540
NOG05230	3324363	4013127	3707235
NOG05231	3391857	3323880
NOG05232	3323263	3709443	4015308
NOG05233	3708050	3323848
NOG05234	4015194	3710405	3324706
NOG05235	3391316	3324443
NOG05236	4015435	3709789	3323494
NOG05237	3707541	3323064	3708979
NOG05238	3323818	3391819
NOG05239	3709807	3322343
NOG05240	3391246	3323185
NOG05241	3707295	3324310
NOG05242	3323753	4014458	3708904
NOG05243	4010780	3707139	3324032
NOG05244	3323893	4011505	4012552	3709626
NOG05245	3324540	4013150
NOG05246	3323675	3708730	4014290
NOG05247	3323962	3709429
NOG05248	3322207	3707050	4014276
NOG05249	3708918	3323763	4014471
NOG05250	4010870	3707048	3322656
NOG05251	3322861	4013102	3708877
NOG05252	3322224	3390536
NOG05253	3324810	3391353	3392965
NOG05254	3324838	3709867	4011587
NOG05255	3706370	3324405	4010403
NOG05256	3323366	3392296
NOG05257	3322893	4010352	4011424	3706316
NOG05258	3323731	3391730
NOG05259	3323118	4015043	3709589
NOG05260	3708865	3323725	4014425
NOG05261	3707054	4010669	3324050
NOG05262	4012166	3324047	3707594	4015511
NOG05263	3324618	3706843	3706433	4015122
NOG05264	3322926	3392450
NOG05265	3323413	3707908	4013939
NOG05266	3392998	3324758
NOG05267	3323126	3709538
NOG05268	3709016	3322268	4011015	3322229
NOG05269	3324042	3391970
NOG05270	3708531	4012278	3323600
NOG05271	3322256	4010977	3324242
NOG05272	3322251	3323345	4013375	3706549
NOG05273	3324832	4015321	3706680
NOG05274	3708072	3322226
NOG05275	3322546	3390329
NOG05276	3710055	3324454
NOG05277	3323181	3391242
NOG05278	3322506	3393033
NOG05279	3323295	4014090	3707800
NOG05280	3709958	3322745	3322746
NOG05281	3322267	3322230	3709017	4011009
NOG05282	4012222	3323681	4015301	3706983
NOG05283	3390783	3322427
NOG05284	3709353	3323909	4014819
NOG05285	3323082	3709962
NOG05286	3323511	3707697	4011474
NOG05287	4014573	3709160	3324084
NOG05288	3391614	3323720
NOG05289	3708808	3323705	4014357
NOG05290	3324273	3710076	4015393
NOG05291	4013996	3707844	3323363
NOG05292	3707429	4011384	3323180
NOG05293	4010526	3324217	3706857
NOG05294	4013320	3707891	3324697	4014292
NOG05295	4015071	3709604	3323103
NOG05296	3322312	4011763
NOG05297	3706866	4010532	3324197
NOG05298	4015059	3709595	3323114
NOG05299	3324879	3393129
NOG05300	4010415	3706383	3324394
NOG05301	3324569	3710202	4011487	3322486
NOG05302	3709263	3322444	4015526
NOG05303	3390844	3324840
NOG05304	4010531	3706865	3324198
NOG05305	4010405	3706372	3324403
NOG05306	3323557	3392769
NOG05307	3323674	3708728	3324644	4014287
NOG05308	3322425	4013597	4012946	4015196
NOG05309	3707878	4013964	3323389
NOG05310	3391947	3323964
NOG05311	3323914	4014830	3709357
NOG05312	3707715	4014137	3322852	3709052
NOG05313	4010372	3706338	3322711
NOG05314	3322209	4011145
NOG05315	3323010	3706708	4012413
NOG05316	3323302	3392324
NOG05317	3708826	3323714	4014388
NOG05318	4012786	3324865	4012261	4013544	3709854
NOG05320	3322659	4010306	3706260
NOG05321	3324552	4014606	3707606
NOG05322	3392310	3323358
NOG05323	4014443	3708885	3323739	4012017
NOG05324	3322250	3390611	3390457	3391106
NOG05325	3709541	3323122	4015023
NOG05326	4011092	3707249	3324014
NOG05327	3323682	4012657
NOG05328	4012348	3706511	3322527	3706863
NOG05329	3392018	3324790
NOG05330	3391517	3323327
NOG05331	3707393	4014283	3322364
NOG05332	3324504	3392751
NOG05333	4014963	3323678	3706775
NOG05334	3323176	3707423	4011379
NOG05335	4014106	3323288	3707785
NOG05336	3322548	3390331
NOG05337	3322774	3710156	4015467
NOG05338	3707504	3324619	4015049
NOG05339	3323451	4013890	3707992
NOG05340	3706340	4010374	3322713
NOG05341	4014331	3323696	3708786
NOG05342	3709535	3323129
NOG05343	3322905	3708364
NOG05344	3322752	3706589
NOG05345	3323666	3392226
NOG05346	3322464	3390341
NOG05347	4015388	3710071	3324268
NOG05348	3390635	3324537
NOG05349	3706716	4010517	3324238
NOG05350	4014933	3324524
NOG05351	4014056	3322801	4011635	4014880
NOG05352	4015394	3324274	3710078
NOG05353	3324240	4011255	3706714	4011265
NOG05354	3322375	3324481
NOG05355	3708915	3323761	4014469
NOG05356	3391578	3322859
NOG05357	4011352	4012435	3324010	3707265	4011243
NOG05358	4015436	3709790	3323493
NOG05359	3391253	3323230
NOG05360	3707662	4011518	3324686
NOG05361	3324794	4012568
NOG05362	3390857	3322924	3322766
NOG05363	3322356	3707154	4012965
NOG05364	3322995	3391641	3392155
NOG05365	3322406	3392287
NOG05366	3324587	3323337	3324172	3323988	4012609
NOG05367	4015098	3323011	3709658
NOG05368	3708897	3323746	4014451
NOG05369	3707274	3324005	4011249
NOG05370	3707157	3323509
NOG05371	3323892	3708038
NOG05372	3322516	4012787
NOG05373	3322764	3390945
NOG05374	3323259	3391279
NOG05375	3323737	3391737
NOG05376	3322451	4010906	3709979
NOG05377	3710008	4012762	3323013
NOG05378	4014607	3707605	3323007
NOG05379	3324505	3707079
NOG05380	3390391	3322497	3393070	3393038	3391055
NOG05381	3709588	4013283	3324535
NOG05382	3322854	4012171	3708858
NOG05383	4014811	3710024	3323520
NOG05384	3706348	4010382	3322721
NOG05385	3709161	3323814
NOG05386	4013540	3322989
NOG05387	4013671	3707306	3324448
NOG05388	3391099	3323217
NOG05389	3324286	3392823
NOG05390	3323574	3708538	3707180	4014993
NOG05391	3323717	4015118	3708836
NOG05392	4010339	3322686	3706300
NOG05393	4013088	3324103
NOG05394	3324575	3709729	4010787
NOG05395	4012528	3707034	3324503
NOG05396	4013911	3707971	3323442
NOG05397	4011550	3710251	3323112
NOG05398	3324713	3392518	3391273
NOG05399	3322789	3390937
NOG05400	3322695	3390508
NOG05401	3708653	4011657	3323656
NOG05402	3322910	3708047
NOG05403	4014985	3323965	3709449
NOG05404	3707765	3323273	4014118
NOG05405	4011602	3324785	3707869
NOG05406	3709222	4014659	3323320
NOG05407	3390874	3322196
NOG05408	3706284	4010325	3322674
NOG05409	3324123	4013747
NOG05410	3324324	3706646
NOG05411	3322749	4013521	3708276
NOG05412	3323192	3707459	4011416
NOG05413	4011427	3323543	3708612
NOG05414	3707492	3324555
NOG05415	3324281	4015402	3710085
NOG05416	4015096	3323014	3709655
NOG05417	3706468	3324762
NOG05418	3706413	3322498	4011054
NOG05419	3710054	3324455
NOG05420	3391378	3323370
NOG05421	3324414	4010394	3706361
NOG05422	3322532	3393043	3392516
NOG05423	4014922	3709433	3323963
NOG05424	3324912	3710152
NOG05425	4011126	3322299
NOG05427	3707317	3323141	4011326
NOG05428	4010400	3324408	3706367
NOG05429	3708657	3323008
NOG05430	4010585	3322736
NOG05431	3324640	3706800
NOG05432	3391487	3391488	3322798
NOG05433	3392655	3323128
NOG05434	3323412	3707905	4013941
NOG05435	3324336	4012346	3708524
NOG05436	3323234	3710210	4010939
NOG05437	3707903	4013943	3323410
NOG05438	3324558	3709932
NOG05439	3392726	3322958
NOG05440	4010524	3706855	3324219
NOG05441	3322678	3390479	3390480
NOG05442	3706326	3322703	4010361
NOG05443	3323721	4014411	3708844
NOG05444	4012255	3706572	3324565
NOG05445	4010701	3323047	4014072
NOG05446	3392093	3323398
NOG05447	3324338	3709716
NOG05448	3393072	3324486	3392529
NOG05449	3710491	3322319	4011239
NOG05450	3391386	3322588
NOG05451	3324360	3390778	3391015	3390627	3392936	3392948
NOG05452	3706672	4010681	3324548
NOG05453	4012181	3322837
NOG05454	3391916	3323835
NOG05455	3322465	3390342
NOG05456	3323350	3707812	4014018
NOG05457	3390572	3322204
NOG05458	3392593	3324150
NOG05459	4011601	3324567	4012253	3707868
NOG05460	4010925	3322530	3707159	4015131
NOG05461	3323575	3391659
NOG05462	3323177	3707424	4011381
NOG05463	3323105	4015069
NOG05464	4014332	3708787	3323697
NOG05465	4010555	3323243	3706913
NOG05466	3323478	3708044	4013807
NOG05467	3323261	4014142
NOG05468	3709927	3322931	4015275
NOG05469	3323253	3707616
NOG05470	4014214	3708671	3323668
NOG05471	4015074	3324556	3710049
NOG05472	3707326	3323836
NOG05473	3322602	3390718
NOG05474	3707666	3322834	4012130	3324683
NOG05475	3322225	4011275
NOG05476	3323124	3392659
NOG05477	3324835	3707103
NOG05478	3390449	3322666
NOG05479	3324776	3707279	4011266
NOG05480	4014014	3323354
NOG05481	3390763	3324601
NOG05482	3324553	4012365
NOG05483	3322405	3392286
NOG05484	3392033	3324070
NOG05485	3324624	3390490
NOG05486	3322514	3391266
NOG05487	3710069	4015373	3324267
NOG05488	3323514	3708106	4013728
NOG05489	3390752	3324890
NOG05490	3324541	3324759	4014708	4013151
NOG05491	3324745	4013470
NOG05492	4013912	3323441	3707970
NOG05493	3707346	4011340	3323147
NOG05494	3323817	3391818
NOG05495	4012025	3322394	4011654	4010962	4011604
NOG05496	3323840	3709185	4014602
NOG05497	3324294	3392835
NOG05498	3324065	3390918
NOG05499	3707203	3322741	4012380
NOG05500	4015296	4015291	3324357	4011024	3710256
NOG05501	3324739	3390776
NOG05502	3322339	4015360
NOG05503	4015242	3322943	3709862
NOG05504	3391426	3322557
NOG05505	3324755	4013981	3707859
NOG05506	3709732	4013824	3324724
NOG05507	4012006	3707745	3324609
NOG05508	3324911	4010651
NOG05509	3323206	3391278
NOG05510	3322407	4011873	4011500	4015344
NOG05511	3709594	4015058	3323115
NOG05512	3392083	3323406
NOG05513	3322832	3392971
NOG05514	3323005	4010826	4010829	4012982
NOG05515	3707730	4014858	3324438
NOG05516	4012072	3322845	3322645	3707206	4015318	3708271
NOG05517	3706780	3324886
NOG05518	4010622	3322536
NOG05519	4014686	4014685	4014684	3323306
NOG05520	3323605	3392156
NOG05521	4010290	3706243	3322187
NOG05522	3391741	3323740
NOG05524	3322314	4015512
NOG05525	3323788	3709107	4014526
NOG05526	4010836	3708241	3324311
NOG05527	3322743	3392851	3390444	3392361
NOG05528	3324393	3706384	4010416
NOG05529	3322753	3392756
NOG05530	3323722	3708845	4014412	3323508	4014483
NOG05531	3710020	3324264
NOG05532	3324695	3710044
NOG05533	4013113	3324430
NOG05534	4012715	3324851
NOG05535	3709266	3322792	4012789
NOG05536	3324859	4013533
NOG05537	3390573	3322205
NOG05538	3324272	3710075	4015392
NOG05539	3324041	3707118	4010764
NOG05540	3323364	3392305
NOG05541	3710120	4012238	3324561
NOG05542	3390344	3322467
NOG05543	4015361	3322342
NOG05544	3323117	3709592	4015045
NOG05545	3707783	3323287	4014107
NOG05546	3323317	3709232	4014691
NOG05547	3323009	4011002	3707113
NOG05548	3323535	4015460	3710148
NOG05549	4015178	3707231	3323952	4015177
NOG05550	3709539	3323125
NOG05551	3708056	4013799	3323482
NOG05552	3710328	4010895	3323876
NOG05553	4011158	3324719
NOG05554	3390760	3324737
NOG05555	4014020	3707810	3323303
NOG05556	3392476	3322866
NOG05557	3324325	3707518
NOG05558	3324239	4011264	4011253	3706713
NOG05559	3324880	3710520	4015573
NOG05560	3390500	3322687
NOG05561	3323106	4015067	3709603
NOG05562	4014818	3709351	3322921
NOG05563	3710107	3324292	4015420
NOG05564	3707613	3323251
NOG05565	3709088	4013617	3322358
NOG05566	3392461	3323305
NOG05567	3708910	3323757	4014464
NOG05568	3323467	4013868	3708008
NOG05569	3323618	3708565	4011732
NOG05570	3708551	3322402
NOG05571	3323214	4011058	4014500	3707090
NOG05572	3708291	4013628	3322449
NOG05573	3322601	4011258
NOG05574	3324132	4014049
NOG05575	3324728	3707351
NOG05576	3322783	3390881
NOG05577	3392424	3322873
NOG05578	3323029	3390398
NOG05579	4011194	4012945	3706688	3710214	3322555
NOG05580	3324766	3707813	4014017
NOG05581	3706377	3324398	4010410
NOG05582	3391827	3323832
NOG05583	3324094	4012525
NOG05584	3710021	3324694	4010927
NOG05585	3392940	3322428
NOG05586	3707432	3323182	4011386
NOG05587	3323809	3391806
NOG05588	3324180	3322979	3707540
NOG05589	3390395	3392365	3322835
NOG05590	3322668	4010317	3706275
NOG05591	4014381	3323709	3706558
NOG05592	3324060	3391485
NOG05593	3324676	3706689
NOG05594	3323576	3391658
NOG05595	4011607	3322851
NOG05596	3392242	3323577
NOG05597	3322803	3392654
NOG05598	3323713	3391622
NOG05599	3390419	3324687
NOG05600	3322575	3391375
NOG05601	4015561	3710507	3322543
NOG05602	4012002	3324369
NOG05603	4015017	3323131	3709519
NOG05604	3706784	3324000
NOG05605	3324203	3390333
NOG05606	3323266	3391305
NOG05607	3323850	3709259	4014712
NOG05608	3708337	4014066	3324142	3708079
NOG05609	3322529	3390899
NOG05610	3392582	3323050
NOG05611	3708284	3324289
NOG05612	4014692	3323316	3709233
NOG05613	3323655	4011658	3708652
NOG05614	3324055	3391297
NOG05615	3323582	3708261
NOG05616	3324095	4013731
NOG05617	3323311	3322347	4014679
NOG05618	4011325	3323203	3707311
NOG05619	3322847	3391427
NOG05620	3324508	3390951
NOG05621	4014943	3324717
NOG05622	3322576	3391376
NOG05623	3709391	4014272	3324593
NOG05624	3324254	3709733	4013825
NOG05625	3324028	4015105	3324736
NOG05626	3322637	3392293	3391900
NOG05627	4012910	3324848
NOG05628	3322528	3706862
NOG05629	3324858	4014185
NOG05630	3322715	3706343	4010377
NOG05631	3708297	3323589	4012411
NOG05632	4013306	3324898	3324091
NOG05633	3324884	4011226	3324871
NOG05634	3324435	3707727	4014897
NOG05635	3706812	4010649	3324702
NOG05636	3390614	3323096
NOG05637	3323786	4014524	3709105
NOG05638	3324096	4011094	4013732
NOG05639	3391583	3323516
NOG05640	3708210	3323216	3323388
NOG05641	4013568	3324539
NOG05642	4011093	3322559
NOG05643	3709401	4014867	3323929
NOG05644	3322338	4012705	4013591
NOG05645	3708985	3324148
NOG05646	3322732	4014625
NOG05647	3324478	4013489	4010888
NOG05648	3710404	3710229	4013708	3324707	4015195	4013847
NOG05649	3323568	4011707	3708596
NOG05650	3392364	3391130
NOG05651	3322808	3709540
NOG05652	3391171	3324233
NOG05653	3323950	3393017	3390625
NOG05654	3323063	3392577
NOG05655	3390351	3322474
NOG05656	4010718	3324135	4013760
NOG05657	3391720	3322195
NOG05658	3710279	4010592	4010591	3324834
NOG05659	3707438	3324261	4012691	4010963
NOG05660	3322627	3393078	3324650
NOG05661	3709654	4015095	3323015
NOG05662	3322534	3390671
NOG05663	3709090	4013618	3324474
NOG05664	3324295	4012812
NOG05665	3708475	4011846	3707430	3322458
NOG05666	3324500	4013690	3710342
NOG5671	4011244	3707266
NOG5672	3708108	4013719
NOG5673	3707678	4011526
NOG5674	3707927	4011823
NOG5675	3708743	4012033
NOG5676	3708518	4015486
NOG5677	4013118	3710319
NOG5678	4012635	3708733
NOG5679	4013854	3707681
NOG5680	3710390	3706840	4014259
NOG5681	3707007	4015455
NOG5682	4013170	3708709
NOG5683	3710241	4011033
NOG5684	4011807	3707941
NOG5685	3709435	4012131
NOG5686	3708703	4014247
NOG5687	4014992	3709455
NOG5688	4011106	3709846
NOG5689	4011043	3707634
NOG5690	4015558	3710503
NOG5691	4011731	3708566
NOG5692	4011481	3709800
NOG5693	4015442	3710244
NOG5694	4011665	3708646
NOG5695	4013900	3707983
NOG5696	3710198	4015499
NOG5697	4013468	3707112
NOG5698	4013876	3708000
NOG5699	3708631	4011679
NOG5700	4011782	3707196
NOG5701	4014260	3708714
NOG5702	3706241	4010288
NOG5703	3708522	4011979
NOG5704	3709554	4012962
NOG5705	4011313	3707298
NOG5706	4010773	3707137
NOG5707	3709225	4014661
NOG5708	4010305	3706259
NOG5709	3709221	4014658
NOG5710	3708916	4014468
NOG5711	4014782	3709329
NOG5712	3708628	4011683
NOG5713	4015564	3710510
NOG5714	4010624	3706562
NOG5715	4014998	3709467
NOG5716	3708909	4014463
NOG5717	3707794	4014097
NOG5718	3709155	4014567
NOG5719	3710298	4014186
NOG5720	3709301	4014748
NOG5721	3710327	4011315
NOG5722	4014495	3710205
NOG5723	3709659	4015112
NOG5724	3707789	4014102
NOG5725	3709981	4010908
NOG5726	4012463	3709571
NOG5727	3707904	4013942
NOG5728	4010655	3710313
NOG5729	3709787	4011482
NOG5730	3706355	4010389
NOG5731	4014314	3708758
NOG5732	4011366	3707412
NOG5733	4015453	3710144
NOG5734	4012333	3709373
NOG5735	3708497	4013526	4012633
NOG5736	4010326	3706285
NOG5737	4015448	3710128
NOG5738	4010993	3708487
NOG5739	4011233	3709555
NOG5740	4014745	3709300
NOG5741	3710080	4015396
NOG5742	4013425	3707227
NOG5743	3709437	4014243
NOG5744	3706634	4012120
NOG5745	4010811	3709633	3706966
NOG5746	3708270	4015015
NOG5747	4013044	3708198
NOG5748	4012059	3709668
NOG5749	4011598	3709724
NOG5750	4014204	3707691
NOG5751	3709855	4015235
NOG5752	4015340	3707736
NOG5753	3710333	4012416
NOG5754	3708672	4014215
NOG5755	4012861	3707493
NOG5756	3706416	4015040
NOG5757	3707977	4013905
NOG5758	3708096	4011941
NOG5759	4013593	3709558
NOG5760	4013140	3706799
NOG5761	3710089	4015410
NOG5762	3708669	4014212
NOG5763	3707350	4012636
NOG5764	3709869	4011585
NOG5765	4012776	3709637
NOG5766	4012857	3710486	3710482
NOG5767	3706364	4010397
NOG5768	3710043	4015365
NOG5769	4014591	3709173
NOG5770	4011172	3706471
NOG5771	3708691	4014224
NOG5772	3707847	4013993
NOG5773	4013994	3707846
NOG5774	3707299	4012473	3710237
NOG5775	3709534	4015376
NOG5776	3710273	4012065
NOG5777	3710190	4015480
NOG5778	4011923	3707098
NOG5779	3707827	4014007
NOG5780	3706667	4013472
NOG5781	3706909	4010551
NOG5782	4012064	3710274
NOG5783	3708172	4012079
NOG5784	3709526	4010819
NOG5785	3709260	4014713
NOG5786	3708642	4012816
NOG5787	4014157	3707610
NOG5788	4014403	3707462
NOG5789	3709934	4015281
NOG5790	3708930	4013432
NOG5791	4013903	3707979
NOG5792	4010740	3710441
NOG5793	3708852	4010956
NOG5794	4010494	3706679
NOG5795	3709906	4015267
NOG5796	4015509	3707307
NOG5797	3706489	4013185
NOG5798	4012587	3709146
NOG5799	3708303	4012402
NOG5800	4013572	3709805
NOG5801	3710028	3707937	4011859	4011831
NOG5802	4012821	3706513
NOG5803	3706956	4011040
NOG5804	3709229	4011752
NOG5805	3707257	4011212
NOG5806	4011410	3708152
NOG5807	3708122	4013654
NOG5808	3709635	4010812
NOG5809	4013606	3709257
NOG5810	3708482	4011669
NOG5811	4015519	3708138
NOG5812	4011139	4012415	3710332
NOG5813	4011922	3710290	3707096
NOG5814	3707100	4011925
NOG5815	4014349	3708802
NOG5816	3709055	4011965
NOG5817	4013560	3710140	4013734	4011222	3706622	4012602	3706758	4013302
NOG5818	4014230	3708696
NOG5819	4014584	3709167
NOG5820	3709348	4011802
NOG5821	4013656	3708119
NOG5822	3707182	4015500
NOG5824	3707498	4012160
NOG5825	3710245	4014485
NOG5826	4015570	3710517
NOG5827	3707091	4013578
NOG5828	3710086	4015407
NOG5829	4011700	3708600
NOG5830	4015273	3709912
NOG5831	3710211	4010940
NOG5832	4011377	3707421
NOG5833	3709044	4011548
NOG5834	4014197	3707696
NOG5835	4014192	3707655
NOG5836	4011425	3708613
NOG5837	4011250	3707275
NOG5838	4013157	3708940
NOG5839	3709431	4014915
NOG5840	3708199	4013530
NOG5841	3709930	4015279
NOG5842	4011075	3710308
NOG5843	3707885	4013957
NOG5844	3706615	3707045	4013621
NOG5845	3709202	4011573
NOG5846	4014751	3707686
NOG5847	3710275	4012063
NOG5848	3707858	4013982
NOG5849	4014575	4014574	3709849
NOG5850	4010316	3706274
NOG5851	3706810	4013685
NOG5852	4011705	3708598
NOG5853	3709144	4014558
NOG5854	3708633	4011677
NOG5855	4013884	3707993
NOG5856	3706401	4010432
NOG5857	3709473	4010799
NOG5858	3708662	4011650
NOG5859	4013653	3706256
NOG5860	3709425	4012354
NOG5861	4010414	3706381
NOG5862	4013167	3706852
NOG5863	3708665	4011647
NOG5864	3708308	4012396
NOG5865	3706600	4012664
NOG5866	3710255	4015290
NOG5867	4013106	3706444
NOG5868	3708888	4014446
NOG5869	3707880	4013962
NOG5870	4014841	3709371
NOG5871	4013105	3706445
NOG5872	4015268	3709907
NOG5873	3708707	4011929
NOG5874	3707834	4014003
NOG5875	3707637	4011488
NOG5876	3706829	4013079
NOG5877	4010690	3707068
NOG5878	3708298	4012407
NOG5879	3707398	4011357
NOG5880	4010694	3707531
NOG5881	4013995	3707845
NOG5882	4010609	3709252
NOG5883	3707340	4011335
NOG5884	3707849	4013991
NOG5885	4013239	3706466
NOG5886	4012466	3709568
NOG5887	4014386	3708824
NOG5888	4014613	3709195
NOG5889	3709974	4011980
NOG5890	4014426	3706534
NOG5891	3710502	4015557
NOG5892	3707601	4014361
NOG5893	3709687	4011611
NOG5894	3710488	4013213
NOG5895	3709097	4014516
NOG5896	3707873	4013969
NOG5897	4011029	4013810	3708250	4010924	4013009	4015324	3706280
NOG5898	3709289	4014734
NOG5899	4013351	3710031
NOG5900	3707829	4014005
NOG5901	3706277	4010319
NOG5902	4014226	3708693
NOG5903	3707527	4012768
NOG5904	3709464	4013207
NOG5905	4011415	3707458
NOG5906	4010968	3707440
NOG5907	4013816	3708243
NOG5908	4011216	3707261
NOG5909	3707117	4010763
NOG5910	4010402	3706369
NOG5911	4010367	3706332
NOG5912	4014221	3708688
NOG5913	3706808	4014547
NOG5914	3710157	4015468
NOG5915	4010820	3709527
NOG5916	3710369	4012676
NOG5917	3708175	4011998
NOG5918	3707804	4014085
NOG5919	4012703	3709038
NOG5920	3709323	4014778
NOG5921	4010661	3706536
NOG5922	3709638	4012784
NOG5923	4012243	3710125
NOG5924	3706786	4014934
NOG5925	3708272	4012195
NOG5926	4014589	3709171
NOG5927	4013296	3707321
NOG5928	4014144	3707709
NOG5929	3709330	4014783
NOG5930	3709157	4014569
NOG5931	4013041	3708247
NOG5932	4013446	4015168	3709276
NOG5933	4013440	3709740
NOG5934	3709510	3709509	4013814
NOG5935	3709890	4010979
NOG5936	4011231	3707200
NOG5937	4011198	3706727
NOG5938	3707964	4013918
NOG5939	3707324	4013300
NOG5940	3710150	4012479
NOG5941	3709147	4012588
NOG5942	3710111	4015428
NOG5943	4013284	3709587
NOG5944	4011086	3706604
NOG5945	4013180	3708093
NOG5946	4011856	3707948
NOG5947	3707044	4010998
NOG5948	4010308	3706262
NOG5949	4011718	3708585
NOG5950	3706874	4013780
NOG5951	4012729	3708239
NOG5952	4010427	3706396
NOG5953	3707122	4010765
NOG5954	4011234	3706417
NOG5955	3708572	4011729
NOG5956	4013967	3707875
NOG5957	4011333	3707338
NOG5958	4010616	4010617	3709991
NOG5959	4010980	3709889	3707320
NOG5960	4011536	3707176
NOG5961	3706301	4010340
NOG5962	3708109	4013718
NOG5963	4015008	3709512
NOG5964	4010679	3706472
NOG5965	3707779	4014112
NOG5966	3706957	4011039
NOG5967	3707539	4013771
NOG5968	3707463	4014298
NOG5969	4010782	3707141
NOG5970	3709006	4011742
NOG5971	3706522	4013392
NOG5972	4014657	3709219
NOG5973	4011648	3708664
NOG5974	4013021	3708177
NOG5975	4011687	3708623
NOG5976	3707712	4014140
NOG5977	3709181	4014598
NOG5978	4013290	3706607
NOG5979	3707144	4012410
NOG5980	4012938	3707165
NOG5981	4015304	3706677
NOG5982	3710222	4012040
NOG5983	4013483	3707638
NOG5984	4013225	3708938
NOG5985	3708806	4014353
NOG5986	3706933	4015002
NOG5987	4014663	3709227
NOG5988	3710201	4010990
NOG5989	4014675	3706501
NOG5990	3708839	4011592	3709717
NOG5991	3708666	4011645
NOG5992	3706317	4010353
NOG5993	4015571	3710518
NOG5994	4014570	3709158
NOG5995	3710145	4015457
NOG5996	4011103	3707252
NOG5997	4014568	3709156
NOG5998	3709774	4015222
NOG5999	4011483	3709786
NOG6000	3706917	4010558
NOG6001	4014969	3710367	4014968
NOG6002	3707273	4011248
NOG6003	4012629	3708143
NOG6004	4013326	3706922
NOG6005	4012316	3707619
NOG6006	4014999	3709468
NOG6007	4010668	3707053
NOG6008	3707940	4011848
NOG6009	4014896	3709459	3709462
NOG6010	3706405	4012764
NOG6011	3706436	3710130	4011997
NOG6012	3707888	4013955
NOG6013	3709135	4014549
NOG6014	4014343	3708798
NOG6015	4014423	3708861
NOG6016	4014032	3708469
NOG6017	4012604	3708060
NOG6018	3709166	4014583
NOG6019	3706650	4011866
NOG6020	4012081	4013480	3707488
NOG6021	3710041	4012585
NOG6022	4015298	3710258
NOG6023	4013359	3709738
NOG6024	3707796	4010959
NOG6025	4012409	3706447
NOG6026	4014582	3709165
NOG6027	4013587	3707716
NOG6028	4015363	3710030
NOG6029	4011543	3706675
NOG6030	3707369	4011766
NOG6031	4012995	3709083
NOG6032	3706795	4014758
NOG6033	4012937	3707166
NOG6034	4011745	3709770
NOG6035	4012405	3708300
NOG6036	4012110	3708805
NOG6037	3707400	4011360
NOG6038	4012332	3709374
NOG6039	3707475	4010455
NOG6040	3707803	4014086
NOG6041	4014514	3709095
NOG6042	4013043	3708197
NOG6043	4015010	3709514
NOG6044	3709407	4014961
NOG6045	4015454	3707008
NOG6046	4015265	3709903
NOG6047	3707647	4013683
NOG6048	3708105	4013730
NOG6049	3709988	4013707
NOG6050	4012966	3707153
NOG6051	4012815	3708641
NOG6052	4015309	3709989
NOG6053	3708064	4012614
NOG6054	4010914	3706891
NOG6055	4014108	3707782
NOG6056	3707695	4015119
NOG6057	3709466	4014997
NOG6058	3707611	4012119
NOG6059	4010942	3710213
NOG6060	3708727	4011915
NOG6061	3709370	4011959
NOG6062	3708812	4014376
NOG6063	3709781	4012038
NOG6064	3709013	4011011
NOG6065	3707978	4013904
NOG6066	4012840	3707075
NOG6067	4012122	3706543
NOG6068	4012932	3707380
NOG6069	4014083	3707806
NOG6070	3707189	4013192	4014254
NOG6071	3710314	4015539
NOG6072	3706637	4010588
NOG6073	3709802	4015226
NOG6074	3709360	4014833
NOG6075	4011218	3706953
NOG6076	4010580	3707108
NOG6077	3708100	4013162	3706504
NOG6078	3707348	4011341
NOG6079	3709385	4014638	3706968
NOG6080	3709413	3709414
NOG6081	3708228	4012615
NOG6082	3708795	4014340
NOG6083	3708647	4011662
NOG6084	3709145	4014560
NOG6085	3707898	4013947
NOG6086	4014836	3709364
NOG6087	4010936	3707370
NOG6088	4012472	3706826
NOG6089	4013460	4015169	3709275
NOG6090	4010817	3709875	4010944
NOG6091	3708004	4013873
NOG6092	3709576	4015025
NOG6093	4014944	3709471
NOG6094	4015459	3710147
NOG6095	4014087	3707802
NOG6096	3707106	4012770
NOG6097	4015031	3709580
NOG6098	3707439	4010967
NOG6099	3706257	4010303
NOG6100	3706333	4010368
NOG6101	4012185	3707016
NOG6102	4014618	3709208
NOG6103	3707027	4011142
NOG6104	4011653	3709692
NOG6105	4014256	3706357
NOG6106	4014662	3709226
NOG6107	3709686	4011612
NOG6108	3706390	4010422
NOG6109	3708151	4012545
NOG6110	3710051	4015162
NOG6111	4012037	3709782
NOG6112	4010442	3709056
NOG6113	4010348	3706311
NOG6114	4012844	3709673
NOG6115	3708685	4014218
NOG6116	4014168	3709842
NOG6117	4011735	3708562
NOG6118	4013136	3706660
NOG6119	4011217	3707262
NOG6120	3706476	4010473
NOG6121	4014206	3707689
NOG6122	3710002	4013537
NOG6123	3709878	4015244
NOG6124	4014228	3708694
NOG6125	4011725	3708577
NOG6126	4013153	3707031
NOG6127	4012034	3706641
NOG6128	4011930	3709361
NOG6129	4014586	3709168
NOG6130	4011597	3707361
NOG6131	3707604	4013034
NOG6132	4014438	3708876
NOG6133	3709136	4014550
NOG6134	4013071	3706923
NOG6135	3709742	4015191
NOG6136	4012842	3707073
NOG6137	4012315	3707618
NOG6138	4010683	3707061
NOG6139	4014764	3709317
NOG6140	4013835	3706423
NOG6141	4011485	3709178
NOG6142	4014031	4013741	3708951
NOG6143	3709475	4011520
NOG6144	4012594	3710378
NOG6145	3709923	4011814
NOG6146	4011196	3706725
NOG6147	4011136	3710285
NOG6148	4013901	3707981
NOG6149	4011939	3708095
NOG6150	4013500	3707378
NOG6151	3709339	4014199
NOG6152	4012892	3709649
NOG6153	3709511	4015007
NOG6154	4014590	3709172
NOG6155	4013556	3707319
NOG6156	3708604	4011696
NOG6157	3709338	4014793
NOG6158	4015549	3710447
NOG6159	3707996	4013881
NOG6160	3707949	4011858
NOG6161	4010798	3709474
NOG6162	3708816	4011458	4011460
NOG6163	4011334	3707339
NOG6164	4010877	3706932
NOG6165	3707287	4015073
NOG6166	3710094	4010847
NOG6167	3706547	4012852
NOG6168	3709739	4013360
NOG6169	4013867	3708009
NOG6170	3710208	4014309
NOG6171	3709874	4011580
NOG6172	3709099	4014518
NOG6173	4011406	3710177
NOG6174	3706538	4010663
NOG6175	4010673	3707684
NOG6176	4011952	3706777	3706765
NOG6177	3710171	4013039
NOG6178	4010857	3709671
NOG6179	3709515	4015012
NOG6180	3706261	4010307
NOG6181	3707984	4013899
NOG6182	4011712	3708591
NOG6183	3707797	4014094
NOG6184	4010358	3706322
NOG6185	3708592	4011711
NOG6186	3709119	4014534
NOG6187	3710104	4010910
NOG6188	3710039	4011346
NOG6189	4011596	3707865
NOG6190	3707656	4014193
NOG6191	4012584	3708204
NOG6192	4014013	4012722	3707818
NOG6193	4010378	3706344
NOG6194	4011709	3708594
NOG6195	4013505	3709028
NOG6196	3707028	4011143
NOG6197	3707952	4011806
NOG6198	3710112	4015429
NOG6199	3707088	4012531
NOG6200	4012115	3706556
NOG6201	4010665	3706540
NOG6202	4013820	4014146	3707630
NOG6203	3706633	4013078
NOG6204	4010334	3706295
NOG6205	4014178	4014308	4012114	4012364	4012823
NOG6206	3706475	4012375
NOG6207	3707404	4011362
NOG6208	3707906	4013940
NOG6209	3706611	4012757	4012320
NOG6210	4010969	3707441
NOG6211	4013604	3709579
NOG6212	3706959	4013148
NOG6213	3707711	4014141
NOG6214	4013909	3707973
NOG6215	4013358	3709737
NOG6216	3709984	4013103
NOG6217	3709296	4014742
NOG6218	3707147	4011905
NOG6219	3710446	4015548
NOG6220	3710109	4015422
NOG6221	4014337	3708792
NOG6222	4014903	4013101
NOG6223	3708094	4013178	3709968
NOG6224	4011010	3709015
NOG6225	3709828	4011066
NOG6226	3708304	4012400
NOG6227	4014732	3709287
NOG6228	3708801	4014348
NOG6229	3707254	4014879	4015148
NOG6230	4010511	3706709
NOG6231	4014030	3707570	4013713	4013740	3708928	3707526	3708950
NOG6232	3708603	4011697
NOG6233	3706424	4013833
NOG6234	3709785	4011484
NOG6235	4010954	3708854
NOG6236	4013355	3710265
NOG6237	4014909	3707360
NOG6238	4010903	3709667
NOG6239	4011686	3708625
NOG6240	3710286	4015536
NOG6241	3706542	4015504
NOG6242	3709316	4014750
NOG6243	3707418	4011373
NOG6244	3709610	4015082
NOG6245	3707506	4012980
NOG6246	3709376	4014844
NOG6247	3708760	4014316
NOG6248	4011242	3709726
NOG6249	4011736	3708555
NOG6250	4014145	3707706
NOG6251	4012233	3706902
NOG6252	4014465	3708911
NOG6253	3709284	4014729
NOG6254	4013632	3706698
NOG6255	3707972	4013910
NOG6256	4011291	3710326
NOG6257	4014321	3708775
NOG6258	3708690	4014223
NOG6259	4014105	3707786
NOG6260	4012446	3708764
NOG6261	3709518	4014161
NOG6262	4014889	3709823
NOG6263	3708862	4014424
NOG6264	4011159	3706514	4011240
NOG6265	3707415	4010467	3707584
NOG6266	4011301	3706841
NOG6267	4012707	3707500
NOG6268	4011470	3706804
NOG6269	3710116	4015264
NOG6270	4012474	3707041
NOG6271	3708853	4010955
NOG6272	4010837	3709730
NOG6273	3709982	4010909
NOG6274	3708901	4014454
NOG6275	4011953	3707286
NOG6276	3710017	4012832
NOG6277	4010342	3706303
NOG6278	4011529	3707679
NOG6279	3710095	4012390
NOG6280	4014515	3709096
NOG6281	4014850	3709379
NOG6282	3707063	4010685
NOG6283	3708934	3708510
NOG6284	3709666	4010902
NOG6285	3706719	4010520
NOG6286	3708196	4013579
NOG6287	4015247	3709891
NOG6288	4014098	3707793
NOG6289	3709472	4012097
NOG6290	3708718	4011867
NOG6291	4013175	3706822
NOG6292	4010357	3706321
NOG6293	4015233	3706817
NOG6294	3707641	4012905
NOG6295	3706506	4015474
NOG6296	3709990	4010618
NOG6297	3708529	4012335
NOG6298	3706532	4012149
NOG6299	4014217	3708684
NOG6300	3709596	4010448
NOG6301	4015239	3709859
NOG6302	3708605	4011695
NOG6303	3709042	4014668
NOG6304	4012035	3706640
NOG6305	4010671	3707056
NOG6306	4014084	3707805
NOG6307	4014126	3707761
NOG6308	3706993	4013245
NOG6309	3710009	4015283
NOG6310	3707792	4014099
NOG6311	4011643	3708264
NOG6312	4015143	3707379
NOG6313	3707959	4013923
NOG6314	4012164	3706568
NOG6315	4014608	3709190
NOG6316	4013001	3709350
NOG6317	4014008	3707826
NOG6318	4013182	3706491	4011932
NOG6319	4015546	3710444
NOG6320	4015044	3709590
NOG6321	3709392	4014271
NOG6322	4012589	3710377
NOG6323	4012324	3710301
NOG6324	4014303	3708748
NOG6325	3710117	4011380
NOG6326	3709191	4014609
NOG6327	3708505	4012975
NOG6328	4015502	3709245
NOG6329	4014350	3708803
NOG6330	3706789	4013314
NOG6331	4011089	3707246
NOG6332	4012343	3706664
NOG6333	4015464	3709710
NOG6334	4014459	3708905
NOG6335	3709355	4014828
NOG6336	3706717	4010518
NOG6337	3707148	4015310
NOG6338	3709432	4014916
NOG6339	4011722	3708580
NOG6340	4015269	3709908
NOG6341	3707448	4011409	4011413	3707447
NOG6342	4011761	3709939
NOG6343	4011747	3708549
NOG6344	3706715	3708842	4010516
NOG6345	4015154	3709845
NOG6346	4010768	3707131
NOG6347	3706651	4012954
NOG6348	4011770	3708544
NOG6349	4011786	3706807
NOG6350	4014335	3708790
NOG6351	4012981	3707598
NOG6352	4013845	3707006
NOG6353	3709207	4014617
NOG6354	4013097	3708719
NOG6355	3708815	4011461
NOG6356	4011545	3709040
NOG6357	4012322	3706673
NOG6358	3707062	4012366
NOG6359	4012080	3709043
NOG6360	3707508	4015170
NOG6361	3706425	4013834
NOG6362	4013970	3707872
NOG6363	3708695	4014229
NOG6364	3710485	4013282
NOG6365	3706305	4010344
NOG6366	3706992	4013581
NOG6367	3709573	4012461
NOG6368	3709236	4014698
NOG6369	3710102	4015416
NOG6370	3707385	4011355
NOG6371	4012445	3708765
NOG6372	3710113	4015430
NOG6373	3709027	4010486
NOG6374	3709498	4012127	3709496	3709497	4010818	3709495	4010800	4013308
NOG6375	4010346	3706309
NOG6376	4012013	3710347
NOG6377	3709430	4014914
NOG6378	4014853	3706639
NOG6379	4014619	3709209
NOG6380	3707838	4014000
NOG6381	3709513	4015009
NOG6382	4014620	3709210
NOG6383	4014187	3707650
NOG6384	4010687	3707064
NOG6385	4011038	3706958
NOG6386	4011477	3709240
NOG6387	3709948	4015349
NOG6388	4014580	3709162
NOG6389	3709231	4014690
NOG6390	4014797	3707485
NOG6391	4011564	3708514	4014236
NOG6392	3706674	4015482
NOG6393	3706352	4010386
NOG6394	3706991	4012275
NOG6395	3707735	4015337
NOG6396	4012404	3708302
NOG6397	3707315	4010946
NOG6398	3707799	4014092
NOG6399	4011841	4011399	3708486
NOG6400	3706551	4012148
NOG6401	4015193	3709744
NOG6402	4011087	3709332	3707244
NOG6403	4014460	3706591
NOG6404	4011702	3708599
NOG6405	4012095	3707758	4014151
NOG6406	3706982	4013029
NOG6407	4012068	3710466
NOG6408	3709581	4015032
NOG6409	3709458	4010755
NOG6410	3709268	4014715
NOG6411	3707795	4014095
NOG6412	4012495	3710483
NOG6413	4010355	3706319
NOG6414	3709169	4014587
NOG6415	4010462	3707390
NOG6416	3706830	4013080
NOG6417	4011716	3708588
NOG6418	4010330	3706289
NOG6419	4013694	3710338
NOG6420	4013712	3706832
NOG6421	3709176	4014594
NOG6422	3710375	4012592
NOG6423	4013827	3709574
NOG6424	4011245	3707267
NOG6425	4013532	3706897
NOG6426	3707850	4013990
NOG6427	3707251	4011099
NOG6428	4013642	3709734
NOG6429	3706937	4010583
NOG6430	3708856	4014420
NOG6431	3709130	4014545
NOG6432	3708782	4014327
NOG6433	4014128	3707759
NOG6434	3707820	4014012
NOG6435	3708253	4015495
NOG6436	3709776	4015223
NOG6437	3706341	4010375
NOG6438	3709104	4014523
NOG6439	4014315	3708759
NOG6440	3708144	4012628
NOG6441	4011372	3707417
NOG6442	4014548	3709134
NOG6443	3709629	4013376
NOG6444	3706443	4013107
NOG6445	3708237	4015111
NOG6446	4010365	3706330
NOG6447	4014100	3707791
NOG6448	3708793	4014338
NOG6449	3707980	4013902
NOG6450	4015079	3709607
NOG6451	3709121	4014537
NOG6452	3707770	4013271
NOG6453	4015092	3709651
NOG6454	3707588	4011547
NOG6455	3709372	4010983
NOG6456	4011674	3708636
NOG6457	4010880	3709111
NOG6458	4010487	3709026
NOG6459	4014529	3709109
NOG6460	4015362	3710029
NOG6461	4014740	3709294
NOG6462	4013035	3707603
NOG6463	3709342	4014798
NOG6464	3706602	4012468
NOG6465	4014318	3708762
NOG6466	4011989	3709613
NOG6467	3709567	4011432
NOG6468	3709506	4015004
NOG6469	4011880	3708065
NOG6470	4013354	3710264
NOG6471	3710519	4015572
NOG6472	3709439	4014927
NOG6473	3708892	4014449
NOG6474	4015372	3710068
NOG6475	4014839	3709369
NOG6476	3707944	4011852
NOG6477	3707236	4012987	4015285	4012094
NOG6478	3706935	4010581
NOG6479	3706399	4010430
NOG6480	4014120	3709499
NOG6481	4014649	3707663
NOG6482	3708794	4014339
NOG6483	4011200	3709793
NOG6484	3709609	4015081
NOG6485	4012948	3706559
NOG6486	3709214	4014653
NOG6487	4015080	3709608
NOG6488	3706735	4010523
NOG6489	4014352	3707194
NOG6490	3709831	4013163
NOG6491	4014478	3706473
NOG6492	3707882	4013960
NOG6493	4015018	3709520
NOG6494	4011983	3709522
NOG6495	4010781	3707140
NOG6496	4012359	4015316	3707237
NOG6497	3710084	4015401
NOG6498	4013886	3709530
NOG6499	4014282	3707394
NOG6500	4010904	3709977
NOG6501	4010947	3707314
NOG6502	4011576	3709199
NOG6503	4015520	3707579
NOG6504	3709572	4012462
NOG6505	4015284	3709935
NOG6506	3707285	4011278
NOG6507	3709591	4015319
NOG6508	3710379	4012590
NOG6509	4010894	3706403
NOG6510	4012730	3708203
NOG6511	3707436	4011392
NOG6512	3708602	4011698
NOG6513	4013831	3706408
NOG6514	3707704	4012484
NOG6515	4011942	3708097
NOG6516	3709727	4013803
NOG6517	3709408	4014962
NOG6518	3708763	4012447
NOG6519	3707635	4013842	4012613	4015431	4015385
NOG6520	3709992	4012159
NOG6521	3706546	4012850
NOG6522	3706391	4010423
NOG6523	3709074	4015286
NOG6524	3708142	4012630
NOG6525	3707168	4010793
NOG6526	4010409	3706376
NOG6527	3707836	4014002
NOG6528	3708749	4014304
NOG6529	3709718	4010485
NOG6530	3707442	4010970
NOG6531	3707855	4013985
NOG6532	3707651	4014188
NOG6533	3709170	4014588
NOG6534	4014328	3708783
NOG6535	4012627	3708145
NOG6536	3707359	4011261
NOG6537	3706898	4012024
NOG6538	3709691	4013030	4015038
NOG6539	4014904	3708716
NOG6540	3707841	4013999
NOG6541	4010995	3707204
NOG6542	4011681	3707455
NOG6543	4012477	3706693
NOG6544	4014380	3708820
NOG6545	3709009	4013474	3709985	3706788
NOG6546	4014131	3707754
NOG6547	4014566	3709154
NOG6548	4010994	3709728
NOG6549	3709243	4013052
NOG6550	4014336	3708791
NOG6551	3710451	4013841
NOG6552	3708626	4011685
NOG6553	4014232	3709416
NOG6554	3707809	4014021
NOG6555	3707928	4011824
NOG6556	4014233	3709415
NOG6557	3708796	4014341
NOG6558	3709871	4011583
NOG6559	3710463	4013156
NOG6560	3710106	4015419
NOG6561	3706388	4010420
NOG6562	4011738	3706498
NOG6563	4014718	3709272
NOG6564	3708165	4012721
NOG6565	4011517	3707661
NOG6566	4010347	3706310
NOG6567	4010383	3706349
NOG6568	3707986	4013897
NOG6569	4010584	3706940
NOG6570	3708687	4014220
NOG6571	4013804	3708052
NOG6572	3706828	4012994
NOG6573	3710212	4010941
NOG6574	4014433	3708871
NOG6575	3710479	4013427
NOG6576	3708306	4012398
NOG6577	4010392	3706359
NOG6578	3706687	4012003
NOG6579	3709836	4014169
NOG6580	3706407	4013830
NOG6581	4010471	3707587	3707414
NOG6582	4013829	3706406
NOG6583	3709423	4014894
NOG6584	3710015	4015330
NOG6585	4014135	3707720
NOG6586	3710066	4015370
NOG6587	4011560	3708274
NOG6588	3707381	4011353
NOG6589	3709834	4015234
NOG6590	4014322	3708777
NOG6591	4010522	3706733
NOG6592	4015514	3707011
NOG6593	4013818	3706899
NOG6594	4011699	3708601
NOG6595	3709905	4015266
NOG6596	4013878	3707998
NOG6597	3707456	4011414
NOG6598	4011577	3709198
NOG6599	4012220	3707012
NOG6600	3707732	4012248	4014856
NOG6601	4014444	3708886
NOG6602	4014429	3708867
NOG6603	4011682	3708629
NOG6604	4014581	3709163
NOG6605	3709142	4014556
NOG6606	4011390	3708232
NOG6607	4011336	3707341
NOG6608	3707388	4012441
NOG6609	4014110	3707780
NOG6610	3708701	4014245
NOG6611	3709605	4015072
NOG6612	3706770	4015274
NOG6613	3707023	4011192	4013204
NOG6614	4015404	3706811
NOG6615	3707480	4014307
NOG6616	4014743	3709297
NOG6617	3710189	4015476
NOG6618	3708345	4011531
NOG6619	3708715	4014262
NOG6620	4011861	3709077
NOG6621	3710504	4015559
NOG6622	3709347	4011803
NOG6623	4014252	3708717
NOG6624	4010315	3706273
NOG6625	3708692	4014225
NOG6626	4014159	3706587
NOG6627	4013404	3710499
NOG6628	4012352	3708519
NOG6629	4015329	3710014
NOG6630	4015563	3710509
NOG6631	3708089	4014848
NOG6632	3706400	4010431
NOG6633	4013248	3708014
NOG6634	3708873	4014435
NOG6635	4010428	3706397
NOG6636	4013882	3707995
NOG6637	3707657	4014194
NOG6638	4011277	3707284
NOG6639	4013650	3708126
NOG6640	4010664	3706539
NOG6641	3707328	4012940
NOG6642	3710079	4015395
NOG6643	3709094	4014513
NOG6644	4014317	3708761
NOG6645	3706283	4010324
NOG6646	3707958	4013924
NOG6647	3709241	4011476
NOG6648	3707589	4012913
NOG6649	4014441	3708882
NOG6650	4014006	3707828
NOG6651	3709303	4013112
NOG6652	3708002	4013875
NOG6653	3709113	4010882
NOG6654	4014001	3707837
NOG6655	3707591	3707410	4010503
NOG6656	3708003	4013874
NOG6657	4010784	3706951
NOG6658	3710193	4015483
NOG6659	4013888	3709529
NOG6660	4014733	3709288
NOG6661	3709777	4015224
NOG6662	3707155	4012964
NOG6663	4015236	3709856
NOG6664	4012880	3707751
NOG6665	4014884	3709418
NOG6666	3707721	4011569
NOG6667	4011727	3708574
NOG6668	4011246	3707268
NOG6669	4015083	3710197
NOG6670	4014504	3707599
NOG6671	3709760	4014847
NOG6672	4015013	3709516
NOG6673	3708829	4013201
NOG6674	4011981	3706806
NOG6675	3710234	4013235
NOG6676	4015414	3709441
NOG6677	3707368	4012106
NOG6678	4013456	3706848
NOG6679	3710461	4015556
NOG6680	3708650	4011660
NOG6681	4014138	3707714
NOG6682	4013209	3706428
NOG6683	3706304	4010343
NOG6684	3708127	4013645
NOG6685	4012170	3707243
NOG6686	4014200	3708285
NOG6687	3710124	4013368
NOG6688	4014479	3709001
NOG6689	4014300	3708745
NOG6690	3708769	4015456	4014319
NOG6691	4012325	3709477
NOG6692	3709741	4015190
NOG6693	4011267	3707280
NOG6694	4014448	3708891
NOG6695	4011613	3709685
NOG6696	4013950	3707895
NOG6697	4013224	3708937
NOG6698	3710262	4013193
NOG6699	3707863	4011595
NOG6700	4012165	3706567
NOG6701	3709421	4014892
NOG6702	4014517	3709098
NOG6703	3710221	4011781
NOG6704	4011475	3709242
NOG6705	3709062	4013165
NOG6706	4014926	3709438
NOG6707	4011374	3707352
NOG6708	3708111	4013705
NOG6709	4012532	3707089
NOG6710	4013984	3707856
NOG6711	3707664	4014651
NOG6712	4010299	3706253
NOG6713	4011285	3707293
NOG6714	3707790	4014101
NOG6715	3708813	4014377
NOG6716	3708263	4013603
NOG6717	3709600	4015061
NOG6718	4010881	3709112
NOG6719	3709192	4014610
NOG6720	3707688	4014358
NOG6721	4012566	3706395
NOG6722	4014281	3707397
NOG6723	3706586	4014158
NOG6724	3709138	4014552
NOG6725	3709998	4015288
NOG6726	3710232	4014676
NOG6727	3707481	4013114
NOG6728	3710362	4013580
NOG6729	3710220	4011780
NOG6730	4012347	3706510
NOG6731	4014093	3707798
NOG6732	4014947	3707190
NOG6733	4015182	3709003
NOG6734	3708668	4011642
NOG6735	4015484	3707179
NOG6736	4014089	3707801
NOG6737	3708939	4013226
NOG6738	4012328	3707300
NOG6739	3708817	4011457
NOG6740	4015110	3708236
NOG6741	4013385	3710464	3706787
NOG6742	4013117	3707250
NOG6743	4011804	3707942
NOG6744	3707222	4013333
NOG6745	4010889	3710115
NOG6746	4013709	3710230
NOG6747	4014450	3708896
NOG6748	4014652	4012182	3708293
NOG6749	3709128	4014543
NOG6750	4015521	3706938
NOG6751	4014288	3708729
NOG6752	4011855	3707947
NOG6753	4011349	3707372
NOG6754	4014577	3709851
NOG6755	4011656	3708654
NOG6756	4010689	3707067
NOG6757	4011649	3708663
NOG6758	3706824	4012679
NOG6759	3708627	4011684
NOG6760	4014928	3709440
NOG6761	3708747	4014302
NOG6762	3708866	4014428
NOG6763	3707241	4011081
NOG6764	4013930	3707918
NOG6765	3706537	4010662
NOG6766	4012682	4014970	3710368
NOG6767	4010568	3706930
NOG6768	3706771	4013689
NOG6769	4012180	3708908
NOG6770	3707238	4014275
NOG6771	3709532	4010821
NOG6772	4013152	3708208
NOG6773	4011308	3709700
NOG6774	3708532	4011978
NOG6775	3707308	4010626
NOG6776	4010907	3709980
NOG6777	4010869	3709714
NOG6778	3709528	4013889
NOG6779	3709200	4011575
NOG6780	3708033	4013464
NOG6781	3708581	4011721
NOG6782	3707373	4011350
NOG6783	4013169	3708708
NOG6784	4011387	3707433
NOG6785	3708780	4014325
NOG6786	3708732	4012151
NOG6787	3706477	4012004
NOG6788	3709469	4015000
NOG6789	4011307	3709699
NOG6790	4012066	3710272
NOG6791	3706545	4012851
NOG6792	3707755	4014130
NOG6793	3707694	4014354
NOG6794	3709801	4015311
NOG6795	3706297	4010336
NOG6796	3708788	4014333
NOG6797	4011644	3708667
NOG6798	3708804	4014351
NOG6799	4014781	3709326
NOG6800	3706263	4010309
NOG6801	4011678	3708632
NOG6802	3709769	4015326
NOG6803	3710188	4015475
NOG6804	4014553	3709139
NOG6805	3708162	4010615
NOG6806	3707489	4013535
NOG6807	4013334	3707223
NOG6808	3709670	4015117
NOG6809	3708125	4013651
NOG6810	3707247	4011090
NOG6811	4014436	3708874
NOG6812	4014939	3709689
NOG6813	3706302	4010341
NOG6814	4010810	3706965
NOG6815	4011385	3707431
NOG6816	4010572	3706763
NOG6817	4013699	3708114
NOG6818	3709159	4014571
NOG6819	3708618	4011810
NOG6820	3707422	4011378
NOG6821	4014551	3709137
NOG6822	3706554	4013158
NOG6823	3707256	4011120
NOG6824	4010369	3706334
NOG6825	3707060	4010682
NOG6826	3708797	4014342
NOG6827	4011342	3707349
NOG6828	4014996	3709465
NOG6829	4015171	3707509
NOG6830	3707136	4010772
NOG6831	4015547	3710445
NOG6832	4010984	3707309
NOG6833	4013885	3709531
NOG6834	4012828	3707077
NOG6835	4013976	3707277
NOG6836	4014203	3707692
NOG6837	4014838	3709366
NOG6838	3709880	4015245
NOG6840	3706790	4013315
NOG6841	4013832	3710501
NOG6842	3708010	4013866
NOG6843	3707026	4011141
NOG6844	3706541	4010666
NOG6845	4010322	3706281
NOG6846	4010792	3707167
NOG6847	4012045	3708231
NOG6848	3710343	3710439	4010883	4010742
NOG6849	4013643	3708129
NOG6850	3709174	4014592
NOG6851	3707253	4015147	4014878
NOG6852	3706328	4010363
NOG6853	3707376	4013733
NOG6854	4011490	3707640
NOG6855	4011865	3708149
NOG6856	3707946	4011854
NOG6857	4010376	3706342
NOG6858	3709036	4011062
NOG6859	4011180	3710153	4012836
NOG6860	4011815	3709922
NOG6861	4014360	3707600
NOG6862	4011790	3709894	4015312
NOG6863	4015278	3709749
NOG6864	3708833	4014391
NOG6865	4012140	3709023
NOG6866	4014599	3709182
NOG6867	4014842	3709375
NOG6868	4012012	3709076	4012451
NOG6869	4011365	3707408
NOG6870	4012212	3709325
NOG6871	3707177	4011537
NOG6872	4014222	3708689
NOG6873	4013586	3707717
NOG6874	3708233	4012176
NOG6875	3708859	4014422
NOG6876	3707071	4012885
NOG6877	4011762	3709937
NOG6878	3708595	4011708
NOG6879	3709557	4014701
NOG6880	3708273	4015029
NOG6881	4014719	3709273
NOG6882	4012939	3707164
NOG6883	4015062	3709601
NOG6884	4010790	3707163
NOG6885	4011574	3709201
NOG6886	4012279	3708530
NOG6887	3710481	4015303
NOG6888	4014208	3709884
NOG6889	3708781	4014326
NOG6890	3707460	4011418
NOG6891	3708146	4012626
NOG6892	4015297	3710236	3710257
NOG6893	3707327	4012941
NOG6894	3707969	4013913
NOG6895	3708001	4010749
NOG6896	3710179	4011403
NOG6897	3707000	4011958
NOG6898	4012839	3707076
NOG6899	3708767	4015426
NOG6900	3709087	4013614
NOG6901	4011428	3708611
NOG6902	4011003	3707209
NOG6903	3707242	4011082
NOG6904	4013349	3707058
NOG6905	4010747	3707784
NOG6906	3708092	4013181
NOG6907	3709110	4010879
NOG6908	4015565	3710511
NOG6909	3706246	4010292
NOG6910	3709570	4012464
NOG6911	3710346	4012014
NOG6912	3709197	4011578
NOG6913	3710376	4012591
NOG6914	3707074	4012841
NOG6915	3706490	4011931
NOG6916	4013297	3707322
NOG6917	3709767	4014615
NOG6918	4013232	3706762
NOG6919	4012509	3706569
NOG6920	4012198	3707220
NOG6921	3706908	4013348
NOG6922	3709428	4012454
NOG6923	3708929	4010841
NOG6924	3708238	4015037
NOG6925	4011012	3709012
NOG6926	3707648	4012152
NOG6927	3707925	4011821
NOG6928	3709115	4014531
NOG6929	4014700	3709239
NOG6930	4012393	3709551
NOG6931	4014645	4012039	3710052
NOG6932	3707105	4011796
NOG6933	3706526	3706527	4014482
NOG6934	3707703	4014150
NOG6936	3706692	4014759
NOG6937	4014091	3707303
NOG6938	4014627	3709213
NOG6939	4011944	4011290	4012607	4011114	4011113
NOG6940	3710487	4013281
NOG6941	3707330	4013149
NOG6942	3710261	4011098
NOG6943	4011834	3707702
NOG6944	4013879	3707997
NOG6945	3709448	4013216
NOG6946	3708542	4011773
NOG6947	3709896	4011845	3709918
NOG6948	3707781	4012814
NOG6949	3709505	4015003
NOG6950	4013223	3708936
NOG6951	4014804	3709345
NOG6952	4012912	3707590
NOG6953	3710160	4015259
NOG6954	4012397	3708307
NOG6955	3706981	4011966
NOG6956	4014484	3706809
NOG6957	3710498	4013407
NOG6958	3706248	4010294
NOG6959	4012043	4015524	3706699
NOG6960	4014787	3709333
NOG6961	3709517	4015014
NOG6962	4010395	3706362
NOG6963	4014824	3709354
NOG6964	3706548	4010603
NOG6965	3708246	4015449
NOG6966	3708536	4015490
NOG6967	4010461	3707389
NOG6968	3708584	4011719
NOG6969	3707871	4013971
NOG6970	4014191	3707654
NOG6971	3707271	4013331
NOG6972	4012713	3706835
NOG6973	4013644	3708128
NOG6974	3708698	4014241
NOG6975	3710143	4015452
NOG6976	3709987	4011095
NOG6977	4015035	3709584
NOG6978	3709224	4014660
NOG6979	3707989	4013893
NOG6980	3707883	4013959
NOG6981	4013037	3708731
NOG6982	3710178	4011405
NOG6983	3324613	3709763	3709753
NOG6985	3322403	3391116
