NOG00001	3469510	6535	3025209
NOG00002	3024427	4863	3470581
NOG00003	4893	3025166	3470524
NOG00004	3936	3025517	3469668
NOG00005	5712	3469553	6874	3024251	3024250
NOG00006	3025519	3470471	5534
NOG00007	3469580	3025231	4397
NOG00008	4571	3024875	3470677
NOG00009	4475	3024272	3470405
NOG00010	3024463	4323	3470440
NOG00011	3470654	4661	3024517
NOG00012	3470197	3025250	4352
NOG00013	3470311	6131	3024511
NOG00014	3470673	5528	3024733	6122
NOG00015	3470562	5183	3024654
NOG00016	3024616	6619	3470619
NOG00017	3470499	4811	3025643
NOG00018	5936	3469958	3025448
NOG00019	3470355	3024887	4445
NOG00020	5427	3025646	3470501
NOG00021	3024500	3469740	5675
NOG00022	3470084	3024720	6955
NOG00023	5217	3025211	3470113
NOG00024	3470468	4662	3024930
NOG00025	3469919	3025303	6513
NOG00026	5235	3469514	3024457
NOG00027	3024185	4897	3469812
NOG00028	3025311	4128	3470659
NOG00029	3471084	3025414	4920
NOG00030	3470603	3024760	5492
NOG00031	3633	3024608	3469490
NOG00032	3024198	3470411	5397
NOG00033	3471054	3024263	3948
NOG00034	5468	3470852	3024280
NOG00035	5191	3470224	3024986
NOG00036	3024844	3470331	5187
NOG00037	5505	3470137	3025059
NOG00038	3710	3025423	3470767
NOG00039	6239	3469965	3024318
NOG00040	3470772	5715	3025272
NOG00041	3024462	3469774	4964
NOG00042	3469611	4133	3025145
NOG00043	3025476	4951	4806	3470481
NOG00044	3025072	5231	3469886
NOG00045	5081	3024623	3470101
NOG00046	3024734	5529	3470672	6123
NOG00047	5685	3024876	3470678
NOG00048	3025169	5925	3470567
NOG00049	4992	3470076	3024438
NOG00050	6126	3025443	3470800
NOG00051	5510	3470493	3025637
NOG00052	3024507	6741	3470307
NOG00053	4708	3024262	3471055
NOG00054	3470275	6759	3024414
NOG00055	3469956	5481	3024372
NOG00056	6561	3025142	3470924
NOG00057	6622	3470122	3025003
NOG00058	3470142	3025249	4460
NOG00059	3025628	3470769	6747
NOG00060	3024718	5220	3470031
NOG00061	3469853	3024291	5976
NOG00062	3469525	3024588	5833
NOG00063	3025557	3470151	4967
NOG00064	3470908	3024132	4045
NOG00065	3024807	5594	3469795
NOG00066	5043	3024672	3470343
NOG00067	3471017	3024765	4512
NOG00068	3471028	3025185	6127
NOG00069	3470889	6705	3025335
NOG00070	6849	3470280	3024750
NOG00071	3470594	5436	3024321
NOG00072	4914	3025292	3469942
NOG00073	4959	3469989	3024346
NOG00074	3025604	3469645	4044
NOG00075	3470184	6814	3024774
NOG00076	3470893	6795	3024363
NOG00077	3025398	4937	3471068
NOG00078	3024328	3469698	4286
NOG00079	6908	3024167	3470897
NOG00080	3469854	4818	3024292
NOG00081	3024145	3470516	5214
NOG00082	3469767	3024398	5257
NOG00083	6786	3470748	3025172
NOG00084	3471090	3025527	4494
NOG00085	6350	3024758	3469911
NOG00086	6659	3470067	3024159
NOG00087	6823	3470297	3025138
NOG00088	4406	3470096	3025661
NOG00089	4428	3024931	3470469
NOG00090	6640	3470433	3025286
NOG00091	3470611	5202	3024331
NOG00092	6149	3470693	3024584
NOG00093	3024226	3471066	6977
NOG00094	3024187	6507	3470995
NOG00095	3024525	5658	3470260
NOG00096	4043	3024530	3470186
NOG00097	3470765	5857	3025156
NOG00098	3470627	5583	3024122
NOG00099	3469894	4819	3024662
NOG00100	3634	3470437	3024803
NOG00101	3025320	3881	3470968
NOG00102	3024389	3470420	4346
NOG00103	4707	3025339	3469953
NOG00104	3024219	4431	3470181
NOG00105	3469735	3792	3025018
NOG00106	3469582	3025229	4395
NOG00107	3024248	5391	3469551
NOG00108	3469861	3024301	6853
NOG00109	3025179	5281	3470225
NOG00110	3025470	4409	3469733
NOG00111	3469562	3024751	5478
NOG00112	3024233	3469679	6135
NOG00113	3025471	4950	3469732
NOG00114	5277	3025187	3470300
NOG00115	4958	3024727	3470119
NOG00116	3470027	3025327	5520
NOG00117	3469841	3866	3025577
NOG00118	4949	3024895	3469665
NOG00119	3024377	4602	3469907
NOG00120	5497	3024345	3469991
NOG00121	3470563	3024819	6789
NOG00122	3025411	4923	3471081
NOG00123	3469552	3024249	5392
NOG00124	3469982	5552	3024692
NOG00125	3025650	3470588	4492
NOG00126	3470277	3949	3024680
NOG00127	3470801	4188	5746	3025444
NOG00128	6969	5033	6527	3024805	3740	6811	3470434	5716	3748
NOG00129	3470640	3025070	5504
NOG00130	3469624	4508	3024923
NOG00131	5667	3470676	3024874
NOG00132	3469782	4823	3024310
NOG00133	6104	3024600	3469885
NOG00134	3024311	4822	3469781
NOG00135	4138	3025681	3470131
NOG00136	3469862	6854	3024300
NOG00137	3024861	6267	3470615
NOG00138	4121	3469791	3025567
NOG00139	3024789	6168	3470796
NOG00140	6156	3025074	3469760
NOG00141	3469671	5296	3025123
NOG00142	3024306	3470504	6047
NOG00143	3025460	3470008	4577
NOG00144	3469502	6114	3024813
NOG00145	4414	3470798	3024304
NOG00146	3469663	4330	3024893
NOG00147	3786	3470509	3025575
NOG00148	6349	3024756	3470771
NOG00149	3025373	4307	3470805
NOG00150	3025116	5082	3470634
NOG00151	3470117	3024495	4899
NOG00152	3951	3024998	3470070
NOG00153	3471093	3025525	6497
NOG00154	3469607	3025149	6510
NOG00155	4489	3024878	3470680
NOG00156	3470228	5475	3025110
NOG00157	6946	3025236	3469575
NOG00158	3469787	5849	3025659
NOG00159	3939	3024459	3469771
NOG00160	4344	3470317	3025041
NOG00161	3470325	4285	3024217
NOG00162	3470539	3024468	4974
NOG00163	3025155	6044	3469751
NOG00164	4484	3024324	3470749
NOG00165	3469515	4522	3024456
NOG00166	6518	3025298	3469924
NOG00167	3025547	4695	3470371
NOG00168	6494	3470506	3025181
NOG00169	4898	3470923	3024748
NOG00170	3470656	4114	3025316
NOG00171	3024664	3469887	4821
NOG00172	6834	3025430	3470666
NOG00173	3469836	3024116	5236
NOG00174	3471029	4234	3025563
NOG00175	6940	3470022	3025159
NOG00176	3470936	3025499	5313
NOG00177	6096	3470129	3025077
NOG00178	3024354	3470859	4141
NOG00179	3470017	3024905	4814
NOG00180	3024673	3470342	4041
NOG00181	3952	3470071	3024158
NOG00182	3024619	6979	3470132
NOG00183	5075	3469988	3024347
NOG00184	5393	3470255	3024465
NOG00185	5553	3469983	3024693
NOG00186	3025591	3471024	6106
NOG00187	6264	3024785	3470243
NOG00188	3024305	5969	3470021
NOG00189	3024817	5239	3470107
NOG00190	3024942	6942	3470244
NOG00191	6948	3469576	3025235
NOG00192	3469941	3025293	4913
NOG00193	3470128	3025076	6097
NOG00194	3469940	3025294	4912
NOG00195	4764	3024956	3470056
NOG00196	3470932	3024732	6726
NOG00197	5153	3470212	3025531
NOG00198	3024125	4709	3471016
NOG00199	3024367	4960	3469778
NOG00200	6155	3025503	3471065
NOG00201	4927	3025407	3471077
NOG00202	3469788	6824	3024871
NOG00203	3025351	3469840	3772
NOG00204	3024115	3469835	4813
NOG00205	3471034	4938	3025397
NOG00206	3024809	3470126	6109
NOG00207	3025651	4491	3470587
NOG00208	3469741	3686	3024501	4610	4274
NOG00209	3470841	3790	3025526
NOG00210	6476	3025610	3470781
NOG00211	3470851	6742	3024836
NOG00212	3470134	4276	3024278
NOG00213	6785	3024935	3469838
NOG00214	3938	3024460	3469772
NOG00215	3469825	3024206	5026
NOG00216	5454	5711	5930	3024316	3470989
NOG00217	3674	3024787	3470242
NOG00218	6706	3470235	3024338
NOG00219	3469992	3024504	5921
NOG00220	3470612	3024864	6651
NOG00221	3024888	3470354	5975
NOG00222	3024757	3469604	5973
NOG00223	6046	3469750	3024119
NOG00224	3470359	4514	3024197
NOG00225	3470699	6602	3024474	3705
NOG00226	3470978	4943	3025391
NOG00227	3024723	3470462	5399
NOG00228	6750	3470602	3025060
NOG00229	3025472	5967	3469731
NOG00230	3024124	5398	3471021
NOG00231	3911	5445	3024926	3469621
NOG00232	3470464	3024725	6100
NOG00233	4233	3471030	3025562
NOG00234	3469656	3025587	5750
NOG00235	3025380	3469798	4091
NOG00236	6949	3470556	3024959
NOG00237	3024688	3470040	4608
NOG00238	6517	3025299	3469923
NOG00239	3471080	3025410	4924
NOG00240	3469955	4255	3024700
NOG00241	5749	3471007	3024242
NOG00242	4056	5893	3025361	3470959
NOG00243	3469712	6850	3025622
NOG00244	3470023	3025158	4659
NOG00245	4942	3470977	3025392
NOG00246	3470990	3025117	5068
NOG00247	4488	3025354	3469692
NOG00248	3471075	4929	3025405
NOG00249	5189	3470102	3024622
NOG00250	3024411	3469571	4547
NOG00251	3910	3471003	3024252
NOG00252	3470075	3025346	6064
NOG00253	3469532	3025433	4427
NOG00254	5276	3024286	3469997
NOG00255	3024869	4202	3469636
NOG00256	3470369	3025549	4697
NOG00257	6961	3025197	3469500
NOG00258	3024816	5240	3470108
NOG00259	3025028	3471027	4963
NOG00260	3470951	4060	3025369
NOG00261	3470100	3682	3024624
NOG00262	4519	3024118	3469833
NOG00263	3024845	4405	3470687
NOG00264	3024958	3470555	5496
NOG00265	3469639	3025458	4591
NOG00266	3024579	3470637	5904
NOG00267	3470146	4456	3025245
NOG00268	3025000	5929	3470068
NOG00269	3469730	5968	3025473
NOG00270	3470645	5843	3025679
NOG00271	3024200	4864	3469591
NOG00272	3024929	4536	3470610
NOG00273	6770	3469987	3024348
NOG00274	3470416	4515	3024393
NOG00275	3470338	3024677	5192
NOG00276	5971	3024873	3470675
NOG00277	5483	3470635	3025121
NOG00278	3469547	6740	3025532
NOG00279	3025394	4940	3470975
NOG00280	6655	3024985	3470223
NOG00281	3025378	4093	3469799
NOG00282	3024967	6836	3469743
NOG00283	4284	3470185	3025308
NOG00284	3470246	3025319	4487
NOG00285	5054	3024764	3471018
NOG00286	3469728	3024246	4434
NOG00287	3469922	3025300	6516
NOG00288	3470090	3025667	4023
NOG00289	3470088	3025669	6793
NOG00290	6130	3024510	3470310
NOG00291	3024366	4483	3470476
NOG00292	3025230	4396	3469581
NOG00293	3470308	3685	3024508
NOG00294	4287	3469697	3024329
NOG00295	6009	3024497	3469643
NOG00296	3025029	3469746	5744
NOG00297	3469785	3024307	5933
NOG00298	3024227	6646	3470650
NOG00299	3025393	3470976	4941
NOG00300	3025680	3470747	5447
NOG00301	3469713	3024134	6964
NOG00302	4135	3469909	3025611
NOG00303	3470967	3024406	5686
NOG00304	3965	3470305	3024505
NOG00305	3470401	3024768	6620
NOG00306	4642	3470686	3024846
NOG00307	4894	3025330	3470030
NOG00308	3024989	4271	3470998
NOG00309	6819	3025164	3470526
NOG00310	3024194	6115	3470875
NOG00311	3024156	3720	3470826
NOG00312	3025625	5854	3469488
NOG00313	3469573	6953	3025238
NOG00314	4421	3470652	3024922
NOG00315	3025572	5145	3470189
NOG00316	3024429	4518	3470583
NOG00317	5426	3025645	3470500
NOG00318	3024303	5287	3470799
NOG00319	3470089	3671	3025668
NOG00320	3025043	5805	3470791
NOG00321	3471019	3024763	4311
NOG00322	3470918	3024669	5474
NOG00323	3024945	3470490	4549
NOG00324	4934	3025400	3471070
NOG00325	3718	3470896	3024166
NOG00326	3024617	3469670	5221
NOG00327	4089	3470309	3024509
NOG00328	3471072	4932	3025402
NOG00329	3469511	6967	3024782
NOG00330	5515	3025678	3470644
NOG00331	3469948	3024843	5262
NOG00332	3024968	3469744	4975
NOG00333	6649	3025324	3470025
NOG00334	3469971	3025652	6107
NOG00335	3471083	3025413	4921
NOG00336	3024653	3471035	4388
NOG00337	6103	3024601	3469884
NOG00338	5470	3025131	6821	3469542
NOG00339	6572	3025168	3470522
NOG00340	3469900	3025483	6128
NOG00341	3469926	6520	3025296
NOG00342	3024613	6982	3470621
NOG00343	3469539	4528	3025128
NOG00344	3469859	3645	3025054
NOG00345	3024225	5055	3470742	5684	3024704	6042	3470741
NOG00346	6820	3469540	3025129
NOG00347	3470979	3025390	4944
NOG00348	3470091	5237	3025666
NOG00349	3469973	3941	3025654
NOG00350	3470034	4076	3025184
NOG00351	3024705	5938	3470491
NOG00352	3024744	3470474	6727
NOG00353	3469802	3025375	4097
NOG00354	4129	3470299	3025137
NOG00355	4144	3025216	3470863
NOG00356	6765	3025580	3469777
NOG00357	6101	3025252	3470449
NOG00358	3025151	3469606	5458
NOG00359	5554	3024694	3469984
NOG00360	3025663	5274	3470094
NOG00361	6825	3470585	3024282
NOG00362	5890	4058	3470961	3025359
NOG00363	3471058	3025515	6099
NOG00364	5180	3470057	3024755
NOG00365	4455	3025244	3470147
NOG00366	3469561	4019	3025445
NOG00367	5390	3469550	3024247
NOG00368	3471088	4916	3025418
NOG00369	3024499	3469739	5511
NOG00370	6475	3470496	3025641
NOG00371	6255	3469503	3024741
NOG00372	3745	3025347	3469857
NOG00373	3024489	3470155	6509
NOG00374	5539	3470083	3024721
NOG00375	3025186	3470877	5666
NOG00376	3469629	3024656	4452
NOG00377	3025109	3470227	5044
NOG00378	6134	3469680	3024234
NOG00379	3025512	3469640	5146
NOG00380	3470220	3024840	3960
NOG00381	4545	3469569	3024404
NOG00382	3470871	3025207	6617
NOG00383	3470973	3025396	3644
NOG00384	3025051	4651	3470472
NOG00385	3024503	3681	3470152
NOG00386	4165	6970	3470215	4563	3024352	6524	5032	6743	3739	3749
NOG00387	3025556	5279	3471089
NOG00388	4933	3025401	3471071
NOG00389	5962	5693	3470489	3024944
NOG00390	3469852	3025124	4560
NOG00391	5584	3470626	3024123
NOG00392	5185	3025594	3469765
NOG00393	3024193	6116	3470874
NOG00394	3024925	5446	3469622
NOG00395	4432	3470180	3024220
NOG00396	3470965	3024359	6059	3024408	5986
NOG00397	3024778	4411	3470258
NOG00398	6788	3025565	3469726
NOG00399	3471073	4931	3025403
NOG00400	3470956	3025364	5380
NOG00401	3470320	3024625	6537
NOG00402	3469664	6954	3024894
NOG00403	6058	3025349	3024407	5985	3470966
NOG00404	3024978	3471110	5860
NOG00405	6161	3024701	3469759
NOG00406	3469570	3024405	4546
NOG00407	3470078	5672	3024441
NOG00408	5495	3470085	3025491
NOG00409	5275	3469545	3025135
NOG00410	3470495	3025639	6831
NOG00411	6132	3024236	3469702
NOG00412	3470557	4107	3024960
NOG00413	3469790	4262	5831	3024916	3680
NOG00414	3470475	5453	3025113
NOG00415	3024437	5222	3470232
NOG00416	3470513	4448	3025541
NOG00417	3470876	3025649	5665
NOG00418	5386	3024117	3469695
NOG00419	3024271	5861	3470578
NOG00420	3810	3024582	3469754
NOG00421	6956	3470187	3025287
NOG00422	3470669	3025024	6791
NOG00423	4948	3469666	3024896
NOG00424	5264	5669	3024777	3470285
NOG00425	3915	3024899	3469709
NOG00426	3470554	4673	3025288
NOG00427	5939	3470525	3025165
NOG00428	3025417	4917	3471087
NOG00429	3469686	3024471	5456
NOG00430	3025416	4918	3471086
NOG00431	3025573	6896	3470190
NOG00432	4922	3471082	3025412
NOG00433	3470158	4589	3024900
NOG00434	3024498	3470201	4843
NOG00435	6504	3470033	3025183
NOG00436	3469598	3024829	3684
NOG00437	3024909	3470807	5516
NOG00438	6118	4510	3469839	3024266
NOG00439	3024914	6358	3470231
NOG00440	4384	5404	3024936	3470326
NOG00441	3024991	3789	3470328
NOG00442	5073	3024830	3470850
NOG00443	3025606	3469810	6799
NOG00444	3469920	6514	3025302
NOG00445	4581	3471104	3025510
NOG00446	3470515	3024144	5213
NOG00447	3469528	3025006	5058
NOG00448	3025461	3469661	5517
NOG00449	3024690	3469975	6661
NOG00450	5551	3469981	3024691
NOG00451	3024186	3470994	5503
NOG00452	3025134	3470097	3922
NOG00453	3469860	6852	3024302
NOG00454	5891	3470954	3025366
NOG00455	3025571	3470188	5742
NOG00456	4454	3025421	3469497
NOG00457	3676	3469538	3025127
NOG00458	3025629	3469513	5856
NOG00459	3471074	4930	3025404
NOG00460	3025279	3469593	6832
NOG00461	3025265	4220	4221	3470330
NOG00462	3470211	3024742	5263
NOG00463	5824	3025343	3470479
NOG00464	6067	3025019	3469694
NOG00465	3024603	3470378	4504
NOG00466	3470458	5435	3024320
NOG00467	3470885	3024253	5423
NOG00468	4324	3024679	3470278
NOG00469	3024285	3470042	5745
NOG00470	6813	3470922	3025263
NOG00471	3025538	3470577	5480	3912
NOG00472	6166	3469590	3025220
NOG00473	3471057	3025516	3673
NOG00474	5406	3471091	3025528
NOG00475	3024114	4812	3469834
NOG00476	3024515	5223	3469721
NOG00477	3469601	3025048	4869
NOG00478	3469881	3025582	5916
NOG00479	3470542	3024388	5283
NOG00480	4926	3025408	3471078
NOG00481	3025511	5230	3470803
NOG00482	4804	3024670	3470766	3758
NOG00483	3470502	3025647	5428
NOG00484	3470600	3025588	5908
NOG00485	3469714	6965	3024802
NOG00486	3024581	3469756	3807
NOG00487	4815	3470624	3025670
NOG00488	3025406	3471076	4928
NOG00489	3470103	4576	3024621
NOG00490	3025395	3470974	4939
NOG00491	3025490	6060	3470086
NOG00492	3024284	3470041	4683
NOG00493	3470120	3024433	4140
NOG00494	3469574	3025237	5442
NOG00495	3024512	4021	3470312
NOG00496	3024842	3470217	6105
NOG00497	3024910	3677	3470806
NOG00498	3469789	6205	4261	3024917
NOG00499	3025248	3470143	4459
NOG00500	3470249	3024469	4529
NOG00501	3470254	3025045	5585
NOG00502	3024261	6348	3471056
NOG00503	3469630	6505	3024655
NOG00504	3025228	4394	3469583
NOG00505	3469899	3024598	4826
NOG00506	3470319	3025040	4573
NOG00507	6065	3024436	3470233
NOG00508	4232	3025561	3471031
NOG00509	4433	3470179	3024221
NOG00510	3470670	5530	5526	3024736
NOG00511	4816	3025602	3471005
NOG00512	3469906	3024378	5282
NOG00513	3470478	3025344	4574
NOG00514	3025365	4059	3470955	5889
NOG00515	3024854	4480	3469995
NOG00516	3025297	6519	3469925
NOG00517	3025143	3469613	4136
NOG00518	4153	3470993	3024839
NOG00519	3469628	3024657	3672
NOG00520	4535	3470349	3025310
NOG00521	3025314	3470658	4572
NOG00522	4692	3025544	3470374
NOG00523	3024323	3470750	4486
NOG00524	4936	3025399	3471069
NOG00525	4865	3025160	3470407
NOG00526	6648	3024210	3469729
NOG00527	3025342	3470480	4575
NOG00528	5433	3024375	3469546
NOG00529	3469893	4820	3025061	3024663
NOG00530	6495	3470601	3024374
NOG00531	6696	3025222	3469588
NOG00532	3025442	3470159	6034
NOG00533	3024523	3469696	5157
NOG00534	5467	3470503	3024289
NOG00535	5858	3024983	3470221
NOG00536	3470262	3025482	5448
NOG00537	3024486	3470423
NOG00538	5560	3470004
NOG00539	3470737	3024224	3470740	3470739	3470738	3470723
NOG00540	6862	3469558
NOG00541	3470061	4702
NOG00542	4586	3470316	4373	3469918	3025268	3735	4851	5943
NOG00543	3470362	3024160
NOG00544	6899	3024355
NOG00545	3024208	3470234
NOG00546	3470360	3024858
NOG00547	3470988	3024728
NOG00548	3025107	3470762
NOG00550	3470448	6102	3025656
NOG00551	3470417	3024392
NOG00552	3024478	3470695	5441	3470447
NOG00553	3470199	3025010
NOG00554	6731	3470842
NOG00555	3024391	3470418
NOG00556	5020	3470916
NOG00557	3470692	4040
NOG00558	4074	3024155
NOG00559	3024745	3470267
NOG00560	3470257	3024880
NOG00561	6573	3471099
NOG00562	3024826	3469563
NOG00563	3024604	3470348	3470347	3024605
NOG00564	3469808	3025140
NOG00565	4416	3470981
NOG00566	3469504	3024698
NOG00567	4887	3470866
NOG00568	3469928	6522	3025295
NOG00569	3470149	3024244
NOG00570	3024472	3469689
NOG00571	3025108	3470226
NOG00572	6959	3470607
NOG00573	3024490	3470156
NOG00574	6111	3469844
NOG00575	3470935	3025201
NOG00576	3025558	3469811
NOG00577	3024480	3470697
NOG00578	3470971	3469707	3025035
NOG00579	3470722	3024287	6600
NOG00580	3025147	3469609
NOG00581	3470302	5586
NOG00582	3470854	3025025
NOG00583	5025	3469902
NOG00584	3470019	4990
NOG00585	3471038	3471037	3025648
NOG00586	3470698	3024941
NOG00587	3024661	3469895	5827
NOG00588	6165	3470050
NOG00589	3791	3469669
NOG00590	3469801	3025376	3715	4096
NOG00591	3469821	3025605
NOG00592	3025350	5984
NOG00593	3470561	3025600
NOG00594	3469824	3024341
NOG00595	3469845	3024196
NOG00596	3470284	3989	3024401
NOG00597	3024524	3470589
NOG00598	3025188	3471002
NOG00599	3025223	3469587
NOG00600	3470402	3024767
NOG00601	3024410	3795
NOG00602	3471008	3024243
NOG00603	3470700	5001
NOG00604	4318	3024154
NOG00605	5696	3470455
NOG00606	3024859	3469493
NOG00607	3469806	3024386
NOG00608	3025269	3470392
NOG00609	3470538	3025304
NOG00610	3470415	3024394
NOG00611	3470950	3025370
NOG00612	4509	3469625
NOG00613	3471098	4103	6577	3024139
NOG00614	3470454	5695
NOG00615	3024254	3470884
NOG00616	3469913	3025619
NOG00617	3470591	3025635
NOG00618	3470015	3024831
NOG00619	5777	3024771
NOG00620	3024426	3470996
NOG00621	3470005	3025261
NOG00623	3024954	6644	3469878
NOG00624	3469682	4117
NOG00625	4712	3470344
NOG00626	3024138	3471063
NOG00627	3024192	4213	5569	3024209	3470947	3469719	3470900	3469619
NOG00628	3025049	3469602
NOG00629	3470940	3025500	5318	3024951
NOG00630	3024358	5987
NOG00631	4064	3470443	3024710
NOG00632	3470649	3024707
NOG00633	3470229	3025111
NOG00634	3469518	3025614
NOG00635	3469818	3691
NOG00637	3470905	4209	6079	6405
NOG00638	4780	3025336
NOG00639	3470778	3025278
NOG00640	3024578	3470507
NOG00641	3024513	3470213
NOG00642	3024976	3470788
NOG00643	3025132	3469543
NOG00644	3470111	6927
NOG00645	3470964	3024409	6173
NOG00646	3470121	6621
NOG00647	4713	3470104
NOG00648	3469725	3024356
NOG00649	3469516	3024825
NOG00650	3470590	3025634
NOG00651	3025592	3469737
NOG00652	3025056	3470140
NOG00653	3469685	5947
NOG00654	3470927	4365
NOG00655	3024199	3469592
NOG00656	4701	3024275	3470633	3470667
NOG00657	3024684	3469716
NOG00658	3471107	3024216
NOG00659	3470386	3024527
NOG00660	4569	3470279	3470912	3024281
NOG00661	3470296	3025139
NOG00662	3469842	3025576
NOG00663	3469855	3024293
NOG00664	3470046	4710
NOG00665	3024325	3470551
NOG00666	3469691	3025355
NOG00667	3470265	3024747
NOG00668	3469980	5739
NOG00669	3469950	3024484
NOG00670	6393	6921	3024892
NOG00671	3024674	3470341
NOG00672	3025595	3469766
NOG00673	4335	4175	3470425
NOG00674	3024390	3470419
NOG00675	3470368	6772
NOG00676	6925	3470112
NOG00677	3470683	3024849	6963
NOG00678	3024256	3470882
NOG00679	3469616	4955
NOG00680	4088	3469769
NOG00681	3470127	3025075
NOG00682	4137	3470130	3025189
NOG00683	3025280	3471064
NOG00684	3470960	3025360
NOG00685	3470404	4714
NOG00686	3025141	3470268
NOG00687	3025660	3470194	3470193	3470192
NOG00688	3469684	5080
NOG00689	3024759	3469912
NOG00690	5057	3469529	3933	3024971	3471109
NOG00691	3025240	3469522
NOG00692	6913	3471045	3470052
NOG00693	4615	3470608
NOG00694	3469595	3025050
NOG00695	3470424	6333	4336	4176
NOG00696	3470731	3975
NOG00697	3470898	4946
NOG00698	3024496	3470035
NOG00699	3470141	3025055
NOG00700	3025548	3470370
NOG00701	3025266	3469916	4852	4585
NOG00702	3025477	3469605
NOG00703	3469494	5431
NOG00704	6574	3471097	4682
NOG00705	3470133	3024279
NOG00706	3025593	3469764
NOG00707	3469817	3692	6837
NOG00708	4173	3470427	4333
NOG00709	3025027	3469667
NOG00710	3024387	3470541
NOG00711	3809	3024583	3469753
NOG00712	3024903	3470406
NOG00713	3470527	3024267
NOG00714	3470688	4039
NOG00715	3025495	4194
NOG00716	5974	3024288	3470586
NOG00717	3470949	3025371
NOG00718	3024675	3470340
NOG00719	3470684	3024848
NOG00720	3470026	3025326
NOG00721	3469796	3024334
NOG00722	3470592	3025636
NOG00723	3469489	3024607
NOG00724	3025672	3470196
NOG00725	4643	3470691
NOG00726	3470685	3024847
NOG00727	3024841	3470218
NOG00728	6752	3470165	3728
NOG00729	3470986	3914
NOG00730	3025455	3470269
NOG00731	4119	3024838
NOG00732	3025267	3469917
NOG00733	3024403	3470301
NOG00734	3025033	3469635
NOG00735	5440	3024231
NOG00736	3024722	3470082
NOG00737	4125	3470782
NOG00738	3024851	3470681
NOG00739	3469770	4647
NOG00740	3469618	4957
NOG00741	3470926	4366
NOG00742	4258	3470087
NOG00743	3024988	3469617	4956
NOG00744	6002	3469891
NOG00745	3469678	5270
NOG00746	3025255	3470484
NOG00747	3025453	5415
NOG00748	3470353	4296
NOG00749	3024856	3469747
NOG00750	3470720	3913
NOG00751	3024332	3470081	5591
NOG00752	6076	3470060
NOG00753	3024162	5355
NOG00754	3470690	3024879
NOG00755	3469736	3025017
NOG00756	3470540	3024790
NOG00757	4265	3470456	3024915	5694
NOG00758	3024273	3470632	3470668
NOG00759	4247	3470760
NOG00760	3470774	4857
NOG00761	5963	3024946
NOG00762	3470636	3025122
NOG00763	3469631	3024482
NOG00764	3025333	3469882
NOG00765	4290	4553	6773	4320	4370	3469897	5476	4785	5491	6331	3024702	5897
NOG00766	3024184	3469813
NOG00767	3025454	5416
NOG00768	6410	3469819	3690
NOG00769	6435	3025218
NOG00770	3024735	3470671
NOG00771	3469963	3025446
NOG00772	3469935	3025271
NOG00773	3470377	3024882
NOG00774	4356	3469660
NOG00775	5514	3470839
NOG00776	3469738	3024754
NOG00777	6826	3470366
NOG00778	3470059	6075
NOG00779	3025437	3471011
NOG00780	3025057	3470139
NOG00781	3024963	3469846
NOG00782	3470248	3024470
NOG00783	3469823	3024340
NOG00784	3469584	3025227
NOG00785	3470890	3025334
NOG00786	3025489	3470752
NOG00787	3024901	3470911
NOG00788	3470985	3024953
NOG00789	4270	3470999
NOG00790	3470466	3025578
NOG00791	3024514	3470136
NOG00792	3469659	3025441
NOG00793	3469901	3025484
NOG00794	3024850	3470682
NOG00795	3025058	3470138
NOG00796	3025581	3469814
NOG00797	3024455	3469509
NOG00798	3469947	4094	4095	3025377	3469800
NOG00799	3470617	3025459
NOG00800	3470426	6335
NOG00801	3470145	3025246
NOG00802	3470858	3024911
NOG00803	3024146	3469749
NOG00804	3025655	3469974
NOG00805	5988	6691	3469652
NOG00806	3470573	4222
NOG00807	3469954	4152	3025338
NOG00808	3469962	3025447
NOG00809	3470716	3024434
NOG00810	3469872	3025384
NOG00811	3470429	3470428	4332	4172	6337
NOG00812	3024213	3970	6627	3469506
NOG00813	3643	6184	3025462	3470628
NOG00814	3470696	3024479
NOG00815	6151	3024400
NOG00816	3471085	3025415
NOG00817	3470855	3787
NOG00818	3025372	3470948
NOG00819	3470790	5808
NOG00820	3024351	3470921
NOG00821	3470051	6037
NOG00822	3024687	3469804
NOG00823	3024913	3470642
NOG00824	3024709	3470442
NOG00825	3470408	3024413
NOG00826	3470982	4658
NOG00827	4672	3024961	3470558
NOG00828	3025118	3470991
NOG00829	3470135	4113
NOG00830	3721	3469662
NOG00831	3470517	5215
NOG00832	3954	3470533
NOG00833	4493	3469508
NOG00834	3025673	3470195
NOG00835	3025257	3469596
NOG00836	3024676	3470339
NOG00837	3469572	4548
NOG00838	3024336	3683	3907
NOG00839	4656	3470984
NOG00840	3470777	6745
NOG00841	3470625	3024466
NOG00842	3469585	3025226
NOG00843	3025379	3470283	4092
NOG00844	3025626	3471092
NOG00845	3024932	3470917
NOG00846	4961	3470641
NOG00847	3024818	3470106
NOG00848	3024964	3469848
NOG00849	3470436	3024938
NOG00850	3771	3024678
NOG00851	3024671	3471001
NOG00852	3470953	3025367
NOG00853	3024130	3469564
NOG00854	6503	3469641
NOG00855	3470647	3025282
NOG00856	3025653	3469972
NOG00857	3469499	6686
NOG00858	3471012	3025438
NOG00859	3470332	3470333	4371	4015	3025038	4013
NOG00860	3469822	3024665
NOG00861	3024689	3469976
NOG00862	5218	3024597
NOG00863	3470532	3953	3909
NOG00864	3470351	6657	5067	6711
NOG00865	3025601	3469944
NOG00866	3025540	3470512
NOG00867	3469773	3024461
NOG00868	5142	3469533
NOG00869	3469496	6073	5381
NOG00870	3470604	3024215
NOG00871	5265	3024726
NOG00872	4978	3470724
NOG00873	3469949	4191
NOG00874	3469837	3025332
NOG00875	3025570	3470438
NOG00876	3469896	3024614
NOG00877	3470460	3025357
NOG00878	3470616	3025259
NOG00880	4991	3470020
NOG00881	3470962	3025358
NOG00882	3469945	3024382
NOG00883	3024853	3469994
NOG00884	3025306	3469681
NOG00885	4867	3470534
NOG00886	3470925	4367
NOG00887	3025475	3470482
NOG00888	3025258	3470785
NOG00889	3470773	3024837
NOG00890	5588	3469826
NOG00891	3470802	3025435
NOG00892	5840	3470318
NOG00893	3025032	3469634
NOG00894	3469946	3024383
NOG00895	3024631	5724
NOG00896	4372	3470334	5942
NOG00897	3470006	3025281
NOG00898	5387	3470361
NOG00899	3470942	6022
NOG00900	3470336	5679	5207
NOG00901	3470775	4858
NOG00902	3470498	3025642
NOG00903	3025073	3469850
NOG00904	3702	3470733	3470821
NOG00905	5948	3024966
NOG00906	4533	3024811
NOG00907	3469495	3025036
NOG00908	3471020	3024762
NOG00909	3469530	3024984	3470222
NOG00910	3470252	3025599
NOG00911	3470888	3024962
NOG00912	6162	3024141
NOG00913	3470048	4617
NOG00914	5036	3470873
NOG00915	3025436	6484
NOG00916	3469701	3024235
NOG00917	3470409	4168	3753
NOG00918	3025133	3469544
NOG00919	3470754	3024606
NOG00920	3471042	6911
NOG00921	3470066	3024737
NOG00922	3470952	3025368
NOG00923	3024788	3470178	3025497	3024908
NOG00924	3471067	5502
NOG00925	4050	3024299
NOG00926	3024708	3470441
NOG00927	4878	3470247
NOG00928	4986	3024746
NOG00929	3025195	3024343	3024319	3469865	3024269
NOG00930	3024344	3470276
NOG00931	3471026	3024148
NOG00932	3470958	3025362
NOG00933	4319	3470828
NOG00934	3025026	6091
NOG00935	5174	3470901
NOG00936	5211	3469964
NOG00937	3755	3025585
NOG00938	3470980	3744
NOG00939	3025221	3469589
NOG00940	3470074	3025345
NOG00941	3470239	4853	3025039	3470167
NOG00942	3470629	3025463
NOG00943	5280	3470899
NOG00944	3024415	3470274
NOG00945	3025504	3470618
NOG00946	4415	3469959
NOG00947	3470553	4177	3470547
NOG00948	3024862	3470614
NOG00949	3470920	3025419
NOG00950	3470488	3025322
NOG00951	3470535	3470537
NOG00952	5315	3025480
NOG00953	3025328	3470028
NOG00954	6861	3469559
NOG00955	3469693	3025353
NOG00956	3469892	3025385
NOG00957	3471033	3025173
NOG00958	3025144	3469612
NOG00959	3469784	3024308
NOG00960	3470623	3991
NOG00961	3469993	3024852
NOG00962	5681	3470337	5208
NOG00963	3470387	3024528
NOG00964	4908	3470065	3024907
NOG00965	3024420	6398
NOG00966	3470938	3024570
NOG00967	3024924	3469623
NOG00968	3743	3470987
NOG00969	3470910	3024902
NOG00970	3025329	3470029
NOG00971	3469849	3024965
NOG00972	3471052	3024265
NOG00973	3469742	3024502
NOG00974	3964	3025305
NOG00975	3469961	5234
NOG00976	3024870	3470753
NOG00977	3470259	3024526
NOG00978	3469915	6144
NOG00979	3470183	3025002
NOG00980	3470661	3025023
NOG00981	3024576	3470856
NOG00982	3025664	3470093
NOG00983	5721	3470869
NOG00984	3470718	3024435
NOG00985	3024928	4872	5817	6029
NOG00986	3469608	3025148
NOG00987	3470860	3024353
NOG00988	3025356	3469690
NOG00989	3470018	5400
NOG00990	3024290	3469851
NOG00991	3469566	3025554
NOG00992	3470902	4200
NOG00993	5989	6692	3469653
NOG00994	6780	3470080
NOG00995	3025474	3470483
NOG00996	3024396	3470154
NOG00997	3024659	3469626
NOG00998	5894	3024970	3470072
NOG00999	3024309	3469783
NOG01000	3024999	3470069
NOG01001	3470253	4542
NOG01002	6575	3471096
NOG01003	3469527	3025005
NOG01004	3025589	3471022
NOG01005	3025439	3471013	3470177
NOG01006	3764	3470836	3024212	3470536	3470832
NOG01007	3470389	5613	5095
NOG01008	3709	3469720
NOG01009	3470891	3024365
NOG01010	3025498	5312
NOG01011	3470519	4965
NOG01012	3470579	6916
NOG01013	3024615	3470620
NOG01014	3025429	3661
NOG01015	3470038	6268
NOG01016	3025409	3471079
NOG01017	3025638	3470494
NOG01018	3024147	3471025
NOG01019	3024428	3470582
NOG01020	5006	6779	3471036
NOG01021	6728	3469934
NOG01022	6734	4160
NOG01023	3024766	3470403
NOG01024	3470105	3025520
NOG01025	3470543	4490
NOG01026	3469921	3025301
NOG01027	4945	3470410
NOG01028	3469734	3025469
NOG01029	3470058	6074
NOG01030	3469898	3025340
NOG01031	3470508	3024577
NOG01032	3470689	4038
NOG01033	4716	3024202	6327	3025450	3024161
NOG01034	5935	3470077
NOG01035	3469807	3024385
NOG01036	3024877	3470679
NOG01037	3025233	3469578
NOG01038	4130	3470510
NOG01039	3470909	6257
NOG01040	4832	3024860
NOG01041	3469705	4799	6613	5957	3956	5671	4521
NOG01042	3025546	3470372
NOG01043	3024442	3470079
NOG01044	4215	3024820
NOG01045	3025199	5914
NOG01046	3025247	3470144
NOG01047	3025157	3470024
NOG01048	3024761	3470694
NOG01049	3470759	3024342
NOG01050	3469927	6521
NOG01052	3470520	4198
